 Execution de l'algoritme BITS sur le fichier r250.5.col.txt
=====================================================================
 Partitions  : 
Vk[0] : 48 180 165 99 -->  4 éléments.
Vk[1] : 45 196 21 118 -->  4 éléments.
Vk[2] : 202 183 98 145 -->  4 éléments.
Vk[3] : 54 229 245 -->  3 éléments.
Vk[4] : 23 218 169 236 -->  4 éléments.
Vk[5] : 221 76 119 -->  3 éléments.
Vk[6] : 15 49 136 32 -->  4 éléments.
Vk[7] : 16 190 157 20 -->  4 éléments.
Vk[8] : 164 246 27 -->  3 éléments.
Vk[9] : 171 74 125 120 -->  4 éléments.
Vk[10] : 224 0 142 64 -->  4 éléments.
Vk[11] : 161 235 88 -->  3 éléments.
Vk[12] : 79 63 104 217 -->  4 éléments.
Vk[13] : 223 85 222 -->  3 éléments.
Vk[14] : 68 28 11 139 -->  4 éléments.
Vk[15] : 123 108 163 70 -->  4 éléments.
Vk[16] : 2 113 84 179 -->  4 éléments.
Vk[17] : 225 29 239 -->  3 éléments.
Vk[18] : 208 193 133 212 -->  4 éléments.
Vk[19] : 215 248 78 91 -->  4 éléments.
Vk[20] : 182 231 242 154 -->  4 éléments.
Vk[21] : 227 93 155 86 -->  4 éléments.
Vk[22] : 143 144 203 7 -->  4 éléments.
Vk[23] : 156 59 89 147 -->  4 éléments.
Vk[24] : 105 109 243 168 -->  4 éléments.
Vk[25] : 14 226 158 95 -->  4 éléments.
Vk[26] : 107 53 195 -->  3 éléments.
Vk[27] : 170 176 138 19 -->  4 éléments.
Vk[28] : 237 60 230 77 -->  4 éléments.
Vk[29] : 40 34 175 -->  3 éléments.
Vk[30] : 189 30 185 206 -->  4 éléments.
Vk[31] : 181 219 24 200 -->  4 éléments.
Vk[32] : 126 87 13 -->  3 éléments.
Vk[33] : 140 31 12 166 -->  4 éléments.
Vk[34] : 26 61 214 47 -->  4 éléments.
Vk[35] : 25 66 199 127 -->  4 éléments.
Vk[36] : 18 153 216 10 -->  4 éléments.
Vk[37] : 73 162 238 -->  3 éléments.
Vk[38] : 191 198 111 173 -->  4 éléments.
Vk[39] : 232 106 35 247 -->  4 éléments.
Vk[40] : 116 134 69 -->  3 éléments.
Vk[41] : 22 44 57 58 -->  4 éléments.
Vk[42] : 82 117 152 129 -->  4 éléments.
Vk[43] : 17 210 41 -->  3 éléments.
Vk[44] : 6 194 197 -->  3 éléments.
Vk[45] : 36 51 160 124 -->  4 éléments.
Vk[46] : 52 249 149 112 -->  4 éléments.
Vk[47] : 92 1 228 72 -->  4 éléments.
Vk[48] : 178 114 62 102 -->  4 éléments.
Vk[49] : 150 204 97 -->  3 éléments.
Vk[50] : 3 205 75 71 -->  4 éléments.
Vk[51] : 135 39 50 81 -->  4 éléments.
Vk[52] : 141 103 90 43 -->  4 éléments.
Vk[53] : 148 8 234 110 -->  4 éléments.
Vk[54] : 220 211 184 83 -->  4 éléments.
Vk[55] : 130 241 151 137 -->  4 éléments.
Vk[56] : 207 46 174 -->  3 éléments.
Vk[57] : 122 146 80 -->  3 éléments.
Vk[58] : 38 167 132 172 -->  4 éléments.
Vk[59] : 128 65 4 37 -->  4 éléments.
Vk[60] : 213 9 186 -->  3 éléments.
Vk[61] : 187 233 5 -->  3 éléments.
Vk[62] : 177 94 115 96 -->  4 éléments.
Vk[63] : 244 131 55 101 -->  4 éléments.
Vk[64] : 188 56 209 67 -->  4 éléments.
Vk[65] : 192 33 159 121 -->  4 éléments.
Vk[66] : 201 100 240 42 -->  4 éléments.
Matrice M
M[0] : 2 3 3 3 2 3 1 3 2 3 0 2 2 3 3 3 3 2 3 3 2 3 2 3 4 3 3 2 3 3 2 3 3 3 3 3 2 3 2 3 2 3 3 1 2 2 3 2 4 3 3 3 2 2 3 3 1 2 2 3 3 2 3 2 1 2 3
M[1] : 2 2 2 2 2 1 3 2 2 2 2 1 2 2 1 2 2 1 2 2 2 3 2 2 2 2 2 2 2 1 2 3 1 2 3 2 1 2 2 2 1 2 1 2 2 2 2 0 1 1 1 3 2 2 1 1 2 1 2 2 2 2 2 2 3 2 1
M[2] : 2 2 1 1 2 1 2 2 1 2 2 2 1 1 1 2 0 1 1 2 1 2 3 1 2 1 2 2 2 1 2 2 1 2 1 2 2 1 2 2 1 1 2 1 1 2 1 2 2 2 2 2 2 1 2 2 2 1 1 1 1 1 2 2 2 1 2
M[3] : 1 1 2 1 1 1 0 1 1 1 2 1 1 1 2 1 1 1 1 1 2 1 1 1 2 1 1 1 1 1 1 1 1 1 1 1 2 1 1 1 1 1 2 1 1 1 2 1 2 1 0 1 1 1 2 2 1 1 1 1 1 1 1 1 0 1 1
M[4] : 2 2 3 1 1 2 3 3 3 2 3 3 3 2 3 3 2 2 3 3 3 3 2 3 2 3 3 1 3 3 1 3 2 3 2 2 2 3 2 1 3 1 2 3 2 3 3 3 2 2 1 2 1 3 3 3 3 2 3 0 2 2 2 3 3 3 2
M[5] : 3 3 3 3 2 3 3 3 2 4 3 3 4 3 3 3 3 3 3 3 3 3 1 3 3 2 3 2 3 3 2 3 3 4 3 3 2 3 3 4 3 3 4 2 3 2 3 3 3 3 2 3 3 3 4 3 3 2 2 3 3 0 3 2 2 3 4
M[6] : 2 2 2 1 2 1 3 2 1 2 1 1 2 1 1 1 2 1 1 2 1 1 2 2 1 1 1 2 2 1 2 1 1 2 3 2 1 2 1 2 1 2 1 1 0 1 2 1 1 1 1 1 1 1 1 1 1 1 2 2 2 2 2 2 2 2 2
M[7] : 1 2 1 1 2 1 2 2 2 2 1 1 2 1 2 2 1 1 2 2 1 2 0 2 1 2 1 2 1 1 2 2 2 1 1 1 1 1 2 2 1 2 1 1 1 3 1 2 1 1 2 2 1 3 1 2 1 2 1 2 1 1 2 1 2 1 1
M[8] : 2 3 3 2 3 2 2 3 3 3 2 2 3 3 2 2 2 3 3 3 2 2 2 3 3 3 2 3 3 3 2 2 3 2 2 3 1 2 3 3 2 3 4 2 2 3 3 1 4 2 3 2 3 0 4 4 2 3 3 4 3 2 3 2 2 3 2
M[9] : 2 3 2 2 3 1 2 2 2 2 2 1 3 2 1 2 2 3 2 2 2 1 1 2 3 2 1 2 2 2 2 2 2 2 2 2 1 1 3 2 1 3 2 1 2 3 3 1 2 2 3 1 3 2 1 2 1 1 3 2 0 2 2 2 2 3 2
M[10] : 1 2 1 1 2 1 2 2 2 2 1 1 2 1 2 2 1 1 2 2 1 2 1 2 1 2 1 2 1 2 2 2 2 2 2 2 0 1 1 2 1 2 1 1 1 3 2 1 1 1 2 2 1 2 1 2 1 2 2 2 1 1 2 1 2 2 1
M[11] : 2 3 3 2 3 2 2 3 2 3 2 2 3 3 0 2 2 3 3 3 2 2 2 3 3 2 2 3 2 2 3 2 3 2 2 3 2 2 3 3 2 3 3 2 2 3 3 2 2 2 3 1 3 2 3 3 2 3 3 3 3 2 2 2 2 3 2
M[12] : 2 2 3 3 2 2 1 1 1 2 2 1 3 3 2 2 3 2 3 3 2 2 2 3 3 3 1 2 3 2 2 2 3 0 3 3 2 2 2 3 2 3 3 1 2 2 3 2 3 3 3 2 3 1 3 3 1 2 2 3 3 2 2 2 2 2 2
M[13] : 2 1 3 3 2 2 3 3 2 2 3 3 3 2 3 3 2 2 3 3 3 3 2 3 2 3 3 1 3 3 2 3 0 3 2 3 2 3 3 1 3 2 2 3 2 2 3 3 2 3 1 3 3 3 3 3 3 1 3 2 2 2 3 4 2 3 3
M[14] : 1 1 2 1 1 1 1 1 1 1 2 1 1 2 1 1 1 1 1 1 2 1 1 1 2 0 1 1 1 1 1 1 1 1 1 1 2 1 1 1 1 1 2 1 1 1 2 2 2 1 1 1 1 1 2 1 1 1 1 1 1 1 1 1 0 1 1
M[15] : 1 2 1 1 2 2 0 3 2 1 1 1 2 2 2 2 1 1 2 1 2 1 2 1 2 1 1 2 1 1 2 1 2 1 1 1 2 2 2 2 2 3 2 1 2 3 1 2 2 1 2 1 2 3 2 2 1 2 1 2 2 1 1 1 3 1 1
M[16] : 2 2 2 1 2 1 2 0 1 2 2 2 1 1 2 2 1 1 1 1 2 2 2 1 1 1 1 1 1 2 1 1 1 2 2 2 2 1 2 3 1 2 1 2 1 1 1 2 1 1 2 2 1 1 2 1 2 2 1 2 1 1 3 2 2 1 2
M[17] : 1 1 2 1 1 1 1 2 1 1 2 2 1 1 2 2 1 1 1 2 2 2 1 2 2 2 2 1 2 1 1 2 1 1 2 1 0 1 2 1 2 1 1 0 2 1 1 2 2 2 1 1 2 2 1 2 2 1 2 1 1 1 1 1 1 2 2
M[18] : 1 1 1 1 1 1 0 1 0 1 1 0 1 1 1 1 1 1 1 1 1 1 1 1 2 1 1 1 1 1 1 1 1 1 1 1 0 0 1 1 0 1 1 0 1 1 1 0 2 1 1 1 1 0 1 1 1 1 1 1 0 1 1 1 0 1 1
M[19] : 1 1 2 2 2 2 1 2 1 1 1 2 1 2 1 1 2 1 1 1 2 1 1 2 2 1 2 0 1 1 2 1 1 2 1 1 2 1 2 1 2 3 2 1 2 2 1 2 2 1 2 1 2 2 2 1 1 1 1 2 2 0 1 1 1 2 2
M[20] : 1 1 2 2 1 2 1 0 1 1 1 1 1 2 1 1 1 1 1 1 1 1 1 1 2 1 1 1 1 1 1 1 1 1 0 1 2 1 2 1 2 2 2 1 2 1 1 2 2 1 1 1 2 2 2 1 0 1 1 1 1 0 1 1 1 2 1
M[21] : 4 0 3 3 2 3 3 3 2 4 3 3 3 3 3 4 3 2 3 3 3 3 2 4 3 3 3 2 4 3 2 2 3 4 2 3 3 3 3 3 3 3 2 3 2 2 3 4 2 3 1 3 3 3 3 3 3 2 2 3 3 2 3 4 2 3 3
M[22] : 1 2 2 1 2 1 2 2 1 2 2 2 1 1 2 2 1 1 1 1 1 2 2 1 2 1 1 2 1 1 2 1 2 2 1 3 2 1 2 2 1 0 2 1 1 1 1 2 2 2 2 2 2 1 2 1 2 2 1 1 1 1 2 2 2 1 2
M[23] : 1 3 2 2 0 2 1 2 1 1 2 1 2 2 2 2 2 2 3 2 2 2 2 2 3 3 1 1 3 1 1 2 3 2 3 1 3 2 1 2 2 3 3 1 1 2 2 2 3 2 3 3 1 1 2 3 1 2 2 2 2 2 2 1 1 2 2
M[24] : 3 2 2 2 2 2 3 3 3 3 2 3 3 3 3 3 2 2 3 3 3 2 2 3 4 3 2 3 3 3 3 0 3 3 1 3 2 3 3 3 3 3 3 2 2 3 3 3 3 3 2 1 3 3 3 3 2 2 2 4 3 2 3 2 3 3 3
M[25] : 2 2 2 2 1 2 1 1 1 2 2 1 2 2 2 2 2 2 3 2 2 2 2 2 3 3 1 1 3 1 1 2 3 2 3 0 2 2 1 2 2 3 3 1 1 2 2 2 3 1 3 2 2 1 2 3 1 2 2 2 2 2 2 1 1 2 2
M[26] : 1 1 2 1 1 1 1 1 1 1 2 1 2 2 2 1 1 2 2 1 2 1 1 1 2 1 1 1 1 1 1 1 1 1 0 1 2 1 1 1 1 1 2 1 1 2 2 2 2 1 1 2 1 1 2 2 1 1 1 1 2 2 1 1 1 2 1
M[27] : 3 3 3 3 2 3 1 2 0 4 1 2 2 3 3 3 3 2 3 3 2 3 2 3 4 3 3 2 3 3 2 3 3 3 3 3 2 2 2 4 2 3 3 1 2 2 3 3 3 3 3 3 2 2 3 3 1 2 2 3 3 2 3 2 1 2 3
M[28] : 3 2 3 2 2 1 2 2 2 2 3 3 2 2 0 3 2 1 2 2 3 3 2 2 2 2 2 2 3 2 2 3 1 2 3 1 2 2 2 2 2 2 1 3 2 2 2 2 2 2 1 3 2 3 1 2 3 1 2 2 2 2 2 3 3 2 2
M[29] : 4 2 3 3 3 3 2 3 2 4 3 3 3 3 3 3 3 0 3 3 3 3 1 3 3 2 3 2 4 3 2 3 3 4 3 3 2 3 3 4 3 3 4 3 3 1 3 4 3 3 2 3 3 3 4 3 3 2 1 3 3 1 3 4 2 2 4
M[30] : 1 1 2 1 1 1 1 1 0 1 1 1 1 1 2 1 1 0 1 1 1 1 1 1 1 1 1 1 1 0 0 1 0 1 1 1 1 1 1 1 1 1 1 0 1 0 1 2 1 1 1 1 1 1 1 1 1 0 0 1 1 0 1 1 1 0 2
M[31] : 2 1 3 1 1 1 2 2 2 1 3 2 2 2 2 3 2 1 2 2 3 3 1 3 2 2 2 1 3 2 1 3 1 0 2 1 2 2 2 1 2 1 2 3 2 2 3 2 2 2 1 3 2 2 2 2 2 1 2 1 2 2 1 3 2 2 2
M[32] : 3 3 3 3 2 3 0 3 2 4 3 3 3 3 3 3 3 2 3 3 2 3 2 3 3 3 3 2 3 3 2 3 3 4 3 3 2 3 3 4 3 3 3 2 3 2 2 3 4 3 2 3 3 2 3 4 3 2 2 3 3 1 3 2 1 3 4
M[33] : 1 2 1 1 2 2 2 3 2 2 1 2 2 2 2 2 1 2 2 2 2 1 2 1 1 2 1 2 1 1 2 1 2 1 1 2 2 2 2 2 2 2 3 1 1 3 1 2 1 1 2 2 2 3 2 2 1 2 2 2 2 1 2 1 3 0 1
M[34] : 1 2 1 2 2 2 2 3 3 2 2 2 3 2 2 2 1 2 2 2 2 1 2 1 2 2 2 2 1 0 2 1 2 3 1 2 2 2 2 2 2 3 3 2 2 3 1 2 2 1 2 2 2 3 2 2 2 2 2 2 2 1 2 1 3 2 2
M[35] : 1 1 2 1 1 1 2 1 1 1 1 1 1 1 2 1 1 1 1 1 0 2 2 1 1 1 1 1 1 1 1 1 0 1 1 2 1 1 2 0 1 1 1 1 1 0 1 2 1 1 1 1 1 1 2 1 1 1 1 1 1 1 2 1 2 1 2
M[36] : 1 1 2 1 1 2 1 1 1 1 2 1 2 2 2 1 2 1 2 1 2 1 1 1 2 1 1 1 1 1 1 1 1 1 1 1 2 1 1 1 1 1 2 1 1 0 2 2 2 1 2 1 1 1 2 2 1 1 1 1 2 2 1 1 1 2 1
M[37] : 1 1 2 0 1 0 1 1 1 1 0 0 1 2 1 1 1 1 1 1 1 1 1 1 2 1 0 1 1 1 1 1 1 1 0 1 1 1 2 1 1 2 2 1 1 1 1 1 2 1 1 0 2 2 2 1 0 1 1 0 1 0 1 1 1 2 1
M[38] : 1 0 2 1 1 1 1 1 1 1 2 1 1 1 2 1 1 0 1 1 2 1 0 1 0 1 1 1 1 1 1 1 1 1 1 1 1 1 2 1 1 1 0 2 2 1 1 2 1 1 0 1 1 1 1 1 2 1 0 1 1 1 1 1 1 1 1
M[39] : 2 1 2 1 1 1 1 1 1 1 1 1 1 1 2 1 2 0 1 1 2 1 1 2 1 1 1 1 2 2 1 1 1 2 2 1 1 1 1 1 1 1 1 2 1 1 2 2 1 1 0 0 1 1 2 1 1 1 2 1 1 1 1 2 1 2 2
M[40] : 3 1 3 2 1 1 2 2 2 1 3 3 2 2 2 3 2 1 2 2 3 3 1 3 2 2 2 1 3 0 1 3 1 1 2 1 2 2 2 1 2 1 2 3 2 2 3 2 2 2 1 3 2 3 2 2 2 1 2 2 2 2 1 3 2 2 2
M[41] : 3 3 3 3 2 3 1 3 2 4 2 2 2 3 3 3 3 2 3 3 1 3 2 3 4 3 3 2 3 3 2 3 3 3 3 3 2 3 3 4 2 3 3 0 2 2 3 3 4 3 3 3 3 2 3 3 2 2 2 3 3 2 3 2 1 2 4
M[42] : 2 2 1 2 2 2 3 3 3 2 2 2 3 2 3 2 2 2 2 2 2 2 2 2 1 3 2 2 1 2 2 2 2 3 1 2 2 2 2 2 2 2 3 3 1 3 2 2 1 1 2 2 2 3 3 2 2 2 2 2 2 2 2 2 3 3 0
M[43] : 2 2 2 1 1 2 3 3 3 2 2 2 3 1 3 2 2 2 3 3 3 2 2 3 1 3 2 2 2 2 2 2 2 3 2 2 2 2 1 2 2 2 3 3 1 3 3 3 1 1 2 2 0 3 3 3 2 2 3 2 2 2 2 2 3 3 2
M[44] : 2 2 3 2 2 2 3 3 3 2 3 3 3 3 3 3 2 2 3 3 3 3 2 3 2 3 3 2 3 3 2 3 2 3 2 3 2 3 3 2 3 0 3 3 2 3 3 3 2 3 1 2 2 3 3 3 3 2 3 3 3 2 3 3 3 3 3
M[45] : 1 0 2 1 1 1 1 1 1 2 2 1 2 1 2 2 1 1 2 1 2 1 1 1 2 2 1 1 1 1 1 1 2 1 1 1 2 1 1 2 1 1 2 1 1 2 2 1 2 1 1 2 2 1 2 2 1 1 1 1 1 2 1 1 1 1 1
M[46] : 2 2 2 1 1 1 3 1 2 2 1 1 3 1 3 2 2 2 2 2 3 2 2 2 1 3 1 1 2 2 1 2 1 2 2 2 2 1 1 1 1 2 2 2 1 3 2 3 1 1 1 2 1 2 2 2 0 2 3 1 1 2 2 2 3 3 2
M[47] : 1 0 2 1 1 1 1 1 1 1 2 2 1 1 2 1 1 0 1 1 2 1 0 1 0 1 1 1 1 1 1 1 1 1 0 1 1 1 2 1 1 1 0 2 2 1 1 2 1 1 0 1 1 1 2 1 2 1 1 1 1 1 1 1 1 1 1
M[48] : 0 2 2 2 1 2 1 1 1 2 2 1 2 2 2 2 2 2 3 2 2 2 2 1 3 3 1 1 2 1 1 2 2 1 2 1 2 1 1 2 1 1 3 1 1 2 2 2 2 1 3 2 2 1 2 3 1 1 2 2 2 2 2 1 1 2 1
M[49] : 2 1 2 1 1 1 0 1 1 1 2 2 2 1 2 2 2 1 1 2 2 3 2 3 2 2 2 1 2 1 1 3 1 2 2 1 1 1 2 1 1 1 2 2 2 2 2 2 2 1 1 2 1 2 2 2 2 1 2 1 1 2 1 2 2 2 2
M[50] : 1 2 2 1 2 1 2 1 1 3 2 2 1 1 2 2 1 1 1 1 2 2 2 1 2 1 1 2 1 2 1 1 2 2 1 2 2 1 2 3 1 1 1 1 1 1 1 2 2 1 2 0 2 1 2 1 2 2 1 1 1 1 2 2 2 1 2
M[51] : 1 1 1 1 2 1 1 1 1 1 1 1 1 1 2 1 1 1 1 1 1 1 1 1 1 1 1 1 1 1 2 1 1 1 1 1 1 1 2 1 1 2 2 1 1 0 1 2 1 1 1 0 2 3 2 2 1 1 1 2 2 0 1 1 2 1 1
M[52] : 3 3 3 3 3 3 2 3 2 3 2 2 2 3 3 3 2 2 3 2 2 3 3 2 3 2 2 3 3 2 3 3 2 3 3 3 2 2 3 3 2 3 2 1 3 2 0 3 2 3 3 3 3 2 3 3 2 2 2 3 3 1 4 2 2 1 3
M[53] : 2 2 2 1 2 1 3 2 2 2 2 2 1 1 2 1 2 1 1 1 2 1 2 1 1 1 0 2 2 2 2 1 1 2 2 2 1 1 2 2 1 2 1 2 1 1 2 2 1 1 2 1 1 1 1 1 1 1 1 2 1 1 3 2 2 2 2
M[54] : 2 2 3 0 2 1 1 2 2 2 2 1 3 3 2 2 2 2 3 3 2 2 2 2 3 3 1 2 2 2 1 2 3 1 2 2 2 1 3 3 1 2 3 1 2 2 3 1 2 1 3 2 2 1 2 3 1 2 2 1 2 2 2 2 2 2 2
M[55] : 1 2 1 2 2 2 3 3 3 2 2 2 3 2 3 2 1 2 2 2 2 1 2 2 1 3 2 2 1 2 2 2 2 3 1 2 2 2 2 2 2 3 3 2 1 3 2 2 1 1 2 2 2 3 3 2 2 2 2 2 2 2 2 0 3 2 2
M[56] : 4 3 3 3 2 3 3 3 2 4 3 3 3 3 3 3 3 2 2 3 3 3 1 3 3 2 3 2 3 3 2 3 3 4 3 3 2 3 3 4 3 3 4 2 3 2 3 3 3 3 2 3 3 3 4 3 3 2 2 3 3 1 3 2 0 3 4
M[57] : 2 2 2 1 2 1 2 2 2 2 2 1 3 2 1 2 2 2 2 2 2 2 2 2 3 3 1 2 2 2 1 2 2 1 2 2 2 1 2 2 1 0 3 1 1 2 3 1 2 1 3 2 2 1 2 2 1 1 2 2 1 2 2 2 2 2 1
M[58] : 1 1 1 1 2 1 1 1 1 1 1 1 1 2 2 1 1 1 1 1 1 1 1 1 2 1 1 1 1 1 2 1 1 1 1 1 1 1 2 1 2 0 2 1 1 1 1 2 2 1 1 1 2 3 2 2 1 1 1 1 2 0 1 1 1 1 1
M[59] : 3 2 3 2 3 3 3 3 2 3 2 2 2 2 3 3 2 1 1 2 2 3 2 0 3 1 3 3 3 2 3 2 2 3 2 3 2 3 3 3 2 2 1 2 2 1 2 3 1 3 2 2 3 2 2 1 2 2 1 2 2 1 3 3 2 2 3
M[60] : 2 2 2 1 3 1 2 2 2 3 2 2 1 1 2 2 1 1 1 1 2 3 2 1 3 1 2 3 0 2 3 2 2 3 2 3 2 1 2 3 1 2 1 2 1 1 1 2 2 2 2 2 2 2 2 1 2 2 1 2 2 1 3 2 2 1 2
M[61] : 1 2 1 1 2 1 2 2 1 2 2 2 1 1 2 2 1 1 1 1 1 2 2 1 2 1 1 2 2 1 2 1 1 2 0 2 1 1 2 2 1 1 2 1 1 1 1 2 2 2 2 2 2 1 2 1 2 1 1 1 1 1 2 2 2 1 1
M[62] : 1 2 1 2 1 2 1 1 1 1 2 1 2 2 1 1 2 2 2 2 2 1 1 1 1 2 1 1 2 1 1 1 1 2 2 1 3 2 1 1 2 2 1 1 1 2 2 2 0 1 2 2 1 1 1 2 1 1 1 2 1 2 1 1 1 2 2
M[63] : 1 2 1 2 2 2 2 3 2 1 1 2 0 2 2 1 1 2 1 1 2 1 2 1 2 1 2 2 1 1 2 1 2 2 1 1 2 2 2 2 2 3 2 1 2 3 1 2 2 1 2 1 2 3 2 2 2 2 1 2 2 1 1 1 3 1 1
M[64] : 2 2 2 2 2 2 3 2 1 2 0 1 2 1 1 1 2 1 2 2 2 1 2 2 1 1 1 2 2 1 2 1 1 2 3 2 1 2 1 2 1 2 1 2 2 1 2 1 1 1 1 1 1 1 1 1 1 1 2 2 2 2 2 2 2 2 1
M[65] : 2 2 2 1 2 1 2 2 1 3 2 2 1 1 2 2 1 1 1 1 2 3 2 1 2 1 2 2 2 2 2 2 2 2 2 3 2 1 2 3 1 2 2 1 1 1 1 2 2 2 2 3 2 2 2 1 2 2 1 0 1 1 2 2 2 1 3
M[66] : 1 1 1 1 1 1 1 1 0 1 1 1 0 1 1 1 1 0 1 1 0 1 1 1 1 1 1 1 1 0 1 1 0 1 1 0 1 1 1 1 1 1 0 0 1 0 1 2 1 1 1 1 1 1 0 1 1 0 0 1 1 0 1 1 1 0 1
M[67] : 2 2 2 1 1 1 2 1 2 1 1 1 2 1 2 2 2 2 1 2 2 2 2 2 1 1 1 1 2 2 1 2 1 2 2 2 1 1 1 1 1 1 2 2 1 3 2 2 1 1 1 2 1 1 2 1 1 1 3 1 1 1 2 2 0 2 2
M[68] : 2 2 1 1 1 1 2 1 2 2 1 1 2 1 0 2 2 1 2 2 1 2 1 2 1 1 1 1 2 2 2 2 1 2 2 2 1 1 1 1 1 2 1 2 1 2 2 1 1 1 1 2 1 1 1 1 1 2 2 1 1 1 2 2 2 2 1
M[69] : 2 2 3 2 3 2 2 2 2 3 3 2 3 3 1 2 2 3 3 3 2 2 2 3 3 3 2 3 2 2 3 2 3 2 2 2 1 1 3 3 0 3 3 2 2 2 3 1 3 2 3 2 3 1 2 3 1 3 3 3 3 2 2 2 2 3 2
M[70] : 2 2 2 1 1 1 2 1 1 1 1 1 1 1 2 0 2 1 1 1 2 2 2 2 1 1 1 1 2 2 1 2 1 2 2 1 1 1 1 1 1 1 1 2 1 1 2 2 1 1 1 1 1 1 2 1 1 1 3 1 1 1 1 2 1 2 2
M[71] : 1 1 2 1 1 1 1 2 1 1 0 0 1 2 1 1 1 1 1 1 0 1 1 1 2 1 1 1 1 1 1 1 1 1 0 1 2 1 2 1 1 2 2 1 1 1 1 1 2 1 0 1 2 2 2 1 0 1 1 2 1 0 1 1 1 2 2
M[72] : 2 3 3 2 3 2 2 2 2 3 3 2 3 3 1 2 2 3 3 3 3 2 2 3 3 3 2 3 2 2 3 2 3 2 2 3 1 2 3 3 2 3 4 2 2 3 3 0 3 2 3 2 3 2 4 3 2 3 3 3 3 2 2 2 2 3 2
M[73] : 1 2 2 1 2 1 2 2 1 3 2 2 1 1 2 2 1 1 1 1 2 2 2 1 2 1 2 2 1 2 2 2 2 3 2 3 2 0 2 3 1 2 2 1 1 1 1 2 2 2 2 2 2 1 2 1 2 2 1 2 1 1 3 2 2 1 2
M[74] : 2 3 2 2 2 2 2 2 2 0 2 2 2 2 2 1 2 2 1 1 2 1 2 2 2 1 2 2 1 1 3 1 2 2 1 2 2 2 2 2 2 3 3 2 2 2 1 2 2 2 2 1 3 2 2 2 2 2 2 3 2 1 1 2 2 3 2
M[75] : 3 1 3 3 2 3 3 3 3 3 3 3 3 3 3 4 4 2 3 3 3 3 2 3 3 2 3 3 4 3 2 3 3 4 2 3 2 3 3 3 3 3 3 3 3 2 3 4 2 3 0 2 3 3 4 3 3 2 2 3 3 2 3 3 3 3 3
M[76] : 2 2 3 2 2 0 2 2 2 2 2 1 3 3 2 2 2 2 3 3 2 2 2 3 3 3 1 2 2 2 2 2 3 2 2 2 2 1 3 3 1 2 3 1 2 2 3 1 2 2 3 2 3 1 2 3 1 3 2 2 3 2 2 2 2 3 2
M[77] : 1 1 2 1 1 1 1 1 1 1 2 2 1 1 2 2 1 1 1 2 2 2 1 2 2 2 2 1 0 1 1 2 1 1 2 1 0 1 2 1 1 1 1 1 2 1 1 2 2 2 1 1 2 2 1 2 2 1 2 1 1 1 1 1 1 1 1
M[78] : 1 2 2 2 2 2 2 3 3 2 2 2 3 2 2 1 1 2 2 0 2 1 2 2 2 1 2 2 1 1 2 1 2 2 1 1 2 2 2 2 2 3 3 2 2 2 1 2 2 2 2 1 2 3 2 2 2 2 2 3 2 1 1 2 3 3 2
M[79] : 2 2 2 1 1 1 2 1 1 1 2 2 0 1 2 2 2 2 1 2 2 3 2 3 1 2 1 1 2 2 1 3 1 2 2 2 1 1 2 1 1 1 2 2 2 2 2 2 1 1 1 2 1 2 2 1 2 1 3 1 1 2 2 2 2 3 2
M[80] : 2 2 3 3 2 2 3 3 3 2 3 3 3 2 3 3 2 2 3 3 3 3 2 3 2 3 3 1 3 3 2 3 2 3 2 3 2 3 3 1 3 2 2 3 2 2 3 3 2 3 1 3 3 3 3 3 3 0 3 2 2 2 3 3 3 3 3
M[81] : 2 3 3 3 2 2 3 4 3 3 2 3 4 3 3 3 2 2 4 2 2 3 2 3 4 2 2 3 3 3 2 2 3 3 2 3 2 3 2 3 3 3 3 2 2 1 3 3 3 3 2 0 3 3 4 3 2 3 3 3 3 1 3 2 3 3 3
M[82] : 2 2 2 2 2 1 2 2 2 2 2 1 3 2 1 1 2 3 2 2 2 1 1 2 3 2 1 2 2 2 2 2 2 2 2 2 1 1 2 2 1 3 0 1 2 3 2 1 2 2 3 1 3 2 1 1 1 1 2 2 1 2 2 2 2 3 2
M[83] : 3 2 3 2 2 2 2 3 2 2 3 3 2 2 2 3 3 1 2 2 3 3 2 3 2 2 3 2 3 2 2 3 1 3 3 1 2 2 3 2 2 2 1 3 2 2 3 4 2 2 1 3 2 3 0 2 3 1 2 2 2 2 3 4 3 2 2
M[84] : 1 2 1 2 2 2 3 3 3 2 2 2 3 2 3 2 0 2 2 2 2 1 2 2 2 3 2 2 1 2 2 2 2 3 1 2 2 2 2 2 2 3 3 2 2 3 2 2 1 1 2 2 2 3 3 2 2 2 2 2 2 2 2 2 3 2 2
M[85] : 2 2 3 1 2 1 2 2 2 2 2 1 3 0 1 2 2 3 2 2 2 2 2 2 3 2 1 2 2 2 2 2 2 2 2 2 2 1 3 2 1 3 3 1 2 2 3 1 2 1 3 2 2 2 2 2 1 2 2 2 1 2 2 2 2 3 2
M[86] : 1 0 2 1 1 1 1 1 1 1 1 1 1 1 2 1 1 0 1 1 2 0 1 1 0 1 1 1 1 1 1 1 1 1 1 1 1 1 1 1 1 1 1 2 1 1 1 2 1 1 0 1 1 1 2 1 1 1 1 1 1 1 1 1 1 1 2
M[87] : 2 3 2 2 3 2 2 2 2 1 2 2 3 2 1 1 2 2 1 1 2 1 2 2 2 1 2 1 2 1 3 1 0 2 1 2 2 1 2 2 2 3 2 2 2 2 2 2 2 2 2 1 3 2 2 1 1 2 3 3 2 2 1 2 2 3 2
M[88] : 2 2 3 3 2 3 1 2 1 3 2 0 3 3 3 3 3 2 3 3 2 2 2 3 4 3 3 3 3 3 2 2 3 3 3 3 2 2 2 3 2 3 3 1 2 2 3 2 4 3 3 3 3 2 3 3 1 2 2 3 3 2 2 2 2 3 3
M[89] : 1 2 1 2 2 2 3 3 3 2 2 2 3 2 2 2 1 2 2 2 2 1 2 0 1 3 2 2 1 2 2 2 2 3 1 2 2 2 2 2 2 3 3 2 2 3 2 2 1 1 2 2 2 3 3 2 2 2 2 2 2 2 2 1 3 2 1
M[90] : 2 2 2 1 1 1 1 2 1 1 0 1 2 1 1 1 2 1 1 1 1 1 0 2 2 1 1 1 1 1 2 1 1 2 0 2 1 1 1 1 1 2 1 0 1 2 2 1 1 1 1 1 0 2 1 1 1 1 2 2 1 1 1 1 1 2 2
M[91] : 2 1 2 1 1 1 1 1 1 1 2 2 1 1 2 2 2 1 1 0 2 3 2 3 2 2 1 1 2 2 1 3 1 2 2 1 1 1 2 1 1 1 2 2 2 2 2 2 1 1 1 1 1 2 2 1 2 1 3 1 1 2 1 2 2 3 2
M[92] : 2 2 1 1 1 1 2 2 2 2 1 1 2 1 3 2 2 2 2 2 1 2 2 2 1 2 1 2 2 2 2 2 2 2 2 2 2 1 1 1 1 2 2 2 1 3 2 0 1 1 1 2 1 1 2 1 1 2 3 1 1 1 2 2 2 2 1
M[93] : 2 2 2 1 2 1 3 2 2 2 2 1 2 1 1 1 2 1 1 2 2 0 2 1 1 1 1 2 2 2 2 2 1 2 2 2 2 2 1 2 1 2 1 2 1 1 2 2 1 1 2 2 1 1 1 1 1 1 1 2 2 2 2 2 2 2 2
M[94] : 2 1 3 1 1 1 2 2 2 1 3 2 2 2 2 3 2 1 2 2 3 3 2 3 2 2 2 1 3 2 1 3 1 2 2 1 2 2 2 1 2 1 2 3 2 2 3 2 2 2 1 2 2 3 2 2 2 1 3 1 2 2 0 2 2 3 2
M[95] : 2 3 2 2 3 2 2 2 2 1 2 2 3 2 1 1 2 2 1 1 2 1 2 2 2 0 2 1 2 1 3 1 3 2 1 2 2 1 2 2 2 3 3 2 2 2 2 2 2 2 2 1 3 2 2 1 2 2 3 3 2 2 1 2 2 3 2
M[96] : 2 2 2 2 3 2 2 3 3 2 2 2 3 2 2 1 2 2 1 1 2 1 2 2 2 2 2 2 1 2 3 1 2 2 1 3 2 2 2 2 2 3 3 2 2 2 2 2 2 2 2 1 3 3 2 2 2 2 2 3 2 1 0 2 3 3 2
M[97] : 2 2 1 1 1 2 3 3 3 2 2 2 3 1 3 2 2 2 2 3 3 2 2 3 1 3 2 2 2 2 2 2 2 3 2 2 2 2 1 2 2 2 3 3 1 3 3 2 1 0 2 2 1 3 3 3 2 2 3 2 2 2 2 2 3 3 2
M[98] : 1 1 0 1 2 1 0 2 1 2 2 1 1 1 1 2 1 1 2 2 2 1 1 1 2 2 1 2 1 1 1 1 2 1 1 2 2 1 2 2 1 1 2 1 1 2 1 1 1 1 2 2 2 1 1 2 1 0 1 2 1 1 2 1 1 1 1
M[99] : 0 1 2 1 1 1 1 2 1 1 2 2 1 1 2 2 1 1 1 2 2 3 1 2 2 2 2 1 2 1 1 3 1 1 2 1 0 1 2 1 2 1 1 2 2 1 1 2 2 2 1 1 2 2 1 2 2 1 2 1 1 1 1 1 2 2 2
M[100] : 1 1 1 1 2 1 2 1 1 2 1 2 1 1 1 2 1 1 1 1 1 2 2 1 2 1 1 2 1 1 2 1 1 1 1 2 1 1 2 2 1 1 2 1 1 0 1 1 2 2 1 2 2 1 1 1 0 1 1 1 1 1 2 2 2 1 0
M[101] : 1 1 2 1 1 1 1 1 1 1 2 2 1 1 2 2 1 1 1 2 2 2 1 2 2 2 2 1 1 1 1 2 1 1 2 1 0 1 2 1 1 1 1 2 2 1 1 2 2 1 1 1 2 2 1 1 2 1 2 1 1 1 1 0 1 1 2
M[102] : 2 2 1 1 2 1 3 3 2 2 2 2 3 1 3 2 2 2 2 2 2 2 2 2 1 3 1 2 2 2 2 2 2 2 2 2 2 2 1 2 2 2 3 3 1 3 2 2 0 1 2 2 1 3 3 2 2 2 3 2 2 2 2 2 3 3 1
M[103] : 2 2 2 1 1 1 2 1 0 2 1 1 1 1 1 1 2 1 1 1 1 1 2 1 1 1 1 1 2 2 1 1 1 2 1 2 1 1 1 2 1 1 1 2 1 0 2 2 1 1 2 1 0 1 1 1 1 1 1 1 1 1 2 2 2 1 2
M[104] : 3 3 3 3 3 3 2 3 2 4 3 3 0 3 3 3 3 2 3 3 2 3 2 3 3 2 3 3 3 3 3 3 3 3 3 3 2 3 3 3 3 3 3 1 3 2 3 3 3 3 2 3 3 2 3 2 3 2 2 3 3 1 4 3 2 1 4
M[105] : 1 3 2 2 1 2 1 1 1 1 2 1 2 2 2 1 2 2 2 2 2 2 2 2 0 2 1 1 2 1 1 2 1 2 2 1 3 2 1 1 2 2 3 1 1 2 2 2 3 2 3 3 1 1 2 3 1 1 2 2 2 2 1 1 1 2 2
M[106] : 2 3 2 2 3 2 2 2 2 1 1 2 2 2 1 1 2 2 1 1 2 1 2 2 2 1 2 1 2 1 3 1 1 2 1 2 2 1 2 0 1 3 2 2 2 2 2 1 2 2 2 1 3 2 2 1 1 1 2 2 2 2 1 2 2 2 2
M[107] : 2 2 3 3 2 3 1 1 1 2 2 1 3 3 2 2 3 2 3 3 2 2 2 3 3 3 0 2 3 2 2 2 3 2 2 2 2 2 3 3 2 2 3 1 2 2 3 2 3 2 3 2 3 1 3 3 1 2 2 3 3 2 2 2 2 2 2
M[108] : 2 2 2 1 2 1 3 2 2 2 2 2 1 1 2 0 2 1 1 2 2 2 2 1 1 1 1 2 2 2 2 2 1 2 2 2 2 1 2 2 1 2 1 2 1 1 2 2 1 1 2 2 1 1 1 1 2 1 1 2 2 1 3 3 2 2 2
M[109] : 2 1 1 1 2 1 1 2 2 1 2 1 2 1 1 1 2 2 2 2 2 1 0 1 0 2 1 2 2 1 2 2 2 1 1 2 2 1 1 2 1 2 1 1 1 2 2 1 1 1 2 1 2 2 1 1 1 1 1 2 1 1 1 1 1 1 1
M[110] : 1 1 1 0 1 0 1 1 1 1 0 0 1 1 1 1 1 1 1 1 1 0 1 1 1 1 0 1 1 1 1 0 1 1 0 1 1 0 1 1 0 1 2 1 0 1 1 1 2 0 1 0 1 0 2 1 0 1 1 1 1 0 1 1 1 1 1
M[111] : 1 1 1 1 1 1 1 1 1 1 0 0 1 1 1 1 2 1 1 1 0 1 1 2 1 1 1 1 1 1 1 1 1 1 0 1 0 1 0 1 1 2 1 0 1 1 1 1 1 0 1 0 1 2 1 1 0 1 1 2 1 0 1 1 1 2 2
M[112] : 2 1 2 1 1 1 1 1 1 1 2 2 2 1 2 2 2 1 1 2 2 3 1 3 2 2 2 1 2 1 1 3 1 1 2 1 1 1 2 1 1 1 2 2 2 2 0 2 2 2 1 2 2 2 2 2 2 1 2 1 1 2 1 2 2 2 2
M[113] : 1 1 2 1 1 1 1 1 1 2 2 1 2 2 2 2 0 2 2 1 2 2 2 1 2 2 1 2 1 1 1 2 2 1 1 1 2 1 2 2 1 1 2 1 1 2 2 1 2 1 2 2 2 1 2 2 1 1 1 1 1 2 2 1 1 2 1
M[114] : 2 1 1 1 2 1 2 2 2 2 2 1 2 1 1 1 1 2 2 2 2 1 0 1 2 2 1 2 2 1 2 2 2 1 1 2 2 1 1 2 1 2 1 1 1 2 2 1 0 1 2 1 2 2 1 2 1 1 1 2 1 1 1 1 1 1 1
M[115] : 1 1 2 1 1 1 1 1 0 1 1 1 1 1 2 1 1 0 1 1 0 1 1 1 1 1 1 1 1 1 1 1 0 1 1 1 1 1 2 1 1 1 1 0 1 0 1 2 1 1 1 1 1 1 1 1 1 0 1 1 1 0 0 1 1 1 2
M[116] : 2 2 2 1 3 1 2 2 2 3 2 2 1 1 2 2 1 1 1 1 2 3 2 1 2 1 2 2 1 2 3 2 2 3 2 3 2 1 2 3 0 2 1 2 1 1 1 2 2 2 2 2 2 1 2 1 2 2 1 2 1 1 3 2 2 1 2
M[117] : 1 1 2 2 1 2 1 1 1 1 2 1 2 2 1 1 2 2 2 2 2 1 1 1 1 2 1 1 1 1 1 1 1 2 2 1 2 2 1 1 1 2 0 1 1 1 2 2 1 1 2 1 1 1 1 2 1 1 1 2 1 2 1 1 1 2 2
M[118] : 1 0 1 1 2 1 1 2 2 1 1 1 2 1 2 2 1 1 2 1 1 1 1 1 1 2 1 2 1 1 2 1 1 1 1 1 1 1 2 2 1 2 2 1 1 3 1 2 1 1 1 1 2 3 2 2 1 2 1 2 2 0 1 1 2 1 1
M[119] : 2 2 2 1 1 0 3 3 3 2 3 3 3 1 3 2 2 2 3 3 3 2 2 3 1 3 2 2 2 2 2 2 2 2 2 2 2 2 1 2 2 2 2 3 1 3 3 3 1 1 1 2 1 3 3 3 3 2 3 1 1 2 2 2 3 3 2
M[120] : 1 2 2 1 1 1 2 1 1 0 1 1 1 1 2 1 1 1 1 1 1 1 2 1 1 1 1 1 1 1 1 1 0 1 1 2 1 1 2 1 1 1 1 1 1 0 1 2 1 1 1 1 1 1 2 1 1 1 1 1 1 1 2 1 2 1 2
M[121] : 1 1 2 1 1 1 1 1 1 1 2 2 1 1 2 2 1 0 1 1 2 2 1 2 2 1 2 1 1 1 1 2 1 1 2 1 1 1 2 1 1 1 1 2 2 1 1 2 1 1 0 1 1 2 2 1 2 1 2 1 1 1 1 1 1 0 2
M[122] : 2 3 1 2 2 2 1 2 1 2 2 1 2 2 2 1 2 2 2 2 2 1 2 2 1 2 1 1 2 1 1 1 1 2 2 1 3 2 1 2 2 2 2 1 1 2 2 2 2 2 3 3 1 1 1 2 1 0 2 2 1 2 1 1 1 2 2
M[123] : 1 3 2 2 1 2 1 2 1 1 2 1 2 2 2 0 2 2 2 2 2 1 2 2 1 2 1 1 2 1 1 1 1 2 2 1 3 2 1 1 2 2 2 1 1 2 2 2 2 2 3 3 1 1 2 2 1 1 2 2 2 2 1 1 1 2 2
M[124] : 2 2 2 1 1 1 2 1 1 1 1 1 2 1 2 1 2 1 1 1 2 2 2 2 1 1 1 1 2 2 1 2 1 2 2 2 1 1 1 1 1 1 1 2 1 0 2 2 1 1 1 1 1 1 2 1 1 1 3 1 1 1 1 2 1 2 2
M[125] : 2 1 3 1 1 1 2 3 2 0 3 3 2 2 3 3 2 2 3 3 3 3 2 3 2 2 2 1 3 3 1 3 1 2 2 2 2 3 2 1 3 1 2 3 2 2 3 3 2 2 1 3 2 3 2 2 3 1 3 2 2 2 2 2 2 3 2
M[126] : 1 3 2 2 1 2 1 1 1 1 2 1 2 2 2 2 2 2 3 2 2 2 2 2 3 3 1 1 3 1 1 2 0 2 3 1 3 2 1 1 2 2 3 1 1 2 2 2 3 2 3 3 1 1 2 3 1 1 2 2 2 2 1 1 1 2 2
M[127] : 3 1 3 2 1 1 2 3 2 2 3 3 2 2 3 3 2 1 2 2 3 3 1 3 2 2 2 1 3 3 1 3 1 3 2 0 2 3 2 2 2 2 2 3 2 2 3 3 2 2 1 3 2 3 2 2 3 1 2 2 2 2 2 4 2 3 2
M[128] : 2 2 2 1 1 1 1 1 1 2 2 1 2 2 2 2 1 2 3 3 2 2 2 1 3 3 1 2 2 1 1 2 2 1 2 2 2 1 2 2 1 2 3 1 1 2 3 2 2 1 3 2 2 1 2 3 1 1 2 0 2 2 2 1 1 2 1
M[129] : 4 2 3 3 3 3 2 3 2 4 3 3 2 3 3 3 3 1 3 3 3 3 2 3 3 2 3 3 4 3 3 2 2 4 2 3 2 3 3 3 3 3 0 3 2 1 3 4 2 3 2 2 3 3 3 3 3 2 1 3 3 2 4 4 3 3 4
M[130] : 4 2 3 3 3 3 3 3 2 3 2 2 1 2 3 3 1 1 1 1 2 3 2 2 3 1 2 3 4 2 3 2 2 3 2 3 2 3 3 3 2 2 2 2 2 1 2 3 2 3 2 3 3 2 2 0 2 2 1 3 2 1 3 2 2 1 3
M[131] : 1 2 2 1 1 1 1 1 0 1 1 1 1 1 1 1 1 1 1 1 1 1 2 1 1 1 1 1 1 1 1 1 1 2 1 2 1 1 1 1 1 1 1 0 1 0 1 2 1 1 1 1 1 1 1 1 1 0 1 1 1 0 1 0 1 1 2
M[132] : 1 2 1 1 2 1 1 2 2 2 1 1 2 1 2 2 1 1 2 2 1 1 2 1 1 2 1 2 1 1 2 2 2 1 1 1 2 1 2 2 2 2 2 1 1 3 1 2 1 1 2 2 2 3 2 2 1 2 0 2 2 1 2 1 2 1 1
M[133] : 2 2 2 1 1 1 2 1 1 1 2 1 1 1 2 2 2 2 0 2 2 2 2 2 1 1 1 1 2 2 1 2 1 2 2 2 1 1 1 1 1 1 2 2 1 2 2 2 1 1 1 2 1 2 2 1 2 1 3 1 1 1 1 2 1 2 2
M[134] : 2 2 1 1 1 1 3 2 2 2 1 1 3 1 3 2 2 2 2 2 3 2 2 2 1 3 1 2 2 2 2 2 2 2 2 2 2 1 1 1 0 2 2 2 1 3 2 2 1 1 1 2 1 2 2 2 1 2 3 1 1 2 2 2 3 3 2
M[135] : 1 1 2 2 1 2 1 1 1 1 2 1 2 2 1 1 2 2 2 2 2 1 1 1 1 2 1 1 1 1 1 1 1 2 2 1 2 1 1 1 1 2 1 1 1 2 2 2 1 1 2 0 1 1 2 2 1 1 1 2 1 2 1 1 1 2 2
M[136] : 1 1 1 1 1 1 0 1 0 1 1 1 0 1 1 1 1 0 1 1 0 1 1 1 1 1 1 1 1 0 1 1 0 1 1 1 1 1 1 1 1 1 0 0 1 0 1 2 1 1 1 1 1 1 0 1 1 0 0 1 1 0 1 1 1 0 1
M[137] : 1 1 2 1 1 2 1 1 1 1 2 1 1 2 1 1 2 1 1 1 2 1 1 1 1 1 1 1 1 1 1 1 1 1 1 1 2 1 1 1 1 1 1 1 1 1 2 2 2 1 2 1 1 1 2 0 1 1 1 1 1 1 1 1 0 1 1
M[138] : 2 2 2 1 1 1 3 2 3 2 3 3 3 1 3 3 2 2 3 3 3 3 2 3 2 2 2 0 3 2 1 3 1 2 2 2 2 2 2 1 2 1 2 3 2 2 3 3 2 2 1 2 1 3 2 3 3 2 3 1 1 2 2 2 3 3 2
M[139] : 2 2 1 2 2 2 2 2 1 2 1 1 2 1 0 2 2 2 2 2 2 1 3 2 1 2 2 2 2 1 2 1 1 2 2 2 3 2 1 2 1 1 2 1 0 2 1 1 2 2 2 2 1 0 1 2 1 1 2 2 1 1 2 1 2 1 2
M[140] : 1 2 1 1 2 2 3 3 2 2 1 2 2 2 2 2 1 2 2 2 2 1 2 1 1 2 2 2 1 1 2 1 2 0 1 2 2 2 2 2 2 2 3 1 1 3 1 2 1 1 2 2 2 3 2 2 2 2 2 2 2 2 2 1 3 2 1
M[141] : 2 2 2 2 1 2 1 1 1 2 2 1 2 2 2 2 2 2 3 2 2 2 2 2 3 3 1 1 3 1 1 2 3 2 3 1 2 2 1 2 2 3 3 1 1 2 2 2 3 2 3 3 0 1 2 3 1 2 2 2 2 2 2 1 1 2 2
M[142] : 2 2 2 1 1 1 3 2 2 2 0 1 3 1 3 2 2 2 2 2 3 2 2 2 1 3 1 2 2 2 2 2 2 2 2 2 2 1 1 1 2 2 2 2 1 3 2 3 1 1 1 2 1 2 2 2 1 2 3 1 1 2 2 2 3 3 2
M[143] : 1 1 2 2 1 2 1 1 1 1 2 1 1 2 1 1 2 1 2 1 2 1 0 1 1 1 1 1 1 1 1 1 1 1 1 1 1 1 1 1 1 1 1 1 1 1 2 1 1 1 2 1 1 0 1 1 1 1 1 1 1 1 1 1 0 1 2
M[144] : 1 1 2 1 1 1 1 1 0 1 1 1 1 1 2 1 1 0 1 1 1 1 0 1 1 1 1 1 1 1 1 1 0 1 1 1 1 1 2 1 1 1 1 0 1 0 1 2 1 1 1 1 1 1 1 1 1 0 1 1 1 0 1 1 1 1 2
M[145] : 2 2 0 2 2 2 3 3 3 2 2 2 3 2 3 2 2 2 2 3 3 2 2 3 1 3 2 2 2 2 2 2 2 3 2 2 2 2 1 2 2 2 3 3 1 3 3 2 1 1 2 2 2 3 3 3 2 2 3 2 2 2 2 3 3 3 3
M[146] : 1 1 1 1 2 2 1 1 1 1 1 1 1 2 2 1 1 1 1 1 1 1 1 1 2 1 1 2 1 1 2 1 1 1 1 1 2 2 2 1 2 2 2 1 2 2 1 2 2 1 1 1 2 3 2 2 1 0 1 2 2 0 1 1 1 1 1
M[147] : 1 1 2 1 1 1 1 1 1 1 2 2 1 1 2 1 2 0 1 1 2 1 1 0 1 1 1 1 1 1 1 1 1 1 2 1 1 1 2 1 1 1 1 2 2 1 1 2 1 1 0 1 1 1 2 1 2 1 1 1 1 1 1 2 1 1 2
M[148] : 2 2 2 1 1 1 2 1 2 1 1 1 2 1 2 2 2 2 2 2 2 2 2 2 1 1 1 1 2 2 1 2 1 2 2 2 2 1 1 1 1 2 2 2 1 3 2 2 1 1 1 2 1 0 2 1 1 2 3 1 1 2 2 2 3 3 2
M[149] : 1 2 1 2 2 2 3 3 3 2 2 2 3 2 2 2 1 2 2 2 2 1 2 1 2 3 2 2 1 2 2 1 2 3 1 2 2 2 2 2 2 3 3 2 2 3 0 2 2 1 2 2 2 3 3 2 2 2 2 3 2 1 2 2 3 2 2
M[150] : 2 2 2 2 1 2 1 1 1 2 2 1 2 2 2 2 2 2 3 3 2 2 2 2 3 3 1 1 3 1 1 2 3 2 3 2 2 2 1 3 2 3 3 1 1 2 2 2 3 0 3 2 2 1 2 3 1 2 2 2 2 2 2 1 1 2 2
M[151] : 2 2 2 1 1 1 3 1 2 2 1 1 2 1 3 2 2 2 2 2 2 2 2 2 1 1 1 1 2 2 1 2 1 2 2 2 2 1 1 1 1 2 2 2 1 3 2 1 1 1 1 2 1 2 2 0 1 2 3 1 1 2 2 2 3 3 2
M[152] : 1 2 1 1 2 1 2 2 2 2 1 1 2 1 2 2 1 2 2 2 1 2 2 2 1 2 1 2 1 2 2 2 2 2 1 2 2 1 1 2 1 2 0 1 1 3 2 2 1 1 2 2 1 3 2 2 1 2 2 2 1 2 2 1 3 1 1
M[153] : 2 2 3 3 2 3 2 4 3 3 2 2 3 3 3 3 3 3 3 3 2 3 1 3 4 3 2 3 3 3 2 2 3 3 2 3 0 3 2 3 3 3 4 2 2 2 3 3 4 3 3 3 3 3 4 4 2 3 3 3 3 2 3 2 2 3 2
M[154] : 1 1 1 1 1 1 0 1 1 1 2 1 1 1 1 1 1 1 1 1 0 1 1 1 2 1 1 1 1 1 1 1 1 1 1 1 1 1 1 1 1 1 2 0 1 1 1 1 2 1 1 1 1 0 2 1 1 1 1 1 1 1 1 1 0 1 1
M[155] : 3 2 2 2 3 2 3 3 3 3 2 2 3 3 3 3 2 2 3 3 3 0 2 3 3 3 2 3 3 3 3 1 3 3 1 3 2 2 3 3 3 3 3 2 2 3 3 3 3 3 2 1 3 3 3 3 2 2 2 4 3 2 3 2 3 3 3
M[156] : 2 2 2 1 1 1 1 1 1 2 2 1 2 2 2 2 1 2 3 3 2 2 2 0 3 3 1 2 2 1 1 2 2 1 2 2 2 1 2 2 1 1 3 1 1 2 2 2 2 1 2 2 2 1 2 3 1 1 2 1 2 2 2 1 1 2 1
M[157] : 2 2 3 3 2 3 2 0 2 3 2 1 3 3 2 2 3 3 3 3 2 2 2 3 3 3 2 3 3 2 2 2 3 2 3 3 2 2 2 3 2 3 3 1 2 2 3 2 4 3 3 2 3 1 3 3 1 2 2 3 3 2 2 2 2 3 2
M[158] : 2 2 2 1 1 1 1 1 1 1 1 1 1 1 2 1 2 1 1 1 2 2 1 2 1 0 1 1 2 2 1 2 1 2 2 1 1 1 1 1 1 1 1 2 1 1 2 2 1 1 0 1 1 1 2 1 1 1 2 1 1 1 1 2 1 2 2
M[159] : 4 2 3 3 3 3 2 3 2 4 3 3 2 3 3 3 3 1 2 3 2 3 2 3 3 2 3 3 3 3 2 3 3 4 3 3 2 3 3 3 3 3 3 3 3 2 3 3 3 3 2 3 3 3 3 3 3 2 2 3 3 1 4 3 2 0 4
M[160] : 2 3 4 3 2 3 3 3 3 3 3 3 4 3 3 3 3 2 3 3 3 3 2 3 4 2 3 3 3 3 2 3 3 3 3 3 2 3 3 3 3 3 3 2 3 0 3 4 4 3 1 3 3 3 4 3 3 3 3 3 3 1 3 2 3 3 3
M[161] : 2 2 2 1 2 2 3 2 2 2 2 0 2 1 1 1 2 1 1 2 2 1 2 2 2 1 1 2 2 2 2 2 1 2 3 2 1 2 1 2 1 2 1 2 2 1 2 2 1 1 2 2 1 1 1 1 1 1 1 2 2 2 2 2 2 2 2
M[162] : 2 2 2 1 1 1 3 1 2 2 3 2 3 1 3 2 2 2 2 3 3 3 2 3 2 2 1 1 2 2 1 3 1 2 2 2 2 0 2 1 1 1 2 3 2 3 2 3 1 1 1 2 1 3 2 3 2 2 3 1 1 2 2 2 3 3 2
M[163] : 2 3 3 2 3 2 2 3 3 2 2 2 4 3 3 0 2 2 3 2 2 1 2 3 2 2 2 3 2 3 3 1 3 3 1 3 2 2 3 3 2 3 3 2 2 2 2 2 2 2 2 1 3 3 3 3 2 2 3 3 2 1 3 2 3 3 2
M[164] : 1 1 1 2 2 2 1 2 0 1 1 1 1 2 2 1 1 1 1 1 1 1 1 1 2 1 1 2 1 1 2 1 1 1 1 1 2 2 2 2 2 3 2 1 2 2 1 2 2 1 2 1 2 3 2 2 1 2 1 2 2 0 1 1 2 1 1
M[165] : 0 2 2 2 2 2 3 3 3 2 2 2 3 2 3 2 1 2 3 3 2 1 2 3 2 3 2 2 1 3 3 2 2 3 1 3 2 2 2 2 2 3 3 2 2 3 3 2 2 2 2 2 3 3 3 3 2 2 2 3 2 2 2 2 3 2 2
M[166] : 1 2 2 1 2 1 2 1 1 2 2 2 1 1 2 2 1 1 1 1 1 2 2 1 2 1 1 2 1 1 2 1 1 0 1 2 1 1 2 2 1 1 2 1 1 0 1 2 2 2 2 2 2 1 2 1 2 1 1 1 1 1 2 2 2 1 2
M[167] : 4 2 3 3 3 3 2 3 2 4 3 3 2 3 3 4 3 1 3 3 3 3 2 3 3 2 3 3 4 3 2 2 3 4 2 3 2 3 3 3 3 3 2 3 2 2 3 4 2 3 2 2 3 3 4 3 3 2 0 3 3 2 4 4 3 3 4
M[168] : 3 2 2 2 2 2 3 3 3 2 2 3 3 3 3 2 2 2 3 3 3 1 2 4 0 3 2 2 3 3 3 2 3 3 1 3 2 2 2 3 2 3 3 3 2 3 3 3 2 2 2 2 3 3 3 3 2 2 2 3 3 2 3 3 3 3 3
M[169] : 1 1 2 0 0 0 1 1 1 1 0 0 1 1 1 1 1 1 1 1 0 1 1 1 1 1 0 1 1 1 1 0 1 1 0 1 1 1 1 1 1 2 2 1 1 1 1 1 2 0 1 0 1 2 2 1 0 1 1 1 1 0 1 1 1 2 1
M[170] : 1 2 2 2 1 2 1 1 1 1 2 1 2 2 2 2 2 2 3 2 2 2 2 2 2 2 1 0 2 1 1 2 1 2 3 1 3 2 1 1 2 2 3 1 1 2 2 2 3 2 3 3 1 1 2 3 1 1 2 2 2 2 1 1 1 2 2
M[171] : 1 3 2 2 1 2 1 1 1 0 2 1 2 2 2 1 2 2 2 2 2 2 2 2 1 2 1 1 2 1 1 2 1 2 2 1 3 2 1 1 2 2 3 1 1 2 2 2 3 1 3 3 1 1 2 3 1 1 2 2 2 2 1 1 1 2 2
M[172] : 1 1 2 1 1 1 1 1 1 1 2 1 2 2 2 2 1 1 2 1 2 1 1 1 2 2 1 1 1 1 1 1 2 1 1 1 2 1 1 2 1 1 2 1 1 2 2 1 2 1 1 2 2 1 2 2 1 1 0 1 1 2 1 1 1 2 1
M[173] : 2 2 3 2 1 2 3 3 3 2 2 2 3 2 3 2 2 2 3 3 3 2 2 3 1 3 2 2 2 3 2 2 2 3 2 2 2 2 0 2 2 2 3 3 1 3 3 3 1 1 2 2 1 3 3 3 2 2 3 2 2 2 2 3 3 3 3
M[174] : 2 2 3 3 2 3 1 2 1 3 2 1 3 3 3 3 3 2 3 3 2 2 2 3 3 3 2 3 3 2 2 2 3 3 3 3 2 2 2 3 2 3 3 1 2 2 3 2 4 3 3 3 3 2 3 3 0 2 2 3 3 2 2 2 2 2 2
M[175] : 3 3 2 2 3 2 1 2 1 3 2 2 2 2 3 3 2 2 3 2 2 3 3 2 3 2 2 2 3 0 2 3 2 2 3 2 3 2 2 3 2 3 3 1 2 2 2 2 2 2 3 3 2 2 3 3 1 2 2 3 2 2 3 1 2 2 2
M[176] : 1 1 2 1 1 1 1 1 0 1 1 1 1 1 2 1 1 0 1 1 1 1 1 1 1 1 1 0 1 1 1 1 0 1 1 1 1 1 2 1 1 1 1 0 1 0 1 2 1 1 1 1 1 1 1 1 1 0 1 1 1 0 1 1 1 1 2
M[177] : 2 3 2 2 2 2 1 2 1 2 2 1 2 2 2 3 2 2 3 2 2 2 2 2 3 2 2 1 3 1 1 2 2 2 3 1 3 2 1 3 2 3 3 1 1 2 2 2 2 2 3 3 1 2 3 3 1 2 2 2 2 2 0 1 1 2 2
M[178] : 2 2 2 1 3 1 3 3 2 3 2 2 1 1 2 2 2 1 1 1 2 3 2 1 3 1 2 3 2 2 3 2 2 3 2 3 2 1 2 3 1 2 1 2 2 1 2 2 0 2 2 2 2 2 2 1 2 2 1 2 2 1 3 3 2 1 2
M[179] : 1 1 2 1 1 1 1 1 1 1 2 2 1 1 2 2 0 0 1 2 2 2 1 2 2 2 2 1 1 1 1 2 1 1 2 1 0 1 2 1 1 1 1 2 2 1 1 2 2 2 1 1 2 2 1 1 2 1 2 1 1 1 1 1 1 1 2
M[180] : 0 2 2 1 1 1 2 1 1 1 1 1 1 1 2 1 1 1 1 1 1 1 2 1 1 1 1 1 1 2 1 1 0 1 1 2 1 1 2 1 1 1 1 1 1 0 1 2 1 1 1 1 1 1 2 1 1 1 1 1 1 1 2 1 2 1 2
M[181] : 1 1 2 1 1 2 1 1 1 1 2 1 2 2 2 1 2 2 3 1 2 1 2 1 2 2 1 1 1 1 1 0 1 1 1 1 2 1 1 1 1 1 2 1 1 2 2 2 2 1 3 2 1 1 2 2 1 1 1 1 2 2 1 1 1 2 1
M[182] : 2 1 2 1 1 1 2 2 1 2 2 2 2 2 1 2 1 1 2 2 0 3 2 2 2 2 2 2 2 1 2 3 1 1 2 1 0 2 2 1 2 1 1 1 2 2 2 1 1 2 1 2 2 2 1 2 2 1 2 2 2 2 1 2 3 2 1
M[183] : 2 2 0 2 2 1 2 2 1 2 2 1 2 2 1 2 1 1 2 2 1 2 2 2 1 2 2 2 2 1 2 2 1 2 2 1 1 2 2 2 1 2 1 1 2 2 2 1 1 1 1 2 2 2 1 2 2 1 2 2 2 2 2 2 3 2 1
M[184] : 2 3 3 2 3 2 2 2 2 2 2 1 3 3 1 2 2 3 2 2 2 2 1 2 3 3 2 2 2 2 3 2 3 2 2 2 1 1 3 3 1 3 3 2 2 3 3 1 2 2 3 2 3 2 0 2 1 2 3 3 2 2 2 2 2 3 2
M[185] : 1 1 1 1 1 1 1 1 1 1 1 1 1 2 2 1 1 1 1 1 1 1 1 1 2 1 1 1 1 1 0 1 1 1 0 1 1 0 2 1 2 1 2 1 1 1 1 2 2 1 1 0 2 1 2 1 0 1 1 1 1 0 1 1 1 1 1
M[186] : 2 2 3 1 1 2 3 2 3 2 3 3 3 2 3 3 2 2 3 3 3 3 2 3 2 3 2 2 3 2 1 3 2 3 2 2 2 2 2 2 2 2 2 3 2 3 3 3 2 1 1 2 1 3 3 3 3 2 3 1 0 2 2 3 3 3 2
M[187] : 2 1 2 1 1 1 1 1 1 1 2 2 1 1 2 1 2 0 1 1 2 3 2 2 1 1 1 1 2 1 1 2 1 2 2 1 1 1 2 1 1 1 2 2 2 1 1 2 1 1 1 1 1 2 2 1 2 1 3 1 1 0 1 2 1 1 2
M[188] : 1 1 2 2 2 2 1 2 1 1 1 2 1 2 2 1 1 1 1 1 2 1 1 1 2 1 2 2 1 1 2 1 1 2 1 1 2 2 2 2 2 3 2 1 2 2 1 2 2 1 2 1 2 3 2 2 2 2 1 2 2 1 1 1 0 2 2
M[189] : 2 2 2 2 1 2 1 1 1 2 2 1 2 2 2 2 2 2 3 2 2 2 2 2 3 3 1 1 3 1 0 2 3 2 3 1 2 2 1 2 2 3 3 1 1 2 2 2 3 2 3 2 2 1 2 3 1 2 2 2 2 2 2 1 1 2 2
M[190] : 2 2 2 1 1 1 3 0 1 1 3 2 3 1 3 3 2 2 3 3 3 3 2 3 2 2 2 1 2 2 1 3 1 2 2 2 2 1 2 1 1 1 2 3 2 2 3 2 2 2 1 2 1 3 2 2 2 1 3 1 1 2 2 2 2 3 2
M[191] : 2 3 2 2 2 2 1 2 1 2 2 1 2 2 2 3 2 2 3 2 2 2 3 2 3 2 2 2 2 1 1 2 2 2 3 1 3 2 0 3 2 3 2 1 1 2 2 2 2 2 3 3 1 2 3 3 1 2 2 2 2 2 2 1 2 2 2
M[192] : 1 1 1 1 2 1 1 2 1 2 2 1 1 1 1 2 1 1 2 2 2 2 1 1 2 2 1 2 2 1 1 2 2 1 1 2 2 1 2 2 1 1 2 1 1 2 1 1 2 1 3 2 2 1 2 2 1 1 1 2 1 2 2 1 2 0 1
M[193] : 3 2 2 3 3 3 2 3 2 3 2 2 1 2 3 3 1 1 0 1 2 3 3 2 3 1 2 3 3 2 3 3 2 3 3 3 2 2 3 3 2 2 2 1 2 2 1 3 2 2 2 3 3 2 2 2 2 2 1 3 2 1 3 2 2 1 3
M[194] : 2 1 2 1 2 1 2 2 2 2 2 1 3 1 1 2 2 2 2 2 2 2 2 2 3 2 1 2 2 2 1 2 2 1 2 2 2 1 2 2 1 1 2 1 0 2 3 1 2 1 3 2 2 1 2 2 1 2 1 2 1 2 2 1 2 2 1
M[195] : 2 2 2 1 1 1 3 3 3 2 2 2 3 1 3 2 2 2 2 2 3 2 2 3 1 3 0 2 2 2 2 2 2 2 2 2 2 2 1 2 2 2 2 3 1 3 2 3 1 1 1 2 1 3 3 2 2 2 3 1 1 2 2 2 3 3 2
M[196] : 1 0 2 1 2 1 2 1 1 2 2 1 1 1 2 2 1 1 1 1 0 2 2 1 2 1 1 1 1 1 1 1 1 1 1 1 1 1 2 2 1 1 1 1 1 0 1 2 2 1 1 1 1 1 2 1 1 1 1 1 1 1 2 2 2 1 1
M[197] : 2 2 3 2 1 2 3 3 3 2 3 3 3 3 3 2 2 2 3 3 3 2 2 3 1 3 2 2 2 3 2 2 2 3 2 2 2 2 1 2 2 2 3 3 0 3 3 3 2 1 1 2 1 3 3 3 3 2 3 1 2 2 2 3 3 3 3
M[198] : 2 2 2 1 2 1 3 2 1 2 1 1 2 1 1 1 2 1 1 2 1 1 2 2 1 1 1 2 2 1 2 1 1 2 3 2 1 2 0 2 1 2 1 2 1 1 2 2 1 1 1 1 1 1 1 1 1 1 2 2 2 2 2 2 2 2 2
M[199] : 1 2 2 2 2 2 2 3 3 2 2 2 3 2 2 1 1 2 2 1 2 1 2 2 2 1 2 2 1 1 2 1 2 2 1 0 2 2 2 2 2 3 3 2 2 3 1 2 2 2 2 1 2 3 2 2 2 2 2 3 2 1 1 2 3 3 2
M[200] : 2 0 2 1 1 1 1 1 1 1 1 1 1 1 2 1 2 0 1 1 2 1 1 2 1 1 1 1 1 1 1 0 1 1 2 1 1 1 1 1 1 1 1 2 1 1 1 2 1 1 0 1 1 1 2 1 1 1 2 1 1 1 1 2 1 1 2
M[201] : 2 2 3 2 2 2 1 1 1 2 2 1 2 2 2 2 3 2 3 3 2 2 2 2 3 3 1 2 2 2 1 2 3 1 2 2 2 1 3 3 1 2 3 1 2 2 3 2 2 1 3 2 2 1 2 3 1 2 2 2 2 2 2 2 2 2 0
M[202] : 3 3 0 2 3 2 2 2 1 3 2 2 2 3 3 3 2 2 3 2 1 3 3 2 3 2 2 2 3 2 3 3 2 3 3 3 2 2 3 3 2 3 2 1 3 2 1 3 2 2 3 3 2 2 3 3 2 2 2 3 2 1 3 2 2 1 3
M[203] : 4 2 3 3 2 3 3 3 2 4 3 3 3 3 3 4 4 2 3 3 3 3 0 3 3 2 3 2 4 3 2 3 3 4 2 3 2 3 3 4 3 3 3 3 3 2 3 4 2 3 2 2 3 3 4 3 3 2 2 3 3 2 3 4 2 3 3
M[204] : 2 2 2 1 3 1 2 3 2 2 2 2 1 1 2 2 2 1 1 1 2 3 2 1 2 1 1 3 2 2 3 2 2 3 2 2 2 1 2 3 1 2 1 2 1 1 2 2 1 0 2 2 2 1 2 1 2 2 1 2 1 1 3 2 2 1 2
M[205] : 2 1 1 1 2 1 2 1 1 2 1 2 1 1 1 2 1 1 1 2 1 2 3 1 2 1 1 2 2 1 2 2 1 2 1 2 1 1 1 2 1 1 2 1 0 1 1 1 2 2 0 2 2 1 1 2 1 1 1 1 1 1 2 2 2 1 1
M[206] : 2 2 3 1 1 2 3 2 3 2 3 3 3 2 3 3 2 2 3 3 3 3 2 3 2 3 3 2 3 3 0 3 2 3 2 2 2 2 2 2 3 2 2 3 2 3 3 3 2 2 1 2 1 3 3 3 3 2 3 1 1 2 2 3 3 3 2
M[207] : 2 2 2 1 2 2 3 2 1 2 1 1 2 1 1 1 2 1 2 2 1 1 2 2 1 1 1 2 2 1 2 1 1 2 3 2 1 2 1 2 1 2 1 2 2 1 2 1 1 1 1 1 1 1 1 1 0 1 2 2 2 2 2 2 2 2 1
M[208] : 1 1 2 1 1 1 1 1 1 1 2 1 2 2 2 1 1 1 0 1 2 1 1 1 2 1 1 1 1 1 1 1 1 1 1 1 2 1 1 1 1 1 2 1 1 1 2 2 2 1 1 2 1 1 2 2 1 1 1 1 1 2 1 1 0 1 1
M[209] : 1 1 2 1 1 1 1 1 0 1 1 1 1 1 2 1 1 0 1 1 1 1 1 1 1 1 1 1 1 1 1 1 0 1 1 1 1 1 2 1 1 1 1 0 1 0 1 2 1 1 1 1 1 1 1 1 1 0 1 1 1 0 1 1 0 1 2
M[210] : 2 2 1 1 2 1 3 2 2 2 1 1 2 1 3 2 2 2 2 2 2 2 2 2 1 2 1 2 1 2 2 2 2 2 2 2 2 2 1 2 2 2 2 0 1 3 2 2 1 1 2 2 1 3 3 2 1 2 3 2 1 2 2 2 3 3 1
M[211] : 1 2 1 1 2 1 2 2 2 2 1 1 2 1 2 2 1 2 2 2 1 2 2 2 1 2 1 2 1 2 2 2 2 2 2 2 2 1 1 2 1 2 1 1 1 3 2 2 1 1 2 2 1 3 0 2 1 2 2 2 1 2 2 1 3 2 1
M[212] : 2 3 3 2 3 2 2 3 2 2 2 2 3 2 2 1 2 2 0 1 2 1 2 2 2 2 2 3 2 2 3 2 3 2 1 2 2 2 3 3 2 3 3 2 2 2 3 2 2 2 2 1 3 3 2 2 2 2 3 3 2 2 2 2 2 3 2
M[213] : 2 2 2 2 3 2 2 2 1 3 2 2 1 1 3 2 1 1 1 2 2 3 3 2 3 1 2 2 2 2 2 3 2 3 3 3 2 2 2 3 2 2 2 1 1 2 1 3 2 2 2 3 2 2 2 1 2 2 1 3 0 1 3 2 2 1 3
M[214] : 3 2 3 3 2 2 3 3 3 2 3 3 3 3 3 3 2 2 3 3 3 2 2 4 2 3 3 3 3 3 2 3 3 3 0 3 2 3 3 3 3 3 3 3 3 3 3 3 2 3 1 2 2 3 3 3 3 2 2 3 3 2 3 3 3 3 3
M[215] : 1 1 2 1 1 2 1 1 1 1 2 1 2 2 2 1 2 1 1 0 2 1 1 1 2 1 1 1 1 1 1 1 1 1 1 1 2 1 1 1 1 1 2 1 1 1 2 2 2 1 2 1 1 1 2 1 1 1 1 1 2 1 1 1 0 1 1
M[216] : 1 2 2 1 2 1 2 1 1 2 2 2 1 1 2 2 1 1 1 1 1 2 2 1 2 1 1 2 1 1 1 1 1 1 1 1 0 1 2 2 1 1 1 1 1 0 1 2 2 1 1 1 1 1 2 1 1 1 1 1 1 1 2 2 2 1 2
M[217] : 1 1 2 1 1 1 1 1 1 1 2 1 0 1 2 2 1 1 2 1 2 1 1 1 2 2 1 1 1 1 1 1 2 1 1 1 2 1 1 2 1 1 2 1 1 2 2 1 2 1 1 2 2 1 2 2 1 1 1 1 1 2 1 1 0 1 1
M[218] : 1 1 2 1 0 1 1 1 0 1 1 1 1 1 2 1 1 1 1 1 0 1 1 1 1 1 1 1 1 1 1 1 0 1 1 1 1 1 2 1 1 1 1 0 1 0 1 2 1 1 1 1 1 1 2 1 1 1 1 1 1 0 2 1 1 1 2
M[219] : 2 2 2 1 2 1 3 2 2 2 2 1 2 1 1 1 2 1 1 2 2 1 2 1 1 1 1 2 2 2 2 0 1 2 2 2 1 2 1 2 1 2 1 2 1 1 2 2 1 1 2 1 1 1 1 1 1 1 1 2 2 1 2 2 2 2 2
M[220] : 2 2 1 2 2 2 1 2 1 2 2 1 2 2 1 1 2 2 2 2 2 1 2 2 1 2 1 1 2 1 1 1 1 2 2 1 3 2 1 2 2 2 2 1 1 2 2 2 2 2 3 3 1 1 0 2 1 1 2 2 1 2 1 1 1 2 2
M[221] : 2 2 1 1 2 0 2 2 1 2 2 2 1 1 1 2 1 1 1 2 1 2 3 1 2 1 2 2 2 1 2 2 1 2 1 2 2 1 2 2 1 1 2 1 1 2 1 1 2 2 2 2 2 1 2 2 2 1 1 1 1 1 2 2 2 1 2
M[222] : 2 2 3 2 1 2 3 3 3 2 2 2 3 0 3 2 2 2 3 3 3 2 2 3 1 3 2 2 2 2 2 2 2 3 2 2 2 2 1 2 2 2 3 3 1 3 3 3 1 1 2 2 1 3 3 3 2 2 3 2 2 2 2 3 3 3 2
M[223] : 2 2 2 2 3 2 2 2 1 3 2 2 1 0 3 3 2 2 2 2 2 3 3 2 3 2 2 2 3 2 3 3 2 3 3 3 2 2 2 3 2 3 2 1 2 2 1 3 2 2 2 3 2 2 3 3 2 2 2 3 2 1 3 2 2 1 3
M[224] : 1 1 1 1 1 1 0 1 0 1 0 1 1 1 0 1 1 1 1 1 1 1 1 1 2 1 1 1 1 1 1 1 1 1 1 1 1 1 1 1 1 1 2 0 1 1 1 1 2 1 1 1 1 0 2 1 1 1 1 1 1 1 1 1 0 1 1
M[225] : 1 1 2 1 1 1 1 1 1 1 2 1 2 2 2 1 1 0 1 1 2 1 1 1 2 1 1 1 1 1 1 1 1 1 1 1 2 1 1 1 1 1 2 1 1 1 2 2 2 1 1 1 1 1 2 2 1 1 1 1 1 2 1 1 0 1 1
M[226] : 4 2 3 3 3 3 3 3 2 3 3 3 2 2 3 3 3 1 2 2 2 3 2 3 3 0 3 3 4 2 3 3 2 3 2 3 2 3 3 3 3 3 2 2 2 1 3 3 3 3 2 3 3 2 3 2 3 2 1 3 2 1 4 4 2 1 4
M[227] : 1 3 2 2 1 2 1 2 1 1 2 1 2 2 2 1 2 2 2 2 2 0 2 2 1 2 1 1 2 1 1 1 1 2 2 1 3 2 1 2 2 2 2 1 1 2 2 2 2 2 3 3 1 1 2 2 1 1 2 2 1 2 1 1 1 2 2
M[228] : 2 2 1 1 2 1 2 2 1 2 1 2 1 1 1 2 1 2 2 2 1 2 3 2 2 2 2 2 2 1 2 2 1 2 2 2 2 1 2 2 1 1 2 1 0 2 1 0 2 2 2 2 2 1 2 2 1 1 1 2 1 1 2 2 2 1 2
M[229] : 2 2 2 0 2 1 2 2 1 2 2 2 1 1 2 2 1 1 1 1 1 2 3 1 2 1 2 2 2 2 2 1 2 2 2 3 2 1 2 3 1 1 2 1 1 1 1 2 2 2 2 3 2 1 2 1 2 2 1 1 1 1 2 2 2 1 3
M[230] : 2 2 2 2 3 2 3 3 3 2 2 2 3 3 3 2 1 2 3 3 2 1 2 3 2 3 2 2 0 3 3 1 3 3 1 3 2 2 2 2 2 3 3 2 2 3 3 2 2 2 2 2 3 3 3 3 2 2 2 3 2 2 3 2 3 3 2
M[231] : 2 2 1 1 1 1 2 2 2 2 1 1 2 1 3 2 2 2 2 2 0 2 2 2 1 2 1 2 2 2 2 2 2 2 2 2 2 1 1 2 1 2 2 2 1 3 2 2 1 1 1 2 1 3 2 2 1 2 3 2 1 2 2 2 3 2 1
M[232] : 1 3 2 2 1 2 1 2 1 1 2 1 2 2 2 2 2 2 3 2 2 2 2 2 3 2 1 1 2 1 1 2 1 2 3 1 3 2 1 0 2 2 3 1 1 2 2 2 3 2 3 3 1 1 2 3 1 1 2 2 2 2 1 1 1 2 2
M[233] : 1 1 1 1 1 1 0 1 1 1 2 1 1 1 1 1 1 1 2 1 2 1 1 1 2 2 1 1 1 1 1 1 2 1 1 1 2 1 1 2 1 1 2 1 1 1 1 1 2 1 1 1 2 1 2 2 1 1 1 1 1 0 1 1 0 1 1
M[234] : 2 2 2 2 2 2 3 2 2 2 2 2 2 2 1 1 2 1 2 2 2 2 2 1 2 1 2 2 2 2 2 2 1 2 2 2 2 2 3 2 1 2 1 2 2 1 2 2 1 2 2 2 2 0 1 1 2 1 1 2 2 2 3 3 2 2 2
M[235] : 2 2 1 1 1 1 3 2 2 2 1 0 3 1 3 2 2 2 2 2 3 2 2 2 1 3 1 2 2 2 2 2 2 2 2 2 2 1 1 2 2 2 2 2 1 3 2 2 1 1 1 2 1 2 2 2 1 2 3 1 1 2 2 2 3 3 2
M[236] : 2 2 3 2 0 2 3 2 3 2 3 3 3 2 3 3 2 2 3 3 3 3 2 3 2 3 3 2 3 3 1 3 2 3 2 2 2 2 2 2 3 2 2 3 2 3 3 3 2 2 1 2 1 3 3 3 3 2 3 1 3 2 2 3 3 3 3
M[237] : 1 2 2 2 1 2 1 1 1 1 2 1 2 2 2 2 2 2 3 2 2 2 2 1 2 3 1 1 0 1 1 2 2 1 2 1 2 1 1 2 1 1 3 1 1 2 2 2 2 1 3 2 1 1 2 3 1 1 2 2 2 2 1 1 1 2 1
M[238] : 2 2 3 2 3 2 2 2 2 3 2 1 3 3 2 2 2 3 3 3 2 2 2 3 3 3 2 3 2 2 2 2 3 2 2 3 1 0 3 3 1 3 3 2 2 2 3 1 3 2 3 2 3 1 2 3 1 3 2 3 3 2 2 2 2 3 2
M[239] : 1 2 1 1 2 1 1 3 2 2 1 1 2 2 2 2 1 0 2 1 2 1 2 1 2 2 1 2 1 1 2 1 2 1 1 1 2 2 2 2 2 2 2 1 1 3 1 2 2 1 2 1 2 3 2 2 1 2 1 2 2 1 1 1 3 1 1
M[240] : 2 1 3 2 2 1 2 2 1 2 2 2 2 2 1 2 1 1 2 2 2 3 2 2 2 2 2 2 2 1 2 3 1 2 2 1 1 2 2 2 2 2 1 2 2 2 2 1 1 2 1 3 2 2 1 2 2 1 2 2 2 2 2 2 3 2 0
M[241] : 2 3 3 2 3 2 2 2 2 2 2 2 3 3 1 1 2 3 3 1 2 1 2 2 3 2 2 3 2 2 3 2 3 2 2 2 2 2 3 3 2 3 3 2 2 3 3 1 2 2 3 1 3 2 2 0 2 2 3 3 2 2 2 2 2 3 2
M[242] : 2 2 3 3 2 3 2 3 2 3 3 3 3 3 3 3 3 3 3 3 0 3 2 3 4 3 3 3 3 3 2 3 3 4 3 3 2 3 2 3 3 3 3 2 2 2 3 3 4 3 3 3 3 2 3 3 2 2 2 3 3 2 3 2 2 3 4
M[243] : 2 2 2 1 2 1 3 2 2 2 2 2 1 1 1 1 2 1 1 2 2 1 2 1 0 1 1 2 2 2 2 2 1 2 2 2 2 2 2 2 1 2 1 2 1 1 2 2 1 1 2 2 1 1 1 1 1 1 1 2 2 1 3 2 2 2 2
M[244] : 2 3 3 3 2 2 1 2 1 2 2 1 2 3 2 3 3 2 3 3 2 2 2 2 3 3 1 1 3 1 2 2 3 2 3 3 3 2 2 3 2 3 3 1 2 2 3 2 3 2 3 3 1 2 3 3 1 2 2 3 3 2 2 0 1 2 2
M[245] : 2 2 2 0 1 2 3 3 3 2 3 2 3 1 3 2 2 2 3 3 3 2 2 3 1 3 2 2 2 2 2 2 2 3 2 2 2 2 1 2 2 2 3 3 1 3 3 3 1 1 1 2 1 3 3 3 2 2 3 1 2 2 2 3 3 3 2
M[246] : 2 2 2 1 1 1 3 1 0 1 3 2 3 1 2 3 2 2 2 3 3 3 2 3 2 2 2 1 3 2 1 3 1 2 2 2 2 1 2 1 2 1 2 3 2 2 3 2 2 2 1 2 1 3 2 2 2 1 3 1 1 2 2 2 2 3 2
M[247] : 2 2 3 3 1 2 3 3 3 2 3 3 3 2 3 3 2 2 3 3 3 3 2 3 2 3 3 1 3 3 1 3 2 3 2 2 2 3 3 0 3 1 2 3 2 2 3 3 2 3 1 3 2 3 3 3 3 1 3 2 2 2 3 3 3 3 3
M[248] : 4 2 3 3 3 3 3 3 2 3 2 2 1 2 3 3 2 1 1 0 2 3 2 2 3 1 2 3 4 2 3 2 2 3 2 3 2 3 3 3 2 2 2 2 2 1 2 3 2 3 2 3 3 2 2 1 2 2 1 3 2 1 3 3 2 1 3
M[249] : 1 1 1 1 1 1 0 1 1 1 2 1 1 1 1 1 1 1 2 1 2 1 1 1 2 2 1 1 1 1 1 1 2 1 1 1 2 1 1 2 1 1 2 1 1 1 0 1 2 1 1 1 2 1 2 2 1 1 1 1 1 1 1 1 0 1 1

