 Execution de l'algoritme BITS sur le fichier r250.5.col.txt
=====================================================================
 Partitions  : 
Vk[0] : 70 249 104 63 -->  4 éléments.
Vk[1] : 234 148 8 -->  3 éléments.
Vk[2] : 146 32 144 79 -->  4 éléments.
Vk[3] : 23 108 165 147 -->  4 éléments.
Vk[4] : 59 86 237 89 -->  4 éléments.
Vk[5] : 191 114 183 42 -->  4 éléments.
Vk[6] : 135 82 129 211 -->  4 éléments.
Vk[7] : 248 184 18 142 -->  4 éléments.
Vk[8] : 85 221 206 -->  3 éléments.
Vk[9] : 48 198 197 37 -->  4 éléments.
Vk[10] : 40 132 238 176 -->  4 éléments.
Vk[11] : 235 219 110 88 -->  4 éléments.
Vk[12] : 87 180 126 13 -->  4 éléments.
Vk[13] : 202 154 138 95 -->  4 éléments.
Vk[14] : 179 225 61 230 -->  4 éléments.
Vk[15] : 193 113 91 199 -->  4 éléments.
Vk[16] : 53 227 24 39 -->  4 éléments.
Vk[17] : 27 224 102 240 -->  4 éléments.
Vk[18] : 73 172 155 121 -->  4 éléments.
Vk[19] : 152 83 100 69 -->  4 éléments.
Vk[20] : 25 16 145 -->  3 éléments.
Vk[21] : 112 149 131 175 -->  4 éléments.
Vk[22] : 189 50 19 4 -->  4 éléments.
Vk[23] : 123 120 241 190 -->  4 éléments.
Vk[24] : 156 229 58 44 -->  4 éléments.
Vk[25] : 185 236 196 141 -->  4 éléments.
Vk[26] : 64 122 168 -->  3 éléments.
Vk[27] : 170 106 30 247 -->  4 éléments.
Vk[28] : 204 124 163 14 -->  4 éléments.
Vk[29] : 181 167 239 136 -->  4 éléments.
Vk[30] : 92 56 137 -->  3 éléments.
Vk[31] : 210 17 0 -->  3 éléments.
Vk[32] : 215 160 101 -->  3 éléments.
Vk[33] : 164 133 5 98 -->  4 éléments.
Vk[34] : 140 31 12 166 -->  4 éléments.
Vk[35] : 46 161 20 174 -->  4 éléments.
Vk[36] : 201 169 60 222 -->  4 éléments.
Vk[37] : 207 90 43 105 -->  4 éléments.
Vk[38] : 134 6 41 -->  3 éléments.
Vk[39] : 231 182 242 35 -->  4 éléments.
Vk[40] : 103 162 157 -->  3 éléments.
Vk[41] : 57 178 245 -->  3 éléments.
Vk[42] : 33 187 159 45 -->  4 éléments.
Vk[43] : 200 51 75 26 -->  4 éléments.
Vk[44] : 36 84 130 -->  3 éléments.
Vk[45] : 246 208 213 212 -->  4 éléments.
Vk[46] : 171 214 47 -->  3 éléments.
Vk[47] : 67 226 74 217 -->  4 éléments.
Vk[48] : 220 28 11 68 -->  4 éléments.
Vk[49] : 118 205 21 194 -->  4 éléments.
Vk[50] : 94 96 115 232 -->  4 éléments.
Vk[51] : 117 9 218 80 -->  4 éléments.
Vk[52] : 93 244 111 195 -->  4 éléments.
Vk[53] : 76 65 119 -->  3 éléments.
Vk[54] : 38 209 7 153 -->  4 éléments.
Vk[55] : 78 127 177 66 -->  4 éléments.
Vk[56] : 128 116 173 -->  3 éléments.
Vk[57] : 54 228 97 1 -->  4 éléments.
Vk[58] : 49 34 223 233 -->  4 éléments.
Vk[59] : 52 192 55 99 -->  4 éléments.
Vk[60] : 15 22 107 125 -->  4 éléments.
Vk[61] : 243 151 72 139 -->  4 éléments.
Vk[62] : 150 216 71 186 -->  4 éléments.
Vk[63] : 158 203 188 62 -->  4 éléments.
Vk[64] : 10 143 29 109 -->  4 éléments.
Vk[65] : 77 3 81 2 -->  4 éléments.
Matrice M
M[0] : 2 2 1 3 3 3 3 2 3 2 2 2 3 4 3 3 3 2 3 3 3 2 3 3 3 3 2 3 3 2 2 0 2 2 3 2 3 2 1 1 2 3 2 2 3 4 2 3 3 3 3 3 3 3 1 3 3 3 3 3 3 3 3 2 3 3
M[1] : 2 2 3 2 2 1 1 2 1 2 2 1 2 2 2 2 3 2 3 1 1 2 2 2 2 2 2 2 2 2 1 1 2 2 2 2 2 2 2 3 2 2 2 2 1 2 2 2 1 1 2 2 2 2 2 2 2 0 2 2 2 1 2 2 1 3
M[2] : 1 1 2 2 2 1 2 1 1 2 1 2 2 1 1 1 2 1 1 2 2 2 2 2 1 2 2 2 1 3 2 1 2 1 2 2 2 2 2 2 2 1 1 1 2 1 1 1 1 2 2 2 2 1 2 2 1 2 1 1 2 2 2 2 2 0
M[3] : 1 1 0 1 1 2 2 2 1 1 1 1 1 2 1 1 1 2 1 1 1 1 1 2 1 1 1 1 1 1 1 1 1 1 1 1 1 1 1 1 1 1 1 1 1 1 1 1 2 1 1 2 1 1 1 1 1 1 1 2 1 2 1 1 2 0
M[4] : 3 3 3 3 3 2 2 3 1 2 3 3 2 3 2 3 3 3 3 3 2 3 0 2 1 1 2 1 3 2 2 3 2 3 3 3 2 2 3 3 2 2 3 3 2 3 2 3 3 2 2 1 3 2 3 2 2 2 3 3 3 3 1 3 2 2
M[5] : 2 3 2 3 3 3 4 3 3 3 2 3 4 3 3 4 3 3 3 4 3 3 3 4 3 3 3 3 2 3 1 2 1 0 4 3 3 3 3 4 3 3 3 2 3 4 2 3 3 3 3 3 3 3 1 3 3 4 3 3 4 4 3 3 1 2
M[6] : 1 1 3 2 1 1 1 1 2 1 2 1 2 2 2 2 1 1 2 2 1 2 2 2 2 2 1 2 1 2 1 1 2 1 2 1 1 1 0 2 2 1 2 1 1 2 2 1 1 1 2 2 1 1 2 2 1 1 2 2 2 1 2 1 1 2
M[7] : 2 2 2 2 2 1 1 1 1 2 1 2 2 2 1 2 2 1 1 1 1 1 2 2 2 2 1 2 2 1 1 1 1 2 1 2 2 1 1 1 1 1 2 3 1 2 1 2 2 2 2 1 2 1 0 1 1 1 2 1 2 2 2 2 1 1
M[8] : 3 0 2 2 3 3 4 3 2 3 3 2 3 3 2 3 2 2 2 3 2 2 3 3 3 2 2 3 2 3 2 2 2 3 2 3 4 3 2 2 2 3 3 3 3 4 2 3 3 3 3 3 3 3 2 3 2 2 3 3 3 2 3 3 2 2
M[9] : 3 1 2 2 2 3 2 1 1 3 2 2 2 2 2 2 1 3 2 1 2 2 2 2 3 3 1 2 2 3 2 1 2 3 2 2 3 3 1 1 1 2 3 3 2 2 2 2 1 3 2 0 2 1 1 2 2 2 2 3 2 1 2 2 2 2
M[10] : 2 1 2 2 2 1 1 1 1 2 2 2 2 2 1 2 2 1 2 1 1 2 2 2 2 2 1 2 2 1 1 1 1 2 2 2 2 1 1 1 1 1 2 3 1 2 2 2 2 2 2 1 1 1 2 2 1 1 2 1 2 1 2 2 0 1
M[11] : 3 1 2 2 3 3 3 3 2 3 2 3 3 3 2 3 2 2 2 3 2 2 3 3 3 3 2 3 1 3 2 2 2 3 2 3 3 3 2 2 2 2 3 3 3 3 2 3 0 3 2 2 3 2 2 3 2 2 3 3 3 2 3 2 3 2
M[12] : 3 1 1 2 3 3 3 3 3 2 1 1 3 3 3 3 2 2 3 2 2 2 3 2 3 2 2 3 3 2 2 1 2 2 0 1 3 3 1 1 1 3 2 2 3 3 2 3 2 3 2 3 1 2 1 3 3 3 3 3 2 2 2 3 3 3
M[13] : 3 3 2 4 3 3 2 3 1 2 3 3 0 3 2 3 3 3 3 3 3 4 3 2 2 2 2 1 3 2 2 3 2 2 3 3 3 2 3 3 3 2 3 2 2 3 2 3 3 1 2 1 3 3 3 3 2 3 3 3 4 3 2 2 2 2
M[14] : 1 1 1 1 1 2 2 2 1 1 1 1 1 2 1 1 1 2 1 1 1 1 1 1 1 1 1 1 0 1 1 1 1 1 1 1 1 1 1 1 1 1 1 1 1 1 1 1 1 1 1 2 1 1 1 1 1 2 2 2 1 2 1 1 2 1
M[15] : 2 2 2 1 1 2 2 2 2 2 2 2 2 2 1 1 1 1 1 2 1 1 2 2 2 2 1 2 2 1 2 1 1 3 1 2 2 2 1 2 2 2 1 2 1 2 1 2 2 3 1 2 2 2 2 1 1 1 1 1 0 2 2 2 2 1
M[16] : 1 1 2 2 1 2 1 1 1 1 2 2 2 1 1 1 2 2 1 2 0 2 2 2 2 1 2 2 1 2 1 2 1 1 2 2 1 1 2 3 1 1 1 1 1 1 1 1 2 2 3 2 2 1 2 3 1 2 1 2 2 2 1 1 1 2
M[17] : 1 2 1 2 2 2 1 2 1 2 1 2 1 1 1 1 2 2 1 1 2 1 1 1 1 1 2 1 2 1 1 0 1 1 1 2 2 2 2 2 2 2 2 2 1 1 2 2 2 1 1 1 2 1 1 1 2 2 1 1 1 2 1 2 1 1
M[18] : 1 0 0 1 1 2 1 0 1 1 0 0 1 1 1 1 1 1 1 0 1 1 1 1 1 1 1 1 1 1 1 0 1 1 1 1 1 1 0 0 1 1 1 1 1 1 1 1 1 1 1 1 1 1 0 1 1 1 1 1 1 1 1 1 2 1
M[19] : 1 1 1 1 1 2 2 2 2 2 2 3 1 1 1 2 1 1 1 2 1 1 0 1 3 2 1 1 1 1 1 1 1 2 2 2 3 2 1 2 1 2 1 2 1 1 1 1 1 2 1 1 2 2 2 1 2 2 1 2 2 1 2 1 2 1
M[20] : 1 1 1 1 1 2 2 2 1 2 2 2 1 1 1 1 1 1 1 2 1 1 1 1 1 1 1 1 1 1 1 1 0 2 1 0 2 2 1 1 0 2 1 1 1 1 0 1 1 2 1 1 2 2 2 1 1 2 1 2 1 1 1 1 2 1
M[21] : 3 3 2 4 3 3 2 3 3 3 3 3 4 3 3 3 4 3 3 3 3 4 3 4 3 2 3 3 3 2 2 3 2 2 4 3 3 3 3 3 3 3 3 1 2 3 2 3 3 0 3 2 3 3 2 3 3 4 3 3 4 3 3 2 2 3
M[22] : 1 1 2 2 1 2 2 1 1 1 1 2 3 1 1 1 2 2 1 2 2 2 2 2 1 2 2 2 1 2 1 1 1 1 2 2 1 2 2 2 2 1 1 1 1 1 1 1 2 2 2 3 2 1 2 3 1 2 1 1 0 2 2 2 1 1
M[23] : 2 1 1 0 2 2 3 3 2 1 1 1 3 3 3 2 2 2 3 2 2 1 2 2 3 2 2 2 3 2 2 1 2 2 2 1 2 1 1 1 1 2 2 2 2 3 2 2 2 3 2 3 1 2 1 1 2 2 2 2 2 2 2 2 3 3
M[24] : 3 3 3 3 3 3 3 3 2 3 3 2 3 3 1 4 0 3 2 3 2 3 3 2 3 3 1 3 3 2 2 2 1 3 3 4 3 3 2 3 2 3 3 2 2 3 2 3 3 3 3 2 4 3 2 3 3 3 3 4 3 3 3 3 3 1
M[25] : 2 1 1 2 2 2 3 3 2 1 1 1 3 3 3 2 2 2 3 2 0 1 1 2 3 1 2 2 2 2 2 1 2 2 2 1 2 2 1 1 1 2 2 2 2 3 2 3 2 3 2 3 1 2 1 1 2 2 2 2 2 2 1 2 3 3
M[26] : 2 1 1 1 1 2 2 2 1 1 1 1 1 2 1 2 1 2 1 1 1 1 1 2 1 1 1 1 1 1 2 1 2 2 1 1 1 1 1 1 1 1 2 0 1 2 1 1 2 1 1 2 1 1 1 1 1 2 2 2 1 2 1 1 3 2
M[27] : 2 2 1 3 3 3 3 2 3 2 2 2 4 4 3 3 3 0 3 3 3 2 3 3 3 3 2 3 3 2 2 1 2 2 3 2 3 2 1 2 1 3 2 2 3 3 2 3 3 3 3 3 3 3 1 3 3 4 3 3 3 3 3 2 3 3
M[28] : 2 3 3 3 2 2 1 2 1 2 2 3 2 2 3 2 3 3 3 1 2 3 2 2 2 2 2 2 3 1 2 3 2 2 2 3 2 2 3 4 2 2 2 2 2 2 2 2 0 1 2 2 2 2 3 1 2 2 2 3 2 2 2 2 1 2
M[29] : 2 3 2 3 3 3 4 3 3 3 2 3 4 3 2 4 3 3 2 4 3 4 3 4 3 3 3 3 2 2 2 3 2 2 4 3 3 3 3 4 3 3 2 2 2 3 2 3 3 3 3 4 3 3 1 3 3 4 3 3 3 4 3 2 0 3
M[30] : 1 1 1 1 1 1 1 1 1 1 1 1 1 1 1 1 1 1 1 2 1 1 1 1 1 1 1 0 1 1 0 0 0 0 1 1 1 1 1 2 1 1 0 0 1 1 0 1 1 1 1 1 1 1 1 1 1 2 1 1 1 2 1 0 0 1
M[31] : 2 2 2 3 3 2 2 2 1 2 1 2 1 2 2 2 3 3 3 2 2 3 2 1 1 1 2 1 3 1 2 3 2 2 0 2 2 2 3 3 2 2 2 2 2 2 2 2 2 1 1 1 2 1 2 1 2 2 3 3 1 2 1 2 2 2
M[32] : 2 2 0 3 3 4 3 3 3 3 2 3 4 3 3 3 3 3 3 3 3 2 3 4 3 3 3 3 3 2 2 2 2 1 4 3 3 3 3 3 3 3 3 2 3 4 2 3 3 3 3 3 3 3 1 3 3 4 2 3 3 4 3 2 2 2
M[33] : 2 2 3 1 1 1 3 2 2 2 2 3 2 2 1 2 2 1 1 2 1 1 2 2 2 2 1 2 2 2 2 1 1 3 1 2 2 2 1 2 2 1 0 2 1 2 1 2 2 2 2 2 2 2 2 2 1 1 1 1 2 2 2 3 2 1
M[34] : 3 2 3 1 1 2 3 2 2 2 2 3 2 2 1 2 2 2 1 2 1 1 2 2 2 2 1 2 2 2 2 2 1 3 3 3 3 2 2 2 2 2 2 2 1 2 1 2 2 3 2 2 2 2 2 2 1 2 0 1 3 2 2 3 3 1
M[35] : 1 1 2 1 1 2 1 1 1 1 1 1 1 1 1 1 2 2 1 2 1 2 1 1 1 1 2 1 1 2 1 0 0 1 1 1 1 1 2 0 1 1 1 0 1 1 0 1 2 1 1 1 1 1 1 3 1 2 1 1 1 2 1 1 1 1
M[36] : 2 1 1 1 1 2 2 2 2 1 1 1 1 2 1 2 1 2 1 1 1 1 1 2 1 1 1 1 1 1 2 1 1 2 1 1 1 1 1 1 1 1 2 1 0 2 1 1 2 2 1 2 1 1 1 1 1 2 2 2 1 2 1 1 2 2
M[37] : 1 1 1 1 1 2 2 1 1 0 2 1 1 1 1 1 1 1 1 2 1 1 1 1 1 1 1 1 1 1 0 1 0 2 1 1 2 2 0 1 0 1 1 1 1 1 0 1 1 2 1 1 1 0 1 1 1 1 1 2 1 1 1 1 2 0
M[38] : 1 1 1 1 1 1 0 1 1 2 1 1 1 1 1 1 1 2 1 1 1 1 1 1 1 1 1 1 1 0 1 2 1 1 1 1 1 2 2 2 1 1 1 1 0 1 1 1 2 0 1 1 1 1 0 1 1 2 1 1 1 1 1 1 1 1
M[39] : 1 1 1 2 2 2 1 1 1 1 2 1 1 1 2 1 0 2 1 2 1 2 1 1 1 1 1 1 1 0 1 2 1 1 2 1 1 1 1 2 1 1 2 1 1 1 2 1 2 1 1 1 1 1 2 1 1 2 2 2 1 1 1 1 1 1
M[40] : 2 3 2 3 3 2 2 2 1 2 0 3 2 2 2 2 3 3 3 2 2 3 2 1 2 1 2 1 3 1 2 3 2 2 1 2 2 2 3 3 2 2 2 2 2 2 2 2 2 1 1 1 2 2 2 1 2 2 2 3 1 2 1 2 2 2
M[41] : 2 2 1 3 3 3 3 2 3 3 2 2 4 3 3 3 3 3 3 3 3 2 3 4 3 3 3 3 3 2 2 1 2 2 3 2 3 3 0 2 3 3 2 2 3 4 2 3 3 3 3 3 3 3 1 3 3 4 3 3 3 3 3 2 3 3
M[42] : 3 2 3 2 2 0 3 2 2 2 3 3 2 2 2 2 2 2 2 3 1 2 2 2 2 2 1 2 2 2 2 3 2 3 3 3 2 2 2 2 2 1 3 3 1 2 1 3 3 2 2 2 2 2 2 2 1 2 2 2 3 2 2 3 2 1
M[43] : 3 3 3 2 3 2 3 3 1 2 3 2 2 2 2 3 2 3 2 3 1 2 2 2 2 2 1 2 2 2 2 3 2 3 3 3 1 0 2 3 2 1 3 3 2 2 2 3 3 2 2 2 1 2 3 2 1 2 2 3 3 2 2 3 2 2
M[44] : 3 3 3 4 3 3 3 3 2 2 3 3 2 3 2 3 3 3 3 3 3 3 3 2 0 2 2 2 3 2 2 3 2 3 3 3 3 2 3 3 2 2 3 3 2 3 2 3 3 2 2 2 3 3 3 3 3 3 3 3 3 3 2 3 2 2
M[45] : 2 1 1 1 1 2 2 2 1 1 1 1 2 3 1 1 1 2 1 1 1 1 1 2 1 1 1 2 2 1 2 1 2 2 1 1 1 2 1 1 1 1 0 1 1 2 1 2 2 1 1 2 1 1 1 1 1 1 1 2 1 2 1 1 2 2
M[46] : 3 2 3 2 2 2 2 1 1 1 2 1 1 2 2 2 2 2 2 2 1 2 1 2 2 1 1 1 2 2 2 2 2 3 2 0 1 1 1 3 1 1 3 3 1 2 2 3 3 2 2 1 1 1 3 2 1 2 2 2 2 2 1 3 2 2
M[47] : 1 1 1 1 1 1 1 1 1 2 1 1 1 1 1 1 1 2 1 1 1 1 1 1 1 1 1 1 1 0 1 2 1 1 1 2 1 2 2 2 1 1 1 1 0 1 0 1 2 0 1 1 1 1 1 1 1 2 1 1 1 1 1 1 1 1
M[48] : 2 1 1 1 1 2 3 3 2 0 1 1 2 3 2 2 2 2 2 1 1 1 1 2 2 1 2 2 2 2 2 1 2 2 1 1 1 2 1 1 1 1 2 2 2 3 2 3 2 3 2 2 1 2 1 1 1 2 2 2 1 2 1 2 3 3
M[49] : 2 2 1 3 3 2 2 2 1 2 1 2 1 1 2 1 3 2 2 2 1 2 1 1 1 1 2 1 1 1 2 2 2 2 2 2 1 2 2 2 1 2 2 2 2 1 2 2 2 1 1 1 2 1 2 1 1 2 0 2 1 2 1 2 2 2
M[50] : 1 1 2 2 1 2 1 1 1 1 2 2 3 1 1 1 2 2 1 2 1 2 0 2 1 2 2 3 1 2 1 1 1 1 2 2 1 2 2 3 1 1 1 1 1 1 1 1 2 2 2 2 2 1 2 3 1 2 1 1 2 2 1 2 1 1
M[51] : 1 2 1 1 1 1 2 2 1 2 1 2 1 1 1 1 1 1 1 1 1 1 2 1 2 2 1 1 1 1 1 1 0 1 1 2 2 2 1 1 1 1 1 0 1 1 1 2 2 1 1 1 2 1 1 1 1 1 1 1 1 2 2 1 1 0
M[52] : 1 2 2 3 2 2 2 2 3 3 3 2 3 2 3 2 3 2 3 3 3 2 3 4 3 3 3 3 3 3 2 1 2 1 3 2 3 3 2 3 2 3 2 2 2 4 2 2 3 3 4 4 2 3 2 3 3 4 1 0 3 3 3 2 2 3
M[53] : 1 1 2 1 1 2 1 1 2 1 2 2 2 2 2 1 0 2 2 2 1 3 2 2 2 2 1 2 1 2 1 2 2 1 2 1 1 1 2 3 1 1 1 1 1 2 1 1 1 2 2 2 1 1 1 3 1 2 2 2 2 2 1 1 1 2
M[54] : 3 1 1 2 2 3 3 3 1 2 1 1 3 3 2 3 2 2 2 1 2 2 2 2 2 2 2 3 2 2 2 1 2 3 1 2 2 2 1 1 1 1 2 2 3 3 2 3 2 2 2 3 2 1 1 2 2 0 3 3 1 2 2 3 3 2
M[55] : 3 2 3 2 1 1 3 2 2 2 3 3 2 2 1 2 2 2 1 3 1 2 2 2 2 2 1 2 2 2 2 2 1 3 3 3 3 2 2 2 2 2 3 3 1 2 1 3 3 2 2 2 2 2 2 2 1 2 2 0 3 2 2 3 2 1
M[56] : 2 3 2 3 3 3 4 3 3 3 2 3 4 3 2 4 3 3 3 4 3 3 3 4 3 3 3 3 2 3 0 2 1 1 4 3 3 3 3 4 3 3 3 2 3 3 2 2 3 3 3 3 3 3 1 3 3 4 3 4 4 4 3 2 1 2
M[57] : 3 1 1 2 2 2 3 2 1 2 1 1 2 3 2 2 2 2 2 1 1 2 2 2 1 1 2 2 2 2 2 1 2 3 1 2 2 2 1 1 1 0 2 2 2 2 2 3 2 2 2 2 2 1 1 2 1 1 3 3 2 1 2 3 3 2
M[58] : 1 2 1 1 1 2 2 2 2 2 2 2 1 1 1 1 1 1 1 2 1 1 1 1 0 2 1 1 1 1 1 1 0 1 1 2 2 2 1 1 0 1 1 1 1 1 1 1 2 1 1 1 2 1 1 1 1 1 1 1 1 2 2 1 2 1
M[59] : 1 2 3 3 0 2 1 1 2 2 3 2 3 2 3 2 3 2 3 3 3 3 3 3 2 3 3 3 2 2 1 2 2 1 3 2 3 3 2 3 3 2 1 1 1 2 2 1 3 2 3 2 3 3 2 3 2 3 2 2 3 3 3 1 1 3
M[60] : 1 2 2 2 1 2 1 1 2 1 2 2 3 2 1 1 3 2 2 2 2 2 3 2 2 3 3 3 1 2 1 2 1 1 3 2 0 2 2 3 2 1 1 1 1 2 2 1 2 2 3 2 2 1 2 3 1 2 1 2 3 2 3 2 1 2
M[61] : 1 1 2 2 2 1 2 1 1 1 1 2 2 1 0 1 2 1 1 2 2 2 2 2 1 2 2 2 1 2 1 1 1 1 2 2 1 2 2 2 2 1 1 1 1 1 1 1 2 2 2 2 2 1 1 2 1 2 1 1 1 2 2 2 1 1
M[62] : 2 1 1 1 1 1 1 2 2 1 1 1 1 2 2 2 1 2 2 2 1 1 2 1 2 2 1 1 1 1 2 1 2 1 2 1 2 1 1 1 1 1 2 1 2 2 1 2 1 2 1 1 1 2 1 1 2 2 2 2 2 2 2 0 2 2
M[63] : 0 2 2 1 1 2 2 2 2 2 2 3 2 2 1 1 1 1 1 2 1 1 2 2 2 2 1 2 2 1 2 1 1 2 2 3 2 2 1 2 2 2 1 2 1 2 1 2 2 3 1 2 2 2 2 1 1 2 1 1 2 2 2 2 3 1
M[64] : 1 1 3 2 1 1 1 1 2 2 2 1 2 2 2 2 1 1 2 1 1 2 2 2 2 2 0 2 1 2 1 1 2 2 2 1 1 1 2 3 2 2 2 1 1 2 2 1 1 1 2 2 1 2 2 2 1 1 2 2 2 1 2 1 1 2
M[65] : 1 2 2 2 2 2 2 1 1 2 2 2 3 1 1 1 3 2 2 2 2 2 2 2 2 2 2 3 1 2 1 1 1 1 2 2 2 2 2 3 2 1 1 1 1 1 2 1 2 2 2 3 2 0 2 3 1 2 1 1 3 2 2 2 1 2
M[66] : 0 1 1 1 1 0 0 1 1 1 1 1 1 1 1 1 1 0 1 1 1 1 1 1 1 1 1 1 1 1 0 0 0 0 1 1 1 1 1 1 1 1 0 0 1 1 0 1 0 1 1 1 1 1 1 0 1 2 1 1 1 2 1 0 0 1
M[67] : 2 1 1 2 2 2 2 1 1 1 2 1 1 1 2 2 2 2 2 2 1 2 1 1 1 1 1 1 2 2 1 2 2 2 2 1 1 1 1 2 1 1 2 3 1 1 2 0 2 2 2 1 1 1 2 2 1 2 2 2 2 1 1 2 2 2
M[68] : 2 1 2 2 2 1 1 1 1 1 2 1 1 1 2 2 2 1 2 1 1 2 1 1 2 2 1 1 2 1 1 2 1 2 2 1 1 1 1 1 1 1 2 3 1 2 2 2 0 2 2 1 1 1 2 2 1 1 2 2 2 1 1 2 1 2
M[69] : 3 1 2 2 3 3 3 3 2 3 2 2 3 4 2 3 2 3 2 0 2 2 3 2 3 3 2 3 2 3 2 2 2 3 2 2 3 3 1 1 1 2 3 2 3 3 2 3 2 2 2 3 3 2 1 2 2 2 3 3 3 1 3 3 3 2
M[70] : 0 1 1 2 2 2 1 1 1 1 2 1 1 1 2 1 2 2 2 2 1 2 1 1 1 1 1 1 1 2 1 2 1 1 2 1 1 1 1 2 1 1 2 2 1 1 2 1 2 2 1 1 1 1 2 1 1 2 2 2 2 1 1 2 1 1
M[71] : 1 1 1 1 1 2 2 1 1 1 2 1 1 1 1 1 1 1 1 2 1 1 1 1 1 1 1 1 1 1 0 1 0 2 1 1 3 2 0 0 1 1 1 1 1 1 0 1 1 2 1 1 1 1 2 1 2 2 1 2 2 1 0 1 2 1
M[72] : 3 1 2 2 3 3 4 3 2 3 2 3 3 4 2 3 2 3 2 3 2 2 3 2 3 3 2 3 2 3 2 2 2 3 2 3 3 3 2 2 2 2 3 3 3 3 2 3 2 3 2 3 3 2 2 3 2 2 3 3 3 0 3 3 2 2
M[73] : 1 1 2 2 1 2 1 1 1 1 2 2 3 1 1 1 3 2 0 2 2 2 3 2 2 2 2 3 1 2 1 1 1 1 3 2 1 2 2 3 2 1 1 1 1 1 2 1 2 2 3 3 2 1 2 3 1 2 1 1 3 2 2 2 1 2
M[74] : 2 1 2 1 1 2 3 2 2 3 2 3 2 2 1 2 1 2 1 2 2 1 3 1 3 3 1 2 1 2 2 2 1 3 2 3 3 2 2 2 2 2 3 2 1 1 1 0 2 3 1 2 3 2 2 1 2 2 1 2 2 2 3 2 3 1
M[75] : 3 3 2 3 3 3 3 3 3 3 3 3 3 3 3 4 3 3 2 3 3 3 4 3 3 2 3 3 3 3 2 3 2 3 4 3 3 3 3 3 3 3 3 0 2 3 2 3 4 2 3 2 3 3 2 3 3 4 3 4 4 3 2 2 2 3
M[76] : 3 1 2 2 3 3 3 3 2 2 1 1 3 3 2 3 2 2 2 1 2 2 3 2 2 2 2 3 2 2 2 1 2 3 2 2 2 3 1 1 1 2 3 2 3 3 2 3 2 2 2 3 2 0 1 2 2 2 3 3 2 2 3 3 3 2
M[77] : 1 2 1 2 2 1 1 2 1 2 1 2 1 1 1 1 2 2 1 1 1 1 1 1 1 1 2 1 2 1 1 1 1 1 1 2 1 2 2 2 2 2 1 2 1 1 2 2 2 1 1 1 2 1 1 1 1 2 1 1 1 2 1 2 1 0
M[78] : 2 2 3 1 1 2 3 2 2 2 2 3 2 2 1 1 1 2 1 2 1 1 2 2 3 2 1 2 1 2 2 2 1 4 2 3 3 2 2 2 2 2 2 2 1 2 1 2 2 3 1 2 3 2 2 0 2 2 1 2 3 2 3 2 3 1
M[79] : 1 2 0 2 3 2 2 1 1 2 2 2 1 1 2 2 2 2 2 2 1 2 1 1 1 1 2 1 2 2 2 2 2 2 2 2 1 2 2 2 1 1 3 2 1 1 2 2 2 2 2 1 2 1 2 2 1 2 2 2 2 1 1 2 2 2
M[80] : 3 3 2 4 3 3 2 3 1 2 3 3 2 3 2 3 3 3 3 3 3 3 3 2 2 2 2 1 3 2 2 3 2 3 3 3 3 2 3 3 3 2 3 2 2 3 2 3 3 2 2 0 3 3 3 3 2 3 3 3 4 3 2 3 2 2
M[81] : 2 3 3 3 3 3 3 3 2 2 3 2 3 3 1 3 2 3 3 3 3 3 3 3 4 2 2 3 2 3 2 2 1 4 3 4 3 3 2 2 2 3 3 2 2 4 2 4 4 3 3 2 3 3 2 3 3 3 3 3 3 3 3 2 3 0
M[82] : 3 1 2 2 2 2 0 1 1 3 2 2 2 2 2 2 1 3 2 1 2 2 2 1 3 2 1 2 2 2 1 1 2 3 2 2 3 3 1 1 1 2 3 3 2 2 2 2 1 2 2 1 2 1 1 2 2 2 2 2 2 1 2 2 2 2
M[83] : 2 3 3 3 3 3 1 2 2 2 2 3 2 2 3 2 3 3 3 0 2 4 2 2 2 2 2 2 3 1 2 3 2 2 3 3 2 2 3 4 3 2 2 2 2 2 2 2 2 1 2 2 3 2 3 2 2 3 2 3 3 3 2 2 1 3
M[84] : 3 2 3 2 1 1 3 2 2 2 3 3 2 2 1 2 2 2 1 3 1 2 2 2 2 2 1 2 2 2 2 2 1 3 3 3 3 2 2 2 2 2 3 3 0 2 1 3 3 3 2 2 3 2 2 2 1 2 2 1 3 2 2 3 3 1
M[85] : 3 1 2 2 2 3 3 2 0 3 1 2 2 3 2 2 2 2 2 1 2 2 2 2 3 2 2 2 2 3 2 1 2 3 2 2 2 2 1 1 1 1 3 2 2 2 2 2 2 2 2 2 2 1 1 2 2 1 2 3 2 1 2 3 3 2
M[86] : 1 1 1 1 0 2 1 1 1 1 1 1 1 1 1 1 1 2 1 2 1 1 1 1 1 1 0 1 1 0 1 2 1 1 1 1 1 1 1 2 1 1 1 1 0 1 1 1 2 0 1 1 1 1 2 1 1 2 1 1 1 1 1 1 1 1
M[87] : 3 1 2 2 2 2 2 2 2 3 2 3 0 1 1 2 1 2 2 2 2 1 3 1 3 3 1 2 1 2 2 2 1 3 2 2 3 2 2 2 1 2 3 2 1 1 1 2 1 3 1 2 3 2 2 1 2 2 2 2 2 1 3 2 3 1
M[88] : 3 2 1 3 3 3 3 2 3 2 2 0 3 4 3 3 3 3 3 3 3 2 4 2 3 2 2 3 3 2 2 1 2 2 3 1 3 3 1 1 1 3 3 2 3 3 2 3 3 3 2 3 2 3 1 3 3 3 3 3 3 3 3 3 3 3
M[89] : 3 2 3 1 0 1 3 2 2 2 3 3 2 2 1 2 2 2 1 3 1 2 2 2 2 2 1 2 2 2 2 2 1 3 3 3 2 2 2 2 2 2 3 3 1 2 1 3 2 3 2 2 2 2 2 2 1 2 2 1 3 2 2 3 2 1
M[90] : 2 1 1 1 1 2 1 1 1 2 2 2 1 1 1 2 1 0 2 1 2 1 2 1 2 1 1 1 1 1 0 0 1 2 2 2 2 0 0 1 1 1 2 1 1 1 0 2 1 2 1 1 1 1 1 1 1 1 2 2 2 1 2 1 1 1
M[91] : 1 2 1 3 3 2 2 1 1 2 2 2 1 1 2 0 2 2 2 2 1 2 1 1 1 1 2 1 1 1 2 2 2 2 2 2 1 2 2 2 1 1 3 2 1 1 2 2 2 1 1 1 2 1 2 1 1 2 2 2 1 2 1 2 2 1
M[92] : 2 1 2 2 2 1 2 1 1 1 2 1 2 2 2 2 2 1 2 2 1 2 2 1 2 2 1 1 2 2 0 2 2 2 2 2 1 1 1 1 1 1 2 3 1 2 2 2 3 2 2 1 1 1 3 2 1 1 2 2 2 1 1 3 2 2
M[93] : 1 1 3 1 1 1 1 1 2 1 2 1 2 2 2 2 2 2 2 2 1 3 2 2 2 2 1 2 1 2 1 2 2 1 2 1 1 1 2 3 2 1 2 1 1 2 1 1 1 2 2 2 0 1 2 2 1 2 2 2 2 1 2 1 1 3
M[94] : 2 3 2 3 3 2 2 2 1 2 2 2 1 2 2 2 3 3 3 2 2 2 1 1 1 1 2 1 3 1 2 3 2 2 2 2 2 2 3 3 2 2 3 2 2 2 2 2 2 1 0 1 2 1 3 1 2 2 3 3 1 2 1 2 2 2
M[95] : 3 1 2 2 2 2 3 2 2 3 2 3 3 0 1 2 1 2 2 2 2 1 3 1 3 3 1 2 1 2 2 2 1 3 2 3 3 2 2 2 1 2 3 2 1 1 1 2 1 3 1 2 3 2 2 1 2 2 2 2 2 1 3 2 3 1
M[96] : 2 2 3 2 1 2 3 2 2 3 2 3 2 2 1 2 1 2 1 2 2 2 3 2 3 3 1 2 1 2 2 2 1 3 2 3 3 2 2 2 2 2 2 2 1 2 1 3 2 3 0 2 3 2 2 2 2 2 1 3 3 2 3 2 3 1
M[97] : 3 3 3 2 3 1 3 3 1 2 3 2 2 2 2 2 2 3 2 3 1 2 2 2 2 2 1 2 2 2 2 3 2 3 3 3 1 1 2 3 2 1 3 3 2 2 2 3 3 2 2 2 1 2 3 2 1 0 2 3 3 2 2 3 2 2
M[98] : 1 1 0 1 1 2 2 2 1 2 1 1 2 2 1 2 1 2 1 1 1 1 2 2 1 1 0 2 2 1 1 1 2 0 1 2 2 2 1 1 1 1 1 1 1 2 1 2 1 1 2 2 2 1 1 2 1 1 1 1 1 1 2 1 2 2
M[99] : 1 2 1 2 2 2 1 2 1 2 1 2 1 1 1 1 3 2 2 1 2 1 1 1 1 1 2 1 2 1 2 2 1 1 1 2 2 2 2 2 2 2 2 2 1 1 2 2 2 1 1 1 2 1 1 1 2 2 1 0 1 2 1 2 1 1
M[100] : 1 1 2 2 1 1 2 1 1 1 1 2 2 1 1 1 2 1 1 0 2 2 2 2 1 2 1 2 1 2 1 1 0 1 1 1 1 1 2 2 1 1 1 0 1 1 1 1 1 1 2 2 2 1 1 2 1 1 1 1 1 2 2 1 2 1
M[101] : 1 2 1 2 2 2 1 2 1 2 1 2 1 1 1 1 2 2 1 1 1 1 1 1 1 1 2 1 1 1 1 2 0 1 1 2 1 2 2 2 2 2 1 2 0 1 2 2 2 1 1 1 2 1 1 1 1 2 1 1 1 2 1 2 1 1
M[102] : 3 2 3 2 2 1 3 2 1 2 3 3 2 2 2 2 2 0 2 3 1 2 2 2 2 2 1 2 2 2 2 3 2 3 2 3 2 1 2 2 2 1 3 3 1 2 2 3 3 2 2 2 1 1 3 2 1 1 2 2 2 2 2 3 2 2
M[103] : 1 1 2 1 1 1 1 1 1 1 2 1 2 1 2 1 1 1 1 2 1 3 1 1 1 1 1 2 1 2 1 1 1 1 2 1 1 1 2 2 0 1 1 1 1 1 0 1 1 2 2 2 1 1 1 2 1 2 1 2 2 1 1 1 1 2
M[104] : 0 2 2 3 3 3 3 3 3 3 3 3 4 3 3 3 3 3 3 3 3 4 3 4 3 3 3 3 2 2 1 1 2 1 3 3 3 3 3 3 3 3 2 2 3 4 2 2 3 3 4 4 3 3 2 3 3 4 3 2 3 3 3 2 1 2
M[105] : 2 1 1 1 2 2 3 3 2 1 1 1 1 2 2 2 2 2 3 2 1 1 2 2 2 2 1 1 2 2 2 1 2 2 2 1 2 0 1 1 1 2 2 2 2 2 1 2 2 3 1 2 1 2 1 1 2 2 2 2 2 2 2 2 2 3
M[106] : 2 1 2 2 2 2 2 1 2 3 2 3 1 1 1 2 1 2 2 2 2 1 2 1 3 3 1 0 1 1 1 2 1 3 2 2 3 2 1 2 1 2 2 2 1 1 1 2 1 3 1 1 3 2 2 1 2 2 2 2 2 1 3 2 3 1
M[107] : 3 1 1 2 3 3 3 3 3 2 1 1 3 3 2 3 2 2 3 2 2 2 3 2 3 2 2 3 2 2 2 1 2 2 2 1 3 3 1 1 1 3 2 2 3 3 2 3 2 2 2 3 2 3 1 2 3 3 3 3 0 2 3 3 3 3
M[108] : 1 1 2 0 1 2 1 1 2 1 2 2 2 2 2 2 2 2 3 2 1 3 2 2 2 2 1 2 1 2 1 2 2 1 2 2 1 1 2 3 1 1 1 1 1 2 1 1 1 2 2 2 2 1 2 3 1 2 2 2 2 2 2 1 1 3
M[109] : 2 1 1 2 1 1 1 2 1 2 1 2 2 2 2 2 1 2 2 1 1 1 2 1 2 2 0 2 2 2 0 1 2 2 1 2 2 1 1 1 1 1 1 1 2 2 0 2 1 1 2 1 2 1 1 1 1 1 2 1 2 1 2 1 0 2
M[110] : 1 0 1 1 1 2 2 1 1 1 1 0 1 1 1 1 0 1 0 1 1 1 1 1 1 1 0 1 1 1 0 1 0 1 1 1 1 1 0 1 0 0 1 1 1 1 0 1 1 1 1 1 1 0 1 1 0 0 1 1 1 1 1 1 2 0
M[111] : 1 1 1 1 1 2 1 1 1 1 2 1 1 1 1 2 1 0 1 1 0 1 1 1 2 1 0 1 1 1 0 0 0 2 1 1 2 1 0 0 0 1 1 1 1 1 0 1 1 2 1 1 0 1 1 1 1 1 1 2 2 1 1 1 1 0
M[112] : 2 2 1 3 3 2 2 2 1 2 1 2 1 1 2 1 3 2 2 2 1 0 1 1 1 1 2 1 2 1 2 2 2 2 1 2 1 2 2 2 2 2 2 2 2 1 2 2 2 1 1 1 2 1 1 1 1 2 1 2 1 2 1 2 2 2
M[113] : 2 1 1 1 1 2 2 2 1 1 1 1 2 3 1 0 2 2 2 1 1 1 2 2 1 1 1 2 2 1 2 1 2 2 1 1 1 2 1 1 1 1 2 2 1 2 1 2 2 1 2 2 2 1 1 1 1 1 2 2 1 2 1 2 3 2
M[114] : 2 1 2 2 1 0 1 2 1 2 1 2 2 2 2 2 1 2 2 1 1 1 2 1 2 2 0 2 2 2 1 1 2 2 1 2 2 2 1 1 1 1 1 1 1 2 1 2 1 1 2 1 2 1 1 1 1 1 2 1 2 1 2 1 1 2
M[115] : 1 1 1 1 1 2 1 1 1 1 1 1 1 1 1 1 1 1 1 2 1 2 1 1 1 1 1 1 1 2 0 0 0 0 1 1 1 1 1 1 1 1 1 0 1 1 0 1 1 1 0 1 1 1 1 1 1 2 1 1 1 2 1 0 0 1
M[116] : 1 1 2 2 1 2 1 1 2 1 2 2 3 1 1 1 3 2 2 2 2 2 3 2 2 3 2 3 1 2 1 2 1 1 3 2 1 2 2 3 2 1 1 1 1 2 2 1 2 2 3 2 2 1 2 3 0 2 1 2 3 2 2 2 1 2
M[117] : 2 1 1 1 1 1 1 2 2 1 1 1 1 2 2 2 1 2 2 2 1 1 1 1 2 1 1 1 1 1 2 1 1 2 2 1 1 1 1 1 1 1 2 1 2 2 1 2 1 2 1 0 1 2 1 1 1 2 2 2 2 2 1 1 2 2
M[118] : 2 2 2 1 1 1 2 2 1 2 1 2 1 2 1 1 1 1 1 1 1 1 2 2 2 2 1 2 2 1 1 1 1 2 1 2 2 2 1 1 1 1 1 1 1 2 1 2 2 0 1 2 2 1 1 1 1 1 1 1 1 2 2 2 1 1
M[119] : 3 3 3 2 3 2 2 3 1 1 3 2 2 2 2 3 2 3 2 3 1 2 2 2 2 2 2 2 2 2 2 3 2 3 2 4 1 2 2 3 2 1 3 3 2 2 2 3 3 2 2 1 1 0 3 2 1 2 2 3 3 2 1 3 2 2
M[120] : 1 1 2 1 1 2 1 1 1 1 1 1 1 1 1 1 1 2 1 2 1 2 1 0 1 1 2 1 1 2 1 0 0 1 1 1 1 1 2 2 1 1 1 0 1 1 0 1 2 2 1 1 1 1 1 3 1 2 1 1 1 2 1 1 1 1
M[121] : 1 2 1 2 2 2 2 1 1 2 1 2 1 1 1 1 2 2 0 1 1 1 1 1 1 1 2 1 1 1 1 2 1 1 1 2 1 2 2 2 1 1 1 1 0 1 2 1 2 1 1 1 2 1 1 1 1 2 1 1 1 2 1 2 1 1
M[122] : 2 1 1 1 2 1 2 2 2 1 1 1 2 2 2 2 1 2 2 2 2 1 2 2 2 2 0 1 2 2 2 1 2 1 2 1 2 1 1 2 1 2 2 2 2 2 1 2 2 3 1 2 1 2 1 1 2 2 2 2 2 2 2 2 2 3
M[123] : 2 1 1 1 2 1 2 3 2 1 1 1 1 2 2 2 1 2 2 2 2 1 2 0 2 2 1 1 2 2 2 1 2 2 2 1 2 1 1 1 1 2 2 2 2 2 1 2 2 3 1 2 1 2 1 1 2 2 2 2 2 2 2 2 2 3
M[124] : 2 1 1 2 2 2 1 1 1 1 2 1 1 1 2 2 2 2 2 2 1 2 1 1 1 1 1 1 0 2 1 2 1 1 2 1 1 1 1 2 1 1 2 2 1 1 2 1 2 2 1 1 1 1 2 1 1 2 2 2 2 1 1 2 1 1
M[125] : 2 3 2 3 3 2 2 2 1 2 3 3 1 2 2 3 3 3 3 3 2 3 2 1 1 1 2 1 3 2 2 3 2 2 2 3 2 2 3 3 3 2 3 2 2 3 2 2 3 1 2 1 2 2 3 2 2 2 3 3 0 3 1 2 2 2
M[126] : 2 1 1 1 2 2 3 3 2 1 1 1 0 3 3 2 2 2 3 2 1 1 2 2 2 2 2 1 3 2 2 1 2 2 2 1 2 1 1 1 1 2 2 2 2 3 2 2 2 3 1 2 1 2 1 1 2 2 2 2 2 2 2 2 3 3
M[127] : 2 3 2 3 3 2 2 2 1 2 2 3 2 2 2 2 3 3 3 2 2 4 2 2 2 1 2 1 3 1 2 3 2 2 3 3 2 2 3 4 3 2 3 2 2 2 2 2 3 1 2 1 3 2 2 0 2 2 3 3 2 3 1 2 2 2
M[128] : 2 1 1 2 1 2 3 3 1 1 1 1 2 3 2 3 2 2 2 1 1 2 2 2 2 1 2 2 2 2 2 1 2 2 1 1 1 2 1 1 1 1 2 2 2 3 2 3 2 2 2 2 2 1 1 2 0 2 2 2 1 2 2 2 3 2
M[129] : 1 3 3 3 3 3 0 3 3 3 3 3 3 3 3 3 3 3 3 3 3 4 3 4 3 3 3 3 2 1 2 3 2 2 4 3 3 3 3 4 3 3 3 1 2 3 2 3 3 2 4 3 3 3 2 3 3 4 3 3 3 4 3 1 1 3
M[130] : 1 2 2 3 2 2 2 1 2 3 3 2 3 2 2 1 3 2 2 3 3 3 3 3 3 3 3 3 2 2 1 2 1 1 3 2 3 3 2 3 3 2 1 1 0 2 2 1 3 2 3 3 2 3 2 3 3 4 2 2 3 3 3 2 1 3
M[131] : 1 1 1 1 1 1 1 1 1 1 2 1 2 1 1 1 1 1 1 2 1 0 1 1 1 1 1 1 1 2 0 0 0 0 2 1 1 1 1 2 1 1 1 0 1 1 0 1 1 2 1 1 1 1 1 2 1 2 1 1 1 1 1 1 1 1
M[132] : 2 2 2 1 1 1 2 2 1 2 0 2 2 2 1 2 2 1 1 2 1 1 2 2 2 2 1 2 2 1 1 1 1 2 1 2 2 2 1 1 1 1 2 3 1 2 1 2 2 2 2 2 2 1 2 1 1 1 1 1 2 2 2 3 1 1
M[133] : 1 2 1 2 2 2 2 1 1 1 2 1 1 1 2 2 2 2 2 2 1 2 1 1 1 1 2 1 2 2 1 2 2 0 2 1 1 2 1 2 1 1 2 2 1 1 2 1 2 2 1 1 1 1 2 2 1 2 2 2 2 1 1 2 2 2
M[134] : 3 2 3 2 2 1 2 1 1 1 2 1 2 2 2 2 2 2 2 2 1 2 2 2 2 2 1 1 2 2 2 2 2 3 2 2 1 1 0 3 1 1 3 3 1 2 2 3 3 2 2 1 1 1 3 2 1 1 2 2 2 2 1 3 2 2
M[135] : 2 1 1 1 1 1 0 3 2 1 1 1 1 2 2 2 1 2 1 2 1 1 1 1 2 1 1 1 1 1 2 1 2 2 2 1 1 1 1 1 1 1 2 1 2 2 1 2 1 2 1 1 1 2 1 1 1 2 2 2 2 2 1 1 2 2
M[136] : 0 1 1 1 1 0 0 1 1 1 1 1 1 1 1 1 1 0 1 1 1 1 1 1 1 1 1 1 1 0 0 0 0 0 1 1 1 1 1 1 1 1 0 0 1 1 0 1 0 1 1 1 1 1 1 1 1 2 1 1 1 2 1 0 0 1
M[137] : 1 1 1 1 1 2 1 2 2 1 1 1 1 2 1 1 1 2 1 1 1 1 1 1 1 1 1 1 1 1 0 1 1 1 1 1 1 1 1 1 1 1 1 1 1 1 1 1 1 2 1 2 1 1 1 1 1 2 2 2 1 2 1 1 1 2
M[138] : 3 3 3 3 3 2 2 2 1 2 3 3 1 0 2 3 3 3 2 3 1 2 1 2 1 1 2 1 3 2 2 3 2 3 2 3 2 2 3 3 2 2 3 2 2 2 2 3 3 2 2 1 2 1 3 2 1 2 2 3 2 3 1 3 2 2
M[139] : 1 0 2 2 2 1 2 2 1 1 2 1 2 2 2 2 2 1 2 1 2 1 2 2 2 2 1 2 2 3 2 1 2 1 2 1 2 1 1 2 1 1 2 1 2 2 1 2 1 1 2 2 1 2 2 2 2 2 1 1 2 0 2 2 2 2
M[140] : 2 2 3 1 1 1 3 2 2 2 2 3 2 2 1 2 2 1 1 2 1 1 2 2 2 2 1 2 2 2 2 1 1 3 0 3 2 2 1 2 2 1 3 2 1 2 1 2 2 2 2 2 2 2 2 2 1 1 2 1 3 2 2 3 2 1
M[141] : 2 1 1 2 2 2 3 3 2 1 1 1 3 3 3 2 2 2 3 2 1 1 2 2 3 0 2 2 3 2 2 1 2 2 2 1 2 1 1 1 1 2 2 2 2 3 2 3 2 3 2 3 1 2 1 1 2 2 2 2 2 2 1 2 3 3
M[142] : 3 2 3 2 2 2 2 0 1 1 2 1 2 2 2 2 2 2 2 3 1 2 2 2 2 2 1 1 2 2 2 2 2 3 2 2 1 1 1 3 1 1 3 3 1 2 2 3 3 2 2 1 1 1 3 2 1 2 2 2 2 2 1 3 2 2
M[143] : 1 0 1 1 1 1 1 1 2 1 1 1 1 2 1 2 1 2 1 2 1 1 1 1 2 1 1 1 1 1 1 1 1 1 1 1 1 1 1 1 1 1 1 1 1 2 1 1 1 2 1 1 1 1 0 1 1 2 2 2 1 1 1 1 0 2
M[144] : 1 1 0 1 1 2 1 1 1 1 1 1 1 1 1 1 1 1 1 2 1 2 1 1 1 1 1 1 1 2 0 0 0 0 1 1 1 1 1 2 1 1 1 0 1 1 0 1 1 1 1 1 1 1 1 1 1 2 1 1 1 2 1 0 0 1
M[145] : 3 2 3 2 3 1 3 3 2 2 3 3 2 2 2 2 2 3 2 3 0 2 2 2 2 2 1 2 2 2 2 3 2 3 3 3 3 2 2 3 2 1 3 3 2 2 2 3 3 2 2 2 2 2 3 2 1 2 2 3 3 2 2 3 2 2
M[146] : 1 2 0 1 1 2 2 2 2 2 2 2 1 2 1 1 1 1 1 2 1 1 2 1 2 2 1 1 1 1 1 1 1 1 1 2 2 2 1 1 1 1 1 1 1 1 1 1 2 2 1 1 2 2 2 1 1 1 1 1 1 2 2 1 2 1
M[147] : 1 1 1 0 1 2 1 1 1 2 1 1 1 1 1 1 1 2 1 2 1 1 1 1 1 1 2 1 1 0 1 2 1 1 1 2 1 2 2 2 1 1 1 1 1 1 2 1 2 1 1 1 1 1 2 1 1 2 1 2 1 1 1 1 1 1
M[148] : 2 0 2 2 2 2 2 1 1 1 2 1 1 1 2 2 2 2 2 2 1 2 1 1 2 1 1 1 2 2 2 2 2 3 2 1 1 1 1 2 1 1 3 3 1 2 2 1 2 2 2 1 1 1 3 2 1 2 2 2 2 1 1 3 2 2
M[149] : 3 2 3 1 1 2 3 2 2 2 3 3 2 2 1 2 2 2 1 3 1 0 2 2 2 2 1 2 2 2 2 2 1 3 3 3 3 2 2 2 2 2 2 2 1 2 1 3 2 3 2 2 3 2 2 2 2 2 2 1 3 2 2 3 3 1
M[150] : 2 1 1 2 2 2 3 3 2 1 1 1 3 3 3 3 2 2 3 2 1 1 1 2 3 1 2 3 2 2 2 1 2 2 2 1 2 2 1 1 1 2 2 2 2 3 2 3 2 3 2 3 1 2 1 2 2 2 2 2 2 2 0 2 3 3
M[151] : 2 2 3 2 2 2 2 1 1 1 2 1 1 1 2 2 2 2 2 2 1 2 1 1 2 1 1 1 2 2 2 2 2 3 2 1 1 1 1 2 1 1 3 3 1 2 2 2 3 2 2 1 1 1 3 2 1 1 2 2 2 0 1 3 2 2
M[152] : 2 2 2 2 2 1 1 2 1 2 2 2 2 2 1 2 2 1 1 0 1 2 2 2 2 2 1 2 2 2 2 1 1 3 2 2 2 1 1 1 1 1 2 3 1 2 1 2 2 2 2 1 1 1 2 2 1 1 2 1 2 2 2 3 2 1
M[153] : 3 3 2 3 3 3 4 3 3 2 3 2 3 3 2 3 2 2 3 3 3 2 4 3 3 2 2 3 3 3 3 2 2 3 3 3 3 3 2 2 2 3 3 2 3 4 2 3 3 2 3 3 3 3 0 3 3 3 3 3 4 4 3 3 2 3
M[154] : 1 0 0 1 1 2 2 2 1 1 1 1 1 0 1 1 1 2 1 1 1 1 1 1 1 1 1 1 1 1 1 1 1 1 1 1 1 1 0 0 1 1 1 1 1 1 1 1 1 1 1 2 1 1 0 1 1 1 1 1 1 2 1 1 2 1
M[155] : 3 3 3 3 3 3 3 3 2 3 3 2 3 3 1 4 1 3 0 3 2 3 3 2 3 3 1 3 3 2 2 2 1 3 3 3 4 3 2 3 2 3 3 2 2 3 2 3 3 3 3 2 3 3 2 3 3 3 3 4 3 2 3 3 3 1
M[156] : 2 1 1 2 1 2 3 3 1 1 1 1 2 3 2 3 2 2 2 1 1 1 2 2 0 1 2 2 2 2 2 1 2 2 1 1 1 2 1 1 1 1 2 2 2 3 2 3 2 2 2 2 2 1 1 2 1 2 2 2 1 2 1 2 3 2
M[157] : 3 1 1 2 3 3 3 3 3 2 1 1 3 4 3 3 2 3 3 2 2 2 3 2 3 2 2 3 3 3 2 1 2 3 2 1 3 3 1 1 0 3 3 2 3 3 2 3 2 2 2 3 2 3 1 3 3 3 3 3 4 2 3 3 3 3
M[158] : 1 1 1 2 2 2 1 1 1 1 2 1 1 1 2 1 2 2 2 2 1 2 1 1 1 1 1 1 1 1 1 2 1 1 2 1 1 1 1 2 1 1 2 1 1 1 2 1 2 2 1 1 1 1 2 1 1 2 2 2 1 1 1 0 1 1
M[159] : 1 3 3 3 3 3 3 3 3 3 3 3 4 3 2 4 3 3 3 3 3 4 3 4 3 3 3 2 2 2 1 3 1 1 4 3 3 3 3 3 3 3 0 2 3 3 2 2 3 3 4 4 3 3 2 3 3 4 3 3 3 4 3 2 1 2
M[160] : 2 3 3 3 3 4 4 3 3 3 3 3 3 3 2 4 3 3 3 3 3 3 4 3 3 2 3 3 2 3 2 2 0 4 3 3 3 4 3 3 2 3 3 2 2 3 2 4 3 3 3 2 3 3 2 3 3 4 3 3 4 4 2 3 3 2
M[161] : 1 1 3 2 1 1 1 1 2 2 2 1 2 2 2 2 2 2 2 2 1 3 2 2 2 2 2 2 1 2 1 2 2 1 2 0 1 1 2 3 2 1 2 1 1 2 2 1 1 2 2 2 1 2 1 2 1 2 2 2 2 1 2 1 1 3
M[162] : 3 3 3 2 3 2 2 2 1 2 2 2 1 1 2 2 2 2 2 2 1 2 1 2 1 1 2 1 2 2 2 3 2 3 2 2 1 2 3 3 0 1 3 3 2 2 2 3 3 2 2 1 2 1 3 2 1 2 2 2 2 3 1 3 2 2
M[163] : 2 2 3 2 3 3 3 3 2 3 3 3 3 3 1 3 1 2 2 3 2 2 3 2 3 3 1 3 0 2 2 2 1 4 3 3 3 2 2 2 2 2 3 2 2 2 1 4 3 3 3 2 3 2 2 3 2 2 2 3 3 2 3 2 3 1
M[164] : 1 2 1 1 1 2 2 2 2 2 2 2 1 2 1 1 1 1 1 2 1 1 2 1 2 2 1 2 1 1 1 1 1 0 1 2 2 2 1 1 2 2 1 2 1 1 1 2 2 2 1 2 2 2 2 1 1 2 1 1 1 2 2 1 2 1
M[165] : 3 2 3 0 2 2 3 3 2 2 3 3 2 3 1 3 2 2 1 3 2 3 3 2 3 3 1 2 2 2 2 2 1 3 3 3 3 2 2 2 2 2 3 3 2 2 1 3 3 3 2 2 3 2 2 2 2 2 2 2 3 2 3 3 3 1
M[166] : 1 1 2 2 1 2 2 1 1 1 1 2 2 1 1 1 2 2 1 2 2 2 2 2 1 2 2 2 1 2 1 1 0 1 0 2 1 2 2 2 1 1 1 1 1 1 1 1 2 2 2 2 2 1 1 2 1 2 1 1 1 2 2 2 1 1
M[167] : 2 3 3 3 3 3 2 3 3 3 3 3 4 3 3 3 3 3 3 4 3 4 3 4 3 3 3 2 3 0 2 3 2 2 4 3 3 3 3 4 3 3 3 1 2 3 2 3 3 2 4 3 3 3 2 3 3 4 3 3 3 4 3 1 1 3
M[168] : 3 3 3 3 2 2 3 3 2 3 3 2 3 3 2 3 2 3 2 3 2 3 3 2 3 3 0 2 2 2 2 3 2 3 3 4 3 2 2 3 2 3 3 3 2 3 1 3 3 3 3 2 2 2 2 3 2 3 3 3 3 2 3 3 2 2
M[169] : 1 1 1 1 1 2 2 1 1 1 2 1 1 1 1 1 0 1 1 2 1 1 1 1 1 1 0 1 1 1 0 1 0 2 1 1 0 1 0 0 0 1 1 1 1 1 0 1 1 2 1 1 1 0 1 1 0 0 1 2 1 1 1 1 2 0
M[170] : 2 1 1 1 2 2 3 3 2 1 1 1 1 2 2 2 2 2 3 2 1 1 2 2 2 1 1 0 3 2 2 1 2 2 2 1 2 1 1 1 1 2 2 2 2 3 2 2 2 3 1 2 1 2 1 1 2 2 2 2 2 2 2 2 3 3
M[171] : 2 1 1 1 2 2 3 3 2 1 1 1 1 2 2 2 2 2 3 2 1 1 2 2 2 2 1 1 1 2 2 1 2 2 2 1 2 1 1 1 1 2 2 2 2 2 0 2 2 3 1 2 1 2 1 1 2 2 2 2 2 2 2 2 2 3
M[172] : 2 1 1 1 1 2 2 2 1 1 1 1 2 3 1 1 1 2 0 1 1 1 1 2 1 1 1 2 2 1 2 1 2 2 1 1 1 2 1 1 1 1 2 1 1 2 1 1 2 1 1 2 1 1 1 1 1 1 2 2 1 2 1 1 2 2
M[173] : 3 3 3 2 3 2 3 3 2 2 3 2 2 3 2 3 2 3 2 3 1 3 2 2 2 2 1 2 2 2 2 3 2 3 3 3 2 1 2 3 2 1 3 3 2 2 2 3 3 2 2 2 2 2 3 2 0 3 2 3 3 2 2 3 2 2
M[174] : 3 2 1 3 3 3 3 3 3 2 1 1 3 4 3 3 2 3 3 2 3 2 4 2 3 2 2 3 3 2 2 1 2 2 3 0 3 3 1 1 1 3 2 2 3 3 2 3 3 3 2 3 2 3 1 3 3 3 3 3 3 2 2 3 3 3
M[175] : 2 2 2 3 2 1 3 3 3 2 2 2 3 2 3 2 3 2 3 3 2 0 3 3 3 3 2 2 3 2 2 1 2 2 2 2 2 1 1 2 2 2 2 2 2 3 2 2 3 3 3 4 2 2 2 2 3 2 2 2 3 3 2 2 2 3
M[176] : 1 1 1 1 1 2 1 1 1 1 0 1 1 1 1 1 1 1 1 2 1 2 1 1 1 1 1 1 1 2 0 0 0 0 1 1 1 1 1 2 1 1 1 0 1 1 0 1 1 1 1 1 1 1 1 1 1 2 1 1 1 2 1 0 0 1
M[177] : 2 2 1 2 2 1 3 3 2 1 1 1 3 2 3 2 3 2 3 3 2 1 2 3 3 2 2 2 3 2 2 1 2 2 2 1 2 1 1 2 1 2 2 2 2 3 2 2 2 3 1 4 1 2 1 0 2 2 2 2 2 3 2 2 2 3
M[178] : 1 2 2 2 1 2 1 1 2 2 2 2 3 2 2 1 3 2 2 2 2 3 3 3 2 3 3 3 1 2 1 2 2 1 3 2 1 2 2 3 2 0 1 1 1 2 2 1 2 2 3 2 2 1 2 3 1 2 2 2 3 2 3 1 1 3
M[179] : 1 2 1 2 2 2 1 2 1 2 1 2 1 1 0 1 2 2 1 1 1 1 1 1 1 1 2 1 2 1 1 2 1 1 1 2 1 2 2 2 2 2 1 2 0 1 2 2 2 1 1 1 2 1 1 1 1 2 1 1 1 2 1 2 0 1
M[180] : 1 1 2 1 1 2 1 1 1 1 2 1 0 1 1 1 1 2 1 2 1 2 1 1 1 1 2 1 1 2 1 0 0 1 1 1 1 1 2 2 1 1 1 0 1 1 0 1 2 2 1 1 1 1 1 3 1 2 1 1 1 2 1 1 1 1
M[181] : 2 1 1 1 1 2 2 2 2 1 1 1 1 2 1 2 1 2 1 1 1 1 1 2 1 1 1 1 1 0 2 1 2 2 1 1 1 1 1 1 1 1 2 2 1 3 1 2 2 2 1 2 1 1 1 1 1 2 2 2 1 2 1 2 3 3
M[182] : 2 2 3 2 2 1 1 2 1 2 2 2 2 1 1 2 3 1 3 1 2 2 2 2 1 1 2 2 2 1 1 1 2 2 1 2 2 2 2 0 2 2 2 2 1 2 2 2 1 1 1 1 2 2 2 1 2 2 2 2 1 2 1 2 1 1
M[183] : 2 2 3 2 2 0 1 2 1 2 2 1 2 1 1 2 2 1 2 1 1 2 2 2 2 2 1 2 2 1 1 1 2 2 2 2 2 2 1 2 2 2 2 2 1 2 2 2 1 1 2 2 2 2 2 1 2 1 2 2 2 2 2 2 1 1
M[184] : 3 1 2 2 2 3 3 0 2 3 2 2 3 3 2 2 2 3 2 2 2 2 3 2 3 3 1 3 2 3 2 2 2 3 2 2 3 3 1 1 1 2 3 3 2 2 2 3 1 3 2 2 3 2 1 2 2 2 3 3 2 1 3 2 2 2
M[185] : 1 0 1 1 1 2 2 2 1 2 1 2 1 1 1 1 1 1 1 2 1 1 1 1 1 0 1 1 1 1 1 1 0 1 1 1 2 2 1 1 0 1 1 1 1 1 0 1 2 1 1 1 2 1 1 1 1 1 1 1 1 1 1 1 2 0
M[186] : 3 3 3 3 3 2 2 3 1 2 3 3 2 3 2 3 2 3 2 3 1 2 2 2 2 1 2 2 2 2 2 3 2 3 3 3 2 2 3 3 2 2 3 3 2 2 2 3 3 2 2 1 3 2 3 2 1 2 3 3 3 3 0 3 2 2
M[187] : 1 2 1 2 2 2 2 1 1 2 2 1 1 1 2 1 2 2 2 2 1 1 1 1 1 1 2 1 1 1 1 2 1 1 2 2 1 2 2 2 1 1 0 2 1 1 2 1 2 1 1 1 2 1 2 1 1 2 1 2 1 1 1 2 1 1
M[188] : 1 2 1 1 1 2 2 2 2 2 2 3 1 2 1 1 1 1 1 2 1 1 2 1 2 2 1 2 1 1 1 1 1 3 2 3 3 2 1 2 2 2 1 2 1 1 1 1 2 2 1 2 2 2 2 1 1 2 1 2 2 2 2 0 2 1
M[189] : 2 1 1 2 2 2 3 3 2 1 1 1 3 3 3 2 2 2 3 2 1 1 0 2 3 1 2 2 3 2 2 1 2 2 2 1 2 2 1 1 1 2 2 2 2 3 2 3 2 3 2 3 1 2 1 1 2 2 2 2 2 2 1 2 3 3
M[190] : 3 3 2 3 3 2 2 2 1 2 2 2 1 1 2 3 3 2 2 2 1 2 1 0 1 1 2 1 3 2 2 3 2 2 2 2 1 2 3 3 1 2 3 2 2 2 2 2 3 2 2 1 2 1 3 2 1 2 2 3 2 2 1 2 2 2
M[191] : 2 2 2 2 2 0 2 3 2 1 2 1 3 2 2 2 3 2 3 3 2 1 2 3 3 2 2 2 3 2 2 1 2 2 2 1 2 1 1 2 1 2 2 2 2 3 2 2 2 3 2 4 1 2 2 1 2 2 2 2 2 3 2 2 2 3
M[192] : 1 1 1 1 1 2 2 2 1 2 1 1 2 2 2 2 2 2 2 1 1 1 2 2 1 1 1 2 2 1 2 1 2 2 1 2 2 2 1 1 1 1 1 2 1 2 1 2 2 1 2 2 2 1 1 2 1 1 1 0 1 1 2 2 2 2
M[193] : 1 2 2 3 2 2 2 1 2 3 3 2 3 2 2 0 3 2 2 3 2 2 3 4 3 3 3 3 2 3 1 1 1 1 3 2 3 3 2 3 2 2 1 2 2 2 2 1 3 2 3 3 2 3 2 3 3 3 1 1 3 3 3 2 2 2
M[194] : 3 1 2 2 2 2 2 2 1 2 1 1 2 3 2 2 2 2 2 1 1 2 2 2 1 1 2 2 2 1 2 1 2 3 1 2 2 2 1 1 1 1 2 2 2 2 2 2 2 0 2 2 2 1 1 2 1 1 2 2 2 1 2 3 3 2
M[195] : 3 3 3 2 3 2 2 2 1 1 3 2 2 2 2 2 2 3 2 3 1 2 2 2 2 2 1 2 2 2 2 3 2 3 2 3 1 1 2 3 2 1 3 3 1 2 2 3 3 2 2 1 0 1 3 2 1 2 2 2 2 2 1 3 2 2
M[196] : 1 1 2 2 1 2 1 1 1 1 1 1 2 1 1 1 2 1 1 2 1 2 1 2 1 0 2 1 1 2 1 1 0 1 1 1 1 2 2 1 1 1 1 0 1 1 1 1 2 1 2 1 2 1 1 2 1 2 1 1 1 2 1 2 1 1
M[197] : 3 3 3 2 3 2 3 3 2 0 3 2 2 3 2 3 2 3 2 3 1 3 2 2 2 2 2 2 2 2 2 3 2 3 3 4 2 2 2 3 2 2 3 3 2 2 2 3 3 2 2 2 2 2 3 2 1 3 3 3 3 2 1 3 2 2
M[198] : 1 1 3 2 1 1 1 1 2 0 2 1 2 2 2 2 1 1 2 2 1 2 2 2 2 2 1 2 1 2 1 1 2 1 2 1 1 1 2 2 2 1 2 1 1 2 2 1 1 1 2 2 1 1 2 2 1 2 2 2 2 1 2 1 1 2
M[199] : 2 2 3 1 1 2 3 2 2 2 2 3 2 2 1 0 1 2 1 2 1 1 2 2 3 2 1 2 2 2 2 2 1 4 2 3 3 2 2 2 2 2 2 2 1 2 1 2 2 3 1 2 3 2 2 1 2 2 1 2 3 2 3 2 3 1
M[200] : 1 1 1 2 2 2 1 1 1 1 2 1 1 1 1 1 1 2 1 2 1 1 1 1 1 1 1 1 1 0 1 2 1 1 1 1 1 1 1 2 1 1 1 0 1 1 2 1 2 0 1 1 1 1 2 1 1 2 1 2 1 1 1 1 1 1
M[201] : 2 1 1 2 2 2 3 3 2 2 1 1 3 3 2 3 2 2 2 1 2 2 2 2 3 2 2 3 2 2 2 1 2 2 1 1 0 2 1 1 1 1 2 2 3 3 2 3 2 2 2 3 2 2 1 2 2 2 3 3 1 2 2 3 3 3
M[202] : 1 2 2 3 2 1 2 2 3 3 3 2 3 0 3 2 3 2 3 3 2 2 3 3 3 3 3 3 3 3 2 1 2 1 3 2 3 2 2 2 2 2 2 2 2 3 2 2 3 3 3 3 2 2 2 3 3 3 1 1 3 3 3 2 2 3
M[203] : 3 3 2 3 3 3 3 3 3 3 3 3 4 3 3 4 3 3 3 3 3 4 3 4 3 3 3 3 3 3 2 3 2 2 4 3 3 3 3 4 3 3 3 1 2 3 2 3 3 3 3 2 3 3 1 3 3 4 3 3 4 4 3 0 1 3
M[204] : 1 1 2 2 1 2 1 1 2 1 2 2 3 2 2 1 3 2 2 2 1 3 3 3 2 3 2 3 0 2 1 2 1 1 3 2 1 2 2 3 2 1 1 1 1 2 1 1 2 2 3 2 2 1 2 3 1 2 1 2 2 2 1 1 1 3
M[205] : 1 1 2 2 2 1 2 1 1 1 1 2 2 1 1 1 2 1 1 1 2 2 2 2 1 2 1 2 1 3 2 1 1 1 2 2 1 1 1 2 1 1 1 0 2 1 1 1 1 0 2 2 2 1 1 2 1 1 1 1 1 2 2 2 2 1
M[206] : 3 3 3 3 3 2 2 3 0 2 3 3 2 3 2 3 3 3 2 3 1 3 2 2 2 1 2 2 3 2 2 3 2 3 3 3 2 2 3 3 2 2 3 3 2 2 2 3 3 2 2 1 3 2 3 2 2 2 3 3 3 3 1 3 2 2
M[207] : 1 1 3 2 1 1 1 1 2 2 2 1 2 2 2 2 1 1 2 1 1 2 2 2 2 2 1 2 1 2 1 1 2 2 2 1 1 0 2 2 2 1 2 1 1 2 2 1 1 1 2 2 1 2 2 2 1 1 2 2 2 1 2 1 1 2
M[208] : 2 1 1 1 1 2 2 2 1 1 1 1 1 2 1 1 1 2 1 1 1 1 1 2 1 1 1 1 1 1 1 1 1 2 1 1 1 1 1 1 1 1 1 1 1 0 1 1 2 1 1 2 1 1 1 1 1 2 2 2 1 2 1 1 2 2
M[209] : 1 1 1 1 1 2 1 1 1 1 1 1 1 1 1 1 1 1 1 2 1 2 1 1 1 1 1 1 1 2 0 0 0 0 1 1 1 1 1 2 1 1 1 0 1 1 0 1 1 1 1 1 1 1 0 1 1 2 1 1 1 2 1 0 0 1
M[210] : 2 2 3 2 2 1 2 2 1 2 3 2 2 2 2 2 2 1 2 3 1 2 2 2 2 2 1 2 2 2 2 0 2 3 2 2 2 1 1 2 1 1 3 3 1 2 2 2 3 2 2 1 1 1 3 2 1 1 2 2 2 2 2 3 2 1
M[211] : 2 2 2 2 2 1 0 1 1 2 2 2 2 2 1 2 2 1 2 1 1 2 2 2 2 2 1 2 2 2 2 1 1 3 2 2 2 1 1 1 1 1 2 3 1 2 2 2 2 2 2 1 1 1 2 2 1 1 2 1 2 2 2 3 2 1
M[212] : 3 2 2 2 2 3 3 2 2 3 2 3 3 3 1 2 1 2 2 2 2 2 3 2 3 3 1 3 1 3 2 2 1 3 2 3 3 2 2 2 2 2 3 2 1 0 1 3 2 3 2 2 3 2 2 2 2 2 2 3 3 2 3 2 3 1
M[213] : 1 2 2 2 2 2 2 1 1 2 3 2 3 1 1 1 3 2 2 3 2 2 3 2 3 3 3 3 1 3 1 1 2 1 3 2 2 2 2 3 2 1 1 2 2 0 2 1 3 2 3 3 2 2 2 3 2 3 1 1 3 3 2 2 2 2
M[214] : 3 3 3 4 2 3 3 3 2 3 3 3 3 3 2 3 3 3 3 3 3 3 3 2 4 2 2 3 3 2 2 3 2 3 3 3 3 2 3 3 2 3 3 3 2 3 0 3 3 3 3 2 3 3 2 3 3 3 3 3 3 3 2 3 2 2
M[215] : 2 1 1 1 1 2 2 2 2 1 1 1 1 2 1 1 1 2 1 1 1 1 1 1 1 1 1 1 1 1 1 1 0 1 1 1 1 1 1 1 1 1 1 1 1 2 1 1 2 2 1 2 1 1 1 1 1 2 2 2 1 2 1 1 2 2
M[216] : 1 1 2 2 1 2 1 1 1 1 1 2 2 1 1 1 2 2 1 2 1 2 1 2 1 1 2 2 1 2 1 1 0 1 1 1 1 2 2 2 1 1 1 0 1 1 1 1 2 2 2 1 2 1 1 2 1 2 1 1 1 2 0 2 1 1
M[217] : 1 1 1 1 1 2 2 2 1 1 1 1 2 3 1 1 1 2 1 1 1 1 1 2 1 1 1 2 2 1 1 1 2 2 1 1 1 2 1 1 1 1 1 1 1 2 1 0 2 1 1 2 1 1 1 1 1 1 1 2 1 2 1 1 2 2
M[218] : 1 1 1 1 1 2 1 1 1 1 1 1 1 1 1 1 1 1 1 2 1 2 1 1 1 1 2 1 1 2 0 0 0 0 1 1 1 1 1 1 1 1 1 0 1 1 0 1 2 1 1 0 1 1 1 2 1 2 1 1 1 2 1 0 1 1
M[219] : 1 1 3 1 1 1 1 1 2 1 2 0 2 2 2 2 1 2 2 2 1 3 2 2 2 2 1 2 1 2 1 2 2 1 2 1 1 1 2 3 2 1 1 1 1 2 1 1 1 2 2 2 1 1 1 2 1 2 2 2 2 1 2 1 1 2
M[220] : 2 1 1 1 2 1 2 2 2 1 1 1 2 2 2 2 1 2 2 2 2 1 2 2 2 2 1 1 2 2 2 1 2 1 2 1 2 1 1 2 1 2 2 2 2 2 1 2 0 2 1 2 1 2 1 1 2 2 2 2 2 2 2 2 2 3
M[221] : 1 1 2 2 2 1 2 1 0 2 1 2 2 1 1 1 2 1 1 2 2 2 2 2 1 2 2 2 1 3 2 1 2 1 2 2 2 2 2 2 2 1 1 1 2 1 1 1 1 2 2 2 2 1 2 2 1 1 1 1 2 2 2 2 2 1
M[222] : 3 3 3 2 3 2 3 3 1 2 3 2 2 3 2 3 2 3 2 3 1 2 2 2 2 2 1 2 2 2 2 3 2 3 3 3 0 1 2 3 2 1 3 3 2 2 2 3 3 2 2 2 2 2 3 2 1 3 2 3 3 2 2 3 2 2
M[223] : 1 2 2 2 2 2 2 2 2 3 3 2 3 1 3 2 3 2 3 3 2 2 3 3 3 3 3 3 3 3 2 1 2 1 3 2 2 2 2 3 2 2 1 2 2 2 2 1 3 2 3 3 2 2 2 3 2 3 0 1 3 3 3 2 2 2
M[224] : 1 0 0 1 1 2 2 2 1 1 1 1 1 1 1 1 1 0 1 1 1 1 1 1 1 1 1 1 1 1 1 0 1 1 1 1 1 1 0 0 1 1 1 1 1 1 1 1 1 1 1 2 1 1 0 1 1 1 1 1 1 1 1 1 2 1
M[225] : 2 1 1 1 1 2 2 2 1 1 1 1 1 2 0 1 1 2 1 1 1 1 1 2 1 1 1 1 1 1 1 1 1 2 1 1 1 1 1 1 1 1 1 1 1 1 1 1 2 1 1 2 1 1 1 1 1 2 2 2 1 2 1 1 2 1
M[226] : 1 2 3 3 3 3 2 3 2 3 3 3 3 2 3 2 3 3 2 3 3 4 3 4 3 3 3 3 2 3 1 2 2 1 3 3 3 3 3 3 3 3 1 1 2 3 2 0 3 2 4 3 3 3 2 3 3 4 2 3 3 3 3 2 1 3
M[227] : 2 1 1 1 2 1 2 3 2 1 1 1 1 2 2 2 0 2 2 2 2 1 2 1 2 2 1 1 2 2 2 1 2 2 2 1 2 1 1 2 1 2 2 2 2 2 1 2 2 3 1 1 1 2 1 1 2 2 2 2 2 2 2 2 2 3
M[228] : 1 1 2 2 2 1 2 1 1 2 1 2 2 1 2 1 2 1 1 2 2 2 2 2 2 2 1 2 2 3 2 1 2 1 2 2 2 1 1 2 2 1 1 2 2 2 1 1 1 2 2 2 2 1 2 2 2 0 1 1 2 2 2 2 2 1
M[229] : 1 1 2 2 2 2 2 1 1 2 2 2 3 1 1 1 2 2 1 2 2 2 2 2 0 2 2 3 1 2 1 1 1 1 2 2 2 2 2 2 2 1 1 1 1 1 2 1 2 2 2 3 2 1 2 3 1 2 1 1 2 2 2 2 2 2
M[230] : 3 2 3 2 2 2 3 3 2 3 3 3 3 3 0 3 2 2 1 3 2 3 3 2 3 3 1 2 2 2 2 2 1 3 3 3 3 2 2 2 2 2 3 2 2 2 1 3 3 3 2 2 3 2 2 3 2 2 3 3 3 2 3 3 3 1
M[231] : 2 2 2 2 2 1 2 1 1 2 2 2 2 2 2 2 2 1 2 2 1 2 2 2 2 2 1 2 2 2 2 2 2 3 2 2 1 1 1 0 1 1 2 3 1 2 2 2 3 2 2 1 1 1 3 2 1 1 2 2 2 2 1 3 2 2
M[232] : 2 1 1 1 2 2 3 3 2 1 1 1 1 2 2 2 2 2 3 2 2 1 2 2 2 2 2 1 3 2 2 1 2 2 2 1 2 1 1 1 1 2 2 2 2 3 2 2 2 3 0 2 1 2 1 1 2 2 2 2 2 2 2 2 3 3
M[233] : 1 1 0 1 1 2 2 2 1 1 1 1 2 2 1 1 1 2 1 1 1 1 1 2 1 1 1 2 1 1 1 1 1 1 1 1 1 2 1 1 1 1 1 1 1 2 1 1 2 1 1 2 1 1 1 1 1 1 0 1 1 1 1 1 2 1
M[234] : 1 0 3 1 1 2 1 1 2 2 2 2 2 2 2 2 2 2 3 2 1 3 2 2 2 2 2 2 1 2 1 2 2 2 2 2 2 2 2 3 2 2 2 1 1 2 1 1 1 2 2 2 3 2 2 3 2 3 2 2 2 1 2 1 1 3
M[235] : 3 2 3 2 2 1 2 1 1 1 2 0 2 2 2 2 2 2 2 3 1 2 2 2 2 2 1 2 2 2 2 2 2 3 2 2 1 1 1 3 1 1 3 3 1 2 2 3 3 2 2 1 1 1 3 2 1 1 2 2 2 2 1 3 2 2
M[236] : 3 3 3 3 3 2 2 3 1 2 3 3 2 3 2 3 3 3 2 3 1 3 2 2 2 0 2 2 3 2 2 3 2 3 3 3 3 2 3 3 2 2 3 3 2 3 2 3 3 2 2 2 3 2 3 2 2 3 3 3 3 3 1 3 2 2
M[237] : 2 1 1 1 0 2 3 3 2 1 1 1 2 3 2 2 2 2 2 1 1 1 1 2 2 1 1 2 2 2 2 1 2 2 1 1 1 1 1 1 1 1 2 2 2 3 1 2 2 3 1 2 1 2 1 1 1 2 2 2 1 2 1 2 3 3
M[238] : 3 1 2 2 3 3 3 2 2 3 0 1 3 4 2 3 2 3 2 1 2 2 3 2 3 2 2 3 2 3 2 2 2 3 2 2 3 3 1 1 1 2 3 2 3 3 2 3 2 2 2 3 3 2 1 3 2 2 3 3 3 2 3 3 3 2
M[239] : 2 2 2 1 1 2 2 2 2 2 2 2 2 2 1 1 1 1 1 2 1 1 2 2 2 2 1 2 2 0 2 1 1 3 1 2 2 2 1 2 2 1 1 2 1 2 1 2 2 2 1 2 2 1 2 1 1 1 1 1 2 2 2 3 2 1
M[240] : 2 2 3 2 2 1 1 2 1 2 2 2 2 2 1 2 3 0 3 1 2 2 2 2 2 1 2 2 2 1 1 1 2 2 2 2 2 2 3 3 2 2 2 2 1 2 2 2 1 1 2 2 2 2 2 1 2 2 2 2 2 2 2 2 1 2
M[241] : 3 1 2 2 2 3 3 2 2 3 2 3 3 3 2 3 1 2 2 2 2 2 3 0 3 3 1 3 1 3 1 2 1 3 2 3 3 3 2 2 2 2 3 3 2 2 2 3 1 3 2 2 3 2 2 2 2 2 3 3 2 1 3 2 3 2
M[242] : 3 2 1 3 3 3 3 3 3 2 2 3 3 3 3 3 3 3 3 3 3 2 4 3 3 2 3 3 3 3 2 2 2 2 4 3 3 3 2 0 2 3 3 2 3 4 2 3 3 3 3 3 3 3 1 3 3 4 3 3 4 3 3 3 3 3
M[243] : 1 1 2 1 1 2 1 1 2 1 2 2 2 2 2 2 2 2 2 2 1 3 2 2 2 2 1 2 1 2 1 2 2 1 2 1 1 1 2 3 2 1 1 1 1 2 1 1 1 2 2 2 1 1 2 3 1 2 2 2 2 0 2 1 1 3
M[244] : 2 2 1 3 2 2 3 3 3 2 1 1 3 3 3 3 2 2 3 3 3 2 3 2 3 3 2 3 3 2 2 1 2 2 2 1 3 1 1 1 1 3 2 2 3 3 2 3 2 3 2 3 0 2 1 3 3 2 2 2 2 2 3 2 3 3
M[245] : 3 3 3 2 3 2 3 3 1 1 3 2 2 2 2 3 2 3 2 3 1 2 2 2 2 2 2 2 2 2 2 3 2 3 3 3 1 1 2 3 2 0 3 3 2 2 2 3 3 2 2 2 2 2 3 2 1 2 2 3 3 2 1 3 2 2
M[246] : 3 3 2 3 3 2 2 2 1 2 2 2 1 1 2 3 3 2 2 2 1 2 1 1 1 1 2 1 3 2 2 3 2 2 2 2 2 2 3 3 1 2 3 2 2 0 2 2 2 2 2 1 2 1 3 2 2 2 2 3 2 2 1 2 2 2
M[247] : 3 3 2 3 3 3 2 3 1 2 3 3 2 3 2 3 3 3 3 3 2 3 2 2 2 1 2 0 3 2 2 3 2 3 3 3 3 2 3 3 3 2 3 2 2 3 2 3 3 2 2 1 3 3 3 3 2 3 3 3 3 3 2 3 2 2
M[248] : 1 2 2 3 2 2 2 0 2 3 3 2 3 2 3 1 3 2 2 3 3 3 3 3 3 3 3 3 2 2 1 2 2 1 3 2 3 3 2 3 3 2 1 1 1 2 2 1 3 2 3 3 2 3 2 3 3 4 2 2 3 3 3 2 1 3
M[249] : 0 1 0 1 1 2 2 2 1 1 1 1 2 2 1 1 1 2 1 1 1 1 1 2 1 1 1 2 1 1 1 1 1 1 1 1 1 2 1 1 1 1 1 1 1 2 1 1 2 1 1 2 1 1 1 1 1 1 1 1 1 1 1 1 2 1

