 Execution de l'algoritme BITS sur le fichier r250.5.col.txt
=====================================================================
 Partitions  : 
Vk[0] : 126 90 180 44 -->  4 éléments.
Vk[1] : 130 45 101 84 -->  4 éléments.
Vk[2] : 170 106 247 -->  3 éléments.
Vk[3] : 50 235 238 -->  3 éléments.
Vk[4] : 48 178 121 165 -->  4 éléments.
Vk[5] : 89 28 136 141 -->  4 éléments.
Vk[6] : 132 114 5 38 -->  4 éléments.
Vk[7] : 149 147 23 30 -->  4 éléments.
Vk[8] : 231 6 242 -->  3 éléments.
Vk[9] : 145 193 172 -->  3 éléments.
Vk[10] : 124 198 153 224 -->  4 éléments.
Vk[11] : 93 12 119 -->  3 éléments.
Vk[12] : 82 211 129 117 -->  4 éléments.
Vk[13] : 53 232 43 -->  3 éléments.
Vk[14] : 140 99 104 233 -->  4 éléments.
Vk[15] : 134 41 154 -->  3 éléments.
Vk[16] : 243 55 47 244 -->  4 éléments.
Vk[17] : 58 70 160 3 -->  4 éléments.
Vk[18] : 166 4 185 156 -->  4 éléments.
Vk[19] : 16 206 54 -->  3 éléments.
Vk[20] : 14 209 155 17 -->  4 éléments.
Vk[21] : 139 21 98 164 -->  4 éléments.
Vk[22] : 13 87 227 115 -->  4 éléments.
Vk[23] : 199 127 218 189 -->  4 éléments.
Vk[24] : 10 179 116 8 -->  4 éléments.
Vk[25] : 77 210 0 -->  3 éléments.
Vk[26] : 66 94 96 191 -->  4 éléments.
Vk[27] : 60 237 197 -->  3 éléments.
Vk[28] : 225 2 81 91 -->  4 éléments.
Vk[29] : 229 85 236 -->  3 éléments.
Vk[30] : 248 95 151 181 -->  4 éléments.
Vk[31] : 223 173 194 -->  3 éléments.
Vk[32] : 123 103 241 190 -->  4 éléments.
Vk[33] : 40 33 201 61 -->  4 éléments.
Vk[34] : 220 9 176 80 -->  4 éléments.
Vk[35] : 102 240 27 -->  3 éléments.
Vk[36] : 125 15 120 25 -->  4 éléments.
Vk[37] : 63 133 159 -->  3 éléments.
Vk[38] : 219 42 177 -->  3 éléments.
Vk[39] : 74 226 67 143 -->  4 éléments.
Vk[40] : 112 78 52 -->  3 éléments.
Vk[41] : 62 184 59 46 -->  4 éléments.
Vk[42] : 57 213 186 -->  3 éléments.
Vk[43] : 65 76 138 -->  3 éléments.
Vk[44] : 161 195 37 107 -->  4 éléments.
Vk[45] : 122 207 39 24 -->  4 éléments.
Vk[46] : 118 187 29 249 -->  4 éléments.
Vk[47] : 152 182 196 88 -->  4 éléments.
Vk[48] : 51 158 215 75 -->  4 éléments.
Vk[49] : 205 83 34 128 -->  4 éléments.
Vk[50] : 175 64 111 222 -->  4 éléments.
Vk[51] : 113 86 167 239 -->  4 éléments.
Vk[52] : 146 208 56 144 -->  4 éléments.
Vk[53] : 22 137 109 214 -->  4 éléments.
Vk[54] : 228 217 168 110 -->  4 éléments.
Vk[55] : 7 31 216 69 -->  4 éléments.
Vk[56] : 212 26 246 73 -->  4 éléments.
Vk[57] : 204 150 71 245 -->  4 éléments.
Vk[58] : 20 162 35 174 -->  4 éléments.
Vk[59] : 188 79 32 18 -->  4 éléments.
Vk[60] : 108 11 148 135 -->  4 éléments.
Vk[61] : 202 183 192 97 -->  4 éléments.
Vk[62] : 36 68 19 203 -->  4 éléments.
Vk[63] : 131 49 163 105 -->  4 éléments.
Vk[64] : 1 92 72 221 -->  4 éléments.
Vk[65] : 142 100 169 157 -->  4 éléments.
Vk[66] : 234 200 230 171 -->  4 éléments.
Matrice M
M[0] : 2 3 3 2 3 3 2 2 1 3 1 3 3 3 2 2 3 2 3 3 2 3 3 3 2 0 3 3 3 3 3 3 3 3 3 2 2 1 3 3 2 3 3 3 3 2 2 2 2 4 2 2 2 4 3 3 4 3 2 1 3 3 2 2 2 2 3
M[1] : 2 2 1 1 2 2 2 2 2 1 2 2 1 2 2 1 2 2 2 2 3 1 2 2 2 1 2 2 3 2 1 2 2 2 2 2 2 2 1 2 2 2 2 2 2 3 2 2 2 1 2 2 2 2 1 2 2 2 2 2 2 2 1 2 0 1 2
M[2] : 2 1 1 1 2 2 1 2 2 1 2 2 2 2 1 1 2 1 1 1 1 2 2 2 1 1 2 2 0 1 2 1 2 2 2 1 2 1 2 2 1 2 1 1 2 2 1 2 2 2 2 1 2 2 1 1 1 2 2 1 2 1 2 2 2 2 2
M[3] : 1 1 1 1 1 1 1 1 1 1 2 1 2 1 1 2 1 0 1 1 1 2 1 1 1 1 1 1 1 1 1 1 2 1 2 1 1 0 1 1 1 2 1 1 1 1 1 1 1 1 1 1 1 2 1 1 1 1 1 1 2 2 1 1 1 1 1
M[4] : 1 3 1 2 3 2 3 2 3 2 3 3 2 2 3 2 4 2 0 2 2 2 2 2 4 3 2 2 2 1 3 2 2 2 1 3 2 3 2 3 3 3 2 2 3 3 3 3 3 2 3 3 2 1 1 3 3 2 2 3 3 3 2 2 3 2 3
M[5] : 3 3 3 3 3 3 0 2 3 3 2 3 4 3 2 2 3 1 3 3 1 2 3 3 2 2 3 3 4 3 4 3 4 4 3 3 4 2 3 2 3 4 3 3 3 3 1 4 1 4 3 3 2 2 3 3 4 3 3 3 4 4 2 3 3 3 3
M[6] : 2 2 1 1 2 2 2 2 0 1 1 1 1 1 2 0 2 1 2 2 2 1 2 2 2 1 2 1 2 2 1 1 2 2 2 1 2 1 1 1 2 1 2 2 1 1 2 2 1 1 1 1 2 2 0 2 2 1 2 2 1 2 1 2 2 1 1
M[7] : 1 1 2 1 1 1 1 2 1 1 1 1 1 1 1 1 1 3 2 1 1 2 2 1 2 1 2 1 2 1 2 1 2 1 1 1 2 2 1 2 1 1 1 1 2 2 2 1 3 1 2 2 1 1 2 0 2 2 2 2 2 1 2 2 2 2 2
M[8] : 3 3 3 2 3 3 3 2 2 3 1 2 4 2 3 2 2 3 2 2 2 3 3 3 0 2 3 3 2 2 4 3 3 3 3 2 3 2 2 2 2 4 3 3 3 2 3 2 3 3 3 3 3 3 2 2 3 3 3 2 2 3 3 2 1 3 2
M[9] : 3 2 2 1 2 2 3 2 1 2 2 1 2 2 3 2 2 3 2 1 2 3 1 2 1 1 2 2 2 2 2 2 2 2 0 2 2 2 2 1 2 1 1 1 2 1 3 1 3 2 3 3 3 3 3 1 2 3 2 2 1 2 3 2 1 2 2
M[10] : 1 1 2 1 2 1 2 2 1 1 1 1 1 1 1 1 2 3 2 1 1 2 2 2 0 1 2 1 2 1 2 1 2 2 1 1 2 2 1 2 2 1 1 1 2 2 2 1 3 1 1 2 1 1 2 2 2 2 2 2 2 1 2 2 1 2 2
M[11] : 3 3 3 2 2 2 3 2 2 3 1 2 3 2 3 2 2 3 3 2 1 3 3 3 2 2 2 2 2 2 4 3 3 2 2 2 3 2 2 2 2 3 3 2 3 2 3 2 3 3 3 3 3 2 3 2 2 3 3 2 0 3 3 2 2 3 2
M[12] : 3 3 3 1 3 2 2 2 1 3 2 0 3 2 2 2 2 2 2 2 2 3 3 3 2 1 2 3 3 3 3 3 2 2 3 1 1 2 2 3 2 3 3 2 1 2 2 1 2 4 2 2 2 4 3 1 3 3 1 3 2 3 3 2 2 1 2
M[13] : 1 3 1 3 3 3 3 3 3 2 3 3 2 2 3 2 4 2 1 3 2 1 0 3 4 3 3 2 2 2 3 2 3 3 1 3 3 3 3 3 3 3 2 3 3 3 2 3 2 2 3 3 1 2 1 3 3 3 2 2 3 3 2 3 3 2 3
M[14] : 1 1 1 1 1 1 1 1 1 1 2 1 2 1 1 2 1 1 1 1 0 2 1 1 1 1 1 1 1 1 1 2 1 1 2 1 1 0 1 1 1 2 1 1 1 1 1 1 1 1 1 1 1 2 2 1 1 1 1 2 1 2 1 1 1 1 1
M[15] : 2 1 2 2 1 1 3 1 2 1 2 1 2 1 1 1 1 3 2 1 1 2 2 1 2 1 1 1 1 2 2 2 2 1 2 1 0 2 1 2 1 2 2 2 2 1 1 1 2 1 2 1 2 2 2 2 2 2 2 2 2 1 3 1 2 3 1
M[16] : 2 1 1 1 1 2 1 2 2 1 2 1 1 2 2 1 2 1 2 0 2 2 3 2 1 1 3 1 2 1 1 1 2 2 3 2 2 1 2 1 1 1 1 1 1 2 1 3 1 2 2 1 2 2 1 2 1 1 2 1 1 2 1 1 2 1 1
M[17] : 1 2 1 1 2 1 1 1 2 1 2 2 1 2 1 1 2 1 1 2 0 1 1 1 2 1 1 2 1 1 2 1 2 1 1 2 1 2 2 2 1 2 1 1 2 2 2 1 2 1 2 2 0 1 1 1 1 2 1 1 2 2 2 1 2 1 2
M[18] : 1 1 1 0 1 1 1 1 0 1 1 1 1 1 1 1 1 1 1 1 1 2 1 1 0 0 1 1 1 1 1 1 1 1 1 0 1 0 1 1 0 1 1 1 1 1 1 0 1 1 1 1 1 2 1 0 1 1 1 0 1 1 1 1 0 1 1
M[19] : 2 1 1 2 1 1 2 1 2 1 1 2 2 1 1 1 1 2 2 2 1 2 1 1 2 1 1 1 1 2 1 2 1 2 1 1 1 1 1 1 1 1 2 1 3 1 1 2 2 2 2 2 1 2 2 2 1 2 2 1 1 2 0 1 2 3 1
M[20] : 1 1 1 2 1 1 2 1 1 1 1 1 2 1 1 1 1 1 1 1 1 2 1 1 2 1 1 1 1 1 1 2 1 1 1 1 1 1 1 1 1 1 1 1 2 1 1 1 1 1 2 1 1 1 2 2 1 2 0 1 1 2 1 1 2 2 1
M[21] : 3 3 3 3 4 3 2 3 3 2 3 3 2 3 3 2 3 2 3 3 2 0 3 3 4 3 3 3 3 3 3 2 4 4 2 3 4 3 3 3 3 3 3 3 3 4 2 3 2 3 3 2 1 2 2 4 3 3 2 2 3 3 2 4 4 2 3
M[22] : 2 1 1 1 1 3 1 2 2 1 2 2 2 2 1 1 2 1 1 1 1 2 3 3 1 1 2 1 1 1 1 1 2 1 3 2 2 1 2 1 1 2 1 1 1 2 1 2 1 2 2 1 2 0 1 1 1 2 2 1 2 2 1 2 2 2 2
M[23] : 2 2 2 2 2 1 2 0 1 2 2 1 3 1 2 2 1 2 2 2 2 3 3 1 2 1 2 2 3 2 3 2 2 2 3 1 1 1 1 2 1 3 2 2 1 2 2 2 2 2 1 2 2 4 3 2 3 2 1 2 2 2 2 2 2 2 2
M[24] : 3 2 3 2 3 3 3 2 2 2 2 3 3 2 3 2 3 3 3 2 1 2 2 3 3 2 3 3 2 2 3 3 2 3 2 3 3 3 2 3 3 3 3 3 4 0 3 3 3 3 3 3 2 2 1 3 3 4 3 3 3 3 3 3 3 2 3
M[25] : 3 2 2 1 3 1 2 1 1 2 2 1 3 1 2 2 1 2 2 1 2 3 3 1 2 1 2 2 3 2 3 2 2 2 3 1 0 1 1 3 1 3 2 2 1 2 2 1 2 2 1 2 2 4 3 1 3 1 1 2 2 2 2 2 2 2 2
M[26] : 1 1 1 1 1 1 2 1 1 2 2 1 2 1 2 2 1 2 1 1 1 2 1 1 1 1 1 1 2 1 1 2 2 1 2 1 1 1 1 1 1 2 2 1 1 1 2 1 1 1 1 1 2 2 2 1 0 1 1 2 2 2 1 1 1 1 1
M[27] : 3 3 3 2 3 3 2 2 1 3 1 3 3 3 2 2 3 2 3 3 2 3 3 3 2 1 3 3 3 3 3 3 2 3 3 0 3 1 3 3 2 3 3 3 3 2 2 2 2 4 2 2 2 4 3 3 3 3 2 1 3 3 2 2 3 2 3
M[28] : 2 3 1 2 3 0 2 2 3 2 3 2 1 2 2 2 3 2 2 2 3 1 2 2 3 3 1 2 2 2 2 2 2 2 2 3 2 2 2 2 2 2 2 2 2 3 2 3 2 1 3 2 2 2 1 2 2 2 3 2 2 3 1 3 2 1 3
M[29] : 3 3 3 3 3 3 1 2 3 2 2 3 4 3 3 2 3 1 3 3 2 2 3 4 2 3 3 3 3 3 4 3 4 4 3 3 3 3 3 3 3 4 3 3 3 3 0 4 1 4 3 2 1 2 2 3 4 3 3 2 4 3 1 4 4 3 3
M[30] : 1 1 0 1 1 2 0 0 1 1 1 1 1 1 1 0 1 0 1 1 1 1 1 1 1 0 1 1 1 1 1 1 1 1 1 1 1 0 1 1 1 1 1 1 1 1 0 2 0 2 1 0 1 1 1 1 1 1 1 0 1 2 0 1 2 1 1
M[31] : 1 3 1 2 3 2 2 2 3 2 3 2 2 2 2 2 3 2 1 2 2 1 1 1 3 3 1 2 2 1 2 2 2 1 1 3 1 2 2 2 2 2 2 1 2 3 2 2 2 2 2 2 1 1 1 0 2 2 1 2 2 3 2 3 2 1 3
M[32] : 3 3 3 3 3 3 2 2 2 3 2 3 3 3 2 2 3 1 3 3 2 2 3 3 2 2 3 3 3 3 4 3 4 4 3 3 3 2 3 3 2 4 3 3 3 3 1 3 2 4 3 2 2 3 3 3 4 3 3 0 3 4 2 2 3 3 3
M[33] : 2 1 2 2 1 1 2 1 2 1 2 1 3 1 1 1 1 3 2 1 1 2 2 2 2 1 2 1 2 2 2 1 2 0 2 1 2 2 1 2 1 2 1 2 2 2 2 2 3 1 2 2 2 1 2 2 2 2 2 3 2 1 3 1 2 3 1
M[34] : 2 1 2 2 1 1 3 1 2 1 2 2 3 1 2 2 1 3 2 2 1 2 2 2 2 2 2 1 2 2 2 2 2 2 2 2 2 3 1 2 1 2 2 2 3 2 2 2 3 0 2 2 2 2 2 3 2 2 3 3 2 1 3 1 2 3 1
M[35] : 1 1 0 1 1 2 1 1 1 1 1 1 1 1 1 1 1 0 1 1 1 1 2 2 1 0 2 1 1 1 1 1 1 1 2 2 1 1 2 1 1 1 1 1 1 2 1 1 0 2 2 1 2 1 1 1 1 1 0 1 1 2 1 1 2 1 1
M[36] : 1 1 1 1 1 1 2 1 1 2 2 1 2 1 2 2 1 1 1 1 1 2 1 1 1 1 1 1 2 1 1 2 2 1 2 1 1 1 1 1 1 2 2 1 1 1 1 1 1 2 1 1 2 2 2 1 1 1 1 2 2 2 0 1 2 1 1
M[37] : 1 1 1 1 1 1 2 1 1 1 0 0 2 1 1 0 1 1 1 0 1 2 1 1 2 1 1 0 0 1 1 2 1 1 1 1 1 1 1 1 1 1 1 0 0 1 1 1 1 1 2 1 1 1 2 2 1 1 1 1 1 2 1 1 1 1 1
M[38] : 1 1 1 1 1 1 0 1 2 1 2 1 0 1 1 1 1 1 1 1 1 0 1 1 2 2 1 1 1 1 1 1 1 1 1 2 1 1 0 1 1 1 1 1 1 2 1 1 1 1 2 1 0 0 0 1 1 1 1 1 1 2 1 1 2 1 1
M[39] : 1 2 1 1 2 2 2 2 1 1 1 1 1 1 2 1 2 1 1 1 1 1 1 1 2 2 1 1 1 1 1 1 1 2 1 2 1 1 1 1 1 1 1 1 1 0 1 2 1 2 1 1 0 1 1 2 1 1 1 1 1 2 1 1 2 1 2
M[40] : 2 3 1 2 3 2 2 2 3 2 3 2 2 2 2 2 3 2 1 2 2 1 1 1 4 3 1 2 2 2 2 2 2 0 1 3 1 2 2 2 2 2 2 2 2 3 2 3 2 1 2 2 1 1 1 1 2 2 1 2 2 3 2 3 2 1 3
M[41] : 3 3 3 2 3 3 2 2 1 3 2 3 3 3 2 0 3 2 3 3 2 3 3 3 2 1 3 3 3 3 3 3 4 3 3 3 3 1 3 3 2 3 3 3 3 3 2 2 2 4 3 2 2 4 3 3 4 3 3 1 3 3 2 2 3 2 3
M[42] : 2 2 2 2 2 2 2 2 2 1 2 2 3 1 3 2 1 3 2 2 2 2 2 2 3 2 2 1 2 2 2 1 2 2 2 2 2 3 0 3 2 2 1 2 3 2 3 2 3 2 2 3 2 1 2 3 2 2 3 3 2 1 3 2 2 3 2
M[43] : 1 3 2 2 2 2 3 2 2 2 2 2 3 0 3 2 2 3 2 1 2 2 2 2 3 3 2 1 2 1 3 1 2 2 2 3 2 3 1 3 3 3 1 2 3 2 3 3 3 2 1 3 2 1 1 3 2 2 3 3 2 2 3 2 3 2 3
M[44] : 0 3 2 2 3 3 3 3 3 2 3 3 3 2 3 2 4 2 1 3 2 2 2 3 4 3 3 2 2 2 3 2 2 3 2 3 3 3 3 3 3 3 2 3 3 3 3 3 3 3 3 3 2 1 1 3 3 3 2 3 3 3 3 2 3 2 3
M[45] : 2 0 2 1 1 1 2 1 1 1 2 1 2 1 2 2 1 2 1 1 1 2 2 1 1 1 1 1 2 1 2 1 2 1 2 1 1 0 1 2 1 2 1 1 1 1 1 1 1 1 1 1 2 2 1 1 2 1 1 2 2 2 1 2 1 1 1
M[46] : 1 2 1 1 2 2 3 2 2 1 2 1 2 1 3 1 2 3 1 1 2 2 1 2 3 2 2 1 2 1 2 1 2 2 1 2 2 3 1 3 2 0 1 1 1 2 3 2 3 2 1 3 2 1 1 2 2 1 1 3 2 2 2 2 3 1 2
M[47] : 1 1 1 1 1 1 1 1 2 1 2 1 1 1 1 1 0 1 1 1 1 0 1 1 2 2 1 1 1 1 1 1 1 1 1 2 1 1 0 1 1 1 1 1 2 2 1 1 1 1 2 1 0 0 0 1 1 1 1 1 1 2 1 1 2 1 1
M[48] : 2 2 2 1 0 1 2 1 1 2 2 1 3 1 2 2 1 2 1 1 2 3 2 1 1 1 2 1 3 2 3 2 2 1 2 1 1 1 1 3 1 2 2 2 1 2 2 1 2 2 1 2 2 3 3 1 2 1 1 2 2 2 2 2 2 1 2
M[49] : 1 3 1 1 3 2 2 2 2 1 2 2 2 2 3 1 3 2 1 1 2 1 1 1 2 2 1 1 2 1 2 1 1 1 1 2 1 2 2 2 1 2 1 1 2 3 2 2 2 1 2 2 1 1 1 2 1 1 1 1 2 2 2 0 2 1 3
M[50] : 2 1 2 0 1 3 1 2 2 1 2 1 1 2 1 1 2 1 1 1 1 2 3 2 1 1 2 1 1 1 1 1 2 2 3 2 2 1 2 1 1 2 1 1 1 2 1 3 1 2 2 1 2 1 1 2 1 1 2 1 1 2 1 2 2 1 2
M[51] : 2 1 1 1 1 1 1 1 1 1 0 1 2 1 1 1 1 1 2 1 1 1 1 1 2 1 1 1 0 1 2 1 1 1 1 1 1 1 1 2 1 2 1 0 2 1 1 1 0 1 2 1 1 1 2 1 1 2 2 1 2 1 2 1 2 2 1
M[52] : 3 2 2 2 3 3 1 2 2 3 2 3 2 3 1 1 2 2 3 3 3 2 3 3 2 1 4 3 3 3 2 3 4 3 4 2 3 1 2 2 0 3 3 3 2 3 1 3 2 3 3 2 3 3 3 3 4 3 2 1 3 3 2 3 3 2 3
M[53] : 2 2 1 1 2 2 1 1 2 1 1 1 1 0 2 1 1 1 2 2 2 2 2 2 2 2 3 1 1 2 1 1 2 2 2 2 2 1 2 1 2 1 1 2 1 1 1 3 1 2 2 1 2 2 1 2 2 1 1 1 1 2 1 2 2 1 1
M[54] : 3 3 3 1 2 2 2 2 1 3 2 1 3 1 2 2 2 2 1 0 2 4 3 2 1 1 2 2 2 2 3 3 2 1 3 1 1 2 2 3 2 2 2 1 1 2 2 1 2 2 3 2 2 3 2 1 2 2 2 3 2 2 3 2 1 1 2
M[55] : 2 1 2 2 1 2 2 2 2 1 2 2 3 1 2 2 0 3 2 2 1 2 2 2 2 2 2 1 2 2 2 1 2 3 2 2 2 3 1 3 2 2 2 2 3 2 3 2 3 2 2 2 2 1 2 3 2 2 3 3 2 1 3 2 2 3 2
M[56] : 3 3 3 3 3 3 1 2 3 3 2 3 4 3 3 2 3 1 3 3 1 2 3 3 2 2 3 3 3 3 4 3 4 4 3 3 4 2 3 2 3 4 3 3 3 3 1 4 1 4 3 3 0 2 2 3 4 3 3 2 4 4 2 3 3 3 3
M[57] : 2 2 2 1 2 2 2 2 1 1 2 1 3 1 2 2 2 2 1 1 2 3 2 2 1 1 2 1 2 1 2 2 2 1 2 1 2 2 1 3 2 2 0 1 2 2 2 1 2 2 2 2 2 3 2 1 2 2 2 3 2 2 3 2 1 2 2
M[58] : 1 1 1 2 1 1 2 1 1 1 0 1 2 1 1 1 1 0 1 1 1 1 1 1 2 1 1 1 1 2 2 1 1 1 1 1 1 1 1 1 1 2 1 0 2 1 1 1 1 1 2 1 1 2 2 2 1 2 1 1 2 1 2 1 2 2 1
M[59] : 3 2 2 2 3 3 1 2 2 2 2 3 1 3 2 1 2 1 2 2 3 2 3 3 3 2 3 2 3 2 1 2 3 3 3 2 3 1 2 1 2 0 2 3 3 3 1 3 1 2 3 1 2 2 2 3 2 3 3 2 2 3 1 4 3 2 3
M[60] : 3 1 2 1 1 3 1 2 2 1 2 2 1 2 2 1 2 1 2 2 3 2 3 3 2 1 3 0 2 2 1 1 2 2 3 2 3 1 2 1 1 2 2 2 2 3 1 3 1 2 2 1 2 2 2 2 2 2 2 1 1 2 1 2 2 2 2
M[61] : 2 1 1 1 1 3 1 2 2 1 1 2 2 2 1 1 2 1 1 1 1 2 2 2 1 1 2 2 1 1 1 1 2 0 2 1 2 1 2 1 1 2 1 1 1 2 1 2 1 2 2 1 2 1 1 1 1 2 2 1 2 1 1 2 2 2 2
M[62] : 1 2 1 2 1 1 1 1 1 2 2 1 1 1 2 2 1 2 2 1 1 1 1 1 2 1 1 2 2 2 2 2 1 2 1 1 1 1 1 2 1 0 2 2 1 1 2 2 1 2 1 1 2 2 2 2 2 1 1 2 1 2 1 1 2 2 1
M[63] : 2 1 2 2 1 1 3 1 2 1 2 2 2 1 1 1 1 2 2 2 1 2 2 1 2 1 1 1 1 2 2 2 2 1 2 1 1 0 1 2 1 2 2 2 3 1 2 2 2 1 2 1 2 2 2 2 2 2 3 2 2 1 3 1 2 3 1
M[64] : 2 2 1 1 2 2 2 2 2 1 1 2 1 1 2 1 2 1 2 2 2 1 2 2 2 1 2 2 2 2 1 1 2 2 2 1 2 2 1 1 2 1 2 2 1 1 2 2 1 1 0 1 2 2 0 2 2 2 2 2 1 2 1 2 2 0 1
M[65] : 3 1 2 1 2 3 1 2 2 1 2 2 2 2 1 1 2 1 1 1 2 2 3 3 2 1 2 2 2 1 1 1 2 3 3 2 3 1 2 1 1 2 1 0 2 3 1 3 1 2 2 1 2 2 1 1 1 2 2 1 2 2 1 2 2 2 2
M[66] : 1 1 0 1 1 1 0 1 1 1 1 1 0 1 0 0 1 0 1 1 1 1 1 1 1 0 0 1 1 1 1 1 1 1 1 0 1 0 1 1 1 1 1 1 1 1 0 1 0 1 1 0 1 1 1 1 1 1 1 0 1 1 0 1 2 1 1
M[67] : 1 2 1 1 2 2 2 2 1 1 1 1 2 1 2 1 2 2 1 1 2 2 1 2 2 2 2 1 2 1 1 1 1 2 1 2 2 2 1 0 2 1 1 1 1 2 3 2 3 2 1 3 0 1 1 2 1 1 1 1 1 2 2 2 2 1 2
M[68] : 1 2 1 1 2 1 2 2 1 1 1 1 1 1 2 1 2 2 2 1 2 2 1 2 2 2 2 1 2 1 1 1 1 2 1 1 2 2 1 2 2 1 1 1 1 2 2 1 3 1 1 2 1 1 1 2 2 1 1 2 1 1 0 2 1 1 2
M[69] : 3 3 3 2 2 2 3 2 1 3 2 2 3 2 3 2 2 3 3 2 2 3 3 2 1 2 2 2 2 2 3 3 2 2 3 2 3 2 2 3 2 3 3 2 3 2 2 1 2 2 3 3 3 3 2 0 2 3 2 2 2 3 3 2 1 3 2
M[70] : 1 2 1 1 2 2 2 2 1 1 1 1 1 1 2 1 2 0 1 1 2 1 1 1 2 2 1 1 1 1 1 1 1 2 1 2 2 1 1 1 1 1 1 1 1 2 2 2 2 2 1 3 0 1 1 2 1 1 1 1 1 2 2 1 2 1 2
M[71] : 1 1 1 1 1 1 2 1 0 1 1 0 2 1 1 0 1 1 1 1 1 2 1 1 2 1 1 0 1 1 1 2 1 2 1 1 1 1 1 1 1 1 1 1 2 1 1 1 1 2 2 1 1 1 2 2 1 0 1 1 1 2 1 1 1 2 1
M[72] : 3 3 3 2 2 2 3 2 2 3 2 2 4 2 3 3 2 3 3 2 2 3 3 3 1 2 2 2 2 2 3 3 2 2 3 2 3 2 2 2 2 4 3 2 3 2 3 2 3 3 3 3 3 3 3 2 2 3 3 2 2 3 3 2 0 3 2
M[73] : 3 1 2 1 1 3 1 2 2 1 2 2 2 2 1 1 2 1 2 1 1 2 3 3 1 1 3 1 2 1 1 1 2 2 3 2 3 1 2 1 1 2 1 1 2 3 1 3 1 2 2 1 2 2 1 2 0 2 2 1 1 2 1 2 2 2 2
M[74] : 2 2 2 2 2 2 3 1 2 1 1 2 3 1 2 2 2 2 3 2 1 3 2 2 2 2 1 1 1 2 2 2 1 2 2 2 2 2 1 0 1 2 2 2 3 1 2 2 2 2 2 3 2 2 2 2 1 3 3 2 1 2 3 1 2 3 1
M[75] : 2 3 3 3 3 3 2 2 3 2 3 3 3 3 3 2 3 2 3 3 2 2 3 3 4 3 3 3 3 3 4 3 4 4 3 3 3 3 3 3 3 3 3 3 3 3 2 3 0 3 3 3 1 2 2 3 3 3 2 3 3 4 3 3 4 2 3
M[76] : 3 3 3 1 2 2 2 2 1 3 2 1 3 2 3 2 2 2 2 2 2 4 3 2 1 1 2 2 2 2 3 3 2 2 3 1 2 2 2 3 2 3 3 0 1 2 2 1 2 2 3 2 3 3 2 1 2 3 2 3 2 3 3 2 1 1 2
M[77] : 1 2 1 1 2 1 1 1 2 1 2 2 1 2 1 1 2 1 1 1 1 1 1 1 1 0 1 1 1 1 2 1 2 1 1 2 1 1 1 2 1 2 1 1 2 2 2 1 2 1 2 2 0 1 1 1 1 2 1 1 2 2 2 1 2 1 2
M[78] : 2 1 2 2 1 1 3 1 2 1 1 2 3 1 2 2 2 2 3 2 1 3 2 1 2 2 1 1 1 2 2 2 2 2 2 2 2 3 1 2 0 2 2 2 3 1 2 2 2 2 2 2 2 2 2 2 2 3 3 3 2 2 3 1 2 3 1
M[79] : 1 2 1 1 2 2 3 2 2 1 2 2 2 1 2 1 2 2 1 1 2 1 1 2 2 2 2 1 2 1 1 1 1 2 1 2 2 2 2 2 2 2 1 1 2 3 3 2 2 2 2 3 1 1 1 2 1 1 1 0 1 2 2 2 2 1 3
M[80] : 1 3 1 3 3 3 3 3 3 2 3 3 2 2 3 2 4 2 1 3 2 2 2 3 4 3 3 2 2 2 3 2 3 3 0 3 3 3 3 3 3 3 2 3 3 3 3 3 2 2 3 3 1 2 1 3 3 3 2 3 3 3 2 2 3 2 3
M[81] : 3 3 3 2 3 3 3 2 2 3 1 3 3 2 2 2 3 2 2 3 1 3 3 3 3 2 3 3 0 3 4 3 3 3 3 3 3 3 2 3 3 3 3 3 3 2 2 2 1 3 2 3 3 2 2 3 4 4 3 3 3 3 3 3 3 2 3
M[82] : 3 2 2 1 2 2 3 2 1 2 2 1 0 2 3 2 2 3 2 1 2 2 1 2 1 1 1 2 2 1 2 2 1 2 1 2 2 2 2 1 1 1 1 1 2 1 3 1 3 2 3 2 3 2 3 1 2 3 2 2 1 2 3 2 1 2 2
M[83] : 2 3 1 2 3 2 2 3 3 2 3 3 1 2 2 2 4 2 2 2 3 1 2 2 3 3 2 2 3 2 2 2 2 2 2 3 2 2 3 2 2 2 2 2 3 3 2 3 2 0 3 2 2 2 2 2 2 2 3 2 3 3 1 3 4 2 3
M[84] : 2 0 2 2 1 2 2 2 2 1 2 2 3 1 2 2 2 3 2 2 1 2 2 2 2 2 2 1 2 2 2 2 2 3 2 2 2 3 1 3 2 2 2 2 3 2 3 2 3 2 2 2 2 2 2 3 2 2 3 3 2 1 3 2 2 3 2
M[85] : 3 2 2 1 2 2 2 2 1 2 2 1 3 1 3 2 2 3 2 1 2 3 2 2 1 1 2 2 2 0 2 2 2 2 2 1 2 2 2 2 2 2 1 1 2 2 2 1 2 2 2 3 3 3 3 1 2 2 2 3 2 2 3 2 1 2 2
M[86] : 1 1 1 1 1 1 1 1 1 1 1 1 1 1 1 1 1 1 1 1 1 0 1 1 2 2 1 1 1 1 1 1 1 1 1 2 1 1 1 1 1 1 1 1 1 1 1 2 1 1 1 0 0 0 0 2 1 1 1 1 1 2 1 1 2 1 1
M[87] : 2 2 2 2 2 2 3 2 2 2 1 2 2 1 3 2 2 2 3 2 1 3 0 2 2 2 1 2 1 2 1 2 1 2 2 2 2 2 1 1 1 1 2 1 3 1 3 2 2 2 2 3 2 2 3 2 1 3 2 2 1 2 2 1 2 3 1
M[88] : 3 3 3 2 3 3 2 2 1 3 2 2 3 3 3 2 3 2 3 3 2 3 3 3 2 1 2 3 3 3 3 3 2 4 3 2 2 2 2 3 2 3 3 3 2 2 2 0 2 4 2 2 2 4 3 2 3 3 1 2 3 3 3 2 2 2 3
M[89] : 2 1 2 2 1 0 2 1 2 1 2 2 3 1 2 2 1 3 2 2 1 2 2 2 2 2 2 1 2 2 2 2 2 2 2 2 2 3 1 3 2 2 2 2 3 2 3 2 3 2 2 2 2 1 2 3 2 2 3 3 2 1 3 2 2 3 2
M[90] : 0 2 1 1 2 1 2 1 1 2 1 1 1 0 2 0 1 2 2 1 1 2 1 2 1 0 1 0 1 1 1 1 1 2 1 0 2 1 1 1 1 1 1 1 2 1 2 1 1 2 1 2 1 1 3 1 1 2 2 1 1 1 1 1 1 2 1
M[91] : 1 2 1 1 2 2 3 2 2 1 2 2 2 1 2 1 3 2 1 1 2 1 1 1 2 2 1 1 0 1 1 1 1 2 1 2 1 2 2 2 1 2 1 1 2 3 2 2 2 2 2 2 1 1 1 2 1 1 1 1 2 2 2 1 2 1 3
M[92] : 1 2 1 1 2 2 2 2 1 1 2 1 2 1 2 1 2 3 2 1 2 2 2 2 2 2 2 1 2 1 2 1 1 2 1 1 2 2 1 2 2 1 1 1 1 2 3 1 3 2 1 3 1 1 1 2 2 1 2 2 2 1 3 2 0 1 2
M[93] : 2 2 1 1 2 2 1 1 2 1 2 0 1 1 2 1 1 1 2 2 2 1 2 2 2 2 2 1 3 2 1 1 2 2 2 2 2 1 1 1 2 1 2 2 1 2 2 2 1 2 2 1 2 2 1 2 2 1 2 2 1 2 1 2 2 1 1
M[94] : 1 3 1 1 3 2 3 2 3 2 3 2 2 2 3 2 3 2 1 2 2 1 1 1 4 3 0 2 2 1 2 2 2 2 1 3 1 2 2 2 2 2 2 1 2 3 2 2 2 2 2 2 1 1 1 2 2 2 1 2 2 3 2 2 2 1 3
M[95] : 3 2 2 2 2 2 3 2 2 2 1 2 3 1 3 2 2 2 3 2 1 3 2 2 2 2 1 2 1 2 0 2 1 2 2 2 2 2 1 1 1 2 2 1 3 1 3 2 2 2 2 3 2 2 3 2 1 3 2 2 1 2 2 1 2 3 1
M[96] : 2 1 2 2 2 2 3 2 2 1 1 2 3 1 2 2 2 2 3 2 1 3 2 3 2 2 0 1 1 2 2 2 2 2 2 2 3 2 1 3 2 2 2 2 3 1 2 2 2 2 3 3 2 2 2 2 2 3 3 3 2 2 3 1 2 3 1
M[97] : 1 3 2 2 2 2 3 2 2 1 2 2 3 1 3 2 2 3 2 1 2 2 2 2 3 3 2 1 2 1 3 1 2 2 2 3 2 3 1 3 3 3 1 2 3 2 3 3 3 2 1 3 2 1 1 3 2 2 3 3 2 0 3 2 2 2 3
M[98] : 2 1 2 1 1 1 1 1 1 1 2 1 2 1 1 2 1 2 1 1 1 0 2 2 1 1 2 1 2 1 2 1 2 1 1 1 1 0 1 2 1 1 1 1 2 0 1 1 1 1 2 1 1 2 1 1 2 2 2 2 2 1 2 2 1 2 1
M[99] : 1 2 1 1 2 1 1 1 2 1 2 2 1 2 0 1 2 1 1 2 2 1 1 1 2 2 1 2 1 1 2 1 2 1 1 2 1 2 2 2 1 2 1 1 2 3 2 1 2 1 2 2 1 1 1 1 1 2 1 1 2 2 2 1 2 1 2
M[100] : 2 1 1 1 1 2 1 2 2 1 1 1 2 2 1 1 2 0 1 1 1 1 2 2 1 1 2 1 1 1 1 1 2 1 2 1 2 1 2 2 1 2 1 1 1 1 1 2 0 1 1 1 2 1 1 1 1 2 1 1 2 1 0 2 1 0 2
M[101] : 1 0 1 1 2 1 1 1 2 1 2 2 1 2 1 1 2 1 1 1 1 1 1 1 1 2 1 1 1 1 2 1 2 1 1 2 1 1 2 2 1 2 1 1 2 2 2 1 2 1 2 2 0 1 1 1 1 1 1 1 2 2 2 1 2 1 2
M[102] : 1 2 2 2 2 2 3 2 2 1 2 1 3 1 3 2 2 3 2 1 2 2 2 2 3 3 2 1 2 1 2 1 2 2 2 0 2 3 1 3 2 2 1 1 2 2 3 2 3 2 1 3 2 1 2 3 2 2 3 3 2 1 3 2 2 3 2
M[103] : 1 2 1 1 1 2 1 1 1 1 1 1 1 1 2 1 1 0 1 1 2 1 2 2 2 1 2 1 1 1 1 1 0 2 2 1 2 1 1 1 2 1 1 1 1 1 1 2 1 2 2 1 2 1 1 2 1 1 1 1 1 2 1 1 2 1 1
M[104] : 3 3 2 3 3 3 1 3 2 3 2 3 3 3 0 2 3 1 3 3 2 2 4 4 2 1 3 3 3 3 3 3 4 3 4 3 3 1 3 2 3 4 3 3 3 3 1 3 2 4 3 2 3 2 2 3 4 3 3 1 3 3 2 4 3 3 3
M[105] : 1 2 1 2 2 1 2 1 1 2 2 1 3 1 2 2 1 2 2 1 2 3 1 1 2 1 1 2 3 2 2 2 2 2 2 1 1 1 1 2 1 3 2 2 1 2 2 2 2 2 1 2 2 2 2 2 2 2 1 2 2 2 2 0 2 2 1
M[106] : 2 2 0 2 2 2 3 2 2 2 1 2 2 1 2 1 2 2 2 2 1 3 1 2 2 2 1 2 1 2 1 2 1 2 1 2 2 1 1 1 1 1 2 1 3 1 3 2 2 2 2 2 2 2 3 2 1 3 2 2 1 2 2 1 1 2 1
M[107] : 3 3 3 1 3 2 2 2 1 3 2 2 3 2 3 2 2 2 2 2 2 3 3 2 2 1 2 3 3 3 3 3 2 1 3 1 1 2 2 3 2 3 3 2 0 2 2 1 2 3 3 2 2 3 3 1 3 3 1 3 2 3 3 2 2 1 2
M[108] : 2 2 1 1 2 2 1 1 2 1 2 1 1 1 2 1 2 1 2 2 3 2 2 2 2 2 3 1 3 2 1 1 2 2 2 2 2 1 2 1 2 1 2 2 1 2 1 3 1 2 2 1 2 2 1 2 2 1 2 1 0 2 1 2 2 1 1
M[109] : 2 2 2 1 2 1 1 2 1 1 2 1 1 1 1 2 1 3 2 1 2 2 1 2 1 1 1 1 2 1 2 1 1 1 1 1 2 1 0 1 1 1 1 1 2 1 1 1 1 2 1 2 2 0 2 1 2 2 2 2 1 1 2 1 1 2 1
M[110] : 1 1 1 0 1 1 2 1 1 1 0 0 2 0 1 0 1 1 1 0 0 1 1 1 1 1 1 0 0 1 1 0 1 1 1 1 1 1 1 1 1 1 0 0 1 0 1 1 1 1 1 1 1 1 0 1 1 1 1 1 1 0 1 1 1 1 1
M[111] : 1 1 1 1 1 1 2 1 0 0 0 0 1 0 1 0 1 1 2 1 1 2 1 1 1 0 1 0 0 1 1 1 1 2 1 0 1 1 1 1 1 1 1 1 2 1 1 0 1 2 0 2 1 1 1 2 1 1 1 1 1 1 1 1 1 1 1
M[112] : 1 3 1 1 3 2 2 1 2 1 2 2 2 2 2 1 3 2 1 1 2 1 1 1 2 2 1 1 2 1 2 1 2 1 1 2 1 2 2 2 0 2 1 1 2 3 2 2 2 1 2 2 1 1 1 1 1 2 1 1 2 2 2 1 2 1 3
M[113] : 2 1 2 1 1 1 2 1 1 1 2 1 2 1 2 2 1 2 1 1 2 2 2 1 1 1 2 1 2 1 2 2 2 1 2 1 1 1 1 2 1 2 1 1 1 2 2 1 2 1 2 0 2 2 1 1 2 1 1 2 2 2 3 2 1 1 1
M[114] : 2 1 2 1 2 1 0 2 1 1 2 1 1 1 1 2 1 3 2 1 2 2 1 2 1 1 1 1 2 1 2 1 1 1 1 1 2 1 0 1 1 1 1 1 2 1 1 1 1 2 1 2 2 2 2 1 2 2 2 3 1 1 2 2 1 2 2
M[115] : 1 1 0 1 1 2 0 1 1 1 1 1 1 1 1 0 1 0 1 1 1 1 0 1 1 0 2 1 1 1 1 1 1 1 1 1 1 1 1 1 1 1 1 1 1 1 0 1 0 2 2 1 1 1 1 1 1 1 1 0 1 2 0 1 2 1 1
M[116] : 3 1 2 1 1 3 1 2 2 1 2 2 1 2 2 1 2 1 2 2 3 2 3 3 0 1 3 1 2 2 1 1 2 2 3 2 3 1 2 1 1 2 1 1 2 3 1 3 1 2 2 1 2 2 1 2 2 2 2 1 1 2 1 2 2 2 2
M[117] : 1 2 1 1 1 1 1 1 1 2 2 1 0 1 2 2 1 1 2 1 1 2 1 1 1 1 1 1 2 2 2 2 1 2 1 1 1 1 1 2 1 1 2 2 1 1 2 1 1 2 1 1 2 2 2 1 2 1 1 2 1 2 1 1 2 2 1
M[118] : 2 1 2 1 1 1 1 1 1 1 1 1 2 1 1 1 1 3 2 1 1 1 1 1 2 1 1 1 1 1 2 1 2 1 2 1 1 2 1 2 1 2 1 1 2 1 0 1 2 1 2 1 1 1 2 1 2 2 2 2 2 1 2 1 2 2 1
M[119] : 1 3 2 2 2 2 3 2 2 2 2 0 2 1 3 2 2 3 2 1 2 2 2 2 3 3 2 1 2 1 3 1 2 2 1 3 2 3 1 3 3 3 1 1 3 3 3 3 3 2 2 3 2 1 1 3 2 1 3 3 2 2 3 2 3 2 3
M[120] : 1 1 0 1 1 2 1 1 1 1 1 1 1 1 1 1 1 0 1 1 1 2 1 2 1 0 2 1 1 1 1 1 1 1 2 2 0 1 2 1 1 1 1 1 1 2 1 2 0 2 2 1 2 1 1 1 1 1 1 1 1 2 1 1 2 1 1
M[121] : 1 1 1 1 0 1 1 1 2 1 2 2 2 2 1 1 2 1 1 1 1 1 1 1 2 2 1 1 1 1 1 1 1 1 1 2 1 1 2 1 1 2 1 1 2 2 1 1 1 1 2 2 0 1 1 1 1 1 1 1 2 2 2 1 2 1 2
M[122] : 2 2 1 2 2 1 1 1 1 2 2 1 2 1 2 2 1 2 2 2 1 2 1 2 2 1 1 2 3 2 2 2 1 2 1 1 2 1 1 2 1 2 2 2 1 0 2 2 2 2 1 2 2 2 2 2 2 2 2 2 2 2 2 1 2 2 1
M[123] : 1 2 1 2 2 1 1 1 1 2 2 1 2 1 2 2 1 2 2 2 1 3 1 1 2 1 1 2 3 2 2 2 0 2 2 1 1 1 1 2 1 3 2 2 1 1 2 2 2 2 1 2 2 2 2 2 2 2 1 2 2 2 2 1 2 2 1
M[124] : 1 2 1 1 2 2 2 2 1 1 0 1 1 1 2 1 2 1 1 1 2 1 1 2 2 2 1 1 1 1 1 1 1 2 1 2 2 2 1 1 1 1 1 1 1 2 2 2 2 2 1 3 0 1 1 2 1 1 1 1 1 2 2 1 2 1 2
M[125] : 1 3 1 3 3 2 3 2 3 2 3 2 2 2 3 2 3 2 1 2 2 1 1 2 4 3 2 2 2 1 2 2 2 2 1 3 0 2 2 2 3 2 2 2 2 3 2 3 2 2 3 3 1 1 1 3 3 2 2 2 3 3 2 2 3 2 3
M[126] : 0 2 1 2 2 1 2 1 1 2 2 1 3 1 2 2 1 2 2 1 2 3 1 1 2 1 1 2 3 2 3 2 2 2 2 1 1 1 1 2 1 3 2 2 1 2 2 2 2 2 1 2 2 4 3 2 3 2 1 2 2 2 2 2 2 2 2
M[127] : 2 3 1 3 3 2 2 2 3 2 3 3 2 2 3 2 4 2 1 2 2 1 1 0 4 3 2 2 2 2 2 2 2 2 1 3 2 2 2 2 2 2 2 2 2 3 2 3 2 2 3 2 1 2 1 1 2 2 3 2 3 3 2 3 3 2 3
M[128] : 3 2 2 1 2 1 2 2 1 2 2 1 3 1 2 2 1 2 1 1 2 3 2 2 1 1 2 1 2 1 3 2 2 1 2 1 1 1 1 3 2 2 2 1 1 2 2 1 2 0 2 2 2 3 3 1 2 2 1 2 2 2 3 2 1 1 2
M[129] : 3 3 2 3 4 3 1 3 3 2 2 3 0 3 3 2 3 1 3 3 3 2 3 4 3 3 3 3 3 3 3 2 4 4 4 3 3 2 3 3 3 3 3 3 3 3 2 3 1 4 3 1 2 2 2 3 3 3 3 2 3 3 1 4 4 3 3
M[130] : 3 0 2 2 3 3 1 2 2 2 2 3 2 3 2 1 2 1 3 3 3 2 3 3 2 2 3 3 2 2 1 2 3 3 3 2 3 1 2 1 2 2 2 3 2 3 1 3 1 3 3 1 2 2 2 3 2 3 3 1 3 3 1 4 3 2 3
M[131] : 1 1 0 1 1 2 0 1 1 1 1 1 1 1 1 0 1 0 1 1 1 1 2 2 1 0 1 1 1 1 1 1 1 2 1 1 1 1 1 1 1 1 1 1 1 1 1 2 0 2 1 1 1 1 1 2 1 1 1 0 1 2 1 0 2 1 1
M[132] : 2 1 2 1 1 1 0 1 1 1 2 1 2 1 1 1 1 3 2 1 1 2 2 1 2 1 2 1 2 1 2 1 2 1 2 1 2 2 1 2 1 2 1 1 2 2 2 1 3 1 2 1 1 1 2 2 2 2 2 2 2 1 3 1 2 2 2
M[133] : 1 2 1 1 2 2 2 2 1 1 1 1 2 1 2 1 2 2 1 1 2 1 1 2 2 2 1 1 2 1 1 1 1 2 1 2 2 0 1 1 2 1 1 1 1 3 3 2 2 2 2 3 0 1 1 2 1 1 1 1 1 2 2 2 2 1 3
M[134] : 1 2 1 1 2 2 3 2 2 1 2 1 2 1 3 0 2 3 2 1 2 2 2 2 3 2 2 1 2 1 2 1 2 2 1 2 2 3 1 3 2 1 1 1 1 2 3 2 3 2 1 3 2 1 1 2 2 1 2 3 2 1 3 2 2 1 2
M[135] : 1 2 1 1 1 1 1 1 1 2 2 1 1 1 2 2 1 2 2 1 1 2 1 1 1 1 1 1 2 2 2 2 1 2 1 1 1 1 1 2 1 2 2 2 1 1 2 1 1 2 1 1 2 2 2 1 1 1 1 2 0 2 1 1 2 2 1
M[136] : 1 1 0 1 1 0 0 1 1 1 1 1 0 1 0 0 1 0 1 1 1 1 1 1 1 0 1 1 1 1 1 1 1 1 1 0 1 0 1 1 1 1 1 1 1 1 0 1 0 1 1 0 1 1 1 1 1 1 1 0 1 1 0 1 2 1 1
M[137] : 1 1 1 1 1 1 1 1 1 1 2 1 1 1 1 2 1 1 1 1 1 2 1 1 1 1 1 1 2 1 1 2 1 1 2 1 1 0 1 1 1 2 1 1 1 1 1 1 1 2 1 1 1 0 2 1 1 1 1 2 1 2 1 1 2 1 1
M[138] : 1 3 1 2 3 2 3 2 3 2 3 2 2 2 3 2 3 2 1 1 2 2 1 2 3 3 2 2 2 1 2 1 2 2 1 3 2 3 2 3 3 2 1 0 2 3 3 3 2 2 2 3 2 1 1 3 2 2 2 3 3 2 2 2 3 2 3
M[139] : 2 2 1 2 2 2 1 2 1 2 1 1 2 2 1 2 1 2 2 2 2 0 2 2 1 1 2 2 2 1 2 1 1 2 2 1 2 1 1 2 1 2 1 2 1 1 1 2 1 2 1 2 3 2 2 1 2 2 2 2 2 1 2 1 1 2 1
M[140] : 2 1 2 2 1 1 2 1 2 1 2 1 3 1 0 1 1 3 2 1 1 2 2 2 2 1 2 1 2 2 2 1 2 1 2 1 2 3 1 2 1 2 1 2 3 2 3 2 3 1 2 2 2 1 2 2 2 2 3 3 2 1 3 2 2 3 1
M[141] : 2 2 2 2 3 0 2 1 1 2 2 1 3 1 2 2 1 2 2 1 2 3 3 1 2 1 2 2 3 2 3 2 2 2 3 1 1 1 1 3 1 3 2 2 1 2 2 1 2 2 1 2 2 4 3 1 3 2 1 2 2 2 2 2 2 2 2
M[142] : 1 2 1 1 2 2 3 2 2 1 2 1 2 1 3 1 2 3 2 1 2 2 2 2 3 2 2 1 2 1 2 1 2 2 1 2 2 3 1 3 2 1 1 1 1 2 3 2 3 2 1 3 2 1 1 3 2 1 2 3 2 2 3 2 3 0 2
M[143] : 1 1 1 1 1 1 0 1 1 2 1 1 1 1 1 2 1 1 1 1 1 2 1 1 0 1 1 1 2 2 1 2 1 1 1 1 1 0 1 0 1 1 2 1 1 1 1 1 1 2 1 1 1 1 2 1 1 1 1 2 1 2 1 1 1 2 1
M[144] : 1 1 0 1 1 2 0 1 1 1 1 1 1 1 1 0 1 0 1 1 1 1 1 1 1 0 2 1 1 1 1 1 1 1 1 1 1 1 1 1 1 1 1 1 1 1 0 2 0 2 2 1 0 1 1 1 1 1 1 0 1 2 0 1 2 1 1
M[145] : 2 3 2 2 2 2 3 2 2 0 2 2 3 1 3 2 3 3 2 2 2 2 2 2 3 3 2 1 2 2 3 1 2 3 2 3 2 3 1 3 3 3 1 2 3 2 3 3 3 2 1 3 2 1 2 3 2 2 3 3 2 1 3 2 2 3 2
M[146] : 2 1 1 2 1 1 2 1 1 1 1 1 2 1 1 1 1 2 2 1 1 1 1 1 2 1 1 1 1 2 2 2 1 1 1 1 1 1 1 1 1 2 1 2 2 1 1 1 1 1 2 1 0 2 2 2 1 2 2 1 2 1 2 1 2 2 1
M[147] : 1 2 1 1 1 1 1 0 2 1 2 1 1 1 1 1 2 1 1 1 1 1 1 1 2 2 1 1 1 1 1 1 1 1 1 2 1 1 1 1 1 1 1 1 2 2 1 2 1 1 2 1 0 1 1 2 1 1 1 1 1 2 1 1 2 1 1
M[148] : 1 2 1 1 2 2 3 2 1 1 2 1 2 1 2 1 2 3 1 1 2 2 1 2 2 2 2 1 2 1 1 1 1 2 1 2 2 3 1 1 2 1 1 1 1 2 3 2 3 2 1 3 2 1 1 2 2 1 1 2 0 2 2 2 2 1 2
M[149] : 2 1 2 2 1 1 3 0 2 1 2 2 3 1 2 2 2 3 2 2 1 2 2 2 2 2 2 1 2 2 2 2 2 3 2 2 2 3 1 3 1 2 2 2 3 2 2 2 3 3 2 2 2 2 2 3 2 2 3 3 2 1 3 2 2 3 1
M[150] : 3 2 3 1 3 1 2 1 1 2 2 1 3 1 2 2 1 2 2 1 2 3 3 2 2 1 2 2 3 2 3 2 2 2 3 1 1 1 1 3 2 3 2 2 1 2 2 1 2 2 1 2 2 4 3 1 3 0 1 2 2 2 2 2 2 2 2
M[151] : 1 2 1 1 2 2 3 2 1 1 2 1 2 1 2 1 2 3 1 1 2 2 1 2 3 2 2 1 2 1 0 1 1 2 1 2 2 3 1 2 2 1 1 1 1 2 3 2 3 2 1 3 2 1 1 2 2 1 1 3 2 2 2 2 1 1 2
M[152] : 1 1 2 1 1 1 2 2 1 1 2 1 1 1 1 1 1 3 2 1 1 2 2 2 2 1 2 1 2 1 2 1 2 2 1 1 2 2 1 2 2 2 1 1 2 2 3 0 3 1 1 3 2 1 2 2 2 2 2 2 2 1 3 2 2 2 2
M[153] : 3 3 3 3 3 3 3 2 2 3 0 3 4 2 3 2 3 2 2 3 2 4 3 3 2 2 3 3 3 3 4 3 3 3 3 2 3 2 2 2 2 4 3 3 2 2 2 2 2 3 2 3 3 4 3 2 4 4 3 2 4 3 3 2 3 2 3
M[154] : 1 1 1 1 1 1 1 1 0 1 1 1 2 1 1 0 1 1 1 1 1 2 1 1 0 1 1 1 1 1 1 1 1 1 2 1 1 0 1 1 0 2 1 1 1 1 1 1 1 1 1 1 1 2 1 1 1 1 1 1 1 1 1 1 1 1 1
M[155] : 3 2 3 2 3 3 3 2 2 2 2 2 3 2 3 2 2 3 3 2 0 2 2 3 3 2 3 3 2 2 3 3 2 3 2 3 3 3 2 3 3 3 3 3 3 1 3 3 3 3 3 3 2 2 1 3 2 4 3 3 3 3 3 3 3 3 3
M[156] : 2 2 2 1 2 1 2 1 1 2 2 1 3 1 2 2 1 2 0 1 2 3 2 2 1 1 2 1 2 1 3 2 2 1 2 1 1 1 1 3 2 2 2 1 1 2 2 1 2 1 2 2 2 3 3 1 2 1 1 2 2 2 3 2 1 1 2
M[157] : 3 3 3 1 3 2 2 2 1 3 2 2 3 2 3 2 2 2 2 2 2 4 3 3 2 1 2 3 3 3 3 3 2 3 3 2 3 2 2 3 2 3 3 3 2 2 2 1 2 3 2 3 2 4 3 1 3 4 1 3 2 3 3 2 2 0 2
M[158] : 1 2 1 1 2 2 2 2 1 1 1 1 1 1 2 1 2 1 1 1 2 1 1 1 2 2 1 1 1 1 1 1 1 2 1 2 1 1 1 1 1 1 1 1 1 2 2 2 0 2 1 2 0 1 1 2 1 1 1 1 1 2 1 1 2 1 2
M[159] : 3 2 2 3 3 3 1 2 2 3 2 3 3 3 3 2 3 1 3 3 3 2 4 4 2 2 3 3 3 3 4 3 4 3 4 3 3 0 3 2 3 4 3 3 3 3 1 3 1 4 3 2 2 2 2 3 4 3 3 2 4 3 2 4 3 3 3
M[160] : 3 3 3 3 3 3 3 2 3 3 2 3 3 3 2 2 3 0 2 3 1 4 3 3 3 2 3 3 3 3 4 3 3 4 3 3 3 3 3 3 3 4 3 3 3 3 2 3 1 3 3 3 2 3 3 3 4 3 2 3 4 4 2 3 4 2 3
M[161] : 2 2 1 1 2 2 1 2 2 1 1 2 1 1 2 1 2 1 2 2 2 1 2 2 2 2 2 2 3 2 1 1 2 2 2 2 2 1 1 1 2 1 2 2 0 2 2 2 1 2 2 1 2 2 2 2 2 1 2 2 1 2 1 2 2 1 1
M[162] : 1 3 1 1 2 2 3 2 3 1 3 2 2 1 3 2 3 2 1 1 2 2 1 2 3 3 2 1 2 1 2 1 2 2 1 2 2 3 2 3 2 2 1 1 2 3 3 2 3 2 2 3 2 1 1 2 2 1 0 3 2 2 2 2 3 1 3
M[163] : 3 3 3 2 2 3 3 2 2 3 1 2 3 2 2 2 2 2 3 2 1 3 2 3 2 2 3 2 1 2 3 3 2 3 2 2 3 3 2 3 2 3 2 2 3 1 2 2 2 3 3 3 2 2 3 3 2 3 3 3 2 3 3 0 2 3 1
M[164] : 2 1 2 2 1 1 2 1 1 1 1 1 2 1 1 1 1 2 2 2 1 0 1 1 2 1 1 1 1 2 2 2 1 1 2 1 1 1 1 2 1 2 2 2 2 1 1 1 2 1 2 1 1 2 2 2 1 2 2 1 2 1 2 1 2 3 1
M[165] : 2 2 2 2 0 3 3 1 2 2 2 2 3 1 2 2 2 3 3 2 1 2 2 3 2 2 2 1 2 2 3 2 2 3 2 2 3 3 1 3 3 3 2 2 3 2 3 2 3 3 3 2 2 2 2 3 2 3 3 3 2 2 3 2 2 3 2
M[166] : 2 1 1 1 1 3 1 2 2 1 1 1 2 2 1 1 2 0 0 1 1 2 2 2 1 1 2 1 1 1 1 1 2 1 2 2 2 1 2 1 1 2 1 1 1 2 1 2 1 2 2 1 2 1 1 1 1 2 2 1 2 2 1 2 2 1 2
M[167] : 3 3 2 3 4 3 1 2 3 2 3 3 2 3 3 2 3 2 3 3 3 2 4 4 3 3 3 3 3 3 3 2 4 4 4 3 3 2 3 3 3 3 3 3 3 3 2 4 1 4 3 0 2 2 2 3 3 3 3 2 3 3 1 4 4 3 3
M[168] : 3 3 2 2 4 3 2 3 2 2 2 2 3 2 3 2 2 3 3 2 2 2 2 3 3 3 3 2 2 2 3 3 2 3 2 3 3 3 2 3 3 3 3 2 4 2 3 3 3 3 2 2 2 1 0 3 2 3 3 3 2 2 3 2 3 2 3
M[169] : 1 1 1 1 1 1 2 1 0 1 0 0 2 0 1 0 1 1 1 0 1 2 1 1 2 1 1 0 0 1 1 1 1 1 1 1 1 1 1 1 1 1 1 0 1 0 1 1 1 1 1 1 1 1 1 2 1 1 1 1 1 1 1 1 1 0 1
M[170] : 1 2 0 2 2 1 2 1 1 2 2 1 3 1 2 2 1 2 2 1 2 3 1 1 2 1 1 2 3 2 2 2 2 2 2 1 1 1 1 2 1 3 2 2 1 2 2 1 2 2 1 2 2 4 2 2 3 2 1 2 2 2 2 2 2 2 1
M[171] : 1 2 1 2 2 1 2 1 1 2 2 1 3 1 2 2 1 2 2 1 2 3 1 1 2 1 1 2 3 2 2 2 2 2 2 1 1 1 1 2 1 3 2 2 1 2 2 2 2 2 1 2 2 2 2 2 2 1 1 2 2 2 2 1 2 2 0
M[172] : 2 1 2 1 1 1 2 1 1 0 2 1 2 1 2 2 1 2 1 1 1 2 2 1 1 1 1 1 2 1 2 2 2 1 2 1 1 1 1 1 1 2 1 1 1 1 1 1 1 1 1 1 2 2 1 1 2 1 1 2 2 2 1 2 1 1 1
M[173] : 1 3 2 2 2 2 3 2 2 2 2 2 3 1 3 2 3 3 2 2 2 2 2 2 3 3 2 1 2 2 3 0 2 3 2 3 2 3 1 3 3 3 1 2 3 2 3 3 3 2 2 3 2 1 1 3 2 2 3 3 2 3 3 2 3 2 3
M[174] : 3 3 3 2 3 3 2 2 1 3 2 2 3 2 3 2 2 2 3 3 2 3 3 3 2 1 2 3 3 3 3 3 2 2 3 2 2 2 2 3 2 3 3 3 2 2 2 1 2 4 2 2 2 4 3 1 3 3 0 3 3 3 3 2 2 1 3
M[175] : 3 2 2 2 3 2 1 1 1 2 2 2 3 2 2 2 2 2 3 3 3 3 3 3 2 1 2 3 3 3 2 3 3 2 4 1 3 1 2 2 1 3 2 2 2 2 2 2 2 3 0 2 3 3 3 2 3 2 2 2 3 2 2 2 2 2 3
M[176] : 1 1 0 1 1 2 0 1 1 1 1 1 1 1 1 0 1 0 1 1 1 1 1 1 1 0 2 1 1 1 1 1 1 1 0 1 1 1 1 1 1 1 1 1 1 1 0 2 0 2 2 1 1 1 1 1 1 1 1 0 1 2 0 1 2 1 1
M[177] : 3 2 2 2 2 1 1 1 1 2 2 1 3 2 2 2 2 2 2 2 2 3 2 2 2 1 1 2 3 2 2 2 2 2 3 1 2 1 0 2 1 3 2 2 1 2 2 2 2 3 1 2 2 3 3 2 3 2 2 2 3 2 2 2 2 2 3
M[178] : 3 2 2 1 0 3 1 2 2 1 2 2 1 2 2 1 2 1 2 2 3 2 3 3 3 2 3 2 2 2 1 1 3 2 3 2 3 1 2 1 2 1 2 2 2 3 1 3 1 2 2 1 2 2 2 2 2 2 2 1 1 2 1 3 2 2 2
M[179] : 1 1 1 1 2 1 1 1 2 1 2 2 1 2 1 1 2 1 1 1 1 1 1 1 0 2 1 1 1 1 2 1 2 1 1 2 1 1 2 2 1 2 1 1 2 2 1 1 2 1 2 2 0 1 1 1 1 2 1 1 2 2 2 1 2 1 2
M[180] : 0 1 0 1 1 2 1 1 1 1 1 1 1 1 1 1 1 0 1 1 1 2 1 2 1 0 2 1 1 1 1 1 1 2 2 2 1 1 2 1 1 1 1 1 1 2 1 2 0 2 2 1 2 1 1 1 1 1 1 1 1 2 1 1 2 1 1
M[181] : 1 1 1 1 1 1 2 1 1 2 2 1 2 1 2 2 1 2 1 1 1 2 1 1 1 1 1 1 3 1 0 2 2 1 2 1 1 1 1 2 1 2 2 1 1 1 2 1 2 2 1 1 2 2 2 1 2 1 1 2 2 2 2 1 2 1 1
M[182] : 2 2 1 2 2 1 2 2 1 2 2 2 1 2 2 1 2 2 1 2 3 1 1 1 2 1 1 2 1 1 2 2 2 1 2 1 2 2 1 2 2 2 2 2 2 3 2 0 2 1 2 2 2 1 1 1 2 2 1 2 2 2 1 2 1 1 2
M[183] : 2 2 1 1 2 1 2 2 1 1 2 2 1 2 2 0 2 2 2 2 2 1 2 2 2 1 1 2 1 2 2 2 2 1 2 1 2 2 1 2 2 2 2 2 2 2 2 2 2 1 2 2 2 2 0 2 2 2 2 2 2 0 1 2 1 1 2
M[184] : 3 2 3 1 2 2 3 2 1 2 2 2 2 2 3 2 2 3 3 2 2 3 3 2 1 2 2 2 2 2 2 3 2 2 2 2 2 2 2 2 2 0 2 1 3 1 3 2 3 2 3 3 3 3 3 1 2 3 2 2 2 3 3 2 1 2 2
M[185] : 1 1 1 1 1 1 2 1 1 1 0 1 2 1 1 1 1 1 0 0 1 1 1 1 1 1 1 1 0 1 1 1 1 1 1 1 1 1 1 1 1 1 0 0 2 1 1 1 1 1 2 1 1 1 2 2 1 2 1 1 1 1 2 1 2 2 1
M[186] : 1 3 2 2 3 2 3 2 3 2 3 3 2 1 3 2 4 3 1 1 2 2 2 2 3 3 2 2 2 1 3 2 2 2 1 3 2 3 2 3 3 3 0 2 3 3 3 3 3 2 2 3 2 1 1 3 2 1 2 3 3 3 3 2 3 2 3
M[187] : 1 2 1 1 2 2 2 1 2 1 2 2 2 1 2 1 2 1 1 1 2 1 1 1 2 2 1 1 1 1 1 1 1 1 1 2 1 1 1 1 1 1 1 1 2 3 0 2 2 1 2 2 0 1 1 2 1 1 1 1 1 2 2 1 2 1 3
M[188] : 2 1 2 2 1 1 3 1 2 1 1 2 2 1 1 1 1 2 2 2 1 2 1 1 2 1 1 1 1 2 2 2 1 2 2 1 1 1 1 1 1 2 2 2 3 1 1 2 2 1 2 1 1 2 2 2 1 2 3 0 2 2 2 1 2 3 1
M[189] : 3 2 2 1 3 1 2 1 1 2 2 1 3 1 2 2 1 2 2 1 2 3 3 0 2 1 2 2 3 2 3 2 2 2 3 1 1 1 1 3 1 3 2 2 1 2 2 1 2 2 1 2 2 4 3 1 3 2 1 2 2 2 2 2 2 2 2
M[190] : 1 3 1 1 3 2 3 2 3 2 3 2 2 2 3 2 3 2 1 1 2 1 1 2 3 3 2 1 2 1 2 1 0 2 1 2 2 3 2 2 3 2 1 1 2 3 3 2 2 2 2 3 1 1 1 2 2 2 1 2 3 2 2 2 2 1 3
M[191] : 3 2 2 2 2 1 1 1 1 2 2 1 2 2 2 2 2 2 2 2 3 3 3 2 2 1 0 2 3 2 2 2 2 2 4 1 2 1 1 2 1 3 2 2 1 2 2 2 2 3 1 2 3 3 3 2 3 2 2 2 3 2 2 2 2 2 2
M[192] : 2 1 2 1 1 1 2 1 1 1 2 1 2 1 1 2 1 2 1 1 2 1 2 2 1 1 2 1 2 1 2 1 2 1 2 1 1 0 1 2 1 2 1 1 2 2 1 1 2 1 2 1 2 2 1 1 2 2 2 3 2 0 2 2 1 2 2
M[193] : 3 1 2 2 3 3 1 2 2 0 2 3 2 3 1 1 2 1 3 3 2 2 3 3 2 1 3 3 2 2 2 2 4 3 3 2 3 1 2 2 1 2 2 3 2 3 1 3 1 3 3 1 2 2 2 3 3 3 2 1 3 2 2 3 3 2 3
M[194] : 2 2 2 1 2 2 2 2 1 1 2 1 2 1 2 2 1 2 1 1 2 2 2 2 1 1 2 1 2 1 2 0 2 1 2 1 2 2 1 2 2 2 1 1 2 2 2 1 2 2 2 1 3 3 2 1 2 2 2 3 2 2 3 2 1 2 2
M[195] : 1 2 2 2 2 2 3 2 2 1 2 1 2 1 3 2 2 3 2 1 2 2 2 2 3 3 2 1 2 1 2 1 2 2 1 3 2 3 1 3 2 3 1 1 0 2 3 3 3 2 1 3 2 1 1 3 2 1 3 3 2 2 3 2 3 2 3
M[196] : 2 1 0 1 1 2 1 2 1 1 1 1 1 2 1 1 2 0 1 1 1 1 2 1 1 1 2 1 1 1 1 1 2 1 2 1 1 1 2 1 1 2 1 1 1 2 1 0 0 2 2 1 2 1 1 1 1 1 1 1 1 2 1 2 2 1 2
M[197] : 1 3 2 2 3 2 3 2 2 2 2 2 3 1 3 2 3 3 2 2 2 2 2 2 3 3 2 0 2 2 3 2 2 3 2 3 2 3 1 3 3 3 1 2 3 3 3 3 3 2 3 3 2 1 1 3 2 1 3 3 2 3 3 2 3 2 3
M[198] : 2 2 1 1 2 2 2 2 1 1 0 1 1 1 2 1 2 1 2 2 2 1 2 2 2 1 2 1 2 2 1 1 2 2 2 1 2 1 1 1 2 1 2 2 1 1 2 2 1 1 1 1 2 2 1 2 2 1 2 2 1 2 1 2 2 1 1
M[199] : 2 1 2 2 1 1 3 1 2 1 2 2 3 1 2 2 2 2 3 2 1 3 2 0 2 2 1 1 1 2 2 2 2 2 2 2 2 3 1 2 1 2 2 2 3 1 2 2 2 2 2 2 2 2 2 2 2 3 3 3 2 2 3 1 2 3 1
M[200] : 1 2 1 1 2 2 2 1 1 1 1 1 1 1 1 1 2 1 1 1 1 0 1 1 2 2 1 1 1 1 1 1 1 1 1 2 1 1 1 1 1 1 1 1 1 1 1 2 1 1 1 1 0 1 1 2 1 1 1 1 1 2 1 1 2 1 0
M[201] : 3 3 3 1 2 1 2 2 1 3 2 1 3 1 2 2 2 2 1 1 2 3 3 2 1 1 2 2 3 3 3 3 2 0 3 1 1 1 1 3 2 3 2 2 1 2 2 1 2 2 2 2 2 3 3 1 2 2 1 3 2 2 3 2 2 1 2
M[202] : 3 2 2 2 3 3 1 2 2 2 2 2 2 2 1 1 2 2 3 3 3 2 3 3 2 1 3 3 3 3 2 3 3 3 3 2 3 1 2 2 1 3 3 2 2 3 1 2 2 3 3 2 3 3 3 3 3 2 2 1 3 0 2 3 3 2 3
M[203] : 3 3 3 3 4 3 2 2 3 2 3 3 3 3 3 2 3 2 3 3 2 2 3 3 3 3 3 3 3 3 4 3 4 4 3 3 4 3 3 3 3 3 3 3 3 3 2 4 1 4 3 3 1 2 2 3 3 3 3 2 3 3 0 4 4 2 3
M[204] : 3 1 2 1 1 3 1 2 2 1 2 2 1 2 2 1 2 1 2 2 3 2 3 3 2 2 3 1 2 2 1 1 3 2 3 2 2 1 2 1 2 1 1 2 1 3 1 3 1 2 2 1 2 2 1 2 2 0 2 1 1 2 1 2 2 2 1
M[205] : 2 1 1 1 2 2 1 2 1 1 0 2 2 2 1 1 2 0 1 1 1 1 2 2 1 1 2 2 1 1 2 1 2 1 2 1 2 1 2 2 1 2 1 1 1 1 1 2 1 0 1 1 2 2 1 1 1 2 2 1 2 1 2 2 1 1 2
M[206] : 1 3 2 2 3 2 3 2 3 2 3 3 2 2 3 2 4 3 1 0 2 2 2 2 4 3 2 2 2 1 3 2 2 2 1 3 2 3 2 3 3 3 1 2 3 3 3 3 3 2 3 3 2 1 1 3 2 2 2 3 3 3 3 2 3 2 3
M[207] : 2 2 1 1 2 2 2 2 1 1 1 2 1 1 2 1 2 1 2 2 2 1 2 2 2 1 2 2 2 2 1 1 2 2 2 1 2 2 1 1 2 1 2 2 1 0 2 2 1 1 1 1 2 2 0 2 2 1 2 2 1 2 1 2 2 0 1
M[208] : 1 1 1 1 1 1 2 1 1 1 2 1 2 1 2 2 1 1 1 1 1 2 1 1 1 1 1 1 2 1 1 2 2 1 2 1 1 0 1 1 1 2 1 1 1 1 1 1 1 1 1 1 0 2 2 1 1 1 1 2 2 2 1 1 1 1 1
M[209] : 1 1 0 1 1 2 0 1 1 1 1 1 1 1 1 0 1 0 1 1 0 1 1 1 1 0 2 1 1 1 1 1 1 1 1 1 1 1 1 1 1 1 1 1 1 1 0 2 0 2 2 1 1 1 1 1 1 1 1 0 1 2 0 1 2 1 1
M[210] : 1 2 2 2 2 2 3 2 2 1 2 1 2 1 2 1 2 3 2 1 1 2 2 2 3 0 2 1 2 1 2 1 2 2 1 1 2 3 1 2 2 2 1 1 2 2 3 1 3 2 1 3 2 1 2 3 2 2 2 3 2 1 3 2 2 2 2
M[211] : 1 1 2 1 2 1 2 2 1 1 2 1 0 1 1 1 2 3 2 1 1 2 2 2 2 1 2 1 2 1 2 1 2 2 1 1 2 2 1 2 2 1 1 1 2 2 3 1 3 1 1 3 2 1 2 2 2 2 2 2 2 1 3 2 2 2 2
M[212] : 3 2 3 2 2 2 3 2 2 2 1 2 3 2 3 2 2 2 3 2 1 3 2 2 2 2 2 2 1 2 3 2 2 2 2 2 3 2 2 2 2 2 2 2 3 1 3 2 2 2 3 3 2 2 3 2 0 3 3 2 2 3 3 1 2 3 1
M[213] : 3 1 2 2 2 3 1 2 2 1 2 2 2 2 1 1 2 1 3 2 2 2 3 3 2 1 3 2 2 2 2 1 2 3 3 2 3 1 2 2 1 2 0 2 2 3 1 3 2 3 2 1 2 2 2 3 2 2 2 1 3 2 2 2 3 2 2
M[214] : 2 3 3 2 4 3 2 3 3 2 3 3 3 3 3 2 3 3 2 3 2 2 2 3 4 3 3 2 2 3 3 3 2 3 2 3 3 3 3 3 3 3 3 3 3 3 3 3 3 3 3 2 2 0 1 3 3 3 2 3 3 3 3 2 3 2 3
M[215] : 1 1 1 1 1 1 1 1 1 1 2 1 2 1 2 2 1 1 1 1 1 2 1 1 1 1 1 1 2 1 1 2 1 1 2 1 1 0 1 1 1 2 2 1 1 1 1 1 0 2 1 1 1 2 2 1 1 1 1 2 2 2 1 1 2 1 1
M[216] : 2 1 1 1 1 2 1 2 2 1 1 1 1 2 1 1 2 0 1 1 1 2 2 1 1 1 2 1 1 1 1 1 2 1 2 2 1 1 2 1 1 2 1 1 1 2 1 2 0 2 2 1 2 1 1 0 1 1 1 1 1 2 1 2 2 1 2
M[217] : 2 1 2 1 1 1 2 1 1 1 2 1 2 1 1 2 1 2 1 1 1 2 2 1 1 1 1 1 2 1 2 1 2 1 2 1 1 0 1 1 1 2 1 1 1 1 1 1 1 1 1 1 1 2 0 1 2 1 1 2 2 2 1 2 1 1 1
M[218] : 1 1 0 1 1 2 0 1 1 1 1 1 1 1 1 0 1 0 1 1 1 1 1 0 1 0 2 1 1 1 1 1 1 1 2 1 1 1 2 1 1 1 1 1 1 2 1 1 0 2 2 1 1 1 1 1 1 1 1 0 1 2 0 1 2 1 1
M[219] : 2 2 1 1 2 2 1 1 2 1 1 1 1 1 2 1 1 1 2 2 2 1 2 2 2 2 2 1 2 2 1 1 2 2 2 2 2 1 0 1 2 1 2 2 1 1 1 2 1 2 2 1 2 2 1 2 2 1 2 2 1 2 1 2 2 1 1
M[220] : 2 2 1 2 2 1 1 1 1 2 2 1 2 1 2 2 1 2 2 2 1 1 1 2 2 1 1 2 3 2 2 2 1 2 0 1 2 1 1 2 1 2 2 2 1 1 2 2 2 2 1 2 2 2 2 2 2 2 2 2 1 2 2 1 2 2 1
M[221] : 2 1 1 1 2 2 1 2 2 1 2 2 2 2 1 1 2 1 1 1 1 2 2 2 1 1 2 2 1 1 2 1 2 2 2 1 2 1 2 2 1 2 1 1 2 2 1 2 2 2 2 1 2 2 1 1 1 2 2 1 2 1 2 2 0 2 2
M[222] : 1 3 2 2 2 2 3 2 2 2 2 2 3 1 3 2 3 3 2 2 2 2 2 2 3 3 2 1 2 1 3 1 2 2 2 3 2 3 1 3 3 3 1 2 3 2 3 3 3 2 0 3 2 1 1 3 2 2 3 3 2 3 3 2 3 2 3
M[223] : 3 1 2 2 2 3 1 2 2 2 2 2 2 2 1 1 2 1 3 3 3 2 3 3 2 1 3 3 3 2 2 0 3 3 3 2 3 1 2 2 1 3 3 2 2 3 1 3 2 3 2 2 3 3 2 3 2 2 2 1 3 2 2 3 3 2 3
M[224] : 1 1 1 1 1 1 1 1 0 1 0 1 2 1 1 1 1 1 1 1 1 1 1 1 0 0 1 1 1 1 1 1 1 1 2 0 1 0 1 1 0 2 1 1 1 1 1 1 1 1 1 1 1 2 1 1 1 1 1 1 1 1 1 1 1 1 1
M[225] : 1 1 1 1 1 1 2 1 1 1 2 1 2 1 2 2 1 1 1 1 1 2 1 1 1 1 1 1 0 1 1 2 2 1 2 1 1 0 1 1 1 2 1 1 1 1 1 1 1 1 1 1 1 2 2 1 1 1 1 2 2 2 1 1 1 1 1
M[226] : 3 3 2 3 3 4 1 3 2 2 2 3 2 3 2 2 3 1 3 3 3 2 3 3 3 2 4 3 3 2 2 2 4 3 3 3 3 1 3 0 2 4 3 3 3 3 1 3 1 3 3 1 2 2 2 3 3 3 3 2 3 3 1 4 3 3 3
M[227] : 1 2 1 2 2 1 1 1 1 2 2 1 2 1 2 2 1 2 2 2 1 3 0 1 2 1 1 2 3 2 2 2 1 2 1 1 1 1 1 2 1 3 2 2 1 1 2 2 2 2 1 2 2 2 2 2 2 2 2 2 2 2 2 1 2 2 1
M[228] : 2 1 1 1 2 2 1 2 1 1 2 2 2 2 1 1 2 1 2 1 2 2 2 2 1 1 2 2 2 1 2 1 2 2 2 1 2 1 2 2 1 2 1 1 2 1 1 2 2 3 1 1 3 2 0 1 2 2 2 1 2 1 2 2 1 2 2
M[229] : 2 1 2 1 2 3 1 2 2 1 2 2 2 2 1 1 2 1 1 1 1 2 3 3 1 1 2 2 2 0 1 1 2 3 3 2 2 1 2 2 1 2 1 1 2 2 1 2 1 2 2 1 2 2 1 1 1 2 2 1 2 2 1 2 2 2 2
M[230] : 3 2 2 2 2 3 3 2 2 2 2 2 3 1 2 2 2 3 3 2 1 2 2 3 2 2 2 1 2 2 3 3 2 3 2 2 3 3 2 3 3 3 2 2 3 2 3 2 3 3 3 2 2 2 2 3 2 3 3 3 2 3 3 2 2 3 0
M[231] : 1 2 2 1 2 2 3 2 0 1 2 1 2 1 2 1 2 3 2 1 2 2 2 2 3 2 2 1 2 1 2 1 2 2 1 1 2 2 1 2 2 1 1 1 2 2 3 1 3 2 1 3 2 1 2 2 2 1 2 2 2 1 3 2 2 1 2
M[232] : 1 2 1 2 2 1 2 1 1 2 2 1 3 0 2 2 1 2 2 2 2 3 1 1 2 1 1 2 3 2 2 2 2 2 2 1 1 1 1 2 1 3 2 2 1 2 2 2 2 2 1 2 2 4 3 2 3 2 1 2 2 2 2 2 2 2 1
M[233] : 2 1 2 1 1 1 1 1 1 1 2 1 2 1 0 2 1 1 1 1 1 1 2 1 1 1 1 1 1 1 2 1 2 1 2 1 1 0 1 1 0 2 1 1 1 1 1 1 1 1 1 1 1 2 1 1 2 1 1 1 2 1 1 1 1 1 1
M[234] : 2 2 1 1 2 2 1 1 2 1 2 2 1 2 2 1 2 1 2 2 3 1 2 2 2 2 3 2 3 2 1 2 2 2 2 2 2 2 2 1 2 1 2 2 2 2 2 3 1 2 3 1 2 2 2 2 2 2 3 2 1 3 1 2 2 1 0
M[235] : 1 2 2 0 2 2 3 2 2 1 2 1 2 1 3 1 2 3 2 1 2 2 2 2 3 2 2 1 2 1 2 1 2 2 1 2 2 3 1 3 2 1 1 1 1 2 3 2 3 2 1 3 2 1 1 3 2 1 2 3 2 1 3 2 2 1 2
M[236] : 1 3 2 2 3 2 3 2 3 2 3 3 2 2 3 2 4 3 1 2 2 2 2 2 4 3 2 2 2 0 3 2 2 3 2 3 2 3 2 3 3 3 2 2 3 3 3 3 3 2 3 3 2 1 1 3 2 2 2 3 3 3 3 2 3 2 3
M[237] : 1 2 2 1 1 1 2 1 1 2 2 1 3 1 2 2 1 2 1 1 2 3 2 1 1 1 1 0 3 2 3 2 2 2 2 1 1 1 1 2 1 2 2 2 1 2 2 1 2 2 1 2 2 2 2 1 2 1 1 2 2 2 2 2 2 1 1
M[238] : 3 3 3 0 2 2 2 2 1 3 2 2 3 2 3 2 2 3 2 2 2 4 3 3 1 2 2 2 2 2 3 3 2 2 3 2 3 2 2 3 2 3 3 2 3 2 2 1 2 2 3 3 3 3 2 1 2 3 2 2 2 3 3 2 1 2 2
M[239] : 2 1 2 2 1 1 3 1 2 1 2 1 2 1 1 1 1 3 2 1 1 2 2 1 2 1 1 1 1 2 2 1 2 1 2 1 2 2 1 2 1 2 1 1 2 1 1 1 3 1 2 0 2 2 2 2 2 2 2 2 2 1 3 1 2 3 1
M[240] : 2 2 1 2 2 1 2 2 2 2 2 2 1 2 2 2 2 2 2 2 3 1 2 2 2 1 1 2 2 2 2 2 2 1 2 0 2 2 1 2 2 2 2 2 2 3 2 1 2 1 2 2 2 2 1 2 2 2 2 2 2 3 1 2 1 1 2
M[241] : 3 2 3 2 2 2 3 2 2 3 1 2 3 2 3 2 2 3 3 2 1 3 2 2 2 2 2 2 2 2 2 3 0 2 2 2 2 2 2 2 2 2 2 2 3 1 3 2 2 2 3 3 3 2 3 2 2 3 3 2 1 3 3 2 1 3 2
M[242] : 3 3 3 3 3 3 2 2 0 3 1 3 3 3 3 2 3 2 3 3 2 3 3 3 2 2 3 3 3 3 3 3 3 4 3 3 3 2 3 3 2 4 3 3 3 2 2 1 2 4 3 3 2 4 3 3 4 3 2 2 3 3 3 2 3 3 3
M[243] : 2 2 1 1 2 2 1 1 2 1 2 1 1 1 2 1 0 1 2 2 2 1 2 2 2 2 3 1 3 2 1 1 2 2 2 2 2 1 2 1 2 1 2 2 1 2 1 3 1 2 2 1 2 2 1 2 2 1 2 1 1 2 1 2 2 1 1
M[244] : 2 3 3 2 3 1 2 2 1 3 2 1 3 1 2 2 0 2 3 3 2 3 3 3 2 1 2 3 3 3 3 3 2 2 3 1 1 1 1 3 2 3 3 2 1 2 2 2 2 3 2 2 2 4 3 2 3 3 1 2 3 2 2 2 2 2 3
M[245] : 1 3 2 2 2 2 3 2 2 2 2 2 3 1 3 2 3 3 2 1 2 2 2 2 3 3 2 1 2 1 3 1 2 2 2 3 2 3 1 3 3 3 1 2 2 2 3 3 3 2 2 3 2 1 1 3 2 0 3 3 2 2 3 2 3 2 3
M[246] : 1 3 1 1 3 2 3 2 3 2 3 2 2 2 3 2 3 2 1 1 2 1 1 2 4 3 2 2 2 1 2 1 1 2 1 2 2 3 2 2 3 2 1 1 2 3 3 2 2 2 2 3 1 1 1 2 0 2 1 2 2 2 2 2 2 1 3
M[247] : 1 3 0 3 3 2 3 2 3 2 3 3 2 2 3 2 4 2 1 3 2 2 2 2 4 3 3 2 2 2 3 2 3 3 1 3 2 3 3 3 3 3 2 3 3 3 3 3 2 2 3 3 1 1 1 3 3 3 2 3 3 3 2 2 3 2 3
M[248] : 3 2 2 2 3 3 1 2 2 2 2 3 2 3 2 1 2 1 3 3 3 2 3 3 3 2 3 3 2 2 0 2 3 3 3 2 3 1 2 1 2 2 2 3 2 3 1 3 1 3 3 1 2 2 2 3 2 3 3 1 3 3 1 4 3 2 3
M[249] : 2 1 2 1 1 1 1 1 1 1 2 1 2 1 1 2 1 1 1 1 1 1 2 1 1 1 1 1 1 1 2 1 2 1 2 1 1 0 1 1 0 2 1 1 1 1 0 1 1 1 1 1 1 2 1 1 2 1 1 1 2 1 1 1 1 1 1

