 Execution de l'algoritme BITS sur le fichier dsjc500.5.txt
=====================================================================
 Partitions  : 
Vk[0] : 472 343 96 118 115 123 151 27 43 -->  9 éléments.
Vk[1] : 257 303 307 388 424 97 419 201 304 -->  9 éléments.
Vk[2] : 50 261 362 81 308 249 64 338 -->  8 éléments.
Vk[3] : 289 482 269 129 490 150 247 211 21 -->  9 éléments.
Vk[4] : 479 291 420 135 437 465 196 336 427 -->  9 éléments.
Vk[5] : 310 31 358 315 12 250 355 251 143 -->  9 éléments.
Vk[6] : 305 169 415 455 483 167 206 258 121 -->  9 éléments.
Vk[7] : 389 320 367 60 366 391 417 288 107 -->  9 éléments.
Vk[8] : 485 456 477 48 45 328 262 106 4 -->  9 éléments.
Vk[9] : 489 80 353 244 139 351 24 333 188 -->  9 éléments.
Vk[10] : 446 152 327 185 95 271 109 294 42 -->  9 éléments.
Vk[11] : 63 119 204 278 148 182 61 377 286 -->  9 éléments.
Vk[12] : 480 78 432 173 370 73 59 208 484 -->  9 éléments.
Vk[13] : 237 16 102 349 371 330 231 350 -->  8 éléments.
Vk[14] : 181 84 393 198 74 177 82 337 159 -->  9 éléments.
Vk[15] : 435 205 476 140 267 373 473 28 352 -->  9 éléments.
Vk[16] : 193 243 200 453 183 170 346 210 384 -->  9 éléments.
Vk[17] : 297 98 341 363 474 422 436 390 222 -->  9 éléments.
Vk[18] : 68 29 254 178 94 442 448 87 -->  8 éléments.
Vk[19] : 387 175 322 166 130 418 318 125 -->  8 éléments.
Vk[20] : 342 144 439 174 356 496 364 347 -->  8 éléments.
Vk[21] : 487 444 272 202 7 334 409 195 449 -->  9 éléments.
Vk[22] : 296 17 398 357 209 190 452 156 30 -->  9 éléments.
Vk[23] : 47 311 284 404 33 421 245 23 149 -->  9 éléments.
Vk[24] : 369 273 395 93 52 461 66 5 104 -->  9 éléments.
Vk[25] : 146 331 392 266 100 450 429 212 88 -->  9 éléments.
Vk[26] : 36 406 468 339 314 447 317 34 280 -->  9 éléments.
Vk[27] : 454 116 321 215 255 230 306 242 223 -->  9 éléments.
Vk[28] : 49 92 75 381 216 431 478 101 -->  8 éléments.
Vk[29] : 83 226 488 413 309 298 35 451 -->  8 éléments.
Vk[30] : 76 41 207 443 126 220 493 466 44 -->  9 éléments.
Vk[31] : 235 425 46 132 274 405 403 184 411 -->  9 éléments.
Vk[32] : 160 11 120 65 111 499 368 134 248 -->  9 éléments.
Vk[33] : 154 163 232 147 285 227 122 103 133 -->  9 éléments.
Vk[34] : 282 457 54 281 486 279 239 295 481 -->  9 éléments.
Vk[35] : 329 401 189 407 365 293 85 70 180 -->  9 éléments.
Vk[36] : 300 380 155 475 428 313 467 228 301 -->  9 éléments.
Vk[37] : 112 399 153 375 434 340 58 277 -->  8 éléments.
Vk[38] : 162 233 440 410 316 275 397 430 498 -->  9 éléments.
Vk[39] : 62 260 217 199 51 186 385 138 270 -->  9 éléments.
Vk[40] : 142 99 194 302 492 141 22 256 241 -->  9 éléments.
Vk[41] : 229 25 361 124 408 71 56 214 -->  8 éléments.
Vk[42] : 179 67 165 18 379 396 157 13 0 -->  9 éléments.
Vk[43] : 236 6 32 72 187 114 372 386 383 -->  9 éléments.
Vk[44] : 325 40 345 161 238 9 469 176 -->  8 éléments.
Vk[45] : 400 464 91 423 495 416 433 3 470 -->  9 éléments.
Vk[46] : 290 287 240 19 494 86 69 8 2 -->  9 éléments.
Vk[47] : 110 354 382 462 117 1 79 323 219 -->  9 éléments.
Vk[48] : 335 136 414 268 344 218 319 164 438 -->  9 éléments.
Vk[49] : 264 445 292 77 360 378 458 224 -->  8 éléments.
Vk[50] : 53 137 412 471 283 221 234 276 497 -->  9 éléments.
Vk[51] : 459 460 158 192 263 191 394 168 105 -->  9 éléments.
Vk[52] : 246 348 213 108 113 37 131 253 -->  8 éléments.
Vk[53] : 324 312 89 203 145 127 463 265 -->  8 éléments.
Vk[54] : 14 38 491 252 55 374 426 441 26 -->  9 éléments.
Vk[55] : 402 15 259 20 90 376 128 10 326 -->  9 éléments.
Vk[56] : 197 39 332 225 299 359 172 171 57 -->  9 éléments.
Matrice M
M[0] : 5 7 4 4 5 5 3 5 7 5 6 5 1 5 5 6 3 2 5 5 5 5 4 7 7 4 4 6 3 3 7 8 2 3 6 3 6 3 5 6 6 1 0 7 3 5 6 5 3 5 6 5 4 4 4 3 4
M[1] : 4 5 4 2 5 3 4 4 7 5 5 3 3 3 5 6 5 5 6 5 6 4 7 6 3 5 4 4 2 5 2 5 8 4 3 6 8 4 6 5 2 4 7 3 5 5 4 0 4 6 3 6 6 6 3 5 4
M[2] : 8 7 5 1 2 3 6 5 1 5 5 3 5 5 5 3 5 7 3 7 3 1 7 4 8 4 5 4 6 4 5 6 7 6 5 5 5 6 4 2 4 2 3 4 3 4 0 6 4 5 8 4 3 2 5 3 4
M[3] : 5 7 4 5 5 7 7 4 1 7 4 3 6 5 5 4 5 7 5 5 4 7 6 5 9 6 5 5 4 6 6 6 5 3 4 2 5 7 5 3 4 4 1 2 2 0 5 4 6 5 6 7 6 6 2 4 4
M[4] : 6 7 2 8 2 5 6 4 0 7 9 6 4 7 4 3 3 6 3 4 3 3 4 6 4 9 7 3 1 3 5 5 5 4 6 6 6 3 3 5 7 2 5 7 5 5 3 5 3 3 3 6 3 1 6 3 6
M[5] : 4 5 4 7 7 4 4 8 8 5 6 4 6 4 5 4 5 7 3 6 3 8 6 5 0 4 4 5 6 0 5 5 6 3 5 4 3 1 4 3 7 5 2 4 5 4 6 6 5 2 2 5 4 3 4 4 5
M[6] : 2 4 5 5 5 6 6 4 5 4 5 5 3 5 6 3 6 5 1 3 4 8 6 3 6 1 4 4 4 5 2 3 6 6 3 5 3 4 5 6 5 4 5 0 4 5 4 4 4 2 6 4 4 6 6 6 3
M[7] : 4 5 4 7 4 4 5 4 6 5 4 3 4 1 5 3 3 5 5 1 6 0 5 5 6 5 3 6 3 2 3 5 6 4 5 5 6 2 4 3 3 3 4 7 2 6 4 4 6 6 6 6 4 3 5 3 3
M[8] : 6 3 4 5 5 5 3 4 6 6 3 4 4 6 4 4 6 4 3 5 5 5 5 5 7 3 6 4 6 6 3 6 5 6 6 5 6 4 4 2 8 5 5 5 3 4 0 4 7 5 6 3 4 4 5 5 4
M[9] : 5 5 5 4 4 6 2 6 4 4 4 6 5 7 4 4 4 6 6 4 4 4 4 6 6 6 4 5 6 2 6 5 4 3 6 5 6 7 3 3 4 5 3 3 0 0 5 5 4 2 5 4 6 5 5 4 4
M[10] : 6 7 2 4 5 3 7 7 4 5 4 5 3 1 6 5 5 6 6 3 4 4 5 6 6 5 6 2 1 4 5 5 4 6 1 4 4 2 5 3 5 7 3 4 5 3 3 5 4 3 5 5 5 3 4 0 2
M[11] : 4 3 4 4 6 7 4 4 2 3 3 5 6 3 4 4 6 2 3 3 4 6 5 3 3 5 5 3 5 3 5 7 0 5 1 7 5 7 6 6 4 5 5 5 3 5 5 5 4 3 5 6 6 5 5 4 6
M[12] : 6 7 3 5 3 0 4 4 2 6 3 6 1 3 7 5 6 4 5 5 4 4 4 4 3 3 6 4 1 3 3 3 5 4 3 6 8 3 4 4 5 5 2 5 2 3 5 3 1 5 5 5 5 3 5 3 5
M[13] : 6 5 6 4 7 7 3 4 5 4 7 5 5 3 6 8 5 4 7 6 3 8 5 6 3 4 4 6 5 5 3 7 7 1 3 6 5 7 5 3 6 3 0 1 3 4 7 7 5 5 7 7 6 3 5 5 3
M[14] : 2 4 6 5 7 4 5 6 5 2 4 4 7 4 6 6 5 5 5 4 5 6 4 4 5 1 5 4 5 4 8 3 5 5 6 3 4 4 3 3 4 5 6 5 3 3 5 4 8 3 4 4 6 7 0 6 7
M[15] : 5 6 5 7 4 5 6 6 5 5 5 4 4 4 5 4 4 4 5 5 5 7 3 5 4 5 3 3 5 4 6 4 6 5 5 6 6 4 3 6 3 5 5 3 2 5 4 5 4 4 6 5 4 3 5 0 3
M[16] : 4 5 6 3 4 4 4 7 5 5 5 6 3 0 5 6 5 5 3 3 3 6 3 4 4 7 4 4 4 5 5 4 3 4 6 3 4 4 5 3 5 4 4 3 5 3 6 4 4 5 8 5 3 3 5 4 6
M[17] : 4 4 5 5 5 5 4 5 7 2 5 4 6 4 2 5 2 1 3 5 4 7 0 4 7 5 6 8 5 5 4 4 6 4 3 3 4 4 4 4 2 6 4 6 6 5 5 6 5 5 7 3 3 3 4 3 3
M[18] : 4 1 4 4 6 3 3 4 3 4 5 1 6 5 5 4 5 4 4 3 6 7 2 8 4 7 7 7 5 3 2 5 4 4 5 5 6 4 3 4 4 4 0 4 6 5 1 6 5 5 5 4 5 2 5 3 7
M[19] : 3 2 3 5 4 5 6 5 1 4 1 4 2 4 5 5 7 4 6 3 5 1 3 9 6 7 4 5 2 3 7 6 7 6 3 4 4 4 6 4 2 4 6 4 2 4 0 6 5 3 5 3 6 3 4 6 3
M[20] : 6 3 5 6 4 2 3 6 3 5 3 6 6 3 4 6 5 7 5 3 1 6 6 4 5 6 2 5 3 5 2 3 5 5 3 4 6 5 6 4 5 5 5 7 3 7 5 4 4 5 6 4 2 3 2 0 7
M[21] : 3 2 7 0 5 1 4 4 3 5 4 2 3 5 8 5 6 5 4 3 5 7 3 3 3 5 4 4 4 5 4 5 4 6 4 4 7 4 4 5 3 5 3 7 5 6 5 6 2 6 6 3 5 5 5 6 6
M[22] : 4 2 6 3 5 6 4 6 4 2 2 3 2 1 5 3 4 6 3 3 4 6 1 6 7 5 2 3 3 4 5 4 3 1 3 7 6 6 7 6 0 3 7 4 5 7 6 5 5 3 7 4 4 4 6 7 2
M[23] : 5 4 4 5 3 4 3 5 4 5 4 3 5 4 3 6 4 6 5 3 4 3 5 0 3 2 2 6 7 4 4 6 7 3 4 4 5 4 3 5 6 5 5 4 5 5 6 6 6 5 5 2 4 5 6 6 7
M[24] : 4 3 4 5 5 2 5 6 2 0 3 6 5 4 2 6 4 5 4 4 2 5 4 3 6 5 5 6 4 1 5 5 5 3 4 5 9 2 6 4 4 4 6 4 4 5 4 3 5 4 6 4 2 6 6 5 2
M[25] : 6 4 5 3 6 6 3 2 5 7 3 3 2 4 6 6 3 5 3 3 5 6 4 5 5 4 2 6 2 4 6 6 2 2 5 4 5 5 4 6 5 0 4 5 7 3 2 2 3 5 3 5 5 1 4 6 2
M[26] : 5 5 6 5 6 6 3 3 3 4 7 5 7 4 6 5 2 6 7 3 5 4 3 6 3 4 6 4 4 3 1 6 3 8 6 4 3 3 4 4 4 4 2 8 4 6 4 5 5 5 4 5 4 6 0 5 4
M[27] : 0 5 4 4 6 6 4 5 2 0 4 3 6 2 4 3 3 6 3 3 4 7 7 5 1 6 5 6 3 6 4 4 5 8 5 3 4 6 6 4 4 2 6 3 2 4 8 7 6 4 5 5 8 5 5 3 5
M[28] : 5 4 4 7 4 5 7 2 3 5 6 6 5 4 6 0 4 5 5 2 6 2 5 2 7 8 4 3 5 3 6 6 4 6 4 3 3 2 5 3 3 6 4 8 2 5 3 8 2 4 5 3 6 4 3 3 2
M[29] : 3 5 5 4 3 5 2 7 7 5 7 4 7 1 2 4 4 4 0 4 5 3 4 2 5 4 4 4 3 5 3 3 3 6 5 4 5 2 6 6 5 5 6 2 3 4 6 6 3 4 2 4 6 3 5 4 1
M[30] : 6 5 5 4 5 5 3 3 6 3 0 6 6 3 6 7 6 3 4 6 3 5 0 7 6 5 5 4 5 5 4 6 6 5 6 5 5 7 3 6 2 4 4 4 5 3 9 4 3 4 7 6 4 4 5 7 5
M[31] : 6 3 4 5 7 0 4 6 6 2 6 3 4 5 2 2 4 2 5 4 4 4 7 5 4 6 3 3 4 6 3 5 6 5 6 3 7 6 5 6 2 5 5 6 6 5 6 5 4 7 4 3 3 2 5 5 4
M[32] : 5 7 3 6 3 5 4 4 5 5 5 5 5 6 2 2 5 5 6 2 4 1 7 4 6 4 7 6 2 1 6 3 9 2 5 4 5 5 5 1 5 3 4 0 3 4 4 8 4 5 6 4 3 2 3 4 6
M[33] : 4 4 7 6 3 5 7 5 7 3 5 4 4 5 3 5 2 6 5 4 7 5 7 0 4 2 2 3 3 4 6 5 7 6 5 3 4 3 4 6 5 4 6 3 6 6 5 6 5 4 5 5 3 4 4 8 4
M[34] : 7 8 5 5 3 6 6 4 5 6 7 6 3 2 6 5 3 3 5 3 4 3 6 4 6 3 0 7 3 6 6 5 8 6 4 7 5 3 3 5 7 4 4 3 5 6 3 5 6 5 2 4 4 3 6 6 6
M[35] : 3 5 4 5 4 5 5 5 7 2 5 3 4 5 5 3 5 0 3 3 1 5 4 8 3 3 4 5 3 0 6 2 6 5 2 5 6 5 4 5 5 4 4 5 5 6 5 8 4 6 4 4 6 4 4 6 5
M[36] : 8 6 3 5 4 4 6 4 6 6 6 6 6 7 5 5 6 4 2 3 3 3 2 5 6 2 0 3 4 5 4 7 6 3 4 5 3 5 7 6 6 4 5 3 5 3 5 3 5 4 3 6 5 4 4 5 3
M[37] : 6 6 4 4 5 5 2 6 3 6 6 5 3 5 7 6 3 6 5 5 3 4 5 6 3 3 6 3 3 4 5 4 3 4 5 8 3 3 5 4 2 3 4 4 5 5 3 4 4 6 4 4 0 3 7 7 7
M[38] : 6 7 5 2 5 7 2 5 3 2 5 7 7 4 3 4 5 5 5 5 4 6 5 4 6 6 5 6 3 2 5 6 6 4 5 4 5 3 4 7 3 5 6 4 5 1 3 2 4 2 4 6 7 4 0 3 6
M[39] : 4 6 6 5 5 3 3 6 3 5 6 7 5 5 5 8 6 6 3 4 4 2 5 6 6 6 5 4 4 5 5 4 2 3 4 6 7 5 3 4 4 3 3 4 4 8 4 8 4 5 6 4 5 3 3 4 0
M[40] : 5 5 3 6 5 3 5 6 6 3 5 3 3 3 5 5 3 4 5 6 4 5 4 5 6 7 6 4 6 3 5 6 3 4 4 4 4 2 5 6 3 6 6 7 0 5 5 4 7 3 6 5 6 5 7 5 2
M[41] : 4 2 4 3 6 4 2 5 5 2 5 5 5 5 2 3 3 2 3 5 2 6 5 6 6 3 3 5 6 5 0 6 6 5 4 6 5 4 4 6 3 5 9 5 5 4 6 4 5 2 7 5 5 3 4 3 5
M[42] : 5 6 3 2 5 6 5 6 6 3 0 3 7 5 5 6 7 5 1 4 5 3 4 6 4 2 4 4 5 3 5 1 6 2 4 3 3 5 7 3 6 3 4 7 4 4 5 2 5 4 5 4 3 1 5 5 6
M[43] : 0 4 3 5 6 4 5 5 7 4 4 3 3 3 5 3 5 3 4 6 4 1 4 6 2 4 5 5 3 1 4 4 5 5 7 7 2 5 4 4 7 6 6 4 5 7 3 6 6 5 4 3 7 4 5 3 6
M[44] : 2 7 4 6 7 4 4 3 4 5 6 4 6 3 4 3 5 6 5 4 5 2 3 6 5 7 7 4 4 5 0 5 6 6 7 5 4 6 4 7 3 3 4 5 1 4 2 7 5 3 8 4 4 2 4 6 6
M[45] : 5 4 4 5 6 8 6 5 0 5 6 5 5 1 2 2 6 4 4 4 4 6 3 7 3 4 1 3 7 6 5 3 5 3 4 3 4 2 6 5 3 5 6 7 6 5 3 5 6 3 8 2 4 3 2 6 4
M[46] : 2 6 6 3 5 2 3 3 5 7 6 4 6 1 2 4 5 2 3 2 7 5 4 5 3 6 7 6 3 4 6 0 4 5 6 5 3 3 5 3 4 5 5 5 4 5 4 4 3 3 5 3 4 1 1 7 6
M[47] : 4 6 3 5 5 5 2 4 7 4 6 3 5 2 5 3 5 5 5 4 3 5 4 0 5 5 5 7 4 2 4 6 2 5 2 4 8 4 4 4 5 4 5 4 4 4 6 2 2 5 5 4 2 4 4 6 3
M[48] : 2 4 2 3 4 6 3 5 0 3 6 3 4 3 2 5 5 5 3 4 4 2 5 7 8 5 3 6 4 4 3 5 5 6 3 2 6 4 4 7 3 6 6 3 3 5 5 8 4 4 4 5 2 4 4 5 3
M[49] : 4 4 3 3 5 5 4 2 4 5 5 6 3 4 4 5 4 6 7 5 4 7 6 6 2 5 4 4 0 5 3 4 6 4 4 3 5 6 5 5 5 3 5 5 6 5 5 4 4 4 6 6 2 4 7 3 3
M[50] : 3 5 0 5 4 3 7 4 5 4 7 7 3 3 4 7 6 5 4 4 3 8 8 6 4 5 3 6 2 3 3 5 4 4 2 5 6 3 4 3 7 4 6 4 3 7 4 6 4 3 6 4 5 5 5 6 5
M[51] : 3 4 4 5 2 5 5 4 4 2 5 4 5 4 6 7 4 4 1 5 3 7 3 3 3 3 5 4 1 6 8 5 7 5 5 7 2 5 6 0 7 6 4 7 7 6 6 4 5 4 4 4 3 5 5 5 5
M[52] : 3 3 3 2 6 5 7 3 6 2 4 5 3 3 8 3 5 4 4 4 5 4 5 5 0 5 7 4 5 4 6 2 3 6 5 5 7 4 4 3 6 5 5 5 5 8 6 3 2 4 7 4 3 6 3 4 3
M[53] : 1 5 6 7 7 4 5 4 6 5 5 5 6 5 5 5 3 5 4 5 1 4 5 7 2 2 3 5 7 4 5 4 5 5 6 6 6 5 6 5 6 4 8 5 4 7 6 5 6 3 0 6 3 3 4 4 4
M[54] : 5 2 3 4 3 5 5 3 4 4 3 5 5 4 6 5 4 3 3 5 5 4 5 3 5 3 2 4 3 5 5 4 4 5 0 2 6 5 6 5 3 4 6 2 4 5 3 8 4 5 5 7 5 6 6 5 5
M[55] : 8 3 5 6 5 4 3 7 5 6 4 5 3 1 2 6 5 3 2 2 6 5 3 5 3 4 4 4 5 6 4 3 3 4 5 4 3 3 3 3 5 2 4 5 5 3 4 4 5 1 5 3 4 3 0 2 7
M[56] : 5 7 5 4 6 3 4 5 4 5 4 5 5 3 6 8 1 7 2 3 2 4 7 7 7 4 5 5 4 4 5 6 3 3 5 4 4 3 5 6 3 0 3 5 5 4 3 3 5 5 2 4 0 4 5 6 6
M[57] : 5 7 4 4 5 5 5 4 6 4 6 4 5 5 3 5 3 5 2 5 2 3 2 6 3 2 5 2 1 5 5 3 5 4 4 5 6 5 6 3 5 3 5 2 4 4 5 3 4 1 6 4 4 3 7 3 0
M[58] : 3 6 4 3 6 7 4 5 6 4 5 2 4 6 3 4 6 3 4 4 2 5 6 4 3 5 4 5 7 5 3 7 4 5 3 3 4 0 4 4 2 4 5 3 2 6 6 6 6 7 4 5 7 4 3 1 2
M[59] : 5 6 7 5 5 5 6 4 5 4 4 3 0 2 5 7 5 3 4 3 2 6 4 8 4 4 6 6 4 3 2 6 3 3 4 4 6 3 5 4 3 5 5 5 3 4 6 4 6 6 5 5 2 5 4 3 7
M[60] : 3 6 2 3 5 6 5 0 4 5 5 4 4 3 5 2 7 3 2 4 4 4 5 6 5 6 2 3 4 6 2 4 6 4 5 3 4 7 4 4 7 1 7 2 6 5 5 6 6 4 6 4 4 4 6 5 7
M[61] : 4 5 4 4 3 3 1 6 5 5 4 0 1 7 5 6 3 7 4 5 3 6 6 3 6 5 7 4 4 3 5 5 6 2 5 4 4 3 4 3 4 6 4 4 4 3 4 5 7 4 4 7 7 4 5 4 3
M[62] : 2 7 4 5 1 6 3 5 2 5 4 4 5 4 3 9 3 4 2 3 3 5 8 5 5 4 6 7 4 6 5 3 4 6 7 3 3 4 5 0 4 4 5 3 4 2 2 3 3 5 4 4 2 2 7 5 6
M[63] : 2 2 5 6 5 4 4 5 6 3 5 0 4 3 4 5 6 3 4 1 4 7 4 5 2 3 5 6 3 3 6 7 6 5 5 4 6 3 4 5 5 4 6 4 3 4 4 7 5 1 6 4 6 4 4 4 5
M[64] : 7 7 0 5 4 5 4 5 4 5 2 5 6 1 6 7 6 2 5 5 5 4 4 4 3 3 4 4 5 2 3 6 5 5 4 6 4 6 7 5 8 5 7 7 6 4 5 7 6 6 7 4 5 4 3 3 5
M[65] : 6 5 3 5 7 1 5 6 6 4 2 6 6 4 6 1 8 5 4 5 2 4 4 6 4 4 5 1 4 5 4 3 0 4 3 3 6 3 5 6 6 3 5 5 5 7 7 4 6 5 6 3 5 8 7 4 3
M[66] : 4 7 3 5 5 2 5 6 3 4 5 5 4 1 2 6 5 3 5 4 5 4 7 5 0 5 3 6 4 4 2 4 5 5 5 5 3 3 6 7 6 5 8 3 4 4 5 4 7 6 4 7 2 6 3 6 5
M[67] : 2 3 5 5 3 4 5 5 6 5 3 6 6 3 5 3 5 4 4 7 2 6 3 3 5 6 4 2 3 4 5 6 3 5 5 4 4 5 6 5 7 2 0 3 5 4 5 4 3 4 5 4 3 4 6 3 3
M[68] : 7 4 5 3 4 5 1 6 2 6 4 3 5 5 4 5 2 4 0 5 3 5 6 5 6 6 3 8 3 3 4 3 3 5 4 3 2 3 5 4 5 3 7 7 6 6 5 3 3 5 3 4 4 6 3 6 5
M[69] : 4 3 3 5 4 6 6 2 5 2 7 6 1 2 3 3 4 8 5 4 4 4 8 6 4 4 5 2 2 4 3 3 3 4 3 6 7 5 6 4 4 2 5 5 4 5 0 5 6 6 6 7 5 4 5 6 5
M[70] : 8 6 7 5 3 6 5 3 5 6 4 5 4 2 5 5 7 6 1 5 7 8 5 4 3 3 7 7 5 3 3 7 3 4 4 0 4 4 5 3 5 3 2 6 3 3 6 4 3 6 6 5 3 2 4 5 8
M[71] : 2 3 3 3 5 2 6 4 4 5 5 4 7 2 3 4 2 3 4 1 5 3 7 2 7 5 5 4 3 3 6 7 3 4 4 6 6 1 4 7 4 0 4 3 6 6 6 6 6 6 7 4 3 1 6 5 3
M[72] : 6 2 3 5 6 4 4 3 5 6 6 5 5 6 4 4 4 7 4 4 4 3 4 4 4 6 5 5 3 2 1 4 5 4 6 5 4 3 4 3 4 5 5 0 4 4 8 5 6 4 2 5 4 1 5 3 3
M[73] : 5 4 4 4 4 2 4 5 6 4 2 3 0 5 7 4 6 6 4 2 5 6 7 6 5 4 4 5 1 2 6 4 3 2 2 6 6 3 2 7 5 6 5 5 7 5 4 4 6 3 4 3 1 4 7 5 5
M[74] : 7 7 2 4 3 5 4 5 3 5 3 1 5 3 0 5 4 2 4 4 5 7 3 4 5 4 4 6 5 4 4 4 6 4 3 2 3 3 5 2 4 6 7 5 5 4 4 3 4 4 5 5 6 4 4 6 5
M[75] : 6 7 3 3 6 6 4 5 2 6 4 4 5 4 7 6 4 6 6 5 2 3 6 5 4 8 4 8 0 6 3 4 5 3 6 4 5 4 4 4 6 3 4 5 5 2 6 3 3 6 4 5 3 5 6 4 3
M[76] : 4 3 4 2 5 5 3 3 3 4 3 5 6 5 3 7 4 6 6 5 3 5 4 6 2 5 2 5 0 6 0 4 4 7 6 4 5 3 6 6 4 2 6 3 4 5 4 5 6 5 5 6 7 2 6 2 2
M[77] : 8 4 4 5 5 4 2 4 4 3 6 6 6 4 5 6 5 8 3 3 3 6 7 4 4 2 5 6 2 5 3 3 5 4 3 6 7 6 4 6 4 5 6 2 4 6 3 3 5 0 5 5 5 6 2 4 5
M[78] : 4 7 2 5 4 4 4 4 4 2 4 5 0 4 4 3 4 2 2 5 5 4 6 4 5 4 2 6 4 5 4 8 4 3 4 3 7 5 5 5 4 4 4 4 2 4 2 7 4 2 2 5 3 7 5 4 5
M[79] : 2 7 7 6 5 5 6 7 6 6 5 3 5 3 2 2 3 4 2 2 4 5 4 4 7 6 5 3 4 2 4 5 2 2 4 7 5 3 5 4 5 5 7 8 3 6 3 0 5 3 4 4 6 7 4 5 6
M[80] : 5 4 6 2 5 3 3 4 7 0 5 8 5 4 5 6 4 2 5 3 2 3 5 6 4 5 3 4 3 2 6 5 3 3 5 6 7 7 7 2 4 7 7 4 7 7 5 5 2 4 3 5 3 5 7 6 7
M[81] : 2 4 0 3 7 5 3 5 5 8 5 3 5 4 5 5 5 4 3 4 4 6 4 4 6 5 5 5 5 4 6 4 3 5 6 4 6 5 3 2 3 5 5 6 6 5 4 6 3 4 8 3 4 2 8 4 1
M[82] : 4 6 7 6 5 7 4 7 5 3 4 2 5 3 0 1 7 7 1 3 2 5 6 6 5 1 6 6 5 3 1 5 5 2 6 7 3 5 5 2 6 4 5 2 3 6 4 2 5 4 5 6 3 3 4 6 4
M[83] : 1 3 3 3 5 4 5 7 2 5 4 8 3 6 3 3 6 7 3 4 4 3 6 4 6 4 2 6 5 0 5 7 4 7 7 8 4 6 6 5 5 5 5 3 4 6 6 3 8 5 5 5 4 4 2 4 4
M[84] : 4 6 7 4 7 3 5 5 3 4 3 6 4 4 0 5 6 4 2 7 4 5 5 3 6 6 5 3 6 3 4 4 7 6 4 5 6 7 5 7 3 4 7 2 5 3 3 7 5 4 7 5 4 4 2 6 4
M[85] : 8 3 6 5 2 6 5 5 4 7 5 5 3 3 4 4 3 7 2 6 5 5 7 5 5 2 5 3 5 4 3 7 7 7 1 0 5 5 5 4 4 5 5 6 3 5 6 8 6 7 4 9 4 5 2 5 7
M[86] : 8 3 5 6 5 3 4 5 4 2 5 6 5 5 4 5 7 5 4 5 4 6 6 4 6 5 5 5 3 3 4 5 5 8 5 7 5 4 6 8 2 2 3 4 6 3 0 2 4 1 5 2 2 2 5 5 5
M[87] : 3 5 5 4 5 5 5 5 3 3 4 8 4 5 2 5 2 2 0 4 1 7 4 3 3 3 6 8 5 4 3 4 1 1 7 4 4 5 5 4 5 4 4 3 4 5 4 3 6 5 6 7 3 6 5 3 4
M[88] : 5 5 3 5 7 5 4 4 2 6 5 4 5 4 5 7 6 4 5 4 1 3 5 3 5 0 4 4 7 4 3 5 6 5 5 3 4 3 4 8 6 3 4 3 6 7 4 3 4 4 6 7 3 5 4 5 3
M[89] : 8 6 4 5 3 4 5 3 6 7 4 3 3 4 5 3 8 7 2 2 5 7 4 5 4 4 5 3 6 3 1 4 4 5 4 5 5 6 6 7 5 2 4 6 4 7 3 3 4 6 5 6 2 0 4 6 7
M[90] : 6 9 5 4 6 6 5 5 5 5 4 6 2 6 6 6 4 5 4 4 3 8 3 5 4 5 5 6 4 4 3 6 5 4 7 6 4 4 6 6 7 3 1 3 5 3 4 7 4 4 4 6 2 4 2 0 6
M[91] : 3 4 5 6 4 3 2 7 5 3 7 2 4 4 3 2 5 3 3 4 3 5 4 4 5 7 5 4 2 4 2 6 4 5 4 4 5 3 4 2 2 5 4 3 4 0 3 2 4 6 5 1 5 5 5 3 4
M[92] : 5 4 4 4 6 6 5 6 5 1 3 4 2 3 4 4 4 2 4 4 2 2 6 5 6 4 4 4 0 6 4 6 6 5 4 3 3 6 6 4 3 4 7 3 6 4 6 4 6 3 6 6 3 4 6 5 5
M[93] : 6 6 4 6 4 3 6 3 5 5 2 3 3 5 4 4 3 2 5 4 2 2 5 3 0 6 3 2 5 7 4 4 3 4 6 4 2 4 5 5 5 5 5 8 7 5 5 5 0 5 1 3 5 4 4 4 5
M[94] : 5 1 2 6 4 4 3 6 4 4 1 7 5 6 5 4 4 6 0 4 5 2 4 5 4 3 6 5 4 5 3 3 2 5 4 5 5 5 3 3 6 6 6 5 4 4 3 5 4 2 3 2 6 4 6 4 5
M[95] : 5 6 8 6 3 6 5 3 7 3 0 6 6 4 5 6 3 4 4 4 6 7 5 4 4 4 8 4 4 3 4 4 2 2 4 6 6 3 3 3 5 2 3 5 6 4 6 5 5 1 6 5 3 3 5 6 7
M[96] : 0 6 5 6 3 5 4 5 4 5 5 4 6 4 8 3 5 4 5 3 2 1 3 5 5 5 5 7 3 5 3 3 3 6 6 5 4 4 7 6 6 3 3 3 2 3 7 2 7 5 4 4 7 4 4 6 3
M[97] : 6 0 4 6 4 5 7 5 4 2 5 3 4 4 5 6 5 5 5 8 2 5 6 5 3 5 3 5 4 3 2 2 5 4 6 4 4 3 4 6 3 4 1 3 4 4 6 5 4 4 2 3 2 3 4 5 4
M[98] : 3 4 5 5 5 6 6 1 7 6 2 3 2 6 4 6 3 0 3 4 6 3 3 7 6 7 6 6 4 5 4 3 7 5 2 7 4 2 5 5 7 5 3 3 3 4 7 2 3 6 6 2 7 5 6 7 7
M[99] : 5 5 5 3 5 4 5 6 6 6 3 5 4 4 3 4 6 3 5 4 3 6 4 5 4 4 3 7 6 3 5 4 5 5 5 4 4 4 3 5 0 7 7 5 3 5 6 2 1 3 5 5 1 2 5 8 4
M[100] : 4 3 5 7 4 5 5 3 3 5 4 7 5 6 3 8 7 4 3 2 2 4 4 4 5 0 6 6 5 5 3 4 4 5 5 4 4 4 6 6 4 4 6 3 6 6 2 5 5 3 6 6 4 4 6 4 3
M[101] : 6 2 4 6 8 5 4 6 5 3 4 5 4 3 3 5 3 3 5 5 2 7 5 4 7 3 4 6 0 2 6 6 3 6 4 4 3 4 7 6 6 5 2 3 3 5 4 3 2 4 6 4 3 3 3 5 3
M[102] : 2 4 5 6 3 3 3 5 2 3 3 5 6 0 7 4 6 3 4 4 5 7 3 5 2 7 6 3 5 5 5 4 5 7 6 7 8 4 6 6 4 5 2 3 4 5 5 4 5 3 3 5 3 3 6 5 7
M[103] : 2 6 2 7 5 4 0 1 8 0 5 3 6 5 3 5 3 4 2 7 4 3 6 6 5 2 5 5 4 6 2 1 5 0 5 5 5 4 5 6 3 4 2 4 4 8 6 4 5 3 7 4 5 3 3 7 7
M[104] : 2 6 4 2 3 3 4 5 4 6 6 1 3 3 4 6 3 6 2 5 5 5 4 4 0 8 6 5 3 5 6 6 5 7 7 3 5 4 6 5 3 4 5 5 6 8 9 4 4 3 5 4 6 5 4 6 1
M[105] : 5 7 2 5 6 8 2 5 4 2 6 6 7 5 5 5 6 3 5 5 6 4 5 4 3 7 3 5 4 5 3 4 5 6 6 5 4 6 4 5 2 3 6 4 2 5 5 6 6 3 4 0 4 7 4 4 9
M[106] : 4 2 4 7 4 5 7 3 0 6 4 4 4 5 5 4 7 8 5 3 3 7 8 5 5 3 5 6 4 3 5 2 6 1 3 3 7 4 5 3 3 3 2 3 4 4 4 4 6 5 5 4 3 7 3 5 1
M[107] : 3 5 6 6 5 5 5 0 4 4 4 7 5 5 3 2 6 3 4 6 2 3 3 3 3 6 3 7 5 3 2 3 2 1 4 3 4 4 5 8 4 3 4 7 6 3 3 8 4 4 5 5 6 2 5 6 5
M[108] : 5 3 5 5 2 4 6 5 4 5 4 8 3 4 6 2 4 6 5 4 4 4 3 3 5 5 6 4 4 7 4 3 6 4 4 4 3 5 4 4 2 4 5 3 4 8 5 4 3 4 6 3 0 5 5 1 3
M[109] : 5 4 4 3 6 4 1 4 7 5 0 5 5 5 4 7 5 1 5 2 4 1 3 5 3 7 5 5 5 6 4 6 3 3 6 1 4 2 5 6 6 4 5 7 4 7 2 5 7 3 3 3 5 5 6 3 4
M[110] : 3 5 5 4 4 5 2 6 6 6 5 4 6 5 4 6 3 4 4 3 5 4 2 6 4 4 5 4 4 4 3 6 5 8 6 4 4 3 7 7 2 5 7 4 5 4 6 0 5 4 3 6 5 5 4 5 5
M[111] : 5 7 3 3 6 3 3 6 5 4 6 3 3 0 8 3 5 7 5 3 5 5 0 7 3 7 5 6 5 4 7 4 0 4 6 4 5 6 5 6 4 1 6 3 4 6 5 3 5 4 3 6 5 6 5 7 3
M[112] : 5 3 5 7 4 6 4 5 2 4 6 3 4 3 5 5 3 3 4 4 3 4 4 5 6 5 5 4 6 5 6 4 2 6 7 2 8 0 6 7 7 4 4 1 4 5 4 4 5 4 2 5 6 4 3 4 7
M[113] : 7 4 5 4 3 5 5 5 4 2 6 6 4 3 5 6 5 6 3 3 3 5 5 4 4 3 6 6 4 6 7 6 5 4 3 4 4 4 5 1 3 5 3 3 3 3 6 6 5 2 4 4 0 3 6 6 7
M[114] : 4 4 4 6 6 5 4 4 4 2 5 5 4 5 5 5 3 5 7 4 4 2 5 5 6 6 5 7 4 4 3 3 4 4 5 4 2 1 3 4 6 4 5 0 3 5 4 4 3 5 8 4 3 7 6 3 4
M[115] : 0 5 3 2 3 3 6 5 4 5 6 3 5 2 4 7 8 4 5 6 2 2 5 3 7 6 6 2 7 5 2 6 5 5 4 4 7 6 4 3 4 6 3 6 3 3 6 4 6 2 3 4 3 4 4 5 4
M[116] : 4 5 4 4 7 4 3 3 3 4 5 4 6 3 2 2 5 4 6 5 2 5 3 7 4 7 4 0 2 4 6 7 5 3 8 4 4 4 3 3 6 7 4 6 5 7 4 4 4 3 5 5 5 5 4 5 2
M[117] : 4 4 3 4 4 2 4 4 5 2 5 5 6 5 7 4 3 7 4 5 5 5 4 8 4 4 6 3 4 4 5 4 5 3 4 6 4 4 3 4 6 4 3 6 6 4 5 0 6 4 5 5 5 6 5 5 4
M[118] : 0 3 4 2 4 4 4 4 7 6 7 2 6 5 4 7 5 4 4 3 5 3 5 6 4 7 3 3 3 4 5 4 7 4 6 7 4 3 5 2 5 2 4 4 2 5 6 2 3 5 4 5 6 5 8 6 2
M[119] : 2 6 5 5 3 5 5 8 3 6 3 0 6 5 2 6 3 3 5 5 4 3 7 4 7 4 3 5 2 6 5 2 7 4 5 7 4 2 6 5 6 4 6 6 4 5 7 5 5 7 6 6 4 1 4 3 3
M[120] : 5 6 3 3 4 4 4 3 5 5 2 6 5 4 7 5 5 4 2 8 3 3 5 4 6 6 5 3 4 5 2 4 0 2 4 4 4 3 4 7 3 3 7 7 2 6 4 6 4 4 8 4 5 3 3 3 4
M[121] : 4 6 3 6 4 2 0 3 5 6 4 4 3 3 6 5 5 4 4 2 3 3 4 4 5 7 7 4 3 5 4 3 5 6 6 4 5 6 4 6 4 3 4 5 2 2 5 5 4 3 4 4 4 5 6 5 5
M[122] : 7 5 7 2 5 6 6 5 4 1 3 5 6 4 6 2 5 5 4 3 4 5 4 5 5 4 7 5 3 7 5 4 5 0 6 4 6 4 7 5 5 4 5 3 4 3 3 3 5 5 5 7 4 6 6 5 3
M[123] : 0 5 3 7 6 2 5 5 2 5 6 3 6 5 2 4 6 5 5 6 3 3 6 6 3 5 6 7 4 5 5 3 5 4 7 8 5 5 4 5 3 3 4 6 4 3 3 4 5 5 5 6 3 4 2 4 2
M[124] : 6 3 4 5 3 5 6 5 2 6 5 5 4 5 7 6 3 7 4 5 5 7 4 4 6 3 6 6 3 7 4 2 6 2 2 5 7 5 2 4 5 0 6 5 3 4 5 4 5 5 6 3 4 3 3 6 5
M[125] : 4 8 4 5 8 4 5 3 5 2 5 5 6 3 4 7 6 7 6 0 6 8 3 3 7 2 5 6 5 3 5 2 4 5 3 3 4 3 4 3 6 2 2 6 4 4 6 6 4 3 5 5 4 5 4 4 3
M[126] : 3 5 5 6 5 5 4 5 4 3 6 4 5 6 5 4 4 3 1 3 5 1 5 5 3 4 4 6 4 4 0 5 5 3 6 4 4 4 5 6 4 5 3 3 6 6 3 4 5 5 5 4 4 4 4 4 6
M[127] : 4 4 4 6 6 7 7 4 3 3 5 3 8 5 5 2 4 5 5 2 5 5 6 5 5 4 5 4 2 6 4 6 6 4 5 3 4 4 3 1 4 2 4 5 5 6 5 5 5 4 6 6 4 0 6 5 3
M[128] : 3 5 4 4 4 5 6 4 4 7 6 2 7 4 4 6 5 5 3 4 3 3 8 5 6 5 3 6 3 3 4 6 2 4 6 3 5 1 4 2 6 4 6 3 4 3 7 5 4 5 5 6 6 3 5 0 6
M[129] : 5 6 5 0 5 6 7 5 4 4 3 2 3 1 3 6 4 3 6 5 3 5 4 7 7 5 6 4 4 6 3 5 4 3 4 4 4 5 6 5 5 3 3 4 5 5 6 7 4 3 3 5 7 4 3 5 3
M[130] : 6 7 6 7 6 5 7 3 7 2 2 3 4 4 5 5 5 2 5 0 2 5 4 3 6 6 5 4 5 3 3 4 2 3 4 4 3 4 2 4 4 2 8 3 5 6 5 6 4 2 5 5 4 2 7 2 5
M[131] : 5 6 6 7 4 4 4 4 4 9 5 5 7 4 3 4 4 6 5 3 4 5 4 2 6 6 4 4 1 3 3 5 6 8 7 3 7 4 3 3 6 3 3 6 7 6 7 5 5 3 6 4 0 2 7 5 5
M[132] : 5 6 4 4 2 5 3 6 4 6 3 5 7 3 6 5 3 7 4 4 6 5 4 4 4 6 7 6 4 5 5 0 5 4 3 6 2 5 5 5 5 3 7 4 7 5 3 6 3 5 5 4 3 5 6 3 3
M[133] : 5 3 5 6 6 6 3 5 2 4 3 4 3 6 3 7 7 6 4 4 4 3 1 7 6 6 1 4 2 6 5 6 2 0 2 7 5 5 3 4 5 4 4 6 4 8 3 1 4 4 4 7 6 7 7 5 2
M[134] : 6 4 2 5 7 4 5 5 3 4 4 5 4 7 6 4 6 6 3 3 3 5 8 6 5 3 5 5 3 5 6 5 0 2 4 6 5 3 1 2 4 2 4 5 4 1 3 3 5 2 5 6 6 5 4 5 4
M[135] : 4 5 5 4 0 7 6 5 5 3 5 6 4 6 7 5 6 6 4 4 4 7 7 8 5 5 6 3 7 4 6 3 6 9 4 3 5 4 7 4 5 4 5 4 4 4 5 3 2 4 4 5 4 5 7 1 7
M[136] : 4 2 5 5 3 3 5 6 4 5 6 6 5 4 6 2 1 6 1 4 4 6 5 3 5 5 5 6 3 6 5 5 4 4 3 2 6 5 3 3 6 4 5 4 3 6 5 5 0 4 5 3 4 4 5 5 4
M[137] : 4 3 5 5 4 8 5 4 7 2 4 5 4 6 4 4 7 1 4 4 4 5 4 7 4 5 6 7 5 5 5 8 4 5 5 7 5 2 6 5 5 6 4 4 3 6 3 7 2 3 0 4 6 4 7 5 6
M[138] : 4 5 4 3 6 7 4 2 6 6 4 2 5 3 6 3 3 4 6 3 7 4 5 5 3 6 6 4 3 4 6 2 3 6 5 4 5 3 7 0 6 6 4 5 4 6 6 4 5 6 8 4 5 4 4 6 6
M[139] : 4 3 4 5 4 2 5 4 5 0 6 5 1 7 6 4 6 5 3 3 5 4 3 1 4 4 5 5 3 3 6 5 7 4 4 4 5 1 4 4 5 6 3 4 7 2 5 4 5 4 6 3 6 3 4 5 7
M[140] : 4 5 5 5 4 7 5 4 4 5 3 4 5 4 3 0 4 3 4 4 4 5 7 6 4 7 6 3 4 7 1 6 6 6 7 6 6 6 6 7 6 4 4 6 5 3 3 4 8 4 5 4 3 3 5 5 3
M[141] : 4 3 5 7 6 6 6 5 5 4 5 5 7 6 4 3 3 6 3 7 6 3 2 6 6 5 6 5 7 4 2 8 3 3 5 4 6 6 3 5 0 2 4 6 4 6 1 3 5 3 3 2 5 5 6 4 4
M[142] : 6 6 4 2 4 2 6 5 6 4 2 5 3 5 6 4 6 7 4 5 3 4 4 6 5 3 8 7 3 4 3 5 6 6 7 5 5 3 5 3 0 5 5 4 5 1 4 5 5 3 7 2 4 4 2 7 4
M[143] : 6 3 5 6 4 0 4 6 3 3 7 4 5 6 3 6 4 5 3 5 3 7 6 3 0 3 4 1 4 5 4 3 7 6 3 3 4 3 7 5 6 5 5 4 5 6 3 5 3 4 5 4 3 3 2 4 7
M[144] : 7 4 5 5 6 1 4 2 7 4 4 2 4 6 6 3 3 4 3 2 0 4 5 3 5 4 4 2 3 4 1 5 3 7 6 8 3 4 6 4 7 4 1 5 1 6 7 5 4 2 3 4 4 5 5 5 4
M[145] : 5 6 3 6 7 4 3 6 3 7 2 4 5 6 5 6 2 5 5 5 3 3 3 3 4 5 4 7 5 3 4 5 6 6 8 3 6 3 4 5 5 3 6 4 4 2 0 7 6 5 7 6 4 0 7 3 3
M[146] : 6 6 4 6 3 4 4 1 5 5 6 5 3 6 6 7 4 6 5 4 4 5 4 3 4 0 3 4 5 2 7 6 3 4 4 4 3 5 3 6 6 6 7 6 4 4 5 4 3 5 3 4 4 4 5 5 6
M[147] : 8 5 6 4 6 3 4 5 3 4 3 3 2 5 4 4 5 7 3 6 2 7 2 2 6 5 5 4 5 3 3 3 6 0 4 4 6 1 1 4 5 3 5 2 3 5 7 7 6 4 6 4 6 5 2 4 2
M[148] : 2 6 6 4 7 4 7 3 3 2 2 0 4 5 3 8 3 3 5 3 4 4 3 1 3 4 5 5 6 3 4 5 3 3 3 6 5 7 4 4 4 3 4 2 2 3 3 7 3 2 6 2 3 7 3 4 3
M[149] : 3 4 4 5 4 5 5 4 6 6 4 3 5 6 4 5 5 6 2 4 6 4 6 0 6 2 5 5 3 3 7 3 3 5 3 4 5 2 2 3 3 3 5 5 4 6 6 5 5 5 5 3 4 4 3 6 5
M[150] : 6 5 3 0 6 5 5 5 8 5 5 2 6 5 5 6 5 3 5 6 4 5 5 5 2 5 5 6 2 4 5 4 6 4 3 2 3 5 7 4 4 5 2 3 6 2 3 5 6 1 5 4 5 3 3 6 5
M[151] : 0 4 1 5 5 5 5 2 4 3 5 6 3 6 7 7 4 4 7 4 4 4 3 3 4 3 4 6 4 4 4 7 3 4 3 3 3 3 6 2 5 3 6 4 5 4 3 3 4 6 6 3 8 7 6 5 5
M[152] : 6 4 4 4 4 8 3 5 5 7 0 7 1 4 5 5 7 5 4 5 4 5 7 1 4 6 4 7 4 4 2 4 6 6 3 7 6 5 4 4 3 5 4 6 4 4 7 2 6 5 5 6 6 4 5 4 4
M[153] : 5 2 6 5 2 3 3 6 3 5 1 6 2 4 6 5 4 6 5 3 8 3 4 3 5 7 6 4 5 4 5 6 6 2 3 5 5 0 6 3 4 5 9 3 2 6 6 5 4 3 3 4 2 2 6 4 4
M[154] : 6 2 6 4 5 3 7 6 6 2 7 5 3 3 4 5 5 4 3 2 7 4 6 5 4 3 4 4 3 3 5 3 4 0 5 6 4 6 5 4 7 3 5 4 4 3 6 4 4 4 6 3 4 4 5 5 3
M[155] : 3 7 5 6 5 6 4 2 7 6 6 3 3 5 4 5 5 6 3 3 7 6 3 5 4 4 5 5 2 8 7 7 5 5 5 4 0 6 4 5 3 6 7 1 5 5 5 6 4 7 8 6 5 2 5 5 5
M[156] : 5 5 4 3 4 3 7 5 4 6 3 4 6 5 4 4 4 5 2 3 3 3 0 2 6 6 5 6 5 3 5 5 4 4 4 6 4 3 6 2 4 4 4 4 4 6 4 5 2 5 4 3 3 6 6 6 5
M[157] : 6 4 3 7 3 6 4 3 5 6 5 4 8 3 4 2 4 7 3 6 3 5 4 5 6 7 6 6 5 8 7 3 5 8 5 2 5 4 2 5 7 2 0 4 4 1 6 6 2 4 5 3 5 4 4 5 4
M[158] : 4 4 4 3 4 4 7 4 7 4 6 4 6 5 5 4 6 5 5 7 4 4 4 4 5 7 4 3 4 3 6 3 5 6 3 3 4 6 4 3 2 1 5 6 1 3 6 6 2 5 6 0 2 6 7 4 4
M[159] : 4 6 4 6 5 5 3 3 2 6 4 3 5 4 0 7 5 5 2 1 5 7 5 6 5 4 4 4 4 3 6 5 5 5 4 4 5 5 6 6 5 4 4 7 3 3 5 3 5 7 2 3 4 3 7 2 2
M[160] : 3 6 3 3 6 5 6 6 8 4 3 4 6 7 6 7 5 4 3 6 5 3 9 7 5 5 4 7 5 5 7 5 0 5 5 3 8 4 3 4 2 4 2 7 4 6 5 4 4 3 3 7 3 3 3 3 5
M[161] : 5 5 3 3 2 6 4 6 3 4 6 1 3 4 4 5 7 6 2 4 2 3 5 4 4 5 7 5 2 5 4 5 5 5 6 3 6 3 3 5 5 5 8 4 0 2 6 6 4 3 5 2 2 5 7 5 6
M[162] : 7 4 5 7 1 7 6 6 4 4 5 5 3 5 3 5 5 7 4 3 4 6 3 3 4 5 4 6 4 4 5 1 2 4 2 3 3 4 0 5 8 2 4 4 3 4 4 5 5 3 5 7 5 4 5 7 4
M[163] : 4 2 6 6 5 3 2 4 3 3 5 4 4 4 3 5 6 4 3 3 3 4 4 5 5 4 4 6 6 4 4 4 4 0 4 6 6 6 3 5 4 2 3 4 4 6 5 2 2 6 5 4 3 3 6 5 3
M[164] : 6 3 7 4 5 2 7 2 3 5 4 3 4 4 7 6 5 3 3 2 4 6 5 6 3 5 4 6 3 3 5 4 6 4 5 2 5 4 4 3 6 5 2 4 3 5 4 4 0 5 5 3 6 1 5 2 5
M[165] : 5 3 4 4 4 3 5 2 3 4 3 4 5 2 6 3 5 3 4 5 3 4 4 5 3 4 5 5 6 2 3 4 4 4 4 6 7 4 3 4 4 6 0 8 3 6 3 5 4 4 4 7 4 5 4 2 4
M[166] : 4 2 3 6 5 4 7 5 7 5 6 5 4 5 1 4 3 7 3 0 4 7 5 5 7 4 5 5 3 6 7 4 5 4 4 5 4 2 6 4 3 4 8 5 5 5 7 2 8 4 4 8 5 5 3 2 4
M[167] : 6 7 3 3 7 5 0 3 6 4 3 4 6 5 3 6 7 4 1 4 2 5 4 4 3 4 5 6 3 7 3 3 2 2 5 6 5 3 5 6 3 5 2 4 1 6 2 4 6 4 6 7 2 2 5 6 6
M[168] : 5 5 4 5 5 4 3 5 4 3 3 4 3 6 6 4 7 4 2 7 2 5 2 6 3 3 4 3 5 3 4 3 3 4 5 7 5 4 6 5 4 4 2 3 7 4 6 6 2 5 5 0 3 4 3 7 3
M[169] : 5 5 5 5 4 6 0 4 5 7 4 7 5 5 4 7 7 6 3 4 3 2 4 5 5 5 6 6 4 5 5 4 6 3 3 8 6 4 6 6 4 3 5 1 4 6 5 2 7 5 5 4 5 5 6 3 4
M[170] : 5 2 5 5 5 2 5 6 6 5 8 6 2 6 6 4 0 4 3 3 3 4 3 4 1 5 6 6 5 4 4 5 5 2 3 6 7 3 3 2 4 3 2 4 3 6 6 4 3 6 4 3 4 5 6 6 4
M[171] : 3 7 4 3 3 7 3 5 3 5 6 4 3 4 5 4 4 5 4 5 5 5 7 3 4 4 4 3 4 2 3 2 6 3 3 4 5 4 5 3 3 4 5 2 7 4 2 7 3 5 5 2 4 2 7 6 0
M[172] : 4 6 1 4 4 5 4 4 2 5 7 4 4 4 4 4 6 5 4 4 5 6 5 3 5 6 4 6 2 3 5 6 7 4 4 6 2 4 4 4 3 6 4 5 5 4 4 4 4 4 4 4 6 5 7 6 0
M[173] : 3 3 4 5 5 4 3 4 6 4 7 2 0 2 7 6 5 7 4 3 6 6 4 7 2 6 5 6 3 2 7 1 8 5 6 4 4 4 6 2 5 6 3 6 4 4 4 4 3 3 4 8 5 5 9 5 5
M[174] : 3 3 1 6 4 7 5 4 4 5 6 2 5 3 6 5 5 4 4 4 0 3 6 4 3 2 6 5 3 3 7 5 7 3 9 6 8 5 5 4 4 3 6 4 5 4 1 6 4 4 3 3 6 3 6 2 4
M[175] : 5 4 5 3 4 6 4 6 4 1 6 5 6 2 4 4 3 8 2 0 5 4 4 4 3 6 6 3 5 6 4 3 6 5 4 6 4 4 5 5 4 4 5 3 5 7 5 4 4 4 4 5 2 6 5 2 2
M[176] : 4 4 4 6 7 5 4 4 5 5 6 4 4 3 5 6 4 7 6 3 6 5 2 2 7 6 4 5 5 5 4 4 4 2 4 5 4 3 6 5 4 6 4 5 0 5 3 4 4 4 3 2 3 4 3 4 6
M[177] : 5 6 4 5 6 3 6 3 7 3 6 6 4 4 0 6 3 5 6 6 5 2 6 2 4 3 4 2 3 5 5 4 9 4 6 7 7 5 4 7 5 4 4 2 2 6 7 5 5 2 7 5 1 2 4 2 7
M[178] : 5 5 5 7 3 4 6 5 7 4 5 5 3 5 4 5 4 2 0 8 5 4 5 4 5 7 1 5 3 4 4 4 7 3 1 6 5 3 5 5 5 2 7 4 5 2 6 6 6 5 3 4 4 4 6 5 4
M[179] : 4 3 6 5 5 5 4 5 5 4 4 5 4 4 6 3 6 5 5 5 3 5 6 4 4 6 5 6 2 3 4 3 6 4 7 4 4 5 7 5 6 3 0 4 6 7 3 4 3 3 6 7 3 7 7 4 2
M[180] : 4 3 5 4 2 3 4 4 4 5 3 3 5 6 3 6 4 5 5 3 3 4 5 3 5 3 5 6 3 3 5 5 5 4 6 0 3 4 7 6 8 4 6 2 1 1 7 4 3 6 5 1 6 4 4 4 7
M[181] : 3 2 5 5 6 3 5 5 4 4 4 4 7 3 0 5 4 2 4 4 6 4 5 7 6 6 6 5 4 3 6 5 6 6 5 6 6 4 3 4 4 4 6 5 3 4 3 5 7 5 4 3 4 3 5 5 3
M[182] : 6 7 4 2 7 5 6 6 5 5 6 0 3 3 5 4 5 3 5 3 5 7 3 4 5 8 6 6 2 6 6 6 4 4 6 5 7 2 5 5 4 4 2 5 8 5 3 4 3 5 5 4 7 4 5 3 6
M[183] : 6 4 4 5 6 5 6 5 5 4 4 2 3 4 6 7 0 8 3 1 2 4 2 3 4 4 5 5 7 2 3 4 6 7 6 3 4 6 3 3 4 1 9 4 4 5 4 5 3 7 2 3 3 4 1 3 4
M[184] : 5 4 4 3 4 3 4 4 5 4 2 6 7 4 7 4 4 6 2 5 5 6 3 5 5 4 6 5 4 7 4 0 5 3 3 3 5 1 5 7 7 4 3 4 5 4 4 4 5 3 3 3 4 3 2 3 7
M[185] : 3 5 3 5 5 6 2 7 4 5 0 6 3 4 1 6 5 5 3 4 3 4 4 4 4 5 7 5 4 4 4 6 3 4 3 4 5 4 5 7 6 5 7 5 6 4 2 5 3 2 7 5 3 3 4 6 6
M[186] : 3 6 3 6 4 4 5 6 6 2 4 6 7 5 5 2 2 3 4 6 4 4 6 4 6 6 6 4 5 4 4 3 3 5 6 5 4 6 5 0 5 4 2 4 4 6 4 5 5 4 6 5 3 5 5 6 4
M[187] : 4 6 5 5 4 4 4 6 6 5 5 6 5 2 4 6 4 3 5 5 5 7 3 2 4 1 1 5 3 6 4 6 5 7 3 2 3 3 5 6 5 1 6 0 4 3 5 3 4 5 7 5 4 5 5 5 6
M[188] : 1 3 5 5 6 5 4 5 5 0 4 6 5 4 7 5 3 6 4 2 5 4 5 3 6 6 7 4 5 1 4 9 4 3 3 5 3 4 5 2 3 4 2 2 3 4 5 5 6 3 3 5 4 7 3 6 6
M[189] : 4 5 3 5 7 5 4 5 6 3 2 6 4 3 6 5 4 4 6 4 4 4 2 3 4 5 3 4 4 7 3 3 3 7 3 0 5 5 2 6 1 4 3 5 3 3 4 5 6 2 5 4 4 4 4 3 7
M[190] : 5 7 3 4 7 5 5 7 5 4 5 6 5 2 7 4 3 7 5 2 2 7 0 8 3 6 5 8 5 4 5 2 5 2 5 3 6 3 4 8 1 4 5 3 5 7 6 2 5 5 7 5 3 4 5 5 7
M[191] : 5 2 4 6 4 5 4 6 5 5 4 7 7 5 4 4 4 4 2 6 0 4 2 4 6 5 8 8 6 3 5 4 6 4 6 3 5 5 6 5 3 6 4 4 1 4 3 5 3 4 5 0 4 2 6 3 2
M[192] : 4 5 6 4 4 6 6 5 3 6 7 5 3 2 4 5 4 2 5 3 3 5 4 3 5 6 8 6 4 2 7 5 5 3 6 5 3 6 4 7 4 6 5 3 5 5 4 7 5 3 7 0 3 4 5 7 0
M[193] : 5 7 4 5 3 5 5 6 7 3 5 3 7 5 5 3 0 3 3 5 4 4 5 1 6 6 5 6 3 5 4 5 6 7 6 6 4 6 6 4 5 3 6 1 5 1 4 5 5 5 5 6 2 4 5 4 4
M[194] : 7 5 7 3 3 5 2 4 4 4 5 5 5 5 4 4 6 5 2 3 5 6 3 6 5 6 5 5 5 6 7 4 5 5 7 4 5 4 4 6 0 5 4 4 6 3 3 8 5 5 3 3 1 3 4 4 6
M[195] : 3 3 4 7 5 6 4 4 6 3 3 7 5 3 4 3 7 3 5 6 5 0 6 6 3 2 4 6 2 2 3 5 1 3 4 6 3 6 4 5 6 2 4 3 3 5 5 7 3 4 5 2 4 3 5 5 5
M[196] : 4 4 5 4 0 6 6 3 7 6 4 4 7 3 5 4 6 8 1 6 4 2 5 1 5 7 4 4 3 3 6 7 6 4 4 5 6 7 4 5 6 3 4 4 2 5 3 4 4 1 5 6 3 4 7 3 1
M[197] : 2 7 3 2 2 4 4 7 4 5 5 3 3 5 6 3 6 6 4 4 4 4 6 7 8 4 5 2 4 1 5 6 4 3 6 5 4 5 3 7 2 2 5 4 6 4 2 3 4 5 4 4 4 3 5 3 0
M[198] : 6 6 3 6 5 1 4 8 5 4 5 5 3 4 0 3 4 6 2 4 5 6 6 4 7 6 4 5 4 6 5 4 5 3 5 4 3 4 2 6 2 4 4 2 4 7 3 4 4 4 6 5 6 6 5 7 5
M[199] : 4 5 2 6 4 5 6 2 4 4 3 4 4 6 4 3 3 3 4 4 3 6 5 6 5 7 3 4 5 4 2 6 4 7 6 5 5 4 3 0 5 6 6 4 3 5 5 6 5 6 5 5 4 5 6 3 5
M[200] : 7 5 5 6 6 7 3 3 6 5 5 4 5 6 6 4 0 5 4 5 3 9 5 5 7 6 6 7 6 4 5 4 8 3 5 6 5 3 5 4 4 5 3 4 2 6 9 5 5 4 6 5 6 5 4 3 7
M[201] : 7 0 4 5 5 4 4 6 5 4 5 4 5 1 4 4 2 4 3 3 4 3 3 3 6 4 6 3 1 4 4 3 4 6 4 5 5 5 3 5 3 3 5 6 2 4 6 8 5 1 5 2 2 5 5 5 7
M[202] : 7 7 4 7 6 5 3 2 4 3 5 6 4 4 6 4 4 6 2 7 3 0 5 5 6 6 4 7 5 3 4 4 7 6 6 3 6 4 6 4 6 4 6 3 5 4 5 4 2 4 2 3 5 4 3 4 4
M[203] : 6 7 5 2 4 3 4 6 4 6 5 5 6 5 6 6 4 5 5 3 8 5 7 5 4 6 6 4 5 4 1 4 6 6 4 5 3 2 4 5 3 3 6 4 5 7 4 6 3 4 1 4 3 0 6 6 4
M[204] : 3 3 4 7 4 5 6 5 3 6 7 0 3 3 5 4 7 6 4 3 4 5 6 5 3 2 6 6 4 6 4 5 5 2 6 4 7 3 5 2 3 4 5 5 3 8 6 2 3 1 5 3 5 5 5 6 4
M[205] : 3 5 5 4 2 2 5 5 6 4 4 6 4 5 5 0 4 7 5 4 2 5 5 5 4 6 3 5 5 3 5 4 5 3 7 4 3 1 4 6 3 3 5 3 3 6 5 3 5 3 7 4 6 2 2 3 4
M[206] : 4 5 3 5 7 5 0 5 7 4 2 5 6 5 4 6 3 5 5 8 5 6 7 5 6 4 6 5 3 6 5 1 6 3 5 5 5 6 3 9 6 4 4 4 6 3 4 5 4 5 6 5 4 3 2 5 5
M[207] : 6 4 5 5 3 5 3 4 8 6 5 5 4 6 6 5 4 3 4 5 4 4 3 3 3 3 7 4 6 7 0 6 5 3 5 4 5 4 5 3 5 5 4 5 6 5 3 3 4 4 5 5 4 4 7 4 4
M[208] : 6 4 3 2 5 4 6 5 4 3 2 7 0 5 2 4 4 5 4 6 6 6 6 3 6 4 5 7 3 6 3 7 5 5 6 4 6 4 3 5 4 2 4 5 6 5 3 5 3 6 7 5 5 2 6 4 1
M[209] : 5 3 5 2 5 6 8 3 3 6 7 3 7 4 4 6 5 5 4 6 4 5 0 3 4 3 6 3 3 3 5 3 6 5 4 5 4 4 5 6 4 7 4 5 3 6 5 3 7 5 1 1 5 5 3 3 5
M[210] : 3 6 2 5 2 7 5 3 5 3 5 4 5 2 6 6 0 4 3 3 5 5 6 4 5 7 5 6 3 6 3 5 4 3 0 3 5 4 7 4 6 4 5 5 4 4 5 4 7 5 4 4 4 6 5 4 5
M[211] : 5 6 4 0 6 6 3 3 4 6 7 4 5 5 3 4 2 3 4 2 5 4 2 1 6 6 6 4 4 2 6 6 2 4 5 7 5 3 1 5 1 7 3 5 3 6 5 1 6 5 7 3 7 4 3 5 2
M[212] : 4 5 1 6 3 2 6 5 7 5 5 3 6 4 4 6 6 5 6 4 4 6 5 3 6 0 3 6 5 5 5 5 6 5 3 3 1 3 1 4 5 4 5 7 6 7 6 6 6 4 4 6 3 4 4 6 5
M[213] : 5 6 5 7 4 3 3 4 1 6 2 5 6 3 4 6 5 6 2 2 2 2 4 4 5 5 6 5 3 7 6 3 8 6 3 4 5 5 3 6 3 4 4 6 4 6 3 5 7 5 3 6 0 4 5 5 7
M[214] : 2 3 4 6 4 4 4 5 4 5 1 6 8 4 4 2 3 4 5 3 1 3 6 6 2 4 2 1 5 2 4 2 8 3 5 0 7 6 3 5 6 0 5 4 3 6 5 4 5 1 4 8 3 1 4 6 6
M[215] : 7 6 3 5 1 5 6 6 5 5 6 3 6 6 3 4 7 6 5 5 6 5 5 7 3 5 4 0 5 5 2 6 4 6 6 3 5 2 0 5 6 3 4 3 5 4 4 2 3 4 4 6 2 4 3 3 4
M[216] : 5 2 4 3 3 4 6 4 3 4 5 3 1 4 7 5 5 5 2 3 5 6 6 4 7 6 6 5 0 2 3 3 6 5 5 4 4 4 4 7 6 3 5 2 3 5 4 8 4 3 5 2 3 3 5 2 2
M[217] : 5 4 6 3 3 4 5 4 6 5 3 5 6 2 4 6 3 2 7 3 2 2 6 3 4 6 4 5 5 4 7 6 6 2 5 6 6 2 4 0 4 3 6 4 4 4 6 3 3 2 3 4 3 5 2 4 3
M[218] : 6 3 7 2 3 5 3 4 3 5 5 5 2 3 4 5 4 3 4 4 4 6 4 5 4 4 4 3 5 3 6 5 4 7 6 4 4 4 6 8 5 3 4 4 4 2 5 6 0 6 4 4 3 4 5 6 2
M[219] : 5 4 5 7 3 3 4 6 5 5 3 5 4 4 2 6 5 3 4 1 5 5 4 3 7 3 2 3 7 4 6 7 3 1 6 3 3 6 4 2 5 3 1 5 2 4 4 0 5 2 4 7 2 7 4 4 8
M[220] : 7 6 4 5 7 5 5 5 7 3 7 6 4 3 5 5 4 4 4 5 7 4 3 5 7 5 7 3 6 6 0 6 5 4 5 5 6 7 3 4 6 5 4 8 6 0 2 2 4 4 4 6 4 2 5 4 3
M[221] : 7 4 4 6 3 3 4 5 5 6 5 4 4 5 4 7 6 5 4 5 3 2 5 3 2 3 5 5 6 3 7 5 6 6 5 4 5 3 2 5 6 5 6 6 5 5 6 2 2 3 0 7 4 3 5 6 8
M[222] : 4 3 1 5 6 2 3 8 4 8 3 3 5 4 5 5 4 0 1 6 5 4 3 6 5 3 5 5 2 5 3 5 9 4 2 4 5 2 5 3 6 2 4 4 6 5 2 4 3 4 4 5 4 3 4 7 5
M[223] : 5 6 1 3 5 5 5 3 3 8 6 5 3 6 5 5 4 7 3 4 5 4 6 4 4 4 5 0 5 6 1 6 3 7 8 5 5 5 5 6 4 2 4 4 4 6 8 1 3 5 7 3 3 5 5 4 3
M[224] : 4 5 4 2 5 4 6 5 6 5 4 5 4 4 5 2 6 5 5 2 7 4 2 6 5 5 3 2 5 3 6 3 6 3 4 6 6 7 6 7 5 3 3 6 3 3 5 4 7 0 5 5 1 5 6 3 6
M[225] : 4 4 4 3 5 4 5 2 3 3 5 2 5 8 4 5 3 5 2 4 3 7 6 6 4 5 3 3 3 5 3 6 6 5 2 4 5 4 6 6 2 7 4 5 5 4 3 6 4 4 5 1 4 3 6 3 0
M[226] : 7 4 3 6 6 5 7 2 7 0 5 4 4 2 5 4 4 6 5 4 4 5 6 5 5 4 5 4 3 0 7 6 3 5 4 7 5 1 6 5 2 6 4 4 4 2 3 2 5 2 7 2 7 3 6 5 6
M[227] : 5 5 3 5 5 6 5 3 6 6 3 4 6 8 4 6 3 2 6 3 5 3 4 5 5 5 3 4 4 4 4 4 2 0 6 7 5 6 4 4 4 3 5 7 5 6 2 4 2 4 6 6 4 7 5 6 5
M[228] : 2 6 3 1 5 7 3 4 6 3 5 5 4 4 3 3 5 4 6 3 2 5 2 5 4 3 5 5 3 2 5 1 6 3 4 5 0 4 3 0 6 3 5 4 5 7 4 3 6 5 5 5 4 3 5 3 4
M[229] : 6 7 5 6 7 3 5 3 6 5 4 1 6 4 5 3 7 5 6 3 6 6 3 5 6 5 7 5 2 5 3 5 3 5 5 4 4 5 4 3 7 0 3 6 6 4 4 6 6 5 4 3 5 7 3 4 3
M[230] : 7 6 3 5 5 4 4 2 3 6 2 4 4 6 6 4 4 6 4 4 4 6 7 6 7 7 4 0 4 5 5 6 4 2 4 2 4 5 4 5 3 2 5 5 7 6 4 3 3 3 3 4 5 5 6 3 3
M[231] : 7 3 3 3 7 5 5 3 5 4 6 1 3 0 0 5 6 5 7 5 3 7 5 4 3 5 5 3 3 5 5 3 4 7 4 5 6 5 7 5 3 3 4 3 5 3 4 7 5 4 7 5 5 5 4 3 3
M[232] : 5 4 5 2 7 6 4 3 1 6 6 4 3 4 4 2 6 5 5 3 3 4 6 2 7 4 6 4 6 5 5 4 4 0 3 4 4 2 5 6 2 3 4 4 6 3 7 4 4 2 4 4 3 3 4 4 5
M[233] : 3 4 6 5 5 7 7 4 7 5 4 3 8 5 4 5 6 3 4 4 4 4 7 4 6 5 4 6 4 3 5 4 5 5 4 5 3 4 0 3 4 3 4 7 2 5 6 7 4 5 4 2 4 4 6 6 5
M[234] : 3 3 5 4 6 6 5 4 6 5 5 3 3 3 5 5 8 6 2 1 5 3 6 5 6 6 2 1 4 5 4 4 5 4 5 5 6 6 4 2 4 3 6 6 2 1 7 4 5 4 0 6 5 3 5 5 5
M[235] : 2 4 3 9 4 4 3 4 3 6 4 4 4 5 3 6 3 6 4 4 5 5 4 5 5 4 4 5 2 6 5 0 3 3 7 5 3 4 5 4 5 4 9 5 3 8 6 5 5 4 6 7 5 6 5 3 8
M[236] : 4 4 4 5 2 2 3 7 5 4 5 3 4 1 1 5 5 4 4 5 5 5 5 4 7 5 4 4 4 4 5 8 4 3 4 2 3 2 3 4 3 4 5 0 4 3 5 4 4 3 3 4 4 2 3 2 5
M[237] : 8 4 5 5 5 4 6 4 5 7 4 4 5 0 3 4 4 6 5 4 5 5 4 9 3 3 7 6 6 6 4 3 3 4 6 5 5 5 6 4 4 2 2 6 5 6 3 5 7 6 5 4 7 4 6 5 8
M[238] : 4 4 5 7 5 5 4 4 4 5 5 4 3 6 4 2 1 4 6 3 4 2 5 4 4 4 5 6 4 6 5 6 6 7 6 4 2 3 1 5 6 5 2 4 0 4 3 7 3 5 5 5 5 5 5 4 5
M[239] : 5 4 4 2 6 4 3 6 5 2 5 6 7 3 6 7 6 1 5 4 4 5 3 4 5 4 3 4 4 5 4 4 4 2 0 5 3 5 4 5 4 5 6 5 6 2 5 4 7 1 5 3 7 3 6 4 3
M[240] : 3 4 4 6 7 3 4 4 5 4 6 6 5 5 4 1 4 6 4 3 5 5 6 8 6 5 6 5 4 5 4 4 6 4 6 6 3 5 6 6 2 5 3 4 4 5 0 4 5 6 5 4 5 3 4 1 3
M[241] : 1 2 3 6 4 2 4 3 3 6 7 7 7 1 5 3 2 4 6 6 5 5 3 2 5 6 3 5 4 2 5 5 3 3 3 4 4 3 4 5 0 3 5 3 3 3 5 4 6 4 3 3 3 2 4 4 4
M[242] : 6 4 5 2 4 5 6 7 5 7 4 3 6 3 5 5 5 5 1 4 3 6 7 4 4 2 5 0 4 3 4 5 6 2 2 7 4 4 4 5 6 4 5 3 1 5 4 5 3 5 6 5 3 6 4 8 2
M[243] : 4 5 5 2 6 2 4 6 3 6 6 3 4 4 4 8 0 5 0 6 5 4 7 7 5 2 3 5 4 4 6 5 4 4 5 6 6 4 3 4 7 3 3 5 4 4 7 5 3 5 5 5 5 5 5 6 5
M[244] : 6 4 6 6 4 7 6 3 8 0 4 5 3 2 4 3 4 5 4 4 2 5 3 6 5 3 4 6 5 3 2 6 5 4 1 7 4 8 6 4 4 6 7 3 4 4 2 5 5 4 3 2 6 6 4 4 6
M[245] : 8 6 3 5 6 3 4 2 5 6 5 4 4 5 6 5 4 5 2 4 1 2 6 0 3 5 4 8 5 3 5 6 7 6 4 6 5 5 5 2 5 6 4 2 4 7 4 4 4 4 6 7 1 4 4 5 5
M[246] : 6 3 4 3 4 5 6 5 5 3 5 6 5 5 4 4 5 4 6 5 6 6 5 5 5 6 3 5 5 5 7 5 4 2 3 6 3 7 4 8 4 2 7 3 3 3 4 5 6 7 5 4 0 5 5 5 4
M[247] : 4 6 5 0 7 3 4 3 5 2 1 6 5 2 4 3 6 6 5 6 4 6 4 6 5 7 5 5 5 4 4 6 3 5 7 8 4 5 4 4 5 3 5 5 6 2 5 6 3 6 5 5 2 6 3 5 6
M[248] : 3 3 5 5 5 5 4 4 3 8 4 6 6 3 6 7 5 4 1 3 4 4 5 4 4 6 5 3 7 2 6 4 0 4 3 6 6 4 6 4 4 3 4 7 5 5 5 7 6 5 3 6 6 3 3 6 6
M[249] : 2 5 0 4 6 4 7 7 6 7 5 4 6 2 3 2 3 4 5 3 3 3 1 6 5 2 3 3 4 5 7 3 3 5 3 3 5 4 3 6 5 6 3 5 4 4 5 5 5 5 3 5 5 5 3 5 6
M[250] : 3 4 4 6 7 0 6 6 6 3 7 4 4 5 6 6 5 7 6 3 5 6 6 6 3 3 5 5 4 5 5 4 5 5 5 3 4 7 5 4 4 2 6 6 4 4 5 3 4 7 3 6 4 3 6 6 3
M[251] : 2 3 7 4 6 0 6 3 4 3 6 6 4 5 3 5 4 3 5 3 5 4 2 6 4 4 3 6 7 4 5 3 4 4 1 4 5 6 6 6 4 1 3 4 3 6 4 5 4 5 5 4 4 5 5 5 7
M[252] : 5 3 4 3 6 4 7 5 4 5 3 5 5 3 3 3 4 5 4 3 4 3 5 4 3 4 6 2 5 3 5 5 3 4 6 2 4 3 6 6 2 4 4 4 5 5 4 7 5 4 5 5 5 4 0 2 2
M[253] : 8 5 6 6 4 4 2 4 4 5 5 8 4 6 7 4 4 5 6 3 7 3 4 5 3 3 5 3 6 5 4 4 6 5 3 4 4 4 5 6 4 1 5 4 4 3 4 7 6 4 4 3 0 5 4 3 4
M[254] : 4 5 5 5 5 6 4 6 4 5 6 5 4 1 6 5 5 5 0 3 1 5 4 6 4 5 5 4 4 1 6 2 3 4 5 2 4 4 3 5 4 5 5 5 3 4 5 6 4 3 3 5 4 2 5 4 4
M[255] : 6 4 6 7 6 3 6 4 6 4 6 7 5 3 4 3 7 4 6 4 5 7 3 3 1 7 5 0 3 3 3 4 5 7 6 8 4 3 5 5 7 3 6 6 7 4 3 4 6 7 3 6 2 3 2 6 5
M[256] : 5 4 4 6 6 5 4 5 3 5 6 5 5 4 2 5 5 4 6 3 3 5 5 6 3 5 5 5 7 6 4 5 3 7 5 6 5 4 5 4 0 5 4 6 3 3 4 5 5 4 5 4 3 5 4 7 4
M[257] : 6 0 1 6 4 4 4 4 2 1 3 5 6 6 8 5 4 3 4 6 5 6 4 5 5 4 6 5 3 3 4 3 5 3 6 5 7 4 5 5 6 3 6 2 6 5 6 2 6 4 0 4 4 3 5 4 7
M[258] : 3 5 4 7 7 4 0 4 4 7 8 7 4 1 3 5 4 4 5 4 4 5 6 6 4 4 6 4 6 4 4 5 3 5 3 4 8 3 3 5 3 6 3 6 4 3 5 5 3 4 7 6 3 5 6 4 3
M[259] : 5 5 3 7 1 3 4 4 4 1 2 4 5 3 5 4 3 6 2 5 5 3 1 8 3 7 6 6 4 6 5 5 3 6 7 5 1 3 5 5 6 4 1 3 6 6 3 6 2 1 6 3 6 3 5 0 4
M[260] : 4 2 2 1 5 6 7 6 6 3 6 7 3 2 5 5 4 3 4 4 7 4 4 4 4 2 7 6 5 6 4 6 5 6 5 3 6 3 5 0 6 4 2 4 6 5 3 5 6 4 4 8 5 5 7 3 5
M[261] : 5 2 0 5 4 5 4 5 2 6 6 3 4 3 4 4 5 3 6 4 5 4 5 3 3 4 5 6 5 4 5 6 2 6 4 6 5 4 4 4 6 0 6 5 5 3 5 4 6 4 6 6 6 4 5 5 4
M[262] : 4 5 4 3 5 3 5 6 0 1 6 3 4 6 3 6 6 1 4 5 4 4 5 3 8 4 3 3 1 4 5 6 7 6 7 7 7 4 3 5 6 5 6 4 5 5 5 5 2 4 7 6 4 4 4 3 4
M[263] : 5 2 2 3 3 4 5 5 3 5 4 7 4 4 4 3 4 8 4 2 4 3 4 4 6 3 3 3 3 2 7 4 8 5 7 2 5 5 5 5 4 1 5 7 2 5 4 4 3 5 3 0 4 6 4 2 4
M[264] : 7 3 5 7 6 4 7 6 2 2 6 4 2 6 6 5 5 4 4 3 5 4 5 7 5 4 2 6 4 6 3 4 7 4 4 4 8 2 5 7 3 5 4 3 5 5 5 5 6 0 2 5 5 4 2 3 4
M[265] : 7 3 3 5 6 4 3 4 4 7 5 2 3 4 2 2 7 3 3 4 5 5 4 8 5 6 4 5 6 5 5 2 4 4 3 6 5 5 4 5 2 4 7 4 4 5 4 9 5 4 6 5 2 0 4 3 5
M[266] : 6 5 4 5 6 4 3 4 7 4 6 4 2 7 4 6 3 6 5 5 7 2 4 3 2 0 7 6 5 5 6 5 7 5 5 5 6 5 4 3 6 2 4 6 4 3 7 4 3 2 4 4 4 5 5 6 4
M[267] : 6 4 4 7 7 5 7 3 6 3 4 4 5 4 7 0 6 6 1 3 4 4 4 6 3 6 4 6 4 5 4 4 4 3 7 5 6 3 2 5 1 3 4 7 3 3 4 5 3 6 3 6 3 1 4 3 7
M[268] : 4 5 4 4 2 3 5 5 7 4 6 7 5 7 5 4 6 6 5 5 5 5 6 5 2 5 5 4 3 5 3 5 3 4 6 3 5 2 5 3 6 4 2 3 4 2 4 4 0 6 3 3 4 4 6 3 2
M[269] : 5 2 3 0 3 5 4 4 7 4 6 5 3 5 5 2 9 4 3 5 3 7 6 4 7 6 4 5 5 4 6 5 6 5 3 3 6 4 7 6 5 4 7 4 6 5 5 3 3 4 5 3 4 3 3 5 3
M[270] : 5 4 4 6 3 6 5 6 3 3 7 5 6 6 3 5 7 5 4 3 2 5 3 2 5 4 6 3 5 6 5 3 5 5 5 6 4 6 6 0 4 2 6 5 6 4 4 3 5 3 4 5 3 3 4 4 4
M[271] : 5 5 3 5 5 3 8 5 4 4 0 2 4 4 5 3 5 3 6 7 2 5 2 5 3 5 5 7 2 5 7 4 4 5 1 6 2 4 4 3 4 4 6 2 6 5 7 9 4 3 4 5 5 3 5 5 3
M[272] : 3 3 5 4 4 6 5 6 4 6 4 4 3 6 7 3 4 5 3 6 5 0 4 5 3 7 4 6 4 3 6 3 2 4 4 4 3 7 4 4 5 4 5 7 5 4 4 5 4 4 6 4 4 3 5 6 6
M[273] : 4 6 4 6 6 5 3 4 5 5 7 6 7 3 6 4 4 4 5 7 2 6 7 5 0 4 3 3 2 3 3 6 5 7 2 6 5 6 3 4 6 4 5 5 4 6 6 6 3 2 3 6 3 2 5 3 6
M[274] : 4 4 7 7 7 6 2 5 4 6 4 3 8 2 6 6 5 3 3 2 7 3 4 5 4 6 3 8 4 4 6 0 3 4 6 8 6 5 2 3 5 5 4 7 4 6 5 4 6 2 5 3 2 3 4 6 3
M[275] : 6 5 4 3 9 4 6 2 5 8 5 4 3 4 6 3 4 3 4 4 3 6 5 3 6 0 5 4 5 3 3 5 4 2 6 6 3 4 0 4 5 5 3 4 4 3 6 3 5 2 2 6 3 2 5 4 6
M[276] : 4 2 4 4 3 5 5 6 3 7 5 4 6 4 4 3 3 2 2 3 5 6 6 4 3 4 2 0 3 3 6 2 6 4 5 5 7 3 4 7 7 6 4 5 7 4 6 7 4 5 0 3 2 3 3 7 4
M[277] : 8 5 2 6 6 4 4 4 7 5 7 6 7 2 5 6 4 5 3 3 5 5 4 4 5 7 2 5 3 3 7 3 5 5 3 4 7 0 5 3 5 3 4 7 3 4 6 4 4 4 6 8 4 1 7 4 5
M[278] : 3 2 4 3 2 4 5 7 6 5 4 0 7 4 4 3 7 5 6 1 2 7 5 5 3 4 5 6 2 3 2 5 4 4 4 7 2 4 5 6 5 7 2 5 3 3 6 4 3 4 5 4 5 3 6 4 5
M[279] : 4 3 1 4 7 3 6 7 3 6 5 3 6 4 2 6 3 2 5 4 4 4 4 7 5 5 5 4 5 3 4 4 5 2 0 7 7 5 4 7 6 3 5 5 2 1 4 7 3 4 3 6 1 6 6 5 3
M[280] : 6 4 3 3 6 5 5 5 5 5 4 6 4 3 5 5 2 6 3 5 4 5 7 4 2 3 0 3 5 4 4 5 5 6 3 6 3 4 2 5 5 2 3 6 3 4 6 7 6 3 4 6 2 6 6 3 6
M[281] : 3 4 5 5 4 4 5 4 6 4 3 6 4 4 5 3 3 5 4 6 5 7 6 4 6 1 5 5 3 4 5 7 4 5 0 6 6 0 3 4 4 3 5 3 5 4 6 5 6 4 5 5 4 5 7 7 5
M[282] : 6 7 4 1 4 6 5 3 5 2 4 4 3 4 8 7 4 6 3 4 4 3 4 3 5 3 3 4 4 5 7 6 4 5 0 3 6 5 6 3 5 4 6 4 4 5 4 4 3 3 4 5 4 4 3 4 1
M[283] : 6 3 5 5 7 6 7 5 6 4 7 8 7 5 6 6 2 6 3 4 1 5 5 6 5 3 4 3 3 1 6 5 4 5 5 6 4 3 2 4 7 2 5 5 5 4 8 2 7 3 0 5 3 7 6 4 6
M[284] : 5 3 5 4 8 3 6 4 4 3 4 4 3 3 5 5 5 5 2 6 4 4 2 0 5 4 1 3 2 4 4 5 5 5 6 5 4 4 3 3 3 4 7 4 3 3 7 6 6 5 5 4 6 6 4 5 6
M[285] : 4 4 2 4 7 5 4 4 7 6 5 3 2 4 7 4 2 3 3 7 4 2 3 6 5 6 5 4 5 4 7 7 4 0 5 6 5 4 6 8 6 3 5 5 2 4 7 4 4 4 3 3 2 3 4 5 2
M[286] : 4 4 5 3 5 3 4 4 4 4 7 0 5 3 4 5 1 4 3 6 4 2 4 3 4 5 7 3 5 4 4 5 7 5 6 7 8 4 4 8 6 3 6 5 3 3 3 4 6 6 4 5 6 3 7 4 2
M[287] : 4 5 4 6 5 6 3 3 3 7 7 4 5 2 4 6 6 3 5 3 6 5 7 5 6 1 3 4 4 3 5 4 3 3 4 8 5 6 8 3 4 4 7 5 2 1 0 4 4 6 7 6 3 4 6 3 4
M[288] : 7 4 3 2 4 4 8 0 6 3 2 5 5 4 5 5 6 7 6 3 3 4 3 6 4 5 4 5 3 2 6 2 7 4 4 6 4 6 6 3 6 4 4 5 4 5 6 4 5 3 6 6 3 5 2 5 5
M[289] : 4 4 2 0 5 5 6 2 5 5 3 4 6 6 7 7 1 5 4 4 5 5 5 6 4 3 3 5 6 4 4 4 5 3 4 7 4 4 5 3 4 5 3 5 4 3 5 4 5 3 5 4 2 4 6 6 4
M[290] : 5 6 6 6 5 5 4 4 3 5 8 4 3 2 3 4 6 5 3 4 4 6 3 4 4 6 4 7 5 6 2 1 5 5 4 4 4 3 1 4 5 4 5 4 5 6 0 4 5 3 5 3 4 4 5 2 4
M[291] : 8 4 3 5 0 5 4 5 5 6 5 6 4 2 6 6 4 2 2 5 3 3 5 6 3 7 4 5 3 5 3 3 7 7 6 3 5 4 5 5 4 3 5 7 4 5 6 4 5 5 4 3 2 3 7 4 4
M[292] : 2 3 4 1 3 4 4 5 4 3 2 3 3 4 4 3 6 6 6 3 3 2 6 3 4 4 3 4 6 5 4 6 2 3 5 7 5 4 4 4 2 5 3 6 5 5 7 5 5 0 3 4 5 6 4 5 3
M[293] : 4 8 4 6 5 3 3 4 3 7 5 6 5 3 7 4 4 3 4 1 5 5 5 4 2 5 7 5 3 5 3 3 4 6 3 0 2 2 7 4 7 4 7 5 4 3 6 4 2 6 4 5 5 2 3 4 4
M[294] : 9 1 2 4 3 5 6 3 5 2 0 5 5 3 3 2 5 7 4 4 4 7 4 6 6 5 7 5 2 3 5 2 2 6 3 4 4 3 5 5 5 2 6 4 7 6 6 4 5 4 5 5 5 4 4 1 7
M[295] : 4 1 4 5 5 5 4 3 5 3 2 3 4 4 4 4 4 2 5 5 3 3 3 7 4 5 4 7 5 4 7 6 6 3 0 5 6 7 4 7 4 3 3 7 6 4 6 5 5 7 7 5 2 2 5 6 7
M[296] : 3 6 5 5 8 3 5 4 7 5 5 6 6 5 5 4 5 5 3 4 4 4 0 7 6 3 5 4 6 6 3 3 6 3 6 6 2 3 6 5 3 4 3 7 3 6 3 4 6 6 5 5 4 2 4 3 5
M[297] : 5 5 5 3 4 7 6 4 5 5 5 4 7 4 6 5 4 0 2 4 6 6 8 3 6 3 4 8 3 5 3 7 5 3 2 8 5 2 5 2 3 5 5 4 4 4 5 6 4 4 2 3 6 3 6 8 8
M[298] : 5 6 3 5 4 6 4 6 4 5 7 7 5 3 5 5 3 3 5 5 3 3 3 2 4 5 5 6 6 0 5 5 4 4 5 6 5 3 4 6 4 5 3 2 5 3 5 4 6 3 5 3 4 3 4 5 3
M[299] : 4 3 3 6 6 6 7 4 3 5 2 6 3 5 3 4 4 5 6 6 5 5 4 5 5 5 3 3 4 4 5 2 2 2 3 7 4 3 6 5 6 2 1 6 2 6 4 5 3 3 6 6 6 6 5 6 0
M[300] : 4 4 5 4 5 5 4 5 4 3 4 7 7 1 7 6 7 5 4 4 6 4 6 5 4 2 4 5 3 6 6 3 5 5 6 7 0 3 4 7 5 6 7 5 3 3 5 4 7 6 7 3 4 5 5 4 5
M[301] : 7 2 4 7 3 3 6 6 4 3 5 8 7 5 5 5 4 4 3 3 3 8 6 7 6 4 6 5 6 4 5 5 5 6 4 2 0 5 3 6 6 6 6 2 1 5 3 3 7 7 7 7 5 4 4 2 4
M[302] : 7 5 3 4 4 5 4 5 3 4 5 7 4 3 3 6 5 4 5 5 4 6 2 4 6 6 6 5 5 5 4 2 4 4 6 6 6 3 6 5 0 5 3 3 4 3 6 2 7 2 5 4 5 4 3 6 3
M[303] : 4 0 4 5 4 4 5 2 5 6 2 5 4 5 4 3 4 3 4 3 6 2 5 6 3 5 7 6 3 6 6 5 5 4 3 8 5 5 3 6 4 2 4 7 6 6 1 3 4 4 5 5 5 5 4 4 2
M[304] : 3 0 2 3 4 1 5 5 4 4 6 4 3 3 5 5 6 5 3 2 4 8 4 4 5 6 3 6 3 2 4 3 5 3 3 5 5 2 6 4 5 7 5 5 5 4 5 5 3 4 3 3 5 4 4 6 4
M[305] : 4 3 4 6 6 5 0 4 5 4 4 2 5 2 4 4 5 5 4 6 5 5 6 3 4 3 4 5 5 5 2 6 4 5 4 3 3 3 6 5 3 5 6 7 4 5 3 5 5 3 6 4 3 4 3 3 4
M[306] : 5 2 2 2 5 7 5 4 7 5 5 8 4 5 4 6 4 3 6 1 4 3 5 3 3 4 5 0 4 4 7 5 5 4 1 4 4 2 5 4 5 7 5 6 2 6 4 8 6 6 4 6 6 5 5 2 3
M[307] : 4 0 4 6 6 3 3 3 4 5 5 3 7 2 3 7 4 8 3 3 2 5 6 7 5 6 3 4 6 5 5 3 4 2 3 6 5 4 7 3 5 3 2 6 4 7 4 7 2 4 6 3 4 7 3 6 5
M[308] : 1 3 0 6 5 5 4 3 3 5 4 7 4 3 6 5 3 6 4 4 1 4 6 4 4 4 3 3 3 3 4 6 1 6 1 7 4 5 3 6 5 5 7 4 3 3 6 8 7 4 5 7 4 2 7 3 3
M[309] : 5 4 5 3 3 5 5 7 4 3 1 6 1 4 5 7 5 5 3 5 4 5 5 2 6 4 7 2 4 0 3 5 8 4 5 4 6 4 4 7 4 4 2 5 5 5 8 2 5 5 4 2 4 5 5 5 4
M[310] : 8 4 4 2 3 0 5 1 5 4 4 5 4 3 3 5 7 6 4 3 4 6 6 4 5 7 5 5 3 4 8 3 3 6 5 5 5 6 5 5 5 5 7 3 6 3 3 4 1 1 5 5 2 4 4 3 7
M[311] : 4 3 5 4 6 8 4 5 5 4 5 5 7 5 3 1 2 5 3 2 3 7 6 0 6 5 4 2 5 6 5 2 5 7 7 1 7 4 3 5 4 2 7 3 5 4 7 4 7 4 4 3 3 3 1 3 5
M[312] : 1 6 2 4 7 6 5 2 5 4 4 7 6 4 2 4 6 4 4 4 4 3 6 7 5 5 6 6 3 3 6 2 6 5 8 3 4 5 5 6 5 5 5 2 6 6 4 7 4 4 2 3 5 0 4 2 3
M[313] : 3 6 4 4 6 2 8 6 5 7 2 7 6 5 5 7 2 3 4 1 5 6 3 2 4 6 4 4 2 4 3 4 2 5 6 4 0 3 4 5 4 3 3 5 4 5 5 4 5 6 6 4 4 5 6 4 4
M[314] : 3 5 3 7 5 4 3 3 4 4 6 5 5 5 6 4 3 8 6 5 6 4 3 4 4 5 0 8 5 1 5 8 4 5 3 4 4 3 7 4 5 5 2 4 5 6 6 5 5 5 4 6 5 4 6 4 4
M[315] : 2 3 5 4 7 0 3 1 3 4 6 3 4 3 3 3 3 5 4 4 5 6 5 5 5 4 4 5 5 5 5 2 4 2 5 6 4 5 2 7 4 2 7 3 6 2 7 6 4 2 7 6 4 5 3 4 6
M[316] : 4 5 3 3 7 4 4 6 5 5 5 5 2 4 4 5 2 8 4 6 5 6 4 5 6 3 5 3 6 3 5 3 7 8 4 6 5 6 0 5 3 5 5 5 2 4 4 6 4 3 5 4 4 3 3 1 7
M[317] : 3 3 2 7 5 4 4 5 4 7 6 5 6 6 5 5 4 6 3 4 3 2 7 1 6 6 0 2 5 0 4 6 3 3 3 4 5 6 2 5 3 5 7 4 3 4 5 4 3 0 3 6 3 3 6 6 3
M[318] : 4 5 5 5 5 2 4 5 5 3 7 5 3 6 4 3 5 4 4 0 2 2 4 6 6 4 4 4 5 2 3 4 5 6 5 4 5 2 6 5 3 1 6 3 4 6 1 5 6 4 3 2 4 2 2 9 6
M[319] : 6 2 3 7 2 2 5 7 5 3 4 5 5 6 5 3 5 4 5 5 4 3 1 5 3 3 5 3 3 4 3 6 7 4 3 6 4 2 5 3 4 5 6 2 5 5 5 4 0 5 4 3 4 3 6 2 4
M[320] : 5 4 3 6 5 2 2 0 8 2 4 5 3 1 7 3 3 4 5 5 3 4 7 3 7 4 4 0 5 5 5 7 5 7 5 4 6 4 3 3 6 6 5 6 1 4 3 5 6 3 2 5 4 5 5 5 2
M[321] : 5 3 6 5 3 3 4 5 4 1 8 8 5 4 5 5 8 6 7 4 5 8 4 6 5 5 3 0 4 4 7 5 2 3 3 4 3 4 6 5 5 3 7 5 3 5 4 6 6 3 3 2 2 2 4 3 7
M[322] : 5 4 4 4 5 5 7 6 4 4 6 3 4 4 7 7 5 6 4 0 3 5 5 4 5 5 7 3 5 5 3 6 6 4 5 5 5 5 7 4 7 3 8 5 3 2 4 3 5 2 4 4 6 4 5 5 4
M[323] : 5 4 5 4 4 7 4 5 5 4 4 7 4 4 5 3 5 3 5 4 5 7 2 5 3 4 6 6 5 5 5 6 5 5 3 4 4 4 5 3 5 5 7 5 4 7 2 0 5 6 4 5 5 3 5 4 4
M[324] : 4 4 5 4 3 6 3 7 4 5 2 3 7 6 2 2 4 4 5 5 4 3 3 2 5 2 7 5 3 2 4 6 5 4 3 5 6 4 3 6 3 3 3 4 4 4 5 5 2 4 2 4 6 0 5 4 5
M[325] : 5 5 6 7 6 6 3 3 7 7 6 5 5 2 4 6 5 5 5 3 3 6 4 9 4 3 3 4 2 5 6 5 6 4 5 3 5 6 3 6 6 5 4 4 0 5 4 3 5 6 6 5 4 3 6 4 6
M[326] : 4 3 2 4 3 5 3 2 7 8 3 2 3 3 5 5 6 3 3 5 4 3 6 7 4 3 5 4 6 4 4 6 5 5 5 6 5 6 6 5 6 4 2 4 4 5 5 5 5 3 6 5 3 5 3 0 5
M[327] : 4 6 4 5 5 5 3 3 3 5 0 4 4 5 5 6 7 5 6 4 5 2 4 6 5 4 8 6 4 5 7 6 1 7 4 4 6 5 4 2 3 2 5 7 4 2 6 4 3 5 5 6 4 3 5 2 3
M[328] : 5 5 3 6 6 4 3 6 0 7 3 5 9 5 4 7 7 6 4 5 3 5 8 4 4 5 3 3 2 4 6 3 3 5 5 7 6 5 7 6 3 5 2 5 4 5 6 3 4 3 4 6 4 3 6 3 5
M[329] : 6 6 3 7 5 4 6 4 4 5 7 7 3 3 5 6 7 5 4 4 5 3 3 4 5 2 5 5 2 6 6 4 4 5 5 0 6 2 6 5 5 4 6 4 2 2 6 3 5 2 6 4 5 3 6 6 6
M[330] : 5 5 4 3 2 6 2 4 6 6 5 3 2 0 4 4 5 6 4 4 5 5 3 4 5 5 5 5 3 2 7 4 3 7 2 5 4 5 3 3 5 5 5 3 4 4 3 4 6 3 4 4 5 5 4 4 5
M[331] : 5 5 4 6 6 4 3 4 5 5 4 2 6 6 4 6 6 8 2 4 6 5 3 3 7 0 3 4 3 5 6 5 4 7 5 4 4 5 2 6 6 4 5 5 1 6 5 5 1 5 2 7 4 3 3 2 1
M[332] : 3 3 4 5 3 7 5 6 5 4 1 1 6 4 6 4 6 6 2 4 3 3 8 5 4 5 5 7 2 1 7 7 6 5 5 6 4 2 5 6 6 1 5 5 2 4 6 5 4 4 7 3 5 5 6 3 0
M[333] : 5 2 6 5 3 4 5 5 5 0 5 2 4 6 4 5 2 7 5 3 1 5 4 6 5 3 4 5 1 4 2 6 2 2 2 2 3 3 4 3 4 3 5 5 1 5 5 3 5 2 5 4 4 4 5 6 5
M[334] : 1 4 5 6 5 4 6 4 5 4 4 5 6 5 5 2 4 5 3 5 4 0 5 5 2 4 3 3 3 5 5 5 3 3 6 5 5 3 4 4 6 2 6 5 6 6 5 2 4 3 6 2 6 5 7 6 4
M[335] : 6 5 6 6 6 6 5 4 5 6 7 3 6 3 3 4 7 3 3 6 3 4 3 7 3 4 5 4 4 6 5 5 7 4 3 5 6 6 5 6 4 6 4 5 3 6 5 5 0 4 5 5 5 5 4 7 5
M[336] : 4 5 5 3 0 5 4 5 4 5 3 2 4 4 5 4 6 3 4 3 5 3 5 6 5 5 4 3 4 3 4 3 7 5 3 2 7 3 5 3 4 6 5 6 5 6 4 7 5 5 4 4 3 5 3 3 4
M[337] : 4 4 5 4 5 4 4 3 3 4 2 7 3 2 0 5 5 4 6 4 6 8 4 5 5 5 7 3 5 6 5 4 7 3 3 3 7 6 5 5 3 5 5 2 4 5 5 3 6 4 3 5 4 1 6 7 6
M[338] : 5 2 0 6 5 7 5 4 5 4 4 5 5 7 7 3 3 3 5 3 4 2 5 3 2 4 6 4 3 1 5 5 3 5 7 5 5 7 4 4 4 4 4 3 3 3 5 6 4 4 5 4 6 5 6 5 4
M[339] : 2 4 4 4 1 4 5 0 6 6 5 5 4 4 6 3 6 5 5 5 4 5 4 2 5 6 0 4 3 7 6 4 5 3 3 3 5 4 5 4 3 4 6 5 5 5 5 3 2 6 5 3 7 6 4 4 4
M[340] : 4 3 2 4 6 5 5 4 5 4 2 6 4 5 5 5 2 6 4 3 1 5 4 7 4 3 5 3 3 3 4 3 7 6 4 2 5 0 6 4 4 4 5 4 5 6 2 5 5 4 2 7 3 6 3 5 5
M[341] : 4 6 3 5 5 4 6 4 3 4 6 6 3 4 3 7 7 0 5 5 4 8 4 4 4 5 4 5 4 2 5 3 5 4 6 4 5 4 6 5 3 5 6 6 3 5 5 6 3 3 4 5 6 6 2 4 6
M[342] : 3 5 3 4 5 7 3 2 8 3 6 4 6 3 3 4 3 6 4 4 0 6 4 5 4 5 5 6 4 5 5 8 4 4 3 6 4 3 2 6 4 4 5 6 3 5 4 4 6 6 3 4 4 3 7 3 6
M[343] : 0 7 3 3 6 7 3 4 4 5 8 4 3 5 5 3 7 4 3 5 5 6 7 4 5 6 5 6 6 2 5 4 4 6 2 6 3 4 5 2 3 6 3 6 7 8 5 3 3 6 5 4 3 5 4 6 3
M[344] : 4 7 3 3 5 4 4 7 6 2 2 2 6 6 5 6 4 4 4 4 1 5 5 3 4 3 5 5 4 3 5 6 4 2 7 5 6 7 7 5 4 6 3 1 4 4 4 6 0 5 2 3 5 5 7 3 3
M[345] : 3 2 5 7 3 4 4 4 2 6 4 6 4 4 2 5 5 4 3 5 4 6 7 4 5 2 6 7 3 5 5 3 3 8 6 3 4 3 4 4 6 5 7 5 0 5 2 3 3 4 6 5 3 7 5 3 6
M[346] : 2 2 2 5 4 5 5 5 5 3 6 5 2 4 2 3 0 6 3 3 3 4 3 5 5 7 2 4 3 5 2 2 7 5 3 2 5 4 4 4 4 1 5 5 5 6 2 3 5 5 4 8 6 4 2 4 4
M[347] : 5 6 1 4 6 6 4 5 1 4 4 4 4 5 7 3 4 4 3 3 0 2 3 4 4 5 4 6 2 4 5 8 4 5 6 4 6 6 1 3 5 4 5 5 5 5 6 8 6 5 6 4 4 4 4 3 5
M[348] : 8 2 3 5 2 3 5 6 5 3 5 6 4 3 4 2 5 7 4 5 6 5 5 5 4 4 4 3 2 5 7 4 7 4 5 4 7 4 6 3 5 3 3 6 5 9 5 6 5 5 4 1 0 4 5 5 6
M[349] : 3 4 3 6 8 5 3 4 6 5 7 6 6 0 3 5 5 4 4 6 5 1 6 3 4 4 7 5 3 4 4 1 8 6 5 2 4 4 6 5 4 6 6 5 5 4 6 2 6 3 5 5 4 6 1 7 3
M[350] : 4 5 1 6 3 3 6 1 7 5 4 6 2 0 3 5 3 5 3 2 3 5 4 6 4 5 5 6 4 4 5 4 4 5 3 3 4 3 5 6 3 6 4 6 4 5 3 7 2 4 3 5 2 6 6 1 8
M[351] : 4 2 4 5 6 4 4 2 4 0 3 4 5 2 5 2 3 5 3 1 5 4 4 5 5 3 5 5 2 3 3 3 7 4 2 5 5 3 5 6 6 1 5 4 2 7 4 5 2 4 5 4 4 4 6 3 4
M[352] : 5 8 4 4 3 7 5 5 4 4 7 4 4 3 5 0 6 5 3 6 5 3 5 3 7 5 4 4 5 4 7 6 7 5 5 4 6 6 6 3 4 6 4 2 4 4 5 5 4 0 6 5 2 5 4 7 3
M[353] : 4 6 7 3 5 4 6 5 6 0 3 5 1 4 4 5 2 5 4 4 4 7 4 3 5 6 7 6 3 2 4 6 6 5 5 6 4 4 4 6 2 6 3 7 7 5 4 7 4 4 4 5 5 3 5 6 3
M[354] : 5 7 4 7 5 4 4 4 6 7 6 5 8 5 2 4 2 5 4 8 2 5 4 2 3 5 4 5 3 4 4 4 5 5 5 4 3 3 3 4 3 4 3 8 6 5 5 0 5 5 5 3 4 4 7 7 6
M[355] : 4 4 3 4 6 0 5 8 7 4 3 3 3 3 6 5 3 6 4 4 4 2 5 4 5 3 4 5 4 6 3 6 2 6 5 5 7 3 6 4 4 3 4 4 5 4 4 3 3 4 6 5 3 7 2 1 7
M[356] : 3 5 5 4 6 5 3 5 6 4 5 6 2 5 6 4 7 4 5 4 0 4 4 4 4 5 3 6 4 2 4 5 4 6 5 5 3 3 5 5 4 4 3 5 4 4 6 4 2 3 3 2 3 6 4 5 3
M[357] : 4 5 4 4 4 5 6 5 3 2 5 3 5 3 2 7 5 4 7 2 3 3 0 5 5 3 6 7 4 3 4 4 4 5 3 3 5 6 6 5 3 3 6 5 6 6 7 3 4 4 5 3 4 3 5 5 5
M[358] : 3 4 4 4 8 0 6 3 7 5 3 4 3 2 3 4 6 6 4 4 5 6 3 4 4 7 4 6 4 3 4 6 3 4 5 6 4 5 6 6 4 6 5 4 5 6 3 5 6 5 7 4 5 4 4 5 3
M[359] : 6 6 1 2 5 8 2 4 6 7 6 5 6 7 4 3 3 7 4 3 5 7 3 5 4 3 3 4 3 5 6 4 3 3 2 6 4 5 6 2 5 5 5 7 4 4 4 5 5 5 4 4 5 4 4 5 0
M[360] : 7 3 8 4 3 9 3 4 4 3 5 6 4 2 4 3 2 5 3 3 5 3 6 6 4 4 3 5 3 5 5 3 2 5 6 4 6 7 2 4 5 3 5 4 5 4 3 5 4 0 5 2 4 3 6 3 5
M[361] : 4 6 4 4 6 5 6 5 3 4 2 6 4 6 5 7 6 3 4 4 3 7 4 4 4 7 4 5 5 5 6 4 4 4 4 4 5 5 6 2 5 0 3 3 6 5 4 5 6 5 7 2 3 4 7 5 5
M[362] : 5 4 0 6 7 5 6 3 5 7 3 8 3 6 6 5 6 5 4 6 4 5 4 4 6 4 7 4 4 7 6 5 7 6 4 7 5 4 5 4 4 4 5 7 6 4 4 1 7 5 2 4 3 2 5 4 2
M[363] : 6 6 3 3 6 5 3 2 3 3 4 4 7 5 8 3 5 0 3 2 4 6 4 6 5 6 4 3 7 5 2 6 4 7 4 2 3 7 4 5 3 4 3 4 2 6 5 3 6 5 3 3 6 4 5 5 6
M[364] : 3 3 6 4 4 2 4 6 3 5 3 4 5 5 4 7 5 5 4 4 0 7 5 5 7 5 6 3 5 4 4 4 4 3 3 2 5 3 6 6 6 3 3 3 6 4 6 4 6 6 4 5 6 5 5 4 6
M[365] : 5 6 5 4 6 4 6 3 5 4 4 5 2 2 4 4 5 6 3 3 3 6 3 4 4 4 4 4 3 3 7 6 2 3 6 0 5 2 3 7 6 3 4 5 4 4 8 4 4 4 7 5 4 6 1 4 3
M[366] : 4 4 5 5 4 3 5 0 2 5 7 4 6 5 7 7 2 3 4 2 3 6 7 5 6 5 6 5 2 4 8 7 5 6 5 5 3 5 4 4 6 6 5 6 2 5 3 5 5 5 3 3 4 3 3 4 5
M[367] : 8 5 5 3 8 4 4 0 3 4 3 4 2 3 5 1 4 4 6 3 6 3 4 5 6 4 4 4 7 4 6 3 4 6 3 5 5 4 3 4 4 4 5 5 4 7 4 7 4 2 4 3 4 5 4 7 8
M[368] : 4 5 1 6 5 4 3 7 6 4 4 5 5 2 6 7 5 6 1 4 5 5 2 6 3 4 3 7 6 6 4 3 0 6 5 3 2 3 4 4 5 5 3 5 4 3 6 7 1 4 6 1 5 4 3 6 3
M[369] : 7 4 4 4 7 3 4 3 3 6 6 3 5 6 4 4 6 7 6 4 5 5 3 5 0 6 7 5 4 3 5 6 5 4 7 1 4 4 7 4 5 7 3 6 1 4 4 3 4 4 5 5 6 3 4 6 4
M[370] : 4 3 4 5 4 2 6 4 1 4 5 6 0 5 4 3 5 4 5 7 1 5 7 5 4 4 3 5 2 1 7 7 5 5 5 4 7 3 5 4 6 3 2 4 5 5 5 2 5 4 5 5 3 4 5 4 3
M[371] : 6 3 2 6 4 5 3 5 5 4 4 6 8 0 5 4 3 6 1 5 5 2 7 4 5 6 4 5 3 3 7 5 3 3 3 4 3 2 6 3 6 3 7 7 1 4 4 6 8 4 5 2 4 3 3 4 7
M[372] : 2 5 3 3 4 5 6 3 5 3 6 5 7 4 2 5 3 4 3 4 5 6 3 4 3 8 5 3 4 6 4 5 3 5 6 6 4 6 6 7 1 6 5 0 4 5 2 5 6 2 3 6 4 4 5 4 4
M[373] : 4 4 4 4 8 2 5 2 6 5 8 4 5 7 4 0 6 5 5 5 5 4 2 4 3 7 3 4 2 3 5 4 6 2 4 6 2 6 4 8 5 5 6 5 4 4 4 4 4 5 5 4 3 2 4 6 4
M[374] : 4 5 5 3 5 4 4 3 6 7 5 5 6 4 6 3 7 5 4 2 5 7 5 4 6 4 4 6 5 3 4 4 4 2 5 5 5 2 5 6 3 2 6 2 6 6 8 2 6 5 3 4 3 3 0 5 7
M[375] : 4 5 8 3 5 6 6 5 4 4 2 2 7 3 7 1 4 2 2 2 3 4 3 2 2 4 3 2 5 5 6 4 6 4 6 4 4 0 5 5 4 4 5 4 6 5 6 5 5 7 6 6 3 5 3 5 5
M[376] : 2 6 5 5 6 3 2 6 6 5 3 3 6 5 6 6 2 5 5 2 3 7 4 3 6 6 5 3 3 6 5 4 6 2 5 1 6 3 6 4 7 5 6 3 3 2 1 2 4 3 5 4 4 1 6 0 2
M[377] : 6 4 5 3 7 5 1 4 5 8 4 0 3 4 6 2 5 5 3 5 4 4 4 4 6 5 8 5 4 6 4 3 4 6 2 4 4 4 5 4 6 1 5 4 2 4 4 4 5 5 5 7 6 1 5 4 5
M[378] : 4 5 4 5 2 4 7 6 4 5 3 6 4 4 4 6 6 3 5 4 5 2 7 5 2 5 6 5 4 3 6 5 2 3 4 4 7 6 3 3 6 4 8 6 3 7 4 3 6 0 5 7 4 4 3 4 4
M[379] : 2 6 7 3 3 6 4 5 1 7 7 4 5 4 4 5 6 2 6 4 3 7 3 7 3 4 4 2 4 4 3 4 7 3 6 3 6 4 6 3 1 6 0 3 5 1 7 6 5 6 5 2 3 6 4 6 4
M[380] : 5 5 5 5 4 5 6 5 7 4 4 5 5 5 6 2 5 2 3 3 5 3 5 5 5 2 5 6 5 5 6 4 7 4 5 1 0 6 6 3 5 4 7 4 3 4 2 5 4 5 4 3 4 4 2 6 5
M[381] : 5 2 6 6 4 5 3 3 5 4 5 3 5 4 4 4 8 7 1 3 5 5 3 4 6 7 5 2 0 4 4 5 3 3 4 7 6 4 4 5 6 4 3 4 3 3 5 5 6 5 4 6 3 5 4 4 4
M[382] : 4 4 4 5 4 4 5 6 2 2 6 4 5 7 3 4 2 3 4 5 4 2 4 5 3 4 2 3 4 2 7 5 6 3 7 5 5 4 5 5 3 3 7 5 3 4 5 0 4 1 7 5 4 3 3 4 4
M[383] : 5 4 7 4 5 4 5 6 4 3 4 4 5 3 2 5 4 2 3 5 6 4 5 5 7 7 2 7 4 4 6 4 4 4 3 6 5 1 6 5 6 4 3 0 5 3 3 7 2 4 6 5 4 2 6 6 7
M[384] : 8 4 3 3 6 5 4 4 6 2 3 5 7 1 5 4 0 4 4 5 5 8 2 4 4 3 4 8 3 2 5 4 7 6 3 6 4 0 2 5 5 6 4 5 4 7 8 1 4 2 4 6 1 3 7 5 4
M[385] : 5 7 5 2 5 4 7 4 6 6 3 5 6 3 7 6 4 6 5 6 3 5 5 4 4 5 5 7 5 6 3 3 4 4 5 6 6 3 5 0 4 3 6 4 2 4 4 7 3 5 4 3 7 5 7 2 2
M[386] : 5 3 7 1 4 4 5 7 6 5 5 2 5 4 6 7 3 5 2 5 0 6 6 3 2 6 6 3 1 2 7 6 6 4 4 4 3 3 2 4 6 4 3 0 6 4 4 4 4 2 3 3 5 3 6 3 2
M[387] : 6 5 4 6 3 4 5 2 3 3 6 3 4 4 4 3 4 2 5 0 3 5 3 5 5 4 7 5 3 4 4 3 5 6 5 5 7 3 8 7 4 6 6 6 4 2 5 6 5 4 3 4 2 2 6 5 8
M[388] : 2 0 3 6 5 3 4 8 2 1 4 4 3 5 7 5 5 6 4 7 3 4 5 3 5 4 6 7 3 6 4 5 4 5 4 6 3 1 3 5 2 5 2 2 2 7 1 4 3 5 3 6 3 5 4 5 6
M[389] : 3 5 2 4 4 4 4 0 2 4 6 7 7 5 5 6 6 4 6 2 4 5 4 4 4 5 4 5 4 2 3 3 8 2 5 2 6 5 3 4 5 5 3 4 4 5 4 2 6 7 2 2 5 4 5 5 3
M[390] : 4 3 2 3 7 2 4 7 5 7 4 4 3 3 4 6 6 0 4 7 4 3 4 3 3 5 5 3 6 4 7 5 5 4 3 6 1 2 7 4 5 4 5 6 6 7 5 3 5 5 4 5 5 4 5 7 3
M[391] : 4 4 4 3 6 6 3 0 5 6 4 6 4 5 2 2 3 5 6 3 7 3 4 5 4 2 3 4 2 6 4 4 4 1 5 4 3 2 3 3 4 3 4 5 7 5 5 3 3 3 8 4 4 5 6 4 4
M[392] : 3 4 5 4 8 5 4 5 3 2 4 6 3 4 5 8 6 5 4 4 5 6 6 7 6 0 5 4 5 2 4 6 4 5 3 2 4 6 3 3 4 3 6 3 3 3 3 4 8 3 3 4 2 5 3 6 5
M[393] : 4 6 4 4 5 5 5 4 3 6 4 4 5 3 0 6 6 4 5 3 3 5 4 3 3 4 5 4 3 4 5 4 6 5 6 4 4 4 2 4 6 5 6 5 4 3 4 3 4 5 6 6 8 3 5 5 4
M[394] : 4 4 7 4 5 1 5 3 7 4 4 2 7 3 4 4 3 6 2 4 4 6 4 3 5 4 3 6 3 4 4 4 4 3 7 4 6 5 5 7 4 4 6 4 6 5 4 3 4 5 5 0 4 4 5 3 2
M[395] : 3 4 2 6 3 5 6 5 4 4 3 6 5 5 5 4 4 5 2 5 2 6 3 6 0 5 3 4 6 6 3 7 1 5 2 3 4 5 6 2 3 4 4 5 5 4 5 3 1 3 5 4 2 4 6 5 8
M[396] : 6 6 4 4 5 5 5 6 8 4 5 6 2 5 7 7 3 7 4 7 3 4 5 3 3 8 3 2 4 2 5 7 2 6 2 4 7 7 5 6 3 5 0 7 4 3 4 6 4 4 4 6 1 3 5 2 6
M[397] : 5 4 1 4 3 3 2 2 5 5 6 4 7 6 4 4 5 7 4 6 2 2 4 4 4 3 2 4 4 3 4 7 5 3 6 7 5 6 0 6 2 4 5 6 5 4 6 5 7 3 3 6 4 5 3 6 5
M[398] : 3 4 2 3 5 5 6 5 4 6 5 5 4 7 7 2 3 5 3 4 4 4 0 4 5 5 2 6 5 4 5 5 4 4 5 7 5 3 5 5 5 2 3 5 2 4 8 4 6 3 3 3 4 4 4 5 6
M[399] : 5 5 4 3 4 6 5 5 6 4 6 3 3 4 7 4 6 5 6 4 4 3 6 2 4 7 5 7 5 2 2 4 4 4 5 6 4 0 3 5 5 4 6 3 5 4 6 5 5 5 6 6 4 6 2 5 5
M[400] : 4 4 2 4 4 3 5 3 3 5 4 5 2 6 6 6 5 7 3 5 4 4 4 6 5 5 8 7 4 3 5 6 5 7 3 2 6 4 7 3 5 2 5 5 3 0 7 5 3 4 5 3 4 3 7 3 4
M[401] : 5 5 5 3 2 4 6 6 4 5 5 5 5 5 6 7 7 5 5 3 4 7 5 6 3 4 5 5 4 3 4 6 6 5 3 0 7 3 6 4 6 1 3 1 3 3 4 5 3 6 6 2 4 2 7 5 2
M[402] : 4 3 4 4 4 4 5 6 3 3 6 4 5 4 5 3 5 8 2 3 6 5 6 3 3 5 5 5 3 5 4 4 5 9 3 5 3 5 4 3 5 5 4 6 4 5 4 5 4 3 4 3 5 6 2 0 4
M[403] : 6 6 4 2 5 3 8 2 6 5 4 4 2 2 5 4 6 5 4 2 4 5 4 3 8 5 4 5 5 5 3 0 5 2 4 5 2 7 5 3 4 4 3 5 4 5 3 7 7 6 5 4 3 4 5 5 4
M[404] : 6 5 3 3 4 3 5 6 4 4 1 4 6 4 7 5 6 5 5 3 3 5 4 0 4 3 5 5 4 2 5 2 5 2 6 6 5 5 2 4 7 4 5 4 6 4 4 4 6 4 4 2 4 4 6 4 6
M[405] : 4 4 6 4 3 5 4 4 5 4 4 5 2 2 4 5 6 4 1 4 4 5 4 5 6 4 6 5 7 2 6 0 6 8 5 7 5 3 6 4 2 3 4 5 3 5 4 5 6 4 6 3 4 2 8 5 2
M[406] : 3 4 6 4 5 2 6 4 3 4 6 9 4 6 5 4 6 5 2 5 6 1 7 3 3 6 0 5 2 3 7 7 2 5 3 4 7 4 3 7 5 6 6 5 3 8 5 4 5 2 4 4 3 3 5 4 2
M[407] : 2 3 5 5 4 6 4 5 2 3 5 6 7 7 2 5 5 4 1 6 5 6 6 3 4 5 2 5 5 6 6 7 4 8 5 0 4 4 5 6 4 1 1 4 5 4 5 7 3 5 4 3 2 5 4 4 5
M[408] : 5 1 3 5 1 6 6 5 6 6 6 6 3 6 4 5 5 5 6 2 3 1 4 3 5 3 6 4 7 2 6 6 2 6 3 2 4 3 6 5 4 0 4 4 3 6 5 5 4 2 5 3 2 3 3 4 3
M[409] : 5 4 5 7 6 4 4 2 5 5 5 6 8 4 4 6 5 5 7 5 4 0 6 3 6 4 1 7 5 5 2 6 5 6 3 8 5 2 4 6 7 6 7 6 4 5 3 6 7 4 6 6 2 5 7 4 4
M[410] : 5 6 2 6 6 6 2 3 4 5 5 7 5 7 4 6 6 4 3 6 4 3 7 3 4 2 6 2 3 6 7 4 3 7 6 5 5 4 0 7 4 2 3 2 6 6 6 3 3 6 2 6 3 3 5 8 4
M[411] : 7 2 3 5 4 5 3 6 3 7 5 6 6 5 2 3 6 6 3 1 2 2 5 3 6 5 8 4 6 4 5 0 5 1 7 4 5 3 4 4 5 6 6 3 3 6 5 6 5 2 4 7 4 6 4 4 3
M[412] : 4 6 3 3 1 7 6 5 3 3 6 5 5 4 6 5 3 4 2 1 4 5 4 5 3 3 3 5 3 5 3 4 5 5 5 4 7 3 4 4 3 3 6 6 6 6 5 3 3 3 0 6 3 2 2 6 6
M[413] : 4 7 3 4 4 6 5 4 4 1 4 5 4 4 5 6 5 8 4 3 5 5 2 3 5 6 3 6 4 0 5 4 5 8 3 4 6 3 4 5 4 2 6 7 7 6 4 4 6 5 2 4 5 5 4 7 2
M[414] : 4 4 4 5 2 1 2 5 1 3 6 4 3 5 5 7 2 5 4 4 5 4 7 5 6 4 2 3 4 6 6 4 4 3 4 5 6 5 6 4 5 4 4 7 4 5 5 4 0 5 3 7 5 4 6 4 4
M[415] : 4 5 8 4 2 7 0 6 5 4 4 2 7 3 6 7 4 3 3 5 1 4 5 7 7 6 5 4 4 4 4 6 5 3 6 4 4 3 3 5 4 2 2 3 3 5 2 4 5 4 6 3 3 3 3 5 3
M[416] : 3 6 6 6 5 4 4 4 6 5 5 6 4 3 6 5 3 3 1 5 5 7 7 4 5 5 7 8 4 6 7 5 6 4 5 5 5 4 5 5 3 4 4 3 4 0 2 5 5 6 5 6 3 3 4 4 4
M[417] : 4 6 6 4 4 4 4 0 4 5 6 6 4 2 4 4 4 7 6 7 2 2 5 3 3 3 4 6 2 5 6 4 6 5 3 7 4 4 5 6 2 2 2 4 5 5 3 7 5 6 5 6 5 4 5 5 3
M[418] : 7 5 2 6 4 5 3 5 4 6 2 3 3 5 7 6 3 4 6 0 5 6 6 3 3 5 3 5 4 4 4 3 5 5 7 3 1 3 4 5 7 2 5 6 3 4 7 5 5 2 3 7 3 4 2 5 7
M[419] : 8 0 4 2 5 7 6 4 6 3 8 6 4 3 5 3 5 5 3 4 5 3 4 6 6 7 5 3 3 6 6 7 4 5 4 5 4 5 4 7 4 3 6 4 4 1 7 6 2 1 4 4 5 6 4 7 7
M[420] : 7 4 6 4 0 7 8 5 2 4 6 4 5 4 5 4 4 6 4 7 5 3 3 5 7 6 4 6 3 5 3 4 5 6 8 4 4 3 2 2 5 4 6 3 4 6 3 4 6 4 4 3 0 6 7 6 4
M[421] : 4 6 0 7 5 5 6 5 3 3 5 4 7 5 4 6 3 5 3 3 4 7 6 0 6 4 3 2 2 4 4 6 6 4 5 3 4 3 7 4 7 4 4 5 3 4 5 5 3 5 5 6 7 4 3 3 5
M[422] : 4 6 3 3 4 7 4 6 6 4 5 2 4 4 4 4 6 0 5 4 4 4 6 6 3 6 6 6 5 5 3 5 3 6 5 5 6 5 3 3 3 4 4 4 6 2 9 3 6 4 5 4 6 2 4 5 6
M[423] : 8 3 6 1 3 6 4 4 4 2 4 4 3 4 5 4 8 4 4 5 4 3 5 3 3 7 4 6 2 3 3 6 3 4 4 4 7 4 3 4 4 7 4 6 1 0 7 6 6 4 5 3 6 5 4 5 6
M[424] : 4 0 6 6 3 4 6 6 4 4 3 5 4 4 8 5 6 3 2 4 4 4 5 2 7 3 7 3 3 1 7 5 6 4 5 1 5 4 4 3 5 4 7 4 3 6 2 6 7 3 5 5 5 4 5 5 7
M[425] : 4 0 3 6 5 2 3 3 2 5 4 6 4 4 4 6 2 6 3 5 6 4 5 6 3 3 7 6 4 4 5 0 5 6 5 5 2 5 3 4 4 4 6 4 5 4 7 4 2 5 4 1 5 6 3 7 4
M[426] : 3 2 3 3 5 3 5 4 3 8 5 4 7 5 5 2 4 6 5 6 5 5 4 4 4 6 6 3 4 3 5 4 4 5 7 2 4 5 4 7 3 5 5 6 4 4 7 3 4 2 6 6 5 3 0 4 5
M[427] : 4 5 6 5 0 5 5 6 4 7 6 5 2 6 5 6 4 5 2 5 6 6 5 6 8 4 2 4 6 3 6 5 4 5 5 5 5 3 3 3 5 5 4 5 5 5 5 2 3 5 4 4 5 5 5 5 3
M[428] : 5 6 3 5 7 7 6 2 6 9 4 2 8 3 8 3 6 6 3 5 4 3 4 6 2 5 5 2 3 7 7 4 5 5 5 7 0 5 4 6 8 4 3 4 6 7 8 6 3 4 5 5 3 3 2 6 5
M[429] : 6 6 3 5 6 7 7 7 5 3 4 4 7 4 4 5 6 6 6 4 2 5 5 3 6 0 3 8 5 4 3 3 4 1 4 5 6 5 6 2 5 4 5 4 4 6 4 6 3 4 4 3 5 5 4 8 7
M[430] : 6 4 5 4 2 6 2 3 3 5 2 1 5 4 3 4 3 5 4 5 6 4 2 5 3 8 5 5 4 3 2 5 6 3 5 6 6 1 0 5 6 2 6 2 3 7 5 4 5 4 5 5 3 6 6 3 4
M[431] : 3 5 3 6 3 3 4 4 4 4 5 4 5 5 3 5 5 5 2 4 4 5 6 4 4 4 4 3 0 5 4 5 7 6 2 5 5 5 4 3 5 4 5 3 4 5 5 7 4 3 4 3 5 3 5 4 3
M[432] : 5 4 5 6 9 3 3 7 3 3 5 3 0 5 3 4 3 6 6 1 5 6 5 4 5 5 5 3 4 5 3 4 5 3 6 5 6 5 5 6 7 4 7 5 4 3 3 7 3 4 6 4 4 6 4 6 5
M[433] : 6 5 4 5 7 4 4 5 5 6 5 6 4 1 5 2 4 5 3 2 5 3 5 2 6 2 6 6 3 5 5 6 6 6 3 3 4 6 6 5 4 4 4 4 4 0 3 4 4 5 3 2 7 3 4 5 7
M[434] : 6 4 7 5 6 7 4 7 2 6 6 4 5 5 5 7 6 2 4 3 4 5 6 7 4 2 6 5 4 3 4 5 3 6 6 5 7 0 3 5 4 5 5 3 5 5 7 2 5 5 2 7 7 4 3 5 4
M[435] : 6 4 4 3 6 5 4 2 5 4 8 7 4 4 3 0 7 3 4 5 4 4 4 5 2 7 5 4 5 6 4 3 5 4 7 5 5 5 5 5 6 5 7 3 5 5 5 3 4 5 3 5 5 4 5 3 5
M[436] : 4 5 3 4 6 6 3 4 5 5 5 6 5 7 3 4 4 0 4 5 4 6 6 7 4 7 6 5 5 3 4 4 4 2 2 6 6 3 5 3 6 5 4 3 5 6 5 4 4 4 4 6 3 6 7 3 5
M[437] : 5 3 3 7 0 7 6 8 5 6 6 5 8 4 4 5 3 5 3 3 4 5 6 6 5 5 5 6 3 5 6 7 5 3 6 4 6 5 5 5 4 2 2 1 5 4 6 6 4 3 4 3 3 4 2 2 5
M[438] : 5 5 3 5 7 4 6 4 4 6 4 5 3 5 5 3 6 5 3 7 6 3 6 5 3 4 1 5 4 6 4 2 1 4 4 3 5 4 5 5 7 3 4 7 5 6 5 5 0 2 4 3 5 5 3 3 6
M[439] : 4 3 5 6 6 5 6 3 2 3 6 8 7 4 6 5 5 7 4 4 0 4 3 5 4 5 6 4 3 4 6 7 5 5 3 6 5 3 7 4 5 6 4 6 4 7 5 7 5 4 5 7 5 6 4 6 5
M[440] : 3 4 3 6 5 2 6 6 6 6 6 8 6 5 4 6 2 3 6 4 4 2 8 4 8 2 6 5 8 7 4 7 3 3 5 3 6 4 0 5 4 6 8 2 3 5 4 5 7 4 5 4 6 4 4 4 4
M[441] : 4 6 4 3 7 3 6 3 9 3 7 8 6 5 6 5 6 4 4 4 3 6 5 3 4 7 5 6 5 3 6 2 4 4 3 5 4 2 4 6 7 4 6 4 4 4 5 5 4 3 7 5 4 3 0 4 6
M[442] : 6 5 4 4 4 5 7 5 5 5 7 3 3 3 4 4 3 3 0 3 3 4 5 3 3 4 7 4 5 6 6 5 4 4 5 3 5 6 4 6 6 5 2 3 5 2 5 3 3 3 2 7 5 4 8 3 4
M[443] : 5 5 4 4 4 4 4 4 4 5 2 5 2 7 6 5 2 2 5 1 3 4 5 5 3 7 3 4 2 5 0 5 4 3 4 5 4 4 2 3 5 5 4 3 4 6 4 6 5 5 5 7 5 4 4 4 4
M[444] : 3 3 5 3 1 3 6 3 7 4 6 6 7 6 6 6 7 7 4 3 2 0 5 5 5 5 4 6 5 4 5 5 6 3 5 7 3 4 4 5 5 5 7 3 3 5 5 3 4 2 5 5 3 4 6 4 6
M[445] : 5 2 2 7 4 8 3 4 3 3 5 2 4 4 5 6 5 4 3 2 5 8 3 7 7 3 4 7 4 4 6 4 5 6 4 6 6 5 4 3 5 5 6 3 4 3 6 3 6 0 3 5 6 4 5 3 4
M[446] : 6 4 5 4 5 2 2 5 6 2 0 4 5 4 2 6 3 5 5 6 4 6 6 2 6 4 5 5 6 3 6 3 6 5 5 5 4 4 7 6 4 3 5 3 0 5 4 7 6 6 5 4 4 3 4 4 4
M[447] : 5 6 4 4 5 5 5 6 2 4 7 4 4 6 3 3 6 3 4 6 4 5 5 5 7 4 0 4 5 4 2 5 4 3 5 5 8 3 5 6 7 3 5 4 7 6 8 3 2 1 3 5 5 7 4 3 6
M[448] : 7 1 5 5 4 6 3 5 6 5 4 4 5 5 5 6 3 3 0 4 6 4 3 4 6 7 3 5 4 3 4 3 3 5 6 4 6 4 5 4 3 4 5 6 6 6 5 4 3 4 6 3 4 4 4 6 4
M[449] : 3 6 2 5 4 7 5 5 3 5 4 5 4 6 4 4 6 4 2 4 4 0 5 6 5 4 3 5 6 4 4 2 5 4 4 4 5 3 4 6 3 5 7 2 4 6 3 4 7 2 4 5 4 5 6 8 4
M[450] : 8 5 2 4 6 4 2 7 6 6 4 5 2 1 4 5 3 4 3 5 3 6 5 3 6 0 6 6 1 4 6 4 4 2 3 3 3 4 4 5 4 5 8 7 3 5 3 4 4 5 3 4 6 3 4 5 6
M[451] : 6 3 5 6 4 6 7 3 5 2 4 1 5 3 3 5 3 3 3 8 5 4 3 4 2 5 5 4 6 0 7 7 4 4 5 3 5 4 3 5 5 3 5 6 4 5 4 6 5 2 5 4 5 4 3 5 3
M[452] : 6 3 4 4 5 7 2 5 8 3 4 5 2 2 7 2 4 5 4 2 7 7 0 6 4 5 5 1 3 1 2 5 2 4 6 3 4 4 6 4 3 5 3 5 3 7 4 2 4 7 4 3 5 4 3 5 5
M[453] : 5 6 7 6 5 4 7 3 3 1 5 8 6 5 4 4 0 5 4 3 6 5 4 3 5 7 6 3 4 5 3 6 5 5 4 8 5 5 4 3 5 4 5 4 2 5 6 1 5 2 6 4 4 5 7 4 4
M[454] : 4 6 5 3 4 4 5 5 4 7 6 4 6 1 4 4 6 3 5 4 3 8 7 1 5 7 6 0 4 3 7 6 2 6 6 7 5 6 7 6 4 5 2 6 4 5 5 2 5 4 3 5 5 3 6 6 5
M[455] : 6 2 6 4 5 4 0 4 3 5 5 6 4 4 4 4 5 6 3 5 5 7 5 6 7 1 5 5 6 6 3 2 4 4 3 3 5 2 5 2 5 7 8 5 6 5 7 5 3 3 5 5 5 2 3 5 3
M[456] : 4 1 7 3 3 2 4 3 0 5 6 6 4 4 6 4 5 4 4 5 3 7 2 4 2 7 6 8 5 4 5 6 4 4 5 3 7 4 3 3 7 2 4 6 2 5 1 6 5 4 8 6 4 3 5 3 2
M[457] : 7 5 3 6 6 3 6 4 4 1 5 7 7 5 6 5 5 4 5 4 5 6 7 5 3 6 1 5 2 3 5 5 4 8 0 2 4 4 4 4 5 3 4 6 4 4 4 3 4 3 5 4 4 4 5 5 3
M[458] : 4 5 4 4 7 3 2 3 8 7 2 3 7 4 6 5 6 4 2 5 3 3 8 3 4 8 5 5 4 2 4 6 6 8 5 7 5 2 4 5 3 4 5 2 2 7 6 6 3 0 5 4 6 4 1 6 5
M[459] : 5 4 4 7 1 5 4 3 4 5 4 3 3 3 5 5 6 3 5 2 4 5 4 7 5 5 5 5 4 3 3 3 5 6 2 3 5 7 8 2 6 3 6 4 3 3 1 5 3 3 3 0 4 3 5 5 3
M[460] : 4 2 4 2 2 5 5 2 6 4 5 4 4 2 6 4 4 5 6 4 6 4 3 1 7 5 4 3 3 3 7 5 5 5 4 6 5 4 3 3 2 4 6 5 3 4 3 3 6 4 6 0 1 3 4 6 5
M[461] : 3 4 5 5 6 3 5 5 2 7 0 6 5 0 8 6 7 5 4 3 4 3 6 4 0 4 6 2 5 5 4 4 5 7 3 4 5 2 5 6 4 3 1 4 4 5 6 5 7 6 4 7 4 5 8 3 6
M[462] : 5 6 6 4 7 6 5 5 6 5 4 6 3 3 5 4 5 3 3 4 4 3 2 3 5 6 6 4 6 2 3 3 4 2 6 5 6 5 4 6 6 2 7 0 5 4 7 0 4 3 4 4 5 5 2 5 5
M[463] : 7 6 3 4 5 2 3 5 2 5 2 5 6 1 2 5 6 6 4 5 4 5 2 3 6 6 5 4 3 6 4 7 5 7 3 3 4 3 6 4 6 2 3 3 7 4 3 4 6 5 5 5 5 0 3 2 4
M[464] : 7 5 3 5 4 4 6 6 4 5 3 3 5 3 1 3 2 5 4 2 5 3 8 7 7 3 2 3 2 4 6 4 5 6 3 5 5 5 4 7 4 3 4 5 6 0 2 5 5 4 5 7 4 6 5 4 4
M[465] : 2 4 5 7 0 4 6 4 4 3 3 7 4 4 4 7 3 6 7 3 4 5 5 2 4 4 5 3 8 4 8 5 4 7 7 5 5 5 6 1 5 5 5 6 5 3 5 6 1 2 6 3 4 4 6 5 5
M[466] : 2 5 5 9 4 4 5 5 4 7 6 3 7 5 5 6 4 6 4 4 3 4 4 3 4 4 6 7 3 4 0 3 3 5 6 5 8 4 4 5 6 5 4 3 2 6 7 3 5 5 4 3 5 3 5 6 7
M[467] : 5 5 5 4 5 8 5 3 6 4 6 4 6 6 3 4 6 4 7 7 4 3 3 5 4 5 4 3 5 4 3 2 3 7 6 7 0 4 6 4 5 4 7 4 3 7 4 5 4 4 2 6 4 5 4 7 4
M[468] : 6 6 6 3 6 4 7 3 4 5 6 6 3 4 4 4 6 6 5 6 6 2 4 3 3 5 0 5 4 5 5 5 4 6 5 5 5 4 7 6 4 4 4 5 4 5 3 6 2 5 5 2 6 6 4 5 3
M[469] : 3 6 5 3 7 7 7 6 3 4 5 3 8 4 5 5 4 3 3 5 3 6 6 6 5 4 5 2 3 6 3 4 4 3 5 1 2 5 4 6 4 2 5 5 0 6 5 7 5 4 4 2 6 5 3 7 4
M[470] : 5 5 1 6 6 4 6 6 7 4 4 4 6 4 3 4 6 4 3 3 7 5 7 7 3 7 6 5 5 3 6 5 5 6 4 2 5 4 6 6 6 6 4 5 3 0 3 9 4 1 5 3 4 5 5 6 5
M[471] : 5 3 6 5 4 4 4 4 7 4 3 7 6 5 4 5 3 4 4 4 3 7 4 3 5 4 5 7 4 7 5 7 3 6 6 5 6 3 4 3 3 6 3 3 4 6 7 5 4 4 0 4 5 5 6 5 4
M[472] : 0 5 4 3 2 4 5 6 6 3 3 4 4 7 2 5 2 6 4 5 4 7 1 5 5 5 4 7 5 4 4 4 4 4 5 3 6 4 5 7 3 5 5 1 4 6 6 6 5 3 4 7 5 4 3 3 5
M[473] : 5 5 3 5 6 5 4 5 3 6 3 6 3 4 3 0 3 4 7 4 4 4 5 6 6 6 5 4 6 3 6 4 4 7 3 7 5 3 5 2 5 4 5 3 7 5 6 5 4 3 6 3 3 4 5 7 5
M[474] : 6 4 7 3 4 5 7 4 5 4 6 7 6 3 2 5 5 0 2 3 3 5 2 6 7 6 6 3 5 3 5 7 2 5 2 3 4 5 3 4 8 5 4 6 4 4 4 6 5 4 4 7 3 6 6 3 4
M[475] : 4 2 6 4 8 5 3 6 7 4 4 6 5 4 3 5 5 5 3 4 2 5 7 7 5 4 7 3 4 2 4 3 6 6 6 4 0 8 6 5 3 6 5 3 3 5 5 6 7 6 4 3 3 6 5 3 5
M[476] : 4 4 5 2 4 3 7 4 3 5 4 2 4 2 7 0 3 7 4 6 5 4 4 4 5 6 4 5 3 2 3 6 2 4 3 6 4 5 4 7 4 5 2 5 5 2 2 2 6 6 7 4 3 5 5 8 7
M[477] : 5 4 3 5 6 5 5 2 0 7 5 3 2 6 5 3 4 4 6 5 5 5 5 5 3 3 6 3 5 4 2 5 4 5 4 4 5 5 6 4 4 4 6 4 3 5 1 5 4 4 6 4 3 4 6 6 4
M[478] : 4 3 4 5 6 2 7 4 3 4 5 3 4 4 7 5 5 7 4 6 3 2 3 3 4 4 5 3 0 7 7 6 5 6 7 4 2 5 6 4 7 5 6 4 1 2 2 5 4 4 4 4 6 6 4 5 4
M[479] : 3 6 4 6 0 5 4 4 4 4 3 4 7 3 6 3 7 6 5 4 6 4 7 4 5 6 6 6 4 2 5 2 6 5 4 5 5 5 4 5 3 6 5 3 5 6 4 5 5 6 5 3 4 5 5 8 5
M[480] : 5 7 3 2 4 5 6 5 5 4 6 4 0 4 6 5 5 4 5 4 4 3 5 5 7 7 3 3 3 2 6 4 7 5 8 5 4 6 6 8 5 4 6 4 1 4 3 5 5 3 5 5 6 6 4 6 3
M[481] : 5 4 4 4 8 5 3 4 4 4 4 4 4 2 5 4 2 0 5 3 4 4 6 6 2 4 4 5 5 5 3 5 2 4 0 3 2 3 6 7 8 5 3 4 6 4 5 4 2 4 7 4 4 4 4 1 3
M[482] : 5 8 6 0 3 4 5 5 5 4 4 8 2 4 6 5 5 4 4 6 3 6 4 6 4 5 5 2 3 4 6 3 4 6 3 6 4 3 5 3 6 2 8 3 6 7 5 5 7 4 4 4 6 4 4 4 3
M[483] : 5 6 4 3 7 5 0 7 6 3 1 2 5 4 6 5 4 5 3 4 5 5 5 2 3 4 3 5 3 2 6 3 2 4 7 6 4 5 2 3 5 5 2 6 3 7 6 3 5 3 2 3 4 4 4 5 5
M[484] : 5 2 4 3 5 3 7 2 6 3 5 3 0 3 3 3 4 5 2 3 3 5 3 4 3 1 6 4 5 3 4 5 6 4 4 3 5 3 6 6 5 5 6 5 3 2 5 6 4 3 6 4 7 5 7 4 6
M[485] : 5 4 6 7 4 5 7 4 0 6 2 5 4 4 4 6 3 5 5 4 6 7 7 4 3 3 5 5 2 5 5 2 3 6 3 2 4 4 6 5 5 2 6 6 2 4 4 7 4 5 3 4 3 2 6 7 6
M[486] : 6 8 3 6 4 3 5 5 4 4 2 4 5 5 0 6 4 5 2 2 4 4 4 3 7 6 6 6 5 4 7 5 2 6 0 3 7 3 5 7 6 3 5 3 5 5 4 4 7 4 5 7 2 4 6 5 3
M[487] : 5 5 2 6 3 6 4 4 6 6 5 3 6 3 8 4 7 5 3 5 2 0 4 2 7 5 4 6 4 6 2 5 4 2 3 6 7 3 3 5 4 6 5 6 5 4 5 5 5 3 2 7 2 4 3 6 6
M[488] : 5 4 3 6 4 4 6 3 4 3 6 6 3 7 6 3 6 5 5 1 5 4 5 4 6 5 4 4 6 0 6 5 6 5 7 3 5 4 4 8 8 3 5 2 3 4 3 3 3 5 4 4 7 4 6 4 4
M[489] : 3 3 4 5 6 3 6 4 5 0 3 3 2 6 2 5 4 6 5 2 3 4 5 5 4 6 7 6 5 2 6 5 1 4 4 5 3 4 5 5 6 6 5 4 3 4 3 5 5 2 4 6 5 6 1 3 3
M[490] : 0 6 5 0 5 5 5 5 6 6 5 4 4 5 3 3 4 1 3 5 4 7 1 6 5 6 4 1 3 5 6 5 5 4 4 3 3 3 4 2 7 2 6 4 2 5 8 6 5 3 5 8 3 3 4 3 2
M[491] : 4 3 4 4 3 1 3 5 4 4 3 1 3 5 5 3 4 6 6 5 5 5 5 1 7 2 4 4 4 7 6 5 5 6 5 6 6 5 4 5 4 4 5 7 5 9 4 5 6 4 4 5 6 6 0 3 6
M[492] : 1 5 5 6 4 3 2 5 7 3 7 1 7 5 6 5 7 5 5 2 6 4 3 4 4 6 7 4 4 3 3 4 4 7 4 6 4 2 6 6 0 4 5 6 5 6 4 3 8 6 7 4 3 4 1 3 5
M[493] : 3 5 4 4 6 4 6 8 2 3 4 3 3 2 5 3 5 4 1 1 5 4 5 5 5 5 4 4 3 2 0 5 6 4 4 2 5 1 4 4 2 5 1 3 4 8 5 5 3 4 4 6 5 5 5 5 7
M[494] : 6 5 4 7 4 4 3 4 4 2 3 3 5 3 6 6 6 5 6 6 3 6 6 5 5 4 8 4 5 4 3 6 3 4 5 7 2 6 4 7 8 6 5 4 4 5 0 6 2 4 5 4 5 2 5 5 2
M[495] : 2 5 2 3 6 4 4 5 8 6 5 5 2 4 7 7 6 5 7 5 3 8 4 5 5 5 4 4 5 3 4 4 5 5 4 1 6 4 4 7 5 3 6 3 5 0 5 3 4 5 3 6 4 5 5 5 4
M[496] : 5 6 3 3 4 6 4 7 4 1 3 4 4 3 3 8 4 6 2 5 0 5 4 5 2 3 6 5 3 5 5 4 6 3 3 4 4 3 5 2 4 2 4 3 2 5 4 2 3 6 3 4 3 6 7 6 3
M[497] : 6 4 4 6 5 4 6 4 5 3 5 5 3 3 7 7 5 3 3 4 4 5 4 4 6 5 3 5 4 3 6 4 5 6 4 5 2 3 4 7 4 3 5 4 4 3 4 4 2 5 0 3 5 4 4 5 4
M[498] : 7 3 4 5 3 7 2 4 4 3 6 5 4 4 5 3 4 3 3 4 5 4 5 2 5 5 4 4 2 3 2 4 4 4 4 5 4 5 0 6 7 5 4 7 1 6 4 4 6 2 5 5 3 4 0 6 5
M[499] : 5 3 4 5 4 6 3 6 4 4 5 6 5 3 7 5 7 6 4 3 6 4 5 4 5 2 4 1 2 5 3 6 0 4 4 2 3 4 5 2 4 5 4 2 4 5 4 4 5 5 4 7 4 5 4 3 7

