 Execution de l'algoritme BITS sur le fichier dsjc500.5.txt
=====================================================================
 Partitions  : 
Vk[0] : 492 395 300 290 244 108 416 372 -->  8 éléments.
Vk[1] : 289 453 458 275 149 115 25 299 -->  8 éléments.
Vk[2] : 13 150 490 177 54 454 330 -->  7 éléments.
Vk[3] : 356 386 35 245 429 439 354 -->  7 éléments.
Vk[4] : 442 283 58 110 18 141 304 362 -->  8 éléments.
Vk[5] : 216 124 363 345 158 430 178 303 -->  8 éléments.
Vk[6] : 422 197 129 114 334 160 0 285 -->  8 éléments.
Vk[7] : 414 128 464 146 155 444 249 215 -->  8 éléments.
Vk[8] : 456 107 367 243 4 426 202 310 -->  8 éléments.
Vk[9] : 142 463 301 86 55 112 17 74 -->  8 éléments.
Vk[10] : 8 208 211 198 41 346 50 140 -->  8 éléments.
Vk[11] : 292 437 162 53 451 159 47 408 -->  8 éléments.
Vk[12] : 495 56 98 462 32 135 281 -->  7 éléments.
Vk[13] : 377 138 82 118 496 473 217 431 -->  8 éléments.
Vk[14] : 277 487 280 89 81 424 16 348 -->  8 éléments.
Vk[15] : 361 21 269 407 207 447 109 396 -->  8 éléments.
Vk[16] : 79 200 203 326 182 418 375 119 -->  8 éléments.
Vk[17] : 287 102 485 229 60 3 423 148 -->  8 éléments.
Vk[18] : 335 163 385 106 168 469 369 288 -->  8 éléments.
Vk[19] : 279 242 125 255 153 319 313 209 -->  8 éléments.
Vk[20] : 185 1 308 384 450 486 184 7 -->  8 éléments.
Vk[21] : 238 327 152 466 440 195 391 284 -->  8 éléments.
Vk[22] : 45 432 253 403 394 318 365 321 -->  8 éléments.
Vk[23] : 44 272 324 449 26 28 267 498 -->  8 éléments.
Vk[24] : 188 297 470 265 154 93 295 257 -->  8 éléments.
Vk[25] : 405 248 123 399 465 176 421 359 -->  8 éléments.
Vk[26] : 378 6 370 336 352 84 29 240 -->  8 éléments.
Vk[27] : 260 180 357 455 392 221 90 78 -->  8 éléments.
Vk[28] : 193 15 43 76 230 223 268 57 -->  8 éléments.
Vk[29] : 250 309 428 14 497 187 70 480 -->  8 éléments.
Vk[30] : 344 73 234 411 467 493 446 291 -->  8 éléments.
Vk[31] : 433 226 349 254 488 64 117 40 -->  8 éléments.
Vk[32] : 314 435 164 156 412 199 448 438 -->  8 éléments.
Vk[33] : 256 410 471 338 97 342 157 460 -->  8 éléments.
Vk[34] : 294 227 206 103 337 489 72 417 -->  8 éléments.
Vk[35] : 360 192 66 204 5 214 46 266 -->  8 éléments.
Vk[36] : 298 409 373 191 37 246 183 481 -->  8 éléments.
Vk[37] : 305 133 194 296 24 225 388 132 -->  8 éléments.
Vk[38] : 174 328 161 61 311 87 68 213 -->  8 éléments.
Vk[39] : 175 99 371 258 316 34 350 461 -->  8 éléments.
Vk[40] : 374 30 358 147 52 237 379 302 -->  8 éléments.
Vk[41] : 401 189 380 457 306 282 212 85 -->  8 éléments.
Vk[42] : 387 220 436 38 415 59 83 126 -->  8 éléments.
Vk[43] : 406 33 31 333 468 130 381 181 -->  8 éléments.
Vk[44] : 347 366 151 441 247 134 400 136 -->  8 éléments.
Vk[45] : 251 307 393 425 205 434 165 241 -->  8 éléments.
Vk[46] : 92 27 80 210 273 104 75 167 -->  8 éléments.
Vk[47] : 339 235 484 402 427 331 219 20 -->  8 éléments.
Vk[48] : 323 390 23 71 127 261 286 145 -->  8 éléments.
Vk[49] : 88 419 252 322 201 364 77 231 -->  8 éléments.
Vk[50] : 12 262 94 116 270 48 276 -->  7 éléments.
Vk[51] : 329 166 353 11 69 472 63 351 -->  8 éléments.
Vk[52] : 452 325 101 169 100 491 397 483 -->  8 éléments.
Vk[53] : 111 39 65 368 120 274 67 443 -->  8 éléments.
Vk[54] : 196 499 95 233 278 479 2 404 -->  8 éléments.
Vk[55] : 332 19 51 317 420 91 171 459 -->  8 éléments.
Vk[56] : 144 382 143 474 172 218 131 222 -->  8 éléments.
Vk[57] : 312 263 42 232 376 259 494 224 -->  8 éléments.
Vk[58] : 10 271 475 62 49 228 96 478 -->  8 éléments.
Vk[59] : 343 293 413 389 186 320 179 121 -->  8 éléments.
Vk[60] : 340 173 139 355 383 482 113 315 -->  8 éléments.
Vk[61] : 476 22 398 122 170 9 190 477 -->  8 éléments.
Vk[62] : 105 264 236 137 445 341 239 36 -->  8 éléments.
Matrice M
M[0] : 7 3 2 5 5 4 0 4 4 1 3 4 4 8 2 3 2 5 3 4 6 6 5 2 5 5 6 4 6 3 4 3 4 5 4 4 5 3 6 6 5 3 5 3 6 4 4 3 8 4 5 4 1 3 2 4 3 4 5 5 6 3 6
M[1] : 5 5 2 5 2 4 4 3 3 4 3 3 4 4 3 3 5 4 5 3 0 4 7 6 6 4 5 6 3 4 4 6 3 5 3 5 5 3 5 4 3 6 3 6 5 4 3 1 3 4 3 5 3 8 5 4 5 5 5 3 2 6 5
M[2] : 3 2 3 3 5 1 7 3 2 3 3 5 3 6 3 3 5 4 3 6 3 4 5 1 6 7 4 5 4 4 6 3 4 5 1 6 2 3 3 7 4 3 5 5 6 5 7 4 4 4 1 7 6 4 0 4 3 5 4 4 2 2 7
M[3] : 4 3 5 4 5 5 5 4 3 3 5 4 4 5 5 7 5 0 4 4 6 3 4 2 2 4 4 5 3 5 5 4 5 5 5 7 6 5 3 6 4 3 5 5 4 5 6 5 2 4 2 6 5 3 4 2 6 6 4 5 4 4 5
M[4] : 5 3 5 5 3 2 6 5 0 4 5 4 6 3 7 6 3 2 3 4 6 6 6 2 5 2 3 5 3 5 4 4 1 6 7 3 4 6 3 5 5 5 3 5 4 6 3 4 1 3 1 6 6 4 4 3 4 2 6 6 3 6 3
M[5] : 2 5 5 2 2 5 6 4 7 6 7 3 6 2 5 3 3 5 6 4 4 6 5 3 5 6 6 3 5 4 5 3 2 2 4 0 4 4 3 3 3 4 7 4 4 4 4 5 6 7 3 1 6 5 5 3 4 2 2 6 3 2 4
M[6] : 3 5 3 4 5 4 3 4 3 6 7 6 3 3 6 6 6 2 8 3 5 4 3 5 6 3 0 4 4 4 2 4 3 3 3 3 4 4 3 6 4 1 4 4 3 4 6 4 4 5 2 4 5 4 1 5 3 6 2 3 5 2 4
M[7] : 6 4 6 3 2 4 4 3 2 6 7 2 6 2 2 4 3 6 5 3 0 4 3 3 4 6 5 3 5 4 2 3 3 4 5 4 5 5 6 3 4 3 1 0 6 4 4 7 2 7 3 4 4 2 2 3 4 3 3 4 5 2 7
M[8] : 4 5 5 2 4 4 6 5 5 4 0 7 4 3 5 4 4 4 4 3 4 4 4 5 6 1 6 3 5 5 4 5 6 4 5 5 3 5 4 3 7 3 3 4 6 3 7 7 3 4 4 3 1 5 4 4 4 5 5 3 5 5 2
M[9] : 4 2 4 3 5 6 5 3 7 7 5 6 2 4 5 4 4 3 4 3 7 5 6 3 3 4 3 5 3 2 2 4 4 4 3 3 3 3 7 5 5 2 6 5 3 5 7 1 6 5 3 7 3 3 5 3 3 2 5 2 5 0 3
M[10] : 5 5 3 4 3 5 2 2 4 3 4 3 3 3 5 3 4 2 5 3 2 3 3 3 8 5 2 4 5 5 5 6 1 6 4 5 5 2 5 4 4 3 1 4 4 3 5 4 5 3 4 2 5 5 4 4 5 3 0 6 4 6 4
M[11] : 5 4 3 6 4 3 3 1 2 6 1 3 3 3 5 4 4 6 5 5 4 2 3 3 2 4 4 5 5 5 4 4 3 2 4 4 3 6 4 6 5 5 5 3 3 5 4 6 4 1 6 0 6 3 5 3 4 6 2 7 6 5 5
M[12] : 2 6 3 1 3 4 4 4 3 4 4 6 2 3 4 3 5 6 3 3 2 4 2 4 4 4 5 3 3 3 3 0 3 7 1 4 5 3 4 6 5 5 4 4 2 5 5 3 4 5 0 4 2 3 7 5 3 1 3 4 3 4 7
M[13] : 6 5 0 3 6 6 3 7 2 5 4 4 3 3 4 3 5 3 3 5 7 6 8 6 4 4 5 5 4 4 5 6 4 3 3 4 7 5 7 4 5 4 4 5 4 4 4 5 5 6 3 7 1 7 5 4 5 2 5 3 4 3 4
M[14] : 2 4 5 3 6 4 5 5 5 5 5 1 3 4 6 7 4 4 4 6 4 5 1 6 4 3 5 4 6 0 5 3 4 4 1 3 5 6 6 5 3 3 6 6 2 2 4 3 8 4 2 2 6 5 4 4 5 4 5 6 3 3 5
M[15] : 3 3 2 6 5 3 3 3 6 1 3 5 5 6 4 4 4 4 6 5 4 5 2 6 5 3 4 4 0 1 7 2 6 2 5 5 6 4 3 3 5 4 6 2 4 4 4 3 6 5 3 5 1 8 2 5 6 2 7 5 6 4 4
M[16] : 2 2 1 4 4 6 4 7 8 2 6 5 2 2 0 6 4 5 4 2 2 5 3 7 5 5 5 3 7 2 3 1 5 6 5 2 6 4 2 1 6 5 4 4 6 3 1 5 5 4 5 4 4 3 3 7 4 3 4 2 3 4 6
M[17] : 6 2 3 5 4 7 4 5 4 0 5 4 3 4 4 4 3 4 2 4 3 4 4 3 4 3 5 5 4 3 6 6 3 5 6 5 2 4 5 5 4 1 3 5 4 3 5 6 4 3 4 4 3 5 7 5 2 4 3 5 2 2 4
M[18] : 2 4 4 3 0 2 2 3 3 3 6 5 4 3 5 3 3 5 3 7 5 1 5 4 4 5 2 5 4 4 4 5 2 2 3 5 6 6 4 3 3 4 4 6 5 3 5 7 5 4 4 5 5 2 3 7 3 1 4 3 5 4 6
M[19] : 3 4 4 5 3 5 4 4 5 3 5 5 6 6 4 5 4 2 2 4 5 4 4 3 2 5 4 3 6 5 4 2 6 3 4 5 2 3 5 5 4 3 4 3 0 4 4 5 2 4 5 6 2 6 4 0 3 3 4 3 2 2 5
M[20] : 2 8 5 4 3 2 4 3 5 4 4 4 3 2 4 5 4 4 5 5 3 2 7 5 4 5 5 4 3 7 3 5 5 7 5 6 2 6 2 3 5 4 4 6 3 3 4 0 6 3 1 4 6 4 3 6 3 1 4 5 2 3 2
M[21] : 3 4 4 3 3 3 5 5 4 6 3 6 5 3 3 0 4 5 4 4 5 4 3 6 2 6 6 4 4 5 4 5 5 6 6 5 4 4 3 3 2 2 3 5 4 4 4 5 4 5 3 4 4 2 2 8 4 4 3 2 4 3 5
M[22] : 2 3 3 3 3 2 2 4 7 5 5 3 3 5 4 3 4 4 6 2 4 5 5 5 3 4 3 4 5 4 4 6 3 3 3 5 4 0 2 2 2 6 4 2 4 4 5 3 5 5 3 3 4 4 5 4 6 4 6 6 5 0 5
M[23] : 3 3 3 3 4 6 5 4 4 5 5 3 3 6 4 4 4 3 3 3 5 3 5 5 6 5 3 2 4 3 2 4 5 2 5 6 3 3 4 4 3 2 6 3 6 6 5 4 0 3 6 4 4 6 4 2 3 6 5 2 6 5 6
M[24] : 5 4 5 3 7 3 3 7 4 4 4 5 4 4 2 3 3 4 4 5 4 3 1 5 3 6 3 5 4 6 4 4 5 4 4 3 2 0 3 4 3 5 3 1 2 4 4 6 3 4 3 5 6 4 3 3 5 4 5 4 2 4 3
M[25] : 4 0 3 5 4 1 3 5 2 4 4 3 3 3 4 3 1 3 5 2 5 4 4 4 5 5 4 5 3 2 5 3 6 4 4 3 6 7 4 5 5 4 6 1 2 5 4 6 0 4 6 3 3 2 4 4 4 3 2 2 5 5 5
M[26] : 3 2 4 3 5 4 5 5 4 4 6 5 5 7 5 3 2 3 4 5 3 3 4 0 6 4 6 4 5 3 3 4 6 4 3 2 3 3 5 5 3 2 3 6 4 5 4 6 6 3 4 6 4 1 6 5 5 5 4 1 5 5 4
M[27] : 3 4 3 4 5 3 4 4 4 8 5 3 3 4 5 5 4 3 4 5 5 2 4 5 4 5 3 3 4 5 4 4 6 6 6 2 5 4 3 4 5 5 5 3 5 4 0 5 2 5 2 3 4 5 5 3 8 3 1 4 2 4 4
M[28] : 3 4 4 6 4 5 4 5 4 2 5 4 6 2 4 5 5 2 3 3 4 5 3 0 5 4 2 5 1 5 4 3 2 2 5 5 5 6 6 4 4 3 4 1 5 5 4 7 5 4 2 4 4 3 2 3 5 4 3 4 5 4 6
M[29] : 2 6 2 2 3 4 4 3 3 2 4 3 5 4 2 5 4 5 5 2 3 5 4 3 1 2 0 6 4 5 5 3 2 6 4 5 4 2 2 4 6 5 5 4 4 5 3 2 4 7 4 4 4 2 5 2 4 5 4 4 5 2 4
M[30] : 3 6 4 4 5 4 6 3 4 4 6 5 5 6 5 2 6 4 5 4 4 5 3 4 3 6 4 5 4 4 4 3 3 3 4 5 5 3 5 4 0 6 3 6 3 6 7 5 2 5 4 4 5 4 5 5 3 4 4 4 4 5 4
M[31] : 6 4 5 4 3 2 5 3 4 3 1 6 5 3 2 4 2 4 5 4 7 5 5 6 4 4 6 3 4 6 2 7 3 5 5 5 1 5 4 3 3 3 5 0 3 4 5 4 5 5 3 4 4 5 5 5 2 4 5 2 3 5 6
M[32] : 5 5 0 2 5 3 5 4 3 2 2 4 0 4 4 7 5 4 1 6 4 4 5 5 3 5 3 2 3 4 4 5 5 4 2 6 3 5 4 7 3 6 3 4 6 4 2 4 5 4 4 3 3 6 3 2 5 1 4 5 5 4 5
M[33] : 3 1 4 3 4 4 6 6 4 3 4 5 4 5 2 3 6 5 4 3 5 2 5 5 4 4 2 5 3 4 3 6 5 4 3 3 4 5 7 5 7 3 7 0 4 4 4 4 3 4 5 2 6 5 4 5 3 7 7 2 5 6 3
M[34] : 4 5 4 2 6 5 3 1 7 4 4 3 4 7 2 3 3 4 3 7 3 4 3 5 7 4 5 5 3 6 4 8 2 3 7 4 4 4 5 0 3 2 4 2 8 7 6 3 6 6 4 7 6 6 2 6 5 3 4 4 3 4 3
M[35] : 4 7 4 0 5 5 6 6 4 6 4 2 2 2 4 4 5 2 6 1 5 4 2 4 3 5 4 4 4 5 3 4 4 5 5 1 3 3 5 3 3 5 6 6 3 3 5 5 4 5 4 5 2 5 5 4 3 3 2 4 5 3 3
M[36] : 4 6 3 1 4 6 4 3 4 5 3 4 3 5 4 4 5 4 7 2 7 6 4 6 4 5 5 3 5 3 3 3 3 4 6 6 3 4 5 4 4 3 3 3 5 5 5 2 1 6 5 6 3 2 6 4 2 3 5 7 6 2 0
M[37] : 3 4 4 2 6 4 3 3 5 4 6 3 3 7 4 4 3 4 5 5 2 5 3 6 5 4 6 3 5 7 3 7 5 4 6 3 0 2 4 4 3 4 3 3 4 4 2 5 2 3 4 4 5 3 5 6 2 4 5 4 5 2 6
M[38] : 3 6 4 4 5 5 4 6 6 2 4 3 2 5 5 4 3 3 4 5 4 4 5 3 3 2 3 3 7 3 5 3 4 5 2 6 6 6 5 4 4 4 0 3 4 3 4 5 6 5 4 5 2 5 4 6 4 3 4 3 3 4 4
M[39] : 6 5 7 3 6 2 2 3 4 3 2 4 6 4 5 6 6 6 3 4 3 4 5 4 7 6 3 6 4 3 4 5 5 4 6 4 4 4 3 5 2 6 4 5 5 3 5 4 4 4 2 3 0 0 5 4 5 4 5 1 5 5 6
M[40] : 6 5 4 4 5 4 3 5 6 5 3 3 5 3 4 6 4 2 4 4 5 3 4 5 4 3 3 4 4 4 5 0 5 5 5 4 4 2 6 4 5 5 3 5 5 3 3 3 5 6 3 4 7 6 4 3 2 5 4 5 5 4 5
M[41] : 5 4 4 3 3 3 4 6 4 4 0 4 3 3 5 4 4 4 6 2 5 6 4 3 3 4 5 5 5 4 4 5 4 4 1 5 5 4 5 6 6 4 4 3 4 3 3 3 5 3 2 3 6 4 5 4 2 3 5 3 6 4 1
M[42] : 4 5 2 5 5 6 8 3 6 5 3 2 4 4 3 5 1 2 3 6 2 4 4 5 4 4 3 3 4 3 2 4 3 2 3 3 4 5 3 3 3 2 5 5 5 5 5 4 5 5 5 4 2 3 4 2 5 0 5 6 5 3 4
M[43] : 1 4 4 4 3 5 2 2 3 6 3 3 6 3 4 6 2 4 5 5 4 3 4 0 2 5 3 6 0 2 5 4 5 6 3 3 5 4 5 2 4 5 4 4 6 5 4 3 5 5 5 5 4 5 4 4 4 5 4 6 4 7 3
M[44] : 2 5 3 5 4 2 5 4 5 2 4 4 5 5 4 6 6 4 2 6 3 3 3 0 6 6 4 6 4 5 5 3 4 6 3 4 4 3 7 6 3 3 1 4 5 5 5 6 3 4 2 5 3 3 4 5 6 5 5 4 6 2 4
M[45] : 4 4 5 5 6 6 4 4 5 3 1 5 4 4 1 6 6 4 3 3 4 3 0 3 1 6 5 4 5 5 5 6 4 5 4 4 4 3 3 4 2 5 4 4 3 3 4 5 3 1 2 2 5 5 7 3 4 4 6 4 6 4 2
M[46] : 5 3 1 3 5 1 5 4 3 5 3 4 5 1 3 7 5 6 1 4 7 5 3 5 4 5 5 7 4 5 3 2 3 4 2 0 3 6 4 3 0 5 4 5 4 4 4 3 4 4 4 3 4 4 3 5 3 3 3 3 0 5 5
M[47] : 3 3 1 3 6 4 5 4 6 4 5 0 4 4 5 3 4 2 5 4 4 4 6 5 4 4 4 5 5 4 6 2 4 4 4 4 1 4 4 4 3 4 5 4 2 5 4 5 2 5 4 4 3 2 1 3 5 3 7 3 3 4 2
M[48] : 5 3 2 3 4 2 3 5 1 3 5 3 4 6 2 4 4 3 6 2 5 3 5 3 7 4 2 5 3 2 4 3 6 4 6 5 1 1 5 3 4 5 4 5 5 3 4 4 5 4 0 3 5 6 2 2 4 4 4 4 6 4 5
M[49] : 6 4 2 3 5 5 3 5 5 3 4 6 6 3 7 3 4 5 4 4 2 4 5 5 4 5 5 5 4 3 5 4 5 2 0 6 6 5 5 6 5 4 6 5 3 6 2 3 7 3 2 4 3 5 3 1 1 5 0 2 4 4 2
M[50] : 5 3 4 2 5 6 6 6 5 6 0 3 6 6 4 3 4 6 7 3 4 3 6 5 2 4 5 4 4 2 4 3 4 4 2 5 5 4 4 4 5 4 5 6 3 5 3 3 5 4 3 4 5 4 5 3 4 3 4 4 3 6 2
M[51] : 5 4 4 2 4 4 6 5 4 3 7 4 4 0 3 5 2 3 4 4 5 5 5 7 5 5 3 4 4 4 4 5 2 5 5 5 5 3 4 5 3 4 6 5 4 7 2 2 5 5 3 4 5 5 3 0 6 4 1 4 3 5 5
M[52] : 6 6 2 1 3 5 4 5 4 6 6 5 5 4 4 4 4 5 1 5 4 0 4 3 3 3 3 3 3 3 6 4 5 6 4 1 3 2 4 6 0 3 6 5 4 3 2 5 6 3 4 5 4 4 6 4 3 6 4 6 2 7 4
M[53] : 3 5 6 2 5 5 4 4 3 5 5 0 6 3 6 4 4 5 3 0 4 5 6 4 5 6 5 2 3 5 6 5 2 6 4 3 4 6 4 4 5 6 4 5 6 3 4 5 7 5 4 6 3 7 3 3 3 4 3 4 4 5 3
M[54] : 3 2 0 2 5 2 2 3 3 4 6 6 1 4 1 3 6 7 2 5 2 4 5 6 3 3 5 3 4 4 5 6 3 4 2 4 5 3 6 3 7 2 5 3 3 4 3 7 5 4 4 3 6 6 3 2 5 6 3 5 3 4 5
M[55] : 4 6 3 5 4 2 5 2 3 0 2 2 2 4 6 7 2 3 3 2 5 4 2 4 2 5 3 2 3 3 5 4 4 5 3 1 8 2 4 3 2 2 3 5 4 2 6 1 5 4 3 4 3 5 4 4 5 5 3 5 7 5 1
M[56] : 2 6 3 6 1 2 4 4 3 3 3 5 0 4 5 3 3 6 6 6 5 6 2 4 5 3 6 3 2 4 5 5 3 4 4 5 5 5 2 6 6 4 4 6 3 5 3 4 3 5 3 2 4 5 4 3 5 3 4 4 2 2 5
M[57] : 4 3 4 4 2 4 3 4 4 3 3 5 1 3 3 6 3 5 1 5 3 4 1 5 5 4 3 5 0 4 5 3 4 3 3 3 4 4 6 6 4 4 7 3 6 4 3 3 2 3 4 6 4 3 3 2 6 3 4 2 4 3 4
M[58] : 4 2 2 3 0 7 2 5 6 4 4 4 2 4 7 2 4 6 6 3 1 3 6 4 6 3 6 2 3 4 6 5 2 1 3 2 5 5 3 5 4 3 5 4 5 4 6 5 4 4 3 4 6 4 3 2 3 3 4 5 3 4 5
M[59] : 7 4 3 5 7 4 5 6 3 2 3 7 1 6 5 4 4 3 3 4 3 5 3 5 2 3 7 1 4 5 4 3 7 3 1 5 4 6 5 3 2 4 0 5 1 5 4 5 7 4 2 3 5 3 8 5 4 4 5 3 2 4 3
M[60] : 1 1 6 2 5 3 6 3 3 6 2 4 3 5 6 4 7 0 3 5 4 6 3 4 5 6 4 6 3 4 3 4 3 5 2 3 5 6 3 3 4 4 5 3 3 2 6 3 4 5 5 5 2 4 5 4 5 6 4 4 4 5 2
M[61] : 4 4 4 2 2 6 5 3 5 4 5 3 3 4 5 3 3 1 3 4 4 4 5 5 5 6 3 5 4 3 2 5 3 3 4 5 5 2 0 6 3 6 5 4 3 5 3 2 3 7 4 7 5 5 3 4 4 4 4 3 4 5 4
M[62] : 4 1 4 3 5 6 5 3 4 6 4 5 3 2 4 2 4 1 4 4 5 4 4 5 3 2 5 2 5 4 2 6 4 5 5 3 5 2 1 3 6 4 5 5 4 4 7 4 3 6 2 3 5 4 2 2 6 4 0 2 4 5 3
M[63] : 5 4 4 3 4 2 6 3 6 4 4 2 4 2 3 6 4 1 4 2 6 5 3 5 2 5 5 5 5 3 4 3 5 4 2 4 4 4 6 5 4 4 5 4 5 5 5 5 4 0 6 0 3 5 4 4 5 3 3 4 3 5 2
M[64] : 4 5 4 3 5 5 4 3 4 4 3 5 4 5 3 5 4 6 4 5 3 3 6 5 3 5 7 2 4 7 2 0 6 6 5 4 2 6 4 5 4 4 4 4 4 5 3 4 5 3 3 5 4 6 4 5 6 4 4 5 4 7 5
M[65] : 6 3 3 3 3 3 4 4 4 5 5 4 6 5 5 3 5 4 3 4 5 3 3 3 5 2 7 5 6 4 5 6 6 4 2 5 3 3 5 5 4 2 5 3 5 2 4 3 5 4 4 6 3 0 5 4 5 6 8 5 2 2 4
M[66] : 4 3 2 4 5 7 6 4 3 7 4 3 4 5 3 6 5 3 1 4 3 4 4 5 2 4 5 7 4 2 4 4 4 5 2 0 5 4 4 3 6 3 2 1 5 3 5 4 4 4 5 5 4 5 5 5 4 7 5 3 4 3 7
M[67] : 7 3 3 1 4 4 2 7 7 5 2 4 4 3 5 3 3 2 5 3 5 3 4 4 2 2 3 4 4 4 5 6 4 4 3 3 2 4 5 3 4 4 4 3 5 5 6 5 6 4 3 6 3 0 1 5 4 2 3 4 2 4 6
M[68] : 2 4 4 4 2 6 5 6 4 3 3 6 4 3 4 3 4 5 3 6 4 4 3 4 5 4 4 4 5 2 4 4 4 5 5 3 5 4 0 4 4 5 3 4 3 5 4 4 3 4 3 6 4 4 5 1 3 3 3 4 4 4 4
M[69] : 4 5 2 4 5 6 5 7 1 4 1 3 4 1 3 5 5 4 6 3 3 5 2 4 5 4 2 3 4 7 6 4 2 7 6 5 4 2 5 5 6 2 3 3 3 4 4 4 4 4 4 0 2 4 4 4 4 4 5 4 3 5 7
M[70] : 5 7 3 5 3 4 4 4 5 3 6 3 3 4 4 3 4 3 2 4 5 6 3 6 6 4 4 2 5 0 4 4 3 5 7 5 7 4 3 4 4 1 6 5 5 7 3 6 4 3 5 6 3 3 3 5 6 4 3 3 3 2 5
M[71] : 5 4 5 4 3 1 2 4 4 3 3 5 4 4 0 2 3 3 5 3 5 5 4 2 3 2 4 5 3 3 7 6 6 2 3 6 5 6 3 5 2 6 6 3 1 2 4 6 0 5 4 3 6 5 5 4 3 4 4 3 4 5 3
M[72] : 5 5 2 2 5 4 6 3 4 4 3 4 2 2 2 4 3 4 2 4 2 3 5 4 4 7 2 2 1 2 4 5 4 5 0 3 3 3 3 3 6 6 2 5 7 5 5 8 5 2 6 6 4 2 7 5 5 6 2 5 2 2 2
M[73] : 3 4 2 4 4 3 3 6 4 7 5 6 2 5 2 4 4 5 3 5 3 4 3 3 2 3 5 2 8 2 0 6 5 4 7 4 3 5 5 3 5 3 4 5 5 4 5 2 5 4 4 5 4 4 4 3 4 4 1 4 2 3 4
M[74] : 5 4 4 5 5 5 6 5 5 0 4 5 4 4 4 3 6 3 4 4 4 4 4 2 3 4 2 2 3 6 3 3 3 4 3 4 6 5 1 3 3 1 3 3 7 5 5 3 4 5 1 3 3 5 2 5 2 6 4 5 5 4 2
M[75] : 4 2 2 2 6 3 3 3 6 5 3 5 4 5 4 5 4 3 6 5 4 2 3 3 4 8 4 4 2 4 5 4 3 4 3 6 6 5 4 4 3 7 7 2 4 6 0 7 4 7 2 4 5 2 5 4 4 4 3 4 5 4 5
M[76] : 4 4 3 2 4 4 4 4 4 4 1 6 2 5 3 2 4 2 5 4 6 2 6 4 5 5 3 4 0 3 3 7 5 3 4 4 5 4 3 3 3 4 5 2 6 3 0 4 4 7 7 5 4 3 4 3 4 3 6 4 5 4 3
M[77] : 5 4 1 2 6 5 6 4 4 5 3 5 6 4 7 4 5 3 3 4 3 3 5 3 5 6 5 5 4 4 5 3 5 3 4 2 6 3 6 3 6 7 5 3 6 5 3 4 5 0 4 1 3 3 4 5 3 4 3 4 3 3 3
M[78] : 3 3 3 5 3 6 3 3 3 5 2 1 3 6 4 3 5 5 5 7 3 6 4 6 7 5 2 0 5 2 2 2 6 3 3 6 3 7 4 2 3 3 3 2 4 6 2 4 4 5 4 2 4 3 6 3 3 4 3 2 5 1 2
M[79] : 3 4 2 4 4 5 3 4 8 3 2 3 4 2 6 5 0 6 1 4 4 4 5 5 8 4 5 7 3 4 3 3 5 6 5 5 3 2 1 4 5 6 3 3 4 6 6 2 5 4 3 6 6 3 3 3 5 2 6 5 3 2 4
M[80] : 5 4 5 3 6 5 3 5 5 6 6 4 2 4 4 5 8 7 4 6 2 6 3 6 5 6 3 2 4 1 2 2 4 4 3 7 3 3 5 4 6 5 2 3 3 4 0 7 6 5 3 2 5 5 7 4 1 3 6 3 3 4 3
M[81] : 4 1 4 3 4 3 4 4 7 3 4 3 5 1 0 5 5 7 4 4 6 5 3 3 5 2 6 6 3 6 5 4 4 3 4 3 7 4 3 3 6 3 7 5 4 3 5 5 3 6 6 3 2 3 5 3 3 2 5 1 4 5 5
M[82] : 2 6 4 3 4 4 7 5 5 2 0 4 3 0 4 3 3 6 6 5 3 4 5 2 4 4 3 3 6 7 5 6 5 3 3 3 2 4 2 4 5 5 3 4 4 5 2 2 5 3 2 4 2 4 5 4 3 3 4 7 6 5 4
M[83] : 6 5 3 1 7 4 2 5 4 3 6 4 4 3 4 5 5 5 5 4 3 4 6 4 5 1 3 7 7 5 4 3 2 5 6 4 3 4 3 5 6 4 0 4 3 5 3 5 4 5 2 6 3 6 4 3 5 4 3 4 4 6 4
M[84] : 4 5 3 3 4 6 3 4 3 3 4 1 6 3 6 5 6 4 6 5 4 4 1 5 4 5 0 3 5 5 5 5 4 8 4 3 4 2 4 6 3 6 3 5 5 4 4 5 4 5 4 4 4 8 6 4 1 4 4 5 4 4 4
M[85] : 6 6 4 6 5 6 7 5 4 1 5 5 4 5 3 2 4 4 5 4 4 5 4 1 6 6 1 4 3 3 4 4 4 5 4 4 5 7 3 5 5 0 1 4 4 6 6 3 4 3 5 6 5 7 3 5 6 5 5 3 6 3 6
M[86] : 3 4 6 3 5 5 4 4 7 0 4 4 3 6 3 3 5 3 3 4 1 5 3 3 5 3 2 5 6 4 5 6 6 3 6 6 2 2 3 5 6 7 5 2 6 4 4 3 2 4 4 3 3 4 4 4 3 5 4 3 5 6 2
M[87] : 2 3 4 2 5 1 3 4 3 4 3 3 3 5 2 6 5 6 4 6 3 5 5 5 4 4 3 3 5 4 4 6 4 3 3 5 4 5 0 4 5 4 2 4 3 5 4 3 4 5 3 1 4 1 3 6 2 3 7 6 0 5 5
M[88] : 6 2 4 1 6 8 3 3 3 4 4 3 3 4 6 5 2 6 5 4 4 2 1 5 5 5 6 5 4 1 5 2 6 5 3 3 4 4 3 5 2 3 3 6 1 5 7 5 2 0 4 2 5 4 7 5 5 5 4 8 2 4 5
M[89] : 5 5 2 3 4 5 6 5 4 5 4 4 4 6 0 2 4 5 5 6 1 5 2 4 6 5 3 6 3 4 3 4 3 4 2 4 4 4 3 1 3 3 2 7 6 7 6 5 3 7 1 3 5 4 4 4 4 3 3 5 6 6 7
M[90] : 3 6 6 5 2 2 3 6 5 3 3 6 2 6 5 3 4 6 5 4 5 4 5 5 5 6 4 0 2 5 4 6 5 6 1 4 3 3 5 3 4 6 3 5 4 6 4 3 4 6 4 7 6 4 6 3 4 3 3 5 4 5 1
M[91] : 4 4 2 3 3 4 3 4 5 3 6 4 1 3 5 6 5 2 4 4 6 4 2 5 5 3 3 3 1 3 5 3 2 3 5 5 4 2 5 3 5 7 0 4 4 4 3 5 3 3 2 2 6 5 4 0 3 1 2 5 1 2 4
M[92] : 2 4 4 3 5 4 6 2 5 5 5 8 4 4 3 4 4 4 4 2 2 4 7 4 6 7 5 3 4 4 4 7 4 2 4 7 3 2 2 4 6 0 3 3 2 5 0 4 3 3 5 3 4 6 3 2 4 6 3 5 3 5 2
M[93] : 4 6 5 2 6 5 4 3 2 4 2 2 3 5 5 3 5 5 2 4 5 5 2 4 0 5 2 5 3 4 0 5 2 3 5 2 3 5 4 5 5 4 4 4 4 4 2 4 3 3 4 3 5 2 2 5 4 5 2 4 6 5 5
M[94] : 5 3 5 4 2 4 5 6 2 3 2 5 6 3 5 2 5 5 4 5 2 4 2 5 4 5 3 3 4 6 1 2 3 2 5 5 5 3 4 2 5 6 5 5 5 6 1 2 4 3 0 5 4 2 3 1 5 4 4 3 4 4 5
M[95] : 6 4 5 5 4 3 3 5 4 5 4 3 3 3 5 2 5 2 3 3 4 4 4 5 4 4 5 6 2 6 2 5 4 4 4 2 6 4 6 4 4 6 5 6 7 4 3 4 5 6 4 4 4 2 0 3 4 4 4 4 3 5 4
M[96] : 3 6 4 1 5 5 3 6 5 6 4 4 2 6 4 5 4 3 3 4 4 1 6 4 5 1 4 4 6 4 4 5 6 4 5 3 2 3 5 5 6 4 2 5 2 3 5 4 4 5 3 4 3 4 4 2 4 3 0 5 6 3 6
M[97] : 6 4 5 3 3 3 5 4 6 4 3 4 5 3 4 3 3 5 3 4 3 6 4 4 3 4 5 4 3 4 2 7 4 0 2 5 5 4 2 3 2 4 2 4 3 2 7 3 3 4 3 3 3 3 5 3 4 3 5 6 3 3 3
M[98] : 6 5 4 4 6 2 2 5 6 4 3 5 0 5 5 6 1 4 5 4 3 4 5 3 3 7 6 5 4 3 1 4 5 3 2 4 2 5 5 6 5 3 4 5 5 4 4 6 4 5 3 5 5 4 5 5 4 7 4 5 1 5 1
M[99] : 2 2 3 5 4 3 4 7 6 4 3 6 5 3 3 5 4 3 2 6 3 1 2 5 5 4 4 2 6 5 2 6 5 3 2 5 4 5 3 0 4 2 3 3 5 3 5 4 4 5 3 6 3 6 6 5 2 7 4 4 6 5 2
M[100] : 4 3 3 3 3 8 2 4 6 4 5 3 3 3 4 6 6 6 5 4 4 2 3 5 4 6 3 3 4 5 6 4 7 3 2 3 5 4 6 5 4 6 4 4 3 6 7 3 4 3 3 2 0 4 4 5 2 4 3 5 3 5 3
M[101] : 4 5 3 1 5 4 4 4 4 2 3 5 5 4 2 3 3 3 5 5 4 3 5 5 2 4 4 6 5 4 4 7 3 6 5 4 1 4 3 6 5 5 4 3 3 6 3 3 5 2 4 3 0 2 5 5 2 2 3 4 5 5 4
M[102] : 3 6 4 3 5 5 7 4 6 4 5 3 3 5 4 5 5 0 6 6 3 4 3 4 4 1 5 6 4 5 3 4 3 5 4 4 6 4 8 1 3 5 2 6 5 6 3 5 1 3 2 4 6 4 6 5 2 4 5 2 2 2 3
M[103] : 4 3 4 3 1 3 3 4 3 6 3 6 3 6 4 6 4 4 5 5 3 4 5 1 2 2 5 4 5 5 4 5 6 3 0 4 3 3 4 3 2 4 3 3 3 4 5 5 3 6 4 3 4 4 4 5 6 4 5 2 4 2 5
M[104] : 3 4 3 3 6 3 4 6 2 6 4 2 3 3 5 3 4 3 5 3 4 5 5 4 6 2 3 3 2 6 5 5 2 5 6 3 4 6 4 5 5 6 3 5 5 3 0 5 2 5 4 5 5 5 4 6 4 5 4 5 3 4 6
M[105] : 5 6 4 5 5 3 5 6 6 4 3 3 2 5 5 3 6 2 3 2 6 3 5 1 3 6 7 4 5 5 2 7 4 4 4 6 4 5 5 2 5 5 5 4 3 5 4 4 4 5 5 3 4 4 5 5 6 4 4 4 4 4 0
M[106] : 6 5 4 4 3 4 3 6 2 4 6 4 4 4 6 4 4 1 0 7 2 4 3 4 3 5 5 3 6 6 6 5 5 3 3 3 6 5 3 4 2 3 4 3 3 2 6 1 5 2 2 4 5 5 6 3 2 4 2 3 3 4 6
M[107] : 4 2 2 2 4 2 4 3 0 2 5 2 5 6 6 4 3 2 3 3 5 3 6 5 2 4 3 6 4 6 4 2 3 6 2 6 5 0 5 4 1 4 5 4 3 1 4 6 6 6 6 5 4 1 5 6 4 2 6 4 4 6 4
M[108] : 0 5 5 3 6 2 4 4 4 4 6 3 4 4 2 3 5 4 4 1 2 2 2 4 4 5 5 2 3 2 3 5 4 3 3 4 3 1 5 5 7 4 2 6 4 5 4 2 5 5 3 8 6 5 3 3 6 4 1 4 3 4 7
M[109] : 3 4 3 3 5 2 3 4 5 4 5 6 3 6 4 0 3 4 5 3 4 5 4 3 3 3 4 3 4 4 3 7 6 5 3 6 5 5 3 5 2 3 3 6 3 5 4 6 3 4 2 4 3 4 3 4 5 2 5 3 6 2 3
M[110] : 6 6 5 4 0 4 3 3 5 2 4 7 2 4 5 6 2 5 6 6 2 5 4 3 7 5 5 2 1 4 6 4 4 2 6 5 5 3 5 3 2 6 4 1 5 4 4 6 2 7 3 4 1 4 4 5 5 7 3 4 6 3 4
M[111] : 5 3 4 6 5 3 3 5 3 5 5 2 4 5 3 5 4 3 6 6 5 5 2 5 3 5 6 2 5 5 4 2 4 3 7 5 5 2 3 4 3 7 6 6 5 4 2 5 5 3 3 2 2 0 3 6 6 4 4 4 3 2 6
M[112] : 4 5 6 6 3 3 3 4 4 0 4 4 4 5 4 6 1 6 4 4 4 5 4 4 3 3 4 2 3 4 4 4 3 6 3 5 5 3 4 3 6 3 3 4 4 4 6 4 4 3 3 5 6 3 5 6 4 5 5 3 3 4 4
M[113] : 5 5 2 3 4 5 5 4 4 4 5 4 4 4 4 5 7 4 2 1 3 4 5 3 2 7 3 7 6 2 4 5 4 4 5 3 5 3 3 2 4 3 4 2 4 7 5 3 5 4 2 2 6 3 4 2 5 4 5 3 0 6 5
M[114] : 2 4 3 4 4 5 0 2 5 4 2 6 2 2 5 6 6 7 3 4 6 2 5 4 3 4 5 2 3 4 3 5 6 4 3 3 3 3 5 4 3 5 4 6 3 4 3 4 6 1 6 3 5 4 5 4 5 3 2 5 3 4 5
M[115] : 3 0 3 3 2 3 0 4 6 7 4 2 3 2 4 4 5 4 7 6 5 4 4 4 6 2 5 3 3 6 3 1 4 4 5 6 4 2 3 3 5 4 6 5 3 4 6 5 6 3 3 3 7 4 3 4 6 2 4 2 3 5 5
M[116] : 6 5 1 5 4 3 4 4 4 5 6 6 6 1 4 3 3 4 5 2 4 7 5 2 5 4 1 5 4 6 5 5 5 5 3 4 5 3 4 3 2 4 5 1 4 4 7 4 5 4 0 4 4 3 5 6 1 5 2 0 3 3 7
M[117] : 2 3 5 4 5 4 5 3 4 5 6 3 4 4 5 5 5 4 4 5 2 4 6 5 3 3 3 5 4 3 5 0 7 1 5 5 4 5 8 5 4 6 5 5 5 4 2 4 6 1 2 3 3 3 4 4 3 3 6 2 3 3 6
M[118] : 4 1 4 5 4 2 5 5 5 7 6 7 3 0 4 1 4 5 5 4 3 2 5 5 4 5 2 4 4 4 6 8 2 3 3 2 6 4 5 3 4 4 5 5 4 3 4 2 3 6 3 2 5 4 5 4 2 4 2 2 5 5 5
M[119] : 7 3 5 5 4 4 3 4 4 2 3 1 6 3 4 5 0 4 5 4 4 5 3 2 4 3 5 5 2 6 0 5 6 5 4 7 5 5 3 4 6 4 8 2 7 5 3 4 2 5 3 4 7 5 3 5 3 3 3 3 5 4 7
M[120] : 3 5 5 4 5 5 5 1 2 5 3 3 3 4 2 3 5 1 6 4 4 3 3 3 5 2 5 4 3 5 5 5 3 5 6 6 2 6 5 5 4 4 6 3 4 4 3 4 6 5 5 4 1 0 4 5 4 3 2 5 3 3 3
M[121] : 5 4 3 5 6 5 6 4 4 3 2 4 5 4 4 5 4 3 4 5 3 2 4 3 6 3 2 4 4 6 3 6 5 4 6 3 4 4 3 2 4 4 4 4 4 3 4 1 2 4 1 7 2 1 6 5 3 5 5 0 4 5 3
M[122] : 2 4 4 3 4 5 3 3 6 4 6 5 3 6 4 6 5 2 3 4 2 3 4 5 5 4 4 5 7 7 3 6 5 6 3 3 3 7 4 5 5 5 4 6 5 4 4 2 7 3 3 3 6 1 2 6 5 3 4 6 2 0 3
M[123] : 3 5 3 6 4 6 5 4 3 3 3 4 3 4 8 5 5 2 6 3 3 4 5 3 5 0 3 5 5 4 5 3 3 4 3 2 4 5 4 6 4 7 5 3 4 2 4 3 2 5 4 3 7 5 5 2 3 5 2 4 3 2 8
M[124] : 4 4 4 4 4 0 4 4 5 4 6 5 2 4 2 5 7 4 2 3 3 4 2 4 5 6 4 4 5 5 3 6 5 6 4 4 3 5 4 4 4 4 4 4 5 4 4 3 3 2 5 5 3 3 3 5 4 3 6 6 6 2 7
M[125] : 3 1 4 4 6 6 5 2 3 5 5 4 5 6 3 3 6 3 7 0 3 5 4 6 4 2 4 2 5 4 6 5 6 5 4 3 6 5 3 5 2 4 6 3 2 4 6 3 5 3 4 1 3 4 5 7 3 4 4 3 3 3 4
M[126] : 2 4 4 5 3 5 6 3 5 5 4 5 6 3 5 3 5 4 4 2 4 4 3 2 5 5 3 2 3 4 4 4 1 3 4 6 2 5 3 4 3 3 0 3 5 5 3 5 5 1 5 4 5 6 4 3 3 5 4 3 7 3 5
M[127] : 5 2 6 5 4 6 4 6 4 4 6 2 6 2 1 4 3 3 4 5 2 5 5 3 5 5 4 4 1 5 7 4 5 6 4 5 3 5 2 5 2 3 4 6 4 3 3 6 0 5 4 5 5 5 4 2 6 2 4 2 5 4 3
M[128] : 3 4 4 4 0 4 5 0 4 4 4 1 1 6 3 3 5 3 4 4 5 6 6 4 3 3 3 4 4 5 6 7 2 6 4 5 4 6 2 4 4 5 3 5 5 4 3 2 3 3 5 5 6 3 6 5 5 3 4 3 3 5 7
M[129] : 7 4 1 6 3 4 0 6 3 3 4 5 3 6 5 4 6 3 1 3 4 6 5 4 6 5 2 1 2 2 1 5 4 4 3 5 5 6 5 4 2 4 5 6 2 5 4 4 3 3 3 5 4 4 4 4 5 4 4 7 5 5 4
M[130] : 4 6 6 5 7 5 3 5 7 4 4 3 3 4 4 6 2 3 3 4 3 5 3 2 4 2 7 2 4 5 1 2 3 4 2 7 5 4 4 1 4 1 4 0 3 4 4 5 5 4 4 4 3 3 4 5 3 1 5 5 5 5 3
M[131] : 5 4 6 4 3 5 4 4 2 4 6 4 3 0 3 4 2 4 5 3 7 6 5 4 5 2 2 3 5 5 4 7 5 3 6 4 4 6 5 4 6 5 3 3 5 4 4 8 4 6 2 6 5 4 2 3 0 4 5 5 5 6 5
M[132] : 0 5 3 3 7 7 6 4 4 6 5 4 2 6 3 6 4 4 2 3 5 6 5 3 3 3 4 5 6 5 4 4 4 5 4 3 4 0 6 5 4 5 3 5 4 5 4 4 6 6 3 5 2 4 3 2 4 4 1 6 2 5 5
M[133] : 6 5 4 4 4 4 5 4 5 5 5 5 7 2 6 2 3 5 3 2 4 5 4 6 3 5 3 2 4 5 4 4 4 5 4 4 5 0 4 3 4 5 7 3 4 4 3 5 6 4 3 3 4 1 5 3 3 4 4 4 4 2 3
M[134] : 3 2 5 2 3 6 2 4 2 3 7 4 4 3 5 4 4 2 6 4 5 2 5 3 3 6 3 4 4 5 5 3 2 3 2 4 5 5 4 5 4 5 5 3 0 1 7 6 2 4 2 5 5 1 4 4 5 5 3 5 6 4 4
M[135] : 5 4 3 4 4 3 4 4 6 6 6 5 0 4 7 3 5 2 5 3 5 5 5 4 6 4 6 3 3 2 5 5 4 5 6 2 7 5 3 6 6 2 4 5 3 5 3 2 6 5 5 6 3 7 4 5 5 4 5 4 5 6 3
M[136] : 5 4 4 2 6 4 4 5 5 4 5 4 4 2 6 4 5 4 3 5 5 5 3 3 4 2 4 4 4 4 5 4 3 3 2 4 4 3 4 5 5 3 4 2 0 5 5 3 5 5 3 3 5 4 3 4 4 2 5 4 4 2 3
M[137] : 5 4 5 5 2 5 5 4 6 4 6 3 4 6 5 3 5 4 5 4 5 4 5 5 5 6 4 4 5 6 2 6 4 4 4 5 6 3 3 6 4 6 4 4 4 3 3 6 4 4 6 3 3 3 5 5 2 5 4 3 3 3 0
M[138] : 4 5 2 7 7 5 5 2 4 4 4 4 6 0 2 7 4 6 4 4 6 3 2 2 5 2 5 4 5 5 6 4 5 6 4 3 6 4 4 5 3 4 4 4 1 4 3 6 5 4 5 3 3 4 5 5 4 5 2 3 4 5 5
M[139] : 3 7 3 2 4 3 3 3 6 4 3 2 3 6 6 3 3 4 3 4 5 7 5 2 3 3 6 2 5 4 4 3 6 4 2 5 5 5 6 5 4 3 3 4 5 2 3 3 5 5 4 3 2 5 2 2 6 5 5 4 0 3 2
M[140] : 5 6 7 2 6 4 2 4 3 6 0 2 2 5 4 3 2 3 6 5 5 2 2 1 2 7 4 4 4 6 3 7 5 5 6 2 6 5 4 4 4 7 4 2 3 6 6 4 6 6 6 3 4 4 3 5 5 4 5 7 5 3 4
M[141] : 3 6 5 4 0 4 5 4 6 4 5 5 5 6 7 4 5 4 3 4 2 3 6 2 5 5 4 7 3 2 4 6 3 4 6 3 3 3 5 5 2 4 6 4 4 3 5 3 4 5 3 2 5 4 4 0 6 3 6 4 5 4 2
M[142] : 5 1 5 3 4 3 3 2 3 0 3 7 2 4 4 4 3 4 2 6 5 3 5 3 4 5 3 6 4 4 3 4 5 5 3 7 7 3 5 5 2 3 2 4 4 5 2 8 8 4 5 6 3 5 6 3 6 3 4 5 4 4 1
M[143] : 3 4 5 5 5 6 7 2 4 2 4 6 5 4 3 5 5 3 3 2 4 4 3 5 3 4 1 3 3 5 7 2 6 5 5 2 4 4 4 4 3 6 4 3 3 2 5 2 4 3 3 6 5 6 2 5 0 4 3 3 2 5 3
M[144] : 3 7 1 1 2 6 6 5 4 3 4 2 3 4 6 3 2 7 3 6 4 5 5 5 6 6 4 3 3 5 1 4 6 3 4 3 3 4 2 3 6 4 3 1 4 5 3 5 5 2 2 5 4 3 4 3 0 6 1 4 3 3 2
M[145] : 4 3 3 2 5 6 6 4 4 5 3 5 4 3 3 6 4 4 6 6 3 6 5 3 2 4 5 3 5 4 4 4 6 5 7 4 5 5 4 5 7 3 4 2 4 5 2 4 0 3 3 3 6 3 3 3 3 3 4 5 4 3 5
M[146] : 5 4 4 5 4 3 7 0 5 3 6 2 6 7 4 5 5 2 3 4 2 3 3 7 5 5 3 2 2 3 1 4 4 4 4 3 3 5 5 5 6 4 4 2 6 6 5 3 4 4 5 4 3 5 4 8 3 3 7 1 5 3 4
M[147] : 4 3 6 5 4 3 4 5 2 5 6 4 3 4 4 4 5 5 5 3 3 3 1 4 5 4 5 3 4 2 5 4 3 4 1 2 4 3 2 5 0 4 2 3 5 3 4 4 5 5 4 4 3 4 4 6 5 3 4 7 4 2 3
M[148] : 4 4 2 3 5 5 0 2 3 2 5 2 4 4 6 4 4 0 3 4 4 1 5 3 5 3 3 5 4 2 3 6 1 5 2 2 4 7 1 6 5 3 4 4 5 5 2 5 4 2 6 3 6 4 2 1 4 8 2 3 4 0 3
M[149] : 4 0 2 4 4 1 6 4 4 3 4 4 4 3 3 4 4 5 7 3 3 4 1 3 5 3 5 4 5 6 3 6 3 3 5 4 2 5 3 4 6 2 5 7 3 4 4 3 3 4 2 6 4 4 1 4 3 7 5 4 6 5 2
M[150] : 3 2 0 5 3 4 3 3 3 4 4 6 3 4 3 3 3 3 3 5 5 8 5 4 4 3 5 4 5 3 3 4 4 6 3 5 4 3 5 6 2 4 4 5 4 5 3 5 6 2 4 3 5 5 3 5 6 2 4 4 4 6 3
M[151] : 3 4 5 3 5 5 3 4 6 6 3 4 0 3 5 2 5 5 2 2 4 4 4 6 4 5 7 4 3 4 6 6 6 4 4 4 6 2 4 4 4 6 2 2 0 3 2 2 4 7 3 3 5 5 6 3 7 5 4 0 3 2 3
M[152] : 5 3 7 5 3 4 4 6 2 4 3 5 3 4 5 5 5 5 4 5 3 0 5 6 3 5 4 6 4 2 3 4 4 6 5 5 4 2 3 3 4 7 3 5 6 4 5 3 4 4 5 5 2 3 4 3 6 5 4 7 3 5 5
M[153] : 2 4 4 4 5 4 3 5 0 1 3 4 4 4 2 5 1 8 2 0 2 6 2 3 5 4 4 3 6 5 4 3 6 4 5 7 4 5 7 3 5 3 4 3 6 3 4 5 2 5 2 3 3 5 5 5 3 5 3 7 4 2 4
M[154] : 3 6 3 4 7 5 4 5 3 6 5 4 3 5 4 2 2 5 2 5 5 7 2 4 0 2 5 5 4 4 4 4 4 7 4 3 2 3 6 5 2 6 2 4 7 2 3 4 2 4 2 4 5 3 5 3 4 3 6 5 3 3 2
M[155] : 4 5 4 5 6 5 6 0 5 4 4 7 5 3 5 5 1 6 4 6 6 4 3 5 6 5 4 6 4 4 5 7 5 6 3 1 4 4 7 4 5 5 5 3 4 5 3 4 4 5 6 4 3 6 2 2 4 4 4 2 3 4 6
M[156] : 4 4 3 2 4 5 5 4 5 5 6 1 4 5 5 4 5 3 3 3 3 4 2 3 5 3 4 4 6 4 4 6 0 5 4 4 3 4 3 7 2 6 2 2 5 4 6 4 3 4 3 3 5 3 3 4 6 4 4 3 4 4 1
M[157] : 4 2 2 4 4 5 7 4 4 4 6 4 2 6 4 5 3 3 4 4 5 2 4 3 5 5 5 5 6 7 1 4 2 0 4 4 6 3 5 6 4 4 7 5 5 5 5 7 5 3 6 3 2 3 4 2 4 4 4 4 4 4 3
M[158] : 3 3 5 4 3 0 2 5 4 4 3 4 3 3 5 2 2 5 3 2 5 4 2 7 4 2 4 5 4 4 5 3 2 5 8 5 3 3 5 4 5 5 7 2 5 4 4 5 2 4 2 5 6 5 2 3 3 4 7 4 7 5 4
M[159] : 6 6 3 4 3 4 5 2 4 5 0 0 4 4 4 5 3 3 7 2 3 3 3 7 4 4 5 3 3 5 3 2 4 4 2 5 5 3 4 4 4 8 7 3 8 4 3 2 3 5 2 1 4 5 6 5 5 3 4 5 3 4 3
M[160] : 4 2 3 4 5 5 0 4 5 4 7 0 5 5 5 4 7 5 4 8 2 3 4 5 4 5 5 4 3 6 5 5 2 2 4 5 4 6 3 4 5 5 4 4 2 4 4 3 4 6 5 5 3 2 5 6 6 6 4 4 5 4 5
M[161] : 4 2 4 5 5 2 4 5 5 5 5 3 2 1 2 4 3 3 4 3 4 4 3 2 6 4 4 5 4 5 2 5 7 4 5 4 3 5 0 2 4 3 5 5 4 3 3 4 5 4 4 3 3 5 4 5 6 4 5 5 5 4 3
M[162] : 2 1 7 3 4 3 4 3 3 5 3 0 3 6 5 4 5 4 4 3 3 4 4 4 5 2 3 3 8 5 4 5 2 6 3 2 2 5 4 5 4 2 4 6 4 3 5 3 5 5 3 3 4 3 3 3 7 4 5 4 4 5 7
M[163] : 6 4 2 2 3 5 2 4 4 4 5 3 3 4 3 4 4 3 0 3 6 4 4 6 1 4 4 4 5 3 2 4 3 3 3 2 6 1 4 4 4 4 3 4 4 4 4 4 1 3 5 6 3 3 3 3 6 3 6 6 4 4 5
M[164] : 4 7 2 3 4 4 4 5 2 5 6 5 3 4 6 1 3 3 5 5 5 3 4 3 3 4 4 2 4 2 3 5 0 2 4 4 4 3 4 4 4 5 3 5 4 5 3 2 3 7 2 4 4 5 4 4 4 2 4 4 3 5 3
M[165] : 4 4 1 2 2 6 2 5 2 4 6 4 6 1 4 5 5 4 1 5 3 5 5 2 4 3 5 4 5 2 4 4 6 4 5 5 4 4 4 4 2 4 3 5 5 0 5 2 3 4 3 3 4 3 3 7 3 4 4 4 2 4 2
M[166] : 7 6 3 6 4 6 5 6 4 4 4 2 2 3 5 6 3 4 7 2 5 4 2 5 4 2 6 5 6 5 5 2 3 4 6 5 4 4 3 5 4 4 5 3 5 3 5 0 4 4 6 0 4 6 5 3 5 5 3 3 5 3 5
M[167] : 4 3 0 4 5 4 4 8 3 2 4 6 4 1 4 3 3 4 4 7 4 4 5 5 3 5 4 5 4 5 4 2 2 4 3 3 3 2 1 6 4 6 4 7 6 3 0 5 5 2 4 4 2 2 4 4 5 4 5 2 4 6 2
M[168] : 2 8 3 3 6 3 3 7 4 2 6 2 6 6 5 3 6 4 0 3 4 3 4 1 4 6 3 4 3 2 3 3 3 2 4 3 5 3 4 5 5 4 4 5 1 1 6 3 4 6 5 5 4 2 6 3 3 6 3 4 3 3 2
M[169] : 4 7 5 2 4 2 3 4 6 6 5 4 1 5 4 4 5 4 6 5 5 3 6 5 6 5 6 5 4 7 6 3 8 3 3 5 1 3 5 3 6 5 5 4 5 6 3 3 5 5 2 6 0 4 5 2 2 3 2 4 5 3 5
M[170] : 4 3 4 5 4 4 2 4 6 6 2 5 5 6 3 4 5 6 3 4 5 5 6 4 5 7 5 3 4 4 6 4 4 1 3 2 3 3 4 3 4 5 5 3 4 3 3 2 1 2 4 4 4 4 4 2 1 5 5 4 2 0 5
M[171] : 3 3 2 5 3 5 4 5 6 5 3 1 3 4 6 5 5 3 3 3 3 6 3 2 2 4 3 4 3 6 4 5 4 3 5 3 4 3 4 6 5 2 3 1 1 5 5 4 4 4 2 4 6 3 6 0 4 2 5 0 5 4 5
M[172] : 5 5 4 5 4 2 3 3 4 5 2 3 5 5 5 5 3 5 4 2 5 5 4 6 7 5 2 6 4 5 5 3 4 4 4 6 2 4 4 5 4 3 5 3 4 3 4 4 4 5 1 4 3 7 3 2 0 4 1 4 7 4 3
M[173] : 5 4 6 5 3 5 5 5 5 6 4 2 4 2 3 5 3 5 4 4 4 2 4 6 3 6 4 1 5 5 4 4 3 6 4 1 5 1 3 3 4 4 6 6 5 5 5 3 4 4 2 4 4 5 6 4 5 6 4 6 0 4 6
M[174] : 5 3 6 1 4 3 5 2 4 4 5 4 3 5 4 6 4 3 5 6 5 4 5 3 4 4 3 4 3 5 4 5 4 2 6 3 4 5 0 4 3 5 5 4 4 2 1 1 3 4 5 3 5 5 4 3 5 5 4 3 4 5 6
M[175] : 5 3 2 2 3 7 3 3 6 6 2 4 3 2 4 3 3 6 5 3 5 4 2 3 3 2 4 5 4 5 4 6 3 6 6 1 6 2 5 0 5 6 5 5 6 5 3 5 5 5 3 5 5 4 6 5 2 1 5 1 3 2 2
M[176] : 3 2 1 3 5 4 3 5 1 3 4 4 5 6 3 5 7 4 3 1 1 4 6 4 3 0 3 2 6 3 4 5 5 3 5 6 5 5 4 2 6 4 4 4 5 3 7 3 4 4 4 2 4 3 4 5 6 4 5 5 6 4 4
M[177] : 3 6 0 3 5 6 5 2 3 4 2 4 5 3 5 5 2 7 4 5 1 4 6 5 5 6 3 5 4 5 3 6 7 4 3 3 1 5 3 5 6 7 4 3 5 4 3 2 3 2 3 3 4 6 5 5 3 3 5 5 3 7 4
M[178] : 2 4 4 2 3 0 6 4 4 4 3 4 2 4 4 3 4 5 5 4 4 6 6 3 5 6 5 5 5 4 3 5 6 7 5 4 4 3 4 3 6 3 3 2 4 4 2 4 6 6 4 4 3 4 4 4 4 4 5 5 4 5 2
M[179] : 3 3 5 2 4 6 5 5 5 5 7 4 3 4 3 2 6 4 3 5 5 5 4 4 5 5 2 6 4 3 5 3 6 1 3 7 4 3 3 4 4 6 2 5 4 3 5 5 4 6 4 4 6 5 3 4 3 4 1 0 6 5 6
M[180] : 5 5 5 2 4 3 1 3 4 2 4 3 2 5 6 5 5 2 4 5 3 3 5 4 5 5 5 0 4 4 4 2 4 4 2 4 4 5 3 6 4 2 4 5 6 3 5 1 4 2 4 5 4 5 5 3 3 2 2 4 4 6 5
M[181] : 6 4 3 6 3 2 5 2 4 3 5 5 3 5 5 7 4 4 3 3 4 5 4 2 4 4 4 6 4 5 4 5 5 1 4 2 5 4 4 4 7 6 3 0 4 4 4 5 1 3 5 2 2 5 7 4 3 5 3 6 4 6 4
M[182] : 5 5 1 6 4 4 4 4 6 6 6 5 4 2 6 3 0 5 3 5 8 7 7 5 4 6 6 4 3 5 5 5 2 2 4 6 5 4 4 5 3 4 3 3 4 5 4 4 4 6 4 4 3 3 4 2 1 3 5 8 3 3 5
M[183] : 4 4 5 2 6 5 3 5 3 5 3 3 4 5 5 4 4 3 4 5 4 5 2 4 4 4 4 2 5 1 1 3 4 1 4 3 0 4 2 4 4 3 3 5 2 7 3 4 3 2 3 3 5 5 5 6 5 4 2 5 7 3 5
M[184] : 5 3 4 6 4 4 6 5 3 3 4 4 3 3 5 2 4 2 4 5 0 4 2 3 4 2 3 4 6 4 4 3 4 4 3 2 5 5 3 3 2 2 5 5 4 1 6 4 7 3 3 5 6 5 5 7 4 3 3 3 2 4 5
M[185] : 4 4 3 5 6 5 5 4 7 2 4 6 3 5 6 5 5 4 4 3 0 4 5 5 4 4 2 3 5 2 5 5 4 6 1 5 5 3 3 4 4 4 4 5 4 4 3 7 3 5 2 3 4 1 3 5 5 3 1 3 5 3 4
M[186] : 2 4 4 4 5 4 4 5 5 5 3 4 3 0 3 3 5 4 6 3 3 4 7 4 4 2 4 5 3 7 3 6 5 3 5 6 3 7 6 5 4 5 4 3 3 3 5 7 3 6 3 6 5 3 4 4 2 5 4 0 2 3 4
M[187] : 3 3 2 3 5 4 5 3 8 3 7 5 1 4 7 5 4 2 4 3 1 2 5 7 6 6 6 5 3 0 3 5 4 3 4 4 4 5 4 4 2 4 3 4 5 3 5 3 2 4 5 6 2 4 4 3 3 4 3 4 3 6 4
M[188] : 1 5 4 2 3 6 4 3 2 5 4 6 4 1 4 2 7 4 4 3 6 5 5 4 0 4 5 5 3 3 3 1 4 2 2 5 3 2 5 6 3 4 3 5 3 6 4 7 7 2 4 1 5 5 3 5 6 4 5 3 5 4 3
M[189] : 6 2 4 3 4 7 4 5 2 1 4 2 2 5 3 3 6 3 4 5 3 5 5 4 6 5 5 2 5 4 4 5 5 4 5 1 3 5 7 2 3 0 4 2 3 2 4 4 2 5 5 4 4 3 6 4 3 1 3 5 3 3 2
M[190] : 1 6 4 3 5 5 6 5 5 4 3 5 5 3 5 3 4 5 4 3 4 2 4 5 2 5 4 4 3 2 6 6 6 4 4 5 4 4 5 4 2 6 5 7 5 4 3 1 3 5 7 6 4 4 6 5 4 6 5 5 5 0 3
M[191] : 1 6 6 3 3 4 3 6 3 5 4 3 5 4 6 1 5 5 5 5 4 6 3 3 1 3 5 5 5 5 7 3 3 5 5 6 0 1 4 6 3 4 5 4 3 2 5 5 5 3 2 6 2 1 4 1 4 2 3 6 6 3 5
M[192] : 4 2 5 2 4 2 4 6 3 2 4 5 4 4 4 4 7 4 4 3 5 4 1 4 4 3 5 7 4 7 6 6 4 2 4 0 3 5 3 3 3 4 4 3 4 6 7 5 7 5 4 8 4 2 2 5 6 3 7 4 3 3 3
M[193] : 4 5 5 1 3 5 3 4 5 4 4 2 3 3 6 3 3 6 6 6 5 3 3 2 5 4 6 4 0 5 5 6 5 5 7 5 2 6 2 4 4 6 5 4 2 5 5 4 2 4 5 3 5 5 4 5 4 3 4 5 3 3 3
M[194] : 1 4 4 6 4 5 3 2 5 6 5 3 5 5 6 2 4 4 6 7 6 5 3 4 5 7 4 5 5 4 5 4 3 3 3 4 3 0 4 3 3 6 2 5 6 5 3 2 2 5 4 4 4 3 3 5 7 6 4 5 3 1 3
M[195] : 4 2 6 3 6 3 2 4 5 6 5 5 1 4 3 4 6 5 2 5 5 0 5 2 3 5 2 4 4 5 2 4 4 3 3 2 3 6 4 3 5 5 2 4 3 4 4 4 6 3 5 5 5 0 3 6 5 2 2 4 2 4 5
M[196] : 3 2 2 2 5 2 3 3 2 4 6 2 4 3 2 4 4 5 4 3 5 4 8 5 3 5 3 3 3 6 2 4 4 4 3 4 7 6 2 2 5 3 6 6 4 5 6 5 5 5 5 4 7 4 0 2 3 6 3 4 6 4 4
M[197] : 2 3 1 3 5 4 0 7 5 4 3 2 6 5 6 3 4 2 3 5 3 2 4 4 6 4 1 4 0 4 4 3 6 3 4 4 3 4 7 4 5 3 4 4 3 6 5 4 2 4 2 3 6 4 4 3 2 6 3 5 5 5 3
M[198] : 4 2 5 4 5 5 4 3 4 3 0 3 3 4 7 5 6 5 5 2 6 2 4 7 6 2 2 2 3 5 3 5 4 4 2 4 4 3 4 3 3 4 5 3 6 1 6 3 6 3 3 4 6 4 3 4 5 5 6 5 5 6 6
M[199] : 5 4 3 2 3 3 6 5 5 4 3 5 5 5 6 5 5 2 3 4 6 3 3 4 3 4 3 5 3 4 3 4 0 3 5 5 6 5 4 5 7 4 5 3 3 5 1 4 5 6 3 3 6 5 2 3 4 4 3 4 4 4 5
M[200] : 5 4 5 3 3 4 5 5 4 4 6 3 4 4 6 6 0 6 6 6 2 2 5 4 4 4 8 6 3 5 7 6 2 5 3 5 5 3 5 5 5 6 3 5 8 6 5 4 4 5 4 7 4 6 6 7 3 2 6 2 1 2 7
M[201] : 6 3 1 3 4 0 8 6 3 4 4 4 4 4 3 4 5 4 5 2 6 4 2 3 3 4 5 4 7 4 4 5 3 1 4 3 1 4 4 4 6 3 4 3 4 2 4 4 4 0 3 3 1 5 4 3 5 6 3 5 5 2 3
M[202] : 5 3 4 2 4 5 5 4 0 4 4 3 5 6 5 5 8 5 6 4 3 3 6 2 4 3 3 4 5 5 4 3 0 2 3 3 3 4 3 5 6 3 6 6 4 5 3 5 3 7 4 5 4 5 2 5 6 2 3 3 6 6 4
M[203] : 1 3 3 5 3 3 3 3 4 2 3 4 5 6 4 3 0 6 6 5 5 4 5 5 4 2 5 4 5 4 3 4 2 4 1 4 5 6 6 3 5 5 3 5 6 5 4 5 5 7 2 5 5 3 5 5 3 5 3 6 4 6 5
M[204] : 3 5 3 4 2 5 3 3 4 5 6 5 5 2 5 4 3 5 4 6 3 6 4 4 4 2 3 4 4 5 5 3 6 5 4 0 5 1 5 4 4 5 2 6 5 4 4 3 4 1 2 4 4 6 5 2 5 4 4 6 4 3 5
M[205] : 4 6 4 2 4 3 7 4 3 4 2 4 3 5 4 6 3 6 4 3 3 2 5 4 5 4 3 6 2 3 6 4 5 3 3 2 3 6 3 4 5 3 7 3 5 0 3 2 4 3 4 4 3 3 3 4 5 4 4 2 4 3 2
M[206] : 6 4 4 5 4 6 6 4 6 5 3 2 5 5 5 4 6 5 5 5 3 6 3 4 6 3 5 3 4 4 5 3 7 2 0 3 3 3 2 6 4 6 5 4 4 4 1 5 3 5 4 5 4 7 5 4 3 3 6 3 5 5 5
M[207] : 4 2 6 4 1 5 5 4 6 3 2 5 4 6 3 0 6 5 2 4 4 2 5 5 4 5 6 4 2 7 4 5 3 5 3 7 4 4 3 3 3 4 4 5 4 5 5 2 4 4 2 6 4 3 3 5 4 6 4 4 4 7 3
M[208] : 3 4 3 4 3 1 3 4 2 4 0 5 3 2 4 0 6 4 6 6 5 3 6 3 4 4 3 5 2 5 3 5 5 5 3 5 3 5 5 5 6 4 7 4 5 6 5 5 3 6 5 2 2 3 6 5 5 4 4 5 3 4 4
M[209] : 2 6 3 3 3 2 3 5 1 3 6 5 4 6 5 3 5 5 6 0 5 6 2 6 5 1 6 6 4 3 5 3 5 4 7 5 4 3 5 6 3 3 6 6 6 3 5 2 5 5 0 4 2 2 4 4 5 4 2 4 5 3 0
M[210] : 4 5 2 5 4 5 2 4 3 2 2 4 1 4 3 5 4 3 4 4 3 3 6 4 3 2 3 7 2 6 5 4 5 4 5 5 4 6 3 4 6 4 3 4 4 4 0 5 4 6 3 3 6 3 6 3 3 5 5 5 5 4 5
M[211] : 4 3 3 1 6 4 2 4 4 6 0 4 2 4 4 5 5 2 6 5 3 3 6 4 4 4 3 3 2 4 6 5 3 3 6 6 5 6 5 4 1 4 5 3 5 3 2 4 3 2 6 4 4 3 2 6 3 4 5 3 4 0 4
M[212] : 6 6 5 5 6 3 4 5 4 2 3 3 4 4 3 6 4 5 3 3 4 6 8 4 5 4 4 3 5 3 5 4 4 3 4 6 5 5 5 1 4 0 4 3 6 2 4 2 4 7 3 3 4 6 5 3 3 6 2 7 3 3 4
M[213] : 3 0 5 3 5 2 8 5 3 3 5 4 3 3 1 3 4 4 4 4 4 6 4 6 5 4 5 4 5 4 2 5 5 4 6 4 3 5 0 2 4 4 5 3 4 5 5 6 1 4 2 5 5 5 5 6 3 5 5 3 5 3 6
M[214] : 7 5 3 3 6 2 1 4 3 3 3 3 3 2 3 4 6 4 5 2 2 0 3 1 3 4 4 3 2 4 5 2 2 5 5 0 3 2 5 4 3 3 5 4 5 5 4 4 4 2 5 4 4 6 5 5 2 5 5 4 3 4 5
M[215] : 4 4 3 5 5 5 6 0 6 5 3 2 4 3 2 2 4 4 5 3 5 7 4 3 4 4 3 2 3 3 1 2 3 4 5 6 5 5 4 5 4 3 6 5 5 7 6 5 4 4 5 6 1 3 1 1 3 2 4 7 4 4 5
M[216] : 5 4 3 5 5 0 2 4 3 5 5 2 2 4 3 3 3 5 5 7 4 2 4 4 5 5 3 3 4 5 1 2 5 4 4 4 7 6 2 4 4 3 5 2 4 4 4 2 5 5 3 3 3 3 4 3 3 4 2 3 3 5 5
M[217] : 6 3 4 0 3 5 5 4 3 4 3 2 4 0 2 5 3 5 4 4 4 1 5 4 3 4 6 4 4 3 4 4 1 5 4 3 5 5 6 2 3 3 4 6 1 3 4 1 3 5 5 5 3 6 4 3 2 6 4 6 4 4 3
M[218] : 6 4 3 4 5 2 4 2 4 6 4 5 5 4 5 4 5 5 4 1 6 5 3 4 2 4 3 3 3 3 5 6 3 3 3 3 2 4 5 3 4 6 6 6 3 2 5 2 6 4 5 4 4 2 4 1 0 5 5 3 3 3 5
M[219] : 2 3 4 5 2 4 2 4 5 3 4 4 2 1 5 4 4 4 3 5 5 4 5 6 5 6 3 1 4 2 4 3 4 4 6 1 4 5 2 4 4 1 4 3 5 3 4 0 6 6 5 4 3 4 5 4 4 2 4 4 4 3 5
M[220] : 4 4 2 5 4 4 3 6 4 5 4 4 2 4 5 7 4 3 7 3 1 4 6 4 4 5 6 3 3 4 3 5 5 7 6 5 4 2 5 6 3 6 0 5 5 3 5 5 6 5 3 5 4 5 4 2 4 4 2 4 4 6 6
M[221] : 6 5 4 1 4 6 6 3 6 4 6 2 3 3 4 5 5 5 4 6 1 3 7 4 4 4 5 0 5 3 0 4 3 4 4 5 4 3 6 2 4 4 6 3 5 6 6 4 5 5 3 3 4 6 5 5 6 4 3 3 5 3 3
M[222] : 5 2 1 4 4 3 4 7 5 3 2 4 4 6 4 4 4 3 5 4 3 3 3 4 3 5 1 3 3 6 2 3 2 3 4 3 6 6 5 5 1 3 3 5 6 5 3 5 1 5 1 6 3 6 6 5 0 3 3 5 5 3 3
M[223] : 6 2 6 4 3 5 5 1 5 5 3 5 3 7 7 3 4 3 5 4 3 3 1 4 8 5 4 7 0 2 4 5 5 2 5 4 3 5 4 6 4 5 4 3 3 2 2 2 4 5 1 6 4 2 6 4 4 4 6 4 6 4 6
M[224] : 3 2 2 5 5 3 3 4 4 5 5 5 2 3 1 5 5 6 7 5 3 4 4 5 5 2 3 3 4 8 5 5 3 7 5 2 5 5 5 3 2 5 2 6 5 3 7 2 6 4 2 4 3 4 6 4 4 0 5 6 3 3 2
M[225] : 4 2 4 3 2 2 5 4 5 4 3 3 5 3 4 4 6 4 4 2 4 5 4 5 6 4 2 5 2 6 5 5 3 2 4 4 2 0 5 5 2 4 6 5 5 4 3 6 4 5 1 5 3 2 4 2 3 3 3 4 4 5 4
M[226] : 6 3 4 4 3 5 5 3 1 6 5 4 3 7 3 5 4 5 3 2 3 5 5 4 4 3 5 2 5 6 5 0 4 4 2 3 3 6 6 6 3 4 2 5 3 1 6 3 3 2 4 3 6 5 4 2 6 1 5 6 5 4 5
M[227] : 5 3 3 5 6 6 3 2 4 5 4 2 3 3 4 5 5 3 1 3 4 4 5 4 3 4 6 5 6 6 5 3 4 7 0 4 4 3 6 7 3 5 3 3 3 5 5 6 5 4 4 2 4 4 2 4 3 3 3 7 7 3 6
M[228] : 2 4 2 4 2 3 5 4 5 2 3 4 3 2 5 6 4 5 3 3 4 5 5 2 2 4 5 3 5 4 2 3 2 3 2 5 3 3 6 4 5 5 5 5 3 5 4 2 1 4 4 4 3 4 3 6 1 4 0 3 6 4 2
M[229] : 6 4 4 4 5 5 3 8 5 6 4 3 3 1 5 5 4 0 1 6 4 4 4 5 4 6 7 3 3 2 6 7 3 3 2 6 4 4 4 5 4 5 6 3 4 4 3 5 4 3 4 5 5 2 4 4 6 4 3 2 4 6 6
M[230] : 4 3 2 3 3 4 3 5 5 4 4 4 4 4 4 4 2 3 4 3 6 5 0 5 4 4 4 5 0 4 5 6 5 4 4 5 5 4 6 6 6 2 5 4 6 3 4 5 4 2 1 3 5 5 4 6 2 2 2 2 7 5 6
M[231] : 2 5 2 5 7 7 2 4 3 2 5 3 3 1 3 7 5 3 3 4 5 1 3 5 3 7 5 3 5 5 4 4 4 3 5 3 4 6 7 3 3 6 6 5 4 2 4 4 5 0 4 2 5 2 4 1 3 4 3 7 3 6 6
M[232] : 4 3 3 3 4 5 3 6 4 4 2 3 3 3 3 5 3 3 3 3 3 4 1 5 5 5 4 5 3 4 2 6 3 6 5 4 2 6 1 5 4 5 3 4 2 2 5 3 3 4 4 5 4 6 4 5 6 0 5 3 3 2 4
M[233] : 7 5 5 2 2 2 6 2 5 5 5 4 4 4 5 2 6 4 4 5 5 1 5 3 3 5 5 4 5 4 6 3 6 2 5 2 1 6 5 6 3 2 5 4 3 3 7 5 5 3 4 6 5 3 0 4 4 6 3 5 5 6 5
M[234] : 5 2 4 6 3 3 5 3 4 7 5 4 5 5 4 4 3 2 5 5 4 5 4 3 2 4 4 4 4 3 0 3 5 3 6 6 6 4 2 3 8 3 3 2 5 5 4 2 3 5 2 4 3 5 4 2 4 2 5 2 6 6 3
M[235] : 5 7 6 5 6 3 5 5 4 4 5 5 5 1 5 4 3 4 2 3 3 5 3 3 5 3 3 3 3 3 2 5 6 4 3 5 4 5 4 6 4 6 6 6 7 3 4 0 6 3 5 4 2 3 4 6 6 5 2 4 5 2 5
M[236] : 4 4 2 5 3 2 3 5 4 0 2 2 1 4 5 4 5 4 3 3 6 6 2 5 4 7 2 2 2 4 5 2 5 3 5 4 2 5 5 2 3 3 3 2 4 4 3 4 2 4 3 5 3 5 3 4 4 3 4 5 2 4 0
M[237] : 5 7 5 3 5 5 6 7 4 5 4 5 6 4 5 5 4 3 4 4 0 8 5 7 5 4 3 6 4 3 6 3 6 4 4 3 4 4 4 2 0 4 3 5 6 1 6 5 5 4 4 5 3 2 2 5 7 5 4 5 3 4 7
M[238] : 3 4 2 5 4 3 6 3 4 6 4 1 6 4 4 5 4 3 4 7 2 0 5 2 4 1 5 5 5 4 7 4 5 4 6 2 5 4 5 4 4 3 4 3 3 3 3 5 5 2 5 5 2 3 3 5 3 6 4 3 6 1 5
M[239] : 3 5 1 5 5 3 2 7 5 4 3 2 2 4 7 5 6 2 6 2 4 2 4 3 3 4 4 4 4 4 3 3 5 5 4 6 6 3 6 1 5 1 5 6 2 4 1 3 5 4 5 3 6 6 6 2 4 5 1 6 4 3 0
M[240] : 1 7 5 4 5 3 4 5 5 3 1 5 6 4 5 5 4 7 6 6 5 4 3 4 4 3 0 4 1 7 5 4 4 5 5 6 3 2 3 3 3 5 2 4 4 4 5 4 5 5 1 4 5 5 5 1 7 2 4 3 3 5 4
M[241] : 5 4 3 3 5 4 6 5 3 2 2 2 3 2 3 4 5 4 4 5 3 4 2 4 3 3 2 5 2 3 3 5 4 4 4 5 3 1 3 4 2 4 4 2 4 0 1 6 6 3 4 4 5 4 4 4 4 3 4 2 4 2 3
M[242] : 5 3 2 3 6 4 5 5 4 3 2 4 5 3 5 3 6 2 5 0 2 6 4 4 4 2 5 6 5 4 5 1 4 5 2 4 5 4 4 5 2 4 5 4 4 5 6 4 6 2 2 4 4 5 2 4 3 4 6 5 4 4 3
M[243] : 4 3 3 4 4 2 4 3 0 6 5 3 4 3 6 7 4 6 6 2 3 3 6 7 2 4 4 4 5 7 7 2 4 2 5 3 4 5 4 3 5 3 4 3 0 4 4 5 6 4 2 3 4 4 4 4 4 7 4 4 4 6 7
M[244] : 0 7 4 2 4 6 4 5 5 5 3 4 5 5 6 6 6 3 5 2 3 5 4 2 1 7 1 3 5 3 1 3 5 5 5 5 4 2 6 2 3 5 4 3 5 7 3 4 6 5 5 4 3 5 2 3 4 2 6 4 6 3 1
M[245] : 3 4 2 0 6 4 5 5 5 4 2 6 3 6 3 3 4 5 5 6 3 4 6 3 5 5 4 3 5 3 3 3 4 3 5 4 4 6 1 4 4 5 5 3 5 3 5 3 2 4 2 6 4 5 2 3 5 6 6 3 4 4 8
M[246] : 3 4 3 5 5 4 4 5 5 5 3 4 3 8 3 4 6 7 7 4 6 6 4 3 4 6 3 6 4 5 5 2 3 3 3 5 0 2 4 2 4 6 5 4 5 6 4 3 7 4 5 4 4 4 1 4 4 3 3 4 4 4 5
M[247] : 2 4 3 4 1 7 5 6 3 5 4 5 5 2 4 4 5 4 3 5 2 5 3 4 5 7 3 4 4 6 3 4 3 6 5 4 5 5 3 6 5 6 5 4 0 4 2 5 4 4 2 5 4 5 5 5 5 4 4 3 3 5 5
M[248] : 2 2 5 4 4 5 2 4 5 4 4 2 4 5 4 5 4 4 6 4 4 4 5 5 3 0 6 4 5 6 4 4 5 3 1 5 4 3 4 3 2 7 1 5 1 5 4 5 5 3 4 6 5 2 6 6 6 3 6 3 7 7 5
M[249] : 7 7 1 4 3 3 3 0 5 2 2 4 4 4 3 3 5 3 6 3 0 6 6 5 5 4 2 5 5 5 5 3 1 2 5 5 4 4 6 3 4 3 4 6 3 4 4 6 3 2 2 3 5 4 4 6 5 2 4 3 4 4 3
M[250] : 5 4 5 4 3 5 3 3 5 3 3 5 5 2 6 5 6 6 2 3 5 7 3 6 5 4 4 5 3 0 6 8 6 4 5 5 6 3 5 4 4 3 5 4 6 3 3 5 3 4 4 4 4 2 6 2 4 7 1 4 5 5 4
M[251] : 5 3 5 4 4 2 4 4 3 5 6 4 3 5 6 2 7 4 6 1 2 3 3 2 2 5 5 3 4 4 2 3 4 6 3 6 3 3 5 6 5 3 6 3 3 0 6 3 5 4 4 3 4 4 6 4 1 4 3 5 3 4 5
M[252] : 1 3 3 5 3 3 1 2 3 2 2 5 4 6 3 5 5 3 1 4 5 4 3 2 5 3 1 3 5 4 6 2 2 3 5 2 3 5 4 5 3 3 4 2 6 1 5 5 7 0 4 5 5 3 5 5 5 5 5 5 5 6 4
M[253] : 3 5 4 4 4 5 3 5 4 5 5 3 3 5 5 3 4 2 6 4 2 6 0 4 4 4 1 4 3 4 5 7 5 3 2 3 2 4 4 2 6 3 3 7 4 4 4 5 7 6 6 6 2 4 6 1 3 2 4 5 5 4 6
M[254] : 6 6 3 5 5 3 2 3 4 2 6 5 5 6 2 3 3 4 3 4 4 4 5 3 3 4 2 2 4 2 4 0 2 4 3 3 4 4 3 5 1 5 3 4 4 6 7 5 5 2 3 4 4 4 2 7 4 2 4 4 4 4 4
M[255] : 6 4 4 5 6 4 6 4 5 3 5 2 3 4 4 4 3 6 5 0 7 3 5 3 4 5 5 6 5 3 2 6 5 6 5 3 5 6 5 5 5 7 3 2 5 3 3 4 2 1 4 6 6 3 4 3 3 5 3 6 4 6 3
M[256] : 2 5 3 4 2 6 4 5 2 5 4 4 6 6 6 5 5 7 2 3 4 7 4 2 3 3 5 4 5 5 3 3 6 0 4 2 6 5 3 2 5 4 6 4 5 4 5 4 6 2 4 2 2 7 3 5 6 7 2 5 2 3 6
M[257] : 4 4 7 3 3 5 3 5 4 3 3 2 4 3 5 3 7 4 4 5 2 4 3 5 0 5 4 4 6 4 3 3 5 4 4 5 4 3 3 5 4 5 5 2 4 3 4 0 2 5 3 5 4 4 5 5 3 4 5 8 3 4 4
M[258] : 3 3 4 3 4 4 3 5 1 6 6 6 4 1 2 6 4 5 6 6 2 5 4 7 4 3 5 4 2 5 4 5 6 7 5 5 5 1 3 0 6 2 3 4 2 4 5 5 4 6 3 4 3 2 5 5 3 5 5 4 4 4 6
M[259] : 2 5 2 6 5 5 5 3 4 4 6 5 5 6 3 4 4 5 3 3 6 4 6 4 5 1 4 4 4 5 1 1 2 4 4 5 3 4 4 3 4 4 3 4 4 5 1 2 3 6 3 2 3 1 2 4 3 0 3 4 6 5 4
M[260] : 5 2 3 3 3 4 2 5 4 5 3 6 3 4 2 3 7 6 4 5 5 5 5 6 3 5 3 0 5 6 6 3 5 2 7 2 7 3 2 7 4 1 5 5 5 4 4 3 4 5 3 6 6 4 4 2 5 6 4 3 1 5 4
M[261] : 6 4 3 6 4 4 4 5 3 3 4 5 4 6 4 5 5 2 5 5 3 5 6 4 2 3 4 6 5 5 6 4 3 6 1 5 2 4 2 3 4 2 5 7 1 5 2 4 0 5 2 4 4 3 4 5 5 4 3 4 5 3 3
M[262] : 4 3 4 4 5 2 6 3 3 5 6 4 6 3 5 4 3 4 5 3 5 7 6 3 3 4 2 2 5 5 4 5 4 5 5 5 7 4 1 5 7 7 3 5 3 4 2 3 4 4 0 6 2 4 2 3 2 7 3 5 3 3 4
M[263] : 3 2 3 4 5 3 5 4 4 4 3 4 2 2 5 3 5 4 2 7 6 2 3 4 4 5 3 1 5 5 3 1 3 3 3 3 4 4 5 5 5 5 3 4 4 5 4 3 4 4 2 4 4 5 5 0 5 0 2 6 4 2 6
M[264] : 6 2 4 4 4 6 4 3 2 3 3 3 4 6 3 3 3 4 4 5 5 5 5 3 2 6 3 4 6 4 5 6 6 5 6 2 6 3 3 4 2 3 3 3 5 3 4 5 6 3 3 5 7 5 5 6 4 2 5 5 3 4 0
M[265] : 4 4 3 6 5 3 4 4 0 1 4 5 4 5 3 4 4 5 5 2 5 4 3 3 0 5 5 5 6 6 2 4 3 4 4 1 2 3 6 6 6 4 3 2 4 4 5 6 5 4 2 6 3 3 4 5 4 3 6 4 6 4 5
M[266] : 4 3 6 5 5 5 5 2 7 6 6 3 3 4 3 4 6 6 2 6 4 3 6 3 4 5 3 2 5 3 6 5 6 4 5 0 2 4 4 4 3 5 6 4 5 3 5 3 2 3 1 6 2 6 2 4 3 4 6 6 3 7 3
M[267] : 2 5 6 2 3 1 5 5 2 5 3 7 6 4 5 4 4 2 2 5 5 5 3 0 2 5 4 5 4 6 3 4 0 4 5 3 5 5 3 5 3 7 2 7 4 4 4 4 2 5 4 4 5 4 4 6 4 2 4 1 4 2 7
M[268] : 5 2 4 3 4 4 3 4 4 5 5 4 2 3 5 1 4 5 3 4 7 3 7 4 5 5 3 4 0 4 5 6 4 5 3 3 5 4 6 2 3 5 3 4 3 3 4 4 5 4 2 4 4 2 3 3 1 4 5 3 4 6 5
M[269] : 5 7 3 3 3 4 4 4 4 3 3 4 4 4 3 0 3 6 5 5 5 6 4 6 2 5 2 4 5 4 5 5 4 6 6 5 2 3 4 1 6 3 4 6 1 3 6 6 2 5 4 2 4 6 4 6 4 6 3 7 2 4 3
M[270] : 4 4 2 3 4 4 5 6 5 4 5 4 1 1 4 5 4 3 3 4 5 5 5 4 5 5 3 4 4 6 4 5 2 4 5 4 4 5 4 5 4 3 4 4 4 3 4 2 4 6 0 7 4 4 3 3 3 6 3 3 4 5 5
M[271] : 6 2 5 5 5 3 2 4 7 2 8 3 3 2 5 2 3 5 3 3 1 4 5 3 4 6 3 4 6 4 4 5 6 5 3 4 3 3 4 6 3 3 6 3 3 5 4 4 2 2 5 5 6 5 3 6 3 2 0 4 4 3 5
M[272] : 5 4 6 6 5 6 2 4 5 3 5 4 2 1 6 5 4 4 4 5 5 2 6 0 3 3 2 4 5 4 3 3 7 5 5 3 3 2 2 5 8 3 5 4 4 4 3 2 5 5 2 3 5 2 5 3 4 5 5 5 4 5 5
M[273] : 5 5 2 5 3 4 4 4 5 4 5 3 6 2 6 5 6 4 5 3 8 7 5 6 3 5 7 5 4 5 4 4 2 4 6 3 2 5 4 4 3 4 2 3 3 2 0 4 1 5 5 5 3 3 6 5 4 4 4 2 6 3 2
M[274] : 4 5 4 4 5 3 6 6 5 7 6 6 2 4 6 5 4 4 3 6 5 4 4 2 4 3 6 4 3 4 4 4 4 4 3 6 4 2 1 3 3 5 6 4 4 4 4 6 4 4 4 6 5 0 4 3 5 3 4 2 4 3 3
M[275] : 6 0 3 2 5 4 1 2 4 4 1 6 4 4 4 4 3 4 4 2 3 3 5 4 5 5 6 2 4 2 5 3 4 2 2 4 4 4 3 3 2 4 6 3 2 6 5 6 3 5 2 7 5 4 4 5 4 4 4 5 4 4 3
M[276] : 4 5 3 4 2 3 1 5 4 4 7 5 1 2 4 3 4 5 6 1 5 8 3 4 3 3 4 5 5 4 2 7 4 3 4 1 3 3 4 2 5 4 3 3 4 3 5 4 5 5 0 5 5 6 3 4 4 4 5 3 4 5 2
M[277] : 5 5 5 3 3 4 6 3 5 3 5 6 4 1 0 4 4 5 7 3 1 3 3 7 6 5 6 7 5 7 4 3 3 6 3 4 4 5 4 2 4 4 5 5 5 4 5 5 2 6 4 2 4 3 5 2 4 4 5 2 4 6 4
M[278] : 7 4 4 2 3 2 2 2 5 5 4 4 3 4 1 5 1 5 3 4 4 4 6 6 2 3 3 6 5 2 4 5 4 4 6 3 3 3 5 4 3 7 4 3 6 3 5 4 4 4 3 6 2 4 0 3 2 3 5 5 4 4 5
M[279] : 4 4 3 3 2 5 5 3 6 5 1 3 2 4 5 5 5 4 4 0 1 6 3 5 3 4 2 7 7 5 7 4 4 3 3 5 2 3 4 4 5 3 3 5 4 6 4 5 4 5 3 5 5 4 7 2 3 5 3 3 4 1 1
M[280] : 5 2 2 2 6 5 6 1 6 4 6 5 6 4 0 1 3 5 5 4 6 2 1 5 3 5 2 4 3 3 1 6 4 6 5 3 3 4 5 3 6 3 3 4 4 4 3 4 6 2 4 4 4 5 1 5 4 7 5 2 7 5 4
M[281] : 5 2 3 2 1 3 7 3 7 3 4 5 0 1 3 4 6 6 2 4 4 2 5 5 4 2 4 6 7 5 4 6 4 5 6 7 4 4 6 2 6 2 4 3 6 2 4 4 5 4 3 2 3 4 4 3 4 5 6 3 4 6 6
M[282] : 2 3 3 2 4 7 5 4 4 5 4 2 3 3 2 3 4 5 4 4 2 5 5 5 5 5 5 3 6 4 6 3 2 4 3 4 5 2 4 5 5 0 7 4 5 5 2 3 5 3 3 0 5 3 1 6 3 2 4 4 5 5 4
M[283] : 5 3 4 2 0 4 6 4 3 6 6 2 4 5 4 4 5 6 6 2 5 6 3 5 2 3 4 1 7 6 4 3 6 3 5 4 4 5 3 4 7 2 5 4 5 4 4 4 6 4 4 5 4 4 6 4 5 7 3 4 3 5 4
M[284] : 6 6 5 2 4 3 5 5 4 4 5 4 5 3 2 5 5 2 4 2 4 0 2 2 7 2 6 3 3 4 6 2 3 5 2 6 4 4 2 3 3 6 5 2 5 4 3 2 4 1 5 5 4 8 5 4 4 3 3 5 4 4 4
M[285] : 5 1 2 3 5 2 0 3 5 6 2 3 3 3 3 4 2 5 2 4 5 3 2 4 2 6 4 4 3 5 3 2 6 5 5 5 4 4 3 7 4 7 5 6 4 5 5 4 5 5 4 6 2 5 3 4 6 4 5 4 6 3 2
M[286] : 4 1 4 2 7 2 4 4 4 6 5 5 3 4 5 5 2 2 2 5 3 5 3 2 3 3 6 4 3 7 5 4 4 5 5 4 5 4 2 6 4 6 4 4 3 4 3 4 0 5 3 5 3 5 5 3 5 5 4 6 4 7 2
M[287] : 3 6 4 4 3 3 5 5 3 2 3 5 2 6 4 3 7 0 3 5 4 7 2 4 3 5 5 6 5 7 5 2 5 7 4 2 4 3 3 3 6 4 2 5 3 7 5 2 4 5 3 4 6 3 4 3 4 3 3 4 5 3 4
M[288] : 2 5 3 3 4 4 5 4 4 3 6 5 2 4 5 4 4 2 0 8 4 4 2 6 4 5 4 4 5 3 6 3 3 3 5 4 3 4 7 4 3 7 3 2 6 4 4 3 6 4 3 5 4 6 1 4 4 3 3 5 3 7 4
M[289] : 7 0 3 4 6 3 3 3 3 3 4 5 4 2 2 2 2 5 4 4 2 5 7 5 5 4 6 4 1 5 5 5 6 3 4 4 4 2 2 5 3 3 4 4 5 6 4 6 3 2 3 6 6 5 4 2 3 4 4 4 5 1 6
M[290] : 0 2 3 4 3 3 5 3 2 4 5 5 5 4 5 3 5 3 7 4 4 6 1 3 5 4 5 5 2 2 1 6 2 3 2 2 6 1 3 2 7 4 4 5 4 4 6 2 4 4 4 5 4 4 5 3 5 2 4 6 5 4 6
M[291] : 1 6 3 4 4 1 4 4 4 5 2 4 3 5 3 4 4 3 6 5 4 7 3 3 4 5 5 4 4 6 0 4 4 5 7 7 3 4 5 4 5 4 4 4 5 2 2 2 6 4 4 8 5 4 2 3 3 3 5 5 4 4 3
M[292] : 2 4 3 3 3 5 3 5 2 4 5 0 4 6 5 2 2 4 4 5 4 3 5 4 4 4 2 5 3 5 3 3 2 4 3 5 4 4 3 5 5 4 3 3 4 5 5 5 6 4 3 2 3 3 3 2 4 4 3 4 2 4 3
M[293] : 6 5 3 3 3 5 4 3 2 3 4 4 6 8 3 3 4 5 4 6 1 1 3 4 5 5 5 2 4 4 1 5 2 6 4 5 6 3 5 4 6 1 1 4 4 3 1 4 4 6 2 4 4 5 5 3 3 4 3 0 6 7 5
M[294] : 6 2 4 4 6 3 5 6 3 3 2 4 3 5 5 4 3 2 6 2 2 4 3 2 4 5 5 3 5 6 5 5 4 4 0 5 4 4 6 4 4 3 5 4 3 4 5 2 5 5 3 3 4 3 3 4 4 4 2 4 3 5 6
M[295] : 5 7 3 3 5 2 6 6 4 2 6 5 4 4 6 3 4 3 4 3 1 4 6 3 0 6 3 4 6 6 4 3 6 3 4 5 4 4 5 3 3 5 4 3 2 4 4 3 1 3 7 3 4 6 4 5 3 5 7 3 5 3 4
M[296] : 5 4 2 4 2 2 4 4 2 0 4 6 4 4 3 5 4 7 5 4 6 5 3 2 6 4 6 4 3 6 6 7 3 5 2 4 3 0 4 4 1 5 5 3 7 4 6 3 7 5 5 5 4 6 5 4 4 2 5 5 3 3 5
M[297] : 3 4 3 5 2 5 3 7 4 4 5 3 4 5 3 3 3 2 4 6 3 5 5 7 0 4 4 3 6 6 5 3 2 3 7 3 4 5 4 7 6 4 3 6 5 4 5 4 2 5 4 6 4 5 5 1 4 7 4 4 4 5 3
M[298] : 6 2 4 4 3 4 3 4 6 4 4 4 5 5 4 5 3 5 4 3 6 4 5 2 2 1 4 3 6 4 3 3 6 5 3 3 0 6 3 4 3 6 3 2 6 3 5 5 4 4 3 6 3 5 4 3 4 4 4 4 2 4 5
M[299] : 5 0 4 4 5 6 2 6 2 4 4 2 6 3 4 3 5 5 2 2 6 2 5 5 5 1 5 5 3 2 2 5 4 5 3 4 5 3 3 4 5 5 4 3 5 3 2 7 2 2 5 5 4 0 5 6 4 3 5 4 6 4 6
M[300] : 0 4 4 2 6 2 3 5 8 6 4 2 3 5 6 4 4 3 4 4 6 3 4 1 5 3 6 3 6 5 4 4 4 5 5 4 4 6 3 5 7 4 5 5 5 4 5 2 6 5 4 7 2 4 6 5 4 3 3 5 4 4 6
M[301] : 2 6 6 3 4 3 4 3 2 0 7 6 2 5 4 5 3 6 5 4 5 6 5 4 5 3 6 4 5 3 6 2 8 5 6 5 4 6 4 5 5 3 3 5 4 5 5 4 4 1 5 4 6 4 3 3 5 3 3 4 3 4 6
M[302] : 3 6 4 3 3 5 4 7 6 2 3 3 2 7 2 6 5 3 5 3 4 3 4 2 6 3 4 6 3 5 4 2 5 2 2 4 5 3 6 4 0 4 5 6 6 4 6 5 2 3 5 5 5 3 1 3 3 4 4 5 4 4 5
M[303] : 5 3 5 5 3 0 4 5 3 3 2 3 1 4 5 2 4 3 5 5 4 2 6 5 4 3 4 5 5 5 4 4 3 4 5 1 5 4 6 5 5 5 7 4 5 3 4 3 4 3 3 5 4 3 1 3 5 6 4 5 3 4 3
M[304] : 3 4 3 5 0 4 5 5 4 5 5 3 4 2 2 5 4 5 4 5 5 3 3 4 3 4 4 2 5 5 3 5 5 3 3 3 4 3 4 3 2 4 4 2 4 4 5 3 2 4 2 1 5 6 4 1 2 6 7 5 5 2 4
M[305] : 5 6 2 4 4 6 4 5 3 4 4 6 3 3 4 4 3 3 3 4 0 4 4 3 5 4 3 4 6 3 2 5 4 4 2 3 4 0 3 3 3 5 5 5 2 5 5 6 4 6 2 3 3 5 3 6 6 3 3 4 3 4 4
M[306] : 3 3 3 5 2 4 3 4 5 5 3 8 3 2 2 6 7 4 2 2 3 2 4 6 4 4 5 3 3 5 2 4 8 4 2 7 5 5 5 2 6 0 3 2 7 5 6 3 6 4 4 3 4 6 6 2 7 2 4 3 2 5 3
M[307] : 2 6 2 5 3 4 5 5 4 4 3 5 5 4 5 3 5 5 1 4 4 5 5 5 4 3 5 5 4 5 4 2 4 3 3 5 2 5 4 4 2 6 4 4 2 0 4 5 4 2 5 4 4 5 4 5 4 4 6 2 5 5 5
M[308] : 3 4 4 4 3 4 4 3 4 6 4 3 3 4 2 4 6 5 3 5 0 4 4 2 5 3 4 4 2 5 4 2 5 2 3 6 5 4 3 4 3 3 4 7 2 5 2 4 4 5 3 5 6 3 6 2 4 6 3 4 6 4 2
M[309] : 6 5 3 2 2 6 2 6 3 6 4 4 2 3 8 5 4 6 4 5 3 4 2 2 4 5 5 3 2 0 2 3 5 5 5 4 4 4 4 4 4 5 3 4 4 3 7 5 5 3 3 4 3 5 3 4 3 4 6 3 4 3 5
M[310] : 3 5 1 2 4 1 3 2 0 4 5 5 4 6 4 5 5 4 4 2 6 3 2 7 3 5 2 5 7 5 2 1 4 6 3 5 3 6 6 3 5 4 6 3 4 2 5 4 2 5 3 4 5 4 3 8 2 4 6 3 5 5 3
M[311] : 4 4 3 3 4 6 7 6 3 5 3 4 5 4 6 2 1 3 8 2 4 6 2 3 3 1 3 4 4 3 3 6 4 3 5 3 4 3 0 6 5 4 4 5 4 4 3 2 3 3 4 2 3 5 4 3 5 4 5 5 5 4 6
M[312] : 6 5 3 4 5 6 4 3 3 4 3 4 4 4 5 8 6 4 5 4 4 5 4 3 4 4 4 3 2 1 5 6 4 3 5 3 3 3 5 2 6 4 7 3 3 4 3 6 2 6 4 3 3 4 6 4 4 0 3 4 4 4 2
M[313] : 4 3 4 4 1 6 7 5 3 6 5 3 5 4 5 3 5 4 5 0 5 3 3 7 2 3 6 7 2 2 5 5 5 6 5 3 5 3 3 4 4 4 2 2 5 3 3 6 3 4 3 4 5 2 1 3 3 4 3 4 3 5 4
M[314] : 4 4 4 3 4 6 5 2 4 5 3 5 4 5 4 4 4 4 3 7 3 5 5 5 5 5 6 3 6 4 6 7 0 4 5 7 5 2 5 3 4 3 6 5 5 5 2 5 5 4 4 1 3 2 4 4 5 4 4 3 3 3 3
M[315] : 4 4 5 5 6 4 6 3 2 2 3 5 2 7 3 4 3 3 4 5 5 5 1 6 5 3 3 5 3 4 7 6 3 5 3 4 6 4 3 2 3 4 4 3 2 3 0 2 5 3 4 5 5 1 4 5 4 4 6 3 0 2 4
M[316] : 3 4 5 4 3 4 6 4 1 3 4 4 5 4 5 4 5 5 4 4 3 4 3 3 8 5 4 4 3 3 3 5 2 3 6 4 4 2 5 0 6 5 6 5 4 3 5 4 3 5 4 5 4 5 5 3 5 3 5 4 3 4 3
M[317] : 3 4 3 1 4 6 5 4 2 6 4 3 3 4 3 4 5 4 5 5 5 3 3 3 4 5 2 3 4 3 4 3 3 3 4 4 4 5 3 5 7 3 4 4 4 4 2 3 3 3 3 4 2 4 5 0 2 4 6 5 5 5 2
M[318] : 2 4 6 4 3 2 7 4 4 4 3 4 4 1 2 3 4 3 5 4 4 5 0 2 3 6 2 5 4 2 4 6 4 4 6 2 3 5 5 4 3 5 1 3 2 2 5 5 6 2 3 1 5 5 2 6 6 5 6 4 1 4 4
M[319] : 2 2 6 3 4 3 3 2 3 5 3 4 2 3 1 6 4 5 3 0 3 3 7 3 5 3 5 3 2 6 4 5 3 4 6 4 3 1 4 3 5 2 4 4 4 2 4 3 5 4 2 5 4 7 4 5 3 2 4 5 4 5 5
M[320] : 6 2 4 3 3 3 6 3 3 6 4 5 4 4 3 6 5 3 7 4 6 3 4 1 4 3 6 3 2 4 6 4 1 1 1 3 1 5 4 4 4 6 3 3 4 7 4 4 3 3 4 2 5 4 3 3 5 5 3 0 6 4 6
M[321] : 3 5 3 5 5 5 5 2 6 5 6 6 0 5 2 6 4 5 3 4 7 5 0 5 2 4 3 5 3 2 4 4 3 4 6 3 3 3 4 2 3 3 4 4 6 7 5 4 5 3 3 4 5 4 4 4 3 4 5 5 3 5 5
M[322] : 4 4 6 3 3 5 7 2 6 4 5 5 4 5 5 5 4 3 3 5 4 3 4 4 3 4 6 4 4 5 3 5 4 4 5 4 5 7 3 5 7 3 5 6 4 6 2 3 2 0 5 4 5 5 4 1 5 5 4 5 3 2 5
M[323] : 4 2 5 4 3 4 5 5 5 4 3 6 3 5 6 2 7 6 5 2 5 5 5 6 3 5 5 4 6 4 4 3 1 3 5 3 3 5 3 4 4 4 5 6 3 3 5 5 0 5 5 4 1 6 5 5 4 3 3 2 5 5 3
M[324] : 4 2 3 3 2 4 3 3 5 3 2 4 0 1 4 6 6 8 5 4 2 1 5 0 4 4 4 3 4 5 3 4 4 2 3 3 3 4 3 6 3 6 4 2 4 3 6 5 2 3 7 3 2 6 3 4 4 2 3 7 4 5 3
M[325] : 3 5 3 4 5 1 6 6 3 3 6 5 3 2 7 7 4 3 3 3 3 6 5 4 6 6 6 3 4 3 1 5 5 3 5 3 2 5 4 3 5 4 5 2 4 6 3 3 4 7 6 4 0 5 5 5 6 5 4 5 6 6 5
M[326] : 6 3 2 4 5 3 4 4 3 3 5 3 5 5 3 2 0 3 5 6 4 3 5 7 5 8 4 3 1 5 3 4 4 1 6 5 2 3 4 2 4 5 3 5 4 3 6 3 3 4 5 3 1 4 5 6 5 5 3 4 4 7 3
M[327] : 2 4 5 3 5 4 3 7 2 4 5 5 3 2 2 6 2 2 4 4 5 0 5 4 2 5 6 2 3 5 5 4 2 4 6 7 6 4 4 4 3 4 6 3 1 5 5 4 5 4 5 4 3 3 3 5 7 2 5 3 5 4 7
M[328] : 5 6 5 3 4 5 5 4 3 3 5 4 3 6 3 4 4 5 5 4 5 3 3 4 6 2 5 5 5 7 6 3 4 5 3 5 5 4 0 4 5 6 3 7 2 1 3 3 4 7 1 6 5 4 7 5 4 5 3 4 6 4 0
M[329] : 4 6 4 3 3 4 4 4 4 6 4 4 3 6 1 6 4 6 3 6 7 3 2 4 4 6 6 2 4 3 7 1 4 4 5 3 5 4 3 3 5 2 6 4 3 3 4 3 7 3 3 0 3 6 5 5 7 3 5 5 4 4 4
M[330] : 5 3 0 3 6 4 3 3 3 5 6 4 2 3 3 8 4 5 7 3 2 7 4 4 4 5 0 3 6 2 4 2 6 3 5 4 5 2 6 2 4 4 5 4 5 4 3 3 4 4 3 3 3 3 4 1 5 4 2 3 5 5 1
M[331] : 5 3 2 3 2 3 6 3 7 5 5 6 3 4 6 6 4 4 4 3 6 1 3 4 7 3 3 1 3 4 5 5 2 5 4 5 5 2 1 4 5 2 6 5 5 4 5 0 4 5 2 3 3 5 4 3 5 5 2 6 3 3 5
M[332] : 6 3 4 2 3 1 3 4 8 7 5 3 4 2 4 6 5 4 4 4 6 6 5 3 5 3 3 3 4 6 3 3 5 7 5 3 4 3 3 4 4 2 5 4 4 5 5 4 2 4 5 4 6 2 5 0 3 3 2 5 4 5 3
M[333] : 3 5 3 4 4 2 4 5 5 3 3 3 5 3 6 5 4 4 4 5 3 2 1 3 4 3 5 1 5 5 6 4 4 4 5 3 4 3 3 6 4 1 2 0 1 5 3 3 3 5 3 2 2 2 4 2 5 4 3 3 4 4 2
M[334] : 5 5 4 2 3 4 0 4 5 5 5 4 3 5 7 6 2 4 3 4 5 2 4 3 5 5 2 3 4 2 3 4 3 4 4 3 4 4 7 2 6 5 4 3 3 4 2 5 4 3 2 6 6 4 5 3 4 3 4 6 4 4 3
M[335] : 6 3 6 5 4 3 3 4 1 3 6 6 1 2 5 5 5 6 0 5 4 4 6 5 3 5 5 6 5 3 6 3 4 6 5 5 4 2 4 4 4 5 5 4 5 3 5 3 6 3 2 6 7 4 6 7 5 4 3 3 6 4 5
M[336] : 6 6 2 5 6 2 6 2 3 3 4 3 4 3 4 3 5 6 5 5 4 4 4 4 1 3 0 6 4 4 5 5 3 3 5 5 5 3 4 4 4 3 4 4 6 3 5 1 6 6 2 4 4 3 3 1 2 2 5 4 4 4 3
M[337] : 3 3 3 5 5 5 2 5 4 3 3 3 5 4 6 4 5 3 2 4 4 5 5 5 5 3 5 5 4 4 5 5 3 2 0 4 5 2 6 3 3 3 3 3 6 4 7 6 4 5 2 5 5 6 4 4 4 4 5 4 2 5 3
M[338] : 2 2 5 5 5 6 1 3 2 5 4 6 3 3 5 5 5 5 6 5 5 4 5 5 3 3 5 3 3 2 3 3 3 0 4 4 4 5 4 5 6 5 5 5 5 4 4 5 2 3 2 3 4 2 5 3 5 4 5 3 5 3 3
M[339] : 5 4 3 4 6 2 1 5 4 5 2 4 3 4 4 4 5 4 2 4 3 3 2 5 3 3 4 4 4 4 2 2 3 6 4 5 4 6 4 6 4 5 7 3 3 1 6 0 4 5 4 4 4 4 6 3 3 6 3 4 4 3 5
M[340] : 4 6 4 4 3 4 6 3 4 2 5 5 3 3 3 2 3 4 4 4 3 2 3 5 5 4 5 4 4 5 2 3 2 4 5 2 4 0 4 5 3 3 4 5 3 5 6 4 3 4 4 3 5 5 5 5 3 4 6 3 0 5 3
M[341] : 3 4 3 3 5 4 4 6 5 1 3 5 5 3 7 2 5 4 4 2 5 6 4 6 5 5 2 6 3 1 4 5 3 5 7 3 4 5 2 5 5 6 4 4 4 2 4 4 3 4 4 4 4 5 6 6 2 3 5 4 6 6 0
M[342] : 4 6 2 2 3 7 5 4 4 4 4 2 5 3 4 5 5 7 1 5 5 5 5 3 5 5 7 6 3 4 3 3 4 0 5 5 2 4 5 4 5 5 4 4 3 6 3 6 2 1 5 2 3 4 1 7 5 2 3 2 5 3 6
M[343] : 5 5 3 5 4 5 1 2 5 4 4 5 4 6 5 5 4 3 4 5 7 7 3 4 3 3 1 6 4 5 3 4 3 5 4 4 5 7 3 5 5 6 4 6 4 3 3 6 4 6 2 5 3 2 3 3 5 4 4 0 4 6 4
M[344] : 4 4 2 1 5 5 5 4 6 7 4 2 5 4 3 2 3 5 3 4 2 6 6 4 3 4 4 3 4 5 0 4 2 1 4 3 5 7 5 5 4 4 5 4 2 4 4 5 5 3 2 6 5 3 4 3 3 3 5 4 4 4 4
M[345] : 5 3 5 3 4 0 5 4 4 5 2 4 5 5 6 7 4 3 3 4 6 2 3 3 7 4 3 4 4 6 4 3 2 3 5 6 5 5 3 4 6 5 2 3 6 3 5 3 5 4 2 2 4 4 3 3 5 4 2 3 3 5 4
M[346] : 6 3 3 4 5 1 4 2 5 2 0 4 3 1 5 4 3 5 8 4 2 5 2 3 5 4 3 5 1 4 3 3 4 5 1 5 4 2 3 2 5 2 2 3 5 2 2 4 4 4 6 3 4 4 6 5 2 3 5 4 4 3 4
M[347] : 5 5 2 1 6 4 2 5 2 4 3 6 2 4 6 2 8 4 4 4 4 4 3 4 4 5 4 4 7 4 6 5 6 3 4 5 4 4 2 2 5 7 2 5 0 4 3 6 2 6 3 4 3 4 3 2 5 3 1 6 5 3 4
M[348] : 4 6 1 5 5 3 4 4 7 6 5 4 4 3 0 3 4 4 3 3 4 5 2 4 2 4 6 2 5 6 4 7 4 5 5 3 3 3 4 3 2 4 4 2 6 6 4 5 6 5 3 6 2 7 4 5 4 5 6 4 4 2 3
M[349] : 0 3 4 4 7 3 4 4 3 3 3 3 4 4 7 7 5 6 6 7 2 5 3 2 3 5 5 3 5 3 5 0 6 3 6 2 4 6 4 4 3 3 6 6 5 3 2 5 2 3 6 3 4 5 4 4 4 6 3 3 4 8 3
M[350] : 4 5 4 5 3 6 6 4 4 3 3 6 7 3 1 3 2 2 3 2 4 3 2 4 5 3 6 4 4 3 4 3 3 5 4 4 3 6 2 0 3 3 5 4 3 4 3 2 5 4 5 4 5 4 3 6 6 2 4 2 4 4 4
M[351] : 3 4 4 3 2 2 5 4 3 3 2 4 4 5 3 3 4 5 3 4 3 6 4 5 4 2 4 3 4 6 4 3 1 1 3 4 6 3 4 4 7 5 5 2 4 3 1 1 2 2 3 0 4 4 6 6 8 1 2 4 2 4 2
M[352] : 6 4 4 5 4 5 3 3 5 6 2 2 4 4 4 5 6 5 3 7 5 2 3 3 5 3 0 4 3 7 5 4 6 4 4 6 4 6 3 4 3 4 5 5 4 5 6 4 5 4 2 4 5 6 4 3 2 4 5 4 4 2 4
M[353] : 5 4 4 6 5 4 5 6 7 1 6 4 4 6 6 3 6 3 6 5 5 4 4 3 2 5 5 6 3 4 4 4 3 3 3 3 6 6 4 5 4 3 3 3 6 5 3 5 4 4 1 0 5 4 7 5 3 4 1 3 1 4 4
M[354] : 4 3 3 0 2 3 2 6 3 5 2 3 3 3 4 7 4 6 4 5 5 4 7 4 4 6 3 3 3 4 5 5 5 5 3 4 3 5 5 4 3 5 3 6 4 2 4 3 3 5 5 4 5 5 4 3 6 7 3 4 8 5 3
M[355] : 4 2 1 5 5 4 6 5 3 4 6 2 3 5 3 4 4 4 5 6 0 5 5 4 7 5 5 5 6 3 2 4 5 4 4 2 4 2 4 4 4 4 4 3 1 2 6 2 4 2 4 2 5 1 3 5 5 5 5 6 0 4 5
M[356] : 4 1 4 0 4 6 5 4 4 5 4 5 3 4 4 5 5 4 3 5 3 5 5 6 5 4 5 5 4 2 2 3 2 4 5 4 2 1 1 5 4 4 2 6 3 4 5 6 4 3 4 4 1 2 5 4 2 5 3 4 3 5 5
M[357] : 2 4 3 4 2 3 3 4 5 5 4 3 4 4 3 6 5 3 2 3 3 7 5 3 7 4 6 0 6 5 5 4 4 5 5 5 2 5 8 5 4 4 3 2 1 5 4 3 2 3 3 1 5 2 5 4 1 3 5 5 5 3 7
M[358] : 6 4 5 3 5 8 3 6 2 3 3 5 6 6 4 4 4 6 4 2 2 3 4 6 2 6 4 4 3 5 5 3 2 3 6 3 5 3 6 3 0 6 5 5 6 3 6 4 2 5 3 5 4 3 4 4 5 3 4 3 3 4 5
M[359] : 4 6 2 4 4 7 6 5 4 4 4 4 4 2 7 1 6 6 3 3 3 4 4 5 3 0 3 6 3 4 3 3 5 4 5 4 3 3 4 4 4 4 4 2 6 3 6 5 5 6 5 4 5 2 5 3 4 4 2 0 7 2 6
M[360] : 5 4 4 3 4 4 2 7 4 3 4 4 3 4 3 4 5 2 4 5 5 5 3 3 1 4 4 2 4 3 3 3 7 4 4 0 6 4 4 6 4 3 6 3 5 4 3 4 7 1 4 3 4 3 2 2 4 1 5 7 3 6 2
M[361] : 3 3 2 5 5 4 3 5 2 5 6 0 2 3 6 0 5 4 3 6 5 6 3 8 5 5 6 4 4 4 3 5 4 5 3 3 4 5 6 4 5 3 6 6 5 2 5 3 4 4 4 6 6 2 4 3 3 4 6 6 3 2 5
M[362] : 7 6 5 4 0 3 3 4 6 4 4 4 2 6 5 6 4 4 2 4 2 4 6 5 4 4 5 3 2 5 3 5 5 3 4 7 3 5 5 3 6 5 5 6 3 6 7 4 4 4 2 6 3 7 6 5 4 3 2 3 5 4 5
M[363] : 4 3 2 2 4 0 4 5 3 4 3 5 5 4 5 0 2 5 5 5 6 1 6 3 3 6 3 3 4 5 6 4 6 5 5 5 3 5 4 3 5 2 3 3 5 4 5 4 6 3 2 2 4 3 5 5 4 7 5 3 6 5 1
M[364] : 7 5 4 1 5 5 2 3 3 4 3 3 4 3 5 2 5 4 5 4 3 4 4 6 4 2 5 3 3 6 5 4 3 5 5 5 2 4 5 5 3 3 3 5 5 3 6 2 6 0 2 4 6 4 5 6 3 3 5 6 5 6 4
M[365] : 5 7 3 3 6 3 4 4 4 2 5 3 5 4 4 3 6 3 5 6 4 4 0 4 4 6 0 5 3 2 4 3 4 4 3 6 4 4 1 3 2 4 6 4 5 6 3 1 5 3 2 4 5 2 6 4 2 4 5 2 3 6 4
M[366] : 5 3 3 6 3 3 6 5 1 6 7 7 3 3 5 4 3 4 1 5 5 3 6 6 4 4 5 5 3 4 4 4 4 2 4 8 5 6 4 5 6 2 5 4 0 6 4 4 1 0 4 3 4 6 5 5 2 3 4 3 5 4 4
M[367] : 4 4 1 5 7 4 4 4 0 6 2 3 3 5 5 3 5 5 3 3 3 3 3 4 2 4 3 3 3 6 6 5 5 3 2 5 5 6 1 5 4 4 3 3 3 4 3 4 8 1 3 4 5 6 5 4 5 5 7 5 3 5 3
M[368] : 4 6 5 4 2 6 2 4 5 3 4 5 6 7 4 1 5 3 1 3 2 4 5 4 5 4 3 4 4 3 4 6 4 4 4 5 6 3 5 4 4 4 3 1 3 3 4 2 6 5 5 3 5 0 3 2 5 5 5 3 4 1 3
M[369] : 3 4 4 3 5 5 5 4 4 1 8 5 5 5 6 3 2 4 0 3 6 3 8 4 6 4 7 1 2 2 5 5 5 4 4 2 4 4 5 4 5 3 6 5 5 2 4 7 2 3 5 4 3 4 3 4 4 6 6 3 3 3 6
M[370] : 5 3 3 1 2 2 3 4 2 3 4 5 1 4 5 3 5 3 4 5 3 5 2 4 5 5 0 5 4 4 7 4 3 5 5 4 6 4 5 6 5 4 4 3 5 2 2 4 5 3 3 5 6 4 5 4 1 2 3 3 4 5 5
M[371] : 5 5 2 5 2 1 4 4 4 3 4 4 5 7 0 4 4 3 2 4 4 3 6 4 5 3 2 6 6 4 4 3 5 6 4 2 3 6 4 0 2 4 4 3 6 4 4 6 3 2 2 4 3 4 5 4 6 4 4 6 6 2 6
M[372] : 0 4 2 5 4 6 6 4 3 5 5 4 4 1 5 2 4 3 5 4 5 4 6 5 3 3 3 6 3 7 2 5 5 3 3 4 6 5 3 4 3 4 4 4 3 4 4 5 3 4 2 1 4 4 5 3 5 5 5 6 5 1 2
M[373] : 5 4 4 2 3 5 4 5 3 2 5 5 5 5 5 6 4 5 5 3 6 5 4 1 2 6 5 4 5 6 4 2 4 5 3 2 0 3 4 6 4 6 3 3 5 2 3 5 4 6 5 5 3 5 2 4 2 5 3 3 4 3 4
M[374] : 6 4 5 2 2 5 4 3 4 3 5 3 5 2 5 4 2 4 4 5 4 6 2 3 4 6 3 3 7 6 4 4 3 5 4 5 1 4 2 6 0 3 2 5 5 4 4 4 3 5 6 5 5 2 6 5 5 7 6 4 3 5 2
M[375] : 6 2 5 3 5 4 3 5 4 4 5 4 1 3 4 5 0 5 5 2 4 4 2 3 4 3 4 5 3 4 5 5 4 3 7 4 4 3 2 3 1 6 5 2 1 4 3 6 6 3 5 3 4 7 5 3 3 6 5 4 2 3 5
M[376] : 3 4 3 1 4 5 2 3 2 4 5 3 5 5 6 5 1 5 5 2 3 2 4 3 4 3 6 4 1 6 5 5 5 5 3 6 4 0 3 4 6 2 3 4 2 4 4 5 4 4 5 2 5 5 5 4 2 0 2 5 5 5 3
M[377] : 3 4 2 5 4 3 2 5 4 3 3 4 4 0 3 4 2 3 4 5 3 6 4 4 3 6 5 2 5 3 3 4 6 6 7 3 5 4 3 6 6 4 4 4 6 4 5 3 3 3 1 3 3 4 4 3 5 3 5 4 6 5 5
M[378] : 4 2 2 4 3 5 4 6 3 3 5 2 6 3 5 5 6 5 3 4 3 5 3 3 6 4 0 4 5 4 3 3 6 6 6 3 5 7 6 3 4 4 6 6 3 7 1 3 4 3 2 4 5 4 3 2 1 5 6 5 4 6 3
M[379] : 4 4 4 3 3 6 4 6 5 4 4 2 2 3 5 4 4 4 1 5 6 4 3 4 5 4 6 3 5 3 4 5 5 5 5 3 5 4 4 3 0 5 3 6 4 2 3 2 3 5 2 6 5 5 5 4 2 4 7 2 3 2 4
M[380] : 3 5 2 3 4 3 4 3 5 1 5 5 4 4 4 6 6 4 5 4 4 3 4 5 5 6 2 4 5 3 2 4 4 5 3 4 3 2 5 5 4 0 4 4 4 4 4 4 4 3 5 5 8 5 3 4 4 3 3 5 4 5 3
M[381] : 4 6 3 3 4 3 3 4 2 4 2 4 4 5 6 6 4 4 4 2 4 5 5 2 4 5 3 7 0 4 4 4 4 6 2 3 4 2 3 6 7 5 2 0 5 4 3 6 7 2 3 3 4 5 2 4 4 6 4 4 3 5 5
M[382] : 3 1 6 4 4 4 4 2 3 3 4 5 2 2 1 3 2 5 5 5 3 5 3 4 4 4 5 6 4 3 4 3 3 5 1 4 4 4 4 5 4 4 2 4 6 3 4 5 5 4 5 5 2 6 3 5 0 2 3 3 6 1 5
M[383] : 4 5 5 5 4 5 5 2 6 3 6 4 1 4 4 3 3 2 5 3 4 5 5 7 4 5 1 5 3 6 5 4 2 3 2 3 3 3 4 7 2 4 6 3 5 4 4 5 6 5 3 3 4 4 4 6 4 5 3 5 0 4 3
M[384] : 4 4 3 4 2 6 4 3 5 3 3 5 3 4 3 5 1 6 6 4 0 6 5 4 5 3 7 2 7 3 2 2 3 3 1 3 3 4 3 2 4 5 4 5 4 1 4 6 2 4 5 5 4 4 6 5 5 7 3 3 3 2 7
M[385] : 4 5 4 2 4 4 3 5 6 2 6 5 4 3 5 5 4 2 0 5 6 2 8 5 5 1 6 4 4 5 5 6 3 5 3 3 6 6 6 3 3 4 4 6 2 4 3 3 5 4 5 6 5 3 3 2 4 3 5 4 4 4 6
M[386] : 3 2 2 0 2 2 3 6 6 3 3 2 4 4 6 4 5 4 4 5 5 4 2 6 3 4 4 4 3 3 4 5 4 4 7 4 4 6 5 2 3 6 6 4 2 4 2 6 4 1 2 4 5 4 2 0 5 3 3 3 2 4 3
M[387] : 3 8 6 5 4 4 4 1 5 3 6 3 4 5 6 6 3 3 4 6 5 6 3 3 4 5 3 4 6 6 3 3 3 5 4 3 3 4 5 3 5 3 0 4 4 4 3 6 2 4 2 4 3 4 3 4 4 3 6 2 4 4 3
M[388] : 2 4 3 3 3 4 5 7 5 1 4 2 4 5 4 5 4 5 4 3 4 4 6 4 2 3 5 4 5 2 4 7 3 4 2 5 4 0 4 5 6 2 5 4 4 1 5 3 5 2 1 2 4 3 6 3 4 3 1 6 2 4 5
M[389] : 6 3 3 3 3 2 6 3 3 5 5 4 2 4 3 6 5 5 3 4 3 5 3 2 3 3 7 2 6 3 5 2 3 2 3 5 3 3 5 4 3 2 3 5 4 3 3 5 2 7 3 2 5 5 5 3 6 4 5 0 5 4 5
M[390] : 4 4 2 3 4 5 4 2 3 4 6 2 4 4 4 4 4 3 3 3 5 5 4 4 4 3 6 5 5 5 5 5 1 3 5 5 5 5 6 3 2 4 3 3 4 4 3 5 0 4 4 5 6 5 6 5 6 4 4 4 4 3 4
M[391] : 3 2 4 5 2 3 1 4 3 2 1 4 3 2 6 4 5 4 3 3 5 0 3 0 5 4 3 5 4 4 6 5 4 4 3 4 5 5 7 3 3 5 6 5 4 3 3 1 5 5 4 2 3 5 4 6 3 3 2 3 4 3 6
M[392] : 3 4 3 4 5 5 4 5 5 3 6 5 4 4 4 4 5 3 3 5 2 2 3 6 4 4 5 0 7 2 5 3 5 4 3 3 4 5 3 5 6 0 2 6 4 3 3 5 3 3 3 3 3 6 3 4 5 3 3 5 5 6 3
M[393] : 6 4 3 2 3 3 4 4 4 3 2 3 3 2 4 3 5 3 1 5 4 3 2 6 3 4 6 4 5 5 4 6 5 5 3 2 7 7 4 4 3 4 3 3 4 0 5 4 3 2 4 2 6 6 5 5 4 4 4 4 8 6 5
M[394] : 7 2 5 3 3 4 6 4 4 4 5 5 5 4 1 4 4 4 6 4 5 4 0 5 2 4 3 4 0 2 5 1 4 4 7 4 2 4 3 5 1 7 3 1 4 4 5 6 4 4 5 4 4 2 4 4 3 3 3 6 5 6 2
M[395] : 0 4 4 3 1 4 5 5 4 5 4 5 3 4 2 3 5 5 2 4 2 3 3 2 3 5 2 5 3 6 6 5 5 3 5 3 3 4 4 2 3 3 7 4 3 7 2 3 3 6 3 5 5 4 5 3 4 3 3 4 3 3 4
M[396] : 5 1 4 3 5 4 5 1 7 5 2 4 5 7 3 0 5 4 6 2 3 6 6 4 3 3 6 3 1 6 6 4 3 2 4 4 4 4 4 3 3 4 3 5 3 6 4 4 4 4 4 5 5 4 4 6 5 8 5 5 4 4 5
M[397] : 4 3 2 3 5 3 1 4 4 6 3 2 4 3 1 6 3 5 6 5 3 2 4 2 3 6 6 6 4 3 5 6 6 2 6 6 5 2 3 5 3 6 4 2 4 2 5 4 5 5 2 3 0 3 5 6 3 6 6 2 5 3 5
M[398] : 5 3 6 3 2 5 4 5 4 3 6 4 3 4 3 3 4 4 5 2 5 3 5 4 6 6 4 3 4 6 4 2 4 3 3 4 3 5 5 3 5 5 7 6 3 5 3 6 5 4 1 4 3 1 6 4 3 1 4 6 3 0 1
M[399] : 4 3 4 2 3 4 4 4 5 5 2 4 3 4 6 2 4 4 5 4 6 4 6 2 3 0 4 6 5 5 4 3 4 5 4 5 2 4 5 3 5 6 4 5 7 3 5 3 3 4 5 5 3 5 4 6 5 3 4 5 4 6 3
M[400] : 5 1 5 4 4 3 2 1 3 5 5 6 4 5 6 3 4 3 5 6 4 3 5 5 5 6 5 4 6 2 3 1 4 4 4 3 2 5 2 7 6 3 1 6 0 4 3 5 4 3 6 6 5 5 3 2 5 2 3 5 4 5 6
M[401] : 4 4 4 5 4 2 4 4 5 5 4 5 1 4 6 0 5 4 4 5 5 6 3 3 2 5 5 4 4 4 5 5 3 3 5 2 5 6 3 5 3 0 6 3 2 4 5 4 2 5 6 3 7 4 5 2 3 3 5 4 3 6 4
M[402] : 0 5 4 6 3 3 5 6 3 5 5 5 6 4 4 3 4 5 6 4 3 5 1 4 3 3 3 6 2 5 3 2 3 7 5 4 5 3 3 3 6 3 5 4 4 5 6 0 5 1 1 4 2 3 4 3 7 4 4 5 2 6 2
M[403] : 3 5 4 2 5 5 3 4 4 3 6 5 4 4 2 3 2 4 5 3 3 4 0 3 6 6 5 7 4 1 3 5 5 6 3 3 7 4 5 3 4 4 5 4 4 2 6 3 3 3 3 4 7 3 5 1 5 4 1 2 5 6 4
M[404] : 4 4 3 4 5 6 5 4 4 5 5 2 6 5 2 3 4 4 4 3 2 4 4 5 4 2 4 7 6 3 5 2 5 3 5 4 5 3 3 4 5 4 4 4 3 5 4 4 4 3 3 4 3 4 0 7 3 3 3 1 3 4 4
M[405] : 4 4 3 4 4 2 5 5 3 1 4 5 1 4 2 7 4 4 5 3 5 4 2 6 5 0 1 5 5 4 4 3 2 4 4 2 4 4 2 2 4 5 6 5 6 6 4 5 5 5 4 4 7 3 4 3 6 3 5 4 2 5 6
M[406] : 5 2 3 6 4 1 4 5 4 5 6 3 5 6 4 5 5 6 5 2 6 5 3 3 2 4 3 6 3 3 5 5 2 3 4 3 3 4 5 4 5 3 6 0 7 2 2 4 6 7 0 5 3 3 5 3 4 4 5 7 2 4 3
M[407] : 1 5 2 5 5 3 3 2 3 5 3 4 4 3 3 0 5 6 4 4 5 5 4 5 3 4 3 3 6 5 4 4 4 4 6 2 4 3 4 6 7 3 6 3 3 4 3 6 7 3 3 4 6 2 3 5 3 5 3 3 5 5 3
M[408] : 7 3 4 1 5 4 3 3 4 5 3 0 3 5 4 5 2 2 4 4 6 3 3 5 3 2 2 6 5 2 2 5 6 2 6 3 3 3 4 5 4 3 1 5 3 3 6 4 4 2 6 3 4 2 3 4 4 4 5 6 5 4 1
M[409] : 4 5 4 3 4 7 6 4 2 6 5 4 5 3 7 3 4 5 4 5 6 1 5 6 3 5 4 5 3 8 4 3 4 3 3 4 0 5 7 5 7 4 5 3 5 4 4 4 2 4 4 4 4 5 6 4 5 5 6 4 5 7 4
M[410] : 4 5 3 5 2 3 4 4 5 5 3 5 5 7 4 5 6 4 7 4 2 4 4 4 4 6 4 3 4 5 4 3 2 0 4 5 5 5 3 4 4 4 4 3 1 3 4 5 2 4 4 6 4 3 3 4 2 8 5 4 6 5 5
M[411] : 3 4 4 2 5 3 3 4 4 5 5 4 4 5 2 7 4 3 5 5 5 3 5 4 4 4 3 2 5 7 0 6 2 4 1 5 4 5 2 4 5 5 4 3 7 3 5 4 6 4 2 2 3 4 5 7 5 1 6 2 4 3 4
M[412] : 5 2 4 5 1 5 5 4 2 4 4 3 4 3 5 5 3 4 3 4 4 4 3 4 3 4 5 7 4 3 2 3 0 3 4 3 2 4 4 1 3 4 3 3 5 7 3 5 2 0 4 4 4 6 5 2 5 3 7 2 4 8 4
M[413] : 4 3 1 1 5 4 8 5 5 4 5 2 2 5 1 6 5 3 4 5 1 7 5 5 4 5 4 3 4 5 4 3 3 5 4 6 6 6 4 2 6 6 3 2 4 4 5 5 6 6 3 4 4 3 1 2 2 7 6 0 5 3 5
M[414] : 2 4 3 3 4 6 2 0 0 2 5 5 2 5 4 3 4 4 3 4 3 3 2 4 5 4 7 4 3 3 3 4 3 4 5 5 5 5 4 5 8 4 5 5 5 3 4 3 4 5 2 4 5 5 3 3 4 6 4 4 3 5 5
M[415] : 4 5 5 6 4 3 5 4 5 1 5 4 3 4 1 1 4 5 4 5 4 4 2 2 4 5 4 5 5 4 4 6 4 4 3 4 4 5 1 4 3 4 0 4 2 3 5 3 2 5 5 4 3 5 3 3 3 4 6 1 5 5 5
M[416] : 0 6 5 5 4 4 4 5 4 2 4 5 3 3 6 4 4 3 4 4 4 4 6 7 3 2 3 3 5 3 6 4 5 5 6 6 3 5 3 4 2 5 4 4 5 5 3 5 4 4 3 7 3 8 5 2 3 4 7 4 3 3 5
M[417] : 3 3 3 4 7 5 3 5 3 7 6 4 4 4 1 3 5 1 6 8 3 4 4 5 6 2 5 4 4 5 3 6 2 2 0 2 4 4 6 5 3 3 5 5 0 0 4 4 5 7 4 5 3 5 5 5 4 4 4 2 3 3 6
M[418] : 4 3 3 3 2 3 6 5 5 3 4 4 3 4 2 6 0 6 3 3 2 3 3 6 5 6 5 5 6 3 1 3 5 6 6 4 3 5 3 4 5 3 4 5 5 4 6 1 3 4 2 3 3 3 3 3 4 4 1 6 7 7 5
M[419] : 5 5 3 5 2 1 3 3 4 4 6 3 5 8 3 4 7 5 3 2 6 3 5 2 3 6 5 5 3 5 7 2 2 2 5 5 3 4 6 6 5 6 6 4 3 4 7 6 4 0 5 3 3 6 4 4 3 5 4 4 5 5 3
M[420] : 0 6 5 3 2 2 4 3 3 4 2 2 4 4 3 3 4 4 4 7 5 3 4 4 6 5 2 5 5 4 5 7 3 4 4 3 4 3 4 7 6 5 2 5 8 6 6 4 6 4 1 5 5 4 3 0 4 7 3 4 5 3 7
M[421] : 6 3 4 3 4 3 6 5 4 5 3 4 4 3 3 3 2 5 4 4 4 2 7 4 3 0 4 4 4 3 4 6 4 4 5 4 6 6 3 4 6 3 4 3 4 6 6 3 3 6 1 3 4 3 5 6 2 2 1 5 3 6 7
M[422] : 4 4 5 4 3 3 0 5 6 3 5 6 4 3 7 3 2 5 8 5 5 3 8 3 2 3 5 2 5 1 6 6 5 5 4 3 3 5 6 3 5 4 3 3 2 4 3 4 2 6 1 6 6 3 4 4 3 4 4 4 5 5 4
M[423] : 6 6 4 6 4 3 4 4 3 4 4 4 5 5 5 5 4 0 2 3 4 3 5 5 4 6 5 2 5 4 5 5 6 3 1 6 3 4 5 2 3 2 1 3 2 6 3 5 5 3 5 4 5 2 3 4 5 2 4 7 4 5 0
M[424] : 4 3 6 3 6 5 6 1 3 6 3 5 6 5 0 4 6 6 6 2 5 2 3 4 3 5 3 3 6 7 3 3 5 5 4 5 5 3 3 4 5 2 5 3 7 4 5 3 2 2 3 3 3 6 4 4 3 2 5 5 1 4 5
M[425] : 5 2 5 4 3 3 5 4 3 3 4 5 3 5 6 4 4 5 2 2 2 5 6 7 4 4 5 5 1 4 3 4 5 4 2 3 2 4 3 4 4 4 4 5 6 0 2 4 5 4 1 5 3 3 3 5 3 3 4 4 6 3 5
M[426] : 5 4 2 4 6 8 6 5 0 1 3 6 5 5 4 4 5 6 4 2 2 5 2 3 3 2 5 5 4 4 3 5 5 4 5 6 4 5 5 4 4 6 5 5 3 3 4 4 4 1 1 3 1 4 4 6 2 3 4 4 5 4 5
M[427] : 4 6 3 4 7 5 7 3 5 4 4 4 3 3 5 4 3 5 1 4 5 6 7 4 4 4 4 4 5 4 3 6 2 4 7 1 5 5 5 3 4 4 6 3 4 7 7 0 2 8 1 2 4 4 1 1 6 5 5 5 3 3 5
M[428] : 6 3 2 4 5 6 4 5 7 5 4 6 5 5 4 6 5 4 2 2 3 3 4 3 3 2 6 4 0 0 7 3 2 6 4 4 3 4 4 4 6 4 7 4 5 3 5 6 6 6 6 7 5 4 5 5 5 4 2 5 6 8 2
M[429] : 4 6 3 0 5 5 5 3 4 5 2 4 4 5 4 3 6 4 3 3 6 4 3 4 4 4 5 4 4 4 3 4 2 5 6 4 4 4 4 4 5 4 7 5 5 4 6 6 6 4 3 4 3 3 3 5 6 4 4 4 7 4 4
M[430] : 4 2 3 6 6 0 4 5 1 4 4 5 4 1 3 7 4 3 3 4 3 3 5 2 1 6 5 5 3 4 2 5 5 4 3 2 6 2 3 4 6 5 2 3 4 3 3 2 3 7 1 6 3 4 2 5 5 5 4 5 3 4 5
M[431] : 5 5 2 4 4 4 6 4 6 7 4 5 3 0 3 8 6 2 3 3 2 5 4 4 4 5 2 6 2 5 3 3 5 5 5 1 8 3 4 4 5 3 2 3 3 3 4 2 4 6 1 3 3 4 2 2 5 3 2 5 2 3 5
M[432] : 4 4 5 3 5 4 5 5 4 4 3 5 2 2 5 4 5 4 5 2 4 4 0 6 6 5 4 4 2 4 4 6 3 7 2 4 4 3 5 2 5 6 3 4 4 5 6 4 4 5 4 2 4 5 5 3 6 6 5 5 2 4 5
M[433] : 6 5 1 2 3 4 6 5 4 3 5 4 2 5 4 3 4 3 5 3 3 4 6 3 3 3 6 2 6 3 4 0 5 3 6 2 1 5 4 5 4 3 5 4 3 7 4 4 5 3 2 4 5 7 4 6 4 5 4 4 3 3 4
M[434] : 7 4 6 2 6 4 3 3 6 6 4 3 2 4 4 7 4 6 5 4 2 6 5 5 4 6 3 4 6 2 3 5 6 3 6 5 7 2 4 3 3 5 2 4 2 0 5 3 2 6 3 5 7 2 6 5 5 6 5 6 1 6 3
M[435] : 2 5 3 5 4 4 3 5 3 5 6 4 4 4 2 5 3 5 5 4 6 7 4 5 6 6 2 5 7 3 4 3 0 5 1 3 4 2 5 4 3 5 4 3 3 6 6 1 3 4 3 4 7 5 8 5 4 2 4 3 5 1 8
M[436] : 4 6 3 2 5 4 5 3 4 4 3 6 2 4 3 4 4 3 5 4 5 5 1 5 1 5 4 4 4 6 5 4 5 4 4 3 4 4 5 6 3 6 0 5 4 5 2 8 5 7 5 4 5 3 4 3 3 3 5 4 5 7 2
M[437] : 5 6 4 4 5 4 3 1 7 3 6 0 4 5 3 4 4 3 6 6 5 5 3 7 3 4 3 3 5 5 5 7 4 3 3 6 5 4 2 5 3 2 6 5 5 3 3 4 2 1 5 3 3 5 5 4 4 4 3 5 4 7 2
M[438] : 6 5 6 3 5 4 4 2 1 4 4 1 4 5 3 5 3 3 3 4 5 4 4 4 4 4 2 5 6 4 3 4 0 6 6 4 3 6 6 4 5 4 6 4 4 5 3 3 6 2 4 3 3 2 5 3 4 3 4 5 3 4 4
M[439] : 4 6 5 0 4 6 5 6 3 6 5 3 5 5 2 6 4 6 3 4 5 6 4 5 7 4 3 4 4 8 5 4 6 3 2 5 4 5 2 6 2 5 4 6 3 4 2 7 6 3 4 7 3 5 6 3 5 4 4 4 4 2 6
M[440] : 4 4 4 4 4 2 2 2 5 3 2 4 2 6 4 6 3 6 3 8 7 0 6 4 7 5 3 6 2 5 7 6 7 2 5 4 5 8 6 2 5 3 5 4 4 5 5 3 5 4 4 4 5 2 4 4 4 4 5 6 4 3 3
M[441] : 6 5 3 3 5 6 1 6 4 4 3 3 6 5 6 4 5 3 4 5 5 3 3 4 3 3 3 6 5 6 6 5 6 5 3 5 3 4 4 5 4 3 4 3 0 4 6 2 4 4 4 3 5 6 8 4 3 6 4 5 2 5 2
M[442] : 3 2 5 3 0 4 7 5 5 6 3 3 2 5 3 3 3 1 4 2 4 6 4 3 4 4 2 6 2 4 4 5 3 5 7 4 6 3 2 4 4 4 6 5 2 2 4 3 7 4 3 2 5 5 5 2 2 6 6 5 4 5 3
M[443] : 2 0 6 4 6 3 5 7 3 5 4 5 3 3 5 3 2 2 3 2 5 2 4 3 2 4 3 4 4 5 4 5 3 5 4 3 3 4 7 4 3 5 3 4 5 5 3 4 2 3 2 3 4 0 5 4 3 6 5 4 3 3 5
M[444] : 5 3 3 4 7 4 2 0 3 7 5 2 3 5 4 4 5 6 6 3 5 4 5 2 4 5 6 6 4 4 5 2 5 6 3 7 4 4 3 4 4 5 2 4 4 2 5 7 5 2 5 5 4 5 5 3 3 3 2 5 2 4 4
M[445] : 5 4 3 4 5 2 5 4 2 3 4 3 3 2 5 5 6 5 5 4 3 7 3 6 3 5 4 1 4 5 6 5 3 3 2 2 5 4 5 5 6 3 5 4 4 4 5 4 4 3 4 4 6 6 3 5 5 2 4 4 6 2 0
M[446] : 5 2 3 1 4 3 3 5 6 3 4 4 3 2 3 5 4 5 3 5 3 3 8 6 4 4 7 6 4 4 0 2 5 3 2 6 6 2 2 4 4 3 4 2 6 3 3 2 5 7 2 5 4 5 3 4 4 4 6 5 4 6 5
M[447] : 6 4 4 6 6 4 5 2 6 4 4 3 4 2 5 0 4 3 4 4 1 7 3 1 4 2 4 6 3 5 5 3 4 4 4 4 6 3 4 7 5 6 5 4 4 5 4 1 4 7 2 5 5 6 6 4 4 5 4 6 2 4 2
M[448] : 5 2 6 4 5 3 4 2 3 4 3 4 2 2 1 4 4 5 5 7 5 5 7 5 3 4 5 4 3 4 3 6 0 4 6 4 6 3 4 3 4 4 2 4 5 2 4 3 4 2 4 4 5 5 5 5 2 5 6 4 4 5 5
M[449] : 3 4 3 4 4 4 0 4 5 5 3 7 4 5 4 5 5 4 6 7 3 3 3 0 5 3 4 4 1 4 4 6 5 6 5 4 3 4 3 4 5 5 6 3 5 5 6 3 3 3 1 6 2 5 5 1 3 5 3 2 6 4 3
M[450] : 3 4 3 3 2 4 4 3 6 4 4 4 2 3 4 6 4 3 6 3 0 5 4 5 2 3 3 1 4 4 3 3 8 4 5 4 6 5 5 2 4 2 4 6 5 2 4 2 5 3 6 5 2 7 3 6 4 2 4 3 4 5 4
M[451] : 6 3 4 5 2 3 3 4 4 4 5 0 2 4 3 5 3 4 2 5 5 6 6 3 4 5 3 4 2 2 4 3 4 5 4 2 3 5 6 5 4 3 6 3 7 4 5 6 4 4 6 2 4 6 2 3 2 4 6 1 3 3 4
M[452] : 3 6 4 4 3 4 7 6 5 4 2 3 4 5 3 5 5 4 2 2 3 4 3 2 4 5 6 3 3 3 2 1 2 4 4 6 5 1 5 3 3 4 3 4 5 1 6 5 5 5 3 3 0 1 4 4 5 5 4 4 4 1 6
M[453] : 3 0 2 4 3 3 6 5 2 5 4 6 2 5 5 6 4 4 4 2 3 4 5 3 3 4 3 5 3 7 6 6 3 7 2 3 3 5 7 4 7 4 7 5 5 1 3 4 3 7 4 2 3 6 6 3 5 4 3 6 4 3 4
M[454] : 4 4 0 4 4 6 2 5 2 8 6 3 5 6 2 3 3 5 4 6 6 6 5 5 5 4 3 6 2 4 4 1 5 4 7 5 7 5 4 3 5 5 6 7 6 4 3 3 3 2 1 3 3 4 4 6 1 4 6 4 6 5 3
M[455] : 4 4 4 3 5 5 2 4 4 4 3 5 4 3 8 2 3 5 5 5 4 3 4 3 2 3 6 0 5 4 4 2 3 4 4 6 5 3 3 6 4 5 3 8 6 3 4 3 7 3 3 5 2 3 7 5 4 3 5 4 3 4 3
M[456] : 5 3 3 5 6 3 6 5 0 4 3 7 4 3 7 3 5 2 2 5 6 4 4 4 3 4 4 4 5 6 5 5 3 4 4 3 3 1 3 4 1 4 4 2 5 3 7 6 1 2 2 3 6 5 5 3 3 5 3 3 5 2 5
M[457] : 2 4 4 5 3 0 5 4 4 4 4 2 6 3 5 2 3 1 5 3 3 7 4 5 4 6 5 2 4 3 4 4 5 4 5 4 2 5 5 3 5 0 5 2 4 5 6 6 3 4 3 4 5 3 4 2 6 8 5 5 3 6 4
M[458] : 4 0 4 3 4 5 5 4 4 4 5 3 4 6 4 4 3 5 6 6 6 4 5 3 6 4 4 5 4 5 3 3 3 4 2 2 3 6 1 4 7 7 4 4 3 4 3 6 3 4 4 4 4 5 5 3 3 5 4 2 3 6 4
M[459] : 3 3 4 1 4 4 3 4 6 4 4 5 1 4 5 7 4 4 3 2 3 6 0 4 6 4 2 4 5 1 3 6 5 3 3 3 6 6 5 4 2 2 5 5 4 4 4 2 4 3 3 6 4 4 3 0 2 2 3 1 5 4 6
M[460] : 3 4 5 4 3 4 3 4 5 3 5 3 2 4 5 3 2 2 3 6 6 2 4 7 3 3 6 5 3 4 4 2 6 0 4 2 1 3 4 4 3 3 3 4 4 4 3 6 5 3 3 4 4 7 2 1 5 3 4 1 5 4 4
M[461] : 3 5 2 2 5 1 5 5 4 5 5 4 5 4 3 4 5 3 7 3 3 4 3 5 5 4 6 6 4 4 4 3 5 2 2 5 5 6 5 0 4 4 5 6 5 3 4 6 5 3 2 3 4 2 4 5 4 3 4 5 5 5 3
M[462] : 4 3 5 3 4 5 4 4 6 2 3 3 0 4 6 3 6 4 5 3 4 2 2 4 5 4 4 3 4 3 6 1 3 6 3 4 6 5 2 7 5 6 0 6 3 4 5 4 5 5 4 5 4 3 6 4 3 4 4 5 3 2 3
M[463] : 6 6 2 4 5 5 1 4 3 0 6 3 4 4 4 3 4 3 1 3 5 3 3 4 3 2 4 5 4 6 7 3 4 3 3 4 3 5 5 5 4 4 3 2 4 3 5 4 3 5 3 4 5 7 1 5 3 3 5 5 2 5 4
M[464] : 5 2 3 6 4 6 4 0 3 2 5 3 2 4 2 2 5 4 7 4 2 5 3 2 5 4 3 4 2 5 5 1 6 2 4 2 5 4 4 3 7 5 5 3 4 3 6 3 7 2 3 4 8 6 3 5 2 5 4 5 6 3 4
M[465] : 4 3 7 6 5 7 6 2 3 3 6 4 5 5 2 5 4 5 5 2 3 4 6 4 7 0 4 4 2 4 6 3 6 5 2 5 5 6 3 4 5 5 3 3 5 4 4 3 3 4 2 3 5 5 2 3 3 3 5 3 4 6 5
M[466] : 4 5 6 4 3 2 4 7 5 5 3 5 4 5 4 6 2 4 2 4 5 0 4 4 7 3 4 2 3 5 5 3 6 5 4 3 4 4 5 6 5 6 5 5 3 5 5 5 5 1 5 3 4 4 2 4 5 5 4 3 6 4 4
M[467] : 3 4 5 4 5 6 2 2 2 4 4 4 2 4 6 6 3 4 6 4 5 7 4 3 5 6 6 5 6 4 0 4 4 1 4 4 1 3 4 4 4 5 6 6 2 5 7 4 5 7 4 5 3 5 6 3 5 4 2 4 4 5 3
M[468] : 4 4 4 5 3 4 5 3 1 5 3 5 7 5 5 4 3 3 5 6 5 2 5 6 6 4 5 6 3 5 6 6 3 7 5 4 3 4 6 3 4 2 4 0 2 2 5 2 4 4 4 5 3 1 6 3 4 5 7 3 4 6 4
M[469] : 6 5 2 6 5 3 3 4 6 5 5 5 2 3 3 5 5 4 0 3 5 2 3 1 4 7 6 6 5 3 2 5 4 4 4 5 5 6 3 4 3 2 7 4 2 4 4 4 4 3 5 3 6 3 3 3 4 4 3 7 5 3 3
M[470] : 2 4 3 6 4 3 5 4 5 4 3 5 3 4 4 6 6 4 5 4 6 4 2 4 0 1 4 6 5 3 5 5 6 4 5 3 3 8 5 5 4 5 4 6 3 2 7 5 6 5 5 2 6 5 6 6 5 4 1 3 3 5 3
M[471] : 5 4 4 2 1 4 3 6 5 6 5 6 2 5 7 6 3 5 4 6 4 3 7 4 4 3 3 2 3 4 5 6 5 0 4 4 5 3 3 7 3 3 5 5 4 4 2 5 7 6 3 5 6 4 6 6 2 3 3 2 3 4 3
M[472] : 4 3 2 3 2 5 5 4 6 5 4 2 3 4 6 3 5 6 5 5 4 4 7 4 7 2 1 3 6 4 5 6 5 3 4 6 5 3 4 5 4 3 3 5 3 2 3 3 4 6 5 0 2 1 2 5 3 2 6 4 4 4 4
M[473] : 3 2 2 5 6 4 4 6 3 7 3 8 2 0 3 4 4 7 4 4 4 6 1 3 4 3 2 7 3 2 4 4 4 4 6 4 4 3 7 3 6 5 5 4 5 4 4 5 4 4 1 5 5 5 5 3 4 2 6 5 4 4 5
M[474] : 5 5 2 5 3 5 2 4 4 4 4 5 3 3 4 4 4 4 3 3 5 4 6 4 3 5 3 4 6 6 3 4 5 7 4 6 4 4 3 4 5 4 4 3 5 5 5 7 6 3 3 3 4 3 3 3 0 5 5 2 5 5 3
M[475] : 4 4 4 2 6 4 5 5 6 4 6 5 7 4 5 5 3 6 6 5 4 4 3 4 4 5 3 3 4 2 6 2 7 2 5 8 2 3 6 3 4 2 5 7 5 3 3 2 6 5 4 3 2 4 6 3 3 2 0 4 5 6 5
M[476] : 4 5 2 4 3 4 5 3 3 3 2 2 3 3 5 3 3 2 5 8 1 1 5 3 3 4 4 6 6 7 4 4 5 3 4 7 5 4 5 4 4 2 3 6 3 5 5 7 3 6 3 1 4 3 3 3 5 6 4 3 4 0 4
M[477] : 4 7 6 3 5 4 6 5 2 2 2 6 5 4 6 5 5 2 2 3 3 4 4 3 6 4 3 3 4 2 4 6 3 5 6 4 3 2 2 4 6 5 5 6 3 3 4 4 5 4 4 6 5 3 2 3 3 2 2 5 3 0 4
M[478] : 5 5 4 3 4 4 6 4 3 5 6 6 3 4 4 7 6 3 3 2 3 4 4 5 6 2 6 3 3 2 6 3 5 4 5 3 4 5 4 4 4 6 5 5 4 5 1 5 3 3 0 2 3 5 5 2 3 4 0 5 4 4 5
M[479] : 4 6 4 5 6 2 3 4 5 2 3 2 4 6 5 7 4 6 7 5 3 4 3 3 6 5 4 5 4 5 4 2 6 2 4 5 4 4 6 4 4 5 3 5 3 3 5 6 5 7 4 3 4 5 0 3 5 4 4 3 4 4 5
M[480] : 5 4 4 5 6 5 1 3 6 5 2 5 5 5 4 6 4 4 6 6 6 3 1 3 6 4 4 5 3 0 5 2 2 6 6 3 6 5 4 4 2 5 4 3 4 5 4 4 4 4 5 3 4 7 5 4 6 5 5 4 2 2 5
M[481] : 5 2 3 3 6 3 5 2 4 6 5 1 3 5 2 6 3 2 5 4 4 4 3 5 4 4 4 4 2 4 5 4 4 8 3 5 0 4 5 3 4 0 3 5 4 3 4 4 4 2 4 5 3 1 5 5 3 3 4 2 4 2 2
M[482] : 4 3 2 4 7 5 3 5 5 6 3 4 3 4 7 4 3 5 4 4 4 4 2 7 6 3 6 3 7 4 3 4 5 3 3 3 5 5 6 6 2 4 3 4 7 5 2 4 5 4 4 6 4 2 4 1 4 3 3 8 0 1 6
M[483] : 3 6 4 2 4 4 5 3 4 3 3 2 5 4 4 3 4 7 6 5 5 3 6 4 4 5 4 4 4 5 1 5 3 2 3 2 5 6 5 3 4 6 1 4 8 4 1 4 3 3 4 4 0 0 3 3 5 4 2 4 3 4 2
M[484] : 4 7 3 5 6 4 1 4 5 3 4 2 4 5 4 3 2 5 5 4 4 1 5 5 2 3 2 3 4 5 4 4 2 4 6 4 6 3 4 6 2 4 4 3 2 3 6 0 5 2 3 2 3 6 6 3 4 5 4 4 3 3 3
M[485] : 3 5 6 5 4 4 6 2 6 5 5 2 5 7 6 4 5 0 4 4 5 3 3 5 5 3 4 2 5 4 2 4 3 5 5 5 4 3 3 5 5 4 4 4 3 2 3 5 2 6 3 4 4 3 5 3 4 2 5 3 4 3 6
M[486] : 3 5 4 2 5 4 5 4 4 4 5 7 5 4 4 3 5 4 4 2 0 5 3 2 3 4 3 3 6 5 4 3 7 6 5 4 4 4 5 5 3 3 4 3 4 2 6 1 5 5 3 5 4 4 1 6 6 4 3 6 1 5 7
M[487] : 5 6 3 4 6 2 4 2 4 4 5 3 4 1 0 5 5 4 4 6 4 3 5 1 4 4 6 5 4 7 5 4 4 4 5 5 4 5 3 3 2 4 4 4 5 5 5 5 0 3 2 7 4 4 1 3 5 5 6 4 4 3 7
M[488] : 5 2 6 2 5 4 4 4 1 4 7 5 3 5 4 4 6 6 5 2 5 4 3 4 5 4 1 6 7 3 3 0 3 5 5 5 5 6 4 5 4 3 3 6 3 4 5 4 3 7 4 1 5 3 2 3 3 5 4 4 5 5 5
M[489] : 3 4 3 5 3 7 3 4 4 0 2 4 3 5 6 5 5 3 4 6 5 4 3 6 5 3 3 3 5 3 5 5 5 6 0 5 4 3 4 5 5 1 4 3 2 3 4 4 5 2 2 4 5 4 2 4 2 4 2 3 2 4 5
M[490] : 7 2 0 3 4 3 3 2 5 5 6 5 2 2 6 3 3 5 5 1 6 4 2 3 6 4 3 5 5 4 3 6 2 5 3 4 4 4 4 3 6 3 2 4 3 4 2 5 5 4 2 4 5 6 5 5 3 1 3 2 3 3 5
M[491] : 5 1 3 4 5 4 5 4 3 4 5 4 3 2 3 3 3 7 4 3 6 5 5 2 7 3 3 4 3 1 6 7 3 5 5 3 5 5 3 5 4 6 4 4 4 5 6 2 4 3 2 4 0 4 3 6 5 1 6 6 4 6 6
M[492] : 0 4 4 2 5 5 5 4 5 4 5 6 4 3 2 5 4 6 4 5 7 4 5 2 2 1 6 4 4 7 5 3 5 3 6 6 2 4 2 5 5 3 3 4 5 2 3 4 4 3 6 0 3 3 6 5 4 6 6 4 4 4 4
M[493] : 4 6 4 3 4 4 4 3 5 1 1 5 4 4 5 2 2 5 4 5 2 6 1 2 2 4 3 4 4 5 0 4 1 4 5 2 4 4 2 2 3 5 2 5 6 3 3 5 5 5 3 4 4 5 4 7 3 5 4 4 3 2 4
M[494] : 4 6 4 4 3 4 4 2 3 4 4 4 4 5 5 5 5 6 5 3 6 5 6 2 4 3 3 5 3 3 3 3 4 4 4 3 5 2 7 3 6 3 4 6 5 4 5 8 4 4 6 4 6 5 3 3 4 0 2 4 6 5 2
M[495] : 4 5 3 3 4 6 4 3 5 4 5 3 0 6 5 5 6 3 3 4 4 4 3 5 3 4 6 3 3 4 3 4 6 3 5 5 6 5 4 4 3 4 5 7 2 4 6 5 3 5 4 4 6 5 4 4 4 5 3 3 3 4 1
M[496] : 2 2 5 0 3 2 3 6 7 2 5 3 3 0 2 2 3 4 1 5 4 3 3 6 5 4 3 5 5 4 3 6 5 5 2 5 6 5 0 4 4 2 7 6 3 2 1 3 7 4 1 5 4 4 6 3 3 6 1 3 4 4 3
M[497] : 3 5 2 3 4 4 3 3 5 3 4 4 1 6 3 3 5 4 3 3 4 4 3 4 2 5 6 3 3 0 4 3 2 2 3 5 5 6 3 6 6 4 3 7 4 2 5 2 4 6 2 5 4 3 4 5 6 3 3 8 7 5 2
M[498] : 4 5 4 3 3 5 5 2 4 3 3 4 2 5 3 4 5 5 6 2 5 2 5 0 3 4 5 6 6 5 3 4 5 3 2 4 4 5 3 1 4 4 3 2 4 4 5 3 3 3 3 2 4 4 1 4 5 3 4 3 6 5 3
M[499] : 3 5 3 4 5 6 3 5 5 3 4 4 3 5 4 3 5 3 3 3 5 3 4 2 6 4 4 5 1 4 3 4 3 5 4 3 4 3 5 5 5 3 2 4 5 6 3 1 4 5 1 4 3 4 0 7 3 4 4 4 5 4 5

