 Execution de l'algoritme BITS sur le fichier dsjc500.5.txt
=====================================================================
 Partitions  : 
Vk[0] : 151 171 191 236 380 468 130 376 205 -->  9 éléments.
Vk[1] : 470 293 474 391 238 218 313 299 -->  8 éléments.
Vk[2] : 95 133 6 185 472 368 78 110 82 -->  9 éléments.
Vk[3] : 454 203 115 64 300 321 16 343 -->  8 éléments.
Vk[4] : 371 112 453 184 476 54 165 315 189 -->  9 éléments.
Vk[5] : 33 216 46 107 430 393 339 310 446 -->  9 éléments.
Vk[6] : 208 104 145 45 456 370 401 172 -->  8 éléments.
Vk[7] : 79 494 296 29 225 24 86 435 319 -->  9 éléments.
Vk[8] : 153 449 92 126 444 425 43 105 334 -->  9 éléments.
Vk[9] : 277 67 278 101 298 452 139 262 -->  8 éléments.
Vk[10] : 180 155 322 424 284 20 100 227 -->  8 éléments.
Vk[11] : 362 279 37 49 418 56 0 328 -->  8 éléments.
Vk[12] : 265 74 303 407 204 276 377 422 -->  8 éléments.
Vk[13] : 80 363 462 199 352 230 490 87 483 -->  9 éléments.
Vk[14] : 52 168 247 434 26 182 55 355 451 -->  9 éléments.
Vk[15] : 345 102 349 461 173 53 235 337 411 -->  9 éléments.
Vk[16] : 27 292 160 465 248 96 135 327 395 -->  9 éléments.
Vk[17] : 224 264 213 495 222 109 30 17 121 -->  9 éléments.
Vk[18] : 47 231 128 138 311 177 210 408 93 -->  9 éléments.
Vk[19] : 431 347 308 221 50 486 378 10 291 -->  9 éléments.
Vk[20] : 417 58 21 207 268 402 12 65 399 -->  9 éléments.
Vk[21] : 34 170 427 166 320 358 404 211 -->  8 éléments.
Vk[22] : 312 202 306 239 36 317 346 409 234 -->  9 éléments.
Vk[23] : 457 295 13 496 333 113 441 148 -->  8 éléments.
Vk[24] : 397 375 147 285 374 302 38 267 114 -->  9 éléments.
Vk[25] : 154 353 220 40 94 332 91 394 382 -->  9 éléments.
Vk[26] : 120 281 124 466 372 141 76 255 398 -->  9 éléments.
Vk[27] : 256 492 99 405 258 194 475 240 83 -->  9 éléments.
Vk[28] : 294 437 396 15 89 463 97 140 196 -->  9 éléments.
Vk[29] : 132 136 274 455 436 103 257 385 354 -->  9 éléments.
Vk[30] : 219 57 365 167 223 450 266 250 253 -->  9 éléments.
Vk[31] : 3 174 400 229 326 161 217 62 261 -->  9 éléments.
Vk[32] : 440 198 331 469 143 183 414 149 471 -->  9 éléments.
Vk[33] : 336 252 341 244 491 14 42 84 481 -->  9 éléments.
Vk[34] : 150 63 287 330 32 181 259 415 -->  8 éléments.
Vk[35] : 280 44 108 242 499 212 467 498 215 -->  9 éléments.
Vk[36] : 348 176 246 406 197 289 81 31 -->  8 éléments.
Vk[37] : 413 179 489 9 19 369 2 39 106 -->  9 éléments.
Vk[38] : 403 190 484 416 325 237 480 459 290 -->  9 éléments.
Vk[39] : 232 200 479 158 286 119 386 178 -->  8 éléments.
Vk[40] : 98 335 137 428 381 282 254 271 233 -->  9 éléments.
Vk[41] : 188 442 156 61 270 421 379 383 125 -->  9 éléments.
Vk[42] : 195 439 366 72 18 157 228 419 169 -->  9 éléments.
Vk[43] : 70 423 129 420 48 187 209 111 -->  8 éléments.
Vk[44] : 387 373 69 488 318 288 73 389 307 -->  9 éléments.
Vk[45] : 342 23 226 323 146 11 357 159 283 -->  9 éléments.
Vk[46] : 350 193 448 340 249 473 243 384 241 -->  9 éléments.
Vk[47] : 493 297 251 66 477 447 272 163 344 -->  9 éléments.
Vk[48] : 356 245 482 90 5 144 305 458 309 -->  9 éléments.
Vk[49] : 192 116 443 359 28 122 186 22 175 -->  9 éléments.
Vk[50] : 60 131 123 71 485 273 127 214 361 -->  9 éléments.
Vk[51] : 77 364 410 41 426 88 1 329 487 -->  9 éléments.
Vk[52] : 68 134 260 301 269 304 388 85 59 -->  9 éléments.
Vk[53] : 7 206 75 25 432 464 162 433 152 -->  9 éléments.
Vk[54] : 316 445 8 367 392 142 275 338 35 -->  9 éléments.
Vk[55] : 360 478 201 429 51 263 460 351 117 -->  9 éléments.
Vk[56] : 118 164 324 390 4 497 438 412 314 -->  9 éléments.
Matrice M
M[0] : 6 2 5 4 5 4 5 4 6 1 3 0 4 5 3 6 5 5 5 8 3 4 7 4 4 5 7 5 3 7 2 6 5 6 3 4 4 4 5 3 4 7 5 6 4 6 5 5 4 5 5 5 4 4 5 6 4
M[1] : 4 5 5 6 6 6 3 2 3 3 5 4 5 4 1 3 5 7 6 6 4 3 6 5 5 5 3 3 5 5 3 6 6 6 4 6 4 5 5 3 6 4 5 4 5 5 5 3 7 7 5 0 5 4 4 6 3
M[2] : 4 3 6 4 5 6 4 5 6 2 3 3 5 5 4 5 7 5 5 6 4 2 5 5 8 5 4 5 1 3 6 6 3 6 2 2 3 0 5 3 6 3 6 4 4 6 5 6 5 3 5 5 5 3 5 4 6
M[3] : 5 3 5 6 4 7 3 8 6 3 4 5 5 4 5 5 4 4 7 5 7 6 6 1 4 4 6 6 7 4 6 0 6 3 3 5 4 5 6 4 9 2 6 2 3 6 3 5 7 5 5 6 6 5 2 4 5
M[4] : 6 5 6 5 6 4 1 6 4 6 6 4 2 3 8 5 5 4 4 4 3 7 5 3 6 5 4 5 6 7 7 4 3 4 6 4 7 3 6 4 5 3 5 2 4 3 2 4 6 7 1 6 4 5 4 6 0
M[5] : 6 5 5 6 1 4 7 5 8 4 6 5 2 4 3 2 6 3 4 1 3 6 7 5 5 3 5 4 6 9 4 4 7 3 4 3 6 5 2 5 4 7 5 5 7 3 4 3 0 4 4 7 4 5 5 5 4
M[6] : 3 5 0 5 6 5 5 3 5 2 4 4 6 3 5 6 5 4 6 4 8 3 4 1 5 7 4 5 6 5 4 6 4 7 2 1 4 4 2 3 4 4 6 5 4 4 3 7 4 4 1 5 5 6 4 5 6
M[7] : 4 5 4 5 3 4 6 6 3 3 5 3 5 4 7 4 7 7 5 3 3 3 3 5 4 5 5 5 5 4 3 5 8 4 2 5 3 2 4 3 6 4 7 7 3 5 2 2 3 4 4 5 4 0 5 3 3
M[8] : 3 3 4 6 4 4 2 4 5 3 4 5 5 7 6 7 5 4 5 5 5 6 5 5 4 5 7 8 5 6 9 4 6 3 2 4 4 5 2 4 2 5 4 6 3 4 6 5 4 3 5 4 6 6 0 5 8
M[9] : 3 4 2 5 4 7 5 4 3 4 5 3 6 6 7 5 8 4 7 5 6 2 5 1 5 3 5 6 6 4 5 2 5 5 6 4 4 0 3 5 6 3 4 3 6 4 6 5 2 4 6 6 3 3 6 3 5
M[10] : 6 4 4 2 3 6 2 4 4 3 4 3 5 6 3 5 5 5 5 0 5 3 5 3 3 3 5 4 4 7 5 2 4 6 4 4 2 6 4 6 4 5 4 6 6 4 3 5 3 6 6 7 4 3 5 3 4
M[11] : 8 3 4 4 4 3 3 6 7 5 4 3 6 2 4 7 2 8 3 3 7 4 6 4 6 4 1 6 3 7 5 6 4 5 2 6 4 4 8 4 5 4 5 3 3 0 3 5 4 7 5 4 6 3 4 4 2
M[12] : 4 4 6 4 6 4 3 2 4 4 4 2 3 2 6 3 3 4 6 2 0 4 5 4 7 4 5 4 4 6 3 6 2 3 4 3 6 4 3 6 3 5 6 4 3 5 3 5 3 5 6 3 4 4 7 3 3
M[13] : 6 6 5 5 2 8 4 7 7 5 6 5 4 4 5 6 6 2 3 6 6 5 5 0 5 5 5 3 4 6 6 5 5 5 4 5 4 3 7 5 5 3 4 3 5 8 7 3 3 4 5 6 8 6 6 5 4
M[14] : 6 4 6 2 3 3 7 5 8 5 6 7 3 6 2 5 5 5 4 8 5 4 3 4 4 4 6 6 6 5 3 5 5 0 5 3 6 4 3 4 4 4 4 3 4 5 5 8 3 6 6 4 4 2 5 3 8
M[15] : 2 4 7 4 2 5 4 6 6 3 6 7 5 4 5 5 2 6 5 5 4 5 3 3 3 5 6 5 0 5 4 4 5 4 3 4 3 5 2 2 6 8 5 3 7 6 5 5 7 5 5 4 6 7 2 4 6
M[16] : 6 3 4 0 1 3 4 2 7 2 4 4 6 4 3 4 4 3 4 6 6 2 7 6 6 5 6 3 4 6 6 5 7 3 1 4 4 7 5 6 7 5 5 1 6 5 7 3 3 4 4 6 2 2 7 4 6
M[17] : 3 3 4 5 3 7 5 3 5 5 3 3 2 2 7 5 5 0 3 7 8 7 7 0 4 5 5 5 5 5 4 7 2 4 6 5 5 4 5 4 4 3 5 2 4 6 3 5 4 4 7 4 4 7 5 3 3
M[18] : 4 3 5 3 3 4 3 4 5 0 5 3 3 5 3 7 4 4 7 5 3 8 7 4 6 7 3 5 5 4 6 4 5 5 2 5 8 5 4 4 6 2 0 5 3 4 3 4 5 5 4 7 4 4 4 4 3
M[19] : 3 2 5 4 6 6 2 5 3 2 4 3 4 6 2 4 7 4 8 5 7 3 3 3 5 4 6 4 5 4 6 4 5 4 4 5 6 0 0 5 7 4 5 4 3 6 6 3 5 4 3 6 3 1 5 3 5
M[20] : 4 3 4 5 5 4 4 6 6 5 0 1 4 4 3 5 5 4 3 3 4 1 4 4 6 6 5 3 2 4 4 2 6 3 4 4 3 6 5 4 6 4 7 5 7 3 6 4 3 5 8 4 7 7 8 4 5
M[21] : 4 4 5 4 5 6 3 5 4 2 6 5 4 5 5 8 5 4 5 6 0 2 5 4 6 5 4 6 5 3 4 6 4 4 4 2 6 3 2 2 5 4 6 4 4 4 6 4 6 3 5 6 5 6 3 4 6
M[22] : 4 5 1 3 4 6 5 3 4 4 5 2 3 1 6 5 3 4 4 5 5 4 5 4 3 5 4 3 6 4 7 6 4 5 1 4 3 5 4 3 6 4 5 5 7 4 5 4 3 0 4 6 3 6 6 6 6
M[23] : 5 5 3 5 3 4 3 6 6 5 2 3 5 6 6 4 5 4 5 6 3 2 3 6 6 2 5 7 5 5 3 6 3 7 3 7 6 3 5 3 7 4 5 2 6 0 6 3 4 7 4 5 5 4 5 2 4
M[24] : 4 4 3 5 5 4 4 0 4 3 5 4 6 4 0 6 5 6 5 5 5 5 5 1 4 2 6 6 4 3 4 2 5 5 2 5 2 5 5 5 2 6 5 4 5 4 5 1 5 7 5 5 5 5 4 4 7
M[25] : 5 3 6 4 8 3 2 4 6 5 4 3 4 4 3 5 5 3 7 4 4 5 6 4 2 5 2 5 2 4 2 1 5 6 2 6 4 3 5 3 3 6 3 6 3 2 4 6 5 7 4 4 4 0 6 5 3
M[26] : 6 5 7 3 5 5 6 4 4 2 6 4 5 7 0 5 7 5 5 6 5 6 5 5 3 8 3 5 6 5 4 6 3 1 4 4 2 1 7 6 6 5 3 5 2 8 6 3 3 3 5 2 3 3 4 6 4
M[27] : 2 3 3 4 4 6 4 4 4 5 4 6 3 4 5 2 0 7 1 6 6 6 5 3 5 5 2 5 6 6 6 1 4 5 3 7 5 7 6 2 3 5 4 5 4 6 4 4 5 4 4 6 9 6 5 3 5
M[28] : 3 4 5 7 4 7 3 4 1 6 4 7 3 6 5 5 6 6 3 4 3 4 3 5 3 5 5 4 2 2 4 5 6 5 4 5 3 5 5 5 4 5 3 4 2 6 3 4 7 0 3 5 4 8 5 5 3
M[29] : 5 4 4 5 3 3 4 0 5 6 4 3 2 4 5 4 3 6 2 2 4 4 3 3 7 3 2 4 6 1 4 6 2 2 3 4 4 6 3 3 5 3 3 4 6 7 4 6 5 3 6 6 5 6 7 7 3
M[30] : 8 6 3 6 5 4 4 3 6 4 4 6 6 6 4 7 7 0 6 6 5 3 6 4 6 1 3 7 4 2 4 5 6 4 2 5 5 8 3 5 5 4 6 2 6 3 5 5 5 5 5 5 5 5 4 6 5
M[31] : 4 4 4 3 5 4 1 3 6 5 5 3 1 5 5 5 7 5 8 4 6 1 4 2 5 3 6 6 3 4 7 5 5 4 4 6 0 6 6 2 6 4 5 8 6 6 4 4 4 4 5 6 4 6 5 3 3
M[32] : 3 6 5 3 3 2 4 4 3 3 4 4 3 4 3 6 5 5 5 4 6 3 6 7 4 6 4 5 2 2 5 5 3 4 0 8 3 4 6 3 6 3 3 5 4 7 7 4 4 6 4 3 6 4 3 5 6
M[33] : 2 3 6 5 3 0 3 6 6 4 3 7 4 7 5 7 4 7 2 4 7 3 3 4 7 6 1 6 7 5 6 9 3 5 5 4 3 6 4 3 5 4 6 5 6 3 6 3 5 4 3 3 5 3 5 6 6
M[34] : 6 6 4 6 2 7 6 6 3 1 4 4 3 3 6 4 6 3 5 6 6 0 2 6 5 7 5 5 4 5 7 8 3 5 4 6 3 5 5 3 4 6 5 4 5 6 3 4 6 4 5 5 6 5 8 6 4
M[35] : 4 5 6 4 5 5 5 4 5 1 4 4 3 4 4 4 4 5 7 3 6 4 3 4 5 5 5 3 4 2 4 4 6 3 3 6 6 5 4 3 4 3 3 6 4 6 5 4 4 5 5 6 5 4 0 7 6
M[36] : 3 4 6 5 5 6 5 5 5 4 5 3 3 4 7 7 7 4 5 5 5 4 0 2 4 3 5 5 8 5 5 8 3 1 6 4 3 4 6 2 4 5 6 5 6 4 6 5 5 4 3 5 3 4 4 4 4
M[37] : 4 4 5 4 4 5 4 3 5 4 5 0 5 5 6 5 5 2 5 5 6 3 7 5 5 5 3 0 6 7 4 3 5 7 3 2 3 5 9 4 3 7 5 4 4 4 2 5 6 7 3 4 4 4 5 6 4
M[38] : 4 5 5 5 2 5 7 6 5 4 6 4 5 3 3 5 5 5 5 3 5 4 5 4 0 4 4 3 3 5 6 4 3 3 4 4 4 5 5 4 4 7 6 5 3 6 5 7 4 5 6 3 5 5 5 4 4
M[39] : 4 4 3 4 6 4 2 5 7 3 6 4 4 3 5 7 7 5 5 4 5 4 4 7 2 4 5 4 6 4 5 5 3 5 5 6 7 0 6 4 5 5 3 3 6 5 7 5 4 2 8 2 4 4 8 7 2
M[40] : 4 4 5 5 5 5 4 5 6 7 5 5 5 3 6 5 3 5 5 5 6 4 4 3 6 0 3 3 3 6 5 5 6 5 2 4 6 4 5 5 6 7 5 3 5 2 4 4 5 5 5 7 4 5 1 7 7
M[41] : 3 5 3 3 5 5 4 2 6 5 3 5 3 6 4 4 8 3 2 6 2 6 2 5 6 3 6 3 2 5 4 4 3 3 5 3 6 6 5 3 7 5 6 5 7 6 5 4 3 7 4 0 4 4 3 6 5
M[42] : 3 6 4 1 5 5 5 5 5 5 1 4 7 2 6 4 5 4 5 4 6 4 3 6 5 2 4 3 5 5 4 5 7 0 5 6 4 5 3 3 3 5 6 5 6 5 4 3 5 5 2 5 4 5 2 2 4
M[43] : 3 5 3 3 7 7 4 4 0 5 1 6 5 3 4 2 2 6 6 4 5 4 3 7 5 4 4 4 6 6 6 5 2 3 4 3 4 6 6 4 2 4 6 4 7 6 2 4 5 7 5 5 4 5 4 5 5
M[44] : 4 6 5 3 3 6 5 2 3 3 4 7 5 4 6 4 5 3 4 2 5 5 6 3 2 3 3 5 5 7 7 6 8 5 6 0 4 3 5 5 3 8 6 4 3 6 7 4 5 4 4 5 5 1 6 7 6
M[45] : 4 2 4 4 4 6 0 5 4 6 3 4 7 4 4 3 4 4 6 3 6 6 5 5 1 5 3 4 6 4 6 5 4 4 3 4 4 4 3 4 7 4 5 4 3 4 6 3 7 6 5 2 5 7 6 3 5
M[46] : 5 2 6 0 2 0 5 4 7 2 5 2 1 6 3 3 5 3 2 7 4 1 5 4 4 8 3 5 6 3 4 6 4 4 4 7 5 6 2 4 5 5 4 6 1 4 5 5 5 6 7 5 6 4 3 3 3
M[47] : 2 5 8 1 1 5 5 5 5 3 5 5 2 4 3 4 4 4 0 6 3 3 5 3 4 5 3 7 4 5 4 5 6 2 3 5 4 6 8 4 5 3 4 2 6 3 5 5 2 4 3 3 7 4 8 4 6
M[48] : 7 4 4 4 3 3 1 7 3 5 4 2 2 3 3 2 6 4 8 3 4 5 4 5 5 6 5 5 4 5 5 7 6 3 3 5 2 2 5 2 5 2 5 0 4 5 5 5 6 6 4 3 5 3 5 4 6
M[49] : 6 4 3 4 3 6 2 5 7 4 3 0 5 6 5 3 5 4 6 4 5 3 3 7 7 3 5 6 4 4 3 6 5 7 4 7 5 4 5 7 4 7 2 1 3 6 5 5 2 3 4 4 4 5 4 4 5
M[50] : 6 3 5 4 4 6 4 3 4 3 4 3 4 6 6 5 6 5 5 0 4 3 4 3 5 4 5 7 4 4 6 4 5 6 5 5 2 6 6 5 5 5 8 4 8 3 3 4 5 6 4 4 4 5 3 5 6
M[51] : 5 7 5 5 6 8 6 5 6 2 2 5 4 2 5 5 3 7 3 2 5 2 3 3 6 6 6 9 8 3 3 4 6 5 2 4 4 4 5 2 5 4 4 4 8 6 6 5 4 6 2 7 3 5 3 0 3
M[52] : 4 4 4 6 4 5 4 4 2 4 3 3 4 3 0 5 3 4 5 6 3 5 8 4 3 3 5 6 3 3 4 3 5 5 4 5 4 5 5 6 2 6 3 6 5 5 4 7 3 5 5 5 6 5 6 7 5
M[53] : 3 5 5 2 5 6 5 4 4 5 6 6 4 4 4 0 3 7 4 6 6 3 3 5 5 7 6 6 6 5 5 3 2 4 8 4 6 5 7 3 4 6 5 5 4 5 3 6 5 5 3 5 7 5 5 6 3
M[54] : 4 3 4 3 0 3 7 4 3 5 4 3 2 6 7 8 4 5 6 3 5 5 4 0 6 5 5 5 5 4 4 7 4 5 5 5 3 4 6 4 3 6 3 4 4 4 3 5 3 4 6 5 1 6 6 4 3
M[55] : 6 6 3 6 4 2 3 4 5 5 6 3 2 4 0 3 5 3 2 5 7 4 4 5 3 5 2 6 4 4 2 4 4 4 1 2 5 4 4 4 3 7 5 4 6 7 4 3 4 3 4 5 1 4 2 4 6
M[56] : 5 6 3 5 3 4 1 7 5 7 5 0 3 4 4 8 5 4 6 4 4 6 5 5 4 2 3 6 7 4 2 5 4 6 5 3 5 3 4 2 6 3 5 4 6 3 4 5 4 3 4 5 4 4 7 4 3
M[57] : 5 5 3 3 8 4 3 4 4 6 6 4 7 5 2 6 3 4 5 5 4 4 1 4 5 2 3 6 5 6 0 5 2 6 5 5 1 2 2 2 2 3 2 6 7 3 4 7 5 1 6 1 5 3 7 4 4
M[58] : 3 3 3 1 4 6 4 4 6 4 4 5 3 5 1 7 3 6 6 4 0 4 4 4 3 5 5 5 4 5 5 6 5 8 1 7 4 6 5 4 3 2 4 3 5 4 6 5 1 5 4 3 6 4 9 6 3
M[59] : 5 1 5 3 4 5 5 7 3 5 4 4 3 3 4 4 5 3 3 6 2 4 4 4 5 3 8 5 4 4 6 6 6 5 2 5 5 2 4 6 5 5 6 3 3 5 4 5 4 6 8 4 0 5 4 5 9
M[60] : 3 5 6 3 4 4 5 6 5 3 4 6 6 3 7 5 6 5 3 2 2 5 4 5 4 3 2 8 4 5 5 3 6 3 3 4 6 5 2 5 4 5 5 5 3 6 7 3 4 5 0 4 6 5 5 4 5
M[61] : 4 4 7 4 5 5 2 5 5 5 4 4 5 4 4 6 5 6 3 5 4 5 7 4 5 6 6 5 4 3 3 2 4 2 2 4 5 2 4 4 4 0 3 3 6 6 5 6 4 5 6 5 3 5 5 7 3
M[62] : 4 3 3 3 5 4 3 5 4 3 3 1 3 5 4 6 4 7 6 3 5 2 4 4 7 3 4 4 6 1 5 0 5 6 3 4 6 4 6 5 3 3 6 4 7 5 5 3 4 6 4 7 2 6 3 3 5
M[63] : 4 5 3 5 4 4 5 3 6 4 3 5 3 7 4 4 5 3 4 5 4 6 7 4 4 4 5 6 2 5 7 3 5 3 0 5 5 5 7 3 4 3 6 5 4 3 6 6 3 7 5 2 4 2 4 1 5
M[64] : 5 5 6 0 5 3 4 6 6 4 5 3 3 6 6 6 4 4 6 4 3 6 2 4 4 5 7 7 5 6 4 4 7 4 3 3 5 6 8 4 4 7 4 5 4 7 4 2 3 7 6 5 5 4 6 4 7
M[65] : 5 3 3 5 3 4 6 3 4 3 5 5 4 4 6 5 4 8 2 6 0 6 4 4 4 6 2 7 6 3 3 6 6 6 6 4 2 3 5 6 4 7 5 4 5 5 6 6 3 2 3 4 5 4 8 5 7
M[66] : 6 3 7 4 6 5 1 7 4 5 4 6 4 7 1 3 5 6 5 6 5 4 8 1 4 6 4 7 7 3 4 7 4 4 1 4 2 4 6 5 4 5 6 4 4 3 4 0 5 4 5 4 6 2 7 6 3
M[67] : 4 2 2 1 6 6 5 6 9 0 7 5 4 4 5 6 2 6 2 5 1 2 5 2 6 6 4 3 3 4 4 4 7 5 3 6 3 5 7 4 2 2 5 3 7 7 3 5 2 4 3 6 4 5 4 3 4
M[68] : 5 2 3 4 5 7 4 6 5 5 7 5 4 4 2 6 5 2 4 6 6 2 4 4 4 3 6 3 5 5 5 5 4 2 3 5 3 3 5 3 5 5 4 3 7 7 4 2 4 6 5 5 0 6 1 5 5
M[69] : 3 3 3 3 5 4 1 6 6 7 5 4 6 4 7 1 8 5 5 3 7 1 3 2 6 5 5 4 5 6 4 2 6 4 3 5 4 4 4 5 7 5 5 7 0 5 2 6 5 5 4 4 3 5 5 5 3
M[70] : 4 5 5 5 5 5 4 3 6 5 5 4 4 3 6 4 4 6 2 4 4 5 8 4 5 7 6 7 5 5 5 3 6 2 5 4 6 3 2 3 6 3 6 0 4 4 5 5 7 6 2 4 4 6 4 6 5
M[71] : 3 4 5 4 4 4 5 4 3 6 2 6 3 6 6 6 4 5 4 3 2 4 3 2 3 6 5 5 2 7 6 4 4 6 3 2 4 6 3 3 5 5 3 5 3 4 5 4 5 7 0 6 5 4 4 4 4
M[72] : 4 4 4 7 3 4 2 3 1 4 2 5 6 3 5 3 7 6 3 3 3 6 1 4 4 6 5 6 3 5 6 3 4 4 4 4 6 3 8 5 4 6 0 4 6 7 3 5 1 4 5 3 5 5 2 6 5
M[73] : 4 6 3 6 6 3 3 7 5 2 5 3 4 4 5 6 4 3 7 3 4 4 5 3 3 6 6 5 6 7 4 5 3 6 5 2 5 5 3 4 3 6 8 2 0 4 4 2 2 2 4 5 6 4 3 4 7
M[74] : 5 3 2 4 4 4 5 3 3 3 4 6 0 6 5 4 7 5 4 4 3 5 5 4 5 5 6 5 4 4 4 3 5 3 3 3 5 5 6 3 4 4 5 4 3 4 3 5 7 2 4 7 4 5 3 5 4
M[75] : 5 3 5 5 3 6 3 5 4 3 5 1 3 2 4 6 6 7 5 2 7 5 5 2 4 5 4 6 5 5 4 5 5 8 4 4 7 6 7 3 5 6 6 4 4 5 6 3 4 5 3 5 8 0 6 2 4
M[76] : 2 5 4 6 4 3 3 4 4 3 4 4 3 5 5 3 6 3 5 6 3 3 5 5 8 3 0 4 4 3 5 4 5 3 4 3 4 4 4 6 6 6 4 2 7 5 6 5 3 6 3 4 5 4 5 5 5
M[77] : 3 3 7 7 4 5 4 4 4 5 4 3 5 5 6 3 5 6 5 6 5 2 6 2 4 5 5 5 4 3 3 3 6 6 2 5 7 1 6 6 3 6 4 5 7 4 4 5 2 7 4 0 6 7 4 2 6
M[78] : 3 3 0 5 6 6 3 6 4 4 3 2 5 5 5 4 4 4 6 2 4 3 1 5 3 5 6 4 4 5 1 3 4 4 4 6 3 4 3 6 3 6 8 3 3 4 5 3 4 6 7 6 5 2 1 4 6
M[79] : 3 5 5 1 5 5 7 0 4 1 6 3 5 5 5 2 3 3 3 6 4 4 4 4 2 3 5 4 6 5 6 5 6 4 5 4 7 5 4 3 6 5 7 7 3 4 4 5 1 7 8 4 3 6 7 5 5
M[80] : 5 5 2 3 4 6 6 6 7 5 4 5 8 0 6 7 6 5 5 4 5 4 2 5 5 3 4 4 5 3 4 6 3 2 7 7 3 7 4 6 5 5 4 2 2 2 7 3 3 5 7 7 5 6 5 2 4
M[81] : 5 4 7 3 3 6 6 4 6 4 7 5 4 5 5 5 4 3 4 5 4 3 5 6 5 6 1 6 5 5 4 2 5 7 4 5 0 5 3 4 6 4 3 5 3 5 3 4 7 4 5 6 2 5 4 3 5
M[82] : 4 4 0 7 8 5 3 1 5 4 2 4 1 4 5 4 5 6 4 5 6 6 5 4 2 3 4 3 3 5 5 3 5 3 5 3 6 6 5 4 5 3 3 6 5 4 5 6 6 1 5 5 4 4 5 5 6
M[83] : 2 6 5 5 5 6 2 6 4 3 5 5 6 3 5 5 4 7 3 4 6 5 4 6 4 2 6 0 4 4 8 4 6 3 4 4 4 6 6 4 7 5 5 4 2 8 6 5 2 5 3 6 2 8 6 5 2
M[84] : 7 3 3 3 6 2 2 3 7 5 5 7 5 3 5 6 6 3 4 4 8 5 4 6 5 3 5 3 7 7 3 5 5 0 4 6 4 5 3 7 6 4 4 4 7 6 4 2 4 4 5 8 3 4 5 7 4
M[85] : 4 3 7 6 3 5 3 7 4 6 4 7 6 5 5 8 6 5 5 6 6 7 5 2 4 6 5 4 4 7 4 2 2 3 4 2 2 3 6 4 7 7 5 6 6 5 5 6 6 4 4 5 0 5 6 6 4
M[86] : 3 5 3 6 3 4 6 0 7 3 3 3 5 4 5 6 5 1 8 5 5 4 6 4 6 4 6 3 6 8 5 5 4 4 4 4 2 2 2 5 7 7 4 5 3 6 4 4 4 6 2 5 5 2 5 4 6
M[87] : 6 6 0 4 6 5 4 4 5 3 2 5 6 0 5 5 4 6 4 5 4 2 5 4 4 4 5 3 4 3 6 2 3 6 4 5 5 5 3 4 2 3 5 5 4 2 4 5 1 7 4 6 4 3 5 5 7
M[88] : 5 4 6 4 4 4 6 6 5 4 3 3 4 4 4 6 7 5 4 5 4 6 6 6 4 4 5 7 6 3 2 4 2 4 4 5 5 7 3 4 3 7 3 3 5 3 4 5 5 6 4 0 5 5 2 4 6
M[89] : 6 7 7 3 5 3 4 3 6 4 4 6 3 4 5 6 5 4 7 5 3 4 5 3 3 4 4 3 0 6 7 5 6 6 3 5 2 6 5 3 4 8 3 4 4 2 6 7 7 3 3 4 5 4 3 8 4
M[90] : 6 5 4 5 5 5 4 4 4 4 5 4 5 3 2 4 5 3 7 5 4 6 2 5 3 5 4 5 5 5 5 5 5 4 6 5 4 4 5 5 7 5 4 5 3 6 7 7 0 7 4 7 5 3 4 6 5
M[91] : 3 4 6 6 4 8 6 1 2 3 4 3 3 5 4 4 2 4 5 5 4 6 6 2 5 0 1 1 5 6 1 2 6 3 1 5 5 4 4 2 5 5 4 4 5 3 5 5 4 7 6 3 1 3 3 3 5
M[92] : 6 3 3 5 4 4 4 5 0 3 3 5 5 6 6 6 6 5 4 3 6 4 3 5 7 4 4 5 7 4 4 4 3 6 1 3 5 4 7 3 3 6 3 5 6 4 4 4 5 6 5 4 1 2 6 3 5
M[93] : 5 4 5 5 7 1 1 5 3 3 4 6 2 1 2 5 4 5 0 3 2 3 3 2 4 4 7 4 3 2 5 4 4 5 7 4 6 6 5 4 2 7 7 7 4 4 6 3 5 4 4 4 5 5 8 3 2
M[94] : 7 5 3 5 1 6 4 4 5 5 2 6 3 3 5 5 6 2 7 2 3 4 4 4 5 0 5 5 2 2 4 3 2 7 8 5 4 7 4 5 6 5 6 4 4 6 6 6 2 3 5 2 3 3 3 1 3
M[95] : 7 3 0 7 6 5 5 7 6 4 5 4 2 5 5 3 2 3 6 5 5 3 8 5 5 5 4 4 3 7 2 3 5 3 5 5 7 2 6 4 5 6 7 2 4 4 1 5 5 4 3 5 7 5 4 3 6
M[96] : 4 5 3 4 6 5 4 3 2 2 5 3 3 4 7 2 0 5 6 3 4 5 3 5 6 3 5 5 6 5 6 4 5 5 3 3 5 4 6 3 3 5 2 5 3 6 7 5 6 6 5 4 7 6 5 4 5
M[97] : 5 7 5 6 2 5 3 5 5 5 4 5 3 7 2 2 9 4 6 4 5 5 5 4 6 3 4 2 0 3 5 5 5 5 3 3 1 2 5 4 4 3 1 4 7 3 3 4 5 5 6 4 1 6 3 3 4
M[98] : 4 5 5 4 4 4 5 4 2 2 7 3 4 5 3 4 6 5 5 7 6 5 4 5 5 6 8 7 5 3 5 4 4 4 3 6 7 7 4 3 0 4 5 3 3 5 4 4 5 5 6 5 6 5 3 3 6
M[99] : 3 6 4 2 3 3 2 5 6 5 5 5 5 4 7 5 3 3 6 4 4 4 4 5 5 3 4 0 4 4 4 3 2 3 5 5 2 4 5 4 7 7 7 5 4 5 5 6 5 5 6 1 3 6 5 8 4
M[100] : 3 4 2 4 6 7 5 5 4 3 0 4 4 7 5 5 4 4 6 6 4 5 6 3 5 5 3 2 4 4 3 7 4 5 5 6 6 4 4 7 7 5 3 4 2 4 5 3 6 9 4 1 6 4 4 3 6
M[101] : 6 1 5 5 4 5 6 2 6 0 4 3 5 7 3 5 6 5 4 4 4 4 5 2 5 6 3 6 5 3 4 2 6 3 3 5 3 4 3 5 7 5 3 3 3 7 6 5 5 4 4 4 4 6 4 3 2
M[102] : 5 4 6 4 3 5 3 5 6 2 6 4 3 6 4 0 1 4 4 5 6 4 5 3 6 5 5 4 4 4 5 5 7 5 3 6 6 5 4 6 6 3 5 2 7 5 3 4 5 2 3 5 7 4 8 4 5
M[103] : 4 5 4 4 3 4 6 6 2 4 5 3 4 3 6 4 4 4 8 6 4 2 5 2 3 5 4 4 5 0 5 5 5 6 4 3 3 5 3 2 4 3 2 8 5 3 7 4 6 3 6 3 5 7 5 4 2
M[104] : 6 3 5 3 6 5 0 5 4 4 4 4 3 4 2 4 1 7 5 5 4 5 4 5 6 3 2 4 5 6 2 5 7 5 3 5 4 6 4 2 6 6 6 5 6 5 5 6 5 6 5 4 7 6 5 6 3
M[105] : 3 6 5 5 5 5 6 4 0 5 4 5 4 5 4 6 6 4 3 5 5 4 6 5 5 4 3 3 7 3 7 2 5 5 1 2 4 3 5 5 4 4 2 5 7 6 5 6 6 7 5 7 8 8 4 4 5
M[106] : 3 3 3 4 1 4 3 6 6 5 2 1 4 5 4 4 6 8 7 4 5 6 7 3 1 6 5 5 6 6 4 2 3 5 4 6 3 0 5 5 6 5 3 3 5 4 5 5 7 3 5 5 3 3 4 3 6
M[107] : 4 3 4 3 2 0 4 2 1 5 4 5 3 8 6 4 2 5 3 4 5 6 3 3 1 7 6 3 4 1 5 4 7 6 5 6 5 5 4 4 5 5 5 2 3 3 3 6 5 7 5 4 6 4 5 8 4
M[108] : 4 4 4 1 3 5 6 2 5 5 5 4 4 7 5 3 4 6 4 3 5 5 7 5 4 7 4 4 1 1 4 5 5 7 7 0 4 3 3 4 8 4 5 3 4 6 2 3 4 5 1 7 3 4 5 2 6
M[109] : 5 5 4 6 3 4 4 5 2 5 4 5 2 3 4 4 4 0 6 3 3 3 4 4 4 4 4 6 6 3 5 6 9 3 6 5 3 4 8 5 3 3 5 6 3 5 4 3 3 3 3 6 3 6 6 4 6
M[110] : 7 4 0 4 3 7 6 5 4 4 4 4 2 3 4 7 5 6 7 5 3 2 6 5 4 5 4 5 4 6 2 5 6 7 4 7 2 6 6 2 5 6 5 2 5 2 5 8 5 4 5 4 4 4 4 7 3
M[111] : 5 3 2 4 4 6 6 5 7 3 6 5 4 3 3 1 3 4 4 6 7 3 9 4 5 3 3 6 6 6 3 3 7 5 5 5 5 7 5 4 5 4 3 0 4 0 6 4 7 4 5 5 6 3 5 7 5
M[112] : 4 5 7 5 0 5 4 3 7 2 4 3 3 7 4 4 6 5 3 4 6 5 4 5 4 5 3 5 3 4 5 6 4 6 4 3 5 4 4 2 6 4 7 2 4 6 4 6 4 6 7 3 2 6 6 7 1
M[113] : 6 3 6 6 6 4 5 6 5 4 5 3 4 2 4 2 7 4 4 3 4 3 5 0 5 3 5 5 4 5 4 5 4 7 4 3 3 5 6 4 3 4 2 3 5 6 6 8 4 6 6 4 3 6 4 3 3
M[114] : 4 4 3 3 7 2 5 3 3 2 4 3 5 3 8 6 3 7 4 5 5 4 6 3 0 3 7 6 4 3 4 6 4 6 5 4 5 5 3 4 5 5 4 4 5 5 5 0 5 6 3 1 3 6 4 6 8
M[115] : 8 5 5 0 3 3 4 5 4 5 5 5 4 5 6 2 2 2 5 4 4 4 5 1 6 6 4 5 6 6 7 4 4 3 3 7 1 4 4 3 7 5 3 4 6 3 6 3 4 5 3 6 5 4 5 5 4
M[116] : 5 3 4 3 3 4 6 4 5 1 6 4 3 6 5 4 5 2 5 5 2 6 6 4 3 4 4 4 7 7 4 5 5 6 4 2 3 4 6 3 5 4 7 6 4 7 4 5 4 0 7 5 2 7 3 2 5
M[117] : 5 5 5 2 5 4 5 7 5 1 6 4 5 5 3 4 4 7 3 4 4 2 5 5 6 3 6 4 6 3 2 6 4 4 5 5 2 7 6 6 5 6 5 5 4 3 4 7 6 2 3 3 6 2 6 0 8
M[118] : 3 2 4 4 4 3 3 5 5 5 3 5 3 7 6 2 5 3 5 5 2 3 4 5 6 4 5 2 7 2 4 5 6 6 6 6 4 5 6 4 9 3 4 6 5 7 4 4 4 2 3 5 4 6 4 5 0
M[119] : 3 7 5 4 6 6 4 6 3 4 6 2 3 6 4 5 5 5 4 6 4 4 4 4 6 4 7 7 3 5 6 3 3 5 4 3 3 5 7 0 4 5 7 5 7 5 3 2 7 4 6 3 5 2 4 6 4
M[120] : 3 4 2 4 4 5 2 5 4 4 3 4 3 5 1 5 3 6 5 3 4 4 5 4 4 3 0 5 5 8 3 4 4 2 4 4 4 5 4 7 6 6 3 5 7 5 3 6 5 3 4 7 6 5 2 7 6
M[121] : 3 2 3 4 5 3 2 4 6 4 4 4 5 5 3 5 4 0 7 6 6 5 4 2 3 6 6 3 6 5 5 4 1 4 3 7 5 4 3 6 7 3 3 6 4 4 3 5 4 3 5 4 5 5 4 5 6
M[122] : 5 5 4 5 4 7 5 7 6 3 3 1 5 5 6 5 5 4 8 7 6 3 6 4 4 4 4 7 6 5 5 6 3 4 4 5 3 4 4 3 4 3 5 4 2 8 5 3 6 0 6 4 3 1 7 4 7
M[123] : 6 2 4 4 4 3 3 5 4 5 6 2 4 5 6 4 3 4 3 4 6 5 5 5 6 2 3 4 6 6 6 5 5 5 4 6 4 5 4 6 5 5 7 5 2 4 7 3 4 3 0 3 7 5 5 6 3
M[124] : 5 4 7 8 3 3 1 5 5 2 5 0 5 3 6 4 6 4 4 7 8 4 7 5 3 4 0 6 4 7 3 4 3 5 2 5 4 5 1 3 7 7 5 3 6 7 6 5 7 5 2 5 6 4 5 3 5
M[125] : 6 1 4 5 5 2 7 6 6 3 1 3 4 7 6 5 6 4 3 3 6 5 4 3 5 6 5 6 7 5 5 5 4 5 4 5 3 5 2 7 7 0 6 4 4 2 6 5 6 2 1 3 5 3 4 5 7
M[126] : 4 4 4 6 6 5 3 4 0 6 2 4 6 4 5 6 3 6 4 6 3 4 5 4 4 6 4 4 6 2 2 6 5 3 3 1 6 6 5 4 7 5 5 2 3 5 4 3 5 4 5 4 4 5 4 5 3
M[127] : 6 5 6 3 5 6 4 3 5 2 5 6 5 6 4 5 6 4 3 5 4 3 4 5 2 3 4 6 4 2 5 4 5 6 5 3 4 4 9 4 7 4 6 6 2 4 6 7 5 6 0 5 4 3 5 1 3
M[128] : 5 4 4 5 5 5 5 3 3 3 4 4 5 4 6 4 5 6 0 4 4 2 4 5 5 7 4 5 3 5 7 5 6 5 3 4 5 4 6 6 6 4 4 5 6 2 5 3 4 5 4 5 2 4 5 6 3
M[129] : 6 6 2 1 2 3 3 5 5 3 5 2 3 4 5 4 5 4 5 7 5 7 5 4 3 5 7 3 5 6 7 5 3 3 4 6 5 5 4 4 5 3 5 0 6 3 5 5 4 5 7 5 4 6 5 5 3
M[130] : 0 3 4 6 5 5 4 5 6 5 3 5 5 4 6 3 3 5 4 5 2 3 4 3 4 8 5 4 5 4 5 5 5 3 3 3 2 3 4 6 2 2 6 7 2 4 5 6 3 3 5 6 6 1 6 6 5
M[131] : 5 4 3 5 5 4 3 7 3 4 7 2 4 4 4 6 6 3 1 6 5 6 4 4 5 7 6 4 4 5 4 7 6 6 6 4 2 7 5 6 6 5 5 4 3 5 4 7 2 3 0 5 8 6 5 4 6
M[132] : 4 4 5 5 5 4 4 4 4 5 6 6 5 7 5 3 2 4 5 5 6 4 5 5 3 1 8 2 5 0 5 5 5 3 3 2 4 6 6 5 2 4 4 5 6 8 4 4 3 5 6 7 7 5 6 3 6
M[133] : 1 3 0 6 6 6 5 3 3 3 6 4 2 6 6 6 6 5 7 3 6 6 3 4 5 4 6 6 6 5 4 3 5 3 6 6 3 3 3 5 5 4 7 2 2 4 5 4 5 1 6 3 5 5 6 5 4
M[134] : 3 3 5 5 2 5 4 6 5 6 4 2 7 4 2 8 4 5 5 2 3 6 7 5 4 5 5 4 4 2 5 2 3 4 6 4 7 3 5 4 3 3 7 4 5 5 4 6 5 3 6 3 0 3 4 5 2
M[135] : 4 4 7 4 4 5 2 5 7 7 4 3 3 4 8 6 0 6 5 4 3 6 5 6 5 6 6 7 6 6 4 1 8 7 3 3 6 3 4 5 5 6 3 4 5 7 4 6 4 4 7 9 3 8 4 4 2
M[136] : 0 4 3 5 3 4 6 4 7 7 6 5 6 5 2 6 3 7 3 5 5 5 4 2 4 7 7 5 2 0 3 3 2 6 5 5 3 4 4 4 5 5 5 3 5 6 2 4 5 1 4 6 3 4 5 4 5
M[137] : 6 4 3 5 5 7 6 4 3 4 2 4 6 3 4 4 3 5 8 4 4 7 5 5 5 6 3 6 2 6 6 6 6 6 3 8 4 6 8 5 0 4 4 5 3 6 7 4 6 5 5 6 3 5 2 4 3
M[138] : 5 4 7 5 7 6 2 6 3 5 2 7 5 4 2 5 3 7 0 5 5 5 5 2 6 7 4 4 5 3 3 5 6 4 4 5 6 5 4 5 6 4 5 7 5 7 2 5 5 2 5 5 4 5 3 4 6
M[139] : 5 7 4 3 2 3 5 5 2 0 3 5 5 6 3 6 5 3 4 4 5 4 6 2 4 1 6 5 4 4 6 8 6 4 4 7 6 2 5 3 5 3 7 3 6 6 6 0 5 3 3 5 3 3 3 3 6
M[140] : 3 4 4 5 6 5 4 7 4 3 5 4 2 4 7 4 4 5 5 5 6 5 7 5 4 4 5 5 0 3 4 7 6 3 4 3 5 7 5 3 5 5 6 6 4 6 4 2 4 6 4 6 7 6 6 4 5
M[141] : 3 3 5 6 6 4 5 3 4 3 4 4 3 7 6 6 5 4 5 7 3 6 3 5 3 3 0 4 6 6 4 5 3 5 6 6 6 4 7 4 5 4 5 2 5 4 4 3 6 4 3 6 4 5 6 3 7
M[142] : 5 6 6 6 4 5 2 5 2 4 4 3 4 4 4 7 4 3 6 6 4 5 5 3 4 4 5 2 4 6 5 4 5 3 2 4 4 4 3 3 5 6 6 3 5 7 5 5 6 7 7 5 3 3 0 5 7
M[143] : 5 3 5 3 4 2 4 4 3 3 3 4 6 5 4 2 6 4 8 2 3 3 6 3 6 5 5 3 6 1 3 6 0 3 4 5 5 3 5 5 7 3 3 4 6 5 4 5 6 6 4 3 2 6 8 6 5
M[144] : 4 5 3 5 4 6 5 5 4 6 3 3 5 3 5 5 7 3 2 4 4 4 3 3 5 2 3 5 3 6 6 6 5 4 1 4 3 4 4 4 2 4 3 7 3 2 7 4 0 5 3 5 3 5 4 5 7
M[145] : 1 5 5 4 6 4 0 6 4 3 5 4 6 8 7 6 6 4 2 3 7 4 3 3 8 5 5 3 7 6 6 3 6 6 5 7 2 5 4 2 5 6 5 4 4 5 4 5 2 5 3 2 4 3 2 8 4
M[146] : 5 3 4 3 5 5 4 5 6 6 2 8 4 3 5 5 5 7 4 4 6 3 5 5 5 7 3 7 5 5 4 6 2 2 2 5 4 6 6 4 7 6 4 2 3 0 4 3 6 6 6 6 4 3 4 5 2
M[147] : 3 5 5 7 3 1 4 4 7 3 4 5 7 4 3 4 6 1 4 4 4 4 4 5 0 4 3 6 6 5 2 5 5 2 4 6 3 5 2 6 4 2 8 3 3 5 4 8 4 1 3 4 4 2 7 6 6
M[148] : 7 5 3 5 5 4 4 5 4 5 3 4 3 6 4 4 4 2 1 6 6 1 6 0 5 3 5 6 6 7 4 2 3 2 4 2 3 3 4 3 3 5 4 2 4 5 5 1 7 4 2 5 4 4 4 2 3
M[149] : 4 4 4 3 4 2 6 4 2 4 3 7 2 4 4 6 6 5 4 7 2 5 0 3 3 4 4 3 3 6 2 1 0 4 7 2 5 5 8 2 6 3 9 6 5 5 5 8 6 2 5 6 4 4 4 7 5
M[150] : 6 5 4 3 6 4 4 4 3 4 5 5 4 5 2 7 7 6 5 5 4 3 6 3 6 6 4 4 4 6 4 6 4 3 0 6 2 5 5 3 5 5 4 3 5 4 6 3 4 3 6 2 4 6 4 4 4
M[151] : 0 5 4 6 5 5 3 5 3 5 6 4 5 6 4 4 1 3 5 5 4 4 5 4 6 6 4 2 5 4 5 4 6 5 4 4 5 3 4 5 3 2 6 7 4 4 3 3 5 7 3 3 3 7 3 5 6
M[152] : 2 3 4 6 7 3 3 7 3 5 4 5 5 2 5 4 5 7 2 4 6 6 4 4 5 5 4 6 4 5 7 5 3 4 6 5 5 4 6 7 4 5 5 3 5 6 6 6 3 5 6 5 5 0 3 6 6
M[153] : 3 6 5 5 5 3 0 5 0 5 5 5 4 6 5 6 5 5 4 3 4 5 4 5 3 3 3 5 4 4 6 6 4 6 3 3 3 7 4 3 3 6 5 4 3 6 4 5 4 2 7 5 3 3 5 5 4
M[154] : 4 5 6 3 4 4 3 5 3 4 4 4 4 4 5 5 7 4 3 6 4 4 4 4 3 0 8 6 6 3 3 3 4 5 5 7 3 3 3 2 4 6 4 5 4 6 7 3 7 3 5 5 2 5 4 5 5
M[155] : 5 2 4 3 4 3 1 6 6 5 0 5 5 6 7 6 6 5 7 6 8 5 6 4 4 4 5 5 5 7 2 5 4 5 3 4 6 6 5 3 3 5 6 6 6 6 3 6 4 5 4 6 6 6 5 6 5
M[156] : 5 4 6 4 3 3 4 5 5 3 5 8 7 5 3 5 8 2 6 5 4 5 5 3 4 5 5 4 6 7 4 2 4 4 2 6 4 5 3 3 1 0 3 2 3 4 5 2 7 2 5 6 5 5 6 4 2
M[157] : 5 4 6 5 6 5 2 4 7 3 7 2 6 4 5 3 3 5 4 6 5 2 4 3 5 5 7 5 2 6 5 6 5 6 4 6 4 4 3 4 5 2 0 3 6 6 3 5 4 6 7 4 6 4 6 4 6
M[158] : 3 3 5 2 6 0 3 2 4 4 7 4 4 6 4 5 6 8 6 8 5 6 7 3 5 3 4 4 6 6 6 3 2 6 4 6 0 4 2 0 4 6 6 1 3 2 5 6 6 6 6 4 6 5 3 3 5
M[159] : 3 1 4 4 5 4 4 6 6 6 2 4 6 6 6 3 6 4 3 3 4 4 3 3 6 4 7 3 3 6 3 5 6 4 5 4 2 5 4 2 6 2 7 2 4 0 6 4 6 6 4 5 7 4 5 5 5
M[160] : 5 4 6 3 1 4 6 3 5 4 6 4 3 2 3 5 0 9 3 5 3 5 6 3 4 7 6 3 4 2 4 5 3 5 7 6 4 6 5 8 5 6 5 5 8 6 5 5 6 5 6 5 3 7 4 6 4
M[161] : 4 4 6 4 5 6 4 4 4 2 4 4 4 6 7 3 4 3 5 4 6 4 6 3 3 4 2 4 5 6 2 0 3 3 4 6 3 5 3 3 4 5 5 4 3 7 4 6 6 6 7 5 3 3 6 3 6
M[162] : 7 4 6 6 5 4 4 6 7 4 6 4 4 3 4 1 6 4 4 2 4 2 4 4 5 2 4 8 6 3 6 7 5 3 5 3 4 2 3 5 4 3 4 3 5 2 5 6 6 5 3 4 4 0 6 7 4
M[163] : 4 5 3 4 4 2 2 1 4 4 5 6 6 5 3 5 7 6 3 8 6 3 5 3 2 5 4 7 2 0 5 6 6 4 1 4 4 3 6 4 6 1 2 4 5 2 5 0 4 4 2 5 5 7 5 4 5
M[164] : 5 2 4 4 5 6 3 4 5 3 5 3 4 5 4 6 3 6 5 4 2 2 4 4 6 4 7 5 5 0 5 3 6 3 4 4 6 6 4 5 5 3 6 5 2 4 4 4 3 5 2 7 4 5 4 3 0
M[165] : 7 3 6 3 0 3 4 5 5 2 7 3 6 9 3 5 7 5 5 3 5 6 6 5 3 4 6 5 4 2 3 2 6 3 3 3 3 3 2 5 3 3 6 5 3 3 3 4 4 5 2 5 4 4 3 4 3
M[166] : 4 2 4 3 6 5 5 5 7 6 3 3 4 3 6 4 5 8 2 3 6 0 4 5 3 3 7 3 6 8 6 2 3 6 2 5 4 8 4 8 5 5 6 4 2 3 7 6 7 4 7 7 2 5 4 4 5
M[167] : 5 4 2 3 5 4 5 4 4 6 4 1 2 3 6 4 6 3 3 6 5 5 4 4 3 4 6 2 5 3 0 4 6 4 3 5 3 4 5 3 5 4 5 4 4 6 4 6 6 8 6 2 6 5 4 5 3
M[168] : 4 5 7 2 2 3 4 4 4 5 5 3 7 4 0 7 4 4 5 1 6 5 6 2 6 5 5 3 6 5 4 6 4 3 4 4 6 4 4 4 5 4 4 3 4 3 6 1 6 4 5 6 3 4 3 2 4
M[169] : 5 5 5 5 8 5 6 7 2 2 7 1 3 5 8 3 4 2 7 5 4 2 6 5 4 3 2 4 5 5 5 5 6 4 4 8 5 4 6 3 6 4 0 5 7 3 6 7 6 4 4 4 5 4 7 4 7
M[170] : 5 4 5 7 3 6 3 4 2 4 2 3 3 5 6 4 6 6 7 6 4 0 6 2 3 4 4 6 4 5 5 6 2 4 6 3 5 3 6 6 6 5 3 4 2 3 4 4 4 4 2 4 5 3 4 4 6
M[171] : 0 3 6 5 6 3 2 5 5 5 3 4 3 7 4 3 4 6 4 5 6 3 3 1 5 2 3 3 4 2 3 4 6 6 3 2 3 2 3 5 7 4 6 5 3 7 5 5 7 2 4 4 5 6 4 4 4
M[172] : 5 3 5 5 6 4 0 3 6 3 4 3 3 4 5 4 7 5 5 5 3 4 4 5 5 3 5 5 6 6 7 5 2 5 4 5 3 2 8 2 1 3 3 4 5 5 6 6 4 1 6 7 8 2 4 6 6
M[173] : 4 4 6 6 5 5 2 4 7 1 3 3 3 4 4 0 5 6 5 4 4 3 7 3 6 6 6 1 6 3 6 2 6 7 7 8 4 4 4 6 6 3 7 6 4 6 4 5 3 4 9 5 3 3 3 7 3
M[174] : 5 6 3 5 7 5 3 3 5 4 5 4 4 3 3 3 4 5 4 3 5 5 3 4 3 5 7 2 3 7 3 0 3 8 6 7 6 5 3 2 6 6 8 5 4 5 5 3 2 3 3 3 4 6 3 6 5
M[175] : 3 2 5 4 5 6 5 5 3 4 5 4 3 5 3 5 2 3 4 5 5 4 3 5 5 3 6 2 6 5 3 7 4 5 6 6 3 1 5 5 7 3 3 6 5 5 3 6 3 0 4 6 6 4 2 6 6
M[176] : 6 4 3 4 0 6 6 4 5 3 2 6 4 5 6 5 6 6 2 4 5 5 5 2 4 5 5 2 4 2 4 6 5 6 3 3 0 7 4 4 7 5 4 4 6 4 5 4 5 2 6 6 6 6 2 3 5
M[177] : 5 3 4 5 5 2 4 4 5 3 5 3 5 6 4 5 5 3 0 3 6 3 1 4 6 5 6 4 5 5 3 5 3 4 3 5 4 6 4 4 9 7 4 6 6 6 4 5 7 7 4 1 6 6 4 5 6
M[178] : 5 6 4 6 3 3 4 6 3 4 5 4 1 5 5 3 6 4 7 4 7 6 3 3 3 3 4 4 2 4 4 5 6 4 2 5 5 6 5 0 2 7 5 4 6 5 6 2 8 5 5 7 4 5 5 6 5
M[179] : 6 3 3 7 5 7 3 4 7 4 6 2 6 5 4 3 3 5 7 8 3 4 5 3 6 4 6 4 4 4 4 4 4 7 4 6 5 0 5 6 4 4 5 5 2 4 6 3 3 4 6 6 2 5 6 4 6
M[180] : 4 3 3 2 4 5 6 6 2 6 0 4 4 5 5 2 4 2 3 4 4 4 6 5 5 4 6 7 2 6 6 4 3 3 4 5 4 4 5 5 5 2 5 2 6 2 5 5 3 6 4 5 4 5 6 5 3
M[181] : 4 5 4 6 6 4 4 3 2 5 6 4 2 3 4 5 3 7 4 8 8 4 4 4 8 5 4 2 4 5 4 4 3 4 0 6 5 4 7 3 4 7 5 4 5 1 4 4 6 5 2 6 5 4 5 4 7
M[182] : 4 5 5 6 4 4 5 5 5 4 3 4 3 4 0 6 6 5 1 7 4 8 7 5 5 6 6 3 6 5 6 4 5 4 1 7 6 4 2 4 4 4 5 2 5 5 6 5 5 5 6 8 5 6 6 4 4
M[183] : 4 6 6 6 5 7 4 5 5 5 5 4 4 5 3 5 4 5 2 4 6 4 4 5 6 5 6 2 5 2 2 3 0 3 3 7 5 6 4 4 4 2 4 3 4 2 5 3 4 1 5 5 5 4 3 4 3
M[184] : 5 3 4 5 0 4 5 6 4 7 3 4 5 5 2 3 2 3 6 2 3 5 5 2 5 3 7 4 3 4 5 4 4 3 6 5 6 5 4 3 3 5 4 4 4 8 4 5 4 3 3 3 5 4 6 7 5
M[185] : 5 6 0 4 3 6 2 2 2 3 3 4 5 3 5 6 1 1 6 5 5 4 6 3 7 5 6 7 6 5 6 4 7 3 4 5 7 2 1 4 4 9 6 3 6 4 4 5 5 3 5 5 6 4 2 6 4
M[186] : 3 2 3 3 6 5 3 7 6 5 7 3 2 3 4 4 3 4 7 5 4 3 5 4 5 6 7 3 6 5 5 2 6 4 3 4 4 2 5 2 5 2 4 6 7 7 3 7 6 0 2 7 6 7 4 6 7
M[187] : 4 4 4 3 2 4 5 7 2 3 5 5 5 4 5 4 6 5 5 7 7 4 6 4 3 5 2 6 6 6 2 2 1 5 3 5 5 4 3 5 3 5 7 0 7 5 6 2 4 7 5 4 3 5 4 3 5
M[188] : 3 4 5 4 4 5 5 5 3 2 3 7 4 5 4 5 2 3 4 6 6 5 5 2 3 5 5 5 5 5 5 6 3 3 3 4 3 3 6 7 6 0 3 4 2 4 4 4 5 5 6 3 5 8 5 3 5
M[189] : 2 4 6 5 0 2 3 7 5 4 4 4 3 4 2 4 3 2 6 7 7 5 1 4 6 6 5 1 6 4 4 5 3 5 4 4 2 5 4 8 5 1 5 3 4 5 5 4 3 6 4 4 1 5 4 4 6
M[190] : 5 4 4 7 2 5 3 4 8 5 4 5 5 3 6 4 5 4 5 6 4 2 6 4 3 8 4 3 6 3 4 8 6 5 7 5 4 4 0 7 4 5 5 3 6 6 3 4 3 6 4 6 9 7 3 3 4
M[191] : 0 6 5 5 6 7 3 1 4 4 3 6 4 6 7 6 4 6 3 6 2 5 6 6 3 2 2 3 4 2 6 4 6 5 4 5 3 5 4 4 4 4 2 2 5 4 4 6 3 3 5 4 7 6 8 3 4
M[192] : 4 4 2 4 4 4 1 5 5 2 5 6 1 7 2 7 5 4 5 9 4 1 6 4 6 5 6 6 4 6 4 7 5 4 3 5 3 3 5 5 5 3 4 7 4 8 5 4 4 0 6 8 4 5 3 5 6
M[193] : 5 4 5 5 5 5 6 5 6 5 5 3 4 6 4 6 5 3 3 5 6 2 4 5 4 2 4 7 5 3 5 4 4 5 6 5 4 7 3 3 6 3 4 4 6 4 0 6 6 4 3 6 6 3 3 6 5
M[194] : 4 6 6 5 7 6 5 3 5 6 4 4 3 7 3 4 6 6 6 4 4 2 8 7 3 5 5 0 3 3 6 7 6 4 4 4 4 5 3 2 4 2 7 1 5 3 3 5 6 5 4 6 4 3 5 6 4
M[195] : 4 4 7 3 4 3 5 5 3 5 2 3 3 5 4 4 3 2 4 4 5 4 4 4 5 1 3 3 5 4 6 4 5 4 5 4 4 4 6 5 3 5 0 4 5 5 4 4 6 5 7 6 6 5 4 4 3
M[196] : 5 4 2 3 4 2 6 4 6 6 4 5 3 5 8 5 4 6 3 3 6 3 6 6 7 4 2 8 0 6 7 4 5 6 1 4 4 4 5 4 3 4 5 4 3 5 4 3 2 5 5 4 5 4 7 3 4
M[197] : 1 3 6 3 8 3 0 5 5 5 4 5 3 6 5 4 4 3 6 4 6 2 5 4 3 3 5 1 2 4 2 5 6 5 4 5 0 4 4 3 3 8 7 3 5 5 6 8 3 2 3 5 6 4 2 7 5
M[198] : 7 4 6 4 5 5 4 3 3 4 6 3 4 6 5 4 5 6 4 3 5 1 4 4 4 7 3 3 6 4 4 6 0 6 5 4 3 4 6 3 5 3 5 5 3 4 4 6 5 6 8 3 5 4 6 6 5
M[199] : 5 4 4 2 6 7 3 6 4 6 6 5 5 0 5 3 4 4 5 5 3 1 5 4 7 3 6 8 4 7 5 3 6 2 5 5 6 5 3 4 4 3 5 5 3 4 4 4 4 4 6 6 6 5 2 6 2
M[200] : 8 1 5 7 4 9 7 6 4 3 4 4 4 6 5 5 5 6 4 7 7 4 7 3 3 5 3 4 4 5 6 6 5 6 5 6 3 5 4 0 7 5 6 6 6 6 3 8 3 3 6 5 6 5 6 4 6
M[201] : 6 4 6 3 3 4 1 6 2 2 2 6 3 7 3 2 5 3 4 7 7 4 2 4 6 7 4 3 5 6 4 4 7 5 3 4 1 6 3 4 5 6 1 3 4 5 2 3 5 5 6 4 4 6 2 0 5
M[202] : 6 2 7 7 3 6 3 4 3 6 5 5 4 4 2 4 8 4 4 3 4 6 0 7 7 7 5 4 7 5 4 5 4 4 4 4 2 4 5 3 5 6 4 5 5 4 7 6 6 5 4 4 5 2 6 1 2
M[203] : 4 7 8 0 4 5 2 6 5 3 6 4 2 6 5 5 4 6 6 4 4 4 5 5 4 4 3 3 3 6 6 6 5 5 6 6 3 4 3 5 4 5 6 4 6 6 4 3 5 5 0 6 6 6 4 6 2
M[204] : 5 5 6 5 6 5 5 2 7 6 2 7 0 3 4 6 3 6 4 3 4 2 6 4 5 2 5 4 4 3 5 2 4 5 6 6 6 6 2 3 2 4 7 4 5 4 6 3 5 4 5 5 5 4 5 4 5
M[205] : 0 4 3 4 1 1 4 6 4 1 4 5 5 3 3 7 2 7 5 4 3 6 4 8 4 7 0 5 4 5 2 5 6 3 6 5 4 3 2 3 4 6 4 4 6 7 5 6 4 3 5 3 4 5 3 4 6
M[206] : 7 5 5 3 5 3 6 5 5 4 4 4 4 3 5 4 4 5 5 6 3 5 4 7 4 6 6 5 4 2 2 5 6 5 3 4 5 5 6 5 4 6 4 5 6 4 7 5 4 7 4 4 5 0 5 7 9
M[207] : 3 2 3 4 5 7 5 3 4 4 5 5 4 4 4 7 7 4 6 6 0 5 5 4 4 5 3 5 3 5 7 8 4 6 8 5 5 6 4 6 8 2 4 4 5 5 6 3 3 4 3 3 2 3 2 5 5
M[208] : 3 4 4 4 5 2 0 6 7 5 4 3 4 4 7 5 6 5 4 5 3 2 5 5 4 5 5 5 3 6 5 3 6 3 5 7 3 6 5 5 7 6 5 2 7 2 6 3 5 3 7 4 4 4 3 5 3
M[209] : 4 3 4 4 8 5 4 5 1 2 4 5 2 2 4 5 6 6 6 5 3 3 3 5 2 5 3 4 5 6 5 6 6 4 3 6 5 3 3 5 3 4 6 0 7 3 4 6 5 4 7 5 6 6 4 4 6
M[210] : 3 2 5 6 5 5 4 8 4 4 5 5 5 3 5 5 2 4 0 4 7 3 5 4 5 1 4 4 7 4 3 5 4 5 3 6 4 6 4 2 7 2 6 4 5 7 2 6 7 5 3 6 4 4 4 3 5
M[211] : 5 3 5 5 6 5 3 7 2 2 4 3 6 0 6 6 6 5 3 4 6 0 3 4 2 5 4 3 7 5 3 7 3 6 6 4 3 4 4 2 4 6 4 4 4 3 2 7 4 3 6 2 6 5 3 5 4
M[212] : 4 5 4 6 2 4 3 4 2 7 6 2 4 7 2 3 3 5 7 4 2 2 4 2 6 6 6 4 5 4 3 4 5 4 6 0 4 6 6 6 4 5 7 5 6 5 4 6 6 6 9 5 4 7 1 7 4
M[213] : 7 5 6 1 4 3 5 7 5 6 4 2 4 6 6 6 5 0 4 7 5 7 5 3 5 6 5 4 4 4 6 4 4 5 3 5 1 4 6 4 3 3 3 4 7 5 4 2 2 4 3 4 8 5 3 7 4
M[214] : 5 2 5 2 4 5 4 4 6 5 3 3 1 6 4 4 4 2 2 3 7 5 3 2 3 4 5 7 3 4 3 5 4 5 5 4 4 7 6 6 6 5 5 3 4 6 3 4 1 3 0 2 6 2 4 5 2
M[215] : 6 5 4 3 6 7 6 2 4 4 3 2 5 3 4 5 4 5 4 5 5 3 2 5 4 3 4 7 3 5 4 4 4 3 5 0 5 4 6 5 5 4 3 5 6 6 5 5 6 4 3 3 8 6 4 4 3
M[216] : 2 4 8 3 6 0 3 5 6 3 3 2 5 5 4 3 6 2 6 3 1 8 5 4 1 5 5 7 1 5 7 3 5 4 3 4 2 4 5 3 5 4 2 3 4 3 4 7 7 4 3 5 7 3 6 3 4
M[217] : 6 3 6 7 5 2 2 4 4 6 3 8 5 5 5 5 4 7 5 4 5 3 3 2 1 5 4 7 7 3 3 0 2 4 3 3 4 5 6 4 3 5 3 6 4 4 3 4 3 4 3 5 4 5 4 2 2
M[218] : 5 0 3 4 7 2 2 4 4 2 2 3 3 4 1 5 6 7 6 7 6 4 4 7 6 5 4 6 7 5 3 8 3 4 5 6 4 2 3 5 3 2 4 2 1 5 4 3 4 7 6 3 4 4 6 7 4
M[219] : 2 6 2 4 3 3 5 5 5 3 1 2 4 4 6 6 5 6 4 5 5 3 4 2 4 4 7 4 4 6 0 4 5 4 3 4 4 5 2 7 7 2 6 4 4 3 5 2 5 4 7 3 2 6 6 4 3
M[220] : 7 4 3 3 4 6 7 5 6 5 4 2 3 2 6 6 5 2 6 5 6 7 5 4 3 0 4 5 4 4 5 5 7 6 5 5 4 6 3 6 5 4 5 6 5 6 3 5 4 5 4 4 5 5 4 8 5
M[221] : 6 5 6 6 6 5 6 4 6 6 4 5 2 4 6 4 2 4 5 0 6 3 3 5 2 8 7 6 3 2 5 5 3 5 7 4 3 3 5 6 4 6 3 6 6 3 4 3 4 8 5 4 5 5 3 5 3
M[222] : 4 3 6 3 3 3 2 4 3 4 3 4 3 0 5 7 5 0 5 5 5 4 6 3 4 2 7 6 4 5 2 6 4 3 4 7 4 5 5 5 6 4 2 7 5 6 3 0 8 2 3 4 5 6 4 4 5
M[223] : 2 3 6 4 4 3 3 6 3 5 4 3 7 3 3 6 7 4 4 5 3 5 4 7 7 4 5 5 5 5 0 4 3 5 5 4 2 5 3 5 6 4 4 5 5 4 5 4 4 6 3 6 7 6 6 5 6
M[224] : 5 5 4 3 3 6 7 1 6 2 3 5 2 3 6 5 4 0 6 2 6 5 4 6 3 3 4 7 6 6 4 5 8 2 4 3 4 6 4 4 6 5 4 4 5 5 4 6 5 4 5 4 6 5 4 5 5
M[225] : 3 3 4 6 5 5 2 0 5 3 4 5 3 3 5 6 6 6 5 4 2 3 3 5 5 4 4 2 5 6 4 7 4 4 3 5 3 4 5 2 4 3 6 3 5 5 3 6 3 4 4 5 5 6 5 4 4
M[226] : 3 6 6 2 6 4 5 6 4 4 4 5 7 4 3 5 5 7 7 3 3 5 4 4 4 2 5 2 6 4 7 8 5 5 2 6 6 3 5 4 7 3 3 6 1 0 2 4 5 6 6 4 3 6 3 2 3
M[227] : 4 3 2 6 5 4 8 4 4 5 0 3 3 4 5 7 7 6 3 6 6 6 4 3 5 5 5 6 6 3 5 4 6 6 4 3 2 5 5 6 3 4 6 5 4 4 5 2 8 6 6 6 5 3 2 3 3
M[228] : 4 3 3 4 4 3 5 4 3 4 2 4 6 2 3 5 4 4 4 4 4 4 6 3 6 2 4 4 4 5 6 4 5 5 2 4 4 4 5 5 6 2 0 4 6 3 5 3 4 4 4 3 4 5 4 5 3
M[229] : 4 6 3 7 6 7 5 6 5 5 4 4 4 6 3 6 3 6 4 7 6 4 6 2 6 5 4 8 4 5 2 0 5 3 4 3 5 1 6 4 4 3 4 4 4 6 5 6 5 5 4 5 7 5 4 5 4
M[230] : 7 2 3 5 5 6 5 2 4 6 4 4 4 0 7 5 4 5 3 5 4 3 4 5 3 5 4 4 0 8 2 4 6 4 6 5 4 6 7 2 4 4 6 5 3 6 6 4 4 4 3 3 6 5 4 4 7
M[231] : 6 4 6 3 6 5 4 8 6 2 4 5 4 3 2 3 8 5 0 5 5 3 6 3 5 2 4 5 8 5 4 5 5 5 5 4 5 5 2 5 4 7 5 2 4 3 4 7 6 4 4 4 3 4 4 3 2
M[232] : 4 3 5 4 5 6 2 5 5 5 3 1 5 1 6 3 5 5 4 5 4 3 3 2 2 5 3 5 5 4 2 5 6 4 3 4 6 6 5 0 8 4 3 4 4 4 5 4 4 5 6 3 6 5 6 3 2
M[233] : 3 3 6 5 5 7 5 7 3 3 3 5 2 5 5 5 6 6 5 4 2 5 5 2 4 4 7 6 6 5 6 5 3 5 6 2 6 6 6 4 0 5 2 4 5 5 5 7 6 5 3 5 4 5 3 6 4
M[234] : 5 3 5 2 6 2 6 5 4 5 5 4 4 5 4 4 6 4 5 3 4 3 0 5 5 2 3 5 7 6 2 2 4 5 4 5 5 7 4 4 4 4 4 3 4 4 6 5 3 5 5 5 6 6 7 4 3
M[235] : 7 6 5 5 7 4 6 4 5 5 3 6 4 7 4 0 3 7 6 3 5 3 3 7 5 6 5 5 6 2 3 4 6 3 4 1 4 5 3 2 4 5 8 3 2 6 5 2 7 7 4 4 6 4 6 6 5
M[236] : 0 7 1 3 4 4 4 5 2 6 4 3 1 5 4 2 7 4 4 6 4 4 3 3 1 7 6 4 2 4 2 4 4 2 2 5 3 7 5 5 4 2 3 1 5 6 3 5 6 5 5 3 2 5 3 5 4
M[237] : 3 6 3 5 4 7 4 6 7 4 7 6 5 6 7 4 7 7 4 3 4 4 6 5 4 6 7 5 3 5 5 5 4 6 3 6 7 4 0 3 5 4 5 2 6 7 4 7 5 5 4 5 1 7 5 2 5
M[238] : 6 0 5 3 2 3 6 5 7 4 1 5 5 4 6 6 4 7 2 5 2 4 5 3 5 8 4 4 3 8 5 5 1 6 4 5 5 3 4 6 2 3 5 3 5 5 6 4 6 2 3 4 5 3 5 5 5
M[239] : 5 3 6 3 3 6 5 6 5 5 5 5 4 4 5 2 2 2 6 2 4 6 0 2 6 3 4 3 6 4 5 4 5 4 6 5 8 9 3 3 4 3 6 5 4 5 5 4 4 2 4 3 6 5 2 4 4
M[240] : 2 5 5 5 2 6 4 3 5 3 2 3 3 5 4 6 8 6 6 4 3 5 4 5 4 3 4 0 3 6 2 5 4 1 3 6 3 5 5 7 4 6 4 5 4 3 5 5 7 3 8 8 5 7 7 4 6
M[241] : 3 6 5 4 3 4 3 2 6 5 3 5 2 2 4 3 2 2 3 4 4 4 3 4 2 5 3 3 3 6 1 2 5 5 3 5 3 3 5 6 5 6 4 5 4 5 0 2 5 5 4 4 6 5 4 6 4
M[242] : 4 5 6 5 5 7 5 3 4 5 3 6 5 6 5 2 5 6 5 4 6 2 4 3 5 5 6 6 5 3 4 6 4 4 5 0 4 7 5 2 4 3 6 5 4 6 4 4 5 1 2 2 6 4 4 3 3
M[243] : 3 2 3 6 3 3 6 5 6 5 5 3 4 5 5 6 4 8 6 6 5 3 4 2 6 4 3 6 7 2 6 5 4 6 3 6 4 7 6 3 5 6 3 4 7 4 0 4 5 4 6 6 3 4 5 1 5
M[244] : 4 4 5 5 6 7 4 2 3 5 4 7 6 5 4 5 4 5 5 3 7 5 3 2 4 3 4 5 6 4 4 6 2 0 5 3 4 6 4 2 6 5 4 5 3 5 6 6 6 2 7 6 3 6 3 2 5
M[245] : 5 7 6 2 5 2 3 6 5 3 4 3 4 3 4 6 7 6 4 2 3 4 6 3 4 4 5 6 4 3 5 7 4 6 4 6 3 3 4 3 6 4 6 6 4 6 5 6 0 5 5 3 6 5 5 4 6
M[246] : 6 6 3 3 8 6 5 3 6 3 4 3 4 5 5 3 7 6 6 4 8 3 4 3 5 4 6 4 5 6 4 7 6 2 6 3 0 7 4 3 5 6 6 5 4 4 4 6 5 4 3 5 2 5 5 3 7
M[247] : 5 4 3 3 5 3 6 6 7 6 5 5 3 5 0 6 4 4 5 4 3 7 3 4 5 5 3 8 7 7 6 4 7 4 4 5 3 5 5 4 7 4 3 4 4 5 4 3 5 4 3 4 3 3 5 7 6
M[248] : 6 4 5 1 2 6 5 4 5 3 3 3 3 7 4 4 0 5 3 6 5 5 2 6 6 3 6 4 5 3 8 6 5 5 5 6 2 6 6 6 6 5 3 4 6 3 4 3 7 6 5 5 3 8 5 4 5
M[249] : 5 5 4 4 4 8 4 5 1 2 3 2 3 5 6 3 6 2 3 1 6 5 5 6 7 8 5 4 6 3 4 5 4 3 5 3 3 4 5 5 2 2 5 7 3 1 0 6 7 6 6 1 5 5 5 5 3
M[250] : 6 4 5 8 6 7 4 5 4 6 3 4 4 7 3 7 5 7 4 4 6 4 1 4 5 4 2 4 9 4 0 2 3 3 5 6 3 3 3 7 5 8 8 4 3 8 4 6 5 6 4 4 4 5 3 6 5
M[251] : 2 1 6 5 5 2 3 4 5 4 4 3 4 3 5 2 6 1 6 5 4 4 5 3 5 2 5 5 4 5 4 5 3 4 7 5 3 5 4 3 8 5 4 5 4 6 5 0 5 6 4 6 5 6 5 6 4
M[252] : 2 4 5 2 7 5 3 4 2 6 1 3 2 1 2 6 4 7 2 5 3 6 5 6 4 6 4 3 3 8 6 6 5 0 3 5 4 3 7 7 2 3 4 4 6 4 2 5 3 3 7 3 5 5 3 4 4
M[253] : 6 3 5 5 3 8 4 7 5 4 5 1 5 2 5 4 5 5 3 4 5 5 4 3 4 6 5 2 2 5 0 2 6 4 4 4 6 6 4 4 8 7 8 4 3 6 3 3 4 4 3 4 7 4 4 5 7
M[254] : 5 5 6 2 5 4 6 3 4 1 1 5 4 4 5 4 4 5 7 3 5 4 4 6 3 5 4 3 4 6 4 5 5 5 3 4 3 4 3 5 0 6 4 3 5 5 5 5 3 5 5 2 2 6 6 4 3
M[255] : 5 4 8 3 5 4 6 1 4 4 4 3 4 4 4 4 4 6 3 7 6 5 5 6 5 6 0 6 4 7 6 6 6 4 4 4 3 6 7 4 4 4 4 4 6 2 5 4 6 6 4 5 8 4 6 4 5
M[256] : 6 5 3 5 4 6 6 5 6 6 5 3 3 4 5 4 4 9 4 6 5 2 5 3 5 5 5 0 6 6 3 5 4 4 6 3 4 5 3 7 3 6 3 6 5 5 6 3 5 2 7 4 6 5 3 4 3
M[257] : 4 4 7 7 3 3 5 6 5 2 3 4 3 5 7 4 6 5 3 3 4 4 4 5 4 3 6 5 3 0 5 2 5 5 3 3 3 6 7 6 5 6 6 3 5 6 5 2 7 5 3 5 4 4 3 3 4
M[258] : 4 4 2 5 3 5 5 4 4 4 6 5 7 4 7 2 6 5 3 3 3 3 5 4 4 6 4 0 7 2 4 3 4 7 4 5 3 6 5 6 7 8 5 5 5 7 4 6 1 4 6 4 4 5 5 6 3
M[259] : 3 6 6 4 5 5 2 4 5 4 3 4 4 5 6 5 1 2 6 5 3 4 3 6 5 4 5 5 3 3 7 4 5 2 0 7 5 4 6 1 5 2 2 4 4 3 2 3 5 2 4 7 5 5 5 5 5
M[260] : 3 7 5 3 2 8 6 5 6 4 4 4 3 3 4 5 5 5 5 5 4 6 5 4 6 4 6 5 3 4 6 5 3 6 3 8 5 5 6 6 4 2 4 3 4 3 4 5 5 4 6 6 0 3 4 4 6
M[261] : 6 5 4 7 5 4 1 5 5 4 4 3 3 2 3 4 4 3 4 5 6 3 3 5 6 5 3 5 5 4 4 0 4 5 2 5 7 4 6 6 7 5 4 4 5 6 4 6 8 5 1 4 2 5 6 5 4
M[262] : 4 4 3 0 7 6 2 4 4 0 5 4 0 2 6 5 4 6 5 5 5 2 6 6 8 3 4 5 6 5 7 3 3 3 8 5 6 3 8 3 5 4 5 3 7 7 7 1 6 4 5 5 5 3 5 4 4
M[263] : 3 2 6 2 5 4 3 5 4 3 1 5 4 4 5 5 4 6 4 4 4 2 4 3 7 4 5 6 4 2 4 5 4 4 4 6 2 4 6 3 2 9 3 3 3 3 5 6 3 3 4 6 6 5 5 0 4
M[264] : 3 5 2 6 3 5 2 5 2 4 3 3 5 7 3 6 8 0 5 4 6 4 2 2 5 4 3 7 5 5 6 5 4 6 4 2 3 5 8 4 5 6 4 3 5 6 6 6 4 4 6 5 6 7 4 4 4
M[265] : 3 2 5 4 5 2 4 3 6 2 5 2 0 6 6 5 3 3 4 5 7 5 3 5 6 5 2 4 1 3 4 8 6 5 2 5 3 6 1 4 4 5 4 6 4 8 5 5 7 4 5 6 6 6 5 6 4
M[266] : 6 5 5 6 5 6 3 4 4 2 4 6 3 7 3 5 6 5 4 7 3 4 7 6 6 3 6 6 7 6 0 4 3 3 6 4 3 8 5 5 6 3 7 4 5 4 4 4 5 5 2 4 3 4 3 1 6
M[267] : 7 1 7 5 6 3 3 4 5 4 7 7 2 4 2 6 7 6 5 6 3 3 4 7 0 4 3 2 4 1 6 3 7 6 3 4 5 5 6 3 5 3 3 5 4 4 5 4 5 3 4 7 6 4 2 5 2
M[268] : 2 4 6 4 6 5 3 3 1 5 4 6 4 6 5 4 3 6 6 5 0 5 7 3 3 2 7 4 3 4 4 4 5 7 4 7 4 3 7 3 3 4 3 3 7 7 5 4 4 2 4 6 2 3 6 5 1
M[269] : 5 5 5 3 6 4 2 2 6 5 3 3 3 4 5 6 6 7 5 5 4 4 7 2 5 5 4 4 3 5 4 2 9 4 5 6 3 6 7 6 4 5 3 4 4 6 5 5 5 3 6 6 0 5 4 4 4
M[270] : 2 6 5 3 7 4 5 5 6 5 4 4 2 2 6 4 4 3 2 4 5 7 6 2 7 5 6 3 6 5 6 5 4 5 3 4 3 2 7 5 6 0 4 1 5 5 6 5 4 4 3 5 5 6 4 3 6
M[271] : 4 2 5 6 1 7 3 5 3 8 6 2 2 5 3 2 3 3 5 3 5 6 6 3 2 6 6 3 4 6 7 5 1 4 5 4 3 4 5 4 0 6 6 3 5 5 5 3 4 5 6 5 5 4 8 4 6
M[272] : 3 4 5 4 4 7 3 4 2 4 3 4 6 4 3 4 1 4 2 4 5 5 3 4 5 6 7 6 4 5 7 4 6 6 2 3 4 4 4 6 1 6 6 5 5 7 6 0 3 6 6 5 3 4 8 7 5
M[273] : 3 6 5 1 5 2 3 4 3 5 5 4 5 6 6 5 5 7 5 2 3 5 2 3 3 7 5 6 6 4 5 5 6 5 4 6 5 7 4 8 6 6 5 3 5 4 3 6 3 5 0 5 6 6 4 2 3
M[274] : 4 6 6 6 3 3 6 5 2 4 5 3 4 5 5 2 7 2 3 6 6 7 5 5 5 5 5 4 7 0 5 5 4 3 2 6 6 4 4 5 6 5 4 6 5 7 3 6 8 4 3 5 4 3 4 4 2
M[275] : 6 4 4 6 3 5 6 6 4 6 4 4 4 6 4 7 6 1 6 4 5 3 5 6 2 4 4 5 6 5 3 4 3 6 3 4 2 5 6 2 2 4 3 3 4 2 6 6 5 4 3 5 3 1 0 3 4
M[276] : 3 6 5 4 4 5 5 5 4 4 6 0 0 6 4 4 4 2 5 5 5 3 6 4 5 4 6 5 4 5 4 6 5 5 3 3 2 5 5 2 5 4 7 4 6 5 1 4 3 3 6 2 3 6 4 6 4
M[277] : 6 2 5 4 3 2 5 5 5 0 5 2 4 7 7 3 5 5 3 4 2 2 5 5 5 3 5 5 5 5 8 3 4 6 5 3 5 4 6 8 6 5 3 6 5 4 1 6 7 8 6 5 6 6 5 4 4
M[278] : 4 3 4 4 4 1 6 4 5 0 4 5 1 4 5 5 4 5 6 4 5 4 8 5 1 5 3 5 5 5 5 3 5 3 5 3 2 4 7 2 2 3 4 2 3 6 6 6 3 4 5 7 7 7 3 4 6
M[279] : 6 3 5 5 5 5 5 3 6 5 8 0 5 7 5 4 5 5 4 2 4 3 4 2 6 4 3 6 3 4 6 5 3 4 4 4 3 2 3 4 5 5 3 2 4 2 7 3 8 5 6 5 3 2 4 8 3
M[280] : 5 2 6 3 4 5 5 5 5 5 3 4 6 4 8 7 6 5 4 3 6 4 3 4 6 6 3 5 5 4 4 5 5 4 5 0 2 3 6 5 5 4 5 5 2 6 2 3 6 6 2 4 3 3 4 3 5
M[281] : 6 4 4 4 5 5 6 6 7 4 4 6 5 6 7 8 6 5 3 5 4 3 5 3 2 6 0 4 4 4 5 8 1 4 3 3 4 7 7 4 5 5 4 4 4 3 2 5 4 5 4 4 3 4 5 6 2
M[282] : 4 4 2 5 3 8 3 4 7 5 4 4 4 3 6 5 5 4 4 2 3 0 4 3 6 6 5 6 2 6 6 5 6 4 4 4 4 6 3 3 0 2 5 3 4 5 2 5 5 6 5 4 6 4 3 3 6
M[283] : 7 4 4 5 3 4 7 6 6 5 4 1 6 2 8 5 7 4 5 5 3 5 4 3 7 3 3 7 8 4 5 6 6 5 6 3 3 6 6 5 5 2 3 4 4 0 4 3 3 8 7 5 3 4 4 7 5
M[284] : 3 3 6 5 5 2 4 4 2 2 0 5 8 4 5 1 4 3 4 4 3 2 4 5 3 5 4 6 7 5 5 3 5 4 8 4 3 6 5 3 6 4 4 5 6 4 5 8 4 5 6 4 3 5 4 4 3
M[285] : 3 5 6 1 5 5 4 4 3 7 2 5 2 3 7 6 7 5 6 4 4 3 4 1 0 2 3 7 4 5 3 5 3 6 5 6 2 5 5 2 3 7 4 4 4 5 5 2 5 6 4 7 7 2 7 6 6
M[286] : 6 5 5 6 5 4 3 6 3 5 6 4 2 6 5 6 4 4 5 6 4 5 3 5 6 3 6 6 4 6 5 2 5 6 1 5 4 4 3 0 4 6 4 5 5 3 2 4 3 5 4 5 5 4 4 7 4
M[287] : 3 3 5 3 6 2 4 5 4 7 4 6 4 7 5 7 6 4 5 5 5 5 3 4 6 3 3 4 2 3 4 4 4 7 0 5 5 3 4 4 7 3 6 4 5 6 7 2 7 3 5 6 3 4 4 4 5
M[288] : 6 5 5 4 3 2 6 5 5 5 5 4 4 3 4 5 6 3 2 5 5 3 6 4 7 7 4 6 5 3 3 5 6 3 3 7 2 5 5 2 1 4 1 4 0 5 7 7 4 6 6 6 7 6 4 4 4
M[289] : 3 4 7 5 2 3 3 5 7 4 4 4 5 3 4 6 3 3 4 4 4 4 4 5 3 4 7 4 4 4 4 5 6 6 5 4 0 3 6 3 4 2 6 2 7 7 4 4 5 5 6 4 6 5 4 2 5
M[290] : 3 5 3 4 1 2 3 1 4 7 4 7 3 4 5 3 4 6 5 5 3 6 5 5 6 5 4 3 6 4 5 6 7 5 3 5 3 5 0 7 7 4 5 2 5 3 5 4 5 3 6 4 3 3 3 4 3
M[291] : 4 7 6 1 5 1 1 5 1 5 4 6 2 5 4 4 5 6 5 0 5 6 5 5 9 3 4 3 3 4 6 3 7 5 4 2 4 6 4 5 4 5 3 3 6 6 2 6 5 5 4 6 6 5 7 5 6
M[292] : 4 3 1 4 3 4 5 3 2 1 3 4 6 4 4 5 0 4 4 4 7 3 7 2 5 6 4 5 3 4 6 5 8 4 1 2 6 5 3 4 5 5 4 4 5 2 4 5 6 3 5 4 5 4 7 2 2
M[293] : 2 0 4 5 5 4 3 3 5 4 3 6 4 6 7 3 4 3 3 2 1 4 4 5 3 4 7 7 6 2 3 7 7 5 5 7 5 4 3 2 5 4 4 4 4 6 4 5 7 5 4 5 5 3 5 5 2
M[294] : 5 4 2 5 3 3 6 6 6 2 1 2 5 5 3 5 4 6 6 4 2 6 7 5 4 4 5 6 0 2 4 4 4 5 1 4 5 4 6 6 3 5 6 6 7 5 5 7 3 5 5 3 2 2 4 4 7
M[295] : 6 4 5 3 6 4 3 5 6 6 4 7 3 6 8 5 5 4 4 5 4 4 6 0 3 5 7 6 4 1 7 5 8 4 3 4 4 5 7 2 2 4 4 6 4 2 3 4 6 5 3 5 2 3 5 4 6
M[296] : 4 4 4 3 2 4 6 0 6 4 4 4 5 3 3 5 3 4 8 6 3 4 4 6 1 3 4 6 6 7 3 5 6 6 5 3 5 3 4 6 5 5 3 5 5 7 3 5 6 5 7 5 5 6 5 6 5
M[297] : 5 3 6 3 5 5 5 7 6 2 4 4 3 4 5 5 8 5 6 5 5 4 5 4 3 4 5 4 5 6 6 4 7 4 3 5 6 8 6 5 4 4 6 5 5 4 4 0 4 4 5 6 3 5 2 4 4
M[298] : 6 4 6 5 4 5 5 3 4 0 2 3 5 5 6 6 4 6 2 4 5 4 4 2 3 6 4 4 5 6 5 3 6 6 4 6 2 2 7 2 5 6 3 3 4 1 3 5 5 6 4 5 8 4 3 5 6
M[299] : 5 0 5 5 7 4 1 4 4 2 6 5 5 5 8 4 2 5 4 4 4 3 5 6 5 4 5 7 4 3 5 0 4 3 6 5 3 2 6 4 5 4 4 5 5 6 6 5 6 1 4 6 3 4 5 4 4
M[300] : 4 4 8 0 6 3 5 4 3 3 2 4 4 3 5 4 4 5 6 5 4 5 4 6 3 8 7 4 8 6 4 7 5 4 5 3 6 3 4 6 7 4 3 5 5 6 5 6 3 3 5 8 6 6 7 3 4
M[301] : 6 2 5 2 3 5 5 5 5 6 5 3 6 7 6 6 6 7 6 7 5 4 6 2 7 4 6 5 5 6 4 5 5 4 4 3 2 4 5 3 3 6 5 4 6 3 4 5 6 4 6 3 0 7 6 3 6
M[302] : 5 3 5 6 7 4 5 6 4 5 5 5 6 7 4 3 4 2 6 5 6 5 6 4 0 4 5 3 2 4 5 4 5 5 7 5 1 4 3 3 5 3 5 2 6 3 3 5 6 4 5 3 6 6 4 2 5
M[303] : 7 4 3 6 4 2 4 4 3 3 4 6 0 5 5 3 2 4 7 5 3 5 4 2 5 4 4 5 3 5 7 5 5 4 6 5 3 5 7 4 5 7 4 4 2 5 4 6 5 3 5 5 4 3 5 5 2
M[304] : 5 4 6 4 2 5 3 5 5 4 2 4 4 6 4 3 3 6 5 4 4 4 4 5 4 3 4 4 5 4 4 5 4 3 5 6 4 4 4 3 5 7 6 6 1 3 5 3 3 3 3 6 0 6 5 3 3
M[305] : 5 7 5 2 4 6 3 0 8 6 2 3 2 7 1 5 7 3 4 3 4 5 2 5 6 6 5 3 7 2 3 5 4 6 3 3 3 5 7 4 4 5 5 4 3 6 3 2 0 5 5 3 6 5 4 5 5
M[306] : 4 4 5 2 3 6 7 7 6 4 3 4 2 5 3 4 4 6 5 5 3 4 0 4 6 6 3 3 3 5 3 6 2 2 5 5 5 4 5 5 3 6 5 4 3 5 5 8 4 4 6 4 4 6 3 7 7
M[307] : 5 4 4 4 3 4 5 6 5 4 3 4 6 4 3 3 4 6 6 6 5 3 2 2 5 3 4 4 6 5 6 4 3 3 4 5 6 4 6 3 5 5 5 8 0 5 4 5 6 4 0 4 3 8 6 5 7
M[308] : 4 6 4 4 2 6 3 7 6 6 5 2 5 7 5 4 4 4 3 0 6 3 3 5 3 5 5 4 1 6 4 4 5 6 6 2 3 7 3 6 5 3 3 4 2 4 3 5 2 6 5 4 5 3 2 8 4
M[309] : 6 3 3 7 6 3 2 7 5 3 6 5 6 4 6 7 6 3 5 2 6 4 5 4 4 1 5 5 4 7 4 6 7 4 2 6 5 2 2 6 4 5 5 3 5 4 2 2 0 5 6 4 4 6 4 4 2
M[310] : 4 5 7 4 2 0 3 4 5 3 4 3 5 7 5 2 4 2 5 6 3 4 5 7 4 4 3 6 5 8 5 4 5 5 2 5 4 5 6 4 7 5 4 5 0 4 6 5 2 8 5 5 4 5 1 5 3
M[311] : 3 4 5 4 6 3 4 2 4 3 3 5 4 3 6 6 4 7 0 6 3 4 5 3 2 5 5 5 3 5 3 4 4 4 5 4 5 9 6 6 6 2 7 4 6 6 4 3 2 6 2 4 4 4 6 2 5
M[312] : 2 5 2 5 6 5 3 3 3 3 4 5 5 4 7 4 5 6 5 3 6 5 0 5 5 5 7 6 5 3 3 5 5 5 3 4 3 7 5 5 5 5 3 3 5 4 4 5 3 5 4 7 7 5 3 4 3
M[313] : 2 0 1 6 4 5 4 5 3 2 5 4 6 4 7 6 5 4 4 7 4 2 3 5 5 4 3 7 5 7 6 6 5 5 5 2 4 5 4 6 5 2 4 4 5 3 3 5 5 3 4 6 3 5 2 5 5
M[314] : 5 4 5 3 3 5 5 5 5 3 4 4 4 6 5 6 6 7 4 5 4 1 3 3 4 5 5 3 4 5 7 6 6 5 4 5 4 6 5 7 6 4 4 6 5 3 3 6 3 7 3 6 4 5 5 6 0
M[315] : 2 6 6 2 0 5 5 3 4 3 2 6 6 2 5 4 5 1 6 5 2 2 6 4 5 3 5 3 5 4 3 6 3 5 6 6 4 5 4 2 7 5 5 4 4 6 4 3 5 5 1 4 4 5 5 6 5
M[316] : 5 3 4 5 6 2 5 3 4 3 6 6 5 7 5 6 5 3 6 4 6 3 3 4 6 3 5 3 4 6 3 4 4 4 5 1 3 6 2 6 7 9 7 6 5 6 2 7 2 4 6 5 2 5 0 3 4
M[317] : 4 5 3 4 6 5 2 6 4 5 3 3 5 5 8 6 4 5 2 3 7 4 0 4 4 4 5 5 4 4 3 4 3 3 5 1 3 6 5 4 5 8 6 4 2 4 5 3 2 4 3 5 4 5 3 2 4
M[318] : 5 3 3 4 5 2 5 4 3 4 6 5 4 5 4 5 6 4 5 4 4 3 5 3 3 5 8 1 5 6 2 5 3 3 3 6 5 5 3 5 7 4 5 6 0 3 4 3 6 4 3 4 4 4 4 3 2
M[319] : 2 4 4 4 6 6 4 0 3 1 2 4 2 4 4 4 3 2 6 4 5 6 6 2 5 6 6 5 3 7 5 4 4 5 4 2 2 8 5 3 2 4 5 5 6 4 4 3 5 2 3 4 6 5 4 4 5
M[320] : 7 3 4 4 5 3 6 5 7 5 4 4 2 4 7 4 6 5 3 6 5 0 4 5 5 5 4 6 5 7 2 1 5 7 2 1 2 3 3 3 5 7 3 5 4 3 4 4 5 3 7 4 7 4 2 1 4
M[321] : 6 3 6 0 5 4 5 5 7 2 3 4 5 3 6 7 3 4 3 2 6 5 5 5 5 3 6 3 4 6 5 7 3 5 5 3 4 6 5 4 4 5 6 3 3 5 6 6 5 4 4 6 2 6 6 3 3
M[322] : 5 5 6 5 5 9 4 5 3 4 0 7 5 4 7 4 4 4 5 4 6 4 5 4 7 4 4 6 5 7 4 3 4 5 4 6 6 5 4 4 5 7 3 5 4 3 6 3 6 4 4 3 3 6 5 2 4
M[323] : 5 5 5 6 4 6 1 3 5 5 4 4 5 5 4 4 6 1 6 6 7 3 6 4 4 4 4 4 4 6 5 5 6 5 4 5 5 5 4 5 7 6 4 3 3 0 5 4 7 5 4 3 3 5 5 7 3
M[324] : 4 2 4 3 5 5 2 4 5 4 1 1 2 4 4 6 2 6 5 2 7 6 5 3 5 4 4 4 4 5 4 4 0 4 2 5 6 6 5 2 4 4 2 6 4 2 4 5 4 8 5 3 6 4 7 6 0
M[325] : 3 6 3 5 5 4 4 7 7 5 5 3 3 5 8 3 5 6 6 5 4 5 3 5 4 7 5 7 6 6 1 2 5 5 5 0 4 5 0 4 5 5 5 4 3 6 7 4 3 8 6 6 5 7 3 6 5
M[326] : 4 6 5 3 4 4 5 2 3 4 4 5 3 4 4 4 4 7 4 5 5 6 8 5 3 2 6 4 1 3 2 0 4 4 4 6 4 6 6 2 5 6 1 3 4 5 6 7 4 6 6 5 4 5 3 8 5
M[327] : 2 2 4 5 4 2 5 4 5 3 3 5 4 5 4 5 0 2 5 6 6 5 5 2 5 5 4 6 4 2 3 3 4 4 5 7 3 6 6 4 7 4 5 8 8 6 5 6 3 6 4 5 7 2 4 6 3
M[328] : 4 5 6 3 5 3 5 3 5 4 3 0 4 7 5 4 1 4 7 4 5 6 4 3 5 7 5 3 3 4 4 5 5 7 6 6 5 4 7 5 5 4 4 6 7 4 5 5 5 4 5 6 4 4 6 6 4
M[329] : 4 3 5 6 4 4 2 7 4 3 2 5 5 3 5 4 4 5 3 4 4 3 3 5 5 5 5 5 5 3 4 6 6 6 4 5 5 7 2 5 5 7 7 4 5 6 5 6 6 6 6 0 4 3 6 2 6
M[330] : 5 2 4 3 4 1 4 4 5 5 6 3 5 5 2 5 5 5 3 3 4 5 3 5 3 4 4 5 3 5 5 5 7 4 0 5 3 7 1 5 2 5 7 2 5 3 3 6 4 4 7 4 5 4 2 6 7
M[331] : 5 4 4 6 5 5 5 3 5 5 3 2 3 6 6 5 3 5 6 4 4 3 2 4 5 6 5 5 6 4 3 4 0 5 3 4 5 5 3 6 5 1 5 6 5 4 5 5 5 6 3 4 4 5 2 5 5
M[332] : 5 4 3 5 4 6 3 1 4 2 5 3 5 4 3 7 6 6 4 3 3 5 4 2 5 0 6 5 4 5 6 4 6 5 2 5 3 4 6 4 8 6 5 4 5 6 6 4 1 6 3 7 4 3 6 6 5
M[333] : 3 6 3 4 1 4 5 2 4 1 4 5 4 5 6 7 3 5 7 3 4 2 4 0 2 0 5 5 6 6 4 3 6 6 3 3 4 3 3 1 5 4 5 3 3 3 5 6 5 1 4 5 2 4 6 4 4
M[334] : 5 4 3 3 5 5 5 4 0 7 5 5 3 5 4 5 4 5 3 5 4 4 1 4 4 5 5 6 4 3 4 2 7 5 6 5 4 5 5 3 3 7 4 2 4 7 5 5 7 3 3 3 6 5 4 3 4
M[335] : 5 2 5 7 5 2 5 4 7 4 5 5 3 3 5 5 5 3 6 5 4 6 6 3 5 5 4 6 7 6 3 4 5 5 4 6 4 6 6 6 0 5 5 7 4 8 4 4 5 5 8 4 5 5 5 4 3
M[336] : 4 3 2 5 4 6 3 5 5 3 6 7 4 4 3 5 4 2 4 6 2 6 2 3 5 6 3 4 2 5 4 4 6 0 3 5 5 4 5 4 5 2 5 5 3 5 4 4 6 3 6 5 6 6 5 5 4
M[337] : 4 5 3 6 5 3 3 4 8 4 3 3 2 4 7 0 5 6 6 5 8 5 6 4 5 5 3 4 2 4 6 8 4 6 4 4 3 1 3 6 3 3 3 2 6 6 5 4 4 7 3 5 6 5 7 5 3
M[338] : 4 3 4 6 8 6 4 7 2 2 3 4 3 3 5 6 4 6 4 3 4 4 4 6 4 4 6 6 3 4 5 3 4 6 5 6 2 6 4 6 7 6 6 5 3 4 5 4 3 3 4 3 6 5 0 2 2
M[339] : 5 6 6 1 7 0 3 5 3 4 4 2 5 4 2 4 3 5 4 4 6 4 4 3 3 5 6 6 3 3 4 5 2 3 4 7 3 6 5 5 7 4 6 0 3 7 6 4 5 6 5 3 5 3 7 4 4
M[340] : 6 3 3 4 3 5 5 2 5 3 4 4 4 6 3 2 4 4 6 3 4 4 4 4 3 5 3 6 7 5 3 3 6 4 4 5 6 3 7 3 5 5 2 7 3 3 0 5 3 4 4 4 2 8 7 4 4
M[341] : 4 3 6 6 5 4 3 3 5 3 7 3 3 4 3 4 5 2 5 5 5 4 4 5 6 7 3 3 5 5 4 4 4 0 3 6 6 9 4 7 5 6 6 3 6 5 5 3 4 8 4 6 5 6 2 5 3
M[342] : 6 5 3 4 6 3 7 5 6 4 4 5 4 4 4 5 3 6 5 5 6 2 3 3 4 7 5 5 4 6 3 3 4 6 3 5 5 4 5 4 4 7 3 3 4 0 1 6 5 5 4 5 6 5 5 4 4
M[343] : 3 5 4 0 5 3 7 4 4 3 4 5 5 2 5 6 3 7 6 6 4 4 6 4 3 5 5 4 8 4 4 6 6 4 5 6 4 2 6 5 3 4 6 5 4 5 2 5 8 4 1 6 3 6 7 5 6
M[344] : 5 2 4 2 7 4 7 5 6 1 7 4 4 3 3 8 4 3 1 3 3 8 5 3 6 0 3 5 7 6 6 6 3 4 4 6 5 4 6 2 5 3 4 6 6 0 5 0 2 5 8 4 4 5 7 3 3
M[345] : 5 2 7 5 6 3 3 3 4 3 5 5 6 4 5 0 2 5 5 5 3 5 5 4 6 5 6 3 6 5 3 6 4 5 3 3 5 4 6 2 2 5 2 3 4 4 5 8 4 5 6 5 4 8 5 2 5
M[346] : 1 3 3 5 2 2 0 2 4 4 4 4 6 0 4 2 6 5 2 5 5 3 0 4 4 7 3 6 5 3 2 5 4 4 3 5 4 5 5 3 9 6 8 7 5 6 0 5 6 5 1 5 4 2 4 3 4
M[347] : 1 5 7 5 5 7 5 5 4 3 4 2 4 5 5 7 5 4 4 0 4 4 4 2 3 8 8 5 6 3 6 4 4 5 2 4 7 6 5 4 4 4 4 4 4 6 3 7 2 5 2 2 5 4 3 5 4
M[348] : 6 5 5 3 5 5 4 3 4 4 3 2 4 4 3 6 4 4 6 3 6 6 8 3 3 5 6 4 2 4 3 4 6 5 2 4 0 5 4 5 5 4 7 5 4 5 3 3 6 4 7 7 3 8 8 4 7
M[349] : 5 7 6 2 5 4 3 6 3 7 5 6 4 6 4 0 5 3 4 5 7 5 4 5 4 3 6 5 7 2 4 6 3 3 7 3 5 5 4 4 1 6 3 4 4 4 3 3 5 9 5 4 7 3 6 2 7
M[350] : 4 2 4 1 3 3 7 4 4 3 4 4 5 8 4 3 6 4 5 2 4 4 5 4 6 7 6 5 2 7 4 1 6 3 4 4 4 7 1 2 5 4 3 3 3 4 0 5 6 4 6 7 6 4 4 3 4
M[351] : 3 4 3 4 2 5 4 2 2 3 4 4 5 1 4 4 5 5 4 6 4 5 3 1 3 6 2 4 2 5 7 6 4 4 6 6 4 4 6 5 2 3 5 5 2 3 1 6 5 4 3 4 5 5 4 0 4
M[352] : 5 4 6 6 3 6 5 3 6 4 5 6 4 0 4 5 6 5 3 7 7 4 7 4 3 4 6 3 3 6 5 6 3 3 5 5 4 4 7 6 6 5 4 3 3 6 6 3 7 3 5 5 4 0 4 3 7
M[353] : 7 5 5 6 4 4 4 5 5 4 6 5 2 4 4 5 4 5 3 8 4 5 6 2 6 0 4 3 6 5 5 8 7 5 2 4 4 5 6 4 5 3 4 4 4 1 5 5 5 2 6 5 6 5 5 5 4
M[354] : 6 5 5 5 6 2 6 6 2 5 5 3 3 3 6 4 5 5 3 4 4 4 4 6 4 5 5 4 4 0 5 4 4 8 7 3 4 4 6 4 5 6 7 5 6 3 4 4 5 8 5 3 6 3 4 3 4
M[355] : 4 7 4 3 2 5 5 6 6 3 3 6 6 6 0 6 5 6 2 3 3 6 5 6 4 5 5 4 5 4 4 4 2 7 2 4 2 5 4 4 4 3 6 5 4 4 2 2 1 4 7 2 6 5 6 3 6
M[356] : 3 3 5 4 8 5 4 2 5 2 4 6 8 2 4 6 4 7 5 5 4 3 3 3 3 6 4 4 4 4 7 5 3 3 7 4 7 4 3 5 4 5 4 3 1 5 5 7 0 3 3 3 3 4 6 3 3
M[357] : 4 5 3 6 4 4 2 7 4 2 5 4 3 6 3 6 4 4 6 5 6 2 7 3 4 3 4 5 4 4 5 5 4 5 4 5 5 4 6 5 4 6 3 2 2 0 4 6 7 5 3 5 5 6 5 1 5
M[358] : 7 2 5 2 4 4 4 2 5 4 6 4 6 8 7 5 5 3 4 4 4 0 8 4 2 4 5 3 5 4 5 8 6 5 5 6 2 3 5 5 7 3 6 5 1 6 5 6 5 5 4 4 5 5 4 4 4
M[359] : 3 3 5 3 4 7 3 3 8 6 6 4 3 3 6 7 6 3 5 3 1 2 3 3 6 4 6 3 4 4 5 4 5 5 3 4 4 3 5 6 5 5 8 5 4 6 2 3 6 0 5 7 5 5 6 3 7
M[360] : 3 4 3 5 5 4 5 6 5 7 4 4 3 3 6 5 3 6 5 5 7 5 2 5 5 5 4 3 2 4 5 4 5 4 3 5 4 2 4 5 2 3 4 5 5 6 4 4 2 5 2 4 2 5 5 0 7
M[361] : 5 4 3 2 2 4 3 8 4 3 7 3 4 5 5 6 5 5 5 7 0 5 7 4 7 6 5 7 3 4 4 3 6 7 4 5 5 4 6 5 5 4 6 4 5 6 3 4 5 6 0 5 4 4 6 3 4
M[362] : 5 4 6 5 7 6 5 4 5 5 7 0 5 4 6 6 5 7 3 2 7 6 3 2 4 5 5 5 6 5 3 5 4 5 5 5 4 2 6 4 7 7 3 5 4 6 4 9 6 3 5 4 5 4 5 4 2
M[363] : 5 4 4 1 4 5 4 3 6 6 3 5 2 0 4 6 8 4 5 5 5 3 4 3 6 4 5 2 7 6 4 6 6 4 3 5 2 6 4 3 4 6 2 3 4 7 5 4 4 5 5 4 5 4 4 5 5
M[364] : 3 6 5 6 2 6 2 4 5 6 1 4 2 6 8 6 5 4 4 3 2 5 7 4 4 4 4 6 4 6 6 6 4 3 3 5 4 5 7 4 4 2 4 4 6 3 5 4 4 7 6 0 3 6 7 5 4
M[365] : 3 4 5 5 5 6 3 4 8 4 3 4 4 3 3 2 4 2 4 4 5 6 2 6 3 3 5 7 4 5 0 5 2 1 5 5 5 5 3 4 5 6 6 2 4 3 2 7 6 4 5 4 5 3 4 6 8
M[366] : 5 3 7 6 4 3 3 4 5 6 3 4 3 2 5 7 4 4 5 5 6 4 6 3 6 7 4 6 4 5 8 5 4 5 3 6 5 3 6 6 3 5 0 6 3 2 3 2 6 7 3 3 4 7 5 3 6
M[367] : 5 6 6 7 3 4 3 6 5 5 4 5 4 2 3 3 5 4 2 5 6 4 4 4 5 6 5 5 3 5 5 4 3 2 5 6 5 5 3 6 4 5 7 2 4 4 3 6 7 6 5 2 4 5 0 3 5
M[368] : 2 1 0 3 5 5 6 4 5 4 4 4 4 4 2 7 3 3 4 4 3 3 5 4 6 3 6 5 5 3 4 5 4 7 3 5 3 4 6 6 3 4 3 3 5 7 4 1 5 3 6 6 4 8 6 3 7
M[369] : 5 2 4 5 4 6 4 4 4 2 4 4 5 9 3 4 4 3 5 7 3 5 7 2 6 6 5 6 4 5 4 4 6 5 5 4 6 0 6 4 6 4 3 4 2 3 5 3 3 6 5 5 5 8 5 6 6
M[370] : 6 5 4 3 5 5 0 4 4 5 5 4 3 4 4 5 3 3 3 3 5 3 6 5 5 5 5 7 5 8 1 4 7 3 5 7 4 3 4 4 4 4 2 4 3 5 7 3 4 6 4 4 1 4 5 3 3
M[371] : 5 6 7 1 0 5 4 4 4 5 3 5 2 3 4 4 4 5 7 4 5 4 4 3 4 5 5 4 1 5 8 2 6 4 2 4 3 6 4 4 6 6 5 4 7 3 3 5 6 3 3 4 6 4 6 4 6
M[372] : 2 4 5 5 7 6 4 6 3 5 5 6 3 5 5 3 4 5 3 5 2 3 5 4 6 6 0 1 7 5 7 3 7 5 1 3 6 3 2 3 5 5 5 4 2 4 4 3 3 3 6 5 6 6 6 6 4
M[373] : 3 2 7 5 3 5 3 3 4 3 5 4 2 3 5 5 5 7 5 9 4 3 5 5 3 4 5 6 6 4 7 4 5 7 6 2 3 4 4 4 2 5 6 8 0 3 5 6 1 3 3 8 4 4 4 4 6
M[374] : 3 6 2 4 4 4 4 5 6 6 2 6 6 8 3 4 5 3 4 5 4 3 7 4 0 5 5 5 6 4 6 3 3 2 3 3 7 5 5 5 5 4 5 3 4 7 4 5 4 4 4 4 5 6 7 6 3
M[375] : 3 2 4 4 5 4 3 4 3 4 6 3 6 5 3 5 6 3 4 7 5 0 7 4 0 8 5 6 5 4 4 5 6 5 6 4 4 7 5 3 4 3 3 3 6 5 2 4 1 5 5 5 2 4 6 5 3
M[376] : 0 1 6 5 3 5 5 2 8 4 4 5 4 6 3 5 4 1 1 5 2 6 3 8 5 2 4 4 4 4 3 6 4 4 2 6 4 4 4 3 6 3 6 5 6 4 6 8 5 4 4 2 3 4 4 3 3
M[377] : 6 6 3 3 4 4 4 6 7 4 4 5 0 4 3 5 7 5 4 5 6 4 4 4 3 2 4 6 5 5 3 5 4 6 1 7 4 7 3 4 3 5 7 2 3 5 5 2 4 6 3 3 6 5 3 6 4
M[378] : 8 5 0 3 5 4 4 7 2 6 7 6 4 4 5 2 3 4 2 0 8 7 4 3 4 5 7 5 5 4 2 6 3 3 5 4 6 4 5 6 5 4 7 3 4 6 6 4 4 3 3 6 6 5 3 5 5
M[379] : 5 3 7 4 5 5 4 7 5 3 5 5 1 5 1 5 3 2 6 5 5 1 9 4 3 6 4 5 4 4 4 5 6 3 5 3 5 3 3 4 5 0 4 4 4 5 6 4 5 3 4 5 6 4 5 8 3
M[380] : 0 4 5 4 5 3 5 2 1 6 3 4 3 4 6 6 6 5 6 3 4 5 3 4 5 5 5 3 5 5 5 6 5 5 2 4 5 6 3 2 3 7 6 4 3 5 6 3 8 4 6 6 3 4 5 4 5
M[381] : 4 6 4 7 8 3 4 4 2 3 3 4 2 6 5 3 7 4 3 5 4 3 7 4 4 3 3 6 2 4 4 7 7 3 5 5 4 6 6 4 0 3 5 5 4 6 5 6 4 2 6 3 4 3 4 4 5
M[382] : 5 3 5 4 4 5 2 3 6 3 4 3 5 5 6 4 5 2 6 5 6 2 4 3 3 0 4 6 1 4 3 2 6 4 7 3 3 2 4 3 6 7 4 5 6 4 4 3 4 4 5 2 5 5 6 5 3
M[383] : 5 2 6 6 5 3 4 4 5 4 3 6 5 2 4 4 6 4 4 5 3 4 4 3 5 5 6 5 4 6 8 6 5 5 4 5 4 5 4 4 3 0 2 4 3 4 3 5 6 4 4 6 5 3 8 7 3
M[384] : 5 4 5 6 2 4 5 5 5 3 4 1 5 6 3 5 7 3 3 0 5 6 7 4 4 4 4 7 3 3 4 5 3 8 5 4 3 6 6 5 2 5 5 5 6 3 0 2 3 3 7 5 4 5 6 4 2
M[385] : 4 4 7 5 5 4 5 5 2 3 4 6 6 6 3 4 1 8 4 5 3 3 6 5 5 4 5 3 6 0 6 3 3 7 4 5 3 3 4 7 5 5 3 3 6 5 7 5 5 4 5 7 5 7 6 5 3
M[386] : 3 4 4 7 2 5 4 4 7 4 2 8 4 3 5 4 5 4 3 3 3 5 5 2 5 3 4 4 3 5 5 2 5 6 5 5 4 4 5 0 4 2 2 3 5 5 4 3 3 2 7 4 5 5 3 4 5
M[387] : 6 3 7 4 6 5 4 4 3 3 5 6 3 3 4 3 4 2 4 4 4 4 2 5 6 4 7 3 5 6 4 6 8 6 4 4 6 3 5 5 5 3 4 3 0 3 4 4 6 4 5 8 6 3 5 5 3
M[388] : 2 3 4 7 5 5 5 1 2 2 5 2 2 6 5 5 4 6 2 5 4 4 5 3 6 4 4 3 4 3 7 4 5 6 4 5 5 3 4 5 5 5 2 4 6 5 6 4 5 5 6 3 0 4 2 2 5
M[389] : 3 4 6 5 5 2 4 4 4 5 4 3 4 3 4 4 5 6 4 5 7 2 3 4 3 3 3 4 7 4 4 5 7 7 5 5 3 4 6 3 3 4 5 4 0 1 4 6 2 3 3 4 6 4 5 6 6
M[390] : 4 3 6 4 3 3 3 4 5 5 3 5 5 4 4 5 3 3 3 6 6 1 4 2 5 7 5 4 6 4 5 3 7 6 6 6 4 7 2 3 2 5 7 6 8 2 3 3 4 4 5 4 5 6 7 8 0
M[391] : 5 0 3 6 4 5 3 7 5 5 3 3 4 5 6 3 2 5 5 6 3 3 3 3 1 7 3 3 7 3 3 5 4 6 6 3 6 6 3 3 4 5 1 4 2 4 4 6 6 2 4 5 3 5 5 3 2
M[392] : 5 4 3 2 6 7 4 6 6 2 4 6 4 3 4 4 7 7 5 5 7 5 5 3 9 2 5 3 8 6 3 3 5 4 3 2 4 5 3 4 5 7 4 3 6 2 6 4 2 5 2 3 1 6 0 2 5
M[393] : 4 2 5 3 5 0 4 6 5 4 5 7 2 6 4 6 7 5 3 5 3 5 7 4 5 2 6 5 5 5 6 3 4 6 1 7 6 5 4 5 4 4 6 3 2 3 3 3 5 4 2 3 6 3 7 5 5
M[394] : 3 5 7 5 4 4 4 4 4 3 2 5 3 4 6 7 8 4 4 6 4 3 4 5 2 0 6 4 4 3 3 5 6 4 2 7 2 8 5 0 4 4 5 5 3 2 4 5 3 6 4 4 7 4 3 5 5
M[395] : 5 4 2 4 7 5 2 5 5 6 7 1 2 5 7 3 0 3 3 2 3 6 6 4 5 6 4 2 4 3 3 5 1 2 5 4 3 5 5 5 4 4 3 4 5 4 7 5 4 4 3 6 3 7 4 5 5
M[396] : 7 3 4 7 5 8 4 6 6 5 5 4 3 3 5 6 4 4 5 4 2 4 4 4 6 4 4 5 0 8 5 6 5 7 5 3 2 4 5 4 4 4 5 3 8 5 4 6 2 5 5 4 5 3 4 6 3
M[397] : 5 4 5 2 5 4 4 6 4 3 3 4 5 5 3 9 3 6 4 3 3 3 4 4 0 4 4 2 5 6 4 2 5 6 2 4 3 5 6 4 5 7 6 2 5 6 6 1 4 6 5 5 7 5 3 4 7
M[398] : 2 2 3 5 5 5 4 4 3 3 3 4 5 5 2 5 7 1 4 4 5 5 2 5 3 5 0 6 2 5 6 4 5 3 6 4 4 8 6 4 5 5 3 5 7 3 4 6 5 3 7 6 5 4 4 5 5
M[399] : 4 3 5 6 7 3 4 4 6 2 5 6 5 4 5 4 4 4 4 8 0 2 5 5 1 5 3 3 8 3 7 7 4 3 5 6 5 6 5 1 5 6 5 6 6 6 4 5 5 4 3 5 4 4 3 6 5
M[400] : 5 3 2 4 6 4 3 5 3 2 3 4 5 5 6 8 1 4 2 4 6 5 6 3 4 4 4 6 4 5 6 0 6 7 5 6 3 4 4 2 7 5 5 4 5 6 4 5 5 7 6 6 4 2 4 4 4
M[401] : 1 3 4 5 5 4 0 7 5 4 4 4 4 3 5 5 7 2 5 5 5 5 4 2 6 5 5 6 5 6 3 2 1 5 4 5 6 2 6 6 7 5 5 1 5 6 6 1 6 5 1 6 5 7 5 5 4
M[402] : 2 4 7 4 5 3 6 4 6 4 4 3 4 4 5 4 5 7 1 3 0 5 4 3 7 3 4 4 4 6 4 4 3 2 5 3 6 3 2 5 3 5 6 5 8 5 3 5 6 4 4 4 4 6 8 3 4
M[403] : 2 4 7 3 6 3 5 4 5 8 5 3 3 4 6 3 7 5 6 6 3 5 4 4 3 3 5 5 3 4 5 6 4 5 5 3 3 5 0 1 5 5 5 3 4 6 5 4 5 2 5 3 6 3 3 5 7
M[404] : 5 6 3 3 6 5 2 3 6 2 3 6 6 5 7 5 6 8 1 4 5 0 7 5 4 5 6 6 4 3 6 2 3 4 5 2 3 3 5 4 3 4 3 4 3 4 6 4 4 4 6 3 5 4 6 3 4
M[405] : 5 5 5 4 2 6 4 4 5 3 6 3 2 4 7 4 4 5 4 7 6 5 4 4 7 6 2 0 5 3 3 6 6 4 3 6 4 4 2 4 6 2 7 5 4 5 4 8 5 5 5 3 3 5 4 2 3
M[406] : 3 4 3 6 3 2 4 4 2 3 4 6 4 2 3 6 3 6 6 6 4 4 3 4 6 4 4 5 5 6 3 8 6 6 6 4 0 6 5 4 4 5 7 4 3 4 5 3 3 5 4 7 7 4 4 4 6
M[407] : 3 3 3 3 6 3 2 7 6 3 5 4 0 5 8 6 3 5 2 3 5 7 6 1 8 5 5 5 4 7 5 4 2 5 3 5 3 4 5 5 4 4 4 3 6 8 4 4 5 3 5 3 4 4 5 5 4
M[408] : 3 2 6 6 6 4 5 5 5 5 3 2 4 4 2 5 0 5 0 4 6 6 3 2 5 7 2 2 4 3 4 3 4 4 6 6 3 6 4 2 5 4 3 3 4 6 9 1 5 8 1 5 5 5 4 2 5
M[409] : 4 3 4 5 6 4 5 5 1 6 6 5 5 7 7 7 6 6 3 6 2 5 0 5 6 4 5 7 6 8 4 6 2 4 4 5 5 3 6 7 7 7 3 4 2 5 5 4 5 7 6 5 8 5 4 4 3
M[410] : 3 5 4 4 6 4 2 6 6 7 7 4 5 6 7 4 7 4 5 5 6 4 5 3 4 7 4 5 3 5 1 7 2 8 4 1 5 4 7 5 5 4 3 3 5 3 6 4 6 7 2 0 4 3 5 5 2
M[411] : 6 4 4 4 7 3 7 5 5 4 1 5 6 2 8 0 7 5 3 5 5 6 4 5 3 6 4 6 5 3 7 4 5 6 4 4 2 3 4 3 7 7 3 3 3 2 3 2 4 4 5 5 6 4 3 4 5
M[412] : 3 6 7 4 6 4 3 3 6 5 6 2 3 5 5 4 4 4 4 5 6 3 3 5 3 5 2 1 3 6 6 5 3 5 6 5 4 5 5 3 3 5 5 1 3 4 2 4 5 5 4 1 5 4 6 5 0
M[413] : 4 3 7 1 2 6 5 6 3 2 6 4 6 5 6 4 6 4 4 6 5 1 7 1 7 6 5 6 4 7 5 7 6 4 4 4 4 0 5 2 5 4 4 2 3 4 5 7 4 3 5 5 6 4 5 6 4
M[414] : 5 4 3 4 5 2 2 5 5 5 3 2 3 5 4 6 5 5 2 6 3 4 4 5 6 6 4 6 3 4 4 3 0 7 2 3 5 4 4 6 2 6 5 3 6 6 5 4 5 7 5 4 6 4 5 6 2
M[415] : 2 5 4 4 4 5 3 2 5 2 4 3 2 4 3 5 5 4 7 4 7 3 8 3 3 2 6 5 5 6 5 3 5 7 0 5 6 5 5 5 4 4 2 5 5 4 6 2 4 3 6 4 4 2 4 4 5
M[416] : 3 3 5 3 5 7 5 3 6 5 3 4 3 5 6 4 2 5 4 6 3 4 4 5 2 3 7 4 5 6 3 5 7 3 4 7 6 6 0 3 4 4 6 4 4 6 5 8 5 5 3 8 6 3 3 9 7
M[417] : 4 3 8 4 2 2 4 5 5 4 3 5 7 7 3 4 6 6 5 6 0 6 1 3 4 5 6 4 4 5 5 4 6 4 4 6 5 5 2 6 3 6 2 5 3 4 6 6 2 2 2 6 6 5 4 6 4
M[418] : 6 5 2 3 4 3 5 5 7 2 1 0 4 5 4 6 4 3 6 6 8 2 5 5 7 5 5 6 5 6 4 3 4 5 4 5 5 5 2 3 2 4 3 5 3 6 3 3 5 5 5 5 6 4 5 2 6
M[419] : 6 1 5 3 6 7 6 4 4 5 5 4 5 7 6 4 4 3 4 6 6 3 6 3 3 5 3 6 7 7 6 7 2 6 5 5 5 4 4 3 4 4 0 3 4 3 4 8 8 5 8 4 3 3 6 3 4
M[420] : 5 5 4 6 6 3 3 5 4 3 3 5 4 6 5 5 5 6 4 4 4 4 4 5 6 4 1 3 4 4 5 7 3 7 4 4 3 4 5 4 6 4 4 0 7 4 6 6 5 6 4 5 4 7 7 3 5
M[421] : 4 1 4 4 4 5 5 5 9 2 4 3 5 5 7 4 6 4 6 2 4 4 5 5 4 4 5 5 3 5 4 5 3 4 5 4 5 6 8 1 5 0 5 4 6 7 1 2 4 4 6 6 7 4 6 4 2
M[422] : 4 3 5 4 5 6 5 5 2 4 5 5 0 6 3 4 2 4 6 1 5 4 4 4 7 6 5 4 7 4 7 3 5 5 3 4 3 8 4 2 4 3 5 2 7 7 4 7 5 3 4 6 6 5 5 6 5
M[423] : 4 4 4 6 4 3 2 5 6 3 4 5 5 5 6 4 7 4 6 3 4 3 1 2 2 5 5 5 3 4 5 3 4 6 5 7 5 4 4 4 3 3 4 0 7 3 7 7 4 6 5 4 5 4 4 5 5
M[424] : 6 6 6 4 5 4 3 2 4 2 0 6 2 5 5 6 5 4 4 7 5 4 5 7 4 3 4 5 4 6 5 6 3 4 3 4 3 5 7 5 3 3 3 4 5 5 4 7 5 7 6 3 4 3 5 2 6
M[425] : 4 2 3 6 2 3 4 6 0 3 5 5 3 4 4 3 6 4 3 6 3 4 5 5 5 8 3 5 6 3 5 8 3 4 7 7 5 3 3 3 3 5 4 5 2 7 3 6 6 5 1 5 2 3 4 2 6
M[426] : 4 1 3 5 4 4 4 7 6 4 3 6 3 5 4 8 4 4 4 4 7 2 4 5 5 3 8 3 4 5 5 5 4 5 5 5 6 6 5 4 5 5 4 3 4 7 5 4 5 3 4 0 3 3 1 6 6
M[427] : 3 5 4 4 4 5 3 4 6 2 5 6 5 4 7 6 5 4 7 4 3 0 6 2 5 7 4 5 5 3 5 4 2 7 3 2 6 3 5 5 6 5 6 4 5 2 7 4 7 5 7 5 5 7 7 3 2
M[428] : 4 2 4 2 7 8 6 5 3 5 7 4 4 5 3 6 5 7 7 5 4 4 5 3 6 8 7 7 4 3 4 7 4 3 4 4 5 7 6 4 0 3 5 3 5 7 3 6 2 7 4 7 6 2 7 5 5
M[429] : 5 7 4 6 5 4 6 4 5 3 4 1 8 5 6 3 5 5 4 5 4 5 5 3 3 6 6 5 6 4 5 5 4 2 3 3 5 4 6 5 8 3 7 6 6 5 5 5 5 5 7 3 4 6 4 0 3
M[430] : 4 6 3 4 2 0 3 4 5 2 5 5 2 2 3 6 5 7 6 2 6 4 6 4 4 6 5 5 4 0 5 4 4 6 3 5 3 6 6 4 5 3 3 3 5 6 2 4 4 5 3 7 5 3 4 3 5
M[431] : 6 4 4 3 5 2 5 5 6 1 4 4 4 4 5 5 7 7 6 0 4 4 3 4 6 3 3 5 6 5 5 4 4 6 3 4 2 6 4 3 3 4 5 6 3 5 1 4 6 3 1 5 6 4 6 3 3
M[432] : 4 6 4 4 6 4 3 4 3 6 5 4 5 5 6 4 6 6 5 7 4 3 7 4 7 3 4 6 5 7 4 6 3 3 4 3 5 4 4 3 5 5 5 4 5 8 5 5 3 5 7 7 2 0 3 4 2
M[433] : 5 3 5 3 4 2 6 3 7 5 3 4 4 5 4 5 6 6 3 4 4 5 3 4 4 3 8 5 5 5 6 3 6 6 2 3 7 4 5 2 3 3 3 4 5 5 6 5 5 6 5 1 6 0 6 3 5
M[434] : 3 2 4 6 5 5 2 4 4 5 5 4 3 7 0 4 8 7 3 4 4 6 6 5 4 4 6 4 8 4 3 4 4 4 6 6 6 5 8 4 4 2 9 2 6 4 6 4 4 7 6 4 4 7 3 6 5
M[435] : 6 6 6 3 6 6 4 0 6 6 5 4 3 4 6 1 6 4 4 6 1 2 6 6 6 4 4 7 6 5 8 3 5 5 2 4 2 6 4 5 6 6 2 4 5 7 4 3 5 2 4 3 6 4 6 6 4
M[436] : 5 3 3 6 7 6 6 5 6 1 5 5 3 3 6 4 4 2 2 2 5 6 5 4 4 2 5 5 6 0 7 5 5 4 3 4 4 5 6 3 6 6 7 5 3 4 5 5 6 5 3 4 4 6 6 8 5
M[437] : 3 6 5 5 5 4 6 6 6 5 2 2 6 5 6 6 3 5 3 3 7 4 8 3 2 2 7 6 0 7 6 2 6 3 4 5 4 5 7 1 5 4 6 4 7 5 5 4 7 5 3 3 2 2 5 5 5
M[438] : 4 3 4 6 3 3 4 4 6 1 2 3 5 5 5 2 3 7 4 6 5 4 4 5 4 4 7 6 6 3 6 5 4 3 7 2 3 4 7 3 4 5 4 5 6 5 4 4 6 6 5 3 8 4 5 2 0
M[439] : 6 5 7 3 6 5 2 5 6 3 4 4 8 5 5 4 2 4 7 4 5 3 5 3 5 6 4 5 6 4 5 4 7 5 6 7 4 5 4 4 4 4 0 6 6 4 6 5 4 5 7 6 5 7 7 5 6
M[440] : 8 3 6 4 3 5 5 6 5 7 3 6 3 1 4 7 4 5 6 4 3 2 4 5 3 5 2 4 6 6 6 4 0 6 5 6 6 5 5 3 4 9 4 4 7 5 4 5 8 5 6 3 6 7 2 4 6
M[441] : 5 5 6 6 5 5 3 5 6 3 4 4 3 6 3 6 4 5 3 4 3 4 5 0 4 4 4 5 3 5 6 4 2 5 4 5 5 4 5 5 7 4 4 6 4 4 6 6 3 8 6 6 4 7 6 6 5
M[442] : 2 2 1 5 4 5 3 3 3 5 5 4 3 5 4 4 5 5 6 5 4 5 5 7 5 5 5 6 6 4 3 4 3 6 4 7 6 6 5 6 1 0 4 2 7 3 3 4 4 5 6 4 4 4 6 2 5
M[443] : 4 2 2 3 3 3 3 5 5 3 6 4 5 6 2 7 6 5 4 4 1 5 4 5 5 5 1 5 4 2 5 5 3 4 5 4 4 6 6 4 4 5 6 1 2 4 8 3 2 0 5 5 5 5 7 4 4
M[444] : 4 5 8 5 5 6 8 5 0 4 2 6 5 5 5 5 3 4 3 4 5 5 4 5 4 3 6 4 4 5 5 3 5 4 4 5 5 3 6 4 5 5 2 3 4 3 5 5 4 5 3 4 8 6 5 4 7
M[445] : 4 5 3 6 6 3 3 5 7 5 6 4 3 2 3 3 4 5 5 2 7 4 2 3 6 2 4 9 4 2 3 5 4 5 3 6 4 6 5 3 5 4 5 4 5 5 3 6 4 6 7 4 6 7 0 7 4
M[446] : 6 2 5 4 3 0 6 4 6 6 5 3 4 5 3 4 5 3 5 5 5 5 4 5 3 5 4 6 2 5 6 5 4 4 0 5 4 6 6 3 7 3 3 5 5 4 5 5 4 5 4 7 5 3 3 6 5
M[447] : 7 6 4 7 4 5 3 5 8 5 5 5 3 5 4 4 4 2 6 3 3 5 5 5 3 5 4 7 3 7 3 4 5 6 4 3 4 7 4 4 3 4 7 4 6 1 3 0 5 4 5 5 8 3 7 6 3
M[448] : 5 5 3 6 5 4 4 4 1 5 4 6 3 3 5 5 4 5 7 5 7 4 6 5 3 4 4 6 3 5 3 8 4 4 6 4 4 6 7 3 6 3 5 7 4 4 0 3 3 4 4 4 4 7 3 4 2
M[449] : 5 4 3 5 5 6 5 6 0 3 4 5 3 4 6 4 2 3 8 2 5 4 4 3 3 4 6 5 8 4 3 3 2 6 4 4 5 5 6 3 4 5 5 4 5 6 5 4 6 4 4 5 5 6 4 3 5
M[450] : 4 3 2 5 6 7 6 5 5 6 4 3 3 7 6 3 4 3 5 4 6 3 4 3 3 5 5 3 5 5 0 3 4 3 5 5 4 5 5 4 1 5 7 4 6 3 3 3 3 4 7 4 6 2 3 3 8
M[451] : 5 3 4 4 7 3 3 1 6 3 6 6 5 3 0 4 6 5 4 7 5 5 3 4 3 4 6 7 2 8 4 5 5 2 3 4 2 5 6 3 4 4 6 6 5 2 2 2 2 4 5 7 6 5 3 5 5
M[452] : 4 3 2 3 6 5 3 4 6 0 2 5 5 6 2 2 4 4 5 5 5 4 3 6 6 6 3 4 4 4 3 7 9 6 2 4 4 4 4 5 3 4 2 4 2 4 3 6 5 1 7 5 6 4 4 3 3
M[453] : 5 3 5 3 0 2 3 4 6 5 6 3 6 1 7 7 5 4 5 6 6 2 6 5 7 2 4 7 4 4 6 7 4 4 4 4 4 5 4 4 5 5 5 5 6 3 2 4 6 3 6 6 7 4 6 4 4
M[454] : 5 4 5 0 4 3 3 6 7 3 5 4 4 3 3 3 7 5 4 3 5 4 4 6 6 6 8 6 4 6 7 7 4 3 3 2 3 5 6 6 7 4 6 6 4 2 5 8 3 3 4 4 8 6 6 5 4
M[455] : 6 5 3 3 4 5 3 7 4 5 3 6 2 5 5 3 3 5 6 7 3 5 5 5 5 6 4 3 6 0 4 6 3 5 4 4 5 6 7 2 7 4 7 4 5 5 4 4 4 5 6 3 2 4 3 4 4
M[456] : 5 3 7 6 2 4 0 4 5 7 6 6 4 7 4 5 4 5 4 6 5 3 5 2 4 6 7 5 5 5 6 2 8 5 1 4 3 3 4 7 6 5 3 4 2 4 6 3 4 2 2 3 3 4 4 4 2
M[457] : 4 6 4 3 4 4 5 4 5 4 5 3 4 5 4 6 5 4 3 3 3 7 2 0 7 6 6 6 4 5 5 3 5 6 7 5 1 1 5 6 4 6 4 5 6 2 3 4 6 7 4 5 4 5 5 3 3
M[458] : 6 4 6 2 3 5 5 5 3 4 5 5 4 4 4 3 4 4 6 7 1 7 5 7 6 3 7 2 6 7 5 2 4 5 4 7 3 5 6 5 5 3 5 7 5 7 5 3 0 4 3 4 7 3 1 5 4
M[459] : 3 3 3 4 3 5 4 3 3 5 5 3 3 4 5 7 4 6 4 2 5 5 5 3 7 3 2 5 4 4 4 3 3 3 5 9 3 4 0 4 6 6 6 3 3 4 4 2 2 5 6 5 6 5 4 2 3
M[460] : 4 4 6 2 7 6 6 4 2 4 4 5 5 4 4 5 3 1 3 6 4 2 3 4 2 4 5 3 4 4 5 2 4 4 4 4 2 6 5 5 5 5 5 4 3 2 5 4 5 6 3 7 4 5 2 0 5
M[461] : 5 2 5 3 3 6 5 5 1 7 4 4 5 5 6 0 5 8 5 4 2 4 3 2 8 5 2 4 2 6 4 6 8 7 4 4 5 6 5 3 5 4 4 1 4 6 7 4 6 6 4 5 5 3 4 5 4
M[462] : 4 6 5 4 5 9 3 3 4 5 3 5 4 0 4 3 3 4 3 6 6 5 4 4 4 3 1 7 7 2 4 5 2 5 4 7 6 6 5 6 4 3 4 3 4 5 5 5 4 6 6 6 4 2 4 3 4
M[463] : 2 5 5 4 4 2 5 4 7 4 4 2 2 4 6 5 6 5 2 4 6 4 6 3 4 5 3 5 0 4 4 5 5 6 1 6 4 3 4 5 2 4 4 4 5 5 6 4 6 6 0 5 4 4 7 4 6
M[464] : 3 3 5 4 3 2 4 4 5 3 3 3 4 5 4 6 7 4 5 7 4 4 4 5 5 4 5 5 2 8 4 5 4 4 3 4 3 6 3 5 5 4 7 4 5 3 3 5 8 4 5 5 6 0 2 4 6
M[465] : 4 2 5 2 7 4 5 6 2 3 4 6 4 7 6 4 0 5 5 5 3 4 9 6 5 5 7 6 3 4 5 2 2 5 5 5 4 7 4 4 6 5 6 3 5 3 5 6 7 3 2 4 4 4 6 4 6
M[466] : 6 4 5 5 7 4 6 4 4 4 4 5 6 5 5 5 3 7 7 6 4 6 3 4 5 5 0 6 4 4 5 2 2 7 5 4 5 6 5 3 4 5 2 3 5 4 4 2 4 8 6 2 5 6 7 4 6
M[467] : 4 5 6 4 6 3 6 5 4 2 5 5 2 7 5 4 6 4 5 7 6 6 3 4 5 5 4 3 6 4 7 4 4 4 5 0 4 5 5 5 4 5 5 5 7 3 7 5 1 5 6 5 5 5 5 5 2
M[468] : 0 1 3 3 5 3 1 4 4 3 4 6 6 4 4 8 5 6 5 6 4 6 3 4 4 6 5 6 5 7 8 5 6 7 4 7 5 2 3 5 6 6 4 4 6 5 3 5 6 3 6 3 5 4 5 5 3
M[469] : 4 4 7 5 6 3 5 6 3 6 2 3 5 4 4 4 4 4 6 4 6 4 5 4 4 4 3 6 7 6 5 7 0 5 3 3 6 2 5 3 1 6 6 3 6 5 5 3 5 6 4 4 6 6 5 3 2
M[470] : 5 0 8 4 2 5 4 8 7 3 8 3 3 8 2 7 3 5 5 7 6 5 3 5 6 4 4 3 5 5 5 2 8 4 3 8 3 4 6 4 6 3 4 7 4 4 3 2 6 4 8 4 4 5 6 5 4
M[471] : 6 6 2 6 4 7 6 3 5 7 7 4 6 4 5 6 3 4 4 6 7 1 3 7 4 8 4 6 5 3 5 4 0 4 4 8 5 4 6 4 7 3 2 2 5 4 4 6 1 2 6 7 3 5 5 2 5
M[472] : 5 4 0 5 3 5 3 7 3 3 2 5 5 4 4 4 5 4 4 6 6 4 3 6 5 6 3 2 4 2 7 5 3 3 2 5 3 6 5 3 6 3 4 3 7 3 5 4 5 5 5 5 5 6 8 6 4
M[473] : 4 4 5 3 4 4 6 4 3 4 7 7 2 4 6 5 7 6 5 5 4 6 5 5 4 5 6 2 6 7 4 6 5 2 5 4 3 7 3 5 4 5 6 2 4 7 0 6 5 4 4 5 5 3 4 3 3
M[474] : 4 0 4 3 6 5 5 5 4 4 1 4 2 1 4 5 5 4 3 5 4 6 5 6 4 3 4 8 7 7 7 6 6 3 3 4 4 2 8 4 3 4 6 5 8 4 5 4 3 6 3 5 3 6 5 8 4
M[475] : 4 2 5 4 8 6 7 6 5 4 3 4 5 4 6 3 5 7 4 5 7 6 5 4 3 3 8 0 6 3 3 4 3 6 4 3 6 6 4 4 5 5 2 2 4 4 7 7 3 3 8 7 5 5 4 4 5
M[476] : 6 4 1 6 0 3 4 4 6 3 6 5 5 5 4 7 2 3 4 4 4 2 4 4 4 1 6 3 5 8 7 8 7 7 4 5 4 1 4 2 5 7 4 3 6 2 4 5 5 2 3 5 2 6 3 3 7
M[477] : 7 5 6 4 4 7 3 3 4 4 3 4 3 4 4 4 5 5 5 3 7 4 7 7 5 5 3 5 6 2 4 3 5 4 5 6 3 3 5 3 7 6 3 3 4 7 4 0 5 1 2 2 4 6 3 6 4
M[478] : 5 5 6 6 5 4 4 5 3 4 2 6 6 5 8 8 6 3 2 5 4 3 6 3 6 4 5 7 4 7 4 4 5 6 3 4 5 3 2 3 3 4 4 2 5 4 4 7 5 5 2 5 3 2 6 0 4
M[479] : 6 5 4 3 3 2 5 3 3 3 4 5 4 7 5 4 5 7 5 3 5 3 4 6 4 5 7 6 5 3 7 6 4 5 3 5 3 5 4 0 5 6 6 3 1 6 7 7 7 6 8 5 3 5 6 5 5
M[480] : 5 3 4 5 6 6 5 6 3 3 5 4 5 4 0 5 6 6 6 3 7 4 6 4 6 3 7 4 7 8 2 6 7 4 6 2 3 5 0 4 5 4 5 4 5 5 6 5 3 6 5 5 6 4 4 6 2
M[481] : 3 4 5 3 3 6 3 5 2 2 3 4 4 4 4 5 5 4 4 5 4 5 4 4 6 5 4 6 7 2 2 3 5 0 2 4 5 3 6 4 2 4 5 4 3 5 5 4 3 4 5 4 2 4 7 6 4
M[482] : 6 4 7 1 4 6 4 7 6 6 4 6 5 5 4 5 2 7 6 7 4 3 5 4 2 5 5 4 4 6 4 4 6 2 6 4 4 4 3 4 4 7 7 2 3 8 5 3 0 3 3 7 5 5 4 3 6
M[483] : 5 4 5 5 4 4 6 6 1 1 6 4 5 0 4 2 4 4 2 6 4 6 2 5 5 4 8 4 4 3 5 6 6 2 3 2 3 4 3 4 5 6 4 4 6 2 5 7 3 2 5 5 6 4 4 4 3
M[484] : 5 3 5 5 4 3 5 3 4 5 2 6 3 7 2 7 5 3 3 3 2 2 5 5 5 2 2 3 4 7 3 5 3 5 3 6 3 3 0 2 6 5 4 6 5 6 4 6 5 5 4 5 4 4 4 6 5
M[485] : 7 4 6 3 2 5 3 5 5 4 3 5 5 7 4 1 2 6 4 3 5 6 4 5 6 5 4 6 4 4 5 3 4 6 5 4 5 4 4 5 4 2 7 4 5 4 6 3 7 4 0 6 4 6 6 3 4
M[486] : 4 4 3 6 3 3 5 4 5 2 4 4 1 7 4 6 4 5 5 0 4 4 4 3 7 6 6 6 5 8 5 8 5 4 3 5 5 5 3 1 4 4 5 3 5 3 6 2 5 5 5 4 5 5 5 5 8
M[487] : 5 6 6 6 4 4 5 4 3 5 4 4 5 8 4 5 3 3 4 3 6 3 4 5 2 3 4 4 4 8 4 5 6 5 3 4 4 4 7 2 3 3 4 4 6 5 3 7 5 3 6 0 7 5 5 7 3
M[488] : 5 4 3 3 6 2 4 3 6 4 2 2 3 5 5 6 7 8 8 5 6 3 5 8 4 4 7 4 7 5 7 3 6 6 4 5 4 2 5 6 5 4 7 4 0 1 6 4 2 6 4 7 3 3 3 4 3
M[489] : 3 4 4 3 5 3 3 3 3 4 5 5 6 4 3 2 1 6 5 4 1 5 6 1 6 5 7 5 4 6 4 5 3 2 3 4 5 0 6 5 7 5 3 4 5 4 5 6 3 4 6 5 2 5 3 4 7
M[490] : 3 2 8 2 5 2 2 5 5 5 6 4 3 0 4 6 3 2 2 5 3 4 5 4 5 4 6 6 7 4 6 2 5 4 3 4 2 5 6 5 5 5 4 0 5 4 3 4 5 6 7 5 2 4 6 4 4
M[491] : 7 5 4 4 3 5 6 6 5 2 2 5 4 3 5 6 4 6 5 6 3 5 4 3 2 8 5 3 4 6 3 5 4 0 4 3 3 4 6 4 6 4 6 2 7 4 5 6 3 7 7 5 5 5 4 4 4
M[492] : 4 6 6 0 3 5 4 7 1 3 4 5 4 6 2 5 3 3 4 8 4 5 5 2 5 5 4 0 7 4 6 9 3 4 3 7 2 4 6 2 7 3 4 6 4 6 6 6 4 5 6 2 5 7 5 5 5
M[493] : 8 5 2 3 2 5 3 3 3 5 3 4 3 4 2 3 5 5 4 3 5 2 2 5 3 7 4 5 4 4 3 6 6 5 3 2 5 5 3 4 6 3 5 4 4 8 3 0 4 5 4 5 3 5 3 5 5
M[494] : 5 6 5 5 5 3 3 0 3 6 5 4 4 7 5 6 3 6 5 6 4 4 6 7 6 4 1 6 5 6 5 5 3 3 1 3 4 3 5 6 3 6 5 5 4 6 5 6 7 7 7 5 4 4 3 4 1
M[495] : 5 6 4 2 4 4 4 6 7 6 4 2 5 7 5 6 4 0 4 4 5 4 4 5 4 3 4 6 5 7 3 4 5 7 4 5 6 4 6 6 3 2 2 5 5 5 5 5 4 6 4 5 4 3 4 5 6
M[496] : 4 5 5 5 3 5 3 4 6 2 4 2 3 4 6 2 3 3 3 3 4 7 5 0 5 3 4 4 5 4 3 2 7 4 7 5 5 2 3 2 5 3 5 5 5 5 4 3 5 3 5 4 4 4 2 4 7
M[497] : 6 3 6 3 5 6 6 5 3 3 5 4 4 4 4 4 6 4 6 6 3 6 2 5 5 4 6 5 3 3 6 5 3 4 3 3 5 5 1 5 3 4 6 3 4 3 6 2 7 7 6 6 4 3 3 2 0
M[498] : 4 4 4 6 3 6 3 5 2 5 4 2 4 4 3 2 7 3 5 4 4 1 5 3 4 4 3 7 4 2 7 6 4 4 5 0 3 5 3 2 5 4 5 7 5 4 3 6 4 3 5 3 5 5 4 4 6
M[499] : 6 4 4 3 7 7 5 6 4 3 3 4 3 3 3 7 3 7 5 2 4 1 4 3 4 6 3 2 3 5 2 5 3 6 3 0 4 5 4 5 5 5 7 3 4 4 6 2 5 5 6 5 5 2 6 6 5

