 Execution de l'algoritme BITS sur le fichier dsjc500.5.txt
=====================================================================
 Partitions  : 
Vk[0] : 254 465 328 272 96 262 248 284 298 -->  9 éléments.
Vk[1] : 156 12 351 261 435 63 102 398 259 -->  9 éléments.
Vk[2] : 463 316 10 145 321 326 128 134 269 -->  9 éléments.
Vk[3] : 468 157 314 249 401 396 18 0 67 -->  9 éléments.
Vk[4] : 439 441 417 245 457 47 491 5 54 -->  9 éléments.
Vk[5] : 323 467 361 187 425 105 338 460 98 -->  9 éléments.
Vk[6] : 494 474 330 281 255 372 393 209 265 -->  9 éléments.
Vk[7] : 158 451 35 159 104 336 225 217 70 -->  9 éléments.
Vk[8] : 79 286 384 350 274 164 3 459 390 -->  9 éléments.
Vk[9] : 175 26 387 89 28 60 320 267 -->  8 éléments.
Vk[10] : 45 30 237 46 479 374 415 68 408 -->  9 éléments.
Vk[11] : 375 204 493 399 7 285 297 377 447 -->  9 éléments.
Vk[12] : 43 300 53 244 349 334 197 497 236 -->  9 éléments.
Vk[13] : 194 132 140 305 107 477 257 455 327 -->  9 éléments.
Vk[14] : 92 127 36 354 51 331 332 260 -->  8 éléments.
Vk[15] : 486 22 484 74 84 295 133 287 -->  8 éléments.
Vk[16] : 100 169 8 201 454 238 371 325 101 -->  9 éléments.
Vk[17] : 131 360 280 498 275 73 95 258 378 -->  9 éléments.
Vk[18] : 270 82 402 207 87 94 427 333 199 -->  9 éléments.
Vk[19] : 150 37 177 1 487 72 77 99 364 -->  9 éléments.
Vk[20] : 218 136 347 410 488 366 233 247 171 -->  9 éléments.
Vk[21] : 154 38 495 469 264 426 445 423 376 -->  9 éléments.
Vk[22] : 472 33 193 440 141 290 23 155 420 -->  9 éléments.
Vk[23] : 144 90 271 182 373 190 357 189 489 -->  9 éléments.
Vk[24] : 61 448 307 148 184 122 383 147 -->  8 éléments.
Vk[25] : 4 220 367 230 381 481 231 69 13 -->  9 éléments.
Vk[26] : 471 126 59 178 430 388 434 436 -->  8 éléments.
Vk[27] : 429 359 103 176 443 302 65 385 -->  8 éléments.
Vk[28] : 464 250 49 227 75 346 25 142 202 -->  9 éléments.
Vk[29] : 470 368 125 66 81 163 421 299 192 -->  9 éléments.
Vk[30] : 64 40 206 80 409 167 19 78 114 -->  9 éléments.
Vk[31] : 318 240 146 352 183 411 93 252 283 -->  9 éléments.
Vk[32] : 391 200 362 113 293 263 340 232 450 -->  9 éléments.
Vk[33] : 433 48 88 32 308 407 341 24 71 -->  9 éléments.
Vk[34] : 478 480 57 428 179 356 228 403 496 -->  9 éléments.
Vk[35] : 31 16 121 355 251 446 339 344 115 -->  9 éléments.
Vk[36] : 52 246 117 110 226 389 394 358 211 -->  9 éléments.
Vk[37] : 337 118 151 462 195 438 223 214 -->  8 éléments.
Vk[38] : 453 345 135 370 203 442 485 213 -->  8 éléments.
Vk[39] : 380 55 294 14 219 62 85 437 180 -->  9 éléments.
Vk[40] : 124 34 296 253 111 292 224 412 490 -->  9 éléments.
Vk[41] : 458 160 406 162 422 324 363 130 -->  8 éléments.
Vk[42] : 119 109 289 21 386 369 17 476 413 -->  9 éléments.
Vk[43] : 123 41 91 241 276 170 29 222 210 -->  9 éléments.
Vk[44] : 310 466 143 313 243 6 278 196 319 -->  9 éléments.
Vk[45] : 50 239 279 343 273 395 282 342 58 -->  9 éléments.
Vk[46] : 86 181 256 353 419 348 137 483 153 -->  9 éléments.
Vk[47] : 266 452 116 165 268 379 288 431 173 -->  9 éléments.
Vk[48] : 277 11 499 418 56 166 365 317 -->  8 éléments.
Vk[49] : 149 186 404 2 229 185 473 108 242 -->  9 éléments.
Vk[50] : 309 482 138 42 475 392 83 306 405 -->  9 éléments.
Vk[51] : 221 322 234 449 400 414 174 215 -->  8 éléments.
Vk[52] : 492 139 188 329 424 27 397 311 416 -->  9 éléments.
Vk[53] : 208 39 129 76 172 312 198 152 -->  8 éléments.
Vk[54] : 432 304 216 106 235 44 168 335 -->  8 éléments.
Vk[55] : 382 9 191 161 20 205 291 444 120 -->  9 éléments.
Vk[56] : 315 461 303 301 112 212 97 15 456 -->  9 éléments.
Matrice M
M[0] : 4 6 6 0 4 6 5 8 4 5 6 3 5 6 4 8 3 1 7 5 7 5 7 5 3 3 5 5 2 4 3 6 4 5 5 4 5 5 6 4 4 2 3 3 3 7 3 3 2 6 6 5 5 4 3 7 6
M[1] : 6 3 7 5 5 4 6 3 3 5 6 4 2 7 6 3 3 7 3 0 4 3 6 8 4 4 4 4 3 6 6 6 3 6 7 3 3 3 6 5 5 4 4 4 5 4 6 7 7 4 4 3 3 3 4 5 5
M[2] : 3 7 4 3 3 5 7 6 5 5 5 8 6 3 2 4 5 1 3 3 5 6 3 6 3 4 6 3 2 5 5 7 6 6 4 6 5 6 1 1 5 6 2 5 2 6 5 3 5 0 6 5 6 5 5 3 5
M[3] : 3 6 7 1 5 5 6 6 0 4 4 9 4 3 3 3 4 4 4 5 5 4 6 6 4 2 7 4 6 3 7 5 6 7 6 6 8 6 2 2 6 8 3 3 5 6 7 2 4 7 6 2 5 4 5 5 6
M[4] : 5 5 3 5 7 5 5 6 4 4 2 5 7 6 4 4 7 4 2 6 5 3 5 7 4 0 6 5 5 3 6 2 1 4 7 8 7 4 0 6 3 5 5 4 4 7 4 3 7 4 5 1 7 1 5 7 4
M[5] : 6 2 4 3 0 3 4 3 5 4 6 2 5 7 4 5 8 3 6 7 4 5 4 2 4 7 5 7 6 5 6 5 5 6 4 5 4 2 5 5 6 3 5 6 4 4 3 2 4 8 2 6 5 5 5 5 3
M[6] : 3 5 4 3 5 2 6 6 5 5 3 6 6 7 6 2 6 4 3 5 3 5 5 4 4 6 2 3 8 5 4 3 7 3 2 5 5 5 5 3 6 4 7 3 0 3 6 6 2 1 4 3 4 3 5 6 6
M[7] : 6 1 4 3 6 7 6 4 4 2 4 0 5 5 1 4 5 7 1 5 6 6 4 3 4 5 3 6 3 6 3 2 4 5 1 2 6 2 6 5 4 4 5 5 4 7 3 6 2 3 5 5 6 5 5 4 6
M[8] : 5 6 6 5 7 4 5 4 4 4 5 4 5 6 5 7 0 6 4 4 6 6 6 6 3 5 3 4 5 5 5 5 5 2 5 4 4 5 3 5 8 7 4 5 6 3 5 5 6 3 4 4 3 3 5 5 2
M[9] : 7 6 4 4 5 6 5 3 4 4 9 5 5 4 4 2 4 3 3 4 5 3 5 5 4 7 5 2 7 3 4 5 6 6 3 4 3 2 5 3 5 5 2 3 8 6 5 6 6 5 6 3 3 3 4 0 6
M[10] : 6 0 0 2 4 8 5 4 4 2 6 5 5 4 3 3 2 6 6 8 6 2 7 6 3 2 3 6 3 6 7 5 6 6 4 3 4 4 4 6 6 2 5 5 5 2 4 5 3 5 3 3 7 3 4 2 2
M[11] : 2 4 3 4 4 5 3 6 4 4 6 5 7 5 8 5 5 4 4 5 3 5 3 4 4 3 3 5 5 6 3 3 6 4 7 5 3 3 3 6 7 2 4 5 4 3 3 7 0 7 4 6 5 1 5 5 7
M[12] : 3 0 6 4 4 6 4 4 5 4 6 6 3 8 4 4 4 5 2 3 3 4 6 5 6 2 4 4 3 6 3 3 2 5 2 3 4 3 4 6 4 2 4 3 4 4 6 3 4 3 5 6 4 4 2 5 5
M[13] : 8 5 6 3 1 7 6 5 6 6 6 3 5 7 4 6 2 5 4 5 3 4 9 3 3 0 4 3 5 6 7 7 5 4 4 5 6 7 6 6 7 5 2 3 4 6 6 5 6 6 3 6 5 3 5 8 3
M[14] : 7 3 5 7 4 3 6 3 5 6 4 4 4 4 6 6 5 6 6 6 3 4 6 4 3 7 4 4 3 5 6 4 5 4 4 5 5 3 8 0 8 4 4 1 7 5 6 5 3 4 3 6 1 6 4 5 4
M[15] : 4 4 3 6 5 4 5 4 5 4 8 5 3 5 5 5 2 4 6 5 4 7 5 4 4 5 4 4 6 5 6 7 5 3 4 4 4 5 3 5 4 4 6 5 5 5 6 6 3 2 7 3 4 4 6 3 0
M[16] : 2 4 3 5 3 8 3 6 5 4 3 3 4 7 3 5 6 4 5 4 6 5 7 7 4 4 5 7 6 1 4 6 5 4 4 0 2 4 4 1 5 6 6 5 5 5 3 5 2 4 2 6 3 5 4 6 5
M[17] : 3 3 6 3 3 3 4 7 3 6 6 3 3 6 6 2 7 5 3 4 7 2 4 1 3 3 4 4 4 5 5 6 1 5 4 5 7 4 6 4 5 4 0 4 4 8 4 5 6 7 4 5 4 4 5 7 4
M[18] : 3 2 2 0 6 5 5 3 6 3 5 3 6 5 5 4 4 3 6 6 5 8 5 2 2 3 4 3 6 6 6 3 5 5 4 3 5 5 2 7 4 3 5 5 3 5 5 4 4 5 8 3 5 4 3 6 4
M[19] : 5 6 5 4 4 2 1 6 4 2 5 5 4 4 2 2 3 4 6 6 1 5 6 2 4 2 6 4 4 7 0 5 4 6 5 5 5 4 4 6 5 4 2 4 7 6 6 7 3 7 4 1 4 3 3 6 4
M[20] : 5 5 3 5 6 7 4 6 4 5 6 5 4 2 4 2 5 8 2 4 3 5 5 5 4 4 5 4 6 5 4 2 1 7 5 4 6 5 5 3 6 5 7 6 5 3 7 4 2 4 3 3 5 3 2 0 6
M[21] : 3 5 6 4 4 5 4 4 6 5 5 4 6 5 8 3 4 4 6 5 4 4 5 5 6 6 4 3 3 6 6 5 5 4 3 5 3 6 4 5 5 4 0 6 5 4 5 4 3 1 4 4 5 4 4 3 4
M[22] : 4 2 4 7 4 6 6 4 7 5 3 4 5 3 4 0 4 4 4 4 4 6 4 6 3 4 4 3 6 4 5 3 3 6 5 4 6 4 3 6 6 2 2 5 6 5 4 5 4 3 6 4 3 3 3 3 5
M[23] : 5 3 5 5 3 5 5 4 5 6 6 2 5 6 2 4 3 5 6 5 4 7 0 3 5 7 6 4 6 4 4 4 4 5 3 4 3 7 3 5 6 4 4 5 4 3 4 6 2 5 7 5 3 4 4 6 4
M[24] : 2 3 5 6 6 5 4 3 6 4 3 3 5 3 2 2 5 5 5 4 4 5 4 3 5 6 2 6 5 4 6 7 6 0 4 2 2 3 3 5 4 4 5 5 5 4 3 6 5 6 5 6 4 4 4 5 4
M[25] : 7 5 5 3 6 4 3 6 3 3 5 4 5 6 2 7 6 3 5 7 1 5 4 6 4 5 5 5 0 5 5 4 4 4 1 2 3 3 3 4 1 1 4 6 4 5 4 4 4 5 6 4 3 2 3 6 5
M[26] : 4 5 5 4 3 8 4 5 3 0 3 4 3 5 6 6 8 7 7 4 4 4 7 4 5 5 3 2 2 6 5 5 3 3 5 3 5 3 4 5 3 3 4 6 7 6 2 7 3 6 4 3 5 6 4 5 6
M[27] : 4 4 4 7 6 7 4 5 4 4 5 6 3 5 5 4 5 6 4 7 6 4 4 2 5 5 4 7 4 5 3 4 4 4 4 2 7 3 2 6 4 5 4 3 4 2 3 4 6 6 4 5 0 5 6 4 5
M[28] : 6 5 4 3 4 6 5 4 1 0 6 4 4 5 6 4 6 2 3 6 3 4 5 6 5 4 3 2 6 2 6 5 5 7 3 6 4 5 4 4 5 3 7 3 7 3 3 3 4 3 5 5 3 7 3 5 5
M[29] : 4 3 5 6 4 8 4 2 4 4 3 5 1 4 2 2 4 6 4 5 1 6 4 7 3 6 3 2 6 3 5 3 5 3 6 6 6 4 6 4 4 5 4 0 2 5 5 5 4 6 6 2 3 2 5 3 4
M[30] : 6 3 5 5 6 4 3 5 2 3 0 6 5 3 5 4 6 3 4 6 4 4 4 3 5 4 5 5 4 8 6 4 6 4 4 4 4 5 6 7 2 6 6 6 6 6 6 4 7 6 6 5 4 4 4 7 5
M[31] : 6 3 3 3 4 7 5 5 4 5 7 4 6 7 6 2 4 7 5 4 4 9 5 4 5 5 5 3 3 2 5 5 4 5 6 0 3 6 3 6 6 3 4 2 3 6 4 6 5 4 7 3 4 4 3 5 1
M[32] : 6 6 6 6 5 3 3 4 5 6 5 4 6 4 2 2 3 8 7 3 4 3 3 2 4 5 2 4 4 5 6 5 6 0 5 4 5 2 2 3 3 4 7 5 3 7 6 4 5 4 5 6 2 5 3 5 3
M[33] : 4 7 6 6 3 7 3 6 5 5 7 3 6 5 5 4 6 4 6 5 4 4 0 5 5 5 6 7 4 3 6 0 6 2 5 2 4 4 4 7 6 4 4 4 3 5 3 4 5 4 6 6 4 3 5 5 6
M[34] : 3 5 5 2 5 5 6 9 7 3 2 4 4 7 3 5 6 5 7 5 7 4 4 7 5 5 4 4 5 2 4 5 3 4 4 5 3 4 5 4 0 3 4 6 5 5 8 5 4 5 7 5 8 5 5 4 6
M[35] : 5 3 2 4 4 6 4 0 4 2 4 4 5 3 5 1 4 4 6 5 3 4 6 6 3 6 4 7 4 5 5 4 7 4 3 7 4 4 4 6 8 5 5 2 3 3 5 3 5 5 2 3 4 6 6 6 6
M[36] : 3 5 6 5 2 3 5 5 5 4 3 5 3 6 0 3 7 6 4 5 5 2 7 3 3 5 4 4 2 6 4 5 5 4 3 5 4 3 6 6 6 4 5 6 6 4 6 6 4 6 4 6 5 4 7 3 5
M[37] : 5 6 3 4 6 3 4 5 3 6 3 4 7 6 4 5 5 3 3 0 6 6 3 6 5 3 3 6 7 6 3 7 4 4 6 4 4 5 2 5 3 4 5 3 5 4 5 6 3 6 4 2 8 5 4 1 6
M[38] : 4 7 4 6 6 4 4 6 4 2 2 5 2 6 5 4 4 4 6 4 3 0 7 1 5 5 4 3 6 6 2 2 3 3 6 7 6 4 7 2 2 5 6 5 7 5 7 4 4 6 5 4 3 5 4 6 6
M[39] : 5 5 3 4 3 7 6 3 6 5 3 5 6 6 5 4 3 7 3 3 2 3 5 6 3 6 2 3 4 5 6 5 8 4 5 3 5 3 5 9 7 4 5 5 6 4 6 4 4 4 6 5 6 0 4 4 5
M[40] : 5 3 5 5 4 6 4 4 7 3 5 4 5 4 5 3 5 5 4 8 5 5 6 5 4 7 4 5 7 6 0 7 6 6 2 3 3 5 3 2 3 6 7 2 3 4 5 7 4 7 3 6 4 5 5 3 5
M[41] : 8 4 5 7 5 4 5 4 4 4 5 4 4 3 5 7 7 3 3 1 4 2 6 4 6 5 3 2 4 7 4 5 7 5 5 3 5 2 3 5 5 3 5 0 4 3 5 7 4 5 3 5 3 4 3 5 5
M[42] : 5 3 6 3 6 4 6 5 2 3 3 4 4 5 4 4 3 6 6 3 6 5 6 2 1 4 4 4 6 4 3 6 4 7 6 4 3 3 4 3 2 5 5 5 8 4 4 5 5 4 0 5 6 4 4 1 5
M[43] : 3 6 4 5 6 3 6 2 5 3 5 4 0 6 5 5 5 5 3 5 6 4 4 5 5 5 4 6 4 4 5 3 6 4 4 7 3 3 5 5 4 4 3 6 3 6 4 5 6 5 5 3 3 4 3 7 2
M[44] : 4 6 4 6 5 6 6 5 6 2 7 4 2 3 7 6 4 6 3 4 6 5 3 5 4 4 4 3 3 7 5 5 7 4 4 5 5 3 6 7 3 5 3 2 5 3 5 3 7 4 8 5 6 3 0 3 5
M[45] : 5 1 6 6 5 5 4 5 5 5 0 4 6 2 5 4 5 5 4 4 3 2 7 3 4 5 5 6 7 2 7 4 4 3 4 5 6 3 1 5 4 5 7 5 7 4 4 6 2 5 6 3 3 2 4 5 5
M[46] : 4 6 3 7 4 4 3 3 3 3 0 6 6 6 7 5 1 6 5 2 5 4 4 4 2 4 4 3 4 3 4 4 5 6 4 2 4 3 3 3 3 3 7 3 3 6 5 3 3 7 5 5 4 5 3 6 6
M[47] : 4 4 4 4 0 4 2 5 5 4 5 5 2 2 3 4 4 7 6 2 3 4 5 4 4 5 5 4 8 6 3 6 4 3 7 3 3 4 3 4 5 2 5 4 6 4 6 5 4 4 4 5 4 5 3 5 5
M[48] : 2 3 6 8 6 4 4 3 7 4 5 5 4 3 6 2 6 2 4 4 2 5 3 5 5 4 2 5 4 6 2 5 7 0 7 5 7 5 2 4 5 4 2 5 3 4 3 3 3 4 7 3 5 2 3 6 4
M[49] : 5 4 4 5 5 6 5 4 5 5 6 5 6 7 2 5 3 4 6 1 1 5 7 3 5 4 4 4 0 6 4 6 4 6 1 6 3 3 3 5 5 5 4 4 5 2 2 4 4 4 6 6 7 4 4 7 7
M[50] : 5 6 3 5 4 6 5 4 5 4 4 5 5 5 2 4 4 6 2 5 6 5 6 4 6 3 5 5 3 2 3 4 2 1 6 5 5 4 7 6 7 6 6 4 5 0 6 6 2 7 8 5 5 3 5 3 6
M[51] : 4 6 6 7 3 4 6 6 4 5 3 4 4 6 0 6 5 4 1 6 6 8 4 4 5 5 5 4 3 7 6 7 4 4 2 4 6 3 3 2 6 5 5 4 6 3 5 2 4 3 5 3 3 5 6 6 5
M[52] : 3 6 8 5 2 2 8 4 5 4 5 7 6 3 4 4 4 7 5 5 3 3 5 3 4 7 4 5 4 4 5 4 6 5 4 7 0 4 7 2 4 2 4 5 3 6 4 1 5 6 5 5 4 5 2 3 4
M[53] : 6 5 5 6 5 6 6 4 5 4 6 4 0 2 4 8 5 5 4 4 7 4 6 4 5 3 4 5 5 5 5 3 5 7 7 7 5 3 3 4 4 4 3 4 3 4 4 3 6 6 5 5 6 4 4 5 8
M[54] : 6 7 5 6 0 5 3 5 3 5 6 4 5 3 4 2 4 4 6 3 6 5 2 4 5 2 3 1 6 5 2 8 4 3 6 5 8 5 6 5 3 3 3 1 4 1 5 5 2 3 5 7 5 7 5 7 2
M[55] : 5 5 4 7 3 3 1 4 5 4 1 5 6 4 2 3 5 4 5 4 7 3 4 4 4 6 4 4 4 3 8 4 7 3 2 3 5 2 3 0 3 3 6 4 6 5 5 2 2 2 6 5 5 3 4 4 2
M[56] : 5 4 4 4 6 4 6 4 4 7 3 5 5 4 6 7 6 5 4 7 4 4 4 4 4 4 3 4 2 7 5 4 1 3 6 3 6 2 3 3 3 6 8 2 6 4 6 6 0 4 5 3 5 3 5 3 3
M[57] : 7 6 2 6 5 5 6 3 4 5 7 7 4 4 3 3 5 5 6 3 5 2 5 4 3 4 4 4 2 4 2 3 1 3 0 5 2 3 5 7 4 3 3 3 6 3 4 5 5 3 6 4 5 2 2 5 5
M[58] : 7 3 4 3 3 5 4 5 4 4 6 1 6 3 3 4 5 6 2 3 5 4 4 1 4 8 6 3 7 4 2 6 2 2 5 7 5 6 2 5 7 3 3 3 4 0 4 5 6 7 7 6 4 3 6 3 5
M[59] : 5 4 4 6 5 5 5 9 4 5 3 4 7 7 5 3 7 7 2 3 3 3 7 2 4 2 0 2 4 4 6 5 3 6 4 6 6 5 4 4 4 6 4 4 4 4 4 4 6 5 2 4 7 5 2 7 1
M[60] : 7 4 4 4 4 2 5 3 5 0 4 2 4 3 3 6 5 4 3 4 5 6 6 5 2 3 4 5 3 6 7 4 6 5 5 5 4 3 1 5 6 3 5 6 5 4 5 3 7 5 5 5 5 6 5 3 7
M[61] : 6 5 4 5 5 8 8 2 3 7 4 2 5 2 3 1 7 4 3 4 3 4 5 4 0 5 4 5 7 4 4 5 7 5 2 4 6 4 3 4 6 4 2 7 3 6 5 3 5 5 6 3 4 4 4 5 4
M[62] : 2 5 3 6 7 3 4 4 2 5 5 4 5 3 4 5 5 3 1 5 5 5 4 6 4 6 3 3 2 5 6 6 5 4 3 4 6 7 2 0 5 4 7 4 6 4 3 4 2 2 4 2 6 6 3 3 7
M[63] : 6 0 4 7 4 6 2 1 6 4 3 4 6 6 4 2 2 6 7 4 5 3 7 5 5 6 4 5 5 3 6 3 8 5 6 3 5 7 5 2 5 2 4 3 3 2 1 5 2 6 5 4 2 7 3 7 3
M[64] : 3 4 5 6 5 3 4 5 6 6 2 4 6 5 5 3 4 7 4 7 6 7 9 6 7 4 7 4 4 4 0 6 4 5 4 2 4 5 5 4 7 3 3 7 6 3 7 5 4 4 4 5 3 4 6 5 5
M[65] : 4 4 5 2 4 3 1 6 5 4 6 6 8 3 2 4 5 6 3 5 5 9 7 3 4 5 5 0 5 4 5 4 7 5 6 5 5 5 6 7 6 1 3 6 5 3 6 5 4 3 5 5 3 5 3 6 3
M[66] : 7 2 9 6 6 3 4 3 4 5 3 3 4 3 5 4 4 5 4 3 7 5 5 6 5 3 4 3 5 0 5 3 7 4 4 3 5 3 2 6 4 5 6 5 4 3 6 5 4 6 7 5 6 3 6 5 5
M[67] : 1 3 4 0 3 6 6 5 3 5 3 7 6 4 2 6 4 4 4 3 6 6 7 4 5 5 5 2 5 3 7 6 6 6 4 2 5 0 4 4 3 4 4 6 4 4 5 2 6 2 3 6 4 3 3 6 4
M[68] : 2 7 4 7 5 4 7 6 3 4 0 3 4 5 1 3 5 5 4 6 4 6 5 5 4 4 3 7 4 2 4 4 5 3 3 3 4 6 6 1 5 6 3 3 5 7 5 5 2 6 2 3 5 3 5 6 6
M[69] : 8 5 3 3 5 8 5 5 4 4 5 8 4 3 5 4 2 4 2 6 4 5 4 5 3 0 5 5 3 2 3 3 4 4 3 8 5 2 4 5 6 6 4 4 5 4 5 5 5 3 4 6 4 4 4 6 5
M[70] : 6 7 2 4 5 6 8 0 4 4 4 5 5 3 5 4 5 4 5 6 6 3 4 6 3 6 5 5 7 4 7 6 4 4 3 5 6 3 3 3 4 3 5 5 6 3 5 4 4 5 5 5 4 3 6 4 5
M[71] : 3 2 2 4 4 4 6 7 6 4 4 4 3 4 2 3 6 5 3 7 3 4 4 4 5 4 5 5 4 3 7 6 4 0 2 7 5 4 3 6 7 5 4 5 3 2 3 5 1 6 5 1 5 3 5 8 4
M[72] : 4 1 4 4 3 4 7 5 5 3 5 7 4 6 3 5 5 6 5 0 7 3 4 4 2 7 2 3 4 4 6 4 5 3 3 6 8 3 3 4 4 4 4 4 3 5 5 5 6 6 2 4 7 1 3 3 3
M[73] : 4 6 5 5 5 2 3 4 5 1 9 3 6 4 5 4 7 0 6 5 6 4 6 2 2 3 4 5 5 3 4 4 3 5 4 2 7 6 4 6 4 6 3 6 5 4 4 5 2 3 3 3 4 4 2 7 7
M[74] : 5 2 5 5 8 3 5 3 4 3 6 4 4 5 4 0 3 3 4 7 5 6 4 4 4 4 3 4 5 4 5 4 4 3 5 7 4 4 4 2 5 4 4 1 6 2 4 4 4 5 4 5 8 3 5 5 3
M[75] : 5 5 6 4 5 6 9 4 4 4 5 2 4 5 1 6 5 3 5 4 5 5 6 3 4 4 5 7 0 6 3 7 4 3 4 7 3 5 4 6 5 3 6 2 7 3 5 4 3 6 6 5 5 1 4 6 6
M[76] : 6 6 6 5 6 4 3 5 7 4 2 4 5 4 3 4 6 4 3 3 6 3 3 4 6 2 3 4 2 6 3 6 4 6 5 6 4 3 3 6 4 3 5 3 3 4 5 5 4 5 5 5 6 0 4 3 4
M[77] : 4 3 4 6 5 4 4 5 5 5 5 5 7 4 6 5 2 3 5 0 5 4 5 6 5 3 6 3 6 4 4 6 5 5 1 6 5 6 6 4 5 4 5 5 4 5 2 5 3 4 4 5 6 5 4 4 4
M[78] : 6 3 4 4 5 3 6 5 5 6 6 3 4 4 3 2 5 2 3 5 4 4 5 3 5 1 3 4 1 6 0 1 4 6 5 4 4 7 4 3 4 4 7 7 6 4 2 5 4 5 5 2 4 2 4 3 8
M[79] : 1 5 3 6 3 5 5 5 0 5 3 4 4 6 3 3 5 7 1 2 7 5 5 5 6 6 5 3 3 7 7 4 4 6 7 3 5 4 3 7 5 3 5 4 5 6 6 6 2 5 4 4 4 5 5 2 5
M[80] : 7 6 8 5 5 6 5 2 5 3 9 5 5 5 4 5 5 7 3 5 4 5 5 3 2 3 2 4 5 6 0 4 6 5 4 3 2 3 6 6 4 4 6 6 5 4 3 6 2 6 3 3 5 4 6 5 7
M[81] : 4 4 3 5 3 6 2 3 5 5 8 5 7 4 3 6 4 4 6 5 5 7 5 4 5 6 3 2 6 0 6 6 2 6 2 3 4 3 5 7 5 2 6 5 6 5 6 2 4 4 6 5 4 2 3 5 5
M[82] : 4 7 6 5 8 6 3 3 6 5 4 4 6 5 3 4 5 3 0 3 3 6 5 3 2 3 3 5 4 3 3 5 5 4 6 6 6 5 5 4 7 6 6 5 2 4 3 6 4 4 4 3 2 3 4 2 4
M[83] : 1 5 2 3 3 7 4 5 6 6 4 6 3 4 5 5 4 3 5 3 6 5 6 6 6 6 3 4 8 6 6 4 5 3 6 7 4 3 2 5 6 3 6 5 9 6 2 6 5 3 0 6 4 6 3 3 4
M[84] : 7 8 2 7 3 9 2 3 4 7 3 6 4 3 5 0 6 6 6 5 6 7 4 6 3 2 5 6 7 4 3 5 5 4 4 3 5 3 3 4 5 5 5 6 2 7 5 5 5 5 2 4 7 2 4 4 7
M[85] : 6 6 2 5 5 8 5 5 6 3 3 6 6 8 2 3 6 4 5 6 6 4 4 7 3 4 3 5 4 6 7 3 4 6 4 3 5 5 5 0 8 5 3 7 3 5 6 6 6 5 3 4 6 6 4 4 5
M[86] : 5 4 3 3 7 5 4 4 4 4 6 6 5 4 7 2 4 6 3 4 7 3 4 5 2 7 6 3 2 5 3 6 5 5 4 3 4 5 6 6 6 3 2 3 4 5 0 6 5 2 5 4 7 6 1 7 6
M[87] : 3 4 7 4 5 4 5 5 5 3 6 5 6 7 2 3 6 3 0 5 6 4 5 4 2 3 3 5 5 6 5 1 4 7 5 5 5 6 4 2 4 2 6 4 3 2 2 6 3 5 4 4 1 3 4 5 5
M[88] : 4 6 3 4 4 6 3 7 4 6 5 4 6 3 3 6 5 5 6 3 2 4 4 8 3 3 4 5 5 6 4 4 3 0 2 4 4 4 5 3 4 6 4 5 4 5 7 4 4 7 4 3 6 5 7 6 3
M[89] : 5 5 3 4 3 5 5 4 4 0 4 5 5 4 4 4 4 4 5 4 7 5 8 5 4 3 5 4 8 6 4 5 5 3 3 6 4 4 5 5 4 6 2 6 3 6 7 7 3 5 5 4 4 4 4 5 4
M[90] : 6 8 3 4 4 6 5 6 5 4 6 6 4 5 4 7 6 3 1 6 5 3 6 0 7 4 3 5 5 6 3 4 5 3 3 4 4 3 3 6 6 3 4 4 4 6 6 5 5 7 4 5 5 4 5 7 5
M[91] : 4 2 2 5 4 4 2 1 4 5 5 4 5 5 3 4 6 5 3 3 6 2 3 3 6 2 2 6 4 7 4 6 4 5 4 3 3 2 5 4 4 4 6 0 7 6 2 4 1 5 3 2 4 6 4 4 3
M[92] : 4 2 5 5 4 3 2 5 4 5 8 6 3 4 0 5 5 4 5 1 4 5 6 2 5 6 2 3 4 7 3 5 5 4 2 7 5 6 4 5 8 5 5 4 4 5 4 7 4 3 5 4 3 4 3 4 5
M[93] : 6 4 2 4 4 5 4 5 5 3 4 2 4 4 4 4 9 2 5 6 3 6 6 4 7 2 1 2 5 5 6 0 5 2 2 5 4 4 5 3 6 4 3 4 2 4 6 5 4 5 6 1 4 5 3 4 6
M[94] : 6 5 5 7 4 6 6 7 2 4 6 3 6 3 4 4 4 3 0 4 5 4 3 6 4 4 5 3 7 6 5 3 5 4 4 5 3 3 5 5 7 4 4 2 4 4 6 4 3 2 5 4 4 4 1 1 0
M[95] : 7 7 4 4 6 6 3 3 4 5 5 5 4 5 3 3 4 0 2 7 5 3 5 6 3 7 4 4 4 3 6 4 5 4 6 5 6 4 5 6 3 3 4 3 4 5 6 4 4 3 4 6 7 3 6 6 4
M[96] : 0 3 7 3 5 2 5 6 6 6 4 5 2 4 3 4 5 5 7 6 4 5 6 3 4 5 5 6 5 3 4 6 7 3 5 6 6 3 6 3 5 4 4 1 6 4 4 6 1 7 4 3 5 3 2 4 5
M[97] : 7 3 4 3 5 3 6 3 1 6 6 6 4 5 5 5 2 6 3 5 5 4 6 6 1 5 1 3 6 7 8 2 5 2 3 5 4 3 2 3 7 7 1 3 7 4 3 2 5 5 5 3 4 3 2 5 0
M[98] : 4 5 5 4 5 0 5 2 3 5 8 5 3 4 4 5 6 3 5 5 6 6 7 3 3 3 4 5 7 6 3 5 4 4 4 6 5 4 4 3 7 4 6 2 7 4 5 3 3 5 7 6 6 5 4 4 5
M[99] : 6 6 6 6 6 4 6 5 5 2 5 4 4 6 3 4 5 5 4 0 6 3 5 2 4 9 2 4 6 7 7 4 7 6 6 3 2 4 3 4 5 1 2 5 4 2 5 4 4 6 2 3 5 1 5 5 4
M[100] : 2 4 5 6 5 4 7 6 7 5 3 2 3 1 5 4 0 6 3 2 2 5 2 7 5 6 6 5 4 5 7 6 6 4 3 7 4 2 4 5 5 4 9 5 5 4 3 6 7 4 3 5 4 2 3 6 6
M[101] : 5 4 5 3 3 4 2 5 4 4 6 7 7 5 4 1 0 6 7 5 5 4 7 4 6 3 5 2 5 3 4 9 4 4 3 4 3 5 5 6 4 3 2 6 2 7 3 3 4 7 4 2 1 0 6 4 6
M[102] : 2 0 4 5 4 5 5 7 5 1 5 2 2 2 6 5 5 4 8 3 5 7 5 5 4 3 5 4 8 5 6 6 3 3 5 4 5 3 3 5 5 5 6 2 5 5 5 4 6 5 5 4 7 3 4 7 4
M[103] : 4 4 7 3 4 4 7 8 2 2 4 6 3 3 3 4 5 4 3 3 6 4 3 4 2 4 2 0 4 6 5 4 2 6 4 4 5 2 4 6 4 3 5 5 5 3 4 6 4 3 6 7 7 5 5 4 5
M[104] : 3 2 8 4 4 6 5 0 3 5 2 5 2 6 5 6 6 5 6 3 7 5 5 5 3 5 3 7 3 7 3 7 6 6 5 6 6 2 2 5 5 4 3 3 5 6 6 4 4 5 6 3 4 3 6 5 3
M[105] : 4 2 6 4 8 0 4 6 5 5 6 6 5 3 5 4 2 4 6 5 5 2 6 7 4 5 5 4 8 5 4 5 7 5 4 6 5 4 6 4 3 4 6 3 7 4 1 6 6 3 6 4 4 7 5 1 6
M[106] : 3 4 4 3 5 6 6 4 5 2 4 3 6 5 4 3 4 8 4 5 4 3 4 4 3 6 3 4 5 1 4 5 2 4 3 8 7 6 3 4 5 5 4 5 7 6 3 6 5 2 3 4 8 3 0 4 4
M[107] : 4 6 5 5 2 4 4 2 4 4 5 6 5 0 4 2 6 5 8 7 4 3 4 5 4 1 3 2 5 3 4 5 5 4 5 5 5 2 5 6 5 4 4 6 4 2 8 4 3 5 7 3 3 4 4 5 3
M[108] : 6 5 2 4 6 4 6 5 5 3 6 4 2 2 2 4 5 4 5 5 3 6 4 4 4 5 2 4 4 4 5 6 5 4 3 5 7 4 1 1 5 6 5 7 2 5 4 7 3 0 6 4 4 5 2 6 4
M[109] : 6 3 3 5 5 4 5 5 4 3 4 3 5 5 2 4 4 3 4 7 3 6 4 4 3 5 4 3 7 4 4 5 6 5 6 4 4 2 4 6 4 5 0 4 6 5 3 4 3 5 6 4 6 4 4 4 5
M[110] : 6 5 5 7 5 6 4 6 4 3 2 3 5 6 5 4 2 4 4 6 6 4 2 5 5 6 4 4 4 7 4 6 3 7 5 6 0 3 4 5 4 4 5 5 4 3 3 4 3 6 6 2 7 6 6 6 4
M[111] : 6 1 7 5 7 3 4 5 5 3 3 6 3 3 7 6 4 4 5 6 4 5 4 6 4 4 5 4 3 4 4 2 6 5 6 2 2 3 5 6 0 5 4 6 7 5 6 7 2 5 5 4 6 4 6 5 4
M[112] : 3 5 5 3 5 7 6 7 3 5 3 4 6 4 6 6 6 6 6 4 5 4 4 2 2 6 2 5 4 6 5 5 3 2 5 7 7 3 5 2 3 3 1 4 6 6 5 7 3 7 6 3 3 4 4 4 0
M[113] : 5 3 5 5 4 5 4 5 3 4 6 7 4 4 5 5 5 4 2 2 4 4 5 7 6 4 3 5 7 4 5 4 0 5 3 4 7 4 5 4 4 6 5 5 6 3 1 4 4 3 4 6 4 6 3 4 4
M[114] : 4 7 4 5 6 2 4 6 7 6 6 1 4 2 7 3 5 5 5 2 3 3 3 5 4 6 4 5 4 4 0 5 2 4 1 3 5 4 6 4 5 5 7 3 3 4 6 7 4 7 5 4 4 5 2 5 4
M[115] : 3 5 5 3 3 7 5 5 5 6 5 3 3 5 4 5 4 7 5 6 5 6 5 5 6 7 3 5 7 3 4 7 4 1 5 0 2 3 1 4 3 1 4 3 5 4 7 4 6 3 4 3 5 3 5 5 5
M[116] : 4 3 4 6 6 4 3 6 6 3 5 4 6 6 5 2 3 2 3 5 7 4 7 5 4 2 5 4 6 6 8 4 3 7 2 5 4 4 5 4 4 4 3 6 3 5 5 0 4 3 3 3 5 5 3 6 5
M[117] : 6 4 6 5 7 5 8 7 5 4 5 5 2 6 5 5 4 4 4 6 6 7 7 5 4 4 3 3 4 6 3 4 3 5 2 2 0 4 3 6 6 7 6 4 1 3 7 3 1 6 3 2 3 6 5 5 3
M[118] : 7 4 5 5 7 5 3 5 3 6 6 2 3 5 2 4 5 7 3 3 4 4 6 5 4 5 3 5 4 3 7 7 7 5 4 2 3 0 3 6 3 5 5 3 6 6 7 2 4 4 1 5 4 6 4 4 3
M[119] : 4 6 6 4 9 5 6 2 1 5 4 0 4 3 4 3 7 5 5 2 8 4 4 5 4 5 6 5 3 6 6 7 5 5 4 4 4 6 7 3 6 3 0 4 4 5 6 7 5 3 5 5 8 5 3 2 3
M[120] : 4 4 3 3 6 5 2 5 5 3 6 5 5 7 7 3 2 3 3 5 5 5 1 2 5 4 5 4 4 4 5 6 5 6 3 4 4 4 4 3 5 3 6 5 4 6 5 5 3 5 5 6 6 3 4 0 4
M[121] : 4 3 5 4 6 4 7 7 3 2 3 6 6 5 6 3 2 4 3 2 5 5 4 5 3 3 5 4 5 2 4 4 5 4 4 0 6 3 5 4 3 7 2 3 4 5 7 5 5 5 7 2 5 4 4 4 6
M[122] : 6 4 7 7 5 8 8 5 3 3 4 2 4 8 6 3 4 7 5 2 4 4 7 4 0 5 4 1 4 4 6 4 3 6 6 5 4 5 6 5 4 6 4 3 8 6 4 5 5 3 7 4 4 3 3 2 3
M[123] : 4 4 6 4 7 4 4 5 2 4 4 6 6 6 5 4 6 5 4 5 3 4 3 5 4 5 5 3 3 2 5 5 6 4 3 3 3 4 5 7 5 5 6 0 4 3 7 6 6 5 4 4 3 5 4 5 4
M[124] : 6 4 3 4 5 5 3 6 6 2 2 6 8 8 4 3 3 5 5 5 7 7 4 7 4 3 6 4 3 5 9 3 5 6 3 5 6 2 3 4 0 5 6 5 4 7 5 7 4 4 6 4 1 3 2 3 3
M[125] : 7 5 6 4 7 6 3 4 5 3 5 7 5 4 4 3 6 3 5 7 3 5 4 3 5 3 7 4 4 0 9 5 3 2 5 4 4 5 4 3 6 4 5 4 3 3 7 4 3 4 4 5 2 2 5 5 7
M[126] : 1 4 6 4 6 3 5 7 5 2 3 3 3 5 5 5 6 4 3 4 7 7 4 3 3 3 0 4 4 6 5 4 3 5 6 5 3 4 4 5 4 5 4 4 3 5 5 4 5 4 5 3 5 5 5 5 4
M[127] : 6 4 7 6 5 5 6 5 3 3 3 5 5 5 0 7 5 2 4 5 2 5 5 4 3 5 5 3 6 5 5 6 5 3 4 6 1 5 5 3 6 3 5 4 6 5 5 3 3 3 5 5 4 5 4 6 5
M[128] : 3 5 0 5 5 6 5 3 2 2 5 4 5 7 4 6 7 5 4 5 8 2 3 4 3 6 4 4 4 4 6 5 4 5 7 5 4 4 3 4 5 5 5 5 5 4 5 5 4 7 5 4 3 2 3 3 5
M[129] : 5 5 5 4 5 5 5 6 4 6 3 4 3 7 5 4 6 4 7 4 5 4 5 2 3 2 5 4 6 6 4 3 4 4 4 5 7 3 6 7 3 4 4 5 2 4 4 5 6 8 2 4 4 0 3 5 3
M[130] : 5 2 3 6 5 5 5 6 4 4 5 5 5 6 6 3 7 4 3 5 2 4 6 3 2 6 3 3 4 4 4 5 3 4 4 6 5 2 5 4 4 0 5 5 6 8 4 4 1 5 5 3 3 3 3 6 4
M[131] : 6 6 6 3 6 5 4 3 7 2 7 5 7 7 5 5 5 0 4 5 2 6 4 2 5 2 4 6 3 6 5 6 4 6 4 7 6 4 3 6 5 4 6 3 3 6 5 2 4 1 3 6 6 7 5 6 6
M[132] : 4 6 6 7 4 3 5 6 6 4 4 6 4 0 4 3 6 6 4 7 4 4 5 6 4 4 4 2 5 3 3 5 3 5 4 4 5 5 4 5 5 6 5 5 5 4 7 5 6 2 3 4 3 4 4 6 7
M[133] : 4 5 4 4 6 5 5 5 4 7 7 3 6 4 4 0 5 4 5 4 5 6 4 4 4 2 4 1 5 5 2 5 3 5 5 6 5 3 7 3 3 5 4 8 5 3 7 2 4 4 7 3 6 3 4 4 5
M[134] : 5 6 0 3 5 4 7 7 5 5 3 7 6 4 5 3 5 2 4 5 2 3 6 4 2 3 2 3 5 3 2 3 8 5 4 6 7 2 4 2 4 3 6 6 4 3 4 4 3 3 5 4 6 6 4 7 4
M[135] : 5 6 4 5 6 3 4 4 5 3 4 6 7 7 6 7 4 7 4 5 3 6 5 5 5 6 5 5 8 6 5 9 4 6 3 6 6 5 0 3 4 4 3 6 7 6 3 5 5 2 5 2 6 5 5 2 4
M[136] : 6 2 6 4 2 6 6 3 4 4 3 6 5 2 5 4 5 5 3 8 0 6 6 3 5 5 1 4 1 3 5 5 4 3 5 4 7 3 3 5 6 3 7 4 3 3 5 4 4 1 6 5 7 5 4 4 5
M[137] : 4 4 3 4 8 4 2 4 6 4 5 4 3 6 4 6 3 5 5 5 3 5 5 5 4 6 3 5 5 8 5 5 4 5 7 7 5 7 2 5 4 6 4 6 6 2 0 4 6 7 7 4 5 4 5 3 6
M[138] : 6 6 3 5 4 5 4 5 5 2 3 6 6 3 4 6 4 3 6 4 6 8 6 6 5 3 2 4 5 5 5 4 3 7 3 5 6 5 7 3 6 4 2 5 6 7 5 1 2 6 0 4 3 5 6 6 7
M[139] : 3 7 2 4 1 2 7 5 5 1 5 3 3 4 2 5 6 6 5 6 7 4 3 5 4 4 3 4 6 4 3 8 5 3 6 4 4 6 3 3 3 4 4 6 5 4 5 3 6 5 5 5 0 5 4 3 4
M[140] : 7 5 5 2 4 5 6 6 6 3 4 2 4 0 4 5 6 5 2 8 5 6 6 6 7 3 5 5 6 4 6 3 3 4 4 7 5 6 3 5 5 5 8 3 6 5 5 6 3 5 5 5 3 3 5 3 4
M[141] : 4 5 6 6 8 6 3 3 5 5 3 3 4 5 3 4 6 7 4 5 3 5 0 7 2 8 4 4 3 4 6 5 2 5 6 4 6 5 4 5 3 7 5 3 5 3 4 2 3 6 7 4 4 4 4 4 7
M[142] : 4 8 5 4 6 4 6 3 6 5 4 6 5 4 6 3 4 5 5 4 4 2 5 4 6 5 4 6 0 5 5 5 2 3 6 6 4 7 3 4 4 5 1 5 7 6 2 7 4 6 3 3 6 2 3 5 2
M[143] : 3 6 4 5 4 6 4 4 6 4 5 6 2 5 4 3 4 5 4 5 3 3 3 3 2 7 3 5 6 7 7 3 5 2 4 2 5 4 3 6 7 6 3 5 0 4 4 3 3 4 7 4 5 4 2 5 5
M[144] : 6 6 2 3 2 5 5 3 6 4 5 3 4 4 4 6 4 3 3 4 6 6 8 0 6 3 5 3 4 7 5 2 5 3 2 4 4 4 4 5 6 4 4 3 4 2 4 5 3 5 4 5 4 6 4 1 3
M[145] : 6 4 0 5 5 5 6 3 4 5 5 5 6 5 3 4 6 4 5 2 4 4 3 3 5 6 6 5 3 7 5 6 2 5 7 4 7 5 4 6 6 2 2 2 5 5 5 4 5 6 3 3 5 3 6 3 7
M[146] : 5 3 5 4 4 5 6 3 4 4 4 5 5 5 4 3 4 5 5 7 5 5 3 7 6 4 4 4 5 4 3 0 2 3 5 5 4 4 3 3 2 6 6 8 4 5 6 6 6 5 6 3 5 6 7 3 3
M[147] : 5 5 3 5 5 6 5 3 7 4 3 4 7 5 3 5 7 2 4 6 5 4 4 3 0 4 2 4 3 3 3 4 6 2 4 6 5 3 4 3 5 5 5 5 4 3 5 2 5 5 4 6 5 3 1 5 5
M[148] : 4 4 2 3 4 4 5 3 3 4 6 4 5 6 4 4 5 3 3 3 6 4 3 4 0 4 5 1 4 3 5 3 4 4 1 4 4 2 5 4 5 4 3 3 3 5 6 7 5 3 6 0 5 5 5 6 3
M[149] : 5 4 5 6 2 0 7 5 7 4 5 4 5 6 3 4 5 2 3 4 4 5 4 4 3 5 2 5 2 3 5 3 5 6 4 5 7 5 4 4 7 4 3 4 3 5 5 7 3 0 6 2 4 6 5 4 5
M[150] : 8 3 5 1 6 3 4 3 5 2 4 4 5 5 3 4 7 5 6 0 6 3 7 6 4 6 7 4 4 4 5 5 4 6 4 5 2 6 6 3 3 4 5 5 3 1 5 3 5 3 1 5 5 4 5 6 7
M[151] : 2 5 5 5 3 3 7 3 6 5 6 3 4 3 5 4 7 5 4 6 3 5 5 5 4 6 3 4 7 4 6 6 4 2 3 4 5 0 7 5 5 5 3 3 5 2 6 3 3 5 4 6 3 4 1 5 5
M[152] : 4 6 4 4 5 4 7 6 4 6 6 4 4 1 3 1 3 4 5 5 4 6 3 7 5 4 3 6 4 4 6 4 5 5 5 7 4 5 5 4 9 3 7 8 6 7 6 4 5 3 3 5 5 0 3 4 6
M[153] : 4 4 3 8 5 3 3 5 2 3 6 4 2 5 4 3 4 1 6 6 6 5 6 6 3 4 1 1 3 7 5 8 5 5 8 5 4 6 4 3 5 6 4 3 4 6 0 6 3 4 4 5 4 2 4 3 5
M[154] : 4 6 3 6 8 4 5 2 5 5 5 4 2 6 4 3 5 5 3 3 7 0 8 5 2 3 4 2 6 5 4 8 5 4 4 5 2 3 6 5 5 4 4 1 4 5 5 3 3 8 4 3 4 6 3 3 6
M[155] : 4 6 3 5 3 6 4 8 7 6 3 5 6 5 5 4 4 5 6 5 4 7 0 6 4 6 5 7 3 6 6 4 3 7 5 8 5 3 4 4 6 4 4 5 6 6 6 3 2 7 5 4 3 3 6 3 6
M[156] : 6 0 5 4 5 2 6 4 4 3 2 5 4 5 4 3 5 8 5 4 6 7 1 4 2 5 3 4 7 2 7 4 5 6 3 2 4 3 2 3 3 4 3 5 6 5 5 4 5 3 7 4 7 3 6 4 5
M[157] : 5 4 7 0 4 3 4 5 3 3 2 7 6 3 5 6 4 7 4 5 3 4 5 4 3 7 5 7 5 2 6 6 3 5 5 5 3 5 3 6 6 5 6 6 5 5 2 3 3 5 5 4 5 4 6 6 5
M[158] : 5 6 5 2 7 3 5 0 5 7 5 4 3 5 5 6 5 3 5 4 4 4 3 2 4 6 5 5 5 4 7 5 2 3 5 2 3 5 4 4 5 5 3 5 2 6 3 3 5 2 7 5 6 4 4 6 6
M[159] : 5 6 4 6 5 3 6 0 7 4 4 5 4 4 4 2 2 6 3 6 7 6 3 8 4 3 5 2 3 4 5 3 2 5 5 3 3 5 3 3 5 4 5 4 5 4 4 4 4 6 6 4 7 2 4 4 7
M[160] : 2 6 3 3 3 5 6 5 6 6 5 4 4 4 5 3 5 3 6 5 6 5 8 5 2 5 3 4 6 6 5 6 6 7 4 5 5 3 6 4 4 0 8 3 6 4 3 7 4 5 6 4 3 5 5 6 5
M[161] : 4 4 3 7 4 4 6 5 3 4 5 4 6 7 4 5 2 5 4 3 5 5 4 7 3 7 3 5 6 3 5 7 4 2 4 4 5 4 3 5 3 4 4 6 4 3 6 4 2 5 4 2 6 5 3 0 4
M[162] : 5 4 4 6 4 7 3 3 6 4 4 5 4 7 4 4 6 3 3 6 5 6 5 2 3 5 4 4 5 3 5 3 7 4 5 5 5 4 5 2 3 0 4 5 6 2 5 4 2 4 8 6 4 3 3 5 4
M[163] : 6 6 5 5 6 6 4 5 3 5 3 4 5 2 4 4 3 2 3 2 4 6 3 3 3 5 3 1 6 0 2 3 5 5 3 1 5 2 4 5 4 6 5 4 5 6 5 4 5 4 5 5 5 5 3 7 3
M[164] : 5 4 4 2 2 3 3 5 0 1 7 4 5 4 1 4 5 6 3 6 4 8 8 5 3 2 4 5 4 5 6 4 4 5 3 3 2 3 2 4 4 4 6 5 4 4 6 3 3 6 4 4 9 5 4 5 3
M[165] : 4 3 3 4 3 6 6 3 3 5 7 3 6 6 3 6 3 3 5 6 4 3 5 3 2 3 1 2 5 4 6 6 6 5 5 2 3 6 4 3 6 3 4 6 4 5 4 0 5 5 4 7 3 2 3 3 4
M[166] : 7 4 5 7 5 6 4 6 7 2 3 2 7 6 3 2 3 6 3 6 6 3 5 6 5 5 4 5 5 4 5 4 4 6 5 5 4 4 4 4 3 5 6 6 4 4 3 6 0 5 4 4 6 7 5 5 4
M[167] : 5 4 4 5 4 5 6 6 6 4 4 3 5 3 6 4 3 3 6 2 5 4 8 7 4 4 3 3 2 6 0 5 3 1 4 7 4 4 2 7 5 4 3 3 6 1 4 6 2 5 3 4 4 6 5 4 5
M[168] : 6 5 4 4 5 2 7 3 6 4 5 4 2 4 5 6 5 4 4 3 3 6 5 4 1 6 4 4 4 4 6 3 5 4 2 3 4 4 4 5 6 4 4 4 4 3 3 1 7 7 5 6 4 4 0 4 4
M[169] : 4 8 5 5 3 5 6 6 5 3 4 7 4 4 4 2 0 5 4 4 4 4 8 7 7 5 6 6 6 5 2 6 3 6 5 6 4 3 4 5 5 4 4 3 6 3 3 5 3 8 7 5 6 3 6 3 4
M[170] : 5 5 7 4 5 3 6 3 5 5 6 3 6 5 4 5 4 4 4 5 3 5 2 3 2 5 3 5 2 5 4 5 4 3 6 6 5 7 3 5 5 5 3 0 4 3 4 4 3 5 7 3 5 4 3 4 3
M[171] : 3 5 7 5 6 4 2 3 3 4 5 4 5 3 3 1 5 4 4 7 0 5 4 5 4 4 5 3 3 4 4 5 5 3 4 5 5 3 3 5 5 6 4 3 5 4 7 4 6 3 4 1 4 3 3 6 4
M[172] : 3 3 5 5 3 4 6 4 5 4 5 4 2 4 5 3 2 7 4 6 4 6 2 3 4 1 5 6 3 2 2 7 7 6 4 6 3 6 7 9 6 5 5 3 4 5 5 3 2 6 5 4 7 0 3 5 6
M[173] : 2 4 3 5 6 6 7 1 3 7 5 5 3 2 5 4 6 5 4 5 5 5 7 3 2 4 5 6 6 5 6 4 4 7 5 4 5 1 6 7 4 4 5 6 4 6 6 0 5 6 2 3 4 5 4 7 5
M[174] : 2 6 3 7 5 6 4 5 3 3 3 4 4 5 5 3 5 7 4 4 4 5 6 6 2 5 5 6 4 5 5 1 4 4 5 5 7 5 4 6 7 3 6 4 5 4 6 4 4 3 3 0 4 3 3 3 4
M[175] : 3 4 4 7 4 5 5 5 4 0 6 5 4 4 5 3 4 3 4 6 7 3 3 4 4 7 7 4 5 4 6 4 2 5 4 5 5 6 4 4 3 6 2 6 4 5 2 3 4 5 3 4 6 0 4 4 6
M[176] : 1 4 4 5 3 1 5 6 4 3 6 3 4 5 5 4 3 5 7 5 5 2 8 6 5 3 6 0 4 3 5 5 5 6 7 5 7 4 5 2 7 2 6 5 3 5 2 5 4 3 5 4 3 7 4 4 3
M[177] : 7 5 3 4 4 5 3 6 4 8 6 8 5 8 4 3 2 5 4 0 5 4 2 5 5 4 4 6 2 5 6 5 4 3 6 3 5 4 4 5 4 7 4 3 6 6 4 4 5 3 4 3 3 4 6 4 7
M[178] : 5 6 5 7 2 6 3 2 8 4 6 3 4 4 2 3 5 7 5 5 6 5 5 8 4 7 0 5 3 5 6 6 3 3 5 3 6 5 2 4 3 4 4 3 6 5 5 5 5 4 4 6 5 3 3 3 5
M[179] : 5 5 7 3 7 3 5 3 6 2 3 6 8 8 3 7 8 6 5 6 4 7 5 4 4 4 2 4 6 6 4 3 4 4 0 5 7 3 4 3 4 4 4 6 3 5 5 3 3 2 4 6 6 5 3 6 3
M[180] : 4 5 6 4 3 3 7 3 4 4 8 4 0 3 3 4 5 7 5 6 6 3 4 3 2 8 5 7 4 5 3 4 4 3 7 4 3 3 3 0 5 3 3 5 4 7 7 4 4 4 3 3 3 5 3 4 3
M[181] : 5 4 5 4 6 4 1 5 3 3 5 7 6 3 3 3 3 4 4 5 7 7 4 4 6 6 3 4 4 3 5 2 5 2 6 4 7 4 4 6 6 3 7 3 5 5 0 7 5 6 4 5 5 4 3 6 5
M[182] : 7 2 5 1 4 5 3 6 4 4 5 5 3 6 4 5 6 7 7 5 3 3 3 0 2 2 3 7 3 5 7 6 6 6 6 6 5 6 6 6 5 5 3 5 8 5 6 5 5 5 6 4 4 5 3 6 4
M[183] : 5 5 3 6 5 3 6 3 5 5 2 5 2 6 2 4 4 4 5 3 3 4 4 1 4 3 6 4 5 5 3 0 6 4 4 4 4 4 4 3 5 4 6 5 6 6 4 6 3 6 3 2 4 4 5 4 6
M[184] : 4 5 6 4 3 3 7 5 6 3 3 4 5 4 6 6 5 6 4 2 5 4 7 3 0 6 4 5 5 5 7 4 5 5 5 5 2 2 3 4 2 4 2 5 4 4 3 2 6 4 5 3 8 5 0 5 2
M[185] : 5 4 5 5 6 4 7 5 4 8 2 7 6 4 5 2 5 3 6 4 7 5 5 4 4 4 4 4 4 6 2 6 4 4 1 3 6 2 4 4 4 4 2 5 5 7 3 6 4 0 4 3 5 2 6 5 5
M[186] : 6 3 6 3 6 4 5 4 3 3 7 6 5 7 5 4 6 6 3 6 4 6 4 7 3 4 6 4 6 4 7 3 2 7 4 3 4 3 2 5 6 3 4 5 4 5 4 3 5 0 2 5 4 3 7 4 6
M[187] : 3 4 5 6 3 0 2 7 6 6 3 5 4 7 4 5 3 5 7 5 6 4 2 5 4 5 2 2 4 8 3 6 4 3 4 2 4 4 3 5 4 4 7 7 5 4 8 6 3 1 5 4 5 1 4 7 3
M[188] : 4 4 6 6 3 3 4 5 7 3 6 5 3 2 4 4 6 5 3 6 3 1 5 5 4 5 4 4 5 5 2 3 8 6 3 6 3 3 4 5 6 4 4 4 3 4 5 3 6 1 4 3 0 6 6 6 6
M[189] : 8 4 3 4 4 4 3 7 4 7 3 4 6 3 2 6 4 3 4 5 4 2 3 0 5 3 4 3 2 1 6 5 5 4 6 5 7 5 3 2 5 2 4 6 6 6 6 4 3 6 4 3 3 3 6 3 2
M[190] : 4 5 6 5 7 3 4 5 3 6 3 6 6 3 4 4 3 6 5 8 6 5 5 0 3 6 7 3 5 5 5 5 7 5 3 6 4 2 5 6 4 5 4 4 4 3 4 5 3 5 3 7 5 6 5 6 6
M[191] : 4 2 5 5 6 4 5 3 4 6 3 6 2 3 5 7 2 8 2 3 3 3 5 3 5 8 6 3 7 6 4 4 5 5 5 7 5 3 4 7 4 3 5 3 4 4 3 6 7 3 3 6 1 3 4 0 5
M[192] : 3 4 4 5 5 3 5 5 6 1 4 7 3 5 7 2 5 5 6 6 5 6 3 6 0 5 4 2 5 0 7 7 6 6 5 4 4 5 4 4 6 5 4 5 3 5 4 3 6 2 5 6 8 4 2 7 5
M[193] : 5 4 7 5 3 4 7 4 2 2 7 4 4 7 2 5 5 6 4 3 6 6 0 6 4 2 5 4 4 6 7 5 5 3 5 4 3 5 3 4 5 7 2 4 3 5 6 6 4 6 6 6 5 3 4 3 6
M[194] : 7 6 3 3 7 4 5 3 3 2 4 5 5 0 5 3 5 3 6 5 8 4 3 3 5 5 2 5 4 7 4 4 3 2 6 5 3 6 5 6 5 3 6 4 8 6 4 4 5 6 5 4 4 4 5 4 7
M[195] : 4 6 5 3 7 4 5 3 5 6 4 5 3 6 7 5 3 5 6 4 5 4 7 5 4 4 5 2 5 2 4 2 3 3 4 2 4 0 3 5 4 2 4 5 5 6 7 3 5 3 2 2 5 3 5 2 6
M[196] : 6 5 5 3 5 7 2 5 6 2 4 5 3 4 6 6 5 2 2 2 3 3 3 6 5 5 5 4 4 4 6 5 8 5 5 2 5 3 5 5 5 6 2 7 0 3 6 4 6 5 5 3 4 4 7 2 5
M[197] : 5 6 4 4 4 5 5 3 3 3 4 5 0 4 4 4 5 4 5 5 4 2 5 4 6 3 6 3 3 3 6 4 6 3 5 3 3 2 5 6 6 3 5 5 5 5 4 4 5 5 3 6 6 1 3 4 4
M[198] : 5 5 7 4 6 5 5 4 4 7 4 6 4 4 4 1 4 5 3 4 5 5 3 4 4 5 3 5 5 4 3 4 6 4 6 3 6 5 4 3 7 3 6 4 4 4 5 5 2 4 5 6 7 0 5 6 5
M[199] : 6 3 3 3 5 6 5 3 5 3 7 4 6 5 4 3 6 6 0 6 3 4 5 4 4 4 6 5 4 4 4 4 4 6 3 6 3 4 3 6 3 3 6 3 5 2 6 7 3 5 5 5 4 4 4 7 7
M[200] : 5 5 6 6 6 4 6 4 5 3 5 4 8 3 6 3 5 2 5 6 7 3 4 5 4 6 4 4 7 5 7 7 0 4 2 8 6 6 4 5 4 7 3 6 6 8 6 2 6 7 3 5 5 7 5 6 5
M[201] : 3 3 6 5 4 2 3 4 5 5 3 4 7 6 4 4 0 3 6 4 5 3 4 2 4 4 4 5 2 5 6 4 5 7 7 3 6 4 3 4 4 4 4 5 4 6 3 5 2 4 3 4 5 5 2 3 3
M[202] : 4 3 5 7 4 4 5 3 6 3 5 3 1 5 4 5 3 4 5 5 4 5 7 7 5 6 3 3 0 6 4 4 4 4 5 6 5 4 5 4 6 5 5 5 4 6 6 7 5 6 4 3 4 3 4 5 5
M[203] : 4 8 2 4 4 5 5 4 5 4 5 3 4 3 5 5 5 5 5 5 5 6 4 6 5 4 3 5 5 6 5 7 7 5 6 5 7 4 0 4 5 2 4 4 4 3 4 7 5 7 3 3 4 3 6 4 3
M[204] : 5 6 5 6 3 6 4 4 6 2 5 0 5 5 4 3 4 6 3 5 4 6 3 4 4 3 1 4 5 6 4 3 2 4 5 7 4 3 6 4 4 3 7 3 5 6 6 5 5 6 6 3 6 4 2 5 6
M[205] : 2 5 3 5 4 3 3 6 4 4 3 6 3 5 5 3 4 5 5 2 4 4 3 4 5 6 4 5 5 5 5 6 5 5 2 4 5 2 2 2 3 5 4 5 1 6 4 6 5 4 8 6 4 4 4 0 5
M[206] : 3 4 5 6 4 3 3 7 5 5 5 5 7 4 5 6 8 6 6 7 3 3 5 7 4 5 4 5 2 5 0 6 5 5 5 4 4 6 6 3 5 5 8 1 8 3 6 2 4 4 5 5 4 3 2 6 8
M[207] : 8 6 4 3 3 3 4 7 5 3 6 3 5 5 4 4 5 5 0 4 7 4 5 4 2 6 5 1 6 4 5 4 5 2 6 4 5 2 3 6 8 3 5 6 5 5 6 5 6 7 7 5 3 3 3 4 3
M[208] : 6 7 5 3 6 5 6 3 7 3 6 4 4 5 7 3 5 5 6 2 7 5 3 7 7 3 5 2 3 3 5 4 4 5 5 3 5 3 3 6 5 4 3 6 5 6 5 3 6 4 4 4 3 0 5 3 2
M[209] : 4 4 6 3 6 4 0 5 4 5 6 3 3 5 3 2 5 7 3 7 4 4 4 3 6 4 2 3 5 3 4 5 5 4 2 6 4 7 6 6 3 6 4 5 5 4 4 6 7 5 4 6 4 6 4 1 4
M[210] : 2 4 6 4 6 4 6 6 5 3 6 6 5 6 4 4 4 3 2 8 7 3 3 5 3 3 3 5 4 3 4 2 4 5 5 6 4 4 4 3 5 4 4 0 7 3 5 7 4 5 5 5 4 3 6 4 5
M[211] : 4 6 5 3 6 4 4 4 5 4 4 4 4 4 3 5 6 6 4 2 3 3 3 5 2 3 5 5 4 4 5 3 4 7 4 6 0 3 6 6 4 2 3 3 6 4 6 5 3 3 4 4 7 0 8 3 6
M[212] : 7 4 6 5 3 5 4 6 4 5 6 7 4 7 3 3 5 4 2 7 4 7 4 4 5 7 4 3 6 6 4 6 4 6 5 5 6 5 5 1 4 3 5 4 4 6 6 5 2 3 3 3 6 4 2 6 0
M[213] : 4 5 7 5 2 5 5 6 3 4 1 5 6 1 4 4 4 5 4 5 6 6 6 5 4 5 5 6 3 3 5 3 7 5 4 1 8 6 0 6 4 3 4 4 6 4 5 7 4 3 6 2 3 6 4 5 5
M[214] : 2 5 5 3 4 8 6 6 7 3 5 2 4 4 3 2 1 3 8 4 4 4 4 4 1 3 4 6 5 3 3 4 6 2 5 4 5 0 5 3 3 2 5 3 2 3 5 6 4 4 2 3 5 5 5 6 4
M[215] : 5 5 4 4 7 5 3 2 5 1 5 3 7 3 2 6 5 3 4 3 3 6 5 5 2 6 5 6 6 7 4 5 6 4 6 6 5 3 5 2 2 4 6 4 3 7 3 6 3 4 2 0 6 4 6 4 5
M[216] : 5 5 3 4 5 4 6 3 6 4 5 4 4 5 4 4 2 5 4 5 2 5 4 6 2 6 5 3 3 6 5 4 2 2 5 3 6 4 4 3 3 3 2 6 3 7 4 5 3 7 6 4 4 2 0 5 4
M[217] : 5 2 3 6 1 3 5 0 4 3 3 2 5 6 3 5 3 3 3 4 4 4 5 6 4 4 5 3 2 4 5 6 3 6 5 5 6 3 7 3 5 6 6 5 2 3 7 6 4 4 5 2 6 4 2 1 7
M[218] : 3 6 6 4 8 5 4 2 6 4 4 6 6 5 5 4 4 4 7 4 0 5 3 1 3 6 5 3 4 4 4 5 4 3 4 3 7 5 3 4 4 5 5 4 2 7 2 3 4 3 8 2 7 2 3 3 6
M[219] : 4 5 7 1 5 5 8 5 6 7 5 4 4 4 2 3 6 4 2 2 7 1 5 5 4 3 4 6 6 3 4 5 3 8 4 4 2 3 2 0 3 1 8 5 5 9 4 2 2 3 3 2 2 6 4 4 4
M[220] : 6 5 5 8 5 8 6 7 4 2 4 6 4 3 3 2 5 6 2 4 6 3 5 7 3 0 3 6 4 4 2 5 4 6 6 3 7 3 6 4 4 3 6 4 5 6 8 5 4 2 4 6 6 4 6 5 8
M[221] : 2 4 5 6 4 8 9 5 2 5 6 2 6 3 5 2 4 5 6 2 3 5 7 6 4 6 5 5 6 7 7 3 4 5 5 4 5 3 5 3 1 2 4 6 3 4 5 5 4 8 3 0 5 7 4 6 4
M[222] : 5 1 7 4 5 3 7 4 3 6 3 4 4 5 5 3 4 4 5 2 5 3 5 6 2 3 2 4 5 5 2 8 5 5 6 1 4 3 2 3 2 5 4 0 3 3 4 3 7 5 6 6 7 5 4 6 4
M[223] : 4 7 3 5 6 5 7 4 5 3 4 5 5 5 2 6 6 6 4 6 3 6 3 6 3 1 5 3 5 6 6 5 4 7 5 4 4 0 4 5 6 4 4 3 6 5 5 2 4 6 5 2 7 3 4 2 6
M[224] : 3 1 5 6 6 5 6 5 3 3 7 4 6 7 5 5 3 3 4 5 7 1 6 4 4 3 5 5 5 5 5 5 4 4 6 5 6 2 4 6 0 3 5 3 6 4 5 2 4 4 5 5 5 6 6 1 6
M[225] : 6 4 4 4 5 7 4 0 2 5 4 5 5 3 2 4 8 5 4 2 4 6 6 5 5 6 5 5 3 3 7 2 4 6 3 7 3 5 3 6 4 6 5 1 2 3 3 1 5 2 6 6 3 2 3 7 2
M[226] : 4 4 7 4 3 6 4 5 1 3 7 4 4 4 1 3 8 5 1 3 5 4 7 4 5 4 4 5 3 5 5 3 6 3 7 4 0 3 4 5 6 5 5 7 6 5 5 5 4 5 2 5 5 6 4 2 6
M[227] : 5 5 6 4 6 7 4 4 4 7 3 4 5 5 7 3 6 4 7 4 4 4 3 3 2 3 3 3 0 3 4 2 6 7 5 6 4 4 7 3 5 4 6 2 4 7 6 6 1 4 6 4 6 8 3 4 7
M[228] : 5 5 3 6 4 5 2 4 4 2 3 3 3 5 1 5 4 5 3 5 2 5 3 3 3 6 5 6 6 3 5 3 3 4 0 4 4 3 7 4 3 5 4 6 3 4 2 5 6 3 5 5 4 4 2 3 6
M[229] : 6 2 6 4 7 2 9 2 4 3 5 5 5 5 6 3 5 7 4 7 5 7 9 3 5 3 3 2 4 5 5 5 6 6 3 5 6 3 5 1 2 3 5 5 7 8 6 5 4 0 5 5 6 5 3 3 4
M[230] : 5 4 4 4 5 6 4 5 5 4 5 4 4 6 6 5 8 3 5 5 6 7 6 3 4 0 5 6 3 3 3 1 5 4 1 4 4 4 4 5 2 6 4 3 4 6 7 5 1 5 5 3 3 3 5 7 6
M[231] : 7 5 5 4 6 4 0 5 2 4 4 6 4 5 5 2 4 4 6 5 6 3 5 3 5 0 5 3 4 2 3 3 8 7 4 5 3 2 6 7 3 7 5 5 7 5 4 5 3 3 5 5 3 3 4 7 5
M[232] : 5 3 5 7 3 6 6 6 4 5 4 3 5 2 5 1 7 4 4 4 6 1 4 8 3 4 4 5 6 4 5 5 0 6 3 4 4 4 6 6 3 5 5 3 5 3 6 4 2 4 2 3 2 1 4 4 2
M[233] : 5 7 4 4 3 4 4 6 6 6 5 5 4 7 5 5 6 3 4 5 0 4 3 5 3 4 4 6 5 7 6 3 5 6 6 7 5 4 5 5 6 3 4 6 4 5 5 4 3 3 5 2 4 4 4 4 5
M[234] : 6 4 8 5 7 6 3 4 3 1 5 6 5 5 3 4 4 4 5 3 3 1 3 5 5 4 4 5 5 5 3 5 3 4 5 2 5 5 3 5 6 3 5 3 7 5 4 6 2 4 5 0 6 4 6 4 6
M[235] : 4 5 8 8 7 4 6 6 6 6 5 4 5 4 4 3 4 4 5 6 7 7 5 2 3 6 6 2 4 4 5 6 3 4 4 4 5 2 3 2 3 4 6 6 3 6 4 4 3 5 5 4 8 7 0 4 3
M[236] : 6 2 2 3 6 4 4 5 4 5 6 4 0 4 6 5 4 6 3 2 4 2 1 3 4 6 1 4 3 5 6 4 7 3 5 4 2 3 5 2 8 3 6 3 3 4 3 4 4 5 4 5 5 2 2 2 2
M[237] : 7 5 4 3 5 6 5 3 3 5 0 4 6 7 4 2 4 6 8 6 7 4 7 5 2 6 4 3 7 7 6 5 5 4 4 6 4 5 7 5 3 4 5 5 6 5 5 4 3 5 4 6 8 4 5 5 3
M[238] : 3 5 4 3 5 5 5 7 4 3 6 4 6 6 6 3 0 3 6 4 5 6 1 3 3 6 3 4 7 3 3 3 4 4 5 5 6 5 5 4 3 4 5 5 3 4 6 3 4 6 4 5 4 5 4 4 5
M[239] : 6 5 5 6 4 6 4 1 3 4 4 3 3 5 1 2 5 4 5 3 5 4 4 4 4 4 6 6 4 3 2 5 6 4 3 6 6 5 2 4 5 2 7 4 3 0 7 5 6 6 4 4 4 5 4 7 5
M[240] : 5 3 3 6 5 7 4 6 6 3 5 5 3 3 3 4 4 6 4 7 5 7 1 3 4 3 5 6 4 7 5 0 6 7 5 6 2 4 5 6 4 5 5 3 5 4 4 3 3 6 5 6 5 3 4 5 3
M[241] : 3 4 4 5 4 4 3 3 4 7 3 4 4 3 6 4 6 5 7 3 8 6 4 4 3 2 2 5 3 5 4 2 5 4 3 2 4 2 2 5 3 2 6 0 4 3 5 4 3 4 4 5 3 3 4 2 4
M[242] : 4 5 5 6 5 5 5 3 7 5 4 5 3 5 4 4 4 4 6 2 2 5 8 7 2 3 5 0 7 4 7 6 5 5 3 4 4 1 3 5 5 5 4 3 3 4 4 3 5 0 3 5 5 6 5 7 4
M[243] : 6 6 5 3 5 7 1 6 3 8 6 4 6 4 5 6 5 5 4 6 1 5 4 6 5 5 3 2 4 4 4 3 4 6 6 5 2 4 6 8 5 2 5 4 0 5 4 4 2 5 5 6 4 6 4 4 5
M[244] : 7 4 6 7 4 6 3 4 2 3 5 7 0 4 3 2 4 5 6 3 6 4 6 5 4 3 3 3 6 6 5 3 6 5 5 5 4 7 5 6 6 3 4 4 5 3 4 5 5 2 4 6 4 4 4 1 6
M[245] : 4 6 5 5 0 3 4 6 3 2 4 5 5 3 3 3 4 3 4 3 4 8 4 5 5 7 4 3 5 6 3 7 4 3 4 2 5 7 3 7 8 4 3 5 5 5 6 6 6 4 6 4 3 3 8 4 5
M[246] : 5 6 5 7 5 3 6 5 7 1 5 8 4 5 2 4 4 3 8 4 5 7 3 4 3 8 5 4 5 5 2 3 6 2 4 5 0 4 6 6 4 4 4 5 4 5 6 5 3 4 7 7 5 4 6 3 5
M[247] : 3 3 6 7 5 6 3 5 4 4 2 6 5 6 3 2 4 4 3 7 0 3 5 3 5 7 5 6 4 4 4 7 6 3 3 0 2 4 7 6 5 6 3 7 4 5 5 5 6 5 5 5 4 5 5 7 8
M[248] : 0 6 4 6 2 8 5 4 5 6 3 3 5 3 3 5 4 5 5 4 5 7 5 5 6 6 3 2 6 2 7 5 6 4 8 4 2 5 1 6 4 3 4 4 6 3 7 6 5 4 5 2 3 5 7 7 5
M[249] : 6 1 4 0 4 4 3 6 3 5 7 4 3 5 5 4 5 6 7 1 5 5 4 5 2 6 6 4 3 3 6 2 5 5 5 6 3 3 3 5 3 5 3 4 3 4 6 6 4 4 4 1 6 4 5 5 5
M[250] : 6 5 4 7 6 5 5 2 3 4 6 7 2 5 4 7 6 4 8 7 6 9 5 4 4 5 4 5 0 3 3 5 6 5 3 6 3 6 7 4 6 6 6 3 4 7 3 5 6 3 4 2 4 4 5 2 3
M[251] : 5 6 3 3 2 5 3 5 5 4 6 3 5 3 6 4 6 7 8 7 5 6 4 5 3 4 5 5 6 4 2 4 5 5 6 0 6 3 1 3 3 3 3 3 2 6 3 5 4 5 5 4 5 6 3 3 4
M[252] : 5 4 2 2 6 6 4 4 7 5 4 5 1 6 5 6 4 3 5 2 6 6 5 5 1 3 5 4 5 4 2 0 5 5 6 3 4 6 5 3 4 2 7 3 6 3 2 3 4 3 4 5 3 5 2 4 5
M[253] : 6 5 5 5 2 7 4 5 4 3 5 3 6 4 7 5 4 2 6 4 3 7 3 6 6 5 5 5 2 5 2 4 3 3 6 7 6 4 3 3 0 7 5 3 6 4 5 5 2 5 2 4 6 7 3 6 4
M[254] : 0 2 4 5 4 4 4 3 3 3 3 3 3 5 6 3 3 7 5 3 5 4 6 5 4 8 4 5 5 7 5 4 4 4 3 7 4 3 3 5 6 2 6 7 2 4 3 6 3 5 2 1 4 4 2 6 6
M[255] : 4 4 6 7 4 4 0 3 4 4 5 5 7 5 4 6 5 3 7 6 5 4 7 6 8 4 6 6 4 4 6 3 6 3 6 4 6 2 3 6 5 3 6 5 2 5 3 5 5 7 3 5 4 5 5 5 3
M[256] : 3 8 3 4 3 3 5 4 7 2 4 3 7 8 7 5 5 5 4 4 3 7 6 3 5 4 7 2 3 5 4 5 7 5 7 3 3 5 8 5 3 2 7 5 5 5 0 6 4 4 3 5 3 6 3 5 4
M[257] : 6 5 2 6 8 2 6 4 4 4 5 2 2 0 5 4 5 3 4 6 4 5 7 6 3 5 4 2 5 3 4 5 3 3 8 5 4 4 7 1 7 4 6 4 5 4 2 4 5 6 4 4 6 5 4 4 3
M[258] : 7 5 4 3 4 5 4 4 4 7 6 7 4 1 7 3 7 0 3 3 3 5 6 6 5 2 3 0 6 5 4 4 5 6 6 4 6 3 6 6 6 4 6 3 5 6 4 2 5 6 3 6 4 5 6 5 3
M[259] : 3 0 5 2 6 4 3 4 4 5 4 5 6 3 5 5 5 3 4 4 3 6 4 2 5 5 2 3 5 5 3 4 4 3 6 2 5 6 4 2 1 5 5 4 4 5 6 4 4 4 5 5 4 5 6 5 4
M[260] : 3 5 4 3 4 4 6 5 7 6 6 4 6 6 0 2 7 5 4 5 5 4 4 6 4 4 3 3 6 6 4 4 4 4 7 7 5 5 4 2 5 4 5 5 5 5 3 1 8 5 4 4 4 6 4 6 2
M[261] : 4 0 2 6 5 3 5 4 4 3 6 6 5 6 3 4 6 7 4 1 5 4 6 3 7 6 4 3 4 4 3 4 5 3 6 6 6 2 5 5 4 5 8 2 5 4 6 5 2 3 8 3 5 2 4 6 3
M[262] : 0 4 5 4 5 5 4 4 3 3 6 2 6 6 3 3 4 4 2 6 3 6 7 6 6 5 3 7 4 6 4 5 5 4 7 3 4 5 3 6 5 4 6 4 3 7 5 3 5 3 5 4 5 4 5 4 5
M[263] : 4 3 6 3 6 3 6 2 5 3 2 6 4 1 4 4 4 6 5 8 3 4 4 3 6 5 4 2 3 3 5 2 0 5 5 3 3 2 3 5 4 5 2 5 7 5 7 5 5 5 2 3 5 5 4 2 6
M[264] : 6 6 5 4 4 4 2 6 7 4 3 5 3 3 4 3 6 2 6 4 9 0 7 4 4 5 4 5 4 4 7 5 5 5 7 6 6 4 3 5 5 4 2 4 3 6 3 6 3 4 7 2 6 3 5 4 3
M[265] : 3 4 5 4 6 7 0 8 5 5 4 5 7 2 5 1 3 3 5 4 2 3 4 5 7 3 3 5 5 1 5 3 6 6 6 6 6 6 4 7 2 2 1 5 3 5 3 6 4 7 7 6 4 5 6 2 3
M[266] : 7 7 5 4 4 2 4 4 6 3 6 4 2 7 4 5 4 1 3 4 5 6 6 6 5 8 6 4 6 4 5 5 3 4 6 7 5 3 4 4 3 6 5 1 3 3 4 0 6 6 5 4 4 7 5 6 5
M[267] : 7 0 5 6 6 7 3 5 4 0 4 2 3 4 4 4 5 4 3 7 5 3 6 4 4 3 4 2 4 4 7 3 2 6 6 4 2 5 5 6 4 5 6 5 7 6 4 3 4 5 5 1 2 6 4 5 7
M[268] : 7 5 5 3 3 4 7 3 4 3 5 5 3 6 3 5 5 6 5 5 4 4 3 6 6 5 3 4 4 3 5 5 5 4 4 6 4 4 4 3 6 4 3 4 4 4 4 0 5 5 5 3 6 2 4 2 4
M[269] : 8 4 0 5 4 4 5 3 5 5 6 4 6 3 5 3 5 7 6 4 3 5 4 3 1 7 5 6 4 7 7 6 5 5 5 3 5 5 3 5 3 4 4 5 6 4 4 3 5 5 4 5 5 3 4 3 5
M[270] : 3 5 4 6 3 3 3 3 5 5 4 5 4 5 4 6 4 5 0 4 6 5 7 5 2 5 4 3 7 4 6 3 6 4 4 5 7 4 4 5 4 4 3 4 5 3 5 1 4 2 6 6 6 5 6 5 5
M[271] : 4 4 5 7 4 5 4 4 6 4 5 2 4 5 4 3 8 5 4 5 4 4 6 0 2 5 5 3 4 6 6 4 5 3 2 5 5 5 2 3 7 1 3 9 3 5 3 5 5 4 5 4 6 3 5 5 3
M[272] : 0 5 6 5 5 6 9 5 4 4 5 2 4 4 3 3 5 5 5 8 2 6 4 4 6 5 4 5 4 3 3 4 8 2 4 5 8 4 2 2 4 4 3 4 7 6 5 5 4 5 4 4 5 4 3 4 5
M[273] : 6 5 3 6 6 2 2 4 5 6 6 5 6 5 3 4 4 3 2 5 2 6 5 6 5 4 4 4 5 6 4 6 8 6 6 3 3 4 5 6 3 3 5 4 5 0 5 5 6 4 4 3 5 6 5 4 5
M[274] : 5 5 4 4 6 4 6 6 0 3 3 7 4 2 2 7 7 5 7 5 4 4 4 5 4 6 5 1 4 4 6 5 6 5 4 7 3 4 5 6 5 3 5 3 7 7 7 4 4 5 5 2 6 3 4 2 3
M[275] : 5 5 4 4 6 2 4 4 5 2 5 2 5 7 3 7 5 0 6 5 3 5 4 5 4 3 3 3 1 3 5 3 6 4 4 5 3 3 4 5 5 2 2 5 6 4 6 3 6 3 5 3 7 3 6 5 4
M[276] : 5 3 3 3 2 4 3 4 3 2 6 4 4 5 6 6 5 7 4 5 5 5 6 5 5 4 1 6 5 6 8 5 2 3 5 2 6 3 1 4 5 4 6 0 6 5 4 3 4 4 3 3 2 6 5 6 4
M[277] : 4 2 3 3 4 7 6 7 3 7 3 4 8 7 2 5 3 6 3 4 5 4 4 6 5 6 4 5 5 3 6 4 5 5 6 5 3 5 5 7 3 7 6 4 3 4 5 5 0 3 5 5 6 4 5 4 5
M[278] : 3 4 5 3 5 3 5 1 3 4 5 3 6 3 4 5 5 6 4 7 5 5 4 5 3 5 4 3 4 3 8 3 7 7 3 3 4 5 5 6 2 5 2 4 0 4 5 1 5 5 5 3 5 5 4 5 5
M[279] : 3 2 2 5 4 5 3 4 5 7 5 6 4 4 4 2 5 7 5 4 4 2 7 3 1 6 3 4 4 4 4 4 5 6 5 5 5 2 3 6 4 5 6 1 3 0 4 6 3 5 7 5 7 3 5 6 6
M[280] : 6 5 3 4 5 5 6 3 5 6 6 5 8 7 5 4 3 0 5 5 4 6 6 6 5 4 5 4 1 2 5 2 7 3 2 5 5 4 4 6 0 6 3 5 4 3 5 5 4 1 5 3 5 5 4 3 5
M[281] : 7 6 5 4 4 3 0 5 4 4 7 3 7 4 4 4 5 3 5 4 9 5 3 7 3 5 2 2 4 5 7 5 5 5 6 4 4 4 5 7 5 4 5 4 3 3 5 6 2 5 2 5 6 4 3 5 4
M[282] : 6 4 4 3 2 6 4 4 6 5 6 6 4 6 4 5 5 3 4 4 4 5 5 4 3 3 7 4 4 3 5 8 4 3 5 7 4 4 2 3 2 4 2 5 4 0 5 4 3 5 3 4 2 4 5 5 5
M[283] : 5 7 5 6 4 4 3 3 6 5 7 5 6 6 4 6 6 6 4 5 5 7 4 2 6 6 4 3 3 5 6 0 4 8 4 5 4 4 5 5 1 4 5 4 4 4 3 3 2 7 5 4 6 5 6 8 3
M[284] : 0 5 5 5 5 6 4 6 6 4 5 7 4 5 3 6 5 5 3 5 6 3 3 7 1 5 3 3 5 7 5 5 5 4 4 4 3 0 5 4 3 5 3 4 2 7 3 5 2 4 4 5 3 4 2 6 6
M[285] : 6 6 6 6 4 4 3 5 7 6 5 0 3 5 4 4 4 5 5 6 6 4 6 6 3 5 5 4 3 6 5 5 3 3 4 3 3 4 5 4 2 4 2 5 4 4 4 6 3 5 7 2 6 2 3 2 7
M[286] : 3 4 4 5 7 5 4 3 0 2 2 4 4 7 2 2 5 7 5 5 6 4 6 4 4 6 3 3 5 4 4 7 6 7 4 4 5 5 3 8 7 4 2 4 4 5 4 5 5 3 7 2 3 6 3 6 5
M[287] : 6 3 4 5 3 5 2 6 4 4 3 5 6 4 3 0 4 6 7 4 4 2 5 9 3 5 3 4 3 3 3 5 5 3 7 2 4 6 4 4 7 5 6 5 5 9 4 4 6 5 6 4 5 1 5 5 4
M[288] : 7 4 4 5 3 6 6 3 2 5 3 8 2 5 5 3 4 3 4 5 2 2 6 4 4 4 5 4 5 6 5 3 3 4 3 7 2 5 6 6 3 5 4 8 6 6 4 0 4 6 5 6 5 5 3 6 5
M[289] : 4 8 4 4 6 5 6 4 4 3 5 5 5 3 5 5 7 5 5 3 5 5 5 6 3 5 6 1 3 4 4 6 4 4 2 5 2 2 2 6 3 5 0 6 5 4 4 3 4 5 2 4 6 4 5 5 5
M[290] : 7 5 3 5 3 3 3 5 3 3 4 5 1 4 7 3 5 5 3 6 4 7 0 4 3 4 3 5 6 2 3 3 7 5 2 4 6 6 3 6 1 3 6 7 5 4 4 6 5 4 7 4 5 5 3 3 3
M[291] : 6 4 4 4 5 3 3 5 4 5 4 6 4 3 3 5 7 2 6 7 6 5 4 8 5 7 3 5 5 9 5 4 5 5 6 2 2 6 3 2 2 4 6 2 5 6 4 3 5 7 6 1 7 2 2 0 5
M[292] : 1 2 4 4 5 7 6 4 4 6 6 5 3 5 7 4 5 3 7 4 5 4 2 4 2 4 6 3 8 5 5 5 3 6 2 4 5 3 5 6 0 3 2 4 1 3 2 5 3 4 6 3 2 6 1 2 4
M[293] : 5 5 4 4 3 5 6 3 2 2 4 3 8 4 4 5 5 8 5 6 4 4 3 6 5 5 5 3 2 3 3 3 0 5 5 2 6 3 4 5 6 4 2 3 4 2 6 6 4 6 5 4 5 7 3 5 5
M[294] : 1 1 5 7 6 4 7 5 5 3 6 6 8 4 5 3 5 6 7 3 4 4 8 3 3 5 3 3 2 5 1 6 6 5 4 4 5 7 5 0 6 2 3 6 3 5 4 5 3 2 1 7 5 5 2 5 2
M[295] : 7 5 6 3 5 4 4 5 4 6 1 3 7 5 5 0 4 3 5 6 4 5 9 5 4 5 4 4 5 6 4 5 2 4 6 4 4 4 5 8 6 4 4 4 5 2 1 5 6 3 5 5 3 6 4 5 3
M[296] : 5 4 3 4 6 6 5 5 8 3 5 5 8 5 3 3 4 6 3 4 8 5 5 4 4 4 3 3 4 8 3 6 7 7 2 3 4 4 4 6 0 4 4 5 4 6 5 1 5 5 7 4 4 6 3 5 3
M[297] : 4 6 7 5 5 4 5 4 5 4 4 0 4 4 5 2 3 6 4 7 5 4 5 6 4 7 1 6 4 4 4 4 6 5 8 4 6 6 4 4 6 4 6 4 4 4 5 5 4 4 6 5 2 5 4 6 5
M[298] : 0 5 5 2 3 0 4 4 6 5 4 6 6 8 6 7 3 5 5 3 5 4 6 6 4 6 4 3 6 5 3 3 4 3 5 7 4 6 6 5 3 1 3 5 3 4 6 3 4 6 4 3 2 4 5 2 7
M[299] : 4 6 7 1 6 3 1 4 5 4 5 5 4 4 3 5 5 4 6 7 5 5 5 6 3 3 3 4 3 0 5 7 3 4 2 4 6 3 4 6 4 3 3 6 4 5 5 3 7 5 4 2 8 4 5 4 4
M[300] : 4 3 7 5 3 3 5 5 5 4 6 4 0 4 5 5 3 8 4 7 7 5 4 5 4 6 7 4 7 5 4 3 6 6 5 5 6 5 3 5 5 5 5 6 5 5 6 5 4 6 3 5 3 4 3 3 5
M[301] : 5 6 1 6 5 4 4 5 5 6 4 6 3 7 2 5 5 5 2 6 3 6 5 2 4 6 3 2 5 4 5 5 4 7 4 6 4 8 3 3 8 5 5 6 5 5 5 7 2 6 5 7 6 4 4 8 0
M[302] : 4 4 8 5 2 3 4 5 2 3 3 6 3 3 4 3 6 5 7 2 4 3 7 5 6 5 4 0 7 6 4 6 2 3 4 4 1 6 5 4 5 7 7 4 4 6 3 6 3 5 7 7 3 2 4 5 5
M[303] : 6 5 6 4 2 3 2 5 5 4 4 4 2 2 2 0 4 6 3 6 5 4 6 7 5 5 4 5 4 5 6 2 7 6 9 6 5 2 5 6 5 4 4 4 2 6 4 3 4 3 5 3 5 4 5 6 0
M[304] : 2 3 3 4 6 4 6 4 3 3 4 5 3 5 2 4 5 3 3 5 3 5 4 5 4 4 5 7 7 4 5 6 5 6 4 3 2 6 3 2 5 4 5 3 5 4 5 4 3 6 3 4 5 4 0 5 3
M[305] : 5 3 5 5 3 6 6 4 3 4 4 3 6 0 4 3 3 5 5 4 3 2 4 4 3 5 5 3 6 5 5 8 4 4 6 4 5 4 5 5 5 4 5 3 4 5 5 4 4 2 2 5 5 3 3 5 6
M[306] : 5 6 6 3 5 5 3 6 7 1 9 6 4 5 3 3 4 7 6 5 6 0 3 6 5 5 2 4 3 5 3 3 1 5 4 5 5 4 5 5 6 5 4 6 6 3 6 5 4 6 0 2 3 6 3 5 4
M[307] : 4 8 6 5 5 5 5 6 5 4 2 6 6 4 4 4 4 5 2 5 4 5 5 5 0 3 5 5 6 6 3 6 3 5 5 4 0 3 5 7 5 5 6 3 5 4 4 4 4 6 4 3 5 4 3 4 3
M[308] : 4 6 3 6 4 7 7 7 5 4 5 5 3 5 5 5 7 3 5 4 3 2 5 4 4 3 5 1 7 4 3 5 5 0 3 4 4 4 5 6 3 5 5 3 5 1 5 5 3 4 4 0 7 5 1 5 4
M[309] : 3 7 4 3 4 5 5 4 3 6 3 5 4 5 5 4 4 5 6 4 5 3 4 5 4 5 4 6 7 3 6 4 4 3 4 5 2 3 6 5 8 4 4 5 3 7 5 3 3 5 0 3 6 1 3 6 6
M[310] : 5 3 2 4 3 6 3 5 5 3 6 6 5 6 5 6 5 4 7 1 5 2 5 3 4 5 5 6 5 5 3 5 8 4 7 2 3 6 2 2 3 7 5 5 0 5 5 6 3 5 6 4 5 3 2 3 4
M[311] : 2 4 5 5 4 3 4 5 5 3 5 4 8 4 1 4 5 5 4 5 4 5 5 5 2 6 4 3 7 5 6 3 3 3 5 6 7 3 3 4 2 3 6 1 5 7 4 7 2 3 5 5 0 5 6 5 5
M[312] : 3 2 4 4 6 5 6 2 4 4 8 7 3 4 3 6 5 4 5 6 4 3 5 4 4 4 6 6 4 3 6 6 3 5 5 6 4 3 5 6 4 2 7 4 5 4 4 7 3 6 4 2 5 0 5 3 4
M[313] : 5 5 5 3 5 4 5 2 3 5 3 6 4 7 4 4 5 5 3 6 5 3 3 7 5 3 4 4 3 2 6 6 4 4 2 5 3 3 3 6 5 5 6 4 0 5 4 5 1 2 4 8 5 4 7 6 5
M[314] : 4 3 4 0 3 4 6 3 3 3 8 5 3 4 5 5 7 5 6 6 6 5 5 6 4 4 6 2 5 8 5 6 4 6 6 4 6 5 5 6 6 5 6 1 4 3 3 3 2 7 3 6 6 3 3 6 4
M[315] : 4 4 5 6 1 4 8 6 4 4 3 7 6 5 4 3 7 3 2 4 5 2 4 4 3 7 5 4 5 5 6 4 5 3 6 3 4 3 4 5 3 3 3 2 4 5 7 3 4 6 5 4 3 3 3 4 0
M[316] : 7 5 0 5 4 4 4 3 3 3 4 7 5 5 4 3 4 3 4 6 4 2 4 5 7 6 3 5 5 8 3 6 4 5 4 4 5 4 4 7 3 4 6 5 3 5 7 4 5 4 3 5 5 6 2 7 2
M[317] : 3 5 4 5 4 4 6 4 5 4 7 3 2 7 1 4 4 2 6 4 3 4 1 5 5 5 5 1 4 3 2 7 6 4 5 6 4 4 5 6 4 4 4 4 3 3 4 5 0 6 4 1 6 4 5 6 3
M[318] : 7 5 6 5 8 5 6 2 4 2 1 3 2 6 4 4 4 2 3 4 2 6 7 5 3 4 2 4 3 3 7 0 4 5 4 5 3 4 4 4 5 4 5 4 4 4 4 4 2 3 2 5 5 7 4 5 6
M[319] : 0 3 6 5 6 3 5 2 5 5 6 3 5 4 3 3 5 4 6 4 5 5 7 3 4 4 3 4 5 3 6 4 4 5 5 4 7 2 3 3 6 3 5 4 0 2 3 4 6 2 9 3 5 2 3 3 4
M[320] : 6 4 4 6 5 5 3 5 4 0 4 2 6 3 6 6 3 4 5 4 5 5 4 6 6 3 3 4 4 4 2 5 3 6 3 5 2 4 5 6 5 5 5 4 4 3 4 6 4 3 5 2 1 4 6 5 5
M[321] : 3 7 0 6 5 4 3 5 4 1 2 7 2 5 5 2 5 4 4 7 5 4 6 6 6 5 6 5 8 6 6 2 5 5 3 3 5 4 4 6 3 5 9 7 6 3 3 4 2 4 4 4 2 7 3 4 4
M[322] : 3 4 4 6 5 4 7 5 4 4 6 4 7 8 3 5 3 6 5 5 4 5 6 3 5 3 6 3 5 7 5 2 5 2 7 5 6 3 6 3 5 5 5 6 6 4 6 6 5 5 6 0 1 6 4 3 3
M[323] : 6 4 3 6 4 0 2 4 3 3 3 5 6 6 3 5 2 4 3 5 4 4 5 4 7 6 5 5 7 6 7 5 6 5 4 6 3 5 4 4 6 7 2 4 4 5 2 4 4 6 5 5 7 3 5 5 6
M[324] : 1 6 3 3 5 5 4 5 3 3 2 4 3 3 4 4 1 6 7 2 4 3 3 4 6 6 5 5 3 6 7 3 2 4 8 5 5 2 3 6 6 0 6 7 5 4 3 2 6 3 5 2 4 2 3 2 6
M[325] : 8 4 5 3 6 4 5 2 4 5 6 2 6 7 7 5 0 7 5 7 5 4 7 4 5 4 4 4 4 6 4 6 6 7 4 5 6 4 0 7 5 2 6 8 6 5 4 3 4 6 3 3 5 6 4 2 3
M[326] : 6 4 0 3 4 3 6 4 3 6 7 3 4 3 5 6 3 3 6 4 8 3 6 5 4 2 4 5 7 7 4 4 5 2 4 5 6 4 4 3 4 4 4 8 3 6 2 3 5 5 4 4 4 5 7 2 3
M[327] : 3 6 4 5 5 5 3 5 5 4 4 8 3 0 3 5 5 6 4 6 4 6 7 5 3 7 5 3 3 4 2 7 1 6 6 5 5 1 3 4 6 3 4 7 3 6 4 7 2 5 3 4 3 5 4 6 5
M[328] : 0 6 4 4 4 4 6 8 2 6 5 7 5 3 4 5 5 6 5 5 2 4 6 7 5 7 4 3 3 5 5 7 6 2 5 4 4 2 6 4 5 5 4 6 5 4 6 5 3 8 6 5 5 3 4 4 2
M[329] : 4 5 6 4 6 5 4 5 8 4 3 8 7 3 4 5 3 5 5 2 4 5 4 5 6 5 5 4 3 7 4 7 2 3 4 5 3 3 4 3 3 4 6 4 9 6 7 3 2 7 6 3 0 4 3 7 3
M[330] : 6 5 6 6 4 6 0 5 2 2 3 4 3 5 4 3 4 3 4 4 3 5 4 3 6 3 3 5 2 2 1 7 4 2 5 3 5 6 3 3 5 7 5 4 5 3 4 6 1 8 4 4 5 5 6 6 6
M[331] : 4 3 2 5 6 5 7 5 4 6 5 6 6 3 0 5 3 3 2 6 5 6 4 5 2 6 4 4 7 5 7 3 4 5 5 4 6 2 3 2 3 5 6 5 5 3 9 5 2 3 5 3 3 3 3 5 4
M[332] : 4 6 5 5 2 5 6 5 3 5 6 4 6 4 0 6 8 6 3 6 4 3 3 6 4 6 4 4 5 3 5 3 6 4 4 6 3 7 4 5 3 3 4 6 5 3 5 5 4 6 2 3 4 2 4 3 6
M[333] : 5 5 6 6 4 7 6 3 4 4 5 5 4 5 3 4 4 4 0 4 3 4 3 2 2 4 4 2 4 3 2 7 5 4 3 3 2 4 5 3 4 3 4 6 5 3 2 2 3 7 4 3 3 5 3 5 2
M[334] : 4 4 2 5 4 3 5 2 5 3 7 6 0 4 3 3 7 4 7 4 5 7 2 5 6 3 5 4 2 4 5 2 4 3 6 4 4 1 4 4 3 5 5 3 7 4 7 4 6 4 5 5 6 5 5 5 5
M[335] : 4 4 5 5 5 6 3 6 3 6 4 3 5 5 7 3 6 6 5 5 6 3 7 5 4 2 5 5 5 4 4 5 4 4 3 6 6 3 4 6 8 4 5 6 5 4 4 2 5 7 6 5 7 6 0 6 6
M[336] : 4 2 5 5 6 6 6 0 7 2 4 4 5 1 5 2 4 4 2 6 3 5 7 7 2 5 5 5 3 3 6 1 5 6 6 7 7 4 2 1 4 3 5 2 3 6 5 4 5 4 4 7 4 4 4 4 4
M[337] : 5 4 6 6 4 4 4 7 3 3 4 7 4 5 6 4 4 5 5 5 6 4 3 4 4 6 4 4 5 4 5 8 4 2 5 6 4 0 4 3 4 1 4 4 5 6 5 7 5 3 7 6 3 3 3 6 2
M[338] : 6 4 6 2 6 0 8 7 6 1 6 3 4 3 3 5 5 7 5 6 4 4 3 6 7 4 6 3 1 2 4 6 6 4 5 6 4 4 6 4 6 4 5 1 3 3 5 3 4 4 2 3 3 7 4 4 4
M[339] : 5 3 4 6 3 4 5 5 4 4 4 5 3 5 4 2 6 6 5 4 3 5 2 4 5 6 4 5 5 6 4 6 6 2 3 0 5 3 6 1 6 4 7 3 4 3 5 4 2 8 7 4 3 2 3 4 6
M[340] : 8 2 5 4 5 5 6 4 5 4 4 3 3 3 5 2 7 4 5 3 5 6 4 5 4 4 1 7 6 2 2 4 0 5 5 7 3 5 4 7 3 7 3 3 6 3 2 1 4 3 4 4 4 6 3 5 4
M[341] : 3 3 7 8 5 2 2 4 4 5 4 5 4 7 2 4 4 3 5 7 6 3 5 6 4 6 3 6 4 6 6 4 5 0 2 2 6 5 6 6 4 5 6 3 6 4 4 7 5 6 3 6 4 4 3 5 5
M[342] : 4 6 4 5 3 4 3 5 4 4 5 6 4 7 6 5 3 4 4 4 5 4 2 4 6 8 3 4 5 5 4 2 4 5 2 3 5 5 7 7 3 4 6 6 3 0 3 6 3 5 6 4 7 4 4 5 3
M[343] : 3 4 5 3 3 3 5 5 4 3 5 6 3 5 4 5 5 5 5 7 3 5 3 7 5 9 6 1 6 6 3 5 6 5 5 4 4 4 4 7 6 4 6 5 3 0 7 4 6 4 6 3 4 4 3 5 6
M[344] : 5 4 4 6 4 2 6 6 4 4 4 2 5 6 3 6 5 4 3 2 1 6 4 4 4 4 6 4 5 2 4 1 5 4 5 0 6 5 5 6 5 4 4 3 3 4 3 5 5 7 5 3 5 5 4 5 9
M[345] : 4 3 8 5 6 5 6 3 4 4 3 9 4 8 4 6 3 5 3 4 4 6 6 6 5 4 2 4 7 6 5 3 3 4 4 3 5 4 0 6 5 3 6 5 4 5 4 4 3 4 4 5 6 4 2 0 1
M[346] : 5 4 6 2 5 6 4 3 5 3 1 6 2 5 6 4 5 4 3 6 5 6 2 3 3 5 1 3 0 7 2 2 3 5 5 4 7 2 3 1 3 5 3 3 6 4 5 6 4 3 6 4 3 2 4 6 3
M[347] : 4 3 4 5 3 5 5 7 3 5 5 6 5 4 2 5 3 5 4 3 0 2 6 3 4 6 2 3 3 6 3 6 5 3 4 7 8 4 2 4 9 2 4 5 5 4 7 7 3 4 6 4 5 4 4 4 5
M[348] : 6 6 6 5 5 7 5 2 6 4 2 4 7 3 4 2 4 2 5 5 6 5 6 3 3 7 4 4 6 5 7 2 5 3 5 3 3 7 5 5 4 5 4 6 3 5 0 2 6 6 5 5 5 7 5 3 3
M[349] : 3 4 7 6 4 3 7 3 4 5 3 2 0 4 3 5 4 4 9 7 4 3 5 6 5 4 5 6 3 8 3 6 3 4 4 5 4 5 5 6 7 4 6 2 6 4 6 3 6 3 5 5 4 3 4 5 4
M[350] : 3 4 3 3 6 6 3 4 0 1 6 6 3 5 6 2 3 2 3 5 4 6 5 5 5 4 6 5 6 1 7 6 2 6 2 5 6 4 6 4 4 5 3 5 2 3 5 3 3 5 6 4 4 4 5 4 3
M[351] : 6 0 4 3 4 2 5 5 5 5 7 5 4 6 2 2 4 3 4 6 3 4 4 4 2 3 4 2 4 4 4 4 3 3 5 4 4 5 4 5 4 4 4 5 4 3 2 4 3 7 4 4 2 4 2 4 5
M[352] : 3 5 7 4 4 6 4 6 8 3 5 1 4 6 3 5 6 3 3 5 6 4 2 5 5 3 7 5 2 9 4 0 2 3 8 6 4 5 5 4 4 4 6 3 4 9 4 2 6 5 4 5 8 2 3 8 5
M[353] : 5 4 4 3 5 4 3 6 6 4 4 4 6 6 5 3 9 8 4 7 6 4 2 5 3 5 5 3 4 5 4 2 6 5 3 4 5 5 2 5 7 5 4 4 8 7 0 2 4 7 5 5 2 2 4 7 4
M[354] : 7 6 5 4 5 3 5 5 2 5 5 2 4 1 0 4 6 5 6 3 6 4 3 4 8 5 2 2 3 5 7 4 6 4 4 6 2 2 3 3 7 4 5 6 5 4 7 5 5 6 6 4 5 6 6 6 6
M[355] : 6 1 4 2 4 6 6 5 2 4 4 4 7 3 6 5 4 5 5 3 5 5 5 2 3 5 4 3 5 3 5 4 5 4 5 0 5 4 3 5 4 5 7 4 4 6 4 5 4 2 5 3 4 6 6 4 4
M[356] : 5 4 6 3 6 5 5 5 4 5 7 5 5 4 4 4 3 1 4 4 5 4 5 3 5 2 4 3 6 5 4 4 4 4 0 3 3 5 4 3 3 5 6 6 4 5 7 5 4 4 4 4 3 3 3 1 8
M[357] : 4 2 7 3 4 6 4 3 3 4 6 6 6 7 2 2 6 5 6 3 2 5 5 0 2 5 4 3 8 5 4 4 7 7 5 4 1 6 5 4 5 3 4 3 5 3 5 5 2 5 7 3 6 3 2 5 5
M[358] : 4 4 4 5 5 7 4 6 4 6 3 4 3 3 4 3 5 5 4 2 8 5 7 5 2 6 5 3 6 4 5 6 5 6 6 3 0 3 6 6 5 5 1 5 5 4 5 2 4 6 4 7 5 4 5 6 4
M[359] : 5 4 4 5 7 8 3 5 7 4 7 6 5 6 3 3 3 4 3 8 7 6 6 6 2 5 6 0 6 1 4 2 4 5 1 5 2 6 5 6 1 5 1 2 6 5 4 5 3 4 2 6 7 4 7 3 3
M[360] : 4 5 4 4 5 4 5 5 4 3 3 6 4 3 3 5 5 0 2 5 5 5 4 3 5 5 6 4 5 3 5 2 3 4 4 6 6 5 3 2 5 3 7 7 6 7 2 3 3 4 5 4 3 3 3 5 5
M[361] : 6 3 5 3 2 0 6 3 6 5 5 4 4 2 2 4 5 3 5 2 5 5 4 3 3 7 6 5 3 5 5 8 5 6 6 5 6 2 5 4 3 4 6 5 7 5 6 6 7 2 7 5 5 6 4 5 5
M[362] : 8 5 2 4 4 4 7 7 6 4 7 8 6 7 3 4 5 5 8 6 4 5 6 3 5 4 5 3 3 5 4 4 0 3 4 6 5 3 5 4 4 5 6 6 7 5 2 5 4 6 4 3 6 1 4 4 8
M[363] : 6 5 7 3 3 4 5 4 4 4 5 4 5 7 5 5 3 6 3 4 4 6 5 3 7 3 3 3 6 7 4 4 7 4 4 4 4 4 1 4 4 0 2 4 5 6 4 9 4 5 4 2 5 5 4 4 2
M[364] : 3 5 6 2 6 8 3 4 5 5 4 5 3 5 4 2 5 7 2 0 5 4 6 3 2 3 5 5 6 6 7 3 5 4 5 3 3 6 5 5 6 6 3 5 3 4 6 5 6 6 6 3 6 4 6 2 3
M[365] : 5 6 4 4 6 6 8 1 3 2 3 3 5 4 6 4 8 5 5 6 3 0 4 5 4 4 5 4 5 5 3 2 5 5 3 6 4 4 4 1 4 3 4 4 5 6 7 2 0 6 5 4 5 3 5 4 4
M[366] : 3 3 5 4 2 4 4 8 5 3 7 5 6 5 5 4 4 6 5 4 0 4 2 4 6 2 5 5 6 6 5 4 2 3 6 3 4 3 1 7 7 5 6 4 4 6 6 6 5 8 5 4 7 5 5 3 2
M[367] : 7 7 6 6 5 3 3 3 5 1 4 5 4 2 4 4 5 2 7 3 5 5 4 4 4 0 4 5 6 7 4 3 6 3 8 5 4 4 5 6 4 3 3 5 4 7 5 5 2 5 5 5 5 2 2 5 5
M[368] : 5 4 7 2 7 4 5 4 4 3 2 5 3 4 4 3 5 2 1 7 4 2 5 5 4 4 2 4 6 0 5 7 4 5 4 2 4 5 5 3 7 4 3 4 3 2 3 6 2 5 6 6 8 6 4 4 8
M[369] : 3 3 6 4 4 5 3 5 6 2 8 7 4 5 4 4 5 4 6 3 7 4 6 2 6 3 5 4 4 4 5 7 4 7 4 6 4 4 2 5 8 7 0 6 2 6 5 1 6 4 4 5 4 5 4 5 4
M[370] : 4 4 1 1 7 7 4 4 7 3 7 4 4 7 4 4 4 5 7 4 2 4 3 2 5 4 3 6 1 4 6 4 5 3 3 3 4 1 0 5 4 4 6 3 7 3 5 4 4 5 5 7 6 2 3 7 5
M[371] : 5 3 3 5 4 4 5 3 3 4 2 4 3 5 5 4 0 4 5 5 7 6 5 6 4 6 6 3 5 4 5 3 7 4 6 4 6 5 1 3 3 3 5 4 5 6 4 6 5 6 6 4 5 5 2 3 2
M[372] : 6 1 4 7 3 4 0 8 4 4 6 4 2 4 6 4 5 3 3 2 3 7 0 3 3 2 4 4 7 4 4 5 6 6 5 7 5 4 4 5 5 5 5 3 5 6 4 4 5 5 4 3 2 6 8 2 7
M[373] : 6 4 4 6 3 4 6 6 7 1 4 2 6 4 4 5 3 5 5 7 3 6 6 0 2 4 3 3 4 7 5 3 5 5 5 4 3 5 7 6 5 2 5 4 3 4 5 3 4 2 6 7 4 5 4 5 5
M[374] : 5 7 4 4 3 5 7 4 4 3 0 3 6 4 4 4 7 7 5 4 6 4 3 4 1 7 4 3 4 5 5 4 5 6 9 5 1 4 3 4 4 4 4 6 5 5 8 6 5 3 4 4 4 5 3 3 5
M[375] : 4 4 3 5 3 3 5 4 5 2 4 0 2 5 3 6 3 5 5 6 5 6 5 3 2 5 2 5 6 5 5 4 3 6 6 5 4 2 4 7 5 5 4 4 3 4 5 5 2 5 5 4 3 6 4 7 5
M[376] : 7 4 1 2 4 6 2 4 8 3 5 6 3 4 3 5 6 4 6 4 4 0 4 5 4 3 5 6 2 3 4 5 3 3 5 6 4 5 2 2 5 3 3 4 2 4 8 6 4 5 3 5 4 3 6 4 4
M[377] : 7 7 6 8 5 5 3 4 4 3 5 0 4 3 3 3 5 4 5 4 5 4 3 1 3 3 4 6 4 7 1 7 7 4 6 1 4 6 4 4 5 3 4 5 6 4 6 1 3 4 6 5 5 3 2 6 8
M[378] : 5 7 3 8 4 7 5 4 5 5 4 5 4 6 1 2 6 0 4 4 6 5 4 6 3 6 5 3 4 5 4 3 4 4 5 7 3 4 2 5 4 4 7 6 5 2 5 5 4 6 6 3 4 5 3 4 6
M[379] : 6 3 6 2 7 5 5 4 4 3 3 4 6 4 3 1 5 6 6 4 4 6 6 6 3 4 4 4 5 3 6 6 5 3 2 4 3 3 4 4 5 5 3 3 6 5 6 0 6 6 4 5 4 3 5 5 4
M[380] : 5 6 7 6 6 2 3 4 4 4 2 5 4 5 1 5 5 4 4 5 3 5 7 4 6 4 4 3 6 5 4 2 6 6 4 3 6 4 6 0 3 4 3 4 5 4 5 6 5 3 5 5 4 6 5 2 6
M[381] : 4 4 4 5 5 4 2 6 8 4 4 3 3 4 5 4 4 3 6 6 5 1 6 4 4 0 3 4 4 5 6 4 6 7 4 6 5 4 3 5 4 4 6 3 3 7 3 3 4 4 4 5 3 5 4 5 6
M[382] : 4 6 5 7 7 4 4 6 6 5 4 6 5 6 3 3 5 3 6 2 6 2 4 3 4 6 4 5 1 4 5 6 3 6 3 5 3 1 1 3 3 4 1 3 4 4 4 5 2 4 4 4 4 5 6 0 4
M[383] : 6 5 4 1 5 5 6 6 7 6 2 3 7 6 3 4 5 6 3 6 5 5 4 3 0 2 3 5 5 4 5 4 6 5 6 2 4 1 4 5 7 1 6 4 5 5 1 5 5 4 6 6 4 4 3 7 5
M[384] : 5 5 4 3 4 4 5 6 0 4 7 3 5 2 4 5 4 3 7 3 1 6 6 5 1 7 3 5 4 6 6 6 2 6 7 2 1 4 4 4 4 4 3 3 6 3 4 3 3 4 5 5 7 6 6 5 4
M[385] : 5 7 5 7 6 4 7 6 3 6 5 4 6 3 3 5 5 5 3 5 4 5 4 6 4 7 2 0 6 4 4 5 5 7 5 4 6 2 5 5 3 6 5 5 5 4 5 3 6 3 3 2 4 2 4 7 5
M[386] : 5 5 4 5 3 7 4 3 4 5 5 5 2 6 3 7 3 6 4 3 2 5 3 8 2 3 5 5 6 4 6 3 3 4 4 4 1 2 4 4 2 3 0 5 4 5 6 4 5 4 5 3 2 4 3 6 3
M[387] : 4 3 4 6 5 3 6 5 3 0 4 3 5 5 5 5 3 6 6 4 5 4 6 3 4 3 4 6 5 4 4 3 5 5 7 5 4 4 2 6 2 3 5 4 4 7 4 4 4 7 5 3 4 6 2 8 5
M[388] : 3 2 4 3 3 4 2 6 5 6 5 3 4 2 3 3 4 6 5 3 6 4 5 5 5 5 0 6 4 4 4 5 4 4 4 4 7 2 5 1 6 7 6 1 3 6 4 5 3 6 4 6 3 5 4 3 3
M[389] : 4 3 6 5 6 3 1 4 5 2 4 6 6 6 4 4 5 4 7 4 4 6 7 3 3 5 4 4 2 4 2 5 3 3 4 5 0 5 5 4 5 4 3 4 6 5 2 4 3 6 5 4 6 4 2 5 4
M[390] : 5 4 3 5 4 4 3 2 0 4 2 3 4 4 7 5 3 7 6 4 4 6 3 6 4 4 6 4 6 4 3 7 5 6 4 4 5 3 7 4 5 3 4 5 7 4 3 5 6 4 4 4 7 4 4 8 2
M[391] : 6 4 4 4 5 4 4 3 3 2 4 6 5 3 4 2 5 3 3 5 4 8 5 6 4 6 6 3 2 4 4 4 0 6 2 5 2 1 4 5 4 2 4 6 5 4 7 2 3 6 3 5 4 3 3 7 3
M[392] : 3 8 3 7 6 5 5 6 5 4 4 6 1 5 1 3 5 2 3 2 6 3 7 3 8 4 4 4 6 5 2 3 4 4 5 4 5 3 4 1 6 5 5 4 4 6 4 3 5 3 0 4 3 4 5 9 7
M[393] : 5 5 4 4 5 4 0 4 6 4 3 4 6 5 4 2 6 5 5 6 3 1 5 5 3 5 6 2 7 3 6 4 8 3 4 4 3 4 4 3 8 6 4 5 5 4 5 1 5 5 5 4 7 3 2 6 5
M[394] : 5 5 4 5 7 5 5 3 3 3 3 5 5 5 4 5 5 7 5 5 4 4 3 5 2 3 5 5 6 3 5 3 4 4 5 3 0 2 6 4 5 5 2 2 4 8 2 6 5 6 4 3 4 3 3 5 5
M[395] : 3 3 6 4 3 6 6 4 4 3 5 8 5 2 5 6 6 4 2 3 7 4 5 4 4 7 3 3 7 5 6 3 1 6 3 5 6 3 1 6 3 3 4 2 3 0 5 2 1 6 4 3 5 6 2 5 5
M[396] : 4 5 2 0 3 7 5 4 4 5 6 5 7 7 6 2 5 2 3 3 5 4 3 4 6 5 5 4 5 1 3 6 6 5 6 7 6 5 4 5 3 4 4 5 7 3 4 5 5 3 6 4 8 5 7 4 4
M[397] : 5 4 6 6 6 6 4 3 5 3 4 1 4 2 5 6 2 1 3 4 4 7 3 6 7 3 5 4 6 4 5 6 5 8 6 4 4 8 4 4 2 3 4 6 7 4 2 4 6 5 4 2 0 2 6 3 4
M[398] : 4 0 4 2 2 3 3 4 5 3 5 5 5 5 5 4 6 6 7 6 5 3 5 3 4 7 5 3 4 3 5 5 2 5 7 5 4 4 7 6 1 6 4 3 3 5 6 3 5 5 4 4 6 7 3 2 3
M[399] : 2 4 6 5 2 7 4 2 6 2 3 0 6 6 6 7 5 5 5 5 6 3 5 7 2 5 2 3 8 4 4 3 4 5 4 6 5 6 4 5 6 3 3 5 4 6 4 6 5 5 5 3 5 5 4 7 4
M[400] : 3 4 3 4 5 4 5 6 4 5 3 6 5 4 4 5 5 4 5 7 2 5 5 5 4 4 4 7 2 3 3 7 6 3 7 3 4 6 3 6 3 3 5 5 3 5 8 5 6 3 4 0 5 4 6 2 5
M[401] : 7 7 5 0 7 2 5 2 5 5 5 6 5 6 3 5 4 4 4 4 4 3 4 5 3 6 4 4 5 3 6 3 6 4 6 3 7 4 2 3 5 5 5 7 4 4 6 4 3 4 3 5 5 3 4 3 5
M[402] : 3 4 4 6 5 6 5 3 4 3 6 5 4 5 2 3 4 4 0 5 6 7 2 4 4 5 3 3 6 6 5 3 4 8 5 3 5 5 5 4 5 5 6 1 5 2 5 3 4 6 6 4 5 5 3 4 2
M[403] : 5 3 4 6 4 6 4 5 4 3 4 2 4 6 6 3 6 4 3 4 6 4 4 6 5 5 5 3 2 4 4 5 4 4 0 5 6 5 4 3 2 5 4 4 6 5 7 5 4 1 1 6 5 7 4 5 6
M[404] : 5 6 3 5 6 3 6 4 5 4 6 3 4 6 5 5 4 2 5 4 3 5 4 3 3 5 7 3 8 4 7 5 4 3 4 4 2 7 6 3 4 4 4 6 2 4 6 6 5 0 3 2 1 4 4 4 4
M[405] : 3 3 3 4 6 6 3 3 3 5 5 5 6 4 6 4 5 1 6 2 4 6 6 6 3 4 6 2 4 4 4 4 5 7 1 6 5 4 3 8 4 6 5 3 5 8 5 6 5 4 0 6 6 1 3 3 4
M[406] : 3 6 5 6 4 5 4 4 8 5 6 5 4 4 4 5 3 4 4 5 6 4 3 4 4 5 4 5 4 4 6 5 7 6 7 3 2 3 3 3 4 0 6 3 5 3 4 3 4 7 7 4 5 4 3 4 4
M[407] : 2 6 6 1 3 6 4 4 8 4 4 5 4 4 6 4 4 4 5 5 3 5 5 5 6 4 6 6 4 4 7 4 2 0 6 3 6 2 4 5 6 4 5 3 5 5 2 6 3 3 8 3 1 4 5 4 6
M[408] : 4 5 4 5 4 3 5 1 5 5 0 2 5 3 4 3 6 5 6 3 3 4 6 6 5 1 3 4 3 4 6 2 3 4 6 4 7 3 3 6 4 3 4 5 7 4 4 5 3 5 3 3 4 3 7 4 4
M[409] : 4 5 4 5 2 5 6 8 5 6 6 2 5 4 4 4 3 6 5 5 4 5 3 6 6 5 6 6 6 8 0 4 6 5 6 3 5 4 7 7 5 5 7 7 5 4 4 7 3 2 5 5 6 3 6 4 5
M[410] : 7 7 4 5 4 3 5 6 4 6 4 6 6 5 3 6 5 4 6 3 0 6 3 6 1 6 3 7 5 4 3 3 5 2 6 8 3 1 3 6 3 3 5 4 6 2 6 7 4 5 8 3 4 4 6 6 2
M[411] : 4 2 7 5 5 5 3 6 5 4 5 4 4 4 8 4 5 3 2 5 7 3 5 4 1 3 3 3 6 6 7 0 3 6 4 3 8 3 5 6 4 5 5 7 4 4 6 7 3 5 3 2 4 2 4 4 5
M[412] : 5 6 3 3 5 4 3 4 2 3 1 5 6 4 4 6 8 6 5 2 5 3 5 6 4 5 4 3 5 7 6 1 4 4 3 6 6 4 3 4 0 2 7 3 5 3 3 3 3 5 6 2 3 3 4 6 4
M[413] : 5 7 7 6 3 6 4 5 5 4 4 6 4 8 4 3 5 2 7 4 3 5 5 4 4 4 3 5 5 3 7 4 3 5 3 6 5 3 4 4 3 5 0 5 6 5 4 4 3 2 6 5 5 6 3 4 6
M[414] : 5 3 4 1 6 5 5 6 5 5 3 3 4 5 6 5 6 7 6 2 4 2 4 6 3 6 5 5 0 4 4 6 6 5 4 2 4 3 5 6 6 4 6 4 3 4 4 5 3 4 7 0 4 3 3 5 4
M[415] : 4 4 3 3 7 5 3 4 6 3 0 2 6 6 5 4 3 6 5 3 4 6 3 6 1 5 3 6 4 5 6 5 5 5 4 5 6 3 5 4 4 3 4 3 3 5 2 4 3 6 6 4 3 5 3 3 5
M[416] : 3 7 4 5 6 3 7 7 5 5 5 4 4 5 5 3 3 4 2 8 6 3 4 5 3 6 7 4 2 8 6 4 4 3 5 5 7 5 5 3 7 4 7 2 3 5 4 5 6 3 6 4 0 5 5 5 3
M[417] : 3 2 6 3 0 3 4 3 4 2 4 5 5 4 3 3 3 6 5 5 4 7 6 4 4 3 6 3 3 5 5 6 6 6 2 4 6 3 3 4 4 6 7 7 7 3 6 2 6 4 6 4 4 5 5 7 4
M[418] : 3 5 8 4 4 7 4 6 2 4 4 4 8 4 4 6 4 3 5 5 6 5 5 4 6 6 5 5 5 4 3 3 5 3 3 2 2 7 2 1 1 3 4 5 3 6 6 5 0 5 6 4 4 6 3 6 4
M[419] : 6 3 5 5 5 6 7 8 7 2 6 7 5 8 8 4 4 5 6 2 4 2 4 7 4 6 4 6 6 5 4 6 3 2 4 8 4 4 4 5 3 4 2 5 1 6 0 6 4 4 6 4 2 5 3 4 5
M[420] : 6 4 5 4 5 5 5 4 8 5 2 5 4 5 3 5 4 4 2 5 5 8 0 6 6 6 2 6 6 7 6 6 5 5 4 8 6 5 2 3 3 4 3 3 4 6 6 6 4 4 4 4 4 2 3 3 4
M[421] : 2 2 7 4 2 6 5 4 2 5 8 4 8 7 7 5 3 5 3 6 5 3 5 6 4 3 5 3 5 0 6 6 3 3 5 3 7 1 5 4 6 3 5 5 3 4 6 4 2 6 4 6 5 3 4 4 4
M[422] : 4 3 5 6 7 1 6 5 3 4 5 5 4 1 1 4 6 5 5 6 3 6 5 3 5 7 4 4 5 3 5 7 7 4 6 7 6 4 4 4 4 0 5 4 6 3 7 5 6 3 3 3 4 2 7 4 6
M[423] : 5 7 3 4 4 7 5 4 4 4 5 6 6 3 5 6 5 6 4 2 3 0 6 4 4 5 2 4 4 5 4 4 5 6 5 7 6 5 3 3 3 7 2 6 4 2 4 5 2 5 3 5 4 4 4 3 4
M[424] : 3 3 5 7 4 7 2 3 6 4 5 5 7 4 2 6 3 4 3 5 6 4 3 6 4 4 5 5 4 6 5 5 4 4 5 3 6 6 4 4 7 3 4 3 3 7 3 6 4 6 4 3 0 6 6 3 4
M[425] : 3 6 6 6 5 0 5 5 3 6 4 7 3 5 3 3 6 5 6 4 4 3 7 3 5 5 4 4 3 2 4 5 3 5 4 4 4 5 3 4 8 4 4 4 2 7 5 2 7 4 5 6 1 2 3 3 1
M[426] : 2 5 2 5 7 4 5 4 8 2 6 5 6 3 6 4 1 4 4 2 4 0 6 6 4 2 6 4 5 3 8 7 4 4 3 8 4 7 7 3 3 6 6 2 2 5 3 5 5 4 4 6 4 2 5 4 5
M[427] : 3 4 4 5 6 4 6 4 3 6 3 3 4 6 3 4 7 4 0 4 4 5 5 6 4 6 4 4 7 4 7 6 5 7 6 5 6 3 3 5 5 5 7 5 4 6 6 2 2 4 7 4 5 4 4 4 3
M[428] : 6 5 6 5 6 5 5 7 4 3 6 5 4 4 2 6 6 5 7 6 6 4 4 4 5 5 6 5 5 1 6 6 6 2 0 7 3 4 3 5 4 4 4 7 5 3 8 4 7 4 4 6 7 3 4 7 4
M[429] : 6 4 5 6 5 6 6 4 5 5 4 6 2 6 2 5 5 4 3 4 7 4 4 4 5 6 5 0 4 3 7 5 4 4 5 7 7 5 5 6 3 5 2 7 3 5 3 6 2 5 5 4 4 7 3 6 6
M[430] : 3 2 5 5 6 6 4 5 2 3 6 1 5 3 5 3 4 1 3 4 2 6 3 3 4 5 0 5 4 3 5 6 7 4 6 6 5 5 2 4 6 2 7 4 2 6 5 5 5 3 5 6 7 3 3 4 2
M[431] : 3 6 4 5 3 6 4 4 3 5 4 4 5 5 2 3 6 2 2 3 5 4 2 6 5 5 4 6 5 5 6 4 3 4 5 3 6 4 5 4 6 4 5 4 3 3 8 0 2 3 5 6 5 3 2 5 5
M[432] : 8 3 5 6 5 4 5 8 4 5 6 3 4 4 4 3 4 4 4 8 7 5 6 7 4 5 3 5 3 7 5 4 4 5 2 6 6 3 5 5 1 4 5 6 4 6 3 7 3 3 4 5 6 3 0 4 3
M[433] : 3 3 3 5 6 6 4 5 7 3 5 5 4 3 4 3 3 7 6 2 3 5 6 5 2 5 7 4 3 4 2 3 6 0 4 3 3 5 7 4 6 4 6 3 6 6 3 4 4 4 7 3 4 7 2 5 6
M[434] : 8 7 3 6 6 3 4 3 7 5 4 3 5 5 4 7 5 6 8 5 4 5 7 8 3 5 0 1 5 5 7 3 4 4 4 4 6 5 4 4 6 0 7 3 7 7 7 3 4 6 4 3 4 5 5 3 3
M[435] : 6 0 3 5 5 6 5 3 7 2 4 5 2 3 4 5 5 8 2 3 3 8 5 6 4 6 4 6 6 5 5 5 4 5 4 4 6 3 5 6 3 2 5 3 7 5 5 7 5 3 7 3 5 4 5 3 5
M[436] : 3 5 5 7 7 6 3 6 6 4 3 2 7 2 2 3 7 3 7 6 3 3 5 6 6 5 0 4 7 2 3 4 5 5 5 7 2 1 5 8 6 4 4 3 4 4 4 3 4 7 4 7 5 5 7 4 5
M[437] : 5 4 3 4 3 3 4 2 5 5 5 5 5 6 3 5 3 8 5 5 7 2 3 6 4 5 5 6 3 5 3 3 5 3 6 3 7 4 6 0 5 5 6 4 5 6 4 5 5 6 6 3 5 7 5 2 5
M[438] : 5 2 3 2 3 6 8 2 6 3 6 5 6 4 4 4 6 4 3 6 3 4 6 6 1 4 6 4 5 4 6 3 2 7 4 5 3 0 3 6 3 4 3 6 4 4 7 6 3 4 7 4 6 5 3 4 5
M[439] : 3 4 5 6 0 8 7 6 8 2 4 7 4 6 2 5 4 7 5 7 4 7 5 4 5 7 3 2 6 4 4 4 4 4 4 2 6 4 5 6 5 4 7 4 6 3 6 5 5 7 6 5 6 4 6 4 6
M[440] : 4 6 6 6 6 4 4 6 6 7 7 8 4 6 5 6 7 3 4 4 5 2 0 5 6 4 6 2 6 5 6 5 2 4 6 2 6 3 5 6 5 3 6 2 4 5 4 7 4 6 6 2 4 3 5 5 4
M[441] : 6 6 3 4 0 6 6 6 3 5 3 5 5 4 4 4 7 6 4 6 4 3 4 4 4 5 6 5 7 5 6 2 2 5 4 4 4 6 7 2 7 3 3 4 4 4 7 6 5 7 7 5 4 4 4 5 4
M[442] : 5 3 5 2 7 6 2 2 4 4 6 5 4 6 2 5 2 2 2 6 2 6 3 5 3 6 2 4 8 2 6 6 5 5 3 5 6 6 0 8 6 3 3 3 2 3 7 5 4 5 5 5 2 6 4 4 7
M[443] : 8 3 5 3 5 5 3 6 5 2 7 4 7 1 5 4 6 1 2 7 3 4 4 2 4 5 0 0 4 1 6 4 7 6 5 5 5 4 3 5 5 4 5 4 3 3 3 2 5 4 4 5 7 4 3 4 4
M[444] : 4 7 6 5 4 2 4 5 4 4 4 7 4 5 4 6 4 5 6 2 4 7 6 4 3 6 2 6 5 8 4 5 6 7 2 6 5 5 5 5 5 2 5 6 3 5 2 5 5 6 4 0 2 5 6 0 5
M[445] : 6 4 4 6 6 5 4 4 4 6 4 4 3 4 3 5 5 4 2 5 4 0 5 2 4 5 2 5 5 6 2 5 6 4 5 8 6 3 6 4 6 2 7 6 5 4 4 4 1 5 6 5 5 4 5 5 4
M[446] : 7 4 4 6 4 2 3 2 5 6 3 5 5 3 7 2 4 5 3 5 7 6 4 6 3 9 3 3 4 6 2 5 3 5 6 0 6 3 3 3 4 3 6 6 4 6 4 5 6 3 4 4 4 4 6 4 5
M[447] : 4 6 5 4 6 5 4 4 4 3 4 0 6 4 6 1 8 6 4 5 4 5 4 6 2 7 4 4 4 4 3 3 6 3 5 5 8 2 5 5 4 4 3 6 6 5 6 6 1 7 6 3 4 6 3 7 5
M[448] : 6 3 3 3 7 5 6 2 3 3 4 3 6 3 5 4 5 3 2 7 4 4 5 6 0 4 5 6 3 4 7 7 6 6 7 6 5 3 2 1 4 3 7 4 4 5 4 6 3 3 3 3 5 8 6 4 6
M[449] : 3 7 5 6 6 4 4 8 4 3 5 3 3 3 4 2 5 4 3 4 6 7 3 5 3 5 5 3 6 7 4 4 4 4 3 5 3 4 4 6 5 1 5 3 7 4 4 5 5 6 6 0 4 4 5 4 5
M[450] : 7 6 7 7 3 5 2 5 7 4 6 1 4 3 3 0 4 5 6 3 6 4 4 5 3 5 3 4 1 4 5 4 0 5 4 3 4 7 3 4 7 4 6 5 5 5 7 5 3 2 2 5 5 5 3 3 5
M[451] : 5 4 5 5 5 4 5 0 4 4 4 2 1 6 7 3 5 3 4 7 5 4 5 1 4 4 6 7 3 2 4 4 6 4 5 4 6 5 5 4 6 3 4 5 5 2 4 3 3 4 3 6 5 5 4 7 4
M[452] : 3 4 4 2 7 2 2 4 5 2 5 6 4 2 4 3 2 6 4 5 7 7 4 4 3 7 4 4 5 2 5 2 2 6 4 6 3 3 7 4 4 6 4 5 6 6 3 0 2 4 4 5 3 4 3 4 7
M[453] : 5 5 5 6 3 4 6 6 4 4 6 7 6 6 3 3 4 4 4 3 6 6 3 5 5 4 6 3 1 3 5 4 5 5 7 3 5 3 0 5 3 4 5 2 3 6 5 7 4 1 7 8 5 6 6 6 4
M[454] : 4 5 4 3 6 5 4 5 4 5 8 7 2 5 6 3 0 6 5 3 3 5 5 6 5 2 7 5 6 5 5 4 7 5 7 3 4 6 3 6 5 5 6 5 6 4 7 2 2 1 5 5 6 5 2 5 7
M[455] : 3 4 4 8 4 5 3 3 6 5 3 6 2 0 3 5 3 4 5 6 6 6 5 3 4 6 0 4 7 5 3 5 2 5 6 3 4 5 5 4 7 4 3 8 6 7 7 4 6 5 5 5 2 2 4 5 3
M[456] : 5 2 3 5 5 6 4 5 5 6 4 5 7 1 7 5 5 4 2 5 4 6 5 3 2 2 3 4 3 5 6 5 5 2 4 5 2 4 2 5 5 5 5 5 7 7 6 8 3 4 5 6 3 5 1 2 0
M[457] : 5 4 3 1 0 4 8 4 3 4 6 6 5 6 2 4 5 5 5 7 4 6 5 4 4 2 3 5 6 6 6 5 5 6 6 4 4 5 4 3 4 2 4 4 4 1 5 7 4 4 5 4 5 4 5 5 4
M[458] : 5 3 4 5 1 6 6 7 3 4 6 3 7 5 4 6 5 3 4 4 6 5 5 3 3 5 4 5 5 3 4 5 6 8 5 1 6 3 2 4 5 0 6 6 3 4 6 7 6 6 4 1 4 4 5 4 7
M[459] : 7 8 6 4 3 5 2 3 0 4 1 4 4 8 4 5 4 3 3 7 3 6 5 4 6 3 5 3 4 5 4 6 5 4 3 3 4 5 5 3 5 3 5 2 2 2 5 5 3 4 1 3 6 4 3 1 7
M[460] : 3 3 2 5 3 0 5 4 4 5 3 3 4 5 4 4 4 4 5 5 3 5 4 7 6 7 3 2 6 5 2 3 3 5 6 4 2 3 4 3 6 4 4 5 5 4 2 6 7 1 2 5 3 4 4 5 6
M[461] : 4 4 3 4 5 4 3 3 6 5 5 5 4 5 4 7 2 5 5 3 4 7 6 4 5 4 4 4 3 4 5 6 4 8 6 4 5 4 5 8 2 4 6 3 7 2 2 3 6 5 5 4 5 4 5 6 0
M[462] : 4 3 3 7 6 2 3 6 3 5 4 5 3 5 4 5 7 3 3 7 4 5 8 5 2 5 2 6 2 7 5 3 5 6 3 7 3 0 4 5 2 2 3 4 4 5 7 4 5 5 4 4 7 2 6 3 6
M[463] : 4 2 0 4 6 6 1 6 8 4 1 4 5 3 6 3 6 5 4 4 6 6 6 4 4 3 6 4 4 5 4 3 5 3 5 2 7 3 5 3 2 5 7 2 5 4 2 6 4 3 4 4 7 4 3 5 4
M[464] : 3 7 2 4 8 4 3 4 6 3 7 4 5 4 4 2 6 2 6 5 5 3 5 5 4 4 6 4 0 3 5 3 4 3 5 3 6 4 4 3 5 4 4 6 3 5 4 4 5 6 7 3 5 5 4 5 4
M[465] : 0 4 8 5 7 5 4 4 2 5 7 6 7 5 4 4 5 4 4 5 6 6 1 6 5 8 4 3 6 5 6 6 8 3 6 3 6 5 2 4 4 3 6 5 2 4 5 4 5 3 3 2 1 6 6 3 4
M[466] : 5 4 6 7 5 6 6 2 6 5 6 3 6 4 5 7 3 7 5 2 4 4 2 5 4 3 5 3 5 5 5 7 4 4 4 6 5 5 5 5 5 4 5 5 0 2 5 6 3 5 6 3 7 4 2 4 8
M[467] : 5 6 6 7 5 0 4 6 5 5 4 6 2 4 4 6 4 6 3 4 4 6 7 3 5 6 5 4 7 4 3 3 3 6 3 6 8 6 4 3 5 3 3 7 4 7 4 5 3 5 4 4 7 4 3 4 4
M[468] : 5 7 4 0 3 6 7 4 2 6 4 6 5 6 5 2 2 6 4 3 4 4 6 3 5 4 3 5 4 5 3 4 5 7 6 4 6 4 6 7 4 5 3 5 3 5 6 6 7 4 4 5 7 3 6 2 5
M[469] : 5 4 6 6 6 2 3 6 2 3 3 4 5 6 3 7 6 7 4 5 4 0 4 5 4 5 6 3 6 5 5 4 4 2 4 4 6 3 6 4 4 3 6 5 4 4 4 4 3 5 5 3 5 3 4 6 8
M[470] : 5 4 5 3 5 6 2 4 5 5 6 5 4 4 7 3 6 6 6 4 5 2 7 5 4 5 3 5 4 0 7 4 1 7 6 5 3 6 4 4 5 4 6 5 7 5 6 7 4 5 5 5 2 4 5 6 6
M[471] : 6 5 7 5 4 7 5 5 7 4 4 5 2 4 3 4 6 2 4 7 4 5 4 4 3 6 0 3 4 5 3 4 6 5 4 5 4 5 5 5 5 2 6 2 5 6 3 8 4 6 4 4 5 1 6 8 7
M[472] : 5 3 4 4 4 5 5 4 7 6 4 4 3 5 4 4 5 3 5 3 5 5 0 7 5 8 3 4 6 5 6 5 5 3 6 4 5 4 5 5 4 4 3 3 2 4 5 6 3 6 4 4 1 2 4 5 5
M[473] : 5 3 6 4 5 4 2 3 3 4 6 3 5 3 3 5 6 0 7 6 4 5 7 5 6 3 6 5 6 6 4 4 5 3 2 6 7 3 5 7 3 3 6 4 6 5 6 4 5 0 4 6 6 4 4 7 4
M[474] : 5 5 3 5 7 6 0 4 5 5 4 5 5 7 6 2 3 3 6 6 3 3 7 2 6 6 2 5 6 3 3 5 3 4 7 3 6 4 5 5 5 1 5 3 5 4 4 5 4 7 5 4 5 5 6 5 4
M[475] : 5 5 5 6 8 3 5 6 6 3 6 8 4 2 5 3 3 7 5 4 7 7 6 3 6 5 4 6 3 7 4 4 1 5 2 6 5 4 5 1 5 6 6 3 5 3 5 5 4 4 0 2 5 5 6 7 4
M[476] : 6 3 6 4 4 3 6 6 3 3 4 4 8 3 4 3 3 7 7 5 5 4 1 1 4 5 5 4 4 7 7 5 5 5 6 4 3 2 3 6 3 6 0 4 4 3 3 4 6 4 4 7 3 6 3 4 2
M[477] : 4 3 5 5 4 5 3 4 4 3 6 4 6 0 3 3 6 7 8 6 5 4 7 5 5 4 4 4 5 3 4 4 6 3 5 6 6 4 4 5 5 4 3 2 3 3 5 5 6 5 3 2 4 5 2 4 3
M[478] : 6 5 5 6 4 3 5 6 3 5 6 6 4 6 2 7 4 4 5 5 7 2 5 3 5 5 3 4 2 3 4 6 4 5 0 6 5 3 3 5 5 8 4 3 1 6 6 3 5 4 4 5 5 5 3 2 5
M[479] : 5 4 6 6 4 6 6 3 4 4 0 6 5 3 4 2 6 6 6 6 4 7 4 6 4 4 3 5 5 8 4 5 4 5 5 5 2 7 5 4 6 4 5 5 2 4 3 6 5 3 6 3 6 6 6 5 4
M[480] : 5 6 6 5 5 4 6 5 5 4 3 6 5 6 6 5 5 2 5 5 4 7 4 6 4 5 4 5 5 6 3 7 5 5 0 6 4 4 2 4 5 5 6 5 6 5 5 3 4 5 4 1 5 4 4 3 6
M[481] : 5 3 4 5 2 3 5 3 2 2 6 6 3 4 6 1 4 6 6 4 6 6 6 1 3 0 3 3 7 5 3 3 4 1 4 3 5 4 3 4 3 3 4 4 7 4 7 6 4 4 5 2 7 2 4 5 5
M[482] : 6 7 3 8 3 3 4 4 5 7 5 4 7 4 3 4 7 5 5 5 5 6 8 4 3 4 3 3 6 7 4 6 2 7 4 4 5 3 4 3 4 4 3 5 5 5 5 3 5 4 0 4 6 2 7 3 5
M[483] : 6 5 4 4 5 2 7 4 6 5 4 5 2 4 2 5 2 3 4 5 6 6 5 4 2 4 4 2 4 5 6 3 4 4 6 3 5 6 6 4 3 2 6 6 6 5 0 5 3 3 2 3 4 4 3 2 6
M[484] : 4 2 5 7 3 5 2 3 3 3 5 4 4 4 5 0 2 6 2 5 3 5 3 2 4 5 5 6 6 5 5 6 2 2 5 3 5 4 5 5 5 5 5 4 7 6 3 4 4 8 3 2 5 3 3 5 5
M[485] : 3 5 3 7 6 4 6 4 5 4 7 5 3 3 4 1 2 3 8 8 5 5 3 6 0 4 5 5 6 7 6 5 2 4 5 5 6 4 0 3 5 6 5 4 4 3 8 6 3 4 5 3 3 6 2 4 5
M[486] : 3 7 3 4 4 4 3 4 6 3 3 3 7 5 8 0 5 4 2 2 5 5 6 7 6 5 3 4 5 4 5 7 2 4 6 5 4 6 4 5 7 4 4 6 6 3 5 3 3 2 3 5 5 5 4 5 7
M[487] : 2 2 7 4 4 6 7 7 7 3 2 5 4 8 4 6 4 3 7 0 6 4 3 7 4 5 4 4 5 5 3 4 6 2 4 4 5 4 5 7 4 3 4 3 5 7 5 3 5 3 5 2 4 6 4 2 6
M[488] : 4 2 4 7 7 4 4 3 3 5 5 3 4 6 6 5 6 3 7 9 0 7 8 6 5 6 5 4 4 5 1 4 7 4 5 4 3 5 6 6 6 3 6 5 1 5 5 3 1 5 4 3 4 5 4 4 2
M[489] : 4 2 5 5 3 3 5 6 7 3 5 8 3 6 6 5 5 4 3 4 3 3 7 0 3 5 5 6 3 2 3 3 3 6 5 4 6 4 5 4 5 2 5 4 5 3 3 6 5 4 2 3 6 2 4 3 3
M[490] : 4 2 1 5 5 6 4 3 6 6 4 3 6 7 4 7 5 4 5 4 5 2 6 4 5 3 2 3 5 6 5 4 4 3 2 2 5 4 4 7 0 2 2 3 6 3 2 6 5 4 3 4 5 5 4 4 7
M[491] : 3 4 7 5 0 5 4 4 6 6 5 3 5 6 6 6 4 4 2 5 7 6 3 4 4 3 4 6 4 5 4 2 5 7 6 4 6 4 5 6 4 5 4 7 3 7 5 4 2 5 4 5 3 3 2 5 3
M[492] : 5 4 6 7 3 5 7 5 6 3 3 4 4 4 3 5 6 8 4 4 6 5 2 4 5 5 4 3 6 4 4 4 5 4 6 3 5 3 6 5 6 2 4 5 5 4 4 4 5 5 4 5 0 5 6 2 5
M[493] : 3 3 4 4 8 3 4 5 3 3 2 0 6 5 4 2 4 1 5 3 6 7 4 6 4 6 2 3 4 3 3 4 6 5 5 2 6 3 6 5 5 5 3 3 6 6 5 3 4 6 4 1 3 2 3 6 3
M[494] : 5 4 3 6 3 3 0 6 3 3 5 5 4 4 7 5 6 7 5 5 5 4 5 5 8 4 3 4 4 6 3 3 4 4 3 6 5 6 4 3 3 5 7 6 4 2 5 5 7 5 5 3 6 5 5 4 6
M[495] : 6 3 3 5 6 3 6 5 7 5 8 6 4 5 4 5 5 4 8 5 4 0 4 5 3 4 5 5 6 4 5 8 4 5 3 2 3 2 5 3 5 5 3 3 4 4 6 4 3 8 6 3 3 5 3 4 7
M[496] : 3 5 4 7 2 4 6 2 6 7 4 4 6 7 4 3 4 7 4 4 4 7 7 4 2 5 5 3 1 4 4 5 2 4 0 3 7 3 3 4 4 4 1 3 4 4 6 3 4 2 3 5 4 6 2 1 3
M[497] : 4 3 7 5 5 2 3 7 4 4 7 5 0 5 4 6 6 4 4 4 3 3 4 5 6 5 2 3 2 3 6 3 4 4 2 4 8 3 3 4 7 5 4 6 6 5 5 4 3 5 5 1 6 4 3 6 3
M[498] : 2 4 6 3 4 5 3 7 5 3 4 7 3 4 3 3 4 0 5 5 4 1 3 5 4 5 2 5 4 6 7 6 4 6 4 8 3 5 5 4 6 2 3 4 4 5 2 5 1 2 5 6 4 5 5 1 3
M[499] : 3 6 5 5 5 5 3 5 5 3 4 3 3 3 4 3 4 2 2 7 6 3 6 1 5 3 7 2 5 5 3 6 3 3 7 7 5 4 6 4 7 3 5 6 3 6 6 3 0 3 5 5 6 4 3 4 2

