 Execution de l'algoritme BITS sur le fichier dsjc500.5.txt
=====================================================================
 Partitions  : 
Vk[0] : 100 53 326 307 475 107 374 439 288 -->  9 éléments.
Vk[1] : 131 431 127 485 67 60 42 165 -->  8 éléments.
Vk[2] : 252 303 369 196 334 227 300 306 74 -->  9 éléments.
Vk[3] : 454 201 81 324 101 404 371 105 161 -->  9 éléments.
Vk[4] : 269 150 197 361 463 282 482 47 422 -->  9 éléments.
Vk[5] : 465 255 188 217 366 243 424 143 310 -->  9 éléments.
Vk[6] : 30 275 341 250 167 318 88 471 174 -->  9 éléments.
Vk[7] : 157 135 259 186 102 379 171 179 292 -->  9 éléments.
Vk[8] : 77 6 117 266 405 460 478 302 57 -->  9 éléments.
Vk[9] : 175 248 413 343 359 54 73 281 295 -->  9 éléments.
Vk[10] : 394 34 195 16 163 481 280 495 -->  8 éléments.
Vk[11] : 406 314 317 212 133 472 172 420 397 -->  9 éléments.
Vk[12] : 453 283 470 200 112 340 315 5 264 -->  9 éléments.
Vk[13] : 114 479 449 477 444 480 139 338 19 -->  9 éléments.
Vk[14] : 148 322 221 173 96 398 170 461 35 -->  9 éléments.
Vk[15] : 56 395 62 456 290 401 145 164 -->  8 éléments.
Vk[16] : 59 410 260 392 455 384 297 254 450 -->  9 éléments.
Vk[17] : 118 358 289 103 109 94 390 31 -->  8 éléments.
Vk[18] : 119 451 330 85 7 352 348 476 22 -->  9 éléments.
Vk[19] : 246 467 428 349 132 271 272 98 66 -->  9 éléments.
Vk[20] : 219 211 169 166 391 323 382 111 285 -->  9 éléments.
Vk[21] : 265 203 89 153 208 291 25 21 407 -->  9 éléments.
Vk[22] : 440 469 466 52 33 327 238 152 231 -->  9 éléments.
Vk[23] : 368 39 218 312 483 82 9 191 -->  8 éléments.
Vk[24] : 267 256 412 110 426 433 26 320 202 -->  9 éléments.
Vk[25] : 181 182 28 92 436 138 210 244 443 -->  9 éléments.
Vk[26] : 162 409 457 399 198 41 207 115 126 -->  9 éléments.
Vk[27] : 72 336 106 253 185 417 184 97 -->  8 éléments.
Vk[28] : 178 490 146 70 232 423 159 80 -->  8 éléments.
Vk[29] : 125 113 313 149 396 499 176 242 311 -->  9 éléments.
Vk[30] : 294 458 328 160 435 12 49 64 134 -->  9 éléments.
Vk[31] : 206 55 14 235 491 365 489 339 346 -->  9 éléments.
Vk[32] : 193 95 446 23 223 342 442 183 -->  8 éléments.
Vk[33] : 488 351 353 357 383 226 247 389 216 -->  9 éléments.
Vk[34] : 373 2 299 298 278 122 192 141 116 -->  9 éléments.
Vk[35] : 237 416 142 325 15 301 273 187 385 -->  9 éléments.
Vk[36] : 155 0 86 215 448 474 214 498 493 -->  9 éléments.
Vk[37] : 71 36 50 354 284 277 87 51 -->  8 éléments.
Vk[38] : 321 137 65 381 140 257 402 408 360 -->  9 éléments.
Vk[39] : 79 421 245 309 364 486 17 68 84 -->  9 éléments.
Vk[40] : 487 276 213 48 367 363 473 4 241 -->  9 éléments.
Vk[41] : 393 425 93 497 154 268 233 414 -->  8 éléments.
Vk[42] : 305 44 432 347 108 228 168 308 356 -->  9 éléments.
Vk[43] : 249 1 83 261 447 355 370 262 27 -->  9 éléments.
Vk[44] : 270 189 18 3 230 234 430 129 220 -->  9 éléments.
Vk[45] : 468 229 459 205 78 120 76 380 -->  8 éléments.
Vk[46] : 403 251 209 40 199 8 158 279 296 -->  9 éléments.
Vk[47] : 378 329 345 411 11 239 147 69 304 -->  9 éléments.
Vk[48] : 362 38 10 462 331 438 263 90 337 -->  9 éléments.
Vk[49] : 274 104 441 177 418 20 29 46 37 -->  9 éléments.
Vk[50] : 388 43 492 287 372 123 151 240 258 -->  9 éléments.
Vk[51] : 13 344 236 386 333 144 496 429 -->  8 éléments.
Vk[52] : 335 427 190 99 194 316 121 350 452 -->  9 éléments.
Vk[53] : 130 222 136 293 156 375 45 75 -->  8 éléments.
Vk[54] : 400 484 224 180 24 419 387 91 124 -->  9 éléments.
Vk[55] : 319 58 494 464 437 376 63 128 32 -->  9 éléments.
Vk[56] : 286 61 204 445 434 225 332 415 377 -->  9 éléments.
Matrice M
M[0] : 5 5 4 4 4 7 4 2 5 6 4 6 3 2 5 4 4 5 4 6 4 3 4 3 6 4 4 5 6 6 4 5 6 5 5 5 0 5 3 5 6 6 6 6 5 4 3 4 2 4 5 6 6 4 5 6 6
M[1] : 7 6 6 6 2 2 5 6 3 6 3 4 6 5 5 4 4 2 3 6 4 5 4 5 3 7 4 4 2 3 3 4 6 5 6 3 5 6 6 6 5 5 5 0 5 6 7 6 6 4 1 5 5 6 5 4 2
M[2] : 6 3 4 5 1 5 5 4 3 5 4 8 6 3 6 1 5 2 4 5 7 5 4 4 5 4 6 5 5 4 6 3 5 6 0 3 4 3 3 6 1 5 4 3 5 2 4 6 5 6 6 5 7 5 6 4 5
M[3] : 4 1 6 4 6 5 5 3 2 5 4 4 7 6 4 4 7 2 5 8 7 7 5 6 5 5 6 4 4 5 8 6 3 6 4 2 7 3 6 5 5 5 5 3 0 3 4 5 4 6 6 3 6 5 5 6 5
M[4] : 6 2 3 6 7 3 4 6 7 8 6 5 3 3 4 4 8 4 5 6 4 3 6 4 3 6 4 6 5 4 3 9 3 5 4 8 5 5 3 3 0 3 5 3 2 3 6 2 4 4 5 5 6 4 3 6 6
M[5] : 6 2 5 6 6 6 5 6 4 6 3 4 0 6 2 4 3 6 7 3 6 2 5 3 3 4 6 3 3 5 4 4 6 5 3 5 3 4 6 6 5 4 3 4 6 5 5 4 5 6 4 5 6 7 5 5 4
M[6] : 5 2 6 7 3 5 4 4 0 5 5 2 5 3 5 4 7 5 4 5 5 8 6 1 5 7 5 3 5 2 5 5 4 6 3 6 2 5 6 4 4 7 3 4 4 2 5 5 5 4 3 1 6 5 3 4 4
M[7] : 5 2 3 5 7 6 6 4 4 5 6 4 7 2 3 6 3 2 0 4 5 4 4 3 3 3 2 2 5 5 7 5 3 5 4 6 4 2 5 5 4 6 2 3 6 5 3 6 3 6 6 5 6 3 5 2 4
M[8] : 7 4 5 5 6 3 4 4 8 5 5 5 6 2 4 2 4 5 7 6 5 4 7 4 5 5 4 1 6 3 8 5 3 6 3 4 4 4 6 5 6 6 5 8 4 1 0 4 5 6 3 5 3 4 9 4 4
M[9] : 8 6 5 5 8 5 5 4 6 5 5 4 4 3 3 3 6 2 4 6 4 5 5 0 3 8 6 5 3 4 6 3 1 4 5 5 5 6 3 4 6 4 5 7 5 1 3 4 4 3 3 1 4 7 5 4 6
M[10] : 5 4 2 2 3 6 6 6 5 5 3 4 4 5 2 2 6 4 6 6 4 5 3 6 2 5 4 4 5 5 3 6 6 3 7 5 4 5 3 4 7 7 2 2 4 4 3 4 0 5 6 4 4 3 5 3 4
M[11] : 5 6 5 4 4 3 4 6 4 4 4 3 5 5 6 4 5 5 4 4 4 5 2 3 6 5 3 6 2 2 5 5 3 1 6 8 3 3 5 5 4 2 6 5 7 5 5 0 6 3 5 5 6 3 7 6 5
M[12] : 6 4 3 6 4 3 6 2 4 7 4 3 5 8 3 4 5 1 7 5 7 3 4 4 4 6 2 2 5 4 0 3 5 3 7 4 5 3 6 3 2 1 3 2 5 7 2 4 3 6 3 2 4 3 3 4 7
M[13] : 5 5 6 6 5 5 4 2 3 2 4 3 6 6 4 4 7 5 5 6 5 4 5 4 6 5 7 3 3 2 7 5 8 7 7 5 6 4 7 7 4 4 4 6 2 4 7 7 4 6 4 0 6 3 7 6 6
M[14] : 4 6 4 6 4 4 4 5 5 5 2 4 3 5 6 6 6 6 4 5 5 8 5 4 4 7 5 3 4 6 4 0 5 3 4 5 5 7 4 2 6 4 3 6 2 3 3 5 6 3 5 5 7 4 6 6 5
M[15] : 7 6 5 4 6 7 5 2 5 5 5 5 5 5 4 5 3 6 5 5 5 6 5 4 5 4 4 3 4 3 4 1 3 5 4 0 6 7 4 5 3 3 6 3 4 5 6 7 5 5 3 5 4 5 6 1 6
M[16] : 5 2 5 3 4 6 7 6 5 3 0 8 5 6 4 3 2 5 1 4 6 3 5 4 5 4 7 5 4 6 4 3 5 4 5 3 4 2 6 5 5 5 3 5 5 5 5 4 5 4 6 4 5 2 3 5 5
M[17] : 5 7 5 7 3 5 2 5 4 3 5 2 4 7 3 6 5 3 5 2 5 2 6 3 8 5 4 5 4 6 6 3 5 6 3 3 3 5 8 0 2 3 5 7 4 6 4 7 3 3 4 2 3 4 5 6 4
M[18] : 3 5 5 5 4 2 4 4 5 5 5 7 5 7 3 2 6 6 5 9 6 4 4 4 4 4 3 4 3 6 4 6 4 3 4 4 3 4 5 4 5 3 5 3 0 5 4 5 3 6 3 4 3 6 4 3 5
M[19] : 4 4 2 6 4 4 7 5 3 2 4 4 8 0 3 2 6 4 3 5 6 5 3 4 5 3 4 3 7 8 5 6 4 4 5 2 4 5 4 5 4 5 6 5 4 5 2 4 3 7 1 5 4 0 3 6 5
M[20] : 5 4 2 3 5 4 6 5 5 5 4 7 4 6 7 2 8 5 6 6 2 6 5 2 7 5 7 5 3 3 3 3 5 6 4 7 4 5 4 3 4 5 2 4 2 1 6 4 2 0 6 4 3 6 5 4 5
M[21] : 7 5 6 5 4 5 5 4 5 3 5 6 5 6 6 3 5 4 5 9 2 0 5 3 9 4 3 1 3 3 3 6 3 4 2 4 6 5 6 5 2 0 6 5 7 3 4 6 7 5 4 3 3 4 5 5 4
M[22] : 7 6 4 4 3 5 5 3 3 3 3 2 6 2 4 6 4 1 0 8 3 4 6 3 5 5 7 4 3 4 2 6 4 4 3 5 4 5 4 4 5 6 5 5 7 4 4 2 4 7 3 6 1 5 6 4 4
M[23] : 6 4 4 3 6 3 4 5 5 4 5 2 5 4 5 3 4 5 3 5 5 4 4 4 6 6 3 3 4 4 6 3 0 3 6 4 7 1 8 6 6 5 3 4 3 5 5 5 7 4 6 4 5 5 5 6 4
M[24] : 6 5 8 3 6 3 3 4 3 6 2 5 4 4 5 5 5 3 4 4 5 4 3 4 6 4 4 5 6 5 4 5 3 3 6 7 4 4 3 4 5 3 2 1 8 8 3 5 6 3 4 3 4 3 0 3 4
M[25] : 2 5 6 6 3 4 3 6 3 5 2 6 6 5 2 2 5 4 3 4 3 0 4 5 2 5 5 5 4 4 4 4 1 2 5 6 5 3 3 5 4 3 4 2 7 4 5 4 7 7 5 6 6 2 5 2 5
M[26] : 5 5 5 6 5 6 2 2 7 5 6 5 5 5 6 7 4 4 3 4 6 4 5 4 0 2 3 2 7 4 4 1 5 5 5 7 3 6 6 2 5 5 5 4 2 6 6 7 3 3 4 6 4 3 5 5 6
M[27] : 2 6 5 5 5 4 4 3 6 5 5 4 4 5 5 5 8 5 5 3 6 5 3 4 5 1 7 7 4 6 6 2 3 4 4 4 6 4 3 7 4 5 6 0 6 2 5 4 5 5 4 2 6 4 3 3 5
M[28] : 6 3 4 4 3 5 5 2 4 4 7 5 5 2 6 3 5 2 2 4 6 6 5 5 3 0 6 4 7 5 6 6 4 5 2 4 6 6 2 5 4 7 5 5 3 3 4 1 5 7 3 6 5 2 3 4 6
M[29] : 3 5 4 5 5 2 4 5 5 3 3 3 6 7 2 5 6 3 2 5 7 3 6 0 5 3 5 4 4 3 5 3 5 5 8 6 3 2 4 2 7 2 6 5 5 4 4 6 3 0 5 5 4 2 5 3 2
M[30] : 4 3 6 8 6 7 0 5 5 7 5 6 4 4 7 4 4 4 4 5 4 6 4 7 4 4 7 4 3 6 4 5 2 4 6 5 3 5 5 4 3 5 5 6 4 5 5 4 7 6 5 4 2 4 3 6 6
M[31] : 8 5 5 4 4 2 6 4 5 6 3 3 6 8 5 2 8 0 2 6 6 3 6 3 4 6 2 5 4 4 5 3 6 4 2 3 5 4 4 4 3 4 8 6 5 4 4 5 5 4 6 4 6 2 4 4 6
M[32] : 5 3 5 2 7 4 3 2 5 7 2 7 6 3 7 3 2 6 2 2 5 6 3 4 5 4 6 3 5 6 6 3 4 5 5 3 6 5 6 4 3 3 5 6 5 3 6 5 2 3 5 3 6 6 3 0 4
M[33] : 6 4 2 6 5 3 5 4 7 4 3 3 5 5 5 5 5 4 2 6 7 3 0 6 5 3 6 7 4 3 8 4 2 4 3 6 4 4 5 4 8 6 7 7 4 2 6 2 5 4 4 3 6 2 6 8 6
M[34] : 4 4 5 4 2 7 5 3 7 4 0 4 3 4 4 5 6 3 6 3 4 2 5 7 5 6 3 5 3 6 6 5 6 8 4 5 3 4 8 7 4 5 3 4 6 4 6 8 5 6 4 5 5 4 6 4 7
M[35] : 3 2 4 6 4 5 3 4 6 1 4 3 6 5 0 4 5 5 5 6 7 4 5 3 5 6 5 5 4 5 5 7 4 5 5 7 5 4 4 3 4 4 4 6 6 3 2 6 7 2 3 3 6 4 4 2 3
M[36] : 3 1 5 8 4 6 4 7 7 5 2 2 6 5 5 6 3 4 4 3 3 5 8 2 6 5 6 4 3 5 6 4 3 5 6 5 6 0 3 6 6 5 5 4 6 3 3 5 4 3 6 0 5 4 7 6 5
M[37] : 4 4 8 5 3 5 3 5 5 7 2 5 5 6 4 3 4 4 3 5 2 6 6 3 6 8 4 5 3 6 5 8 1 7 4 8 3 5 5 5 3 4 1 5 2 3 5 7 8 0 2 4 3 4 3 5 5
M[38] : 5 4 5 6 5 5 5 7 5 4 4 7 4 4 5 6 5 4 3 5 2 5 5 2 3 4 6 4 3 3 5 2 5 3 7 3 6 6 7 5 4 1 4 6 5 4 6 4 0 6 4 4 5 4 4 3 7
M[39] : 5 5 4 7 3 5 5 3 4 5 4 4 5 4 8 7 4 5 7 6 5 4 4 0 5 6 4 2 5 8 6 4 7 3 4 4 3 3 5 3 4 3 5 5 5 4 4 5 4 4 6 6 4 4 6 6 3
M[40] : 5 5 5 7 8 3 6 4 3 4 4 6 4 2 3 7 4 5 4 5 3 6 5 5 5 3 8 8 6 5 3 3 5 5 3 5 4 4 6 6 6 4 5 5 5 3 0 3 7 6 3 4 6 6 3 5 1
M[41] : 4 5 3 6 3 6 4 7 4 5 5 6 7 3 5 6 3 5 6 6 7 3 5 5 1 5 0 3 5 6 5 2 4 5 7 6 2 6 3 6 1 5 3 5 4 3 4 4 4 3 4 2 5 4 6 2 4
M[42] : 3 0 5 3 3 5 4 2 6 5 2 5 5 3 5 2 6 3 4 3 4 4 7 4 5 4 3 3 1 8 5 2 4 3 6 3 4 4 5 3 6 6 8 5 4 3 5 7 3 2 7 4 5 5 5 6 5
M[43] : 5 5 3 4 6 2 2 6 4 7 4 4 5 3 2 3 6 3 4 2 6 6 4 3 4 4 5 5 5 5 7 5 5 7 5 6 3 3 4 4 6 1 3 4 6 4 2 5 6 6 0 5 6 5 5 7 4
M[44] : 6 3 3 4 6 8 7 6 5 7 4 5 6 4 4 2 7 4 4 3 8 6 4 2 3 5 6 2 4 5 5 6 5 5 1 6 4 4 6 7 5 6 0 3 3 5 3 3 5 6 4 3 6 4 4 4 5
M[45] : 4 6 7 4 6 6 5 2 7 7 2 4 4 4 6 1 5 6 3 3 4 4 5 3 4 6 5 2 3 6 5 1 5 5 5 6 4 2 3 5 4 3 5 4 6 4 4 2 4 6 4 6 5 0 6 7 4
M[46] : 5 5 4 3 5 5 2 4 1 5 5 7 2 5 3 5 8 3 5 3 3 5 3 3 3 5 4 4 4 4 2 3 6 2 3 6 5 6 4 5 3 3 7 7 5 4 3 3 3 0 5 5 2 6 5 6 4
M[47] : 4 3 5 2 0 4 5 4 4 3 4 4 4 5 5 5 7 6 4 5 3 6 3 5 8 3 2 4 2 4 5 5 4 5 5 8 8 3 3 2 4 2 2 2 6 6 5 5 5 5 4 2 5 3 5 4 4
M[48] : 3 5 7 7 4 5 4 5 4 3 3 3 6 3 4 3 6 6 1 4 7 4 5 2 6 6 3 4 0 5 5 2 4 1 3 5 7 4 8 3 0 3 3 4 4 7 5 3 6 5 4 3 5 4 4 5 4
M[49] : 6 4 5 5 2 6 3 3 6 5 5 5 3 5 5 3 5 5 3 6 3 4 6 5 3 6 8 0 6 8 0 4 5 3 4 4 5 3 6 2 5 5 4 3 6 4 5 5 3 2 7 3 8 4 4 5 5
M[50] : 5 5 4 4 6 7 3 7 8 5 7 4 3 2 6 5 4 2 7 5 4 3 5 2 7 4 3 5 4 3 3 4 6 7 7 7 4 0 3 3 5 3 5 4 6 3 5 4 4 7 3 3 6 3 7 4 6
M[51] : 5 1 5 4 4 2 6 3 4 4 7 6 6 4 3 5 5 2 5 4 6 7 6 3 5 2 7 7 5 5 7 5 4 6 4 4 6 0 5 4 4 4 3 5 5 5 4 4 4 4 5 3 6 3 6 4 6
M[52] : 2 7 3 3 4 2 5 5 3 5 5 3 5 3 4 4 6 3 4 3 4 5 0 5 5 4 7 3 5 6 3 4 7 4 4 4 5 5 6 8 5 3 3 3 6 3 8 5 8 4 4 6 6 3 3 4 4
M[53] : 0 3 6 5 4 4 5 6 5 4 5 5 5 5 3 7 5 6 5 3 5 4 5 4 6 5 5 5 4 4 4 1 3 7 6 7 6 5 4 6 3 4 5 4 4 4 6 4 3 7 6 2 6 7 7 5 5
M[54] : 3 6 5 5 3 3 5 6 6 0 2 3 4 2 6 2 2 3 5 6 6 4 3 8 7 5 4 1 4 5 4 5 4 7 5 4 6 3 5 1 2 5 5 6 4 6 5 5 4 5 5 2 6 2 4 4 7
M[55] : 2 3 5 4 4 4 4 3 3 7 3 3 4 5 7 4 3 6 4 1 6 5 4 3 2 6 6 3 6 4 5 0 4 7 5 4 1 3 4 6 4 3 3 3 6 2 3 4 1 2 5 6 5 6 4 3 4
M[56] : 8 4 4 6 5 6 4 4 5 3 5 4 2 4 5 0 7 5 5 3 2 4 8 5 6 6 6 4 2 6 4 4 1 2 5 3 3 5 5 4 5 5 4 5 2 2 6 7 2 4 4 3 8 3 5 5 4
M[57] : 4 7 5 5 4 6 3 4 0 4 2 4 5 3 5 2 5 1 4 5 3 6 3 5 4 2 6 4 3 5 3 3 1 4 5 4 6 6 4 5 5 1 4 8 6 2 4 3 4 4 5 3 6 5 4 4 4
M[58] : 5 4 3 5 3 8 5 5 6 4 7 4 4 5 5 3 3 2 3 5 5 3 3 2 4 6 2 4 3 3 3 6 4 4 5 5 6 2 4 4 5 5 4 4 8 2 6 4 5 4 8 5 6 4 5 0 3
M[59] : 7 8 4 9 6 4 5 4 3 2 3 7 4 6 5 6 0 6 3 6 5 3 6 3 7 3 4 2 3 4 5 5 6 3 6 2 4 5 3 4 5 4 3 5 3 4 5 4 3 6 5 5 3 5 3 5 4
M[60] : 3 0 1 7 4 6 4 7 4 5 4 5 6 3 5 3 7 5 6 6 5 3 6 6 5 3 3 3 3 5 4 4 5 5 6 5 4 2 1 7 4 3 3 3 5 3 5 5 4 8 4 4 4 6 4 6 4
M[61] : 6 3 4 4 5 4 4 2 6 4 6 4 6 5 4 4 4 1 4 5 6 6 5 5 5 5 6 4 3 5 5 3 3 6 2 6 4 6 4 3 6 6 3 2 2 7 5 7 7 4 4 2 6 3 6 2 0
M[62] : 6 1 6 4 5 5 5 5 5 5 5 5 6 4 3 0 3 5 6 3 2 2 6 4 4 5 5 3 3 4 3 4 4 6 4 8 4 2 6 7 6 2 4 3 5 3 5 5 7 4 3 2 3 3 5 1 5
M[63] : 6 3 4 0 3 4 3 5 4 6 4 3 4 7 2 5 7 5 2 5 7 4 4 4 6 5 6 4 4 6 5 3 3 2 8 7 5 4 5 5 7 3 5 5 5 5 5 2 7 4 4 3 7 2 2 0 1
M[64] : 4 6 3 3 3 5 6 6 6 4 2 4 7 3 6 7 3 5 7 2 3 3 4 7 7 6 4 5 6 7 0 5 5 5 8 4 6 6 7 4 3 5 2 4 5 4 3 6 5 4 6 4 7 4 6 5 5
M[65] : 3 5 2 4 4 3 5 7 4 3 4 3 6 6 6 6 6 2 5 6 7 6 4 3 6 5 3 5 3 1 2 6 4 7 1 4 6 4 0 6 6 4 3 5 6 3 5 5 7 6 5 5 5 5 8 5 4
M[66] : 6 5 4 6 7 5 4 7 6 3 3 5 5 2 3 3 4 3 5 0 5 5 2 6 3 6 4 3 3 4 5 6 3 5 6 4 6 4 3 3 6 4 5 3 7 4 7 8 7 2 5 3 5 3 7 5 4
M[67] : 6 0 5 6 3 5 7 3 3 4 3 5 5 5 4 4 5 5 4 5 6 5 4 2 7 4 5 2 5 1 4 6 3 5 1 5 4 2 2 4 7 4 5 3 4 3 6 7 2 5 5 1 2 6 5 5 6
M[68] : 7 4 6 6 5 8 3 7 5 2 1 6 4 4 4 2 1 3 4 4 0 6 7 4 4 3 5 5 4 5 3 1 5 7 5 4 6 2 5 0 3 4 3 6 5 2 7 6 6 4 5 5 5 3 5 6 3
M[69] : 3 6 3 3 4 4 5 6 6 6 3 3 5 5 5 1 5 3 5 5 2 4 6 4 4 4 4 5 6 4 4 6 5 3 3 7 4 4 5 6 5 6 3 6 4 1 5 0 4 7 1 4 5 5 6 4 8
M[70] : 6 2 5 6 2 6 3 5 7 5 5 5 7 5 5 1 5 6 5 6 7 4 4 2 2 5 5 4 0 3 6 4 4 6 5 2 4 6 4 2 5 4 5 7 4 2 4 5 4 6 8 4 5 5 6 6 5
M[71] : 4 3 4 6 1 2 4 4 3 2 2 8 4 5 4 4 6 3 6 5 6 3 5 2 4 6 6 5 7 4 5 6 4 4 5 6 3 0 4 3 5 2 4 5 3 3 5 2 7 6 5 5 5 4 5 3 3
M[72] : 3 5 4 4 4 5 5 4 5 5 5 6 2 5 3 5 4 5 5 4 5 3 5 1 4 4 3 0 5 5 3 5 5 4 6 4 6 2 4 3 6 4 2 2 4 6 6 4 4 5 6 3 5 2 6 5 5
M[73] : 7 3 4 6 5 4 3 5 3 0 3 4 7 4 2 4 5 4 3 4 5 2 5 5 5 4 5 5 2 4 5 6 3 4 3 6 4 6 5 6 6 3 2 5 3 5 4 2 3 6 5 5 3 6 6 7 5
M[74] : 4 6 0 3 5 7 5 4 6 6 4 5 4 5 5 5 2 3 5 5 4 4 3 4 4 3 5 6 2 6 4 3 3 2 2 3 4 2 4 3 4 4 6 3 5 5 4 5 4 6 6 6 5 6 4 3 4
M[75] : 5 2 6 5 5 9 3 7 5 4 5 6 6 6 4 5 4 6 6 5 5 4 2 5 3 4 7 5 4 4 4 4 5 5 5 6 4 1 7 7 4 3 4 4 4 3 5 4 3 4 7 1 6 0 6 4 3
M[76] : 2 2 7 5 5 6 3 6 4 7 2 5 3 7 7 4 8 4 8 6 4 2 4 3 5 3 1 3 3 5 6 6 3 4 5 3 6 2 2 5 4 6 6 5 4 0 6 4 5 3 1 4 4 5 4 2 4
M[77] : 6 4 5 3 6 3 6 5 0 5 7 5 5 2 2 4 3 4 6 7 1 7 5 4 3 6 4 4 6 5 5 2 5 5 6 6 4 6 2 3 4 5 5 3 7 5 5 3 6 3 6 1 5 6 6 4 5
M[78] : 2 6 4 7 5 6 3 7 4 6 4 4 5 2 4 3 1 4 2 5 6 5 4 3 4 4 2 5 2 6 3 4 4 2 7 5 3 4 4 3 6 6 5 4 4 0 6 4 4 5 6 3 2 3 5 2 5
M[79] : 5 6 3 5 4 5 4 7 5 5 4 5 2 5 3 5 6 3 5 5 4 6 4 5 5 4 3 4 5 6 2 5 5 7 4 6 5 2 4 0 6 6 6 4 3 4 7 5 6 3 2 5 2 4 4 5 4
M[80] : 6 5 8 6 6 2 4 6 3 5 2 2 4 5 6 5 4 3 4 4 4 6 6 3 4 5 7 4 0 5 6 4 4 1 7 6 4 6 5 5 5 4 6 4 2 3 5 3 4 6 6 3 4 5 6 7 7
M[81] : 6 3 7 0 4 4 4 5 4 2 2 3 3 6 5 6 5 3 6 4 3 7 6 5 8 3 4 5 5 5 4 3 5 5 4 7 3 3 6 8 4 4 5 5 3 4 5 4 5 8 3 5 3 4 5 3 3
M[82] : 4 6 3 7 7 4 3 6 7 5 4 4 9 6 6 2 5 5 2 5 4 5 6 0 6 3 3 4 4 5 6 4 4 5 3 3 5 1 5 2 5 4 4 4 5 2 5 3 3 2 4 2 5 5 6 4 4
M[83] : 2 3 5 3 3 5 5 6 7 3 6 1 6 5 6 5 5 5 3 5 6 6 7 5 4 5 8 3 3 4 2 7 6 4 4 6 4 4 3 3 5 5 2 0 6 6 6 6 5 4 2 5 6 5 3 7 6
M[84] : 3 4 3 5 5 6 7 7 4 4 3 5 4 7 7 5 5 4 2 4 5 6 5 4 8 6 4 3 5 7 7 3 4 5 4 6 4 5 6 0 5 6 4 3 2 3 2 6 4 4 6 5 5 6 3 4 6
M[85] : 6 2 4 5 3 3 5 4 6 7 4 6 4 5 6 3 4 5 0 7 6 3 3 6 4 6 4 4 5 3 7 3 3 6 5 6 3 6 6 4 6 6 5 6 5 6 7 6 6 5 5 4 6 5 4 4 6
M[86] : 5 4 4 3 6 4 3 7 3 4 4 7 6 4 7 4 6 3 5 8 6 5 6 3 4 4 4 4 5 4 3 4 6 3 4 4 0 4 6 4 6 5 2 5 6 3 4 6 4 7 5 2 2 3 4 4 5
M[87] : 4 3 4 6 5 5 6 5 6 6 5 4 5 4 6 2 3 5 3 6 3 7 5 2 4 6 4 3 1 3 5 5 1 4 6 5 3 0 2 2 5 4 6 5 3 5 6 3 5 5 3 4 4 4 4 4 4
M[88] : 4 3 4 5 6 4 0 7 3 5 3 7 5 3 5 4 3 6 4 2 6 6 2 4 5 7 1 4 5 3 6 5 5 6 7 4 5 2 6 4 3 4 4 4 6 5 6 5 4 7 4 4 7 5 3 3 4
M[89] : 4 4 5 3 4 4 4 7 6 5 2 3 7 7 5 4 4 4 3 4 4 0 5 6 3 6 5 3 2 5 4 8 5 6 2 8 4 3 6 6 4 5 5 7 5 3 5 3 4 5 5 4 4 6 4 4 6
M[90] : 5 4 4 7 6 7 4 5 6 6 3 6 4 5 6 4 4 4 5 4 8 6 5 5 5 6 5 5 7 6 4 2 3 5 7 4 5 4 6 4 6 5 2 5 1 4 4 5 0 6 3 3 5 4 5 3 4
M[91] : 7 3 7 6 4 6 4 4 2 6 3 5 3 0 1 2 5 6 5 5 4 7 5 2 5 3 3 5 3 5 4 5 3 5 5 3 4 5 4 4 4 4 5 3 5 4 2 3 2 5 1 1 5 4 0 4 2
M[92] : 7 6 3 4 3 5 6 5 4 3 5 2 5 3 5 5 2 6 4 3 3 5 3 5 9 0 4 5 4 4 5 5 3 2 6 4 4 2 5 6 4 3 3 3 7 4 6 6 6 5 2 3 7 5 4 4 5
M[93] : 4 5 1 7 5 4 2 5 6 3 3 6 5 7 5 1 5 4 5 2 4 4 4 2 3 4 4 3 5 2 5 4 3 8 5 7 6 1 1 6 2 0 2 5 6 6 7 5 3 3 4 3 6 3 5 4 5
M[94] : 6 3 6 3 7 6 4 6 2 4 5 3 3 5 5 3 5 0 5 7 5 4 3 2 6 6 4 4 5 3 4 6 2 3 6 4 5 5 4 1 3 6 3 3 5 5 4 4 2 5 4 2 3 2 4 7 5
M[95] : 3 1 2 6 4 5 3 6 4 4 6 7 5 6 6 2 5 5 5 5 2 2 6 3 5 3 7 5 5 4 5 6 0 7 5 5 1 6 5 6 1 5 8 6 4 3 3 5 5 7 7 2 3 5 4 6 5
M[96] : 2 5 5 7 7 6 6 2 4 5 2 2 7 3 0 4 6 6 3 3 5 4 2 3 7 6 4 4 6 5 4 3 5 4 5 5 7 3 6 3 6 5 2 5 2 4 4 7 4 4 2 4 5 7 3 5 6
M[97] : 3 3 4 7 6 5 6 4 4 6 5 4 2 6 3 5 3 0 2 4 6 0 7 4 5 4 7 0 4 4 5 4 3 6 8 5 5 5 3 5 2 2 4 5 2 5 4 3 6 7 6 2 3 6 2 2 2
M[98] : 4 6 3 5 4 7 4 5 5 4 4 8 4 4 5 4 3 5 7 0 2 5 4 5 7 3 7 2 5 8 5 5 3 4 4 5 5 4 3 6 3 2 5 5 5 4 5 5 6 5 4 4 5 4 7 4 5
M[99] : 5 4 3 3 5 6 4 5 4 3 4 3 5 8 6 3 2 4 4 6 5 3 2 3 3 3 5 3 5 3 4 5 5 6 6 6 7 2 8 4 3 3 7 6 4 3 6 4 5 5 2 4 0 5 5 7 5
M[100] : 0 5 6 3 6 4 3 4 2 5 5 4 7 3 5 7 2 5 6 5 5 5 3 1 5 7 6 2 5 5 3 7 4 3 5 3 3 2 3 7 7 5 3 3 6 4 7 5 5 5 6 2 6 4 5 4 8
M[101] : 4 1 5 0 5 4 5 5 3 4 2 4 6 4 5 7 5 4 2 5 3 6 4 3 5 3 4 6 6 4 1 2 7 7 3 2 3 5 4 2 8 5 5 5 4 4 7 6 3 4 6 2 6 3 2 5 7
M[102] : 6 1 5 5 7 5 7 0 4 6 4 7 4 6 2 3 4 4 4 6 4 7 5 5 5 4 5 2 6 5 5 4 4 4 4 5 4 5 5 6 5 5 5 1 2 5 5 3 5 6 3 4 3 1 6 6 7
M[103] : 4 4 5 4 7 5 7 6 4 4 3 4 5 4 5 3 4 0 6 0 5 3 7 5 3 3 4 3 2 7 4 3 3 3 3 6 5 3 5 5 5 4 5 5 5 3 7 4 2 5 5 2 4 5 6 5 3
M[104] : 5 6 5 6 4 5 6 2 4 6 3 6 5 6 0 3 6 2 6 5 4 3 8 3 4 5 5 4 2 5 3 5 4 6 4 4 5 7 8 6 6 4 7 3 7 1 4 6 6 0 4 6 3 4 6 5 1
M[105] : 5 6 5 0 4 4 7 4 6 6 2 6 5 3 4 4 8 4 7 5 5 6 4 4 6 3 5 4 5 2 7 5 7 4 6 4 4 4 2 8 4 3 4 7 5 1 5 5 4 6 4 7 5 5 1 4 7
M[106] : 4 4 4 2 6 5 7 2 4 3 7 2 4 5 6 4 5 7 4 7 6 5 4 3 2 4 5 0 4 8 5 6 6 4 3 6 6 5 5 3 2 3 2 4 4 3 5 4 4 6 5 2 5 4 3 4 3
M[107] : 0 4 5 7 3 4 5 6 5 5 4 3 3 3 4 3 5 3 5 5 6 2 4 5 3 5 3 6 2 4 5 5 4 5 4 5 6 4 4 5 2 3 5 9 3 1 3 4 6 2 2 6 4 6 6 4 7
M[108] : 4 3 4 6 3 5 7 4 6 3 4 6 6 5 5 3 3 7 3 2 5 3 3 2 6 5 4 2 5 0 3 5 5 5 5 3 4 4 4 5 3 5 0 5 5 4 3 7 2 6 3 6 3 5 6 5 6
M[109] : 5 4 3 2 5 6 4 4 6 3 4 6 5 5 3 5 3 0 4 4 5 4 5 4 5 3 4 4 4 4 4 5 5 5 4 8 3 4 6 2 4 4 4 7 3 7 4 4 4 6 4 2 5 4 4 4 6
M[110] : 5 4 4 4 4 7 4 7 5 5 4 4 2 5 4 4 5 4 4 7 1 7 5 4 0 5 2 4 4 7 6 5 2 3 5 3 3 5 5 6 7 4 7 5 5 5 4 6 2 7 5 4 5 4 6 7 3
M[111] : 5 5 6 5 4 7 3 4 6 4 1 5 4 6 2 2 5 5 6 5 0 4 5 4 4 5 7 5 2 6 4 5 4 3 4 5 7 7 5 7 1 5 5 6 6 2 3 4 7 6 6 3 4 4 3 6 4
M[112] : 5 7 4 5 6 5 6 6 5 4 4 5 0 3 4 3 2 3 4 7 4 4 6 8 4 3 6 4 5 3 4 3 5 7 6 4 5 5 5 6 6 6 3 5 3 5 6 3 2 4 3 3 6 2 4 2 5
M[113] : 3 5 5 3 6 4 6 2 5 4 4 4 4 5 4 2 4 4 5 5 5 4 4 5 6 6 7 3 0 0 7 7 7 4 6 4 5 4 3 5 5 2 3 5 5 6 4 5 4 2 8 2 3 4 5 5 5
M[114] : 5 6 6 6 4 5 4 4 3 5 2 5 6 0 5 4 5 6 4 2 3 6 4 4 7 6 4 4 5 5 3 5 4 3 6 4 3 3 7 4 5 4 5 5 5 6 2 3 3 5 5 3 6 4 2 1 5
M[115] : 4 2 4 2 4 3 4 3 8 3 2 6 5 4 4 3 3 3 5 7 4 4 5 5 4 7 0 7 4 5 6 5 4 3 4 5 6 5 8 3 3 5 4 5 5 5 4 5 5 6 3 5 3 5 4 3 4
M[116] : 7 3 3 5 3 5 6 4 4 5 7 4 4 4 6 6 4 3 2 6 3 5 6 6 3 6 5 4 7 5 3 6 4 4 0 7 6 7 4 6 2 1 3 4 3 5 4 3 4 4 3 3 5 1 7 6 3
M[117] : 4 0 3 5 3 4 5 3 0 5 4 4 7 2 5 4 2 4 6 5 1 5 4 8 5 3 5 7 5 7 7 3 2 4 4 5 6 5 4 5 8 5 4 2 4 7 7 4 5 6 4 4 3 5 4 6 7
M[118] : 4 3 3 5 4 5 5 3 4 4 3 3 5 6 4 4 5 0 7 8 2 5 3 3 6 3 6 3 4 7 5 6 7 4 5 5 3 3 7 4 3 5 4 3 5 6 6 5 6 2 1 5 5 3 7 5 2
M[119] : 4 5 5 5 6 5 4 6 6 3 4 4 5 4 7 6 5 2 0 2 6 2 5 3 5 4 4 4 4 7 5 5 5 4 6 6 5 5 6 3 5 5 6 4 4 4 4 6 5 3 7 2 6 2 8 4 3
M[120] : 4 3 4 2 3 4 5 5 6 5 3 3 6 7 5 2 6 6 6 6 4 1 3 1 4 5 4 5 5 4 5 4 2 5 4 7 4 5 4 5 5 3 3 6 5 0 5 3 5 3 3 3 7 5 5 6 5
M[121] : 6 4 7 3 6 5 3 2 2 2 4 6 4 6 6 3 6 2 4 7 3 6 4 3 4 6 4 5 6 6 5 4 1 4 7 5 3 6 6 2 3 6 5 3 3 1 7 6 8 2 3 1 0 4 3 4 6
M[122] : 4 4 5 5 5 7 6 5 7 6 4 6 4 5 5 3 5 4 3 5 2 5 6 3 7 6 5 1 3 5 4 3 5 2 0 4 4 6 6 3 5 5 6 6 6 5 6 3 6 5 5 2 5 4 4 5 6
M[123] : 8 2 4 8 6 6 4 5 2 4 5 4 5 1 5 2 7 1 4 3 6 8 4 5 3 5 5 4 6 3 7 2 6 5 2 5 4 5 4 6 4 3 2 4 5 5 3 6 3 2 0 6 9 4 6 6 4
M[124] : 6 4 5 2 5 5 6 6 5 5 3 3 4 6 5 4 4 5 6 8 3 3 3 5 6 5 7 2 4 6 5 4 5 7 5 2 7 5 6 6 7 6 4 3 1 3 2 5 1 4 5 4 5 5 0 5 5
M[125] : 5 2 5 6 6 4 5 6 3 4 1 5 5 8 5 6 4 4 5 6 4 4 4 2 6 4 5 7 3 0 5 6 3 1 5 6 4 4 7 6 4 3 4 5 3 5 4 5 5 3 5 5 5 4 5 2 6
M[126] : 4 4 6 5 7 6 2 4 3 6 2 4 7 3 4 2 2 4 5 4 8 4 7 6 5 1 0 4 3 4 4 5 3 5 3 3 3 5 6 4 5 4 5 5 5 2 4 5 4 7 1 4 9 3 3 6 5
M[127] : 5 0 7 5 3 4 2 3 4 6 2 7 7 3 5 3 4 2 4 6 5 5 6 6 5 2 3 4 3 3 5 7 4 0 3 5 5 3 4 8 5 5 3 8 4 5 8 5 7 5 7 5 5 3 4 4 3
M[128] : 4 4 7 7 5 7 5 6 5 5 2 4 3 6 6 2 6 4 5 7 6 5 6 2 4 2 1 4 2 4 4 5 4 6 5 3 3 5 3 5 9 4 2 4 5 4 6 4 2 5 5 5 6 5 4 0 3
M[129] : 5 6 3 4 2 5 4 5 5 3 3 4 5 3 7 6 2 5 6 4 5 3 6 6 6 5 6 2 2 7 4 4 1 5 7 3 4 6 5 6 5 4 4 4 0 5 4 4 3 5 7 5 5 4 2 8 3
M[130] : 5 5 4 7 4 2 5 5 7 3 6 5 6 5 2 2 5 5 5 3 5 4 4 3 6 2 4 3 5 2 3 6 2 3 7 4 2 5 4 3 4 5 4 7 5 1 6 6 4 7 4 3 3 0 5 4 6
M[131] : 5 0 7 4 5 3 4 4 2 1 4 2 5 6 6 4 6 6 6 8 5 3 6 6 5 2 4 4 6 3 5 5 2 6 5 7 2 4 5 5 3 4 5 6 3 6 5 6 5 5 6 6 6 3 6 6 8
M[132] : 3 5 6 6 3 4 5 5 4 3 2 4 6 3 4 2 5 5 5 0 7 5 5 3 6 4 6 5 6 3 7 3 3 8 6 6 6 6 2 5 5 4 2 4 5 6 3 4 5 5 3 8 5 3 6 6 4
M[133] : 5 5 4 6 7 6 3 4 4 3 5 0 3 5 4 4 4 2 7 5 2 6 7 4 7 4 5 5 5 3 4 6 3 4 5 6 5 3 6 4 5 4 7 5 3 1 5 2 6 6 4 4 2 4 5 4 5
M[134] : 6 3 7 5 7 3 2 4 5 4 4 6 4 3 5 1 3 3 5 6 4 7 5 5 2 3 7 4 4 4 0 5 5 7 5 4 4 4 2 4 3 2 3 4 4 4 5 3 5 5 4 2 7 5 6 4 6
M[135] : 6 5 5 6 6 5 7 0 3 2 7 5 6 3 5 1 6 5 5 3 3 3 6 5 6 5 6 4 3 7 5 5 6 5 7 3 5 6 4 8 4 5 6 7 4 4 4 6 4 4 8 6 6 5 3 4 4
M[136] : 5 4 7 5 4 4 3 1 5 4 5 5 4 4 5 3 4 4 5 5 7 5 3 2 4 4 6 3 5 4 2 3 4 4 4 3 6 5 4 6 7 2 4 6 5 2 6 5 5 4 3 3 5 0 5 5 6
M[137] : 4 3 7 5 4 6 5 3 7 4 6 5 3 5 4 5 3 5 5 4 4 4 4 2 5 5 8 4 4 7 5 9 6 4 5 7 5 4 0 7 4 2 5 4 8 4 4 6 5 7 4 2 6 3 5 5 3
M[138] : 5 1 5 3 3 2 3 6 3 4 4 6 6 5 5 3 4 6 4 6 4 6 3 6 5 0 3 6 6 4 5 3 6 7 7 4 3 6 4 4 3 4 6 4 8 6 4 4 6 5 4 4 7 6 6 5 5
M[139] : 4 2 4 5 2 4 5 5 4 4 3 5 2 0 5 6 3 3 5 5 7 6 6 3 3 6 5 5 3 6 5 4 4 3 3 5 7 3 3 4 8 4 4 3 4 4 5 7 3 2 4 3 7 7 3 2 5
M[140] : 4 4 4 6 3 6 6 4 6 7 6 5 6 3 6 4 4 5 6 3 3 3 3 4 6 4 6 5 4 5 7 6 5 6 4 6 4 3 0 6 4 6 1 5 7 4 4 6 7 5 5 4 5 3 3 5 5
M[141] : 4 3 3 5 7 4 5 5 8 5 6 4 6 6 5 4 4 4 4 7 4 5 2 5 4 7 3 6 5 6 7 5 2 6 0 6 3 4 4 4 7 5 3 5 6 3 2 5 5 4 2 4 3 6 4 4 3
M[142] : 4 6 4 5 5 5 2 6 6 5 5 7 4 5 5 4 5 5 4 7 4 1 3 6 2 5 7 2 4 7 4 5 7 4 4 0 3 5 6 5 4 3 3 5 2 2 2 6 5 7 4 4 5 5 3 6 5
M[143] : 3 4 5 6 8 0 5 4 2 4 6 4 3 4 4 4 2 5 5 5 5 4 3 6 5 5 4 4 5 5 5 3 3 5 4 5 4 1 6 4 7 1 3 5 5 4 4 5 5 2 4 4 6 4 6 4 5
M[144] : 3 4 5 6 1 2 4 4 6 7 4 3 3 7 3 3 4 4 3 3 7 8 5 3 6 4 5 2 5 3 5 6 3 5 6 4 4 5 1 2 4 6 2 7 4 2 6 3 4 4 5 0 6 4 4 4 2
M[145] : 7 2 7 5 5 5 6 7 6 6 5 4 6 6 3 0 3 2 2 6 7 2 7 4 6 5 4 7 4 5 5 7 3 4 6 5 4 4 7 3 4 3 5 3 6 4 4 6 4 2 4 3 2 4 4 4 3
M[146] : 4 3 4 6 7 3 3 5 4 2 2 6 3 5 5 4 2 4 2 6 2 3 4 4 5 5 6 4 0 5 6 5 1 4 7 5 7 5 7 6 7 4 6 5 5 3 3 4 6 7 5 4 7 5 6 3 5
M[147] : 4 2 6 5 4 5 2 6 5 6 4 5 4 7 4 5 3 3 4 7 5 6 5 2 4 3 4 2 3 6 6 1 2 6 1 5 4 2 5 5 5 4 3 9 4 4 4 0 3 7 5 5 6 2 4 3 3
M[148] : 5 5 4 5 2 7 4 4 3 3 3 5 6 3 0 3 4 3 2 2 3 8 2 5 5 4 3 4 4 3 5 6 4 5 2 3 2 4 4 4 4 4 5 5 4 6 2 6 2 5 4 2 4 4 4 6 3
M[149] : 5 3 3 2 5 4 1 6 2 3 5 4 7 5 6 5 4 5 6 3 3 5 5 4 5 5 3 4 5 0 3 4 3 7 3 6 6 4 5 4 2 2 6 5 5 4 5 3 5 6 4 5 7 2 5 6 4
M[150] : 4 3 3 3 0 6 6 5 2 3 3 6 4 5 5 4 4 5 5 3 7 4 7 6 3 3 6 5 3 3 3 6 5 6 5 3 7 4 8 4 6 4 5 3 6 2 5 3 7 3 7 3 5 4 3 4 3
M[151] : 3 5 7 6 4 5 5 2 7 2 2 5 3 6 4 4 3 4 7 4 4 6 5 4 7 4 5 4 4 3 5 2 5 3 8 5 8 4 5 5 7 7 2 1 8 3 4 4 4 7 0 3 0 3 3 4 3
M[152] : 5 4 4 5 3 5 5 4 4 5 4 2 6 6 4 5 5 5 6 4 3 6 0 2 5 6 5 6 6 6 5 3 4 6 5 6 7 5 5 1 5 2 2 7 3 3 6 3 5 7 7 6 6 4 6 4 7
M[153] : 4 6 4 6 5 1 5 5 6 4 3 6 4 4 4 2 4 3 3 6 5 0 6 3 3 3 3 2 6 1 5 5 5 3 7 4 5 3 7 6 4 4 4 5 7 4 4 4 6 5 3 5 4 4 5 4 5
M[154] : 4 5 2 5 4 3 4 7 6 3 3 6 5 5 5 3 3 5 5 4 1 3 6 4 7 3 3 4 4 4 7 5 6 5 4 5 4 5 5 6 6 0 7 4 4 5 2 5 4 3 4 3 6 4 3 4 5
M[155] : 3 5 5 4 6 4 6 6 7 5 3 2 4 4 5 4 5 3 4 4 5 6 5 4 7 6 6 5 5 5 8 5 4 5 4 5 0 4 6 6 5 4 7 6 9 5 8 5 5 2 4 5 3 3 5 5 5
M[156] : 4 6 4 5 4 6 4 4 4 3 3 3 5 4 5 4 5 3 6 3 4 7 5 5 5 7 5 3 5 3 5 7 3 2 2 6 4 3 5 5 6 4 4 3 3 5 4 5 4 7 4 2 5 0 2 5 4
M[157] : 3 5 5 2 7 5 7 0 5 5 3 4 5 5 4 3 4 5 6 4 3 5 4 1 2 4 6 3 6 5 6 7 5 5 6 5 2 3 6 7 5 5 4 6 4 4 5 5 6 3 7 3 6 4 7 4 4
M[158] : 5 6 5 3 4 4 5 6 4 2 6 5 7 7 6 4 7 5 4 4 4 5 5 3 5 4 4 5 2 4 7 4 3 3 2 3 5 5 3 7 2 2 6 3 3 4 0 5 5 6 5 3 5 4 3 5 6
M[159] : 4 3 6 5 6 7 6 4 4 6 4 5 4 8 3 5 5 3 4 4 0 6 5 3 5 8 5 3 0 4 5 4 1 2 7 7 6 3 4 4 4 5 6 3 5 5 4 2 4 5 4 3 6 2 4 2 5
M[160] : 4 4 7 4 3 6 7 5 7 5 6 5 7 4 6 5 3 5 5 5 4 6 4 5 7 5 5 5 4 6 0 3 4 7 5 5 5 6 1 5 4 5 7 3 4 4 5 2 3 4 4 5 7 5 3 4 4
M[161] : 4 4 5 0 6 6 3 7 4 8 4 8 4 3 4 2 7 3 4 5 5 3 4 4 6 3 4 3 3 3 5 5 4 4 4 3 6 5 5 4 5 6 6 5 5 1 3 4 5 4 4 5 2 5 4 4 3
M[162] : 7 3 6 4 4 5 6 4 9 4 2 3 6 6 4 4 4 6 4 4 4 4 5 3 3 8 0 4 5 3 4 3 4 3 4 4 4 5 5 6 4 4 4 5 5 4 5 4 5 3 5 5 6 3 2 2 5
M[163] : 4 4 3 4 5 4 4 4 5 4 0 3 4 3 6 5 5 4 5 5 2 6 5 5 6 2 5 5 4 3 6 4 3 6 5 5 5 5 4 3 5 2 4 4 1 5 4 4 4 4 3 1 4 3 6 5 4
M[164] : 7 1 7 5 5 5 3 4 4 5 4 7 4 7 6 0 3 2 6 5 3 1 4 5 4 4 4 5 4 5 5 5 4 1 5 4 3 5 6 3 6 3 5 3 5 5 7 3 2 4 5 3 2 2 3 4 5
M[165] : 3 0 6 3 3 5 2 4 6 5 5 5 1 7 5 4 5 1 4 5 6 7 3 4 4 5 5 2 6 4 4 4 3 2 1 3 4 6 5 4 4 2 4 5 3 6 5 4 6 4 4 3 4 7 7 4 1
M[166] : 4 6 5 3 5 4 6 4 5 3 6 5 4 6 4 3 6 4 5 8 0 5 6 8 2 4 4 6 4 2 5 2 4 4 6 4 5 3 4 4 7 5 5 8 7 6 3 4 3 4 4 7 6 4 5 5 3
M[167] : 5 5 4 1 1 5 0 4 3 7 6 4 6 4 6 3 4 2 7 5 4 4 7 3 3 5 4 4 2 3 2 5 3 6 7 5 4 5 4 5 2 5 4 4 5 4 5 4 7 1 5 4 6 3 6 6 3
M[168] : 5 2 4 4 3 5 5 5 4 5 3 6 5 4 3 5 4 5 5 5 7 6 2 3 4 6 4 3 4 7 5 3 2 1 7 5 4 7 4 6 4 3 0 4 6 3 5 5 5 2 5 0 3 4 5 6 2
M[169] : 4 4 5 1 5 7 7 7 6 3 3 4 8 3 2 5 5 3 7 7 0 3 6 2 3 5 6 4 3 8 7 7 2 5 5 4 6 6 6 5 3 5 4 6 5 3 6 7 2 4 5 4 4 6 4 5 6
M[170] : 5 4 3 5 5 4 3 4 3 4 5 2 3 3 0 3 5 2 5 7 1 6 4 3 5 4 6 5 4 3 5 5 3 5 3 5 5 3 7 5 6 4 4 6 6 7 4 6 7 4 4 4 3 3 3 6 3
M[171] : 6 5 3 6 5 6 5 0 3 3 5 2 7 4 0 3 4 2 4 5 6 3 5 3 5 5 5 4 6 4 6 6 6 3 3 4 4 6 3 7 6 1 3 4 4 1 4 4 4 6 2 2 7 3 5 4 2
M[172] : 3 6 4 3 4 7 5 1 5 5 5 0 7 6 5 5 6 6 4 2 4 3 3 3 8 4 5 5 3 5 3 3 7 6 2 5 6 4 6 3 4 4 5 3 3 5 3 5 6 5 5 5 5 3 7 4 2
M[173] : 4 6 6 6 4 4 5 4 6 7 4 5 4 5 0 5 3 6 7 1 2 4 3 6 5 4 7 4 6 5 6 3 7 5 3 7 6 3 5 4 4 5 7 2 6 6 4 4 4 5 3 4 3 5 4 5 3
M[174] : 1 5 4 3 5 7 0 4 5 6 5 3 4 5 4 2 4 7 6 6 4 7 5 4 4 7 8 5 5 7 5 4 5 4 2 2 4 3 5 6 4 2 5 2 7 3 5 3 3 4 2 2 6 5 5 4 4
M[175] : 4 4 3 7 5 5 5 3 4 0 5 7 5 2 4 3 6 4 3 6 2 5 5 2 2 2 5 4 4 3 7 4 4 4 4 7 3 5 5 6 5 4 4 6 5 3 5 5 6 4 7 3 3 2 5 4 6
M[176] : 6 4 5 2 3 3 5 5 4 3 5 4 2 5 4 5 3 5 4 6 5 7 5 4 2 7 4 5 5 0 7 5 6 5 4 3 7 5 3 6 2 3 4 6 6 4 2 4 5 4 4 4 5 5 6 3 3
M[177] : 5 2 2 3 4 8 7 5 5 7 4 5 5 2 8 5 4 4 6 5 5 6 5 3 5 3 6 3 6 4 6 5 5 5 3 7 3 5 6 3 4 3 5 1 4 4 6 3 7 0 5 1 7 5 4 4 5
M[178] : 3 3 5 3 4 7 6 6 6 5 4 3 2 4 6 4 3 3 6 5 6 1 7 6 3 3 4 5 0 6 8 5 6 7 3 5 4 2 5 5 4 6 4 4 8 4 4 4 7 3 6 3 4 5 3 5 3
M[179] : 5 4 7 8 8 5 4 0 1 5 5 5 7 5 3 3 7 4 4 4 5 6 7 5 3 5 5 2 3 4 2 6 3 4 2 5 6 3 7 5 5 4 5 6 6 5 3 6 6 4 3 2 5 5 5 5 4
M[180] : 4 2 2 5 4 5 8 6 6 7 3 4 4 4 3 3 2 3 8 5 3 6 5 4 4 3 3 1 4 3 4 2 4 4 4 6 3 5 6 3 5 2 6 7 5 2 6 4 3 7 7 5 6 4 0 1 4
M[181] : 6 4 6 3 6 3 3 5 4 5 5 4 3 4 7 5 6 5 3 3 5 5 3 3 4 0 6 5 2 7 4 6 4 5 5 5 3 5 4 4 3 6 7 5 5 7 2 4 7 6 2 4 4 5 5 4 4
M[182] : 6 3 6 5 4 8 6 4 6 6 6 3 2 5 5 2 8 5 4 5 7 4 5 5 5 0 6 3 6 4 6 3 3 3 6 8 5 5 8 7 4 2 7 6 3 2 4 6 6 5 6 4 4 3 5 2 2
M[183] : 4 6 5 6 6 3 3 7 5 6 6 8 6 4 2 3 5 6 4 0 5 3 2 5 2 3 1 4 5 6 5 3 0 6 3 3 7 3 4 2 5 4 3 4 5 4 4 7 2 1 6 4 5 4 4 5 3
M[184] : 3 2 5 6 5 5 4 4 4 5 3 8 3 7 3 5 4 2 6 3 7 4 6 3 2 7 5 0 3 4 2 5 5 2 5 5 4 4 7 6 6 2 2 5 5 4 3 4 5 1 5 3 6 1 4 7 5
M[185] : 6 4 3 4 7 8 5 3 7 4 3 4 5 3 6 1 3 4 6 6 7 5 7 2 6 6 5 0 4 3 4 5 5 4 3 4 6 5 4 2 5 3 3 1 4 2 6 7 5 4 5 4 5 3 5 6 3
M[186] : 6 3 3 6 4 4 5 0 4 3 3 4 4 6 6 3 2 4 3 8 5 4 4 1 5 5 5 3 4 1 3 6 5 6 5 5 3 5 7 8 4 4 6 5 4 3 5 6 6 7 4 2 6 4 7 7 5
M[187] : 5 6 8 5 4 4 3 5 2 4 4 3 4 2 6 4 1 7 7 2 2 5 2 4 8 6 5 4 3 3 6 2 1 6 5 0 7 5 4 4 5 4 5 4 5 3 6 7 5 9 5 3 4 2 6 3 4
M[188] : 6 4 5 5 4 0 5 2 3 3 4 6 4 2 5 5 3 2 6 7 7 6 5 4 3 6 5 6 5 3 5 4 4 2 3 6 3 5 3 3 3 3 4 4 2 5 7 5 7 7 3 2 6 4 5 5 3
M[189] : 4 3 5 5 3 4 4 3 7 6 4 4 1 4 4 4 3 3 2 4 6 8 3 3 5 6 4 5 5 5 3 4 4 4 5 4 3 4 4 4 6 5 4 5 0 1 7 6 5 5 5 2 2 3 5 4 4
M[190] : 7 3 7 3 6 5 6 7 3 6 5 6 6 4 3 4 5 4 3 4 3 5 4 3 6 6 5 6 5 7 8 4 5 7 7 2 7 2 2 6 6 4 4 4 5 5 2 5 4 3 6 3 0 3 4 6 7
M[191] : 3 3 5 2 2 2 7 4 3 7 6 5 7 4 6 4 4 4 5 4 5 2 6 0 5 3 5 5 4 5 5 8 3 6 4 5 6 4 6 5 5 2 1 5 6 3 3 6 5 3 4 4 4 4 3 4 6
M[192] : 5 6 3 4 4 7 4 1 4 5 2 7 4 6 3 2 7 4 5 5 7 4 4 2 3 3 8 2 7 1 6 6 4 6 0 7 6 7 4 4 5 4 4 5 7 5 4 6 8 6 6 3 3 3 4 3 4
M[193] : 6 3 6 5 5 5 7 5 5 5 3 6 3 5 7 4 6 2 3 5 5 6 5 5 3 5 5 6 6 5 8 4 0 3 6 3 6 3 7 3 2 4 2 6 3 5 6 6 6 4 5 3 4 4 2 3 3
M[194] : 4 3 7 5 3 8 4 6 6 7 7 4 6 3 5 3 6 4 5 4 4 4 5 5 1 2 7 4 1 6 5 7 3 5 5 5 4 7 2 5 3 6 5 5 1 7 4 7 5 3 3 7 0 3 5 3 4
M[195] : 3 5 3 2 4 3 6 4 5 6 0 7 4 4 2 5 6 2 5 3 3 4 2 5 5 6 3 2 4 5 2 5 6 5 3 8 7 6 6 6 4 3 5 5 6 2 4 5 2 2 3 2 3 4 2 7 7
M[196] : 6 4 0 5 2 0 8 4 1 3 3 4 8 5 4 6 7 4 1 6 6 3 4 5 4 5 5 4 6 3 6 8 3 4 4 5 1 5 3 2 7 2 4 7 5 4 4 5 6 6 6 4 5 7 5 2 4
M[197] : 6 3 2 7 0 7 3 8 3 4 4 5 7 3 4 3 4 1 2 5 2 3 4 3 4 7 4 5 6 6 6 6 3 5 1 5 6 5 4 3 7 4 2 3 3 3 6 6 4 5 2 4 4 3 4 5 4
M[198] : 5 5 8 2 7 4 3 7 5 4 6 1 5 8 7 5 6 4 4 4 4 4 3 5 5 5 0 7 5 2 3 3 3 5 4 6 6 4 5 3 6 2 4 5 6 3 5 3 3 4 5 4 2 5 5 6 6
M[199] : 6 5 6 7 7 3 6 6 7 6 6 4 3 4 5 3 4 4 4 6 5 6 4 3 4 2 4 3 4 4 3 5 5 5 4 6 5 4 6 3 5 4 3 3 3 3 0 3 4 5 7 3 7 2 4 5 6
M[200] : 5 4 7 6 6 7 6 3 4 6 4 7 0 5 3 5 3 5 4 6 5 6 4 5 2 2 7 6 5 5 8 3 4 6 4 5 4 4 6 5 6 5 4 6 9 7 6 7 3 6 4 4 5 5 6 5 6
M[201] : 5 6 6 0 7 2 4 5 3 5 3 3 6 6 5 6 3 3 4 4 7 6 4 5 3 4 3 4 4 2 4 4 2 5 2 4 4 5 2 4 3 6 6 4 5 4 4 2 5 4 7 4 3 3 1 4 5
M[202] : 5 4 5 5 4 4 4 6 5 8 6 5 3 4 6 4 4 2 3 4 6 5 6 4 0 5 3 5 4 4 6 2 5 3 4 5 6 5 6 7 4 3 3 3 6 6 5 3 4 5 4 5 7 4 5 4 5
M[203] : 4 1 4 6 0 5 5 7 6 4 4 6 4 7 7 1 2 4 5 4 5 0 6 3 7 6 4 4 4 8 4 3 6 6 5 2 3 5 4 5 4 5 6 5 3 4 2 5 5 5 5 6 6 4 6 6 7
M[204] : 6 6 5 3 4 5 5 6 4 4 4 6 6 5 2 3 3 5 5 4 4 6 7 3 2 6 4 4 4 5 4 7 5 6 4 6 5 7 5 4 5 3 3 4 2 3 4 6 6 5 2 3 5 4 3 4 0
M[205] : 4 4 5 3 4 5 5 3 3 3 5 2 5 4 5 5 5 5 3 4 3 5 3 3 5 6 4 3 3 7 6 3 5 6 2 4 6 4 2 3 4 4 5 5 5 0 5 7 3 5 3 5 5 3 5 2 6
M[206] : 6 3 6 7 7 6 4 5 2 6 4 7 5 6 6 7 4 5 6 2 6 5 5 5 3 6 3 4 2 5 1 0 5 6 5 8 6 4 7 8 5 3 3 5 6 3 5 3 6 3 3 7 4 4 5 3 4
M[207] : 4 4 5 6 3 6 4 5 7 5 5 4 4 6 7 2 5 2 6 6 4 4 4 5 3 5 0 4 6 6 4 5 3 5 5 3 5 3 6 4 6 3 2 6 4 3 3 5 3 7 5 3 3 5 7 7 5
M[208] : 8 5 7 4 3 5 7 7 4 5 4 4 5 3 6 2 5 1 3 3 2 0 5 2 5 5 4 4 2 8 6 4 2 4 7 5 5 6 6 2 4 4 6 3 4 3 8 4 3 4 5 5 6 5 5 6 4
M[209] : 5 7 2 3 4 4 4 6 3 5 6 4 7 4 3 4 7 5 8 5 3 4 8 2 1 3 3 7 3 3 6 4 3 6 4 4 7 3 3 4 3 4 3 5 2 5 0 3 5 6 4 7 6 5 6 5 4
M[210] : 5 5 5 5 7 5 6 4 4 3 2 4 3 5 5 5 6 4 4 6 2 5 3 5 2 0 6 6 2 6 8 5 3 4 5 2 6 2 5 5 3 4 5 2 4 2 5 4 9 5 3 5 5 2 5 5 7
M[211] : 6 3 5 5 3 7 3 3 4 4 3 4 7 4 3 5 4 4 5 6 0 6 3 1 4 6 4 7 3 4 6 5 4 5 3 6 3 2 6 3 5 3 5 5 5 4 3 3 3 2 5 3 2 3 6 6 7
M[212] : 6 5 4 5 6 5 4 5 6 6 4 0 3 5 2 3 1 4 4 5 4 5 6 5 4 7 2 3 5 4 5 4 5 5 8 3 5 5 5 6 6 4 4 4 7 5 4 5 4 5 5 3 4 6 4 6 5
M[213] : 6 3 6 5 7 2 3 4 9 6 2 5 4 3 6 4 4 1 5 1 5 4 8 6 7 7 2 1 6 2 5 7 2 6 5 5 7 4 5 4 0 5 4 3 6 7 4 4 7 2 4 5 2 1 5 6 5
M[214] : 5 1 4 4 3 3 5 7 4 5 2 5 5 6 3 2 4 4 4 4 3 5 2 6 5 6 6 4 6 4 5 2 2 2 3 4 0 2 4 4 2 3 5 2 4 5 4 4 4 6 5 4 7 3 4 4 6
M[215] : 6 4 6 6 7 1 5 2 4 5 6 4 6 3 4 5 5 5 3 6 3 3 6 3 3 6 1 4 4 6 5 3 6 5 4 6 0 3 4 4 3 3 6 6 3 4 4 8 4 3 8 4 4 6 3 3 4
M[216] : 5 3 3 3 5 2 5 6 5 5 4 3 7 5 5 3 5 2 3 6 6 3 5 4 5 5 4 2 4 3 4 5 5 0 5 5 3 4 2 7 4 4 3 5 6 3 6 2 4 4 6 5 5 2 3 3 4
M[217] : 3 3 4 2 4 0 3 5 4 7 4 5 2 6 4 2 4 5 3 4 3 5 3 4 5 6 6 2 4 4 5 3 2 5 6 3 6 4 5 5 6 4 5 6 3 6 5 4 5 5 6 2 4 2 4 4 3
M[218] : 5 5 5 6 3 3 4 3 5 6 6 5 5 4 2 6 7 5 6 5 4 3 5 0 2 7 8 4 3 4 5 3 3 3 3 5 4 5 3 6 6 2 4 4 7 3 4 5 4 3 5 4 2 4 2 4 4
M[219] : 6 5 4 8 5 6 4 2 4 6 5 2 5 4 5 4 3 5 7 5 0 7 6 3 4 4 3 4 4 1 3 3 4 5 3 4 3 3 4 3 5 4 7 4 3 3 6 3 4 2 4 3 3 5 4 6 3
M[220] : 2 4 7 6 5 7 5 1 9 5 3 5 6 4 8 5 4 4 6 6 6 6 5 6 5 5 4 4 4 4 6 9 4 6 7 5 6 4 5 0 3 3 4 5 0 4 2 6 5 4 7 5 4 4 2 5 2
M[221] : 5 4 4 6 4 4 5 4 8 6 3 4 3 4 0 3 1 2 5 5 4 4 5 4 3 9 8 2 5 6 7 7 6 4 7 4 5 5 7 2 5 3 4 7 7 7 6 1 1 4 8 2 3 3 5 7 3
M[222] : 5 4 5 6 3 5 4 4 3 5 1 7 4 5 4 2 3 1 6 5 3 3 5 4 7 3 3 2 5 7 4 5 3 5 4 7 3 3 5 5 4 6 5 4 2 5 3 4 7 3 4 3 6 0 2 4 7
M[223] : 3 3 6 8 5 5 4 6 4 9 4 7 6 4 6 6 6 4 3 5 4 5 4 3 5 3 5 3 4 3 3 2 0 8 6 4 4 3 5 6 4 5 4 3 2 3 7 6 2 7 5 6 4 2 4 4 5
M[224] : 6 3 6 3 4 5 4 5 3 5 2 6 2 4 4 4 5 2 5 7 2 5 6 4 5 6 6 3 4 5 6 8 6 4 4 6 6 4 5 4 3 7 7 4 4 2 4 3 3 3 8 5 4 5 0 3 5
M[225] : 5 2 5 6 3 3 5 4 2 6 4 3 3 5 4 4 5 5 4 5 6 6 6 2 5 5 3 2 2 4 7 5 3 6 2 4 7 5 4 7 4 7 2 3 5 4 5 5 3 4 2 3 6 4 5 2 0
M[226] : 4 4 5 6 6 2 5 6 3 4 3 7 4 3 6 6 1 4 4 6 3 3 5 3 5 4 4 5 4 4 4 7 3 0 6 5 6 2 4 5 5 6 7 5 7 4 4 4 3 7 5 3 5 6 1 3 4
M[227] : 5 6 0 8 3 4 4 6 6 6 6 2 6 4 5 4 4 3 4 6 4 8 4 4 8 5 6 2 3 4 2 5 6 4 3 6 5 2 4 7 6 5 3 6 4 4 4 5 4 3 4 3 4 4 7 4 5
M[228] : 4 5 5 4 5 1 3 3 4 4 3 5 5 4 4 3 5 3 5 2 0 2 8 1 4 4 5 3 4 7 5 5 3 3 4 7 5 4 5 5 7 2 0 6 2 5 1 5 2 4 4 4 6 3 6 5 3
M[229] : 4 3 5 4 5 6 4 2 5 6 4 7 5 8 4 5 4 3 6 5 3 5 6 5 4 3 4 3 4 4 2 3 4 7 5 5 6 6 6 7 7 6 4 6 3 0 3 7 6 4 8 3 4 4 3 6 3
M[230] : 4 1 3 6 6 3 3 4 4 5 3 6 5 2 4 4 7 5 5 6 5 6 4 4 6 6 6 4 4 4 5 5 4 6 6 7 4 5 4 4 3 4 4 7 0 3 2 3 3 4 4 3 6 3 7 5 4
M[231] : 4 3 4 3 4 5 5 6 3 6 1 5 7 5 5 5 3 4 3 4 6 5 0 4 4 2 6 8 3 4 6 3 5 3 3 2 7 4 4 6 5 4 6 6 5 5 7 5 5 3 5 2 6 6 3 4 3
M[232] : 3 4 4 4 4 7 4 3 3 5 2 4 3 3 4 5 6 5 4 6 4 5 5 3 6 6 4 4 0 3 4 5 5 7 3 5 6 4 4 2 3 4 6 5 3 4 4 3 4 5 6 2 6 2 2 3 5
M[233] : 7 3 4 5 3 4 6 4 3 6 1 2 6 6 4 5 4 5 7 4 6 5 2 3 6 5 4 5 5 3 5 5 4 7 2 5 4 6 4 4 6 0 6 5 3 5 4 5 5 4 7 4 6 6 5 7 5
M[234] : 5 4 7 1 8 4 4 5 6 5 2 3 6 4 4 5 4 4 6 8 4 2 4 4 1 5 3 5 3 4 5 4 4 4 6 6 6 4 2 4 2 3 6 7 0 4 6 5 3 1 6 6 4 5 4 6 4
M[235] : 3 4 8 2 7 4 6 5 5 7 5 5 5 4 4 5 3 3 6 2 5 6 6 4 7 5 4 3 6 5 4 0 2 3 7 4 5 4 6 4 7 2 3 5 8 5 4 2 5 6 6 6 3 5 5 5 3
M[236] : 3 6 3 3 3 5 3 2 3 6 2 1 4 4 6 2 4 4 4 6 4 3 6 2 5 4 4 4 4 5 4 6 1 4 5 2 6 6 2 6 6 5 4 3 3 3 5 5 5 4 4 0 2 2 7 3 2
M[237] : 4 5 8 4 5 7 4 4 5 7 6 7 6 6 6 4 4 3 3 7 6 5 6 2 3 6 4 3 5 3 5 8 4 5 5 0 7 3 5 5 4 2 7 8 6 2 4 6 4 4 5 5 4 4 6 5 5
M[238] : 5 3 3 2 6 4 5 7 4 6 6 4 5 4 3 2 4 5 5 6 5 7 0 3 4 5 3 4 4 6 5 7 3 6 2 4 4 5 3 6 6 4 4 6 5 4 4 7 5 3 4 3 4 3 1 4 5
M[239] : 6 3 4 5 3 4 4 5 3 1 2 5 5 4 5 3 5 7 4 4 6 7 4 7 7 3 4 4 1 4 3 4 4 7 5 5 6 2 6 5 5 6 4 5 3 4 2 0 4 6 5 3 3 4 2 8 4
M[240] : 3 4 3 5 7 4 4 5 5 6 4 4 5 6 7 3 4 3 5 5 3 6 5 6 6 3 3 3 6 6 5 5 6 1 4 5 7 5 2 7 4 6 4 4 3 3 7 3 3 3 0 3 4 7 6 6 4
M[241] : 3 5 3 2 5 3 2 3 3 2 4 2 3 4 5 6 4 6 4 5 4 3 6 4 7 4 4 2 4 3 4 3 5 5 5 5 3 4 6 5 0 4 4 4 4 2 4 3 5 5 3 4 2 4 3 4 5
M[242] : 3 2 5 3 2 3 7 3 0 3 5 5 5 7 5 6 5 2 5 2 6 7 4 6 5 4 6 5 3 0 6 4 5 7 2 3 4 3 4 5 6 5 3 5 6 7 2 4 5 6 6 3 5 4 3 5 6
M[243] : 7 6 4 4 4 0 6 4 4 3 3 2 5 6 7 4 1 3 4 6 6 4 4 4 5 5 7 6 6 5 3 5 3 4 5 5 5 3 7 5 2 2 5 5 3 5 4 8 7 3 4 2 7 5 6 5 5
M[244] : 4 6 3 3 5 7 4 5 5 4 5 2 5 5 4 5 4 6 6 5 5 5 6 6 6 0 4 4 6 4 6 5 3 2 6 4 5 3 4 4 6 5 1 6 4 2 4 4 5 4 4 1 2 7 5 5 6
M[245] : 5 3 4 5 4 5 5 7 5 3 7 5 7 2 5 4 3 2 5 4 4 3 5 4 5 9 4 5 5 3 4 5 3 6 5 6 5 2 6 0 4 3 5 6 6 3 4 6 4 1 5 2 8 4 7 5 4
M[246] : 4 5 5 3 3 6 5 7 3 5 3 3 5 6 7 5 6 3 5 0 6 3 6 4 2 5 5 5 3 5 4 5 5 4 4 4 3 4 7 3 4 5 7 8 9 6 4 4 3 5 5 4 3 7 4 4 7
M[247] : 5 3 6 4 5 3 3 5 7 5 3 7 7 6 7 5 5 3 3 3 5 6 4 6 3 3 5 3 4 6 3 5 4 0 4 6 4 5 6 5 5 6 3 5 4 4 5 5 4 6 6 4 6 3 4 5 5
M[248] : 5 4 2 4 5 5 6 2 5 0 5 7 4 7 5 5 3 1 8 4 5 5 6 4 6 4 4 4 5 4 5 4 5 5 6 5 4 3 5 3 5 7 6 3 5 5 4 3 6 4 3 8 3 5 4 4 7
M[249] : 5 3 1 5 4 7 5 5 3 5 4 4 4 3 4 7 6 1 3 3 6 4 6 5 6 4 4 4 5 5 3 3 2 4 4 6 3 3 5 4 3 4 5 0 6 5 3 3 6 5 6 6 3 3 4 5 6
M[250] : 4 4 4 6 6 4 0 7 5 6 4 4 7 3 1 4 5 5 5 4 4 5 6 4 5 5 5 6 5 5 6 2 5 7 5 3 5 3 7 5 5 5 6 4 4 2 7 4 7 4 5 4 5 5 4 5 7
M[251] : 5 4 5 5 4 4 5 7 8 5 2 2 5 4 2 3 4 2 6 5 3 4 5 4 7 7 5 4 2 5 2 5 4 2 7 7 4 6 6 4 4 2 5 3 5 2 0 3 6 5 4 3 4 5 4 4 6
M[252] : 5 6 0 4 2 3 3 4 4 6 4 9 6 5 4 2 6 7 4 4 7 7 3 4 5 4 4 2 3 4 4 3 5 6 5 5 3 4 2 6 2 2 5 3 5 2 3 4 2 3 4 5 4 3 6 3 4
M[253] : 3 2 5 6 6 4 3 5 4 2 4 6 4 5 6 2 4 8 4 5 5 3 6 5 4 5 4 0 4 5 6 3 1 7 5 4 3 7 4 6 3 8 4 7 6 3 3 5 3 4 6 5 4 3 3 6 6
M[254] : 2 3 3 4 3 2 5 5 2 4 6 6 4 7 3 5 0 4 3 2 6 3 3 3 3 8 5 3 4 4 2 6 5 5 5 3 1 3 5 3 6 2 6 6 6 6 5 5 6 6 6 6 4 4 1 4 5
M[255] : 7 3 3 2 6 0 4 6 7 7 5 8 2 5 6 6 6 4 5 6 5 4 4 7 5 3 5 6 3 2 6 3 6 4 5 6 3 4 1 5 3 5 7 3 6 4 5 6 5 3 6 5 6 5 4 5 5
M[256] : 5 6 6 6 3 8 5 5 2 3 4 4 7 5 4 4 4 3 5 3 5 6 7 4 0 6 3 2 4 2 4 3 4 5 5 4 6 5 5 9 5 5 3 3 4 4 6 6 6 6 5 3 5 4 5 4 6
M[257] : 1 3 5 3 4 5 4 7 5 6 5 6 2 4 5 3 5 1 4 4 2 6 6 4 5 2 5 1 4 5 4 2 6 5 7 6 3 3 0 8 6 4 5 3 4 6 6 5 5 6 3 3 5 5 5 4 7
M[258] : 6 4 7 5 7 3 5 6 5 3 1 4 4 6 3 2 6 3 4 5 5 4 7 2 5 4 4 6 6 6 6 7 6 6 7 4 7 6 1 4 3 3 4 3 5 3 7 2 4 6 0 4 2 5 6 5 4
M[259] : 3 3 4 4 5 2 6 0 6 5 3 5 4 5 6 3 6 5 5 7 4 5 7 5 6 1 5 3 2 6 3 2 3 3 6 4 4 5 5 6 4 5 6 3 3 4 3 5 5 5 4 3 4 2 2 1 4
M[260] : 6 5 5 5 3 4 5 4 6 3 6 4 3 4 4 6 0 5 3 5 5 4 5 7 5 3 4 6 2 4 4 7 5 4 7 4 6 2 3 6 5 3 6 6 3 5 7 4 5 6 4 6 8 2 3 3 4
M[261] : 7 4 4 3 3 3 4 5 5 6 6 4 6 4 5 2 5 5 4 5 5 7 5 3 1 3 6 3 6 5 2 4 6 5 5 5 6 2 5 8 3 3 5 0 3 5 6 7 2 4 2 7 3 5 3 7 3
M[262] : 7 2 4 4 6 4 4 6 4 5 5 3 6 2 4 4 3 4 5 8 7 2 9 4 4 4 5 6 5 5 4 5 6 3 3 7 5 4 5 3 3 4 6 0 2 5 4 6 4 4 4 5 6 4 3 6 3
M[263] : 6 2 5 2 5 5 7 6 4 4 3 5 4 3 4 3 4 2 4 4 3 4 5 2 5 5 6 4 1 6 4 5 4 4 4 5 4 4 2 3 5 4 4 3 3 4 7 5 0 4 6 3 6 3 3 5 5
M[264] : 2 5 4 4 7 4 5 5 3 4 4 5 0 5 5 5 5 6 5 6 6 5 5 4 4 5 4 5 2 6 5 4 6 7 2 8 3 5 4 3 3 3 4 5 6 5 6 5 5 3 6 3 3 5 3 4 5
M[265] : 8 5 4 4 6 3 4 4 6 2 3 4 6 5 7 2 3 3 4 6 5 0 3 1 2 4 9 4 7 5 4 7 3 6 3 3 4 5 3 5 2 4 6 6 4 5 5 7 5 1 6 6 4 6 6 2 3
M[266] : 5 3 3 2 4 5 5 4 0 6 3 7 3 5 5 4 2 3 6 7 5 5 4 5 6 5 6 5 5 5 8 4 4 6 4 3 4 6 4 6 5 2 7 4 8 7 7 3 5 4 5 4 4 5 2 6 1
M[267] : 5 3 4 5 9 5 6 3 7 5 4 6 4 4 5 4 7 6 3 4 3 3 5 4 0 5 5 5 4 3 5 6 4 2 3 6 3 4 3 5 4 2 4 3 5 5 3 7 4 6 5 6 3 2 3 5 3
M[268] : 5 2 2 5 4 4 5 2 5 3 4 4 7 4 5 2 5 5 5 6 6 2 4 4 4 5 4 4 3 5 3 6 4 5 4 6 5 3 5 5 5 0 7 6 3 4 5 6 7 3 5 1 4 2 5 2 7
M[269] : 2 7 4 1 0 4 6 7 3 5 4 6 8 8 3 2 4 2 5 6 4 3 8 2 5 6 4 6 6 6 5 6 4 4 4 7 5 4 4 4 7 3 5 3 6 5 4 6 4 5 5 2 3 6 2 4 4
M[270] : 4 4 5 6 3 4 5 4 2 6 6 4 8 7 5 2 5 4 4 5 4 7 7 3 4 4 5 5 3 3 5 5 5 6 6 6 8 2 5 4 5 4 4 5 0 3 4 3 5 3 5 1 4 3 5 5 2
M[271] : 5 4 5 6 5 5 5 7 5 3 4 5 3 4 4 5 4 2 4 0 7 4 3 3 6 3 6 4 7 5 1 5 4 3 6 4 6 5 6 5 6 3 4 2 5 4 4 4 2 7 4 4 5 4 4 3 4
M[272] : 7 4 5 3 5 6 8 4 9 6 5 5 6 2 3 3 5 4 3 0 5 6 6 2 2 3 4 5 4 5 3 4 5 6 4 7 4 5 2 3 3 5 4 5 4 4 5 3 7 5 3 5 5 3 5 4 6
M[273] : 3 1 6 4 4 3 5 4 4 4 5 3 6 4 4 4 5 4 5 7 5 5 5 4 5 3 3 5 5 8 4 6 3 4 7 0 5 3 3 8 7 4 5 6 4 5 7 2 4 6 6 2 4 3 6 4 7
M[274] : 5 1 6 5 7 7 2 3 4 4 3 4 6 2 3 3 5 3 6 4 6 4 3 2 6 3 5 5 7 5 5 5 5 4 6 6 8 3 5 6 4 2 5 8 4 3 8 6 6 0 3 7 4 3 5 6 3
M[275] : 5 4 5 5 3 6 0 6 5 4 4 4 4 5 4 4 4 3 2 6 4 4 5 5 4 5 2 3 4 2 4 5 3 4 4 3 2 4 5 7 4 4 4 7 0 5 6 7 4 5 5 3 3 5 5 5 3
M[276] : 7 5 4 4 2 3 4 3 5 5 6 2 2 7 3 3 5 4 7 4 7 3 8 6 3 4 6 3 5 1 2 3 3 6 2 8 2 7 4 5 0 2 8 2 2 4 4 7 4 3 5 3 3 5 6 6 4
M[277] : 8 5 6 3 7 3 7 3 6 5 3 3 3 4 6 3 6 4 7 6 4 3 3 2 8 5 7 3 7 5 8 5 6 2 5 6 5 0 6 5 4 4 6 3 4 5 6 3 5 3 7 4 2 2 5 3 4
M[278] : 3 2 4 4 7 4 6 4 3 3 2 6 4 3 3 6 5 6 3 4 3 3 2 5 8 5 4 6 3 4 6 5 3 7 0 4 6 5 4 5 5 4 4 5 5 3 6 5 7 6 4 2 4 4 3 2 2
M[279] : 5 7 4 6 5 6 6 2 6 3 4 3 4 6 2 6 4 3 3 4 5 7 7 4 7 3 3 3 2 3 2 4 4 5 4 4 4 4 3 7 5 4 4 4 6 6 0 4 3 4 5 3 6 5 5 3 4
M[280] : 5 4 4 2 6 5 4 5 4 4 0 4 2 6 5 7 5 4 3 4 6 3 4 5 6 6 6 5 4 2 5 5 4 4 4 3 1 1 6 5 5 4 3 5 5 1 7 3 6 3 6 4 6 5 4 6 7
M[281] : 6 4 5 5 3 5 5 6 3 0 3 1 3 9 5 6 4 6 6 6 3 5 2 6 5 2 4 5 5 5 6 7 4 3 5 5 3 5 4 4 5 4 3 3 6 4 4 4 5 7 3 4 4 7 4 5 5
M[282] : 3 3 5 7 0 3 6 8 5 3 4 3 8 5 3 3 4 5 3 2 4 3 5 5 2 5 6 5 2 3 6 5 4 3 4 5 8 4 3 4 3 6 5 4 4 4 3 3 3 6 7 4 5 2 7 2 3
M[283] : 6 6 5 5 8 3 5 6 4 5 3 1 0 8 3 7 3 4 4 5 6 7 7 6 3 3 4 5 3 4 6 6 4 2 6 5 5 5 3 4 4 3 7 6 2 4 4 6 4 6 5 4 5 8 3 5 6
M[284] : 5 5 4 4 7 3 4 5 5 6 1 4 6 5 1 7 6 5 5 6 5 5 0 7 3 4 5 3 3 3 5 4 4 4 4 5 3 0 3 2 6 5 3 6 5 3 5 2 3 6 6 4 4 3 4 6 7
M[285] : 2 5 3 2 6 4 4 7 5 4 4 5 6 5 4 6 6 2 2 5 0 3 5 4 7 7 5 5 3 5 6 4 6 3 3 5 5 2 5 5 5 5 1 6 5 5 3 5 8 6 6 1 7 3 2 2 4
M[286] : 6 4 6 5 5 3 5 4 4 8 5 6 5 4 5 3 6 1 4 5 4 4 5 6 4 2 6 5 5 6 5 2 3 6 5 4 5 4 7 2 4 6 3 2 4 5 4 6 7 4 4 4 5 4 3 4 0
M[287] : 6 5 4 6 4 5 5 5 5 5 2 4 5 4 5 3 4 8 4 5 6 3 6 3 4 4 4 4 4 3 4 5 4 4 4 3 6 6 2 4 5 4 7 5 4 3 6 7 4 4 0 6 5 3 6 4 4
M[288] : 0 3 2 5 4 5 4 5 5 3 4 5 4 6 5 6 7 3 6 2 5 7 3 6 7 4 6 0 1 6 5 3 3 2 2 6 7 6 3 5 6 2 4 7 4 4 5 7 4 5 6 5 4 4 5 7 4
M[289] : 6 3 3 6 4 3 6 3 2 5 4 4 5 3 5 5 4 0 2 1 3 3 5 6 5 4 6 6 4 1 6 6 5 4 4 6 7 3 5 5 4 7 5 4 1 4 4 7 2 5 6 4 5 6 4 5 5
M[290] : 5 4 5 6 5 5 4 2 2 5 6 2 3 3 6 0 7 5 5 4 5 1 5 4 4 4 4 4 3 7 6 4 4 6 4 2 5 6 5 1 4 3 5 8 4 4 3 4 6 5 1 5 5 4 5 3 4
M[291] : 7 2 4 5 5 4 6 2 7 6 2 7 6 4 5 0 5 6 3 5 7 0 6 4 5 4 2 4 2 7 6 6 1 6 6 5 5 4 3 6 6 2 2 6 5 1 8 5 7 4 5 3 4 3 2 6 5
M[292] : 2 5 3 4 2 3 8 0 2 6 4 0 2 5 4 5 7 4 2 7 4 5 6 5 3 6 5 4 3 4 2 4 3 6 1 4 2 4 4 7 5 5 2 4 4 4 7 4 4 2 4 3 6 5 3 6 5
M[293] : 5 6 6 5 4 4 5 5 7 3 4 6 5 5 6 2 2 2 2 5 4 4 4 5 2 6 3 3 3 3 6 4 4 6 5 3 4 3 5 5 6 4 5 5 3 3 4 5 4 6 8 5 2 0 4 5 4
M[294] : 3 4 4 4 4 4 6 7 4 5 5 6 5 5 5 4 4 5 2 4 6 2 5 4 5 5 5 1 4 3 0 1 5 2 5 4 7 4 2 6 7 6 1 4 6 3 5 5 3 4 7 7 6 2 6 2 6
M[295] : 5 3 6 2 4 5 8 5 7 0 5 5 5 4 3 5 2 3 3 0 4 4 5 6 6 4 4 2 6 4 7 8 6 3 8 4 3 5 5 3 5 3 5 6 6 6 4 4 7 5 4 4 4 1 4 6 5
M[296] : 3 5 6 5 5 8 6 4 5 4 3 5 5 5 4 4 7 3 5 5 2 6 6 3 3 9 5 4 4 5 7 3 4 6 4 5 2 3 4 5 3 6 2 6 5 4 0 6 2 6 7 5 5 5 1 6 4
M[297] : 6 3 7 6 5 3 3 6 4 5 2 3 2 4 4 4 0 6 3 4 6 4 4 5 5 5 3 6 5 6 5 6 6 6 2 3 5 5 4 4 6 5 5 6 5 3 3 6 8 7 3 6 6 4 7 5 4
M[298] : 3 6 8 3 4 4 3 5 4 5 5 5 1 1 2 6 5 5 7 5 3 5 4 2 3 6 4 3 3 3 3 7 5 5 0 5 5 2 6 3 3 2 7 4 7 6 5 3 6 3 6 4 5 7 5 5 5
M[299] : 5 3 1 5 4 5 5 4 4 3 2 5 4 6 5 4 7 2 7 4 3 6 2 3 5 3 4 4 4 4 4 6 6 4 0 5 3 4 5 4 6 3 7 5 4 3 4 2 6 5 5 5 7 3 6 6 5
M[300] : 3 2 0 5 5 5 7 4 4 5 4 3 5 3 8 5 6 4 6 3 6 4 3 4 6 6 3 5 4 4 5 5 7 5 6 6 5 6 7 6 6 3 3 7 4 4 7 5 4 3 5 3 5 6 3 6 6
M[301] : 5 5 5 6 5 3 6 6 4 4 5 6 5 4 6 4 3 4 4 3 5 8 6 3 6 4 3 5 5 3 4 5 3 3 3 0 5 4 5 4 6 3 6 4 5 7 6 6 7 7 5 2 4 5 6 5 8
M[302] : 5 5 6 5 5 5 3 3 0 3 6 6 6 1 8 4 5 3 5 2 3 6 3 4 3 5 4 3 5 1 7 3 4 3 5 1 6 4 7 3 5 5 5 6 3 5 6 6 4 5 5 4 4 4 5 8 5
M[303] : 4 6 0 5 4 4 3 4 3 2 5 4 3 2 3 4 7 2 3 3 3 2 5 5 5 8 3 6 5 6 7 4 6 4 3 7 5 3 3 5 3 2 6 3 6 6 5 5 4 3 4 5 9 6 4 7 2
M[304] : 5 1 6 4 7 4 3 4 4 3 2 4 2 4 5 2 2 2 4 6 4 4 3 6 5 5 6 3 5 7 3 2 7 2 1 4 9 3 4 6 6 3 3 5 5 5 3 0 7 4 4 2 6 5 5 4 5
M[305] : 4 6 3 4 3 6 4 5 6 3 3 4 4 7 8 3 3 3 3 2 6 5 4 4 4 6 4 2 5 4 3 4 5 4 4 6 2 4 4 3 4 7 0 4 6 6 5 5 4 4 3 5 4 6 6 3 2
M[306] : 6 6 0 5 5 5 3 2 5 3 3 4 3 6 2 6 5 4 6 5 5 5 3 4 5 3 5 2 4 3 6 7 3 5 6 5 5 5 3 4 5 3 6 5 5 3 4 2 4 7 4 5 5 6 6 5 5
M[307] : 0 1 3 5 6 4 4 4 7 2 3 5 6 1 6 4 3 6 7 4 5 7 5 2 6 6 4 3 6 7 6 5 4 3 4 4 5 4 6 6 8 4 3 4 3 6 3 2 5 4 4 5 4 4 3 8 3
M[308] : 5 4 6 4 4 7 4 5 6 1 4 2 4 6 5 5 5 2 5 5 5 6 5 6 3 5 7 2 4 6 4 6 3 4 6 4 7 3 4 4 3 6 0 2 2 4 4 2 4 4 3 3 5 4 3 4 6
M[309] : 7 3 5 2 3 2 4 6 4 5 5 3 4 4 4 2 5 3 5 4 5 8 5 3 6 4 7 3 2 4 6 6 4 4 5 4 2 3 7 0 5 3 4 6 3 5 6 5 3 8 6 5 1 5 5 6 5
M[310] : 2 6 6 4 5 0 5 5 5 6 6 7 5 5 6 1 7 3 7 5 5 2 4 4 3 6 6 3 4 7 4 3 4 3 6 6 5 3 5 5 4 2 5 4 5 5 3 1 6 4 4 4 2 6 2 2 5
M[311] : 6 4 5 2 6 5 4 7 3 6 7 4 5 7 3 5 4 7 5 6 7 4 6 5 2 3 4 2 3 0 4 2 2 4 6 6 4 3 4 4 5 3 4 5 6 6 6 2 3 1 3 4 6 5 1 4 5
M[312] : 5 3 7 5 4 8 5 4 4 6 5 4 7 7 3 2 5 5 6 4 6 4 6 0 4 7 5 1 2 4 6 4 4 2 5 2 5 2 6 7 3 4 2 6 5 4 8 4 2 3 2 3 7 2 7 3 6
M[313] : 6 3 5 5 6 2 3 4 5 7 6 3 4 4 5 6 5 3 6 4 4 5 4 3 4 3 2 5 4 0 7 6 2 6 1 5 5 3 5 2 5 3 5 5 5 2 3 5 4 6 4 6 6 1 7 6 5
M[314] : 4 3 4 6 5 5 7 3 8 4 5 0 6 4 1 4 5 3 4 8 4 5 5 6 4 3 2 4 6 3 5 6 7 3 7 5 6 4 5 5 6 1 3 4 6 5 6 5 5 5 4 5 3 5 5 4 6
M[315] : 4 2 6 4 5 4 2 7 4 5 3 2 0 4 5 4 5 3 5 6 6 5 8 5 6 5 5 2 3 6 4 3 6 5 4 2 4 3 5 3 3 4 6 5 6 2 5 5 5 2 3 4 4 3 2 5 5
M[316] : 6 5 6 5 5 6 5 9 1 4 4 4 6 3 3 3 4 4 6 7 8 6 5 6 3 6 3 3 3 4 6 3 2 6 4 1 4 3 7 3 4 5 3 5 7 6 2 5 3 5 5 5 0 6 5 3 3
M[317] : 5 4 4 5 7 6 4 6 3 3 4 0 5 6 2 2 5 3 4 4 4 6 3 4 3 2 3 4 4 2 2 2 5 6 5 4 3 1 6 4 5 5 5 4 4 4 5 4 5 6 5 4 4 5 4 6 5
M[318] : 3 4 4 4 6 5 0 8 4 7 3 6 4 4 3 2 5 4 5 7 4 2 5 4 4 3 6 4 5 5 7 3 4 1 4 8 6 5 4 3 3 4 5 3 4 4 4 0 6 5 3 2 3 1 7 3 3
M[319] : 4 4 4 2 7 2 4 5 7 4 3 4 5 3 3 3 5 6 4 3 5 3 6 3 5 6 4 5 3 3 3 7 5 3 3 5 4 4 7 5 4 4 3 6 3 3 3 6 4 5 6 2 0 4 5 0 4
M[320] : 4 6 6 4 5 2 2 2 2 4 2 6 4 2 6 6 3 2 5 2 3 5 4 3 0 5 6 5 3 5 4 5 2 6 4 5 4 4 6 7 4 7 5 5 6 3 4 4 3 6 6 6 4 6 4 4 3
M[321] : 5 5 4 4 4 3 6 6 4 4 3 4 4 5 5 5 5 4 6 4 7 5 7 5 4 6 7 5 2 4 4 5 5 4 4 5 4 3 0 6 6 3 4 5 3 5 3 4 4 5 4 5 3 5 3 4 7
M[322] : 5 7 5 3 4 5 3 5 6 3 3 6 4 0 0 6 4 5 9 8 4 6 4 4 5 4 5 6 4 5 6 6 4 6 6 4 3 4 5 6 4 3 5 4 4 5 7 5 5 4 4 5 7 5 2 3 5
M[323] : 6 6 6 5 3 5 4 3 2 4 6 5 3 5 5 2 4 5 7 5 0 4 6 6 4 6 6 7 5 5 5 6 4 3 4 5 6 4 6 4 5 4 5 5 4 5 3 5 4 5 3 4 4 3 4 5 4
M[324] : 4 4 4 0 5 3 2 5 4 6 6 5 2 3 6 1 4 5 5 5 4 3 2 2 3 5 3 5 4 4 3 7 2 3 6 6 3 5 5 4 4 3 4 7 5 5 6 5 2 3 7 3 5 5 5 3 0
M[325] : 3 3 3 2 8 7 3 5 4 9 4 3 7 7 4 3 6 5 7 4 3 4 6 2 4 5 6 4 4 5 5 7 3 5 8 0 3 7 7 6 6 6 5 3 5 3 3 3 5 5 7 3 4 4 4 8 4
M[326] : 0 5 4 3 1 4 3 1 5 7 3 3 5 5 5 6 4 5 4 7 2 2 4 6 5 5 7 3 4 6 4 7 2 6 5 3 5 4 3 7 4 4 7 4 5 3 6 3 3 5 3 4 7 6 6 4 4
M[327] : 5 4 4 5 4 1 4 1 5 4 6 8 6 3 4 5 6 2 5 5 5 4 0 5 4 3 6 4 6 6 3 6 5 5 7 5 6 4 5 4 5 4 5 7 4 2 7 3 2 6 6 4 3 1 6 4 4
M[328] : 6 3 5 3 8 3 4 4 5 4 2 3 5 7 6 3 4 7 7 4 5 6 4 6 4 7 6 5 6 4 0 4 5 5 4 6 3 4 3 5 2 5 5 5 5 4 6 6 4 3 6 4 5 4 7 5 4
M[329] : 6 4 6 3 7 7 3 6 4 6 4 5 5 1 6 4 4 7 7 5 6 4 3 5 3 3 7 6 4 4 3 4 7 3 6 4 5 2 5 6 3 6 5 5 7 5 2 0 2 4 5 6 2 3 3 3 8
M[330] : 7 7 7 4 3 4 2 3 6 4 3 5 7 6 5 3 0 7 0 4 4 3 6 5 4 3 6 5 6 4 6 3 3 3 5 4 4 7 5 4 2 4 4 3 4 3 3 4 5 3 3 4 2 6 5 2 4
M[331] : 3 5 6 4 5 6 4 7 6 5 6 4 5 5 5 3 4 5 6 5 5 8 2 2 5 7 5 4 5 3 4 4 3 4 5 4 4 3 5 3 5 6 5 5 4 4 3 4 0 4 3 5 2 5 4 4 0
M[332] : 5 1 4 6 4 5 6 7 5 5 5 4 4 4 6 4 6 4 2 3 3 5 4 1 7 7 5 2 6 6 4 8 2 3 4 7 4 1 5 4 7 5 4 7 4 3 6 4 4 5 6 2 5 7 4 1 0
M[333] : 2 3 4 5 5 4 5 3 3 4 4 5 4 4 6 3 4 3 4 6 1 6 5 4 5 4 3 4 2 5 5 3 4 3 2 4 5 3 0 4 6 4 2 8 6 1 3 2 6 6 6 0 5 4 2 5 2
M[334] : 5 5 0 7 5 8 5 7 5 4 5 0 6 2 4 5 4 3 4 2 3 5 3 3 5 4 6 3 5 6 4 6 3 7 4 6 5 4 2 4 3 1 7 4 5 5 6 5 5 4 3 3 7 3 2 4 5
M[335] : 4 4 3 6 4 5 3 6 3 4 4 4 8 8 5 4 5 5 6 3 6 4 4 4 5 5 7 6 6 8 7 5 6 5 4 3 4 7 6 4 1 1 4 6 5 5 7 5 2 4 6 6 0 4 6 6 5
M[336] : 6 3 4 3 5 3 4 3 6 4 4 2 5 4 4 4 5 6 3 4 5 3 7 2 4 4 6 0 2 5 4 3 5 6 4 5 5 5 2 4 2 4 7 5 8 4 6 2 5 7 7 3 4 4 3 4 4
M[337] : 4 3 4 5 2 2 4 4 5 6 6 4 5 5 4 4 6 1 7 5 4 4 6 4 5 7 4 3 3 4 3 3 5 7 4 5 2 5 6 6 6 3 4 6 6 5 5 4 0 5 3 6 4 5 3 6 7
M[338] : 5 3 3 4 5 6 3 3 2 6 6 3 7 0 3 3 4 3 5 4 5 6 3 5 2 4 5 5 7 4 4 4 2 5 3 4 5 5 5 5 3 4 4 5 8 4 5 3 6 6 4 5 5 6 2 4 7
M[339] : 5 4 5 6 4 1 4 5 4 5 0 1 8 6 7 2 5 5 4 5 3 4 5 3 4 7 1 5 4 7 3 0 5 3 5 5 7 2 4 3 4 2 5 3 4 5 2 6 5 3 6 5 5 4 7 4 7
M[340] : 4 3 3 6 5 3 3 2 3 4 5 7 0 6 5 2 3 7 6 4 4 6 4 6 5 5 4 1 3 6 4 4 3 3 4 7 4 3 3 1 3 7 6 4 7 3 6 2 5 4 3 4 6 3 3 6 5
M[341] : 7 4 5 4 4 4 0 7 6 7 5 6 6 6 3 5 5 4 7 3 7 4 5 5 5 4 4 5 2 5 7 4 6 5 6 4 4 3 4 4 3 4 5 3 7 5 3 3 6 5 4 3 4 1 5 2 5
M[342] : 3 5 5 2 4 3 2 6 3 4 4 3 6 5 4 2 5 6 6 6 4 7 4 3 3 2 3 4 2 7 8 6 0 3 2 4 4 4 7 7 7 4 3 5 8 7 4 5 7 6 7 3 2 5 5 3 3
M[343] : 3 1 6 4 3 6 7 4 3 0 6 6 6 2 4 6 4 4 7 4 4 6 7 4 3 8 5 4 5 5 3 3 5 6 3 4 5 4 5 6 4 2 5 4 3 4 5 6 7 5 4 6 5 3 9 3 6
M[344] : 7 5 4 4 5 4 5 3 4 5 2 9 6 5 5 4 4 3 4 4 5 5 4 2 7 4 3 5 2 7 3 7 2 3 3 7 4 4 5 3 5 2 4 4 4 4 4 6 4 5 4 0 6 2 4 6 4
M[345] : 5 7 4 5 7 7 5 5 3 8 5 4 4 2 5 4 3 5 5 6 4 5 4 3 7 6 4 2 3 3 4 5 6 5 5 4 7 3 4 6 3 5 4 3 4 5 3 0 4 3 4 2 5 5 2 3 5
M[346] : 6 3 2 4 8 4 4 6 4 5 5 3 2 4 4 3 6 4 2 6 3 3 6 2 4 3 3 3 4 3 5 0 3 6 6 5 0 3 5 3 6 3 8 5 5 3 3 4 4 5 3 1 3 3 5 4 4
M[347] : 5 1 7 3 5 6 3 5 5 7 5 7 7 1 3 4 4 5 7 6 5 4 5 4 6 4 4 6 5 3 1 5 3 6 7 5 8 2 4 4 3 5 0 2 5 4 6 4 5 4 5 1 5 3 5 4 1
M[348] : 5 4 5 2 6 3 6 5 4 5 5 4 6 5 5 3 3 4 0 6 6 2 4 4 3 5 7 4 3 5 6 7 5 2 4 6 4 1 1 4 4 7 5 5 6 5 5 7 7 4 5 4 6 3 4 5 7
M[349] : 2 5 3 5 4 4 3 4 4 7 3 6 5 7 6 5 2 6 6 0 4 7 7 6 1 5 2 7 3 6 3 3 4 2 7 4 7 3 5 4 5 3 4 4 7 6 5 3 5 2 4 7 6 1 6 8 5
M[350] : 4 4 4 4 5 1 4 4 5 3 2 6 3 4 6 5 5 5 1 5 5 6 5 3 5 5 5 3 5 3 4 6 4 4 5 5 3 4 5 4 4 5 4 5 2 4 6 4 3 2 5 3 0 3 6 6 6
M[351] : 5 4 6 5 3 2 4 4 3 2 6 6 5 4 4 2 4 4 3 3 4 5 5 4 5 4 2 2 4 4 5 5 3 0 5 5 4 2 2 5 4 3 6 4 5 5 4 2 3 4 3 4 5 1 4 4 7
M[352] : 6 3 4 5 6 7 3 4 3 5 2 6 4 4 6 8 3 7 0 7 6 5 2 6 6 5 5 4 3 5 4 2 5 4 4 6 5 4 4 7 3 5 6 2 3 4 8 5 5 7 5 5 4 3 5 4 3
M[353] : 7 4 5 7 4 7 4 3 3 5 6 3 2 5 4 5 6 3 3 7 6 4 4 3 3 2 4 5 3 5 6 5 3 0 5 5 2 5 4 6 6 4 6 3 4 4 6 6 8 7 3 3 6 7 5 5 4
M[354] : 4 4 4 4 5 4 2 7 4 6 3 5 7 7 5 4 6 5 5 2 3 5 5 5 4 5 4 6 5 6 3 5 2 6 5 6 4 0 4 5 6 2 5 5 3 5 4 4 3 4 7 5 4 4 7 7 3
M[355] : 5 5 5 5 4 4 3 4 3 5 5 6 3 2 6 4 6 4 4 3 6 5 5 5 3 4 4 5 4 4 4 5 2 4 4 3 7 5 3 4 5 6 2 0 4 3 4 6 2 5 2 6 6 5 4 6 5
M[356] : 2 5 7 5 7 6 4 3 4 3 1 5 5 5 6 4 6 5 5 5 4 7 5 0 4 5 4 5 6 4 2 5 4 6 2 3 5 3 5 2 3 4 0 4 4 2 5 3 5 7 4 2 5 4 4 5 5
M[357] : 4 2 3 5 5 4 6 5 3 3 5 6 7 5 4 1 4 6 3 5 1 5 5 3 5 4 4 4 2 6 7 4 5 0 5 6 6 3 7 5 4 8 4 5 4 3 4 5 4 3 5 4 2 3 4 5 6
M[358] : 3 4 5 6 3 4 4 5 2 4 1 6 6 6 4 5 6 0 5 8 2 5 5 6 5 6 5 5 7 5 6 7 4 4 4 4 6 2 5 4 8 3 5 3 9 3 3 5 4 2 4 4 4 3 5 7 3
M[359] : 5 5 3 4 3 6 6 4 4 0 4 3 7 5 7 4 5 6 5 5 3 2 6 3 1 3 4 4 5 3 5 6 4 6 4 5 5 3 6 5 6 3 4 5 6 4 3 5 3 7 5 2 6 3 8 4 5
M[360] : 6 1 3 6 2 3 2 4 1 6 5 4 3 5 6 3 3 6 5 3 5 6 6 1 4 4 5 3 6 5 4 4 5 4 5 4 4 5 0 5 6 2 4 7 1 2 8 3 4 6 5 3 5 6 3 5 7
M[361] : 4 1 8 3 0 7 4 4 5 5 3 5 6 3 6 1 6 6 5 5 6 2 4 4 6 7 3 3 3 3 4 5 4 5 6 3 2 6 3 6 4 2 5 4 6 5 7 8 4 4 6 4 6 6 7 6 5
M[362] : 5 5 6 5 3 8 5 4 3 4 6 5 5 4 5 4 5 3 5 7 4 5 5 3 2 7 4 6 5 4 4 7 4 4 4 7 7 4 6 5 5 6 5 6 4 5 4 5 0 3 3 4 6 6 6 2 7
M[363] : 5 6 5 3 4 5 3 6 5 6 4 6 6 7 5 5 7 2 4 6 1 2 3 4 4 3 4 6 4 7 4 2 5 3 5 2 2 3 7 5 0 4 4 4 5 5 3 5 5 6 5 2 6 6 3 7 2
M[364] : 4 4 5 5 2 2 5 7 4 6 4 6 3 7 4 4 4 0 7 6 7 4 4 4 4 7 4 3 4 6 5 5 4 6 5 7 3 4 5 0 5 4 7 6 3 5 4 4 6 6 5 2 5 3 3 1 6
M[365] : 5 2 7 6 4 7 3 6 3 3 4 5 4 7 5 4 5 5 4 8 3 6 3 3 3 5 6 6 2 5 4 0 3 6 6 5 2 5 2 3 3 4 5 4 4 3 4 3 5 5 7 3 3 1 3 6 3
M[366] : 3 3 4 5 4 0 4 5 5 5 4 5 5 5 6 4 4 5 7 3 6 5 2 2 6 4 7 4 4 5 4 5 3 2 7 4 4 4 7 6 3 5 5 4 4 7 5 6 4 5 3 5 6 4 3 8 4
M[367] : 5 4 5 5 7 5 3 8 4 7 6 4 6 5 5 3 4 5 4 6 5 3 5 7 3 2 5 2 3 3 3 3 4 3 5 5 5 2 3 3 0 4 5 5 2 1 3 3 5 6 7 5 4 6 6 7 6
M[368] : 5 6 3 3 4 8 4 5 5 5 3 4 6 6 5 7 3 5 3 3 6 4 3 0 5 4 5 3 4 4 6 2 6 7 5 5 3 2 4 4 9 3 3 4 2 3 4 6 4 5 3 3 2 3 4 4 5
M[369] : 4 2 0 5 6 5 4 3 5 4 3 7 4 6 5 4 4 5 5 4 4 4 4 5 5 7 5 4 6 5 4 6 2 6 3 5 5 5 7 4 7 2 5 5 6 4 6 5 5 4 5 3 3 4 3 5 7
M[370] : 3 2 7 4 2 3 5 3 5 4 4 5 7 7 5 1 5 4 6 6 6 4 4 5 4 3 5 2 3 7 5 4 5 4 3 5 5 5 6 5 1 2 2 0 5 5 3 4 3 6 6 4 5 3 3 5 5
M[371] : 5 4 3 0 4 3 7 6 5 2 2 4 4 8 4 5 6 3 3 4 4 4 3 4 5 5 6 2 2 5 5 6 4 7 5 4 3 3 5 6 3 7 4 4 5 4 5 3 5 5 5 4 3 5 4 4 6
M[372] : 5 5 5 6 2 3 6 3 3 4 5 7 3 2 3 2 5 3 7 4 5 2 3 5 4 2 4 6 5 6 5 6 5 2 4 5 6 5 3 7 3 7 8 2 6 3 7 3 6 3 0 2 4 5 5 4 6
M[373] : 3 3 5 4 3 5 7 5 4 3 4 5 5 5 4 6 5 5 5 5 3 6 8 4 3 4 4 6 5 4 6 5 5 3 0 4 4 4 4 6 4 3 5 3 6 4 2 4 6 4 7 4 4 2 3 5 6
M[374] : 0 4 6 5 3 4 4 7 6 6 4 4 5 6 5 7 3 3 5 6 3 5 7 4 4 6 5 4 7 5 5 1 4 6 3 4 3 4 3 4 4 7 7 2 4 0 7 4 4 3 8 4 4 1 7 4 5
M[375] : 4 5 6 4 3 3 3 4 5 4 4 3 5 5 4 6 4 1 3 3 4 6 4 7 4 5 6 5 1 5 5 7 4 4 3 2 2 5 4 2 4 4 6 6 7 6 4 6 3 4 5 4 4 0 5 6 5
M[376] : 4 3 7 6 4 3 7 7 4 5 5 5 3 6 6 3 5 4 6 6 2 3 2 2 4 4 7 3 3 5 4 6 3 4 2 3 5 2 4 2 6 3 4 5 5 4 2 5 5 6 2 6 5 3 3 0 2
M[377] : 6 3 4 5 2 6 5 6 7 5 6 5 6 5 5 5 6 4 3 5 4 3 4 5 4 5 4 6 5 5 5 3 1 3 6 5 5 4 4 5 2 4 7 4 2 2 3 5 6 4 4 2 3 7 4 4 0
M[378] : 4 4 5 5 5 5 3 6 3 4 6 2 4 3 5 6 6 4 5 4 4 3 3 4 7 2 4 4 4 4 6 4 4 4 5 5 4 4 4 6 4 7 5 5 5 4 5 0 3 5 5 6 7 4 5 7 5
M[379] : 3 1 3 5 7 6 4 0 6 5 1 4 4 5 4 4 4 2 4 5 6 6 4 3 6 4 5 5 4 5 6 4 5 4 3 4 5 4 4 3 3 5 5 6 3 7 5 8 7 6 5 2 3 3 3 5 4
M[380] : 6 5 4 5 4 7 6 6 7 6 2 7 6 5 6 3 3 4 3 2 5 4 4 5 8 5 5 5 2 6 5 2 7 4 5 2 4 2 5 6 4 3 4 7 4 0 1 4 6 3 2 2 5 4 5 2 6
M[381] : 6 4 2 4 4 5 6 4 5 5 3 5 7 6 7 7 5 5 4 2 5 5 5 6 3 3 5 5 4 4 3 5 5 3 3 4 5 3 0 5 4 2 6 3 5 4 6 4 6 4 1 4 6 4 3 4 4
M[382] : 5 5 5 3 4 3 5 7 4 4 3 2 5 3 5 3 4 2 4 3 0 2 6 2 4 3 9 4 4 5 4 2 6 5 2 4 2 4 5 3 3 3 7 4 7 4 4 5 2 5 7 3 8 5 3 4 4
M[383] : 6 2 7 6 3 6 5 5 6 7 2 5 2 3 4 2 6 3 5 4 7 7 5 4 6 3 3 3 5 3 5 6 5 0 3 4 3 6 4 5 4 6 4 3 3 6 7 4 4 5 4 4 4 5 6 2 5
M[384] : 4 4 7 5 5 5 7 6 4 3 5 5 4 8 3 3 0 4 3 1 5 5 4 5 6 3 5 2 5 3 5 4 2 2 5 6 3 5 5 2 5 4 5 4 5 5 5 4 4 4 7 6 2 3 5 4 4
M[385] : 4 5 3 5 3 5 7 2 3 3 3 5 7 4 4 3 6 1 7 6 8 6 3 4 6 3 5 6 3 6 6 6 3 5 4 0 6 5 4 4 8 5 4 6 3 4 4 6 5 4 5 4 4 5 6 4 6
M[386] : 4 5 5 5 2 3 4 4 6 4 3 5 1 5 1 6 6 2 7 6 3 5 4 5 6 4 6 2 4 4 6 7 1 3 3 3 2 2 4 4 6 2 5 6 6 4 4 4 5 4 5 0 6 5 2 3 2
M[387] : 5 2 3 3 4 4 5 4 6 5 4 5 2 3 4 5 5 6 6 6 6 6 6 6 3 3 5 3 4 5 7 5 6 4 5 6 6 6 2 5 3 3 3 3 4 8 7 4 3 4 5 5 3 3 0 3 4
M[388] : 4 5 3 5 6 5 4 5 5 5 6 3 4 3 4 2 5 5 4 4 6 5 5 3 7 2 3 4 3 5 4 3 7 7 4 4 2 4 4 3 6 3 2 4 6 3 3 4 4 7 0 4 3 3 5 4 2
M[389] : 2 4 3 4 8 5 3 2 6 2 4 4 4 5 5 5 5 1 5 3 3 4 6 4 1 3 4 6 2 7 4 5 6 0 6 4 5 5 8 5 4 4 4 4 4 2 3 5 5 3 4 4 6 3 4 6 6
M[390] : 4 5 5 1 5 5 5 4 5 5 4 7 7 6 2 2 5 0 5 4 6 6 4 6 3 5 5 7 2 5 4 9 4 6 7 5 4 6 4 3 4 3 3 2 5 2 4 6 4 2 5 5 3 3 6 5 4
M[391] : 3 3 3 7 5 6 6 3 1 3 3 4 4 4 5 2 3 4 4 5 0 5 3 5 4 3 5 5 5 4 4 6 2 5 5 4 4 3 3 4 5 4 5 7 6 5 3 2 4 3 4 7 3 3 3 5 5
M[392] : 5 3 3 8 3 6 4 7 3 4 3 7 6 5 5 4 0 3 3 8 4 6 4 6 4 6 4 4 3 4 4 4 5 6 4 4 5 3 4 6 4 4 4 4 5 3 4 1 5 7 4 1 5 5 1 5 4
M[393] : 4 3 4 6 4 3 5 5 5 3 3 5 4 5 8 5 5 3 6 7 4 3 3 5 6 5 4 4 5 6 7 3 4 4 5 4 4 2 3 2 6 0 5 5 3 5 4 5 7 6 5 4 4 4 4 2 5
M[394] : 4 3 8 4 7 4 4 5 4 7 0 6 2 4 6 4 3 2 4 5 3 2 5 4 3 6 4 4 3 5 4 6 4 1 4 7 7 3 2 3 6 1 4 9 6 5 2 4 5 4 4 3 7 5 4 5 2
M[395] : 4 5 2 6 3 3 3 2 3 4 2 6 5 5 3 0 6 3 6 4 5 5 4 5 5 4 5 5 5 5 2 4 3 6 5 5 6 3 3 7 7 4 1 5 5 4 4 3 4 3 1 4 3 3 6 5 7
M[396] : 8 4 4 4 2 6 4 3 8 5 3 5 3 7 2 4 4 2 5 8 5 3 8 3 5 8 4 4 5 0 3 5 2 4 4 7 3 6 3 4 3 4 6 3 7 4 2 7 5 6 5 5 5 5 5 6 6
M[397] : 4 3 3 5 5 4 5 4 5 4 4 0 5 3 5 4 4 5 4 5 3 5 4 3 4 6 4 4 2 6 5 5 7 5 5 5 3 4 2 5 4 3 5 4 3 6 4 5 6 8 5 1 3 4 6 7 5
M[398] : 6 3 5 5 3 5 3 4 3 6 3 2 2 6 0 5 5 3 3 6 3 4 6 4 4 3 7 2 3 2 5 5 6 4 2 8 5 6 5 6 4 7 4 5 5 2 5 6 3 4 5 5 4 2 3 6 8
M[399] : 6 3 5 5 4 7 6 6 5 3 4 5 2 4 4 6 4 5 5 5 6 6 6 6 2 4 0 5 4 5 4 3 6 4 5 4 4 3 4 6 5 2 6 5 5 5 5 6 6 5 3 5 5 4 5 5 1
M[400] : 5 6 3 2 3 4 5 4 5 5 5 5 6 1 3 3 6 5 6 6 7 4 5 2 4 6 5 2 2 6 3 7 2 5 4 4 7 3 5 5 4 3 4 2 3 6 5 6 8 3 8 5 7 3 0 5 4
M[401] : 8 2 4 3 4 4 5 3 3 7 4 3 5 4 7 0 7 5 7 5 5 1 6 5 7 3 5 1 4 6 7 6 4 4 5 5 4 5 6 5 5 3 5 4 3 1 4 2 5 5 5 4 5 3 5 4 4
M[402] : 6 3 4 5 5 3 6 6 5 6 4 7 5 8 4 4 5 6 5 4 5 5 5 4 6 5 4 3 5 2 1 2 4 3 5 3 6 3 0 6 6 3 6 3 5 3 2 4 4 4 0 4 3 5 4 6 5
M[403] : 5 4 5 5 4 7 5 2 4 4 4 7 6 4 7 5 6 4 5 1 4 5 4 8 7 4 4 2 2 3 3 2 6 6 6 4 5 5 6 2 4 3 3 6 4 3 0 3 5 4 6 4 4 0 4 6 6
M[404] : 6 4 7 0 1 2 4 5 2 5 2 3 7 5 5 4 5 2 4 4 5 6 5 5 3 6 3 5 4 2 6 5 3 4 4 4 4 4 6 4 4 3 3 3 6 5 5 5 6 3 8 6 6 4 4 2 6
M[405] : 5 4 5 5 3 5 4 1 0 3 3 7 2 4 5 3 2 4 3 7 7 3 4 4 4 6 6 2 5 4 6 5 5 5 6 5 5 5 6 3 3 6 6 6 5 4 3 4 6 3 3 4 3 5 5 5 7
M[406] : 5 2 7 2 5 7 5 7 4 3 4 0 3 2 6 5 7 4 3 6 6 3 6 4 6 4 4 4 3 4 4 5 4 6 5 5 2 5 5 8 1 6 7 2 5 3 5 4 2 4 6 4 4 3 5 5 6
M[407] : 2 6 2 5 4 4 6 2 7 3 4 4 5 7 4 1 4 4 6 5 6 0 6 4 5 5 4 2 4 2 7 6 5 5 7 5 3 4 5 4 2 3 5 4 4 5 6 7 4 4 4 3 6 3 5 4 6
M[408] : 3 2 4 5 5 5 4 4 5 5 5 5 5 5 3 5 6 6 2 3 6 3 5 4 6 6 3 4 4 4 6 5 4 5 6 6 5 2 0 3 5 4 6 4 3 1 5 4 3 2 4 1 5 1 3 5 3
M[409] : 4 5 2 6 6 7 5 5 5 5 4 2 6 4 7 5 7 4 7 4 6 7 3 4 4 6 0 3 5 5 6 3 4 2 5 4 5 6 4 6 4 5 5 6 6 1 5 6 5 3 5 8 7 7 7 6 5
M[410] : 4 5 7 4 6 5 2 4 5 8 5 4 4 5 6 3 0 3 6 4 2 5 6 3 3 5 3 4 6 4 4 5 3 2 8 5 5 4 6 5 5 2 4 6 4 3 6 4 4 5 4 3 7 3 8 7 5
M[411] : 4 6 2 4 6 6 7 3 5 2 5 7 5 6 3 4 5 4 4 3 3 7 5 3 5 5 6 3 2 7 5 4 3 5 5 5 1 4 3 5 2 6 6 4 3 6 5 0 3 3 5 4 4 6 5 4 7
M[412] : 6 5 6 5 3 5 3 5 4 2 4 3 3 4 4 3 5 4 7 3 4 4 5 4 0 6 3 2 0 6 3 5 3 5 6 4 6 4 5 6 5 5 6 4 5 4 4 5 5 4 3 5 2 2 4 3 4
M[413] : 5 5 5 3 8 5 7 5 7 0 1 3 1 3 5 4 4 4 1 6 3 4 8 5 6 5 3 3 3 7 6 4 6 1 2 7 4 5 6 4 5 6 3 6 7 3 4 6 4 6 5 3 4 4 4 7 5
M[414] : 6 7 5 4 4 2 6 4 6 7 1 3 5 2 3 2 4 6 7 4 6 4 5 4 4 3 5 4 4 2 4 3 5 5 5 3 3 7 5 5 4 0 4 3 6 4 6 7 5 4 3 6 5 4 4 2 4
M[415] : 5 5 5 5 2 2 5 1 5 4 2 5 7 6 7 4 3 3 4 7 4 2 6 4 4 6 6 3 6 6 6 4 3 6 2 3 2 4 5 4 4 6 2 7 2 6 7 6 4 2 2 3 4 4 4 3 0
M[416] : 5 3 6 4 4 4 5 5 5 6 6 7 4 5 5 3 4 6 8 5 3 2 5 3 5 5 3 5 5 5 5 6 4 7 5 0 5 5 7 6 5 4 5 7 6 3 4 4 6 7 2 5 4 4 2 3 2
M[417] : 4 2 5 7 4 3 4 5 3 3 5 3 5 3 3 4 5 5 3 6 6 6 7 7 4 6 5 0 5 7 3 3 5 2 3 4 5 3 6 6 5 2 5 8 4 3 4 6 6 5 3 4 7 3 3 2 5
M[418] : 3 3 4 5 8 3 5 7 5 7 4 5 5 5 5 3 4 3 6 4 4 3 4 4 5 7 5 4 5 5 3 4 3 5 5 4 4 2 3 4 3 4 6 5 3 4 5 4 7 0 7 4 2 6 1 5 4
M[419] : 4 8 3 4 7 2 6 3 3 5 4 4 5 5 5 7 7 6 6 7 1 4 3 4 2 7 4 4 5 4 5 5 2 2 3 6 3 8 2 5 4 3 6 7 6 2 6 4 6 6 7 6 7 4 0 4 7
M[420] : 3 5 3 6 4 5 7 3 5 6 6 0 6 4 7 3 4 6 3 5 5 6 3 3 6 3 4 4 4 6 4 4 5 6 6 5 5 4 5 6 2 5 4 4 4 4 3 6 6 6 4 4 6 5 3 5 3
M[421] : 7 5 4 2 4 3 8 4 4 6 3 6 4 5 5 3 6 4 6 6 3 5 5 2 6 6 4 4 4 3 4 4 1 4 5 6 5 4 6 0 3 6 6 3 5 5 5 5 1 4 5 3 6 4 4 3 7
M[422] : 6 4 3 5 0 5 5 5 7 7 4 6 7 1 3 6 2 4 7 3 4 5 4 4 3 2 4 8 4 5 4 5 7 5 3 5 4 3 5 3 5 2 5 6 4 2 7 6 5 5 6 5 6 4 4 4 4
M[423] : 5 2 2 4 3 4 4 4 6 8 4 6 4 6 6 5 3 5 6 6 4 6 4 3 3 4 5 2 0 3 7 5 4 3 7 2 7 4 5 4 5 4 4 6 3 1 5 5 4 4 6 5 4 5 3 3 5
M[424] : 4 4 3 3 6 0 9 7 4 4 2 6 6 6 2 6 4 3 4 7 6 1 1 6 4 4 5 4 4 2 5 5 4 4 8 8 3 3 1 6 4 4 7 3 5 6 4 5 7 6 2 6 6 5 4 4 1
M[425] : 3 2 3 5 6 4 7 6 4 7 6 4 3 2 4 6 3 6 5 3 5 5 4 1 6 6 3 1 7 4 3 2 6 5 2 1 8 3 4 6 4 0 7 4 4 2 5 6 2 3 5 4 4 4 3 5 7
M[426] : 3 5 5 4 5 3 7 7 4 2 6 7 3 7 6 5 6 5 4 4 3 3 3 2 0 5 6 3 4 3 3 4 6 6 5 5 5 4 4 4 4 4 4 0 5 4 7 5 6 4 5 6 2 5 5 4 5
M[427] : 6 5 7 6 4 5 7 4 5 4 6 2 3 5 3 3 6 1 5 4 4 5 6 2 5 7 5 5 4 4 7 5 2 5 4 6 4 1 4 5 4 6 7 4 5 4 8 5 7 3 3 5 0 5 5 5 5
M[428] : 6 2 4 4 5 7 5 5 4 6 2 4 7 5 6 5 5 5 6 0 7 5 3 5 3 7 6 3 5 5 4 4 3 7 6 6 7 2 1 6 5 3 3 6 8 2 4 7 5 6 6 4 6 4 9 5 4
M[429] : 5 4 5 5 6 6 3 6 1 5 2 4 8 8 3 5 6 4 6 9 7 6 5 3 2 6 7 5 4 4 3 4 3 5 3 4 7 2 4 6 5 1 3 5 7 4 5 6 4 4 3 0 7 4 8 3 6
M[430] : 8 3 4 5 7 5 5 5 6 5 6 4 3 5 6 2 3 5 4 6 5 3 2 4 5 4 5 4 5 7 3 3 2 3 4 3 5 3 6 5 0 3 3 5 0 4 4 5 5 3 6 6 1 2 7 3 1
M[431] : 5 0 7 3 5 3 7 5 3 4 5 1 6 4 3 2 5 3 4 5 6 6 7 5 7 4 5 4 1 4 5 2 5 7 5 6 4 1 4 3 4 4 4 5 4 3 6 4 5 4 2 5 2 6 4 3 3
M[432] : 7 7 6 5 3 5 7 6 5 4 2 4 5 2 4 3 5 3 4 7 4 5 5 5 7 3 3 4 5 2 4 1 4 6 7 7 6 6 4 7 6 3 0 7 6 4 4 5 4 5 5 2 5 4 2 6 4
M[433] : 5 7 6 4 4 4 4 4 3 7 4 7 5 4 4 4 5 7 4 2 5 4 5 5 0 6 2 3 2 3 4 4 4 2 4 5 5 4 5 5 4 5 4 6 3 6 5 5 1 5 7 3 3 5 2 6 7
M[434] : 6 5 5 6 6 6 3 7 3 7 5 5 5 5 4 4 2 6 8 5 3 6 6 5 5 5 4 2 4 6 4 3 4 6 7 7 5 5 5 5 4 1 6 5 5 4 4 6 6 3 4 4 6 3 4 4 0
M[435] : 4 6 2 4 4 5 5 4 7 8 4 4 5 7 4 6 6 5 4 3 6 6 8 3 3 2 3 5 5 6 0 3 6 5 3 6 4 6 5 6 2 8 2 5 6 3 3 5 3 3 5 6 6 4 2 3 6
M[436] : 4 0 6 6 7 4 4 4 8 5 3 7 4 5 7 4 4 1 7 5 6 6 7 3 6 0 4 6 2 5 4 6 4 4 4 4 6 1 5 6 5 3 5 2 7 6 6 2 3 4 4 6 5 2 5 6 5
M[437] : 5 3 5 3 2 7 5 1 4 5 3 3 6 4 4 6 6 6 2 7 4 4 5 7 7 5 4 3 3 7 4 3 5 6 7 4 4 4 4 5 6 3 7 7 5 3 5 4 3 4 6 2 5 5 7 0 4
M[438] : 2 4 3 4 7 6 6 4 6 7 2 4 2 5 6 4 5 3 5 5 5 5 6 2 2 6 4 4 4 4 4 5 4 4 8 7 3 1 5 6 5 2 4 3 5 4 6 2 0 6 7 3 4 3 4 5 6
M[439] : 0 5 5 3 5 4 4 3 7 5 2 6 2 5 3 4 5 6 6 7 8 9 7 6 3 6 2 5 3 5 5 5 4 5 6 5 8 3 4 4 6 7 5 4 7 5 4 8 7 5 7 2 5 1 4 5 7
M[440] : 6 7 3 4 7 3 4 7 5 3 2 3 4 3 5 6 6 4 6 5 5 5 0 4 9 5 4 5 2 7 6 5 3 8 5 5 3 4 5 8 4 4 6 2 4 6 5 3 4 5 4 5 4 6 5 4 8
M[441] : 5 8 4 7 1 3 7 7 6 5 7 5 3 6 3 5 6 4 6 5 4 4 2 7 5 6 3 5 5 4 4 4 5 3 6 6 5 3 6 3 7 6 3 6 5 3 7 3 2 0 2 2 5 5 5 6 5
M[442] : 3 3 6 3 5 3 6 1 2 4 5 6 4 5 6 3 5 5 5 4 5 1 9 4 5 5 4 6 3 3 6 8 0 6 6 5 6 3 4 3 3 4 6 5 2 3 4 2 5 6 6 3 5 2 6 4 3
M[443] : 5 1 7 5 6 6 4 4 5 3 4 3 2 6 3 3 5 1 6 3 5 0 3 2 5 0 4 1 5 5 2 6 3 1 3 6 4 7 3 6 7 3 4 4 3 3 5 5 7 4 4 3 4 5 6 8 7
M[444] : 2 3 4 4 3 0 3 6 3 4 4 4 7 0 4 6 8 4 6 4 4 6 6 2 7 3 5 5 3 5 6 7 7 4 7 6 5 4 6 7 6 4 4 3 4 3 4 5 6 5 4 6 7 5 4 2 3
M[445] : 5 5 4 2 5 3 3 2 5 8 5 4 4 4 3 5 3 5 5 5 6 7 4 4 6 6 3 5 5 4 4 4 5 5 7 5 5 2 6 8 4 6 4 4 4 4 3 5 2 3 6 4 6 3 6 3 0
M[446] : 3 3 4 4 4 4 6 4 6 5 3 5 7 5 6 7 6 3 3 5 6 3 4 5 6 6 7 4 2 3 3 2 0 3 5 3 4 7 4 4 5 5 5 6 4 4 4 5 5 4 6 2 5 3 5 5 3
M[447] : 6 6 6 9 4 3 3 4 7 5 5 2 4 4 8 3 4 3 2 5 5 5 7 5 3 6 5 3 3 4 6 3 3 5 7 7 4 4 3 4 4 2 4 0 7 4 5 5 6 7 6 4 5 4 5 4 3
M[448] : 6 4 4 4 3 4 3 3 3 2 4 6 5 7 3 2 4 5 5 8 5 4 5 3 5 6 6 5 4 6 4 4 3 3 4 6 0 3 6 5 4 4 6 6 5 5 4 4 3 5 7 5 3 3 6 7 3
M[449] : 4 6 3 5 6 6 4 7 1 3 4 3 7 0 2 4 8 4 3 2 3 4 4 5 3 5 5 4 6 8 6 6 2 6 3 6 2 4 5 5 3 3 4 4 3 4 6 4 6 6 4 4 3 3 6 7 6
M[450] : 3 4 6 4 4 4 1 5 3 2 4 4 3 7 5 6 0 6 4 3 3 4 6 5 4 6 7 3 4 3 5 1 3 7 4 3 5 6 6 3 8 5 4 2 5 3 5 5 5 5 5 5 2 2 7 4 5
M[451] : 4 5 1 3 4 5 5 5 6 6 3 3 4 3 4 5 5 5 0 3 8 7 4 2 6 4 5 5 4 5 6 4 1 1 5 6 3 6 6 5 6 4 6 4 5 5 5 2 6 5 6 4 2 4 5 1 2
M[452] : 4 3 3 2 5 6 7 3 5 5 5 2 5 4 4 4 3 6 3 3 3 4 7 4 3 3 6 4 7 4 7 3 5 3 1 4 2 4 3 6 8 3 3 7 3 1 4 3 4 6 3 7 0 3 5 5 5
M[453] : 7 5 3 2 6 2 6 4 7 5 1 6 0 8 8 3 6 4 6 5 2 7 6 6 5 5 4 1 5 3 5 6 2 5 5 4 6 5 5 4 2 5 7 4 4 3 4 5 4 5 8 3 6 3 4 3 5
M[454] : 3 3 5 0 3 6 6 4 5 2 5 6 6 8 7 5 6 4 3 6 3 3 5 6 4 6 7 5 4 4 3 5 3 5 6 5 3 5 7 3 4 5 2 4 4 6 6 4 6 5 5 4 4 7 6 5 5
M[455] : 2 6 3 4 4 3 4 3 4 4 4 2 4 4 4 4 0 3 6 6 4 3 5 1 6 5 2 3 1 5 3 3 7 6 6 7 5 6 6 6 7 3 5 7 5 7 7 5 3 5 6 3 5 4 8 6 3
M[456] : 5 5 6 5 3 2 3 1 5 4 6 3 5 6 5 0 5 2 7 6 3 1 3 5 5 4 5 1 7 4 5 7 7 3 4 2 4 6 4 6 5 5 3 4 4 4 5 3 5 7 3 5 4 3 6 5 4
M[457] : 5 3 3 3 4 5 8 6 2 3 5 4 4 7 7 5 3 3 5 5 6 3 7 4 6 2 0 3 4 2 5 4 4 3 6 5 6 5 5 4 2 3 8 6 2 3 5 4 5 6 5 4 7 3 3 5 6
M[458] : 4 4 6 4 5 6 5 3 6 6 4 3 2 5 7 4 4 2 6 3 6 6 5 6 4 6 1 5 6 5 0 4 4 4 4 6 4 6 4 5 5 5 5 5 2 6 7 3 6 5 5 4 3 3 7 5 1
M[459] : 5 5 5 3 4 6 3 2 4 3 6 5 6 1 6 2 4 3 6 6 7 5 5 2 7 4 4 1 5 5 6 4 4 4 5 4 5 4 4 4 2 4 4 5 5 0 2 4 4 1 5 3 4 4 3 4 4
M[460] : 7 3 3 2 2 3 4 3 0 4 3 4 5 4 4 4 5 1 3 4 4 4 4 5 5 5 6 5 5 4 4 5 3 3 3 3 7 2 4 3 6 5 6 7 5 2 5 6 4 7 5 6 1 2 3 4 5
M[461] : 4 2 4 2 5 5 7 3 7 6 5 6 5 4 0 5 6 1 5 3 6 6 5 5 6 7 4 2 2 6 4 5 3 5 6 1 4 4 3 7 4 5 7 8 5 4 2 3 6 3 4 2 6 3 5 6 6
M[462] : 7 5 3 6 4 7 6 4 2 4 3 8 6 6 2 5 4 3 4 6 2 6 4 5 5 7 2 4 4 4 4 5 5 5 7 6 4 3 5 3 4 2 6 3 4 4 4 3 0 5 5 4 5 1 3 5 5
M[463] : 4 2 4 4 0 6 4 4 5 5 4 8 5 4 5 7 6 6 7 6 5 4 4 3 4 6 7 3 3 4 3 4 4 5 6 2 4 5 2 4 5 4 5 4 3 4 4 6 4 3 4 3 4 0 3 3 4
M[464] : 8 5 2 5 5 2 4 7 5 4 4 7 3 5 7 3 4 6 3 3 5 6 6 5 3 5 7 4 4 5 3 4 4 3 1 4 2 5 3 5 5 2 7 4 5 2 6 7 2 7 5 5 4 5 1 0 4
M[465] : 5 3 7 3 6 0 4 3 5 5 6 5 8 5 5 3 5 6 5 6 6 4 4 6 8 6 4 3 6 3 4 4 2 4 2 2 4 5 4 3 5 4 8 1 6 4 5 5 6 7 5 4 4 4 4 3 6
M[466] : 6 6 4 4 5 3 5 6 2 7 5 6 4 6 2 6 3 6 4 7 6 6 0 5 5 7 3 6 5 4 4 5 5 4 5 6 5 4 6 4 5 5 4 5 4 3 4 3 4 4 5 5 4 3 4 4 6
M[467] : 5 5 3 4 4 5 6 5 4 4 5 5 4 4 3 4 5 5 6 0 6 6 8 5 3 4 5 5 5 3 6 3 5 5 3 6 5 4 4 5 5 4 3 7 6 4 4 6 7 5 4 5 3 3 7 4 5
M[468] : 4 5 3 5 5 6 7 6 4 4 3 5 5 5 7 3 8 5 5 6 5 5 5 3 6 5 5 5 2 7 6 6 5 4 3 4 5 5 5 3 3 3 6 3 2 0 3 6 5 3 5 5 5 1 7 5 5
M[469] : 5 4 5 5 5 4 4 8 5 7 4 6 7 5 4 5 5 5 3 4 5 5 0 4 4 3 5 6 3 3 5 4 4 6 4 3 1 2 6 5 6 2 4 7 5 6 4 4 3 6 6 3 3 4 4 4 4
M[470] : 5 6 8 5 5 6 7 4 6 3 3 6 0 7 5 3 4 4 5 3 7 6 4 4 4 3 6 3 4 3 3 5 6 4 4 8 6 6 4 5 6 3 7 7 3 7 5 2 6 5 2 6 5 3 2 5 5
M[471] : 2 4 6 6 6 3 0 5 3 3 6 5 5 6 6 5 2 6 4 7 5 7 3 3 3 1 5 3 4 6 3 7 2 4 6 6 7 6 4 6 4 5 6 5 2 3 6 6 3 5 5 3 7 3 7 5 6
M[472] : 4 3 5 4 4 3 5 3 6 5 6 0 5 5 3 4 6 3 4 5 4 7 3 3 5 3 6 2 3 3 7 4 1 5 7 8 6 6 4 5 5 4 4 3 6 5 6 2 7 2 1 6 6 4 4 3 5
M[473] : 6 2 6 3 6 6 4 4 5 1 5 7 3 6 6 8 7 4 4 3 4 3 5 4 4 3 2 3 5 7 5 6 4 5 5 3 4 6 5 5 0 6 2 4 4 3 5 4 4 6 4 7 3 5 6 7 5
M[474] : 6 4 1 2 5 2 5 2 8 3 5 4 5 4 6 6 5 5 3 6 5 7 5 5 5 2 5 4 2 4 5 6 4 4 7 7 0 5 6 2 6 4 8 7 4 3 2 4 5 4 5 6 4 4 5 3 6
M[475] : 0 6 5 6 6 7 3 4 5 6 5 4 7 5 3 6 5 3 7 3 2 5 6 5 4 4 5 4 4 5 6 4 3 5 5 3 6 6 8 4 5 3 3 7 3 4 5 5 5 4 3 2 6 4 4 5 7
M[476] : 7 3 5 5 4 8 8 3 5 3 2 3 3 3 4 4 7 3 0 6 3 5 4 5 2 5 7 1 3 7 3 5 3 4 4 5 3 6 5 5 3 3 2 3 3 3 7 4 4 6 4 4 4 5 7 5 6
M[477] : 4 3 3 4 3 5 7 5 5 3 6 6 4 0 1 2 3 7 3 4 4 5 4 4 6 3 6 3 4 7 6 6 7 8 3 4 5 4 6 3 2 6 3 3 5 5 4 5 3 6 2 5 6 3 2 7 3
M[478] : 6 3 3 2 6 3 5 7 0 7 4 7 2 2 7 4 3 5 6 2 8 6 5 5 4 4 6 4 2 3 5 6 6 4 5 5 4 4 5 7 6 4 5 3 4 3 6 3 3 4 5 3 2 6 6 3 3
M[479] : 4 4 5 6 4 6 5 5 4 5 5 5 6 0 6 6 6 6 2 5 5 7 5 6 2 6 3 4 4 5 7 5 5 2 4 7 4 5 5 4 4 2 6 5 4 5 6 2 7 3 5 6 6 3 4 5 4
M[480] : 7 4 8 6 5 8 2 4 1 6 3 5 5 0 4 6 7 6 3 6 3 3 5 5 5 4 8 5 3 5 5 3 3 4 5 4 4 3 6 7 6 5 2 4 5 3 4 4 5 5 5 6 1 7 4 8 5
M[481] : 3 2 4 5 3 7 5 4 5 2 0 5 5 4 2 4 6 3 3 2 5 3 5 3 5 4 2 4 3 6 4 2 5 7 4 5 4 5 4 4 2 5 5 7 4 2 7 3 5 5 4 3 5 3 3 4 5
M[482] : 5 4 3 7 0 5 4 6 2 4 5 4 5 2 4 4 2 4 4 5 5 4 4 2 7 5 6 4 4 6 4 5 4 5 4 6 3 5 3 4 7 8 5 4 6 4 6 4 4 6 6 3 5 5 5 8 5
M[483] : 4 5 6 3 3 8 6 4 7 4 6 5 4 4 4 6 4 4 4 6 1 4 3 0 4 2 7 3 3 2 5 2 4 5 5 3 4 2 1 3 5 3 3 6 5 5 5 4 5 4 7 4 5 5 4 5 1
M[484] : 4 5 3 4 3 4 4 5 5 4 5 6 2 3 3 6 4 4 3 7 3 4 2 6 4 7 5 4 4 4 6 3 4 4 6 5 4 5 4 4 7 2 4 3 5 2 4 5 5 4 3 5 3 4 0 5 4
M[485] : 6 0 5 4 4 5 6 4 3 5 6 6 5 4 5 2 3 6 5 3 5 6 3 6 7 5 6 3 3 4 6 5 2 4 6 6 5 5 4 6 4 4 4 2 4 4 7 1 4 5 6 8 7 2 3 0 4
M[486] : 5 4 6 6 4 6 6 7 4 4 7 8 5 3 5 5 4 6 2 5 5 4 5 5 5 3 7 3 2 2 3 5 6 3 5 5 3 3 5 0 4 4 3 3 5 3 4 6 6 4 6 6 4 5 4 4 3
M[487] : 4 5 4 4 6 5 4 2 4 5 2 4 5 3 3 6 6 2 4 7 2 7 3 6 5 4 6 4 5 6 2 8 3 6 4 7 4 6 6 4 0 3 3 4 5 3 4 6 7 4 5 5 5 4 6 4 3
M[488] : 4 6 5 4 4 2 6 4 4 6 6 5 6 3 4 3 5 7 4 7 3 5 7 4 4 5 5 5 4 5 3 4 5 0 4 4 3 6 4 5 4 5 3 4 6 5 5 3 4 4 4 4 6 4 7 4 6
M[489] : 4 6 3 2 2 5 6 2 6 4 4 7 3 5 2 5 4 7 5 6 6 7 3 2 5 3 0 3 6 4 2 0 5 4 3 5 4 4 5 4 5 3 5 3 5 2 5 4 2 8 4 4 7 5 3 4 5
M[490] : 5 6 4 3 1 5 5 4 8 3 5 4 6 6 3 3 5 3 5 4 6 3 3 4 4 4 5 5 0 3 4 4 6 2 3 6 5 5 2 7 4 5 5 1 3 4 2 4 4 3 5 4 6 2 6 5 5
M[491] : 3 4 7 5 7 0 5 7 4 5 6 4 4 4 6 5 5 4 5 3 3 5 4 4 3 3 5 4 2 3 4 0 2 8 5 5 5 6 7 4 3 7 5 3 6 6 6 4 5 5 2 4 5 5 6 5 4
M[492] : 5 6 5 4 5 4 3 3 5 5 5 4 4 3 4 5 4 5 5 6 3 2 6 3 4 4 3 7 7 5 4 6 4 5 6 5 7 4 6 4 4 4 4 6 6 6 5 5 6 1 0 3 3 4 6 5 3
M[493] : 6 2 6 5 6 7 4 2 6 4 3 4 4 4 3 3 3 2 2 4 6 3 6 5 2 6 3 3 5 4 5 5 3 5 6 3 0 4 3 3 5 4 3 2 3 5 5 6 7 5 6 2 5 0 5 4 3
M[494] : 5 5 2 4 4 3 3 4 4 4 7 7 6 3 6 3 5 3 4 5 5 5 5 5 4 6 5 6 7 6 5 3 4 4 4 5 4 6 7 5 7 1 5 6 4 3 4 5 6 6 4 5 6 6 3 0 2
M[495] : 7 7 5 4 4 4 6 4 2 4 0 6 5 6 3 4 5 4 5 5 5 6 5 6 5 7 5 6 3 5 5 3 3 4 7 7 4 4 5 6 7 0 2 4 3 5 5 4 4 7 4 4 6 4 3 1 5
M[496] : 3 4 5 6 3 5 1 3 4 4 5 6 4 4 3 2 6 3 5 4 3 4 3 4 7 5 5 1 4 6 4 3 5 5 3 4 6 2 8 3 3 4 2 5 3 6 3 4 4 5 5 0 3 3 5 6 3
M[497] : 6 5 3 5 5 6 3 6 5 5 4 6 5 6 6 4 3 2 6 3 6 4 6 2 4 6 6 3 3 3 8 3 4 7 5 3 4 2 3 5 1 0 3 4 5 4 2 6 3 7 5 3 4 4 4 2 6
M[498] : 7 3 4 1 7 5 5 4 4 3 4 3 2 5 6 3 3 6 5 3 4 4 3 3 4 2 6 6 6 2 4 1 5 4 4 7 0 4 4 3 2 5 2 5 7 5 6 2 5 4 5 6 4 3 7 3 4
M[499] : 5 5 4 4 4 5 7 5 6 5 2 2 6 5 6 3 4 4 4 4 1 4 5 4 2 4 3 6 4 0 5 3 5 5 5 3 3 2 3 6 6 4 3 4 2 6 7 6 3 5 3 2 3 4 6 8 7

