 Execution de l'algoritme BITS sur le fichier dsjc250.5.txt
=====================================================================
 Partitions  : 
Vk[0] : 75 171 49 3 63 222 1 237 -->  8 éléments.
Vk[1] : 218 213 151 130 133 241 104 232 -->  8 éléments.
Vk[2] : 110 107 116 227 217 115 76 23 -->  8 éléments.
Vk[3] : 174 9 132 25 114 89 219 100 -->  8 éléments.
Vk[4] : 246 152 215 71 196 175 161 112 -->  8 éléments.
Vk[5] : 198 208 99 5 67 244 56 31 -->  8 éléments.
Vk[6] : 61 191 247 109 91 149 243 212 -->  8 éléments.
Vk[7] : 229 153 96 47 150 0 8 180 -->  8 éléments.
Vk[8] : 221 188 190 62 162 97 147 88 -->  8 éléments.
Vk[9] : 135 159 82 70 94 113 32 189 -->  8 éléments.
Vk[10] : 119 154 240 55 40 16 126 -->  7 éléments.
Vk[11] : 66 233 248 236 10 178 249 6 -->  8 éléments.
Vk[12] : 156 177 127 26 52 30 168 -->  7 éléments.
Vk[13] : 2 64 141 226 111 192 41 216 -->  8 éléments.
Vk[14] : 207 134 206 27 200 181 121 58 -->  8 éléments.
Vk[15] : 105 157 209 137 79 118 163 139 -->  8 éléments.
Vk[16] : 185 197 78 173 148 34 128 186 -->  8 éléments.
Vk[17] : 77 143 103 183 214 98 187 -->  7 éléments.
Vk[18] : 199 242 136 225 144 101 169 102 -->  8 éléments.
Vk[19] : 43 46 83 155 193 54 204 -->  7 éléments.
Vk[20] : 129 142 22 125 19 38 39 -->  7 éléments.
Vk[21] : 57 21 80 165 37 59 239 245 -->  8 éléments.
Vk[22] : 106 74 4 20 18 184 172 145 -->  8 éléments.
Vk[23] : 17 50 131 73 93 179 14 238 -->  8 éléments.
Vk[24] : 87 202 211 60 170 24 138 85 -->  8 éléments.
Vk[25] : 45 164 160 220 205 86 53 158 -->  8 éléments.
Vk[26] : 11 195 13 194 123 176 201 -->  7 éléments.
Vk[27] : 90 146 12 84 33 230 51 95 -->  8 éléments.
Vk[28] : 7 68 48 120 81 166 182 122 -->  8 éléments.
Vk[29] : 15 228 124 231 203 210 108 29 -->  8 éléments.
Vk[30] : 117 65 223 140 44 72 28 35 -->  8 éléments.
Vk[31] : 92 167 235 42 234 36 224 69 -->  8 éléments.
Matrice M
M[0] : 5 6 2 4 6 3 5 0 4 7 4 5 3 3 5 4 3 4 2 4 5 5 3 5 3 3 4 3 5 4 5 3
M[1] : 0 3 6 6 6 7 6 4 4 6 2 4 2 2 5 3 4 2 5 3 4 4 7 2 4 5 5 4 5 4 6 6
M[2] : 6 6 5 4 6 2 2 5 4 5 3 4 2 0 5 3 5 4 6 6 5 3 4 4 4 6 4 6 5 6 5 3
M[3] : 0 3 4 3 3 4 5 1 4 4 3 5 3 4 5 4 3 4 5 2 6 3 4 4 4 5 5 6 4 5 4 4
M[4] : 5 4 3 4 5 5 3 5 4 5 1 2 4 5 2 5 4 4 4 5 6 6 0 4 3 6 6 6 4 5 3 7
M[5] : 6 2 4 6 4 0 3 4 3 4 3 2 6 2 3 4 4 3 3 2 4 3 3 2 5 3 4 4 4 5 5 6
M[6] : 3 3 4 5 3 4 5 6 4 5 1 0 5 5 4 4 2 5 4 5 4 5 3 4 5 3 4 4 6 3 4 6
M[7] : 4 2 5 3 2 3 6 7 3 4 1 4 2 3 2 5 4 5 5 6 3 4 4 5 5 4 6 6 0 2 6 4
M[8] : 5 1 1 5 5 3 6 0 2 4 1 3 6 6 5 0 5 2 6 4 3 1 5 4 4 6 3 4 4 3 5 2
M[9] : 4 4 4 0 3 5 4 4 6 4 2 6 2 4 4 5 7 3 1 2 6 4 3 5 4 2 4 4 1 3 5 7
M[10] : 4 2 4 3 5 4 5 5 3 4 5 0 7 3 4 4 5 6 3 2 3 2 2 3 5 4 4 5 5 3 7 3
M[11] : 6 7 3 4 3 3 2 3 4 4 2 3 5 3 3 3 5 4 2 3 5 6 6 3 4 4 0 3 5 5 3 3
M[12] : 6 5 3 5 3 6 6 4 5 5 7 5 4 4 7 5 5 2 5 0 2 5 5 5 2 5 3 0 4 4 4 4
M[13] : 6 5 4 4 4 4 5 6 5 4 5 2 4 4 5 3 4 4 1 4 6 3 4 3 5 5 0 4 3 6 2 6
M[14] : 3 4 4 3 5 4 4 5 6 3 5 4 3 6 5 5 4 6 5 3 0 2 3 0 1 5 3 6 4 4 6 4
M[15] : 6 5 5 4 4 3 5 4 6 5 6 5 5 6 3 5 3 7 4 5 4 8 3 7 6 5 3 2 6 0 2 3
M[16] : 5 4 4 4 3 3 5 2 4 3 0 5 3 2 6 5 4 4 3 0 3 4 5 7 5 4 4 3 2 6 5 3
M[17] : 2 1 7 4 2 4 4 6 4 4 3 4 4 5 3 7 4 3 4 4 3 5 6 0 4 3 3 4 6 4 6 4
M[18] : 7 6 5 4 4 4 5 3 5 6 2 3 6 5 4 4 6 2 6 4 2 6 0 1 6 3 4 2 3 5 2 4
M[19] : 7 4 6 6 3 2 5 6 6 3 3 5 5 4 5 5 6 4 6 3 0 5 1 2 3 5 5 2 1 3 2 4
M[20] : 3 6 2 5 5 4 4 3 3 4 4 6 6 5 1 6 3 5 4 2 4 2 0 4 5 5 7 5 5 4 3 4
M[21] : 4 3 2 2 4 2 3 5 3 4 3 4 3 3 5 6 5 4 2 2 3 0 4 2 3 4 3 4 6 4 6 6
M[22] : 5 4 3 6 5 4 5 7 5 2 3 5 2 2 4 3 3 4 2 2 0 4 3 5 6 5 7 4 8 4 3 4
M[23] : 4 2 0 2 5 5 4 3 2 5 3 2 2 6 4 4 4 4 7 4 4 3 4 5 3 6 2 5 5 4 4 6
M[24] : 6 3 3 3 5 4 3 5 5 6 4 2 1 4 2 6 6 5 4 4 5 5 5 2 0 4 3 0 3 6 4 3
M[25] : 4 4 5 0 4 4 5 4 3 5 5 4 3 4 4 3 5 5 1 4 5 3 4 4 2 5 3 3 5 3 4 5
M[26] : 3 4 3 0 3 0 2 5 7 2 5 2 0 4 4 3 4 3 3 3 3 4 6 6 4 5 1 3 1 6 4 6
M[27] : 5 5 5 5 3 5 7 6 5 4 4 5 3 6 0 5 3 6 2 6 2 3 3 2 3 5 4 3 3 3 5 3
M[28] : 5 7 4 4 2 3 4 3 3 2 3 4 3 4 6 6 5 5 2 6 2 6 3 3 6 5 5 4 4 4 0 4
M[29] : 6 3 4 5 4 5 4 5 5 1 4 6 1 3 2 3 4 4 5 3 2 5 5 4 1 2 1 6 5 0 4 4
M[30] : 5 6 5 2 2 5 4 3 4 6 2 5 0 5 4 5 3 4 6 1 5 5 5 5 3 4 4 3 4 3 4 4
M[31] : 6 3 3 2 5 0 6 4 3 4 4 3 1 3 6 4 2 3 6 3 3 3 5 6 3 3 4 4 5 4 4 5
M[32] : 2 5 4 4 7 1 4 2 4 0 5 6 4 4 4 1 4 3 5 4 4 4 4 6 5 4 5 5 4 1 6 4
M[33] : 4 2 6 5 4 4 6 4 4 2 4 4 5 4 4 3 5 3 4 1 3 2 3 5 3 7 4 0 2 6 6 4
M[34] : 6 5 3 7 4 2 1 1 2 5 4 6 4 3 4 7 0 6 6 3 1 2 3 3 3 7 3 3 3 4 6 5
M[35] : 6 2 4 4 3 6 1 2 5 3 2 3 3 5 4 4 6 6 5 4 4 5 6 5 4 4 1 6 4 4 0 3
M[36] : 6 2 3 5 1 5 2 5 3 6 5 5 4 3 6 4 3 4 6 4 4 5 6 3 8 5 4 4 4 2 4 0
M[37] : 4 4 5 4 3 4 4 2 2 1 2 3 3 3 4 3 3 3 7 5 3 0 4 5 3 8 3 5 5 6 2 5
M[38] : 5 3 6 5 4 5 5 4 3 5 2 2 6 3 5 3 4 2 3 3 0 4 6 4 3 5 5 4 3 4 6 3
M[39] : 2 5 5 6 7 3 5 5 6 6 4 4 3 5 3 1 3 5 4 4 0 2 3 7 5 4 6 5 5 3 2 5
M[40] : 4 3 1 6 4 4 2 5 4 6 0 3 3 2 6 3 5 5 5 4 3 3 5 4 3 6 3 6 6 5 5 4
M[41] : 5 3 3 3 4 4 3 6 4 6 4 5 4 0 3 4 2 3 2 5 5 4 4 5 8 3 2 3 5 6 5 3
M[42] : 5 1 3 6 6 4 2 4 3 6 4 8 3 1 2 5 6 3 5 3 4 6 4 3 3 3 3 4 5 4 5 0
M[43] : 5 4 3 2 3 3 7 5 4 5 3 7 3 5 7 4 4 3 5 0 4 6 4 6 5 3 4 4 4 6 5 4
M[44] : 4 4 5 1 4 4 4 7 3 3 4 5 3 3 5 4 5 3 5 4 2 3 4 5 3 7 4 2 3 5 0 3
M[45] : 7 5 4 3 4 4 3 3 4 5 6 3 4 5 4 3 3 6 5 4 5 4 6 4 3 0 3 5 4 5 4 3
M[46] : 5 2 4 6 3 4 3 7 4 6 2 3 6 6 5 1 5 3 4 0 3 4 3 5 4 3 3 3 5 5 6 5
M[47] : 4 2 6 5 3 4 3 0 3 4 4 5 3 5 4 4 5 7 3 1 6 4 6 5 6 3 4 4 4 3 5 5
M[48] : 4 4 3 3 4 7 4 4 5 2 5 3 5 7 5 4 3 4 3 1 5 5 6 5 6 5 2 7 0 2 3 6
M[49] : 0 4 5 4 3 4 5 4 2 5 5 3 3 5 4 4 1 4 5 6 4 2 6 4 5 4 4 4 7 2 1 5
M[50] : 6 4 4 5 3 5 5 7 4 6 3 6 6 2 3 2 4 5 3 4 5 2 5 0 5 3 3 2 6 4 4 4
M[51] : 4 3 7 4 4 4 3 3 3 5 5 2 3 5 3 5 4 2 3 4 1 3 4 5 5 6 3 0 3 4 3 6
M[52] : 5 4 3 5 4 3 7 2 4 5 3 5 0 5 3 4 5 3 5 6 5 4 4 5 4 5 6 5 3 4 6 4
M[53] : 5 3 4 4 3 4 5 3 5 4 5 7 4 3 4 5 3 2 3 2 4 4 6 3 2 0 1 5 3 1 4 5
M[54] : 3 7 3 5 2 2 3 3 3 5 3 4 3 4 3 2 3 7 3 0 2 2 6 5 4 5 3 4 6 3 2 5
M[55] : 4 3 3 6 2 5 6 5 1 5 0 4 3 5 4 5 5 5 3 5 2 6 2 5 5 5 4 3 5 1 5 4
M[56] : 4 4 4 2 4 0 3 6 4 3 5 5 3 3 5 5 6 4 4 6 1 1 4 6 5 3 2 8 3 4 6 4
M[57] : 3 2 2 5 3 4 2 4 7 4 6 3 3 7 4 5 4 3 3 4 5 0 3 3 5 2 6 3 3 6 4 6
M[58] : 5 6 3 1 7 1 6 6 3 5 4 2 4 5 0 5 4 2 2 5 5 2 3 4 5 4 3 4 2 5 4 5
M[59] : 2 5 2 3 3 4 4 3 5 4 3 2 4 3 2 6 4 5 5 2 5 0 5 4 4 4 2 5 2 4 5 4
M[60] : 4 4 5 5 5 3 2 3 4 3 5 4 2 5 5 3 2 3 3 5 2 4 4 4 0 3 5 2 5 4 2 5
M[61] : 3 4 6 6 2 6 0 5 6 5 5 5 5 7 6 2 5 6 3 2 5 6 5 5 3 3 4 6 4 4 2 6
M[62] : 5 4 4 7 3 3 3 4 0 4 2 3 7 5 5 4 3 1 5 4 4 4 5 4 5 5 3 4 3 3 2 4
M[63] : 0 1 5 3 2 3 3 3 4 2 3 3 6 4 3 4 5 4 2 2 3 4 4 4 2 4 4 5 2 6 7 3
M[64] : 2 3 5 4 4 4 5 3 1 5 4 4 3 0 4 3 2 4 4 4 1 2 5 3 5 4 4 2 6 4 6 3
M[65] : 6 6 2 5 5 4 5 4 3 3 4 6 4 3 5 3 4 3 5 3 2 2 1 4 1 2 4 4 2 5 0 5
M[66] : 3 3 3 7 6 5 5 4 4 4 5 0 2 6 2 6 4 4 4 4 1 4 3 5 3 2 4 4 5 5 6 3
M[67] : 5 7 6 5 3 0 4 3 3 4 4 5 1 5 3 5 3 4 2 1 2 5 6 5 5 5 3 5 4 4 6 3
M[68] : 7 4 5 2 1 3 4 2 7 5 4 5 3 6 4 3 3 5 3 4 4 6 5 6 5 4 2 3 0 4 6 3
M[69] : 5 7 6 4 4 4 4 3 3 3 1 4 5 3 4 7 2 6 6 4 1 4 6 4 2 2 5 4 3 6 3 0
M[70] : 3 5 4 3 6 2 4 4 6 0 3 6 4 6 3 4 5 3 2 3 5 3 7 5 5 4 2 3 6 4 3 6
M[71] : 4 2 3 1 0 6 5 6 2 5 3 7 2 3 4 7 5 3 3 4 4 4 5 2 5 5 2 5 4 5 4 5
M[72] : 2 5 5 1 5 5 3 3 5 4 1 6 5 6 4 6 3 1 2 3 5 5 3 1 5 4 6 3 6 2 0 6
M[73] : 4 5 0 7 4 6 3 3 5 4 4 6 3 5 5 5 2 3 4 4 4 4 4 0 3 3 4 4 5 6 4 5
M[74] : 5 5 6 3 2 4 2 4 5 5 6 3 3 5 7 6 3 3 5 4 2 4 0 5 3 6 3 6 4 4 3 4
M[75] : 0 6 6 4 5 3 6 4 6 2 5 4 4 6 6 5 6 2 3 4 5 4 5 5 4 5 3 5 6 3 6 5
M[76] : 5 4 0 5 2 6 4 3 7 2 2 3 4 3 5 4 4 3 6 4 4 2 3 3 4 5 4 5 5 5 5 6
M[77] : 5 7 7 4 3 3 4 4 5 4 6 5 5 5 5 7 6 0 5 3 5 2 4 5 4 3 5 4 4 3 3 5
M[78] : 2 3 3 6 5 5 5 2 3 6 5 3 4 3 4 4 0 4 5 4 4 5 4 5 4 3 7 6 3 6 3 5
M[79] : 4 6 2 3 5 4 5 2 5 2 2 6 2 1 4 0 6 6 5 4 4 4 7 5 3 3 3 4 5 6 4 6
M[80] : 6 5 2 6 5 6 7 1 6 4 1 3 5 2 4 4 4 2 6 1 3 0 4 4 3 4 1 4 2 5 3 4
M[81] : 5 3 4 5 4 4 7 4 6 5 4 7 4 1 5 2 4 4 5 4 4 3 5 5 5 4 3 5 0 2 2 6
M[82] : 3 4 5 5 4 0 6 2 4 0 3 4 3 5 3 2 4 4 6 6 3 4 7 4 3 4 1 4 3 6 3 6
M[83] : 4 5 5 7 7 5 5 3 4 3 0 5 4 5 4 5 3 3 5 0 5 2 5 6 7 5 3 3 5 5 1 4
M[84] : 2 1 3 6 4 6 4 5 1 6 4 4 4 6 3 5 3 1 2 3 6 1 5 2 5 5 5 0 5 4 3 4
M[85] : 6 8 3 1 6 5 6 6 6 4 3 7 4 5 7 5 6 2 4 6 3 3 4 6 0 4 3 4 5 6 3 3
M[86] : 5 4 3 4 3 4 1 5 3 3 3 2 2 4 6 2 3 3 4 5 3 3 3 5 5 0 4 6 0 6 3 5
M[87] : 5 4 4 5 4 4 3 5 6 4 4 4 3 3 6 5 4 5 5 3 2 7 4 3 0 4 4 5 5 4 5 3
M[88] : 6 4 5 6 4 4 6 4 0 4 4 5 2 1 3 4 5 3 7 4 4 5 3 6 5 3 4 2 4 4 4 4
M[89] : 4 2 1 0 5 5 3 5 4 4 5 4 4 3 2 3 4 3 3 3 1 5 5 5 2 3 4 5 2 6 2 3
M[90] : 5 5 3 3 4 4 3 4 5 3 4 4 2 3 4 3 2 2 5 1 4 3 4 5 3 3 6 0 3 4 3 5
M[91] : 3 6 2 6 4 4 0 5 5 4 3 2 3 3 5 3 4 4 5 4 3 3 6 5 3 4 5 3 5 3 5 2
M[92] : 4 2 5 4 7 6 2 5 3 4 3 3 4 6 5 3 4 3 6 3 3 5 6 4 4 2 3 5 2 5 5 0
M[93] : 6 5 6 5 2 5 6 5 7 3 4 3 7 4 2 6 4 3 5 6 4 2 1 0 3 1 4 5 5 5 3 6
M[94] : 4 6 3 4 5 4 4 6 5 0 5 4 3 4 4 1 4 3 3 4 5 2 4 3 2 5 2 6 5 4 4 5
M[95] : 6 4 5 5 6 6 3 5 3 6 2 3 3 2 6 5 3 3 4 4 3 7 5 5 3 2 6 0 4 2 4 3
M[96] : 4 4 7 5 3 3 5 0 5 4 1 3 3 2 5 4 4 2 4 3 6 3 5 5 5 3 6 6 3 5 2 6
M[97] : 2 4 8 4 4 4 6 3 0 6 4 6 2 3 3 3 4 4 5 5 4 3 2 6 3 2 3 5 5 4 4 3
M[98] : 3 4 2 7 4 3 3 6 3 2 3 4 1 7 2 2 4 0 4 4 6 6 5 6 3 4 5 5 4 7 5 2
M[99] : 5 4 7 4 5 0 4 4 3 5 6 6 2 1 2 6 7 1 3 4 2 4 4 5 4 6 4 6 4 5 4 4
M[100] : 4 3 2 0 5 5 1 8 5 5 4 5 3 4 6 1 7 2 5 4 3 4 5 3 5 4 3 4 3 5 3 5
M[101] : 4 5 2 3 5 3 5 3 2 4 4 5 4 6 5 7 6 5 0 3 4 5 5 3 4 2 5 4 3 5 2 5
M[102] : 6 4 5 3 5 5 2 5 6 2 4 5 3 2 4 3 3 5 0 4 3 5 4 5 3 5 3 3 4 2 3 4
M[103] : 4 3 4 2 4 4 6 5 4 5 3 7 5 5 6 4 5 0 7 4 4 4 5 4 4 3 5 4 7 7 5 4
M[104] : 6 0 5 5 3 3 5 4 3 6 2 4 3 4 6 1 3 3 4 5 4 3 4 4 5 4 3 3 5 3 5 2
M[105] : 2 2 5 2 6 4 2 3 4 3 0 6 4 5 4 0 1 3 2 4 2 4 5 5 3 4 0 3 5 7 6 3
M[106] : 2 5 3 6 4 4 5 6 6 2 5 5 4 4 3 5 3 4 3 4 4 3 0 5 3 4 4 6 4 4 3 5
M[107] : 5 3 0 4 5 3 4 6 5 5 4 4 4 5 5 3 7 1 3 5 4 3 3 3 1 3 5 4 3 3 3 1
M[108] : 5 5 3 4 5 7 5 3 3 7 4 2 3 4 5 4 3 3 4 5 4 2 6 3 5 3 2 3 2 0 4 3
M[109] : 4 7 3 4 5 3 0 4 4 6 2 3 5 4 3 1 4 4 3 2 2 3 4 2 4 5 4 5 5 5 3 4
M[110] : 4 5 0 5 6 6 4 5 5 4 4 6 2 5 3 4 7 3 4 3 3 3 5 5 6 4 4 4 3 7 8 4
M[111] : 5 5 6 6 3 4 4 3 5 5 3 5 4 0 3 5 2 4 5 3 4 2 5 5 5 5 3 2 4 5 3 2
M[112] : 3 5 7 3 0 3 7 5 6 4 2 5 4 4 4 3 5 3 4 2 5 3 5 6 5 3 4 3 5 3 2 4
M[113] : 3 1 4 4 4 5 3 5 6 0 6 3 4 4 5 4 4 5 5 3 5 7 1 6 3 5 0 5 3 6 4 6
M[114] : 2 6 6 0 2 4 5 3 6 4 2 4 4 5 4 3 5 2 6 5 4 5 5 5 2 4 5 6 1 4 4 6
M[115] : 6 3 0 4 6 2 6 4 2 4 2 4 6 4 2 5 3 3 4 3 2 4 6 2 3 2 6 2 5 4 6 3
M[116] : 4 4 0 5 3 5 6 2 4 4 4 6 1 3 3 5 4 4 2 6 4 2 3 4 4 3 2 4 8 4 4 6
M[117] : 5 4 7 4 2 6 4 6 6 6 4 6 7 6 6 3 4 6 5 4 3 4 5 4 5 4 1 6 5 4 0 5
M[118] : 4 4 3 5 3 6 5 4 4 6 4 5 3 3 5 0 3 3 6 3 1 3 3 5 6 5 3 4 2 2 6 2
M[119] : 4 5 2 5 5 3 6 3 2 4 0 4 2 5 3 1 5 6 5 2 3 4 5 3 6 2 4 5 4 4 1 1
M[120] : 3 4 6 2 4 3 4 2 2 4 5 6 1 4 2 5 5 3 5 2 3 3 5 6 5 4 5 3 0 6 1 4
M[121] : 5 5 4 5 3 4 8 5 4 5 3 5 5 4 0 3 2 4 7 2 4 7 3 5 5 5 3 4 5 4 6 4
M[122] : 3 5 5 4 5 6 4 4 6 5 4 5 4 4 4 4 5 1 3 5 5 3 3 4 5 2 4 5 0 5 3 3
M[123] : 6 5 5 4 4 3 4 4 3 1 3 4 4 2 3 5 3 4 4 3 3 3 4 5 5 3 0 4 6 4 5 4
M[124] : 4 4 6 5 4 5 3 5 3 4 5 4 3 6 6 5 3 5 5 5 4 3 4 4 6 4 3 4 4 0 4 6
M[125] : 6 5 6 3 5 6 2 4 3 4 1 4 5 4 5 3 4 5 7 3 0 4 4 3 4 6 6 3 4 0 3 1
M[126] : 4 3 6 2 2 5 7 3 5 6 0 3 6 4 4 2 4 3 5 2 4 2 3 5 6 4 6 5 6 6 4 6
M[127] : 5 3 5 5 5 6 2 5 5 2 3 4 0 3 4 4 2 4 6 5 5 5 4 6 2 2 4 3 4 5 6 5
M[128] : 4 2 5 6 4 3 4 5 5 2 3 2 6 4 2 4 0 4 6 3 4 4 2 3 4 4 3 3 8 3 7 3
M[129] : 4 5 3 3 6 4 5 4 3 5 5 3 5 6 4 2 4 2 2 4 0 6 4 4 4 5 2 4 4 3 6 5
M[130] : 3 0 3 2 3 3 4 4 5 5 6 1 6 5 5 3 4 3 5 4 2 5 4 5 3 3 6 4 5 5 4 3
M[131] : 4 6 3 3 4 7 4 3 4 4 4 6 3 5 5 5 3 3 3 2 5 4 4 0 3 3 3 4 5 6 1 5
M[132] : 4 5 4 0 3 6 4 5 5 2 4 5 2 4 4 4 5 5 6 6 5 4 7 5 4 3 3 4 3 4 4 4
M[133] : 3 0 3 4 1 4 3 2 5 3 2 3 4 5 4 3 3 4 4 2 3 3 4 2 4 4 3 3 3 4 3 3
M[134] : 5 4 4 7 2 4 6 5 3 5 5 1 2 4 0 4 7 4 3 5 2 5 4 4 6 5 3 3 3 4 4 5
M[135] : 4 4 5 4 5 6 6 5 3 0 3 4 2 3 4 4 6 4 4 5 4 3 3 1 3 2 4 3 5 2 4 3
M[136] : 5 3 4 5 4 3 3 7 7 6 4 2 5 6 3 4 6 3 0 5 2 1 2 8 3 5 0 3 4 4 5 4
M[137] : 4 4 5 2 5 4 4 5 5 3 3 6 5 5 3 0 6 3 4 5 1 5 5 4 7 6 5 4 6 6 4 5
M[138] : 3 4 3 4 8 4 4 7 4 3 5 2 3 6 6 5 3 2 3 5 6 3 4 3 0 3 3 4 6 4 6 5
M[139] : 3 4 5 2 4 4 1 2 5 1 3 3 5 4 4 0 4 4 3 1 5 7 5 4 5 5 2 3 3 2 4 4
M[140] : 4 6 6 4 2 1 3 3 3 6 3 4 5 5 2 6 6 3 5 3 4 5 4 2 3 5 5 2 1 3 0 3
M[141] : 3 2 4 5 2 5 4 4 5 3 4 3 3 0 6 5 3 7 4 5 2 5 3 6 5 4 4 3 4 2 3 2
M[142] : 5 7 3 3 1 2 3 5 2 8 3 3 4 1 4 3 3 3 4 4 0 6 7 4 4 5 3 3 4 4 5 3
M[143] : 7 6 3 4 4 4 3 4 3 5 5 5 4 3 4 4 6 0 3 3 2 3 4 4 5 5 4 2 5 5 3 4
M[144] : 3 3 4 2 4 2 3 4 6 5 2 5 4 3 5 5 7 4 0 3 5 4 5 5 2 4 4 5 4 6 5 5
M[145] : 4 4 2 4 4 5 3 4 4 4 4 5 3 2 4 2 4 2 4 4 4 2 0 5 4 7 3 1 4 4 3 4
M[146] : 5 6 2 3 5 7 4 5 3 3 2 2 1 0 2 3 2 5 4 6 3 2 4 3 5 5 2 0 5 4 3 5
M[147] : 5 4 4 4 5 4 7 5 0 6 2 6 4 5 4 6 3 5 5 1 3 3 4 5 5 2 4 3 4 3 4 4
M[148] : 3 3 6 3 4 6 2 3 4 3 3 3 3 5 4 4 0 7 3 3 4 5 3 3 2 4 3 4 3 3 7 3
M[149] : 6 3 6 5 2 3 0 7 6 5 5 6 2 5 7 4 3 4 2 7 2 2 1 3 3 1 2 3 3 4 4 1
M[150] : 3 0 5 5 5 5 3 0 4 4 3 5 6 3 5 3 2 6 5 5 2 2 5 6 6 5 3 4 4 4 3 5
M[151] : 4 0 4 5 5 3 5 6 3 4 3 5 6 4 6 2 3 3 6 5 5 4 6 6 5 4 5 1 2 7 4 5
M[152] : 4 4 2 2 0 5 4 3 4 5 2 2 3 3 5 5 4 4 4 4 4 5 6 3 4 3 5 3 6 7 2 2
M[153] : 5 4 3 3 2 4 6 0 5 2 1 5 3 3 7 4 5 6 5 6 5 6 5 7 4 4 2 4 3 2 3 3
M[154] : 3 4 3 4 6 4 2 3 5 4 0 3 3 5 4 5 5 3 2 3 4 4 4 3 5 5 5 3 3 4 3 5
M[155] : 4 3 4 2 5 4 4 3 3 7 3 1 5 5 6 6 4 4 6 0 1 4 4 1 5 4 4 2 3 6 6 5
M[156] : 4 4 3 5 5 5 3 6 4 4 3 3 0 3 2 7 5 5 4 4 4 5 5 6 4 3 5 4 4 4 6 3
M[157] : 7 3 3 3 3 5 4 2 3 4 3 1 3 5 3 0 3 5 4 3 2 5 5 2 4 2 4 6 2 4 3 7
M[158] : 3 4 5 5 6 6 4 3 6 5 1 5 2 6 5 4 6 2 5 5 4 3 5 4 4 0 5 5 6 4 5 2
M[159] : 6 4 4 3 3 6 5 4 4 0 4 1 5 6 5 5 3 4 5 4 4 5 5 5 3 6 2 5 4 5 4 4
M[160] : 4 3 5 3 5 4 4 4 4 2 2 2 2 4 4 2 6 3 6 1 3 5 6 3 4 0 3 3 4 2 5 4
M[161] : 6 3 4 5 0 4 2 4 2 6 2 3 5 6 3 4 5 3 3 6 3 4 3 5 4 5 5 4 0 4 2 3
M[162] : 5 2 3 5 3 4 5 4 0 5 1 3 6 2 4 3 4 3 8 5 0 6 2 4 4 6 3 3 5 5 3 3
M[163] : 2 4 3 4 6 5 3 2 3 3 5 6 4 4 3 0 5 4 4 4 4 5 4 4 1 5 2 4 4 5 4 3
M[164] : 3 5 4 3 4 3 5 3 5 3 5 5 4 4 6 7 6 3 6 4 6 4 6 1 4 0 3 4 3 6 4 2
M[165] : 6 1 4 6 3 5 5 4 5 5 2 3 3 5 2 3 6 4 4 4 3 0 4 5 6 3 1 2 6 4 4 3
M[166] : 6 4 4 4 5 5 4 2 5 7 4 5 2 5 2 4 3 3 6 5 3 4 4 5 5 3 4 1 0 4 3 5
M[167] : 6 3 5 5 3 6 4 4 4 5 5 1 4 3 4 3 4 3 2 1 3 5 4 4 5 2 5 5 4 1 3 0
M[168] : 2 7 3 5 5 3 4 6 5 4 4 7 0 3 3 3 4 2 5 5 4 2 4 4 4 2 4 3 4 4 4 3
M[169] : 4 4 6 3 3 4 6 4 5 5 3 5 5 7 3 2 3 5 0 3 4 2 5 5 6 4 1 5 4 4 3 4
M[170] : 3 3 2 4 4 5 3 3 6 2 6 3 2 6 4 3 2 4 5 4 4 4 5 3 0 4 6 2 6 3 5 5
M[171] : 0 5 3 5 3 5 4 5 5 3 5 5 4 3 5 4 3 2 4 6 7 6 6 4 4 4 4 5 5 7 4 4
M[172] : 5 4 3 6 8 5 6 7 4 5 2 4 4 5 4 5 1 3 6 4 2 2 0 2 3 5 5 5 7 4 6 7
M[173] : 2 5 5 3 5 5 5 5 4 2 4 3 2 4 4 3 0 5 6 4 4 4 6 2 5 4 4 2 1 6 5 4
M[174] : 3 5 5 0 6 2 3 4 6 2 4 5 5 4 3 2 4 4 2 5 4 6 3 4 6 4 3 3 4 4 4 3
M[175] : 3 3 3 6 0 5 3 4 3 7 3 6 4 3 5 2 4 5 3 5 4 0 3 7 5 3 1 6 3 6 2 6
M[176] : 6 5 5 3 5 3 1 5 6 3 3 6 1 5 3 4 4 1 5 2 4 5 6 5 4 3 0 5 3 3 6 5
M[177] : 2 4 4 5 5 3 5 4 4 5 3 2 0 4 6 2 5 3 5 4 4 5 5 5 1 4 4 5 5 4 4 4
M[178] : 3 5 6 4 4 4 5 4 3 5 3 0 3 3 3 6 3 5 5 4 6 4 6 3 4 5 3 4 7 4 5 4
M[179] : 7 4 3 3 8 6 4 6 6 4 4 4 5 5 4 3 3 5 7 3 2 4 2 0 6 4 3 4 5 6 2 3
M[180] : 4 3 2 5 3 4 3 0 5 4 5 3 3 4 6 1 4 3 5 5 5 2 1 4 4 5 7 4 3 4 4 3
M[181] : 5 7 4 2 5 5 2 4 4 2 4 3 3 4 0 3 2 2 5 3 6 4 4 4 5 6 4 6 5 2 3 1
M[182] : 3 4 2 1 5 5 5 4 3 4 3 7 4 6 4 4 4 3 2 5 2 5 5 4 4 3 3 2 0 4 4 2
M[183] : 4 3 7 4 3 4 6 5 3 3 5 5 3 3 4 5 5 0 5 6 3 3 2 5 7 3 3 3 2 7 4 6
M[184] : 5 2 7 5 6 6 3 5 3 5 4 3 3 4 3 5 4 3 2 3 4 5 0 4 6 2 3 2 6 3 4 4
M[185] : 3 4 5 5 4 3 5 5 6 6 2 5 0 2 3 4 0 5 5 4 3 3 2 6 5 4 5 1 7 4 5 4
M[186] : 4 4 3 5 2 3 3 5 6 6 4 4 5 5 5 7 0 3 4 4 2 5 4 3 3 3 1 4 2 3 2 7
M[187] : 4 5 3 4 5 4 5 6 5 6 3 5 2 4 4 4 6 0 5 4 3 4 5 2 5 3 5 3 4 4 5 1
M[188] : 4 5 2 6 5 4 5 4 0 5 3 2 3 6 7 7 5 3 5 2 4 4 5 5 7 7 5 3 5 6 6 3
M[189] : 4 4 4 4 6 6 6 4 5 0 2 5 3 3 4 5 5 5 4 2 3 4 5 4 6 1 4 4 6 6 3 5
M[190] : 2 6 6 2 3 4 3 3 0 4 4 2 5 5 4 4 5 4 4 3 4 5 8 3 6 6 5 4 7 6 4 1
M[191] : 4 5 4 3 5 6 0 3 5 5 5 3 3 3 5 6 3 3 5 3 4 3 2 7 4 2 2 5 5 5 4 4
M[192] : 5 5 5 4 3 5 3 3 2 3 2 3 3 0 3 6 6 4 5 3 4 4 5 3 5 6 5 5 8 5 5 5
M[193] : 5 5 4 3 7 4 3 6 2 3 4 2 3 4 7 5 6 4 3 0 4 4 4 3 3 4 2 4 4 5 6 3
M[194] : 2 6 6 4 5 2 4 3 3 2 5 2 6 6 6 3 7 6 2 4 5 1 6 6 4 1 0 4 4 1 3 4
M[195] : 6 6 5 4 3 6 6 8 5 1 6 6 4 5 2 4 3 5 2 2 5 3 6 3 5 2 0 5 5 2 6 5
M[196] : 3 2 6 5 0 1 3 4 3 6 7 5 2 2 5 4 4 3 5 4 6 3 6 3 7 4 2 6 2 4 4 5
M[197] : 6 4 7 7 6 5 4 5 4 5 4 5 4 4 6 3 0 3 4 4 5 3 4 3 4 5 3 4 4 2 3 5
M[198] : 4 5 5 5 3 0 6 5 6 3 4 4 3 4 2 4 4 5 5 2 5 5 4 7 7 7 2 7 4 6 2 4
M[199] : 2 7 5 3 5 7 5 3 6 3 7 2 4 6 5 5 7 4 0 4 4 6 3 5 4 6 2 1 6 4 6 7
M[200] : 3 3 2 5 4 5 5 6 6 3 4 3 3 4 0 2 6 4 4 3 3 2 4 3 6 5 4 3 4 4 6 3
M[201] : 3 3 4 3 3 3 6 3 3 5 5 4 4 2 5 1 3 5 4 5 6 2 3 2 5 5 0 5 3 2 4 5
M[202] : 3 2 3 4 3 7 1 5 6 3 4 5 4 7 4 3 4 4 4 4 3 4 2 2 0 6 4 6 6 4 4 4
M[203] : 1 3 3 5 5 4 5 2 6 5 4 5 3 4 5 4 3 4 4 5 2 3 4 6 3 5 5 5 3 0 6 1
M[204] : 5 3 6 6 5 2 3 5 7 2 2 6 4 5 3 5 4 3 4 0 4 3 4 5 7 6 4 4 5 5 4 3
M[205] : 5 5 4 4 8 4 5 5 5 5 3 2 4 4 4 5 3 2 1 5 6 5 3 3 5 0 2 5 2 3 4 3
M[206] : 5 8 4 3 5 4 4 3 3 5 3 4 3 3 0 4 4 2 5 4 4 3 4 3 3 4 2 5 3 4 5 5
M[207] : 4 8 2 5 5 3 2 7 6 3 5 5 3 3 0 6 4 5 7 7 4 2 3 5 6 2 4 4 3 4 4 5
M[208] : 4 5 3 5 5 0 4 5 5 4 0 3 5 4 6 4 3 3 4 2 4 5 4 4 3 3 3 4 5 4 3 6
M[209] : 5 4 4 3 2 4 3 4 6 4 4 4 2 6 6 0 8 3 5 4 1 2 4 6 5 3 4 4 4 3 5 5
M[210] : 5 3 6 2 4 6 5 4 5 2 4 3 4 6 4 5 5 4 4 4 1 6 5 5 6 4 2 4 3 0 2 4
M[211] : 5 4 4 2 3 4 6 3 4 5 5 4 3 3 5 4 3 6 1 4 4 5 5 5 0 6 4 5 4 5 4 4
M[212] : 7 7 2 3 5 2 0 7 5 5 5 6 2 3 6 5 4 5 7 3 2 5 3 5 4 5 4 4 6 2 2 4
M[213] : 6 0 4 4 6 6 7 2 2 4 5 5 2 4 5 6 4 5 4 3 6 3 4 4 6 2 5 6 4 2 6 4
M[214] : 3 4 1 1 5 6 5 5 3 6 4 4 4 4 4 5 5 0 5 3 2 6 1 5 3 4 2 0 2 4 4 4
M[215] : 5 6 6 6 0 3 6 5 3 3 6 4 4 3 5 4 4 4 4 5 3 3 5 2 4 5 5 3 4 2 6 3
M[216] : 5 6 5 7 3 2 6 4 5 4 4 2 4 0 6 4 5 3 7 3 2 5 4 5 2 2 2 2 3 5 7 7
M[217] : 2 4 0 5 4 3 3 3 6 3 4 2 4 6 2 3 3 5 3 2 5 8 2 2 3 5 6 5 2 5 4 6
M[218] : 4 0 2 4 2 4 5 4 4 3 3 5 3 5 8 5 4 5 5 4 6 4 5 5 3 6 4 3 4 4 3 4
M[219] : 5 2 6 0 5 2 7 4 4 5 5 4 4 7 6 3 5 2 4 2 4 4 5 5 3 4 1 6 5 2 4 4
M[220] : 5 4 5 3 2 6 2 5 5 4 4 3 3 2 3 5 4 4 2 4 4 3 3 2 7 0 2 4 7 5 5 4
M[221] : 4 3 4 5 2 4 5 4 0 3 4 4 4 4 4 4 5 3 4 3 5 3 5 5 6 6 2 3 4 4 4 5
M[222] : 0 4 2 1 4 5 7 7 2 3 3 3 1 5 4 4 4 6 5 5 3 7 1 5 4 5 5 5 3 6 5 5
M[223] : 5 3 6 7 5 6 5 4 3 4 5 6 4 7 5 4 5 2 3 3 5 4 1 4 6 3 3 4 3 3 0 2
M[224] : 2 6 4 5 6 5 3 4 2 5 5 5 3 5 2 5 6 3 4 6 3 6 5 6 6 4 4 2 7 3 2 0
M[225] : 4 6 2 6 1 3 4 3 4 6 1 2 5 3 5 3 4 3 0 6 2 6 5 4 3 3 1 5 3 3 4 4
M[226] : 3 6 3 2 3 1 2 3 5 4 4 6 4 0 3 3 5 2 6 5 2 6 5 5 5 2 3 3 1 5 5 3
M[227] : 7 2 0 3 3 6 2 5 5 6 2 3 3 4 4 2 5 4 3 2 6 4 5 6 3 6 3 5 3 5 5 5
M[228] : 4 5 4 3 3 2 5 5 5 5 4 5 6 7 3 5 5 6 3 3 2 4 2 2 5 6 5 4 3 0 3 4
M[229] : 3 5 5 5 6 8 5 0 3 3 4 3 4 5 5 4 3 5 3 4 3 5 7 5 5 2 3 6 3 5 5 6
M[230] : 6 2 5 4 5 6 4 5 3 5 2 2 4 2 3 3 3 3 5 5 3 5 3 3 2 4 1 0 6 4 5 5
M[231] : 6 6 6 3 4 5 3 2 2 5 2 1 5 2 2 4 5 4 5 5 2 5 4 7 4 3 2 4 3 0 5 4
M[232] : 5 0 4 3 4 5 5 3 5 3 4 3 4 5 6 4 7 3 4 4 5 6 5 4 1 5 5 3 4 5 6 3
M[233] : 5 3 2 5 5 4 2 2 6 4 2 0 1 3 4 4 5 6 2 5 2 3 5 5 3 5 3 1 6 4 5 4
M[234] : 6 3 5 6 2 3 4 3 5 5 2 2 3 4 5 6 7 1 6 4 3 2 3 6 2 5 3 6 5 3 3 0
M[235] : 4 4 6 2 3 6 3 5 4 5 3 5 3 3 3 2 4 3 4 4 4 5 5 5 2 5 5 6 3 5 6 0
M[236] : 2 2 4 5 4 4 4 4 2 3 3 0 2 2 2 5 4 1 4 4 5 4 4 5 2 3 4 3 5 5 4 4
M[237] : 0 7 6 4 4 7 4 5 6 4 3 3 3 5 5 3 4 6 3 3 2 4 3 5 8 5 5 4 3 4 4 6
M[238] : 1 5 3 6 6 4 2 6 2 6 3 1 6 4 3 2 4 3 8 5 6 5 5 0 3 3 4 4 4 3 2 4
M[239] : 6 5 6 4 1 1 4 5 3 5 3 4 5 4 4 5 2 4 4 4 4 0 2 2 6 1 3 2 5 4 4 8
M[240] : 5 6 6 4 4 4 5 2 3 3 0 1 3 5 5 3 1 3 5 1 2 1 4 3 6 3 3 5 4 7 3 5
M[241] : 2 0 2 4 4 4 5 0 5 5 3 3 4 4 6 7 2 6 5 2 2 1 4 4 5 5 6 5 3 4 6 4
M[242] : 4 5 4 3 3 4 4 4 7 3 3 4 4 6 5 4 3 5 0 2 4 5 5 4 4 3 4 6 4 6 4 6
M[243] : 7 1 3 2 6 5 0 1 5 4 4 4 3 2 5 3 3 3 3 3 7 3 5 2 5 3 3 4 4 7 5 2
M[244] : 4 2 4 4 3 0 4 3 4 3 2 5 4 5 4 4 3 5 4 4 5 4 7 6 4 5 2 5 7 5 5 7
M[245] : 3 4 6 5 4 4 3 4 2 5 4 4 4 4 3 3 3 3 3 3 5 0 4 3 5 5 4 3 4 3 6 2
M[246] : 2 3 3 5 0 5 4 2 6 4 1 5 5 4 3 5 3 3 4 2 2 4 5 6 4 7 3 5 6 2 6 4
M[247] : 6 6 7 3 5 5 0 4 4 4 4 6 4 2 3 3 3 3 4 4 5 7 5 3 2 6 4 3 6 5 4 1
M[248] : 7 5 2 5 5 4 3 4 6 2 3 0 5 6 5 5 4 4 4 1 3 1 3 4 5 4 1 2 4 5 4 5
M[249] : 3 6 5 3 5 4 6 3 3 6 1 0 3 4 4 3 4 4 4 3 2 3 5 5 4 3 4 3 4 2 5 4

