 Execution de l'algoritme BITS sur le fichier dsjc500.5.txt
=====================================================================
 Partitions  : 
Vk[0] : 131 186 431 241 346 281 118 138 473 -->  9 éléments.
Vk[1] : 104 80 378 160 61 451 84 40 437 -->  9 éléments.
Vk[2] : 215 465 427 482 2 242 460 135 132 -->  9 éléments.
Vk[3] : 428 320 206 459 405 306 6 103 321 -->  9 éléments.
Vk[4] : 268 175 99 289 89 386 413 196 369 -->  9 éléments.
Vk[5] : 216 424 221 285 284 224 180 310 417 -->  9 éléments.
Vk[6] : 106 18 142 299 217 163 385 257 3 -->  9 éléments.
Vk[7] : 173 199 128 43 174 304 53 278 204 -->  9 éléments.
Vk[8] : 152 397 339 219 77 420 133 9 205 -->  9 éléments.
Vk[9] : 4 7 334 83 336 352 408 123 -->  8 éléments.
Vk[10] : 192 22 439 16 458 356 481 136 156 -->  9 éléments.
Vk[11] : 126 72 184 100 483 449 88 351 -->  8 éléments.
Vk[12] : 190 36 193 416 497 464 8 391 359 -->  9 éléments.
Vk[13] : 406 280 490 297 66 348 227 87 360 -->  9 éléments.
Vk[14] : 214 327 462 319 328 109 195 272 148 -->  9 éléments.
Vk[15] : 85 489 202 14 68 26 365 48 488 -->  9 éléments.
Vk[16] : 220 487 363 179 382 466 296 476 31 -->  9 éléments.
Vk[17] : 231 159 342 125 295 50 115 63 226 -->  9 éléments.
Vk[18] : 419 440 409 141 445 307 471 469 -->  8 éléments.
Vk[19] : 236 137 112 33 423 341 168 390 86 -->  9 éléments.
Vk[20] : 282 353 256 429 412 314 270 212 461 -->  9 éléments.
Vk[21] : 157 450 267 475 470 362 200 113 395 -->  9 éléments.
Vk[22] : 67 42 164 127 51 361 182 203 -->  8 éléments.
Vk[23] : 38 371 463 374 45 124 237 34 415 -->  9 éléments.
Vk[24] : 264 401 78 107 312 147 153 95 -->  8 éléments.
Vk[25] : 355 258 144 344 91 218 90 41 158 -->  9 éléments.
Vk[26] : 486 244 225 318 27 188 288 333 -->  8 éléments.
Vk[27] : 96 39 262 169 279 418 19 277 358 -->  9 éléments.
Vk[28] : 55 426 176 116 150 499 392 276 305 -->  9 éléments.
Vk[29] : 335 170 79 309 254 12 130 151 263 -->  9 éléments.
Vk[30] : 210 111 102 477 315 248 283 387 -->  8 éléments.
Vk[31] : 208 229 13 211 377 197 230 76 121 -->  9 éléments.
Vk[32] : 20 366 441 92 303 491 183 240 322 -->  9 éléments.
Vk[33] : 251 337 44 447 30 5 493 223 -->  8 éléments.
Vk[34] : 388 381 101 325 330 49 69 201 345 -->  9 éléments.
Vk[35] : 209 389 380 259 323 494 273 187 105 -->  9 éléments.
Vk[36] : 65 120 402 435 255 372 29 443 -->  8 éléments.
Vk[37] : 1 410 25 171 58 114 329 57 -->  8 éléments.
Vk[38] : 82 383 331 94 442 207 432 56 198 -->  9 éléments.
Vk[39] : 37 400 414 234 324 446 472 495 -->  8 éléments.
Vk[40] : 478 28 376 399 452 117 222 338 -->  8 éléments.
Vk[41] : 375 161 311 47 317 149 421 162 298 -->  9 éléments.
Vk[42] : 17 249 313 407 185 457 438 368 293 -->  9 éléments.
Vk[43] : 260 23 275 81 189 129 357 301 54 -->  9 éléments.
Vk[44] : 422 479 246 191 271 172 404 64 119 -->  9 éléments.
Vk[45] : 436 52 93 233 21 62 274 394 291 -->  9 éléments.
Vk[46] : 146 292 300 143 484 239 433 308 -->  8 éléments.
Vk[47] : 35 145 250 245 10 448 316 398 46 -->  9 éléments.
Vk[48] : 265 194 364 0 155 252 454 396 367 -->  9 éléments.
Vk[49] : 467 411 235 349 232 74 340 302 485 -->  9 éléments.
Vk[50] : 154 177 266 24 269 370 326 261 373 -->  9 éléments.
Vk[51] : 59 287 122 15 238 32 456 166 253 -->  9 éléments.
Vk[52] : 165 178 434 286 444 347 430 139 332 -->  9 éléments.
Vk[53] : 294 384 140 181 98 498 11 453 97 -->  9 éléments.
Vk[54] : 455 492 75 379 496 425 354 213 167 -->  9 éléments.
Vk[55] : 247 343 474 71 468 134 393 243 110 -->  9 éléments.
Vk[56] : 108 290 228 350 480 73 403 60 70 -->  9 éléments.
Matrice M
M[0] : 6 5 7 4 6 4 4 6 5 3 6 4 6 3 3 6 5 5 6 4 5 5 4 5 3 3 7 3 3 1 5 4 7 4 2 7 5 4 5 4 1 6 3 3 5 6 7 5 0 7 5 5 5 3 5 4 7
M[1] : 6 4 3 6 4 4 4 5 3 3 6 5 6 6 5 6 3 4 5 4 2 4 5 4 7 3 4 5 3 6 6 3 3 3 2 6 3 0 4 4 4 6 5 8 4 6 5 7 5 5 4 4 5 5 5 6 6
M[2] : 5 5 0 4 3 6 5 5 5 4 4 6 5 4 4 3 0 6 3 8 5 6 1 4 5 5 2 4 2 7 6 5 5 6 6 5 5 5 3 5 4 6 5 3 4 5 6 4 3 4 6 3 3 4 4 6 5
M[3] : 7 5 4 5 6 6 0 3 4 4 8 6 4 6 3 4 5 6 6 6 6 5 3 3 5 4 3 4 2 8 5 5 5 5 5 5 6 6 4 5 4 6 3 3 6 7 3 7 3 5 4 3 5 6 5 5 5
M[4] : 3 6 3 6 5 6 4 5 6 0 5 5 6 7 5 3 3 5 5 5 5 5 3 5 2 5 4 6 5 5 2 5 3 6 4 5 4 6 4 3 4 5 3 4 5 6 4 3 4 3 5 7 6 5 6 5 5
M[5] : 4 4 7 3 2 4 6 1 3 7 4 4 7 4 8 5 7 5 6 4 4 4 1 7 4 3 5 5 3 3 4 6 6 0 7 4 4 3 7 5 6 3 4 6 7 2 3 3 4 4 6 5 5 3 7 5 6
M[6] : 2 4 5 0 7 5 7 4 4 5 4 2 5 7 4 3 5 5 4 6 3 7 4 6 2 3 4 4 3 6 5 5 6 4 4 6 4 4 3 4 3 3 4 8 2 7 2 3 7 3 3 5 4 6 7 3 3
M[7] : 4 4 6 5 3 4 5 4 6 0 5 2 6 3 5 4 3 5 5 5 5 7 3 4 4 4 5 1 6 3 3 7 7 2 4 7 5 2 3 4 3 5 3 4 4 5 4 4 4 6 5 3 3 7 7 3 1
M[8] : 6 8 3 6 6 5 2 6 4 6 7 0 0 7 4 7 4 5 6 5 4 4 4 5 4 6 6 5 3 5 6 3 6 5 2 3 6 4 4 6 4 4 6 8 5 5 3 2 6 8 7 2 3 4 4 4 3
M[9] : 6 6 5 2 4 5 4 5 0 4 6 4 2 4 6 3 4 2 5 6 6 4 5 7 2 4 5 3 5 4 6 4 4 3 4 4 3 7 4 3 4 5 5 6 5 4 4 5 5 7 5 2 6 5 3 7 6
M[10] : 5 5 4 4 6 6 6 5 6 2 6 2 6 6 3 4 5 2 5 4 3 6 4 5 2 5 6 2 5 4 4 3 2 3 5 6 3 4 6 5 4 5 3 5 3 5 3 0 4 8 5 2 2 6 7 4 1
M[11] : 5 4 7 3 7 5 8 5 6 6 3 4 5 4 3 3 6 0 2 4 5 4 8 5 5 2 4 4 4 6 5 3 6 5 4 6 3 5 4 4 3 2 4 5 5 2 4 5 2 4 5 7 6 0 6 3 7
M[12] : 1 6 4 5 4 3 5 4 7 3 4 2 5 3 4 4 2 5 5 6 5 3 2 6 5 5 4 3 4 0 4 6 4 4 2 7 3 4 3 5 3 4 5 6 4 4 2 3 3 4 5 3 7 7 3 3 4
M[13] : 4 7 8 5 4 6 4 5 4 4 4 2 4 3 5 7 4 4 5 5 3 5 2 7 4 4 4 7 1 6 7 0 4 2 3 4 6 5 5 8 6 6 5 5 7 5 6 6 5 7 7 4 5 6 5 7 7
M[14] : 6 4 5 4 5 4 4 5 3 5 3 4 4 5 4 0 8 7 3 6 3 4 6 4 5 5 3 5 3 4 5 7 4 7 7 3 3 6 7 4 4 4 5 6 6 3 3 4 7 5 5 5 4 5 3 6 4
M[15] : 4 5 3 5 5 6 4 5 6 6 8 3 2 2 4 4 5 4 3 6 6 5 5 6 6 4 5 6 6 3 5 3 2 6 5 5 7 2 5 6 3 3 6 2 5 6 5 6 3 4 5 0 5 4 6 5 3
M[16] : 3 4 5 2 4 3 5 4 7 6 0 6 5 3 4 4 3 4 4 3 7 5 2 3 7 4 6 3 4 5 2 4 6 5 6 4 3 3 3 6 5 7 5 2 5 6 5 5 6 6 4 5 6 4 5 2 5
M[17] : 4 7 5 6 2 4 4 3 6 6 5 3 4 7 2 3 3 6 3 2 4 4 7 7 4 6 3 5 7 3 3 4 4 3 3 4 6 5 4 2 3 3 0 4 2 5 7 5 5 4 7 6 6 6 3 6 5
M[18] : 4 4 5 7 5 5 0 5 7 4 6 5 4 5 5 5 3 4 4 6 3 6 4 4 4 4 3 4 7 5 4 4 5 4 3 3 3 4 2 3 2 7 2 4 5 5 5 2 6 7 5 5 6 7 3 1 3
M[19] : 8 4 3 4 3 4 2 5 4 2 3 6 3 5 4 3 4 5 4 5 8 6 3 4 5 4 5 0 8 4 5 5 1 6 2 4 4 3 4 3 1 5 1 5 5 6 5 6 5 5 6 5 4 5 5 3 4
M[20] : 6 4 4 5 5 3 4 5 4 5 6 5 6 4 4 4 5 4 6 6 7 4 4 4 4 4 6 6 3 6 5 1 0 4 5 5 3 5 4 2 6 5 5 8 5 5 1 3 2 2 7 4 2 6 3 5 5
M[21] : 2 6 2 8 2 3 5 5 8 7 5 4 2 5 7 6 4 4 5 7 5 9 2 3 3 3 3 4 5 4 4 4 5 3 6 4 1 6 7 6 4 4 4 6 4 0 4 5 3 8 3 4 6 5 4 3 2
M[22] : 5 3 1 5 5 4 5 4 2 3 0 4 3 4 2 6 3 3 5 8 6 5 5 4 3 7 1 4 5 3 5 5 6 4 2 7 2 3 4 4 6 5 4 6 4 7 3 4 4 3 7 4 8 5 3 5 4
M[23] : 7 4 4 4 4 4 4 7 3 4 7 3 5 5 7 5 4 4 2 5 3 6 5 6 4 3 7 4 6 5 5 5 5 3 7 4 3 4 6 2 4 2 5 0 5 6 5 5 5 2 3 4 3 5 5 5 5
M[24] : 6 5 7 5 4 3 4 5 5 5 3 5 5 4 2 3 2 3 5 3 6 8 5 5 4 3 3 4 5 1 3 7 6 2 2 3 5 3 3 5 3 4 4 7 4 0 4 7 6 6 0 3 5 4 6 6 6
M[25] : 4 5 7 2 4 4 3 6 6 4 5 5 3 3 3 3 5 3 6 4 6 5 3 4 3 5 4 3 6 4 5 4 3 3 5 5 3 0 4 3 2 4 4 5 5 3 6 5 5 7 4 4 4 4 2 4 4
M[26] : 6 6 6 3 5 6 5 6 5 4 3 4 4 5 1 0 3 8 4 4 3 3 5 5 6 4 4 5 2 6 4 7 5 0 4 4 4 4 8 5 4 5 6 6 4 5 5 3 3 6 6 7 6 3 4 5 3
M[27] : 5 3 5 3 4 7 6 2 6 4 5 5 7 4 4 4 6 3 1 6 5 5 5 5 5 4 0 6 5 6 2 4 5 4 4 6 4 2 5 4 4 5 3 4 5 4 6 5 5 4 3 5 5 5 3 5 7
M[28] : 3 5 7 3 4 4 2 3 8 3 4 5 6 7 7 3 5 3 4 3 5 3 5 3 3 7 2 6 4 4 3 5 4 4 3 3 1 3 7 6 0 2 3 5 2 7 7 6 6 4 5 5 3 3 7 9 3
M[29] : 5 3 5 4 4 5 5 4 6 3 3 1 4 5 4 3 5 6 4 1 5 2 5 4 5 4 2 2 4 6 4 2 4 6 6 7 0 3 3 4 6 3 2 5 5 1 3 3 5 7 3 6 5 5 5 6 6
M[30] : 4 7 5 5 6 5 6 6 6 3 5 5 5 5 6 6 3 4 5 6 6 7 2 1 3 6 1 7 5 4 5 3 7 0 7 5 5 6 6 4 5 7 4 4 5 3 4 3 4 4 6 6 5 4 2 5 6
M[31] : 3 4 4 5 6 3 2 7 5 5 1 4 4 6 5 6 0 3 5 6 3 5 4 5 4 1 6 6 4 4 5 3 5 5 5 5 5 6 5 4 4 7 3 6 2 5 5 4 4 4 4 5 6 6 5 4 7
M[32] : 4 4 5 3 6 3 2 7 5 4 4 3 5 5 4 4 4 4 5 4 7 8 2 3 3 4 3 7 3 4 6 4 7 4 6 5 5 2 5 3 4 5 8 3 5 5 3 7 2 3 4 0 2 2 2 7 7
M[33] : 3 6 6 5 3 4 5 7 5 4 4 4 7 3 6 7 4 6 3 0 5 7 6 5 5 5 4 6 7 4 6 3 3 3 4 7 3 3 7 4 5 2 5 4 5 4 1 5 4 5 4 6 5 4 7 4 4
M[34] : 6 7 5 4 2 5 6 2 6 6 4 5 4 5 5 7 3 6 3 3 2 4 3 0 6 6 6 4 6 6 5 4 6 5 5 3 6 4 6 5 4 3 5 6 4 4 4 6 5 6 7 4 6 6 6 6 3
M[35] : 2 2 5 5 4 4 4 1 4 4 4 4 6 5 4 4 5 3 6 5 3 4 5 7 4 2 2 3 5 5 4 5 6 5 3 7 6 6 4 3 2 6 7 6 7 2 6 0 5 7 3 7 3 7 3 4 3
M[36] : 5 7 3 5 6 4 9 6 3 3 3 3 0 4 3 6 2 5 3 5 5 6 3 6 3 4 5 2 4 6 6 5 4 4 8 3 2 4 6 6 6 6 3 4 2 4 4 5 6 5 4 6 3 7 4 6 6
M[37] : 7 4 3 4 7 5 8 5 4 3 6 4 6 4 6 8 1 5 3 3 2 4 2 4 6 6 5 3 5 6 4 6 4 5 4 3 3 6 5 0 6 4 7 3 6 4 5 5 3 5 1 3 4 6 2 5 6
M[38] : 4 3 6 4 5 5 5 5 5 2 8 3 3 5 5 2 2 7 5 3 7 6 5 0 3 3 3 4 4 5 5 7 3 6 4 3 7 4 4 4 3 4 4 6 6 5 4 5 4 2 6 5 5 5 4 5 8
M[39] : 4 6 5 6 3 6 5 5 3 3 3 2 5 7 6 2 7 5 3 5 5 8 6 2 5 3 6 0 7 5 3 2 6 4 7 5 2 1 6 4 6 7 3 6 6 4 8 5 4 4 4 5 3 6 3 4 7
M[40] : 4 0 5 4 7 3 4 6 3 5 6 8 5 7 3 3 3 4 3 8 5 7 7 7 5 3 3 3 6 4 1 5 7 4 5 5 4 3 5 6 2 7 7 3 3 6 2 4 5 5 5 6 6 2 6 4 5
M[41] : 4 7 7 3 6 7 6 6 6 6 5 3 5 6 6 4 2 4 2 5 2 7 6 5 4 0 4 6 4 4 5 2 5 3 6 3 4 2 1 5 3 4 4 4 5 4 4 5 6 3 4 6 5 1 3 3 6
M[42] : 3 5 4 4 5 4 3 4 4 4 7 3 4 3 3 3 7 4 4 5 2 1 0 6 3 5 4 5 6 2 3 3 6 4 6 6 4 6 5 3 3 5 6 5 3 3 5 4 4 5 6 7 3 7 5 4 4
M[43] : 5 3 6 3 4 4 7 0 6 4 6 3 6 3 4 5 6 5 3 4 4 4 5 6 5 3 2 6 7 5 5 5 3 3 4 5 5 6 4 4 4 4 4 6 5 2 2 2 3 5 5 5 7 6 5 4 4
M[44] : 7 6 5 5 6 6 4 2 4 4 6 3 5 5 5 5 2 6 6 6 4 6 5 4 3 5 2 5 5 4 5 6 4 0 4 6 4 3 5 4 4 6 6 3 6 5 3 5 6 4 7 4 3 3 5 7 2
M[45] : 6 4 4 6 7 5 3 8 5 3 4 2 5 1 5 3 5 3 5 3 5 5 6 0 4 6 3 4 5 5 5 4 6 3 4 2 4 5 3 4 6 6 3 5 3 4 5 6 5 2 5 6 6 4 2 5 6
M[46] : 4 5 4 2 3 5 4 4 4 5 7 5 6 3 4 4 5 4 2 5 4 5 5 1 3 4 5 3 4 3 4 5 6 5 1 5 4 3 5 2 5 6 6 5 4 4 4 0 4 3 6 6 5 5 3 4 4
M[47] : 4 2 5 8 4 4 5 4 5 5 2 4 7 8 5 8 5 4 6 2 5 5 0 4 3 5 4 4 3 3 1 4 5 5 5 4 0 5 6 4 3 0 3 4 2 6 2 5 5 5 3 5 4 6 5 4 6
M[48] : 5 3 4 6 3 3 6 5 4 3 3 3 5 5 4 0 5 5 3 6 4 7 5 3 1 4 3 2 3 7 3 3 5 4 5 5 7 3 4 4 5 5 5 5 1 8 5 7 6 3 3 3 4 4 3 4 5
M[49] : 4 6 7 3 6 5 6 6 5 4 6 2 4 6 7 3 3 4 5 5 5 3 5 6 3 4 5 4 4 6 5 3 6 2 0 3 4 2 6 4 4 7 3 4 5 2 6 3 6 6 5 6 4 3 4 6 2
M[50] : 5 6 7 3 3 5 7 5 4 6 8 3 5 4 5 7 4 0 6 5 5 5 5 5 3 6 3 4 5 3 4 5 6 3 4 5 5 4 5 8 3 4 3 3 5 5 4 3 3 3 4 5 6 4 5 5 5
M[51] : 2 6 1 5 5 7 5 1 5 4 5 6 5 4 7 2 5 6 5 8 4 4 0 4 4 5 4 3 4 5 5 7 4 5 4 6 5 4 3 5 4 4 4 1 4 4 5 4 6 4 6 6 5 7 4 6 5
M[52] : 5 3 4 4 4 4 5 3 6 5 4 3 7 3 2 4 4 5 2 6 5 5 5 6 4 5 3 6 3 4 4 7 5 6 6 4 5 3 6 5 3 5 6 5 4 0 5 5 5 5 3 3 2 2 5 6 7
M[53] : 5 4 7 6 3 5 4 0 7 4 5 4 4 6 5 5 4 5 2 5 4 6 3 6 2 7 3 4 5 5 3 5 7 5 6 6 4 5 4 5 4 5 4 8 1 6 4 6 5 2 5 6 4 6 6 5 7
M[54] : 5 5 4 3 1 4 6 6 7 6 2 2 4 4 5 4 4 5 1 4 3 3 5 5 4 5 4 6 5 2 4 5 4 5 3 6 4 5 6 5 5 5 2 0 7 6 3 5 5 9 6 2 4 5 3 4 3
M[55] : 4 3 3 6 7 6 3 7 0 5 3 5 4 4 5 1 4 6 6 4 5 4 3 1 3 5 6 6 0 8 4 2 5 2 3 4 2 5 3 4 5 7 3 4 4 6 2 3 6 3 3 1 4 5 4 3 3
M[56] : 3 5 4 5 6 2 6 7 5 5 5 5 3 4 4 6 5 7 5 6 2 3 4 3 2 3 6 3 5 2 1 2 4 5 4 6 7 4 0 3 7 6 5 4 6 5 5 6 4 5 5 4 2 3 4 4 6
M[57] : 3 2 3 1 3 5 4 6 4 6 1 3 2 5 4 6 3 5 4 3 5 4 3 7 1 6 3 6 5 5 6 2 5 5 5 6 3 0 2 4 4 6 6 4 4 4 4 2 7 3 4 5 4 6 4 4 5
M[58] : 5 4 8 2 4 6 5 3 7 5 3 2 4 4 6 6 6 2 3 5 4 4 1 4 1 5 4 4 4 6 5 5 6 3 7 4 4 0 3 6 4 3 4 7 2 6 4 6 5 5 4 6 4 3 6 1 5
M[59] : 5 5 4 3 4 4 4 5 6 5 2 4 6 3 5 3 5 2 7 3 5 6 6 4 4 5 6 5 5 3 2 6 5 4 4 6 5 4 6 3 3 8 4 4 7 6 5 7 1 6 3 0 3 4 6 3 4
M[60] : 4 7 4 3 1 4 4 4 5 1 5 5 5 4 6 3 6 2 4 4 8 6 1 3 3 6 4 6 7 5 4 3 6 1 7 6 2 5 5 7 3 6 5 8 8 2 3 5 7 5 5 6 1 4 5 2 0
M[61] : 5 0 4 6 4 3 4 2 6 6 3 4 5 8 5 5 3 3 3 1 3 8 5 4 7 5 5 3 5 4 4 5 4 5 8 8 7 3 3 4 4 4 5 5 5 4 2 5 5 4 3 4 2 5 3 6 3
M[62] : 4 7 2 6 5 4 3 3 3 5 5 4 4 3 5 5 5 3 6 4 5 4 0 6 3 6 6 3 2 6 6 7 7 4 5 5 4 5 3 3 5 5 6 6 4 0 6 3 5 3 2 2 3 2 5 5 1
M[63] : 5 4 6 5 4 4 4 4 4 5 4 4 4 5 6 5 4 0 5 3 2 4 5 3 4 5 3 5 5 5 4 5 4 5 3 3 5 4 5 1 4 3 8 6 4 4 5 2 5 6 7 3 2 3 8 4 7
M[64] : 7 5 4 5 4 5 6 6 4 5 5 6 5 5 3 5 6 4 6 8 6 6 5 3 6 4 4 4 5 5 7 6 5 3 5 2 4 4 6 4 4 4 6 5 0 3 2 5 6 6 7 5 3 6 2 5 5
M[65] : 6 7 1 4 5 5 4 8 2 3 3 4 5 3 3 7 4 6 4 5 4 6 6 6 4 3 3 7 5 4 3 6 7 5 5 3 0 3 5 5 3 2 3 4 8 5 6 7 4 4 5 7 3 6 6 2 6
M[66] : 7 6 5 5 5 8 4 4 4 2 5 1 6 0 5 6 5 2 7 4 5 7 5 4 6 7 3 6 3 6 3 5 5 2 4 4 3 3 6 6 5 4 4 5 4 6 5 5 4 4 5 1 5 5 5 4 2
M[67] : 3 7 5 3 5 5 4 7 4 3 3 4 4 6 3 6 5 3 8 5 5 5 0 4 2 2 4 5 5 1 4 3 6 2 6 7 3 5 5 4 3 4 2 5 3 2 6 2 4 7 4 5 4 2 5 6 5
M[68] : 5 4 7 4 4 7 3 5 2 4 3 6 4 2 3 0 3 8 5 6 8 5 2 4 6 3 5 2 3 4 2 3 5 6 4 5 7 5 2 5 4 4 4 4 5 6 6 3 6 4 6 5 5 5 3 1 3
M[69] : 2 3 4 3 4 6 5 3 4 2 6 4 6 4 5 7 6 3 5 6 3 6 5 7 2 6 3 5 3 5 4 3 3 6 0 4 5 4 1 6 4 7 2 5 5 7 6 5 5 4 4 2 7 5 4 5 4
M[70] : 6 2 5 5 4 7 2 6 3 5 6 3 7 4 6 3 5 4 5 4 3 5 2 5 1 5 3 6 3 3 4 4 7 5 5 3 3 5 7 4 6 3 3 1 6 7 6 3 4 4 6 6 7 9 7 8 0
M[71] : 5 6 3 4 4 3 5 6 8 2 8 2 4 4 2 7 7 3 4 3 5 5 4 3 4 6 2 4 6 3 4 3 3 6 7 4 4 3 5 3 4 4 5 4 6 5 3 4 7 4 2 6 3 2 3 0 4
M[72] : 5 7 4 3 1 2 2 4 6 4 3 0 4 3 4 6 3 7 3 3 7 4 3 5 3 5 3 6 5 3 3 6 6 2 5 5 3 3 5 3 6 3 3 3 5 8 5 3 4 6 4 3 5 4 6 8 5
M[73] : 5 5 2 5 4 2 4 5 2 4 5 5 5 4 4 5 6 6 5 6 6 5 4 8 3 2 3 4 4 1 4 5 5 6 4 4 5 3 4 3 2 4 6 3 6 5 3 2 6 3 6 5 6 6 6 5 0
M[74] : 5 4 7 4 3 7 5 5 6 3 5 5 5 4 3 3 6 3 3 4 4 3 7 4 3 6 5 3 1 3 3 7 5 4 5 4 4 5 5 6 4 5 2 4 3 3 3 6 7 0 4 2 6 4 2 3 5
M[75] : 5 5 7 7 5 5 7 4 7 4 3 4 4 4 3 4 7 5 6 4 6 2 3 3 3 3 3 3 6 5 4 3 7 5 4 5 5 4 6 5 3 5 4 4 3 6 6 4 5 6 5 6 4 5 0 4 5
M[76] : 4 4 5 2 3 6 5 1 5 4 6 4 4 5 4 8 5 5 1 4 3 6 4 4 2 3 3 5 3 6 3 0 6 2 3 3 2 2 4 5 4 7 6 6 7 3 5 5 6 3 5 6 6 4 4 6 6
M[77] : 3 4 4 5 2 5 2 4 0 7 5 1 7 7 7 5 4 5 6 5 4 4 6 5 6 3 4 1 3 3 4 4 5 5 1 5 5 3 5 6 4 7 5 6 6 7 3 3 5 6 4 6 8 2 5 6 3
M[78] : 8 2 5 3 7 3 6 5 5 4 5 4 4 2 8 4 4 4 4 3 4 5 4 6 0 4 2 5 6 1 5 2 4 5 5 4 5 3 3 3 4 4 5 3 4 4 3 3 5 3 5 4 5 5 6 2 3
M[79] : 5 5 4 6 5 6 4 3 1 4 5 6 4 7 4 5 3 6 4 5 6 7 2 7 6 4 3 4 6 0 4 7 4 3 4 7 1 6 3 7 6 3 4 7 3 7 3 4 6 1 4 5 4 2 4 4 4
M[80] : 4 0 5 2 4 7 4 6 6 3 5 5 7 5 5 3 5 5 3 4 1 7 4 6 4 5 3 6 7 4 3 5 4 2 6 5 5 6 5 2 4 6 6 5 6 3 4 5 3 7 8 5 5 4 5 5 3
M[81] : 0 6 6 4 4 4 2 1 6 8 5 6 6 5 2 5 5 2 5 7 5 3 4 4 5 6 4 7 6 4 3 3 7 7 5 5 0 4 7 4 1 3 4 0 5 7 6 5 5 3 5 7 5 7 3 3 3
M[82] : 1 3 6 7 6 7 5 4 3 3 4 2 4 4 4 6 3 2 4 5 5 4 6 4 4 4 3 4 5 6 7 3 3 5 4 6 2 3 0 3 7 3 4 7 7 6 7 5 4 4 3 6 4 3 3 3 5
M[83] : 2 4 5 7 6 6 6 2 7 0 4 3 4 4 4 5 6 7 6 4 4 6 4 3 6 6 5 5 0 2 3 6 4 3 6 5 4 5 7 4 6 3 7 7 4 7 5 4 5 5 1 5 3 4 6 4 6
M[84] : 5 0 6 4 6 4 5 5 5 1 4 3 4 4 6 2 4 5 5 5 9 6 5 5 5 6 5 6 6 5 6 2 4 4 6 7 6 6 4 3 7 3 4 4 6 6 5 2 3 3 4 4 6 6 6 2 5
M[85] : 6 4 4 5 5 6 4 6 5 3 5 3 6 4 5 0 3 5 3 6 5 1 2 4 6 7 6 7 2 8 5 6 3 3 6 6 7 4 4 5 5 5 4 2 5 5 4 4 7 6 5 7 6 6 8 6 4
M[86] : 5 3 4 5 2 4 3 7 6 4 7 4 4 5 2 6 5 5 1 0 6 5 4 4 5 3 3 5 5 5 7 6 5 4 4 3 4 5 3 3 2 5 5 5 5 8 4 4 3 5 4 8 8 5 6 4 1
M[87] : 6 3 4 3 4 4 5 3 5 4 2 1 3 0 7 6 5 4 5 7 5 3 5 5 3 5 3 6 4 3 3 7 3 5 5 4 3 4 1 4 5 4 4 6 5 4 4 7 5 6 4 5 3 4 3 3 4
M[88] : 7 7 6 3 4 5 7 5 7 3 5 0 6 2 5 4 5 2 1 5 5 5 4 5 6 5 7 7 4 3 6 6 7 6 4 4 6 0 4 3 6 4 5 4 5 3 3 3 4 5 5 3 3 7 2 3 3
M[89] : 8 3 5 1 0 3 8 3 7 5 6 4 7 5 5 7 3 5 7 8 5 3 2 1 4 8 6 5 4 7 5 3 5 4 7 6 3 4 4 4 5 5 3 4 3 4 3 2 3 6 6 4 7 3 4 6 1
M[90] : 7 6 6 4 4 3 6 3 6 5 5 6 3 5 4 7 3 8 6 5 8 4 4 5 3 0 4 7 5 5 6 2 3 4 5 4 2 6 1 5 6 5 6 2 6 6 4 5 4 7 3 3 3 8 4 5 4
M[91] : 5 5 3 5 5 5 5 2 6 3 6 5 6 6 6 5 2 4 4 4 4 4 2 4 6 0 4 1 5 4 2 4 5 2 2 3 3 3 4 5 1 5 6 3 5 4 3 2 5 4 2 1 3 4 5 5 5
M[92] : 4 5 4 5 4 4 3 3 4 5 5 3 4 5 4 6 5 5 5 6 5 6 2 6 1 5 4 5 6 5 2 6 0 6 3 4 4 4 2 5 4 5 4 4 6 5 4 5 7 6 3 5 3 4 3 5 4
M[93] : 4 4 6 4 4 4 6 2 6 2 5 5 4 2 1 6 4 3 6 5 3 3 4 5 4 2 4 7 5 5 4 5 5 5 5 5 3 5 7 3 4 4 1 9 4 0 1 5 4 6 1 6 3 4 3 3 5
M[94] : 6 4 4 6 3 1 6 7 3 2 5 4 5 6 6 5 3 5 2 5 4 5 4 6 6 3 4 7 2 3 3 4 4 1 6 5 1 3 0 6 2 3 1 6 5 4 4 5 4 7 3 6 3 6 4 5 4
M[95] : 4 6 4 4 5 7 4 6 5 4 6 6 5 3 5 6 5 5 5 5 5 6 3 5 0 1 2 5 6 7 5 3 5 4 6 6 4 4 3 3 5 5 4 3 6 3 7 5 2 3 5 3 4 3 6 6 4
M[96] : 5 5 4 5 7 3 3 5 4 1 3 4 6 6 1 4 2 6 4 5 3 5 5 7 4 5 4 0 5 2 4 4 4 4 3 3 4 5 6 3 3 5 5 8 3 5 5 4 6 5 6 6 5 5 6 5 6
M[97] : 4 5 7 4 1 4 5 4 6 4 5 3 4 6 4 4 3 4 4 3 3 6 4 5 3 6 3 4 5 4 5 4 4 0 3 7 5 4 6 3 3 5 7 5 6 1 4 5 3 2 5 2 3 0 4 6 6
M[98] : 7 7 4 3 7 6 7 4 6 5 6 3 3 4 2 7 4 5 3 5 6 5 5 8 3 2 4 5 4 3 4 5 4 6 5 3 5 4 4 4 4 4 5 2 3 2 5 4 7 3 8 5 4 0 6 6 6
M[99] : 5 4 6 6 0 6 5 7 3 4 6 4 6 5 5 5 5 5 4 4 4 4 3 5 5 2 4 5 4 3 4 3 5 4 6 5 7 4 6 1 4 4 6 2 4 4 2 6 3 7 4 4 4 4 2 6 4
M[100] : 6 6 4 6 7 3 4 5 5 5 7 0 6 3 3 7 4 3 5 3 4 6 7 4 2 5 4 5 6 4 6 6 4 3 4 4 4 2 3 3 3 6 5 4 4 7 1 6 4 4 4 5 7 6 5 2 5
M[101] : 4 5 7 8 6 5 1 6 4 5 0 5 3 4 5 4 6 4 4 3 8 4 1 3 7 6 5 2 3 5 5 4 4 7 0 2 1 3 7 2 3 3 5 6 4 6 5 5 4 5 2 4 5 5 3 4 5
M[102] : 5 5 3 5 7 6 6 2 4 5 1 6 5 5 5 5 5 7 7 4 6 4 5 3 7 5 5 3 4 4 0 2 6 4 2 5 4 6 5 3 4 4 2 5 7 4 2 4 5 1 6 4 7 5 5 5 5
M[103] : 7 5 3 0 5 5 4 6 5 6 4 1 5 4 4 3 3 2 5 7 2 4 3 2 3 3 4 5 5 2 5 3 5 5 5 7 5 5 2 6 5 6 5 6 3 6 5 6 4 2 5 6 2 3 3 5 4
M[104] : 5 0 5 6 4 6 6 2 7 3 5 6 6 5 3 5 6 7 7 6 6 6 6 4 2 6 5 5 5 4 3 3 3 5 5 4 3 5 4 5 4 6 4 6 2 2 2 2 4 7 3 5 2 5 4 6 6
M[105] : 5 7 6 5 5 5 3 8 6 6 5 2 8 6 2 7 6 4 4 2 4 5 7 3 3 4 6 7 4 5 2 5 5 6 4 0 4 7 4 1 5 3 4 8 5 2 5 6 5 5 3 6 3 4 3 5 7
M[106] : 5 8 7 5 4 3 0 5 3 2 8 3 8 3 7 3 5 5 1 4 3 3 5 2 4 6 5 3 6 1 4 4 4 5 5 8 6 4 5 5 5 4 4 4 6 4 2 7 4 3 6 3 2 5 3 2 4
M[107] : 6 4 6 5 5 4 2 5 3 5 4 4 6 6 5 4 5 2 4 5 7 4 4 7 0 4 3 5 4 5 3 6 4 3 5 2 3 2 7 4 6 4 4 6 5 4 4 4 4 4 3 7 3 3 2 4 3
M[108] : 5 8 1 5 3 4 3 5 6 4 3 4 3 3 5 4 3 4 5 5 5 5 4 7 4 5 3 4 4 6 6 7 5 3 4 4 5 5 3 6 6 4 3 7 2 4 5 3 5 3 4 4 3 3 3 4 0
M[109] : 8 4 4 5 4 3 6 7 6 5 6 3 4 4 0 4 3 6 5 2 5 6 4 5 3 6 4 5 5 4 3 4 3 3 5 4 5 4 6 4 4 5 1 3 3 2 5 5 2 5 6 7 3 3 3 5 6
M[110] : 6 7 7 5 2 7 6 3 4 6 5 2 4 6 8 4 2 6 3 2 6 4 4 3 5 4 4 4 1 6 5 4 6 3 5 5 6 2 4 3 4 6 3 5 4 3 5 6 6 6 6 6 7 3 4 0 7
M[111] : 5 4 6 9 5 5 5 4 2 4 5 5 5 5 5 4 4 2 4 5 5 4 3 5 5 6 3 5 5 7 0 2 5 5 4 3 4 6 5 7 4 6 2 5 6 3 5 6 3 4 5 3 7 5 4 5 3
M[112] : 6 5 7 5 5 6 4 6 5 4 4 4 2 5 6 2 4 5 5 0 5 7 5 1 3 5 4 6 2 5 1 6 5 4 5 7 3 4 3 4 3 4 5 4 5 5 4 6 5 4 7 5 3 3 5 5 5
M[113] : 5 5 4 6 1 5 3 4 4 4 5 3 5 5 4 5 5 3 3 4 2 0 5 5 5 6 4 7 6 2 5 7 6 6 3 6 3 2 4 2 7 4 2 6 7 2 6 4 6 5 4 5 4 5 4 4 5
M[114] : 4 3 5 5 5 2 4 4 5 4 4 3 4 6 1 6 3 5 1 6 7 3 6 5 3 4 2 3 7 6 6 5 6 3 4 3 7 0 7 2 4 5 6 2 4 7 4 4 4 4 6 4 5 5 4 5 4
M[115] : 3 4 5 5 4 4 5 1 6 5 3 3 6 4 6 4 5 0 4 8 5 6 2 6 3 4 5 4 4 5 4 4 7 4 5 5 6 5 7 1 5 4 4 2 4 4 3 4 4 5 6 2 5 7 3 5 3
M[116] : 3 5 4 5 4 5 7 5 6 3 4 5 4 2 5 4 3 6 7 7 3 4 4 4 5 6 4 4 0 4 5 3 4 2 1 6 0 6 5 5 1 4 5 5 6 5 4 6 5 6 4 7 4 5 4 2 7
M[117] : 4 6 2 4 6 7 4 7 2 1 5 2 5 5 8 6 4 3 4 7 4 5 3 6 7 7 2 3 7 1 4 3 6 5 6 3 5 3 6 4 0 7 5 5 5 3 3 5 5 4 3 3 4 7 4 6 4
M[118] : 0 6 3 5 4 2 4 3 5 2 3 4 4 6 4 9 3 5 4 5 4 7 2 6 6 6 3 3 4 4 6 4 6 2 3 5 3 2 4 5 3 4 6 5 6 3 6 3 7 7 6 6 2 5 3 3 8
M[119] : 6 4 6 6 0 6 4 3 6 1 8 4 4 6 4 4 3 4 5 6 5 8 2 6 5 5 3 4 4 7 5 3 9 4 5 7 5 4 4 3 3 3 4 5 0 5 4 7 5 3 6 7 5 2 4 3 6
M[120] : 7 4 7 4 5 5 4 7 3 5 2 5 5 4 4 4 3 7 4 3 5 6 2 5 2 3 3 3 4 7 3 3 5 6 1 5 0 6 2 3 5 4 3 5 4 4 2 3 4 5 7 6 7 6 4 4 5
M[121] : 4 4 5 2 3 3 8 9 3 7 4 6 2 7 1 4 4 4 3 3 7 5 6 3 4 2 4 5 5 4 2 0 4 4 2 3 3 5 3 2 2 5 3 3 8 6 2 5 5 6 6 5 9 7 2 6 4
M[122] : 7 4 4 7 4 4 3 3 3 4 4 2 2 5 3 5 6 8 4 5 5 4 5 4 2 6 3 7 4 6 3 6 5 5 5 8 3 4 4 6 1 5 6 6 4 5 4 6 4 3 6 0 4 6 8 8 4
M[123] : 1 7 6 2 9 7 3 2 6 0 3 4 5 4 5 3 5 3 4 5 6 6 4 4 5 3 4 5 4 6 3 7 5 5 5 5 3 3 5 3 1 5 7 8 6 4 4 6 3 3 4 5 2 5 6 5 4
M[124] : 5 8 5 7 5 2 3 6 4 3 6 6 6 3 5 7 4 6 3 6 4 6 5 0 4 4 5 3 6 5 3 3 4 4 3 2 3 3 6 3 5 4 6 4 5 7 5 4 5 5 4 5 4 4 5 6 4
M[125] : 6 7 7 4 5 4 6 4 5 2 3 5 3 3 4 5 6 0 7 7 5 4 4 6 4 6 1 3 2 7 5 5 4 5 5 6 6 3 3 4 4 4 4 1 7 4 2 3 3 4 9 5 5 6 4 5 3
M[126] : 4 7 4 5 5 7 4 4 4 3 4 0 7 3 2 4 3 6 4 4 5 4 3 4 3 4 2 7 6 4 5 5 4 5 3 1 2 5 4 4 3 4 4 6 6 4 6 4 5 5 6 4 4 4 3 7 5
M[127] : 3 4 5 5 5 4 3 5 6 3 5 3 6 7 5 6 5 4 4 3 4 7 0 4 3 7 5 4 3 7 4 3 5 4 7 4 3 3 5 7 2 3 6 2 5 5 5 7 6 5 5 4 2 6 3 4 4
M[128] : 6 3 5 5 5 4 4 0 3 2 6 4 6 6 2 5 9 3 4 6 5 5 5 3 4 5 5 3 5 6 3 7 7 2 7 4 2 6 4 4 5 4 2 3 6 4 6 4 5 5 5 4 2 2 7 5 3
M[129] : 9 4 7 4 3 3 3 6 4 3 3 3 4 5 3 6 7 4 5 2 4 6 4 4 1 6 5 6 5 6 1 2 4 3 6 7 4 6 7 0 8 7 6 0 5 7 3 9 3 4 6 6 1 4 5 0 3
M[130] : 4 6 4 5 4 4 7 4 3 4 3 1 5 6 4 6 6 5 4 5 3 6 4 4 2 5 1 5 6 0 3 4 6 4 7 5 3 4 5 5 3 4 4 2 5 3 5 3 4 4 7 5 5 3 5 5 3
M[131] : 0 5 4 5 2 5 6 5 6 2 5 6 2 4 5 6 6 5 5 6 7 5 1 7 5 3 7 6 5 5 2 6 8 4 5 5 5 5 5 4 2 4 6 4 6 4 6 4 4 6 4 6 6 6 2 4 3
M[132] : 7 5 0 5 5 7 5 5 4 4 4 2 6 5 6 7 6 6 7 8 6 2 4 7 4 4 4 5 4 3 4 7 3 4 4 7 2 5 4 4 2 5 3 5 2 2 5 4 7 2 4 5 5 3 3 7 5
M[133] : 3 3 7 4 5 7 4 5 0 5 5 6 5 5 4 7 2 5 4 7 4 6 3 5 2 6 2 1 4 5 4 4 5 3 3 2 5 3 3 5 5 7 3 3 5 8 4 5 4 4 5 5 6 8 3 4 5
M[134] : 3 3 8 5 7 5 5 5 5 3 3 4 6 5 3 4 5 6 4 2 3 6 6 6 3 4 3 6 3 4 5 7 4 4 3 7 4 2 3 4 6 5 5 2 5 4 2 3 4 6 4 4 3 3 4 0 5
M[135] : 3 4 0 4 2 7 5 5 2 5 4 5 4 4 4 5 4 7 6 5 5 4 6 6 5 7 6 6 7 4 4 6 4 7 5 3 5 5 6 3 4 7 7 4 6 6 6 5 8 4 3 4 3 6 6 7 2
M[136] : 3 8 3 4 6 6 4 5 6 4 0 5 5 4 4 2 4 5 3 3 7 3 4 6 5 4 5 7 5 3 3 6 5 5 4 3 6 3 4 5 4 2 2 5 6 2 3 5 7 4 3 3 5 2 5 3 5
M[137] : 7 5 7 7 3 5 7 6 4 4 7 3 5 3 6 6 4 6 4 0 3 5 3 6 3 3 3 4 6 6 4 7 5 4 3 2 3 6 5 4 6 8 4 7 7 3 5 6 4 7 3 4 3 3 4 4 7
M[138] : 0 3 6 4 3 6 4 6 5 3 6 4 4 6 5 4 4 5 6 5 6 3 3 5 6 4 2 8 4 5 5 6 3 6 3 6 3 5 7 5 1 5 5 6 4 3 7 4 6 5 6 4 6 4 3 5 5
M[139] : 7 5 4 1 6 4 4 4 3 5 5 3 5 4 5 6 4 4 6 2 5 5 3 4 2 4 3 4 6 7 5 7 2 3 6 5 6 3 3 4 3 3 4 2 4 4 2 3 7 5 5 6 0 4 5 7 4
M[140] : 5 5 4 6 7 4 5 5 3 1 5 5 4 4 6 8 5 6 6 5 6 2 5 5 5 4 3 4 7 5 4 3 3 4 7 7 3 5 2 3 4 6 7 8 5 5 5 7 3 5 6 3 4 0 5 4 4
M[141] : 5 4 7 6 6 6 3 2 3 3 5 4 6 7 5 3 5 8 0 4 4 3 5 6 5 4 3 6 7 4 5 8 5 2 6 4 2 3 3 2 4 6 4 5 6 4 6 4 4 4 6 4 5 6 5 3 3
M[142] : 6 3 5 7 3 4 0 6 7 5 3 2 3 7 5 4 2 6 4 1 4 4 3 3 3 6 5 4 5 5 3 3 6 5 3 3 7 5 6 4 7 7 5 4 6 6 5 5 3 4 4 2 7 5 2 6 6
M[143] : 6 3 4 4 1 2 4 3 4 5 7 4 4 5 5 4 5 6 3 2 7 5 7 6 4 3 3 4 5 4 5 5 3 3 7 4 4 7 3 3 3 5 3 3 4 3 0 5 6 4 5 4 5 6 3 4 7
M[144] : 6 3 7 5 6 5 4 2 3 4 5 5 6 3 4 6 3 4 5 3 2 2 3 5 5 0 4 5 2 4 4 3 2 4 3 6 3 6 4 7 6 3 5 5 3 6 1 2 3 6 4 6 6 3 2 5 6
M[145] : 3 3 7 7 3 7 5 4 5 5 3 5 1 5 6 4 5 5 5 4 7 4 3 5 4 3 6 4 5 5 5 5 3 5 6 3 5 3 5 1 3 4 5 5 4 4 5 0 3 6 2 7 6 6 7 6 5
M[146] : 5 6 5 4 6 5 4 3 5 5 6 4 2 3 6 5 4 3 5 4 4 5 5 3 3 5 2 8 6 4 1 6 3 3 7 3 6 4 6 4 7 4 3 3 5 4 0 7 5 3 6 5 6 5 8 4 3
M[147] : 6 3 4 5 6 1 4 4 4 5 4 3 3 4 3 3 4 7 5 5 6 4 2 2 0 7 4 5 6 4 6 6 7 4 5 5 4 2 3 6 4 1 7 4 5 5 2 4 5 4 2 5 3 5 4 5 3
M[148] : 7 3 4 2 6 5 3 2 6 3 4 3 4 3 0 3 3 4 5 2 2 4 5 7 3 6 3 5 6 5 3 3 4 3 6 5 3 3 4 3 6 1 3 5 4 4 4 3 4 5 5 2 5 5 4 4 4
M[149] : 1 5 3 5 3 3 6 4 4 5 2 3 5 6 6 4 5 7 4 5 5 5 4 3 0 4 4 7 5 7 8 5 3 8 7 5 2 4 4 2 3 0 4 3 4 4 4 5 5 5 3 6 4 2 3 6 5
M[150] : 4 6 3 5 2 5 4 6 5 5 4 4 5 2 8 4 6 4 4 6 5 4 2 4 4 3 5 7 0 5 6 3 4 5 5 2 5 3 8 2 3 6 5 4 5 5 4 7 3 4 4 5 4 4 6 4 3
M[151] : 2 4 6 6 4 5 4 4 4 4 6 5 3 6 1 6 6 4 6 4 5 6 5 6 1 4 4 5 5 0 1 5 4 1 6 4 5 4 6 4 4 2 1 4 5 6 3 6 8 6 4 4 6 6 6 3 2
M[152] : 5 6 4 6 4 5 2 3 0 6 5 4 4 5 2 3 6 6 4 5 7 5 2 6 4 8 6 4 5 6 5 4 4 4 6 6 6 6 3 5 5 2 8 5 3 4 3 5 5 5 6 5 5 5 4 5 4
M[153] : 3 5 2 7 5 4 5 4 3 3 5 1 5 5 7 3 9 5 3 2 5 5 5 4 0 4 4 2 2 4 6 7 8 5 2 2 3 3 6 7 4 5 4 4 3 4 3 4 7 6 6 4 3 3 4 6 4
M[154] : 8 5 7 4 3 5 3 2 4 4 7 3 4 2 5 8 3 7 3 7 6 3 4 4 2 4 4 2 2 3 3 5 6 4 6 5 5 4 2 3 3 4 7 6 6 0 4 6 6 6 0 4 4 7 5 3 5
M[155] : 3 6 5 4 5 4 8 4 4 6 4 5 5 5 5 8 4 7 5 4 9 6 4 3 3 7 3 7 7 6 6 6 3 3 6 4 5 5 4 2 5 6 4 5 5 6 5 3 0 5 4 4 6 4 6 3 5
M[156] : 7 6 7 6 5 3 5 5 3 2 0 4 4 5 2 3 5 5 5 2 3 5 4 5 5 6 5 6 5 5 3 6 6 4 3 3 4 5 4 3 4 4 3 3 3 3 4 5 5 6 4 4 5 2 3 6 5
M[157] : 6 6 5 4 5 6 4 7 3 5 3 5 5 8 4 5 6 4 2 3 5 0 3 3 5 3 5 1 6 7 3 6 6 6 2 3 6 3 3 2 4 7 5 4 5 5 3 7 3 4 5 7 6 2 7 6 6
M[158] : 4 5 4 4 3 5 5 4 5 4 6 6 4 6 6 5 3 5 1 3 5 4 3 6 5 0 2 6 3 7 6 5 6 6 6 3 4 5 7 6 5 4 2 2 0 5 3 5 4 5 3 7 6 5 2 4 4
M[159] : 7 2 5 6 6 3 5 3 6 4 6 7 3 1 5 4 4 0 7 5 4 4 5 5 4 3 4 5 6 4 4 5 5 1 4 5 5 3 2 4 6 6 3 5 5 6 1 4 5 2 6 7 4 3 2 6 5
M[160] : 5 0 5 7 5 7 3 2 6 5 5 4 7 4 3 6 4 6 3 4 5 7 4 6 6 6 4 6 6 3 4 3 6 5 4 8 3 1 8 2 5 3 3 4 5 6 4 5 2 7 6 4 5 7 5 3 6
M[161] : 5 4 4 3 4 5 4 4 7 5 3 2 7 5 2 4 5 4 3 4 7 5 6 4 4 6 5 4 8 4 7 4 4 6 3 5 4 4 4 1 4 0 6 5 5 3 5 4 5 2 2 3 3 5 5 5 4
M[162] : 5 3 5 7 6 4 3 4 2 2 4 2 4 4 6 2 6 1 5 7 4 7 4 6 5 4 7 3 5 7 4 5 5 5 6 4 3 4 2 5 7 0 3 2 4 4 2 4 8 6 7 4 3 4 4 6 2
M[163] : 5 1 5 5 4 7 0 6 2 4 1 7 5 4 3 7 4 5 5 3 4 5 4 2 2 5 3 3 3 4 2 4 5 3 4 6 3 5 6 2 5 5 6 2 6 4 6 5 5 6 4 2 4 5 3 5 2
M[164] : 6 5 2 3 4 3 4 4 5 5 3 6 6 5 3 3 8 5 6 4 4 4 0 8 4 2 4 6 6 1 5 3 3 2 3 3 5 4 2 4 3 5 5 7 8 1 4 3 3 5 7 2 5 6 3 4 3
M[165] : 3 5 4 6 4 6 2 3 4 3 6 4 2 4 6 4 5 3 3 2 3 6 3 4 4 4 2 5 3 7 4 5 6 3 4 4 6 7 6 6 3 5 7 2 4 3 4 2 4 6 2 6 0 4 3 3 5
M[166] : 4 6 5 5 6 6 5 4 5 6 7 6 6 7 6 4 4 3 1 7 3 5 4 4 4 7 4 4 5 3 5 4 3 4 2 4 5 5 3 5 4 2 6 5 7 6 3 7 5 4 3 0 6 5 7 2 6
M[167] : 4 4 6 5 5 6 3 6 3 8 6 3 7 5 5 4 4 6 5 1 3 5 5 6 4 5 5 5 4 7 3 2 4 4 1 4 4 2 4 4 4 2 3 6 3 7 4 5 1 2 0 5 4 7 0 5 6
M[168] : 6 5 6 3 5 5 5 3 5 4 4 2 5 4 3 4 4 5 4 0 5 4 3 3 5 3 2 5 3 4 6 4 3 4 7 4 5 5 4 5 3 7 4 4 8 3 0 4 4 5 4 6 3 6 3 4 5
M[169] : 5 7 5 5 3 4 7 5 3 6 5 4 6 7 5 5 2 6 6 7 5 4 6 5 6 6 5 0 5 6 5 3 4 6 4 5 4 3 2 4 3 3 8 5 4 5 4 4 5 3 5 4 3 7 3 5 6
M[170] : 4 4 2 5 4 4 6 5 4 5 3 3 5 3 7 6 4 6 1 5 3 4 3 5 5 3 4 2 6 0 2 5 3 4 4 5 3 3 4 5 4 6 5 2 5 7 5 3 5 5 3 6 5 3 5 7 7
M[171] : 4 5 2 4 2 5 2 4 5 3 6 2 6 4 3 4 6 6 5 5 3 6 2 7 5 3 3 4 7 5 7 3 6 6 4 4 2 0 4 5 5 2 4 4 7 2 4 3 5 4 4 2 5 5 3 2 4
M[172] : 2 2 6 5 3 5 4 4 3 2 3 6 4 5 7 5 5 6 1 5 4 5 7 5 2 6 6 1 5 2 6 3 5 5 4 3 6 2 5 4 2 4 5 6 0 4 4 6 6 4 5 6 4 6 4 8 8
M[173] : 4 6 4 6 6 1 5 0 5 3 5 5 7 5 4 5 5 2 5 7 3 4 6 6 4 4 1 3 5 2 3 4 5 4 4 6 6 5 7 4 6 4 6 5 6 5 5 3 3 4 3 6 6 6 5 8 4
M[174] : 6 5 4 3 3 4 4 0 2 2 2 6 5 6 2 4 5 6 5 6 5 4 4 3 2 4 4 7 7 6 4 6 4 3 3 4 4 4 5 1 6 4 7 7 4 3 4 5 8 3 3 4 4 8 5 3 6
M[175] : 1 5 4 4 0 8 4 3 4 5 2 2 3 6 5 4 3 5 4 5 5 4 4 6 5 4 3 3 2 6 3 3 3 7 8 5 5 6 1 6 2 6 5 4 6 7 6 2 6 4 4 4 6 6 6 2 3
M[176] : 5 7 6 3 4 3 5 6 6 2 4 5 4 4 4 3 3 4 5 5 6 3 4 6 4 5 3 7 0 6 4 6 4 1 3 2 3 4 7 4 4 1 5 3 4 6 5 4 7 6 7 1 5 5 3 6 6
M[177] : 3 5 6 5 4 5 7 7 3 4 6 3 4 4 7 6 6 7 3 5 5 4 3 7 4 2 2 5 3 8 6 2 6 6 3 6 4 3 6 3 4 3 5 6 4 6 4 5 3 4 0 3 3 5 3 6 6
M[178] : 4 6 6 3 4 4 8 7 4 6 5 4 5 4 6 5 4 6 4 5 5 1 4 4 3 4 2 6 8 7 5 8 4 3 3 5 4 6 4 4 5 2 7 6 5 2 3 2 6 3 6 4 0 3 4 4 4
M[179] : 5 4 5 3 4 5 4 5 4 5 5 4 6 6 5 2 0 6 3 7 5 3 4 6 6 5 4 4 5 4 6 6 7 2 5 3 5 3 5 5 4 4 3 7 6 4 4 6 7 5 4 5 7 6 3 3 2
M[180] : 4 4 2 4 3 0 6 3 6 6 4 1 4 7 1 4 6 3 6 5 7 7 3 5 4 4 2 6 3 3 2 4 5 4 5 4 7 5 4 4 1 1 1 2 6 3 4 8 4 2 7 4 7 5 4 6 7
M[181] : 5 6 2 5 7 7 3 5 6 4 6 5 6 3 6 5 6 4 2 1 6 5 4 4 5 5 1 5 7 3 4 8 5 3 2 4 3 3 5 3 7 6 6 4 3 6 4 8 3 3 4 4 4 0 8 1 5
M[182] : 3 7 7 8 4 6 6 2 5 6 6 4 6 7 6 5 6 3 5 4 5 5 0 5 4 2 6 6 4 4 3 4 2 5 5 6 5 3 5 6 1 5 8 4 5 2 6 6 2 6 2 6 6 6 5 3 5
M[183] : 6 2 6 4 6 7 6 6 7 3 3 4 4 4 5 1 7 4 3 4 5 5 5 1 5 2 2 3 5 5 6 3 0 3 6 4 5 4 2 2 4 4 4 3 5 2 3 3 4 4 5 4 6 4 6 5 6
M[184] : 5 5 4 4 3 2 5 6 7 5 5 0 5 6 3 6 4 8 5 4 4 6 4 2 4 4 3 3 3 5 6 5 5 2 8 6 6 5 4 2 4 3 1 3 6 4 4 5 4 2 4 3 6 4 3 3 3
M[185] : 5 4 5 4 6 5 5 6 5 3 3 3 4 5 2 6 5 5 5 6 5 4 4 2 2 5 4 2 2 4 4 4 5 5 4 5 4 7 6 3 4 7 0 3 4 6 4 5 6 7 5 5 5 3 4 6 3
M[186] : 0 5 4 4 5 7 5 6 2 3 2 6 6 7 5 6 3 6 3 5 6 1 4 5 5 6 5 6 3 5 5 1 6 5 6 5 6 5 3 4 3 6 4 7 3 3 5 6 3 4 7 3 4 6 3 3 4
M[187] : 6 7 2 5 7 7 5 6 3 6 4 2 2 4 7 4 5 6 4 5 5 5 6 3 3 4 5 3 5 5 4 6 7 1 2 0 3 2 3 5 2 3 4 2 4 6 5 6 7 4 6 4 3 5 6 4 3
M[188] : 3 5 4 5 4 5 3 5 5 4 6 5 5 4 5 4 5 4 3 5 5 3 4 6 5 6 0 5 6 5 3 5 4 4 4 3 3 4 4 3 5 3 5 5 4 6 3 6 4 7 3 5 4 3 2 4 4
M[189] : 4 6 5 5 6 5 5 4 6 5 3 4 7 4 5 2 4 6 2 2 3 5 4 3 4 5 5 5 4 6 4 3 4 3 2 2 4 6 6 2 6 4 2 0 4 6 3 5 5 4 5 3 4 5 2 3 4
M[190] : 3 6 6 5 6 7 5 8 6 5 3 6 0 3 2 6 6 4 6 4 6 7 4 2 6 4 5 3 6 3 3 4 7 2 5 4 4 4 6 7 4 7 3 5 5 6 4 5 6 5 4 4 6 4 3 6 2
M[191] : 5 7 3 6 8 5 6 6 3 6 1 5 5 5 6 6 4 4 3 5 5 4 3 2 4 5 3 5 5 0 6 7 5 4 4 3 2 3 4 5 4 4 3 6 0 2 5 5 4 6 3 7 4 3 3 7 3
M[192] : 6 4 2 4 2 5 5 3 6 4 0 5 5 5 4 5 7 5 3 4 6 5 6 4 2 7 4 4 5 6 5 5 6 6 6 4 4 4 5 7 3 5 4 5 5 4 3 3 5 7 3 4 6 5 4 5 3
M[193] : 3 6 7 6 3 5 5 6 5 6 3 4 0 7 5 4 3 5 2 4 6 4 3 7 5 4 6 7 6 6 3 3 5 5 5 5 5 5 1 3 3 5 5 6 4 3 2 4 4 5 6 6 4 6 4 4 4
M[194] : 3 2 4 4 4 7 6 6 4 4 4 6 5 4 6 6 6 5 7 1 4 3 3 6 5 5 3 4 4 5 4 5 5 5 5 6 4 6 5 5 6 7 6 4 4 2 5 3 0 3 6 4 4 6 3 6 3
M[195] : 3 3 6 6 4 1 4 6 5 2 4 2 6 6 0 3 3 5 5 5 5 4 4 3 5 4 3 4 5 6 5 4 4 5 3 6 2 4 3 1 3 6 3 7 6 2 4 5 7 4 2 6 7 4 4 4 5
M[196] : 5 4 2 4 0 3 5 6 4 2 4 5 4 4 5 5 5 5 5 4 3 7 6 3 3 7 4 6 5 4 6 5 5 5 2 4 5 3 6 4 5 2 3 5 3 6 4 4 3 6 4 5 4 5 8 5 4
M[197] : 6 4 5 3 3 5 3 5 4 2 6 5 3 4 5 2 6 4 5 4 5 6 3 5 4 2 5 5 3 4 5 0 4 5 5 7 4 2 6 5 3 5 4 4 2 8 5 3 3 4 2 3 5 4 5 5 4
M[198] : 4 6 4 4 5 6 7 4 1 5 5 4 6 5 3 3 7 3 1 6 5 5 6 5 4 5 3 4 3 5 6 5 5 6 4 7 3 4 0 6 6 4 4 1 3 4 6 6 4 3 4 5 6 4 4 6 6
M[199] : 4 2 5 4 6 6 3 0 6 2 5 3 4 5 5 6 6 4 3 5 4 4 3 5 5 5 3 5 6 5 3 4 5 2 5 5 5 3 6 7 3 5 5 6 6 5 7 3 4 4 4 6 7 4 6 2 3
M[200] : 4 7 5 4 6 5 7 4 7 6 4 5 6 4 6 5 4 7 5 8 7 0 4 4 5 4 4 7 2 5 3 7 4 6 4 6 5 4 6 7 4 5 4 6 7 7 4 5 4 3 5 6 5 4 4 5 5
M[201] : 5 5 5 4 7 5 2 6 4 6 3 2 5 3 3 6 5 4 3 4 5 3 5 4 4 4 5 5 2 6 4 5 1 5 0 5 3 7 4 4 3 4 4 1 3 8 5 3 2 6 3 4 5 2 4 4 5
M[202] : 7 5 6 5 5 3 6 3 8 0 4 4 3 4 1 0 3 6 5 4 2 3 4 6 2 5 4 5 4 6 6 5 6 5 4 6 2 4 5 6 3 4 6 6 4 7 4 4 6 5 5 4 2 8 4 6 8
M[203] : 5 5 2 3 3 4 7 6 6 2 4 4 4 3 5 8 3 5 5 5 4 4 0 4 3 4 7 4 3 5 4 4 6 6 5 6 4 3 6 3 6 5 4 7 4 6 4 2 6 6 5 5 6 4 5 7 4
M[204] : 5 4 4 4 8 2 5 0 3 3 4 4 6 4 4 5 7 6 5 7 4 5 6 4 6 5 3 5 6 2 5 4 5 4 5 6 4 3 3 5 6 3 6 3 4 3 4 5 2 5 3 5 3 5 4 7 3
M[205] : 3 5 4 5 3 4 5 4 0 6 4 4 3 4 3 5 3 8 3 2 6 5 6 3 3 5 5 6 5 5 4 3 5 5 5 4 2 4 3 5 1 4 5 6 5 5 3 2 3 6 4 3 2 4 7 5 5
M[206] : 5 4 4 0 7 7 6 4 6 5 4 5 7 5 4 3 5 4 3 6 8 6 5 5 6 4 5 4 3 6 6 4 6 4 5 3 4 2 6 3 3 4 7 5 6 6 3 6 4 3 7 6 5 3 3 3 7
M[207] : 5 8 6 7 3 4 4 5 2 6 5 4 2 5 5 3 4 6 3 4 4 5 2 8 2 2 3 5 6 4 5 4 3 3 7 4 1 5 0 5 5 5 3 6 2 5 4 6 7 5 7 6 6 7 6 3 5
M[208] : 4 6 5 6 3 4 3 7 5 4 4 4 5 7 4 4 4 5 7 3 5 5 5 6 2 6 6 4 6 4 4 0 3 4 3 8 5 1 2 1 5 6 4 5 4 6 5 6 3 6 2 5 4 3 7 6 3
M[209] : 7 5 5 3 5 6 5 3 3 4 5 5 3 6 6 4 5 4 4 4 4 4 4 5 2 5 6 3 3 6 5 7 3 5 2 0 3 5 4 6 2 3 5 4 5 5 4 6 5 5 5 5 2 6 6 5 3
M[210] : 2 2 4 5 6 5 3 5 5 1 6 7 3 2 5 4 6 5 3 7 4 4 5 9 4 4 3 4 5 6 0 4 5 6 5 4 4 5 5 3 2 3 2 5 7 5 4 5 5 4 5 2 7 5 3 6 5
M[211] : 4 3 3 5 4 6 5 4 3 5 4 5 2 6 5 7 4 4 3 5 5 6 4 6 5 5 5 2 5 5 2 0 3 5 4 6 5 3 7 4 4 3 5 3 4 3 3 1 2 5 6 5 5 4 2 4 6
M[212] : 6 4 3 5 7 4 4 7 4 4 7 4 4 5 7 3 4 7 6 6 0 5 5 4 5 5 6 4 5 4 5 5 5 4 6 5 4 3 3 4 5 4 3 2 3 4 2 3 7 3 7 3 6 6 3 6 5
M[213] : 4 8 4 6 5 3 4 7 7 3 1 4 4 5 3 5 3 6 6 6 5 6 5 4 3 3 6 2 3 5 3 6 2 4 3 7 6 5 3 3 5 3 4 6 5 5 5 5 4 4 6 5 4 4 0 7 4
M[214] : 2 5 3 4 4 2 4 4 2 2 3 3 2 6 0 2 2 4 2 8 6 5 2 3 3 5 4 3 5 5 4 3 5 2 4 8 6 3 6 4 6 3 2 5 5 5 6 5 4 5 2 3 6 5 6 3 6
M[215] : 3 3 0 5 4 3 3 4 6 4 6 2 6 5 5 3 4 6 4 6 5 4 3 7 3 4 6 4 4 3 2 6 3 2 6 6 1 4 4 4 3 5 6 6 6 4 3 6 3 6 6 6 4 7 5 6 3
M[216] : 4 5 8 5 3 0 5 4 5 4 4 4 6 4 4 5 2 2 6 3 4 5 5 5 3 6 4 3 5 2 5 4 4 4 2 5 4 1 3 3 4 3 6 7 5 4 2 5 4 2 6 3 5 4 6 5 4
M[217] : 1 5 3 7 4 2 0 2 2 4 4 5 4 3 4 5 6 4 3 6 4 4 4 3 3 5 4 6 5 0 6 3 4 4 4 5 4 3 7 3 5 3 6 5 6 4 4 1 9 3 4 4 5 7 5 4 4
M[218] : 4 3 1 2 4 5 6 4 3 5 5 4 4 4 6 2 6 8 4 4 4 5 3 5 2 0 4 3 7 6 4 3 4 4 3 7 3 4 5 2 5 5 5 6 5 5 4 4 5 6 4 5 4 7 5 3 3
M[219] : 4 3 5 7 5 2 5 5 0 5 5 4 4 2 3 5 3 5 5 4 4 4 3 4 4 5 3 5 2 2 2 4 4 5 5 4 6 3 3 4 4 2 6 4 6 7 4 5 6 6 4 5 5 3 3 5 3
M[220] : 5 4 4 7 5 6 4 6 5 5 3 3 3 5 5 6 0 7 5 8 7 3 6 3 4 4 4 3 4 6 3 3 5 3 6 7 5 5 5 3 5 6 4 2 5 5 4 5 4 7 6 7 3 5 7 6 2
M[221] : 7 5 3 6 2 0 5 3 5 7 4 3 7 4 1 5 4 6 5 3 4 2 5 2 3 6 6 6 5 2 4 6 7 4 6 7 6 3 6 1 7 2 6 6 8 4 1 1 4 4 8 6 5 6 5 8 3
M[222] : 5 3 7 7 5 3 4 5 6 3 3 2 4 4 1 5 4 4 5 2 4 6 2 3 2 3 7 3 4 6 3 4 7 2 5 5 5 5 5 4 0 7 2 3 5 4 3 4 5 4 4 5 5 3 5 6 5
M[223] : 6 4 2 3 5 7 7 4 4 2 5 3 5 6 2 5 4 4 3 5 7 6 3 5 4 4 6 7 4 2 4 2 4 0 5 7 4 2 3 3 2 6 5 7 6 6 4 6 5 6 5 6 4 5 5 5 6
M[224] : 3 5 3 5 5 0 7 5 5 1 5 3 4 4 4 7 5 3 4 6 7 4 5 5 3 6 3 3 5 4 2 4 5 1 7 3 5 4 5 4 5 3 6 3 7 5 4 4 7 5 2 3 5 6 7 8 5
M[225] : 4 4 4 4 6 4 4 3 5 3 4 5 4 4 7 6 4 3 6 3 3 6 5 6 4 2 0 5 5 3 4 4 3 3 6 5 3 3 5 4 2 5 3 6 2 5 3 5 6 7 3 5 2 4 6 5 3
M[226] : 7 4 5 4 4 0 5 5 5 6 5 3 5 5 5 5 6 0 5 4 6 5 2 7 5 5 2 5 6 3 4 6 4 4 4 4 5 5 4 3 1 5 4 4 4 4 3 7 2 5 6 4 3 5 6 4 6
M[227] : 4 7 7 6 5 4 2 6 4 3 7 2 5 0 5 5 5 3 3 3 5 9 4 7 4 5 6 7 4 2 4 5 4 3 4 6 4 6 5 3 2 6 4 7 4 4 5 5 4 6 4 4 6 3 4 4 4
M[228] : 3 4 7 5 4 3 4 6 5 4 5 2 4 5 6 5 3 7 4 4 4 1 5 4 6 5 2 5 3 6 5 3 3 3 4 3 4 3 4 5 2 5 3 0 2 2 1 6 7 4 4 5 4 5 4 4 0
M[229] : 4 3 3 4 5 5 3 6 4 6 5 6 7 4 5 6 4 4 5 5 4 4 4 6 5 4 1 5 4 6 2 0 5 4 4 4 4 4 5 6 4 5 6 7 5 7 6 5 6 4 5 2 5 7 7 5 3
M[230] : 4 5 6 5 3 4 3 5 2 4 5 4 6 4 4 6 4 8 5 5 7 5 3 4 4 3 4 4 5 3 3 0 4 5 7 4 5 4 4 6 2 5 3 4 6 7 2 5 3 5 4 5 7 4 3 4 5
M[231] : 3 6 4 6 7 5 5 4 6 4 4 5 6 5 5 6 7 0 3 5 3 4 5 3 5 4 5 6 3 7 5 3 2 4 2 5 3 3 5 4 2 4 6 4 4 3 5 6 3 4 5 6 4 5 5 5 2
M[232] : 4 6 6 3 5 5 2 3 5 2 2 4 5 5 4 6 5 3 3 3 5 4 4 6 4 5 5 4 4 3 3 4 4 4 9 5 5 2 5 1 4 2 6 4 3 6 4 6 4 0 5 3 5 4 3 6 3
M[233] : 6 6 5 5 5 5 5 4 4 4 5 5 5 7 3 5 3 6 4 5 4 6 5 5 6 6 3 5 7 3 6 5 3 3 4 5 5 4 6 2 7 2 5 5 1 0 6 5 4 5 3 7 3 4 7 2 6
M[234] : 4 2 8 5 5 4 2 6 2 5 7 4 6 5 6 2 6 4 2 4 4 2 3 5 5 3 4 6 3 4 4 4 5 5 3 2 3 5 4 0 2 6 5 4 5 2 3 6 6 4 7 7 5 7 7 4 4
M[235] : 5 5 5 4 7 5 4 3 4 5 8 3 4 7 4 4 6 4 5 6 4 5 4 4 6 6 5 7 6 4 3 6 4 1 3 4 3 5 4 6 5 5 4 4 3 4 3 8 5 0 7 4 6 5 3 7 2
M[236] : 5 5 5 6 2 4 2 4 1 3 3 2 5 6 5 5 8 5 5 0 4 5 4 4 1 4 2 5 4 5 4 3 3 4 4 2 4 3 2 3 3 4 5 3 5 5 3 6 3 5 3 5 4 5 4 3 3
M[237] : 7 6 5 5 6 7 4 4 6 3 5 3 5 8 7 4 2 3 3 7 3 4 4 0 5 6 6 4 5 3 4 7 6 2 4 4 6 7 4 7 4 7 6 5 4 3 3 6 6 7 7 3 7 6 5 3 3
M[238] : 5 5 6 4 3 3 6 4 2 3 5 5 4 3 3 5 4 4 2 4 8 3 5 6 5 6 3 2 7 3 3 5 4 6 3 4 5 5 4 4 5 3 6 4 8 5 3 5 3 6 5 0 4 4 5 4 6
M[239] : 5 3 5 4 7 3 4 7 6 3 3 3 2 6 6 6 6 4 3 3 5 6 4 5 4 3 1 8 5 7 3 3 4 2 4 5 4 1 6 2 1 4 7 6 5 5 0 4 6 2 6 7 4 6 3 4 3
M[240] : 3 7 7 5 3 5 7 4 5 2 6 4 3 4 5 5 5 6 5 2 5 4 5 1 4 4 5 4 4 3 2 2 0 7 3 4 3 5 3 6 3 6 8 4 7 5 3 6 4 6 6 3 5 6 4 6 7
M[241] : 0 3 8 4 7 3 4 5 3 3 7 7 4 4 2 5 4 3 3 4 5 6 6 2 3 5 5 4 3 2 1 3 5 3 3 4 2 2 6 3 4 0 4 5 4 3 4 3 3 3 4 5 6 3 2 4 7
M[242] : 3 6 0 1 6 5 5 7 4 3 4 5 6 5 3 7 8 2 5 2 3 6 5 4 6 3 4 8 0 3 5 3 7 3 4 4 2 3 5 3 4 4 4 6 3 4 3 6 5 2 5 6 6 4 7 7 4
M[243] : 3 5 4 6 5 5 3 5 6 6 6 4 5 3 3 4 3 5 4 8 4 5 6 3 4 5 4 6 3 4 5 5 2 6 6 7 2 5 4 2 4 3 6 4 5 2 5 6 5 7 7 5 3 5 6 0 4
M[244] : 5 3 6 5 4 6 6 5 5 5 3 2 2 7 4 2 6 4 5 4 4 5 4 5 4 5 0 6 5 5 5 3 4 4 5 3 2 7 5 3 3 5 7 6 3 4 3 5 4 5 4 7 4 4 7 5 3
M[245] : 4 3 5 5 2 4 7 5 3 4 3 3 6 4 4 5 4 4 6 6 4 5 4 7 6 3 5 4 6 5 7 4 4 7 4 5 6 4 6 5 6 3 5 4 5 4 4 0 5 4 7 4 2 4 3 5 3
M[246] : 5 4 5 3 2 6 9 5 4 4 6 5 3 3 2 4 7 5 6 5 8 4 5 6 5 3 2 6 5 7 5 6 3 5 5 5 5 4 5 5 2 5 4 6 0 5 6 6 4 3 4 4 8 2 5 5 4
M[247] : 6 3 7 6 5 4 3 5 5 5 3 4 5 5 3 3 7 6 3 6 8 5 4 6 7 4 1 5 4 7 4 5 6 4 7 5 2 2 3 4 6 6 6 3 4 5 3 5 5 5 6 6 5 3 5 0 2
M[248] : 2 4 2 4 4 3 7 4 6 4 6 4 3 3 4 6 5 4 4 6 7 5 4 3 6 6 7 4 4 5 0 4 3 5 6 6 4 5 3 4 5 4 4 3 7 5 3 5 3 5 6 6 7 6 6 5 5
M[249] : 2 5 4 3 6 5 5 2 5 2 6 1 4 4 6 7 3 3 5 5 2 5 5 5 6 6 5 2 4 6 4 5 4 3 4 4 4 5 6 3 2 5 0 4 5 5 5 5 1 3 3 9 5 4 6 3 5
M[250] : 1 5 6 3 7 6 3 3 5 4 7 5 5 4 5 3 6 5 5 5 5 5 3 8 4 5 2 5 4 4 5 3 3 5 4 7 5 1 8 3 5 6 4 5 8 3 5 0 5 9 4 7 5 6 5 7 3
M[251] : 6 2 5 8 4 2 5 4 5 4 3 5 4 3 3 6 2 4 4 4 4 5 6 6 4 3 6 3 6 5 5 4 3 0 6 5 7 4 3 2 4 6 3 9 5 6 5 5 3 4 4 5 3 4 4 2 3
M[252] : 5 2 6 6 4 4 2 5 6 0 4 2 3 2 6 4 5 2 4 3 5 6 7 3 4 4 2 4 4 4 4 5 1 4 6 6 0 5 5 7 3 5 4 6 4 6 5 4 0 4 4 4 6 4 4 5 5
M[253] : 3 4 6 1 6 4 3 7 5 3 5 1 5 3 6 5 6 7 5 8 5 3 5 3 3 3 5 6 3 7 1 6 6 2 3 5 5 3 6 6 5 3 5 5 7 2 4 5 3 5 4 0 7 5 7 6 2
M[254] : 7 5 3 5 5 1 6 1 8 4 3 1 3 3 4 3 7 3 4 2 6 2 3 3 2 8 5 3 3 0 4 8 7 3 6 6 4 5 7 3 4 5 4 4 4 3 5 5 1 3 5 5 4 5 5 5 4
M[255] : 3 6 5 2 6 5 8 8 7 6 6 6 5 3 3 6 4 4 5 2 7 5 3 4 6 5 5 4 5 4 5 6 2 2 5 2 0 4 6 4 4 3 7 5 7 6 4 5 3 5 5 7 5 3 5 4 6
M[256] : 5 4 5 3 6 7 3 5 3 3 3 5 5 3 6 6 5 3 4 5 0 2 5 5 5 2 5 6 4 6 6 5 4 3 5 6 6 3 5 4 4 5 5 5 6 5 4 4 4 5 7 6 5 5 7 4 4
M[257] : 5 3 4 4 6 3 0 2 3 3 6 4 6 3 4 3 6 5 4 2 5 3 4 5 4 5 4 5 2 7 4 6 6 4 4 4 3 3 7 6 2 5 7 7 7 3 4 5 6 4 4 4 5 1 5 7 5
M[258] : 3 5 6 3 5 6 3 5 5 2 3 4 4 5 7 4 5 6 7 6 3 3 6 5 1 0 5 4 5 5 4 3 5 5 5 3 3 3 4 4 4 7 5 7 7 4 5 4 6 6 4 4 5 4 6 5 5
M[259] : 4 3 4 4 5 5 4 8 6 6 2 4 5 6 3 3 4 5 4 8 5 4 2 3 1 3 3 4 3 4 3 5 3 4 5 0 2 5 8 3 1 8 3 4 3 5 2 6 5 5 3 2 4 4 5 7 5
M[260] : 5 2 6 6 4 4 6 4 5 4 5 6 6 3 3 5 4 3 5 4 3 5 4 6 4 6 2 7 5 4 5 8 5 6 4 5 5 3 5 3 3 4 6 0 6 4 4 6 5 6 3 5 5 3 4 4 6
M[261] : 6 4 6 6 7 4 3 3 6 1 3 4 5 5 7 3 6 6 4 4 6 4 5 6 5 5 6 3 5 5 2 4 2 4 5 3 2 6 5 3 5 3 3 3 2 5 5 4 9 2 0 6 4 4 6 5 5
M[262] : 5 4 6 5 6 7 4 3 3 4 5 4 7 5 6 3 7 7 6 4 5 7 4 6 5 2 4 0 4 1 3 6 3 3 3 6 5 5 4 5 2 3 3 5 3 4 4 4 6 6 3 6 2 7 4 4 7
M[263] : 4 5 4 6 5 3 1 8 5 1 3 6 6 5 5 4 5 3 3 5 6 2 1 3 4 3 4 4 3 0 6 4 2 6 3 5 6 5 4 7 1 4 4 4 3 3 4 4 5 2 6 3 6 3 5 7 3
M[264] : 4 4 5 7 3 4 5 5 7 4 6 5 5 4 4 2 5 5 3 3 5 5 5 5 0 6 5 4 3 3 3 4 4 4 5 4 7 7 4 5 4 5 4 5 8 5 2 5 5 3 3 4 3 6 7 4 5
M[265] : 4 6 7 3 3 5 4 4 6 6 6 4 5 4 4 7 5 3 4 5 3 4 4 3 3 7 2 3 6 5 5 5 3 3 3 4 2 5 5 4 5 7 4 5 5 2 5 6 0 5 5 3 4 5 6 5 4
M[266] : 4 4 4 6 3 6 7 4 7 4 5 3 6 3 5 5 5 8 5 4 4 4 5 8 4 2 3 7 3 5 5 6 5 5 5 2 5 3 6 3 2 3 7 4 8 5 1 4 5 5 0 5 4 4 5 5 6
M[267] : 4 7 6 7 4 3 2 4 5 4 4 4 3 6 5 4 4 4 5 7 4 0 4 4 4 3 4 9 3 5 4 4 7 3 5 5 2 6 6 3 3 3 7 7 6 3 4 2 5 4 4 4 2 6 5 3 2
M[268] : 3 5 6 6 0 3 4 5 2 4 6 3 5 9 6 4 5 3 6 4 3 3 3 7 6 3 5 5 5 3 7 5 4 2 5 5 3 2 4 4 1 7 5 3 3 0 6 6 4 6 3 5 5 6 3 3 4
M[269] : 8 5 3 6 2 4 5 4 5 4 4 6 5 4 6 4 6 5 4 3 4 7 4 2 5 2 4 6 4 5 8 5 4 6 5 5 4 6 2 3 4 6 6 3 3 4 5 2 4 6 0 5 7 8 4 3 4
M[270] : 3 6 3 4 3 7 2 3 4 4 5 6 7 3 3 5 8 5 3 6 0 6 3 5 6 2 2 3 5 5 4 3 4 5 7 3 6 6 2 5 3 5 4 4 4 7 2 4 4 4 7 4 6 7 4 5 5
M[271] : 6 2 7 5 4 5 4 4 5 6 4 2 4 5 2 8 5 7 5 5 4 4 4 6 3 3 3 5 8 4 4 6 4 4 3 4 4 4 4 3 5 5 3 3 0 4 3 5 5 3 4 7 4 3 5 4 5
M[272] : 4 4 2 4 6 5 5 4 6 0 5 5 3 5 0 3 4 6 3 5 5 6 4 5 6 6 7 4 3 2 4 5 3 4 5 6 4 4 5 6 5 4 5 4 4 6 3 6 7 5 6 5 3 1 6 6 5
M[273] : 2 4 6 7 7 4 4 4 4 5 3 3 5 3 5 7 6 4 6 2 3 7 2 3 6 5 5 6 5 6 3 5 6 6 4 0 3 4 5 3 4 3 6 5 3 3 3 5 6 7 7 5 4 7 4 3 5
M[274] : 2 7 7 3 6 6 3 4 5 4 6 4 4 4 4 5 7 5 5 3 5 5 1 6 4 8 5 4 5 6 3 6 2 6 5 5 4 3 6 2 4 5 7 5 5 0 6 2 7 4 6 5 3 5 2 4 4
M[275] : 4 4 4 6 2 3 3 5 4 5 5 3 6 4 5 4 6 3 5 4 4 3 5 7 2 3 5 6 3 6 5 2 5 5 4 4 4 5 3 4 3 3 4 0 5 6 5 2 2 6 7 6 4 5 2 5 2
M[276] : 5 8 1 3 4 5 6 4 4 3 8 5 5 5 4 5 4 5 7 5 3 4 5 5 5 4 3 5 0 4 4 5 4 2 4 5 3 4 4 2 4 5 5 6 4 3 7 1 3 4 3 5 5 2 4 3 6
M[277] : 3 8 6 5 4 3 4 5 5 4 4 3 4 4 6 6 5 4 5 4 2 6 4 2 4 5 5 0 7 4 4 5 5 5 5 7 6 3 6 6 4 3 2 4 8 3 5 4 5 3 8 6 4 5 5 6 5
M[278] : 5 4 2 5 2 3 3 0 4 4 3 6 8 4 5 5 3 3 4 6 8 4 1 5 5 2 2 5 2 5 2 5 3 6 3 5 6 6 6 4 3 6 3 6 5 2 4 2 5 5 5 6 3 7 5 5 5
M[279] : 4 5 5 1 4 8 4 4 3 4 6 6 3 5 3 5 5 2 3 3 4 3 7 3 4 3 3 0 6 6 3 7 7 5 4 3 2 4 3 3 6 4 3 5 4 8 5 4 6 7 3 5 6 1 4 6 5
M[280] : 3 6 5 4 4 5 3 6 4 5 4 2 4 0 5 3 4 3 6 7 4 6 6 3 3 5 4 4 5 7 5 5 7 4 3 5 4 4 6 3 7 4 4 4 4 2 3 4 2 5 3 6 6 6 5 3 4
M[281] : 0 6 4 3 4 5 4 7 4 3 5 5 5 7 6 6 7 5 3 5 2 4 4 5 4 5 3 5 4 5 5 5 5 5 5 3 3 5 2 2 7 4 6 3 6 5 3 2 5 6 6 4 7 2 6 4 5
M[282] : 4 5 2 3 5 5 6 6 7 8 4 5 5 1 3 2 4 3 4 6 0 5 4 5 4 7 2 4 3 3 5 4 4 5 4 5 5 3 4 4 4 3 3 2 3 7 4 5 4 6 4 6 5 3 6 4 3
M[283] : 5 5 7 2 7 4 4 3 5 3 6 7 6 2 3 4 6 3 4 6 5 3 8 6 5 5 4 5 4 4 0 6 0 6 7 3 3 4 3 5 5 5 6 2 6 4 5 5 5 6 7 7 7 4 4 5 6
M[284] : 6 6 6 5 4 0 2 4 3 5 4 3 3 3 1 4 4 5 3 4 2 6 6 6 5 6 5 4 4 4 4 4 5 4 4 4 6 5 5 6 3 3 4 6 5 4 1 5 4 4 6 7 4 6 5 3 4
M[285] : 5 3 7 8 5 0 3 3 2 5 5 4 4 4 3 5 5 3 2 4 8 4 5 2 3 6 7 6 4 3 6 2 4 4 6 2 6 3 4 4 5 5 6 4 1 5 2 7 6 6 4 4 4 6 6 5 4
M[286] : 5 4 4 4 5 5 5 5 7 4 6 4 4 8 7 5 3 3 3 5 7 4 5 5 5 4 2 3 3 5 5 4 5 3 4 3 5 3 3 3 4 6 6 5 3 5 6 3 5 3 5 6 0 3 5 6 5
M[287] : 5 4 7 4 5 5 2 7 4 5 3 4 4 4 6 5 6 4 5 6 4 4 5 3 5 4 4 5 3 6 4 3 1 6 5 5 3 5 4 4 2 6 5 5 6 2 5 4 6 5 5 0 7 4 6 4 4
M[288] : 4 6 4 4 3 6 3 3 5 5 6 3 5 4 5 5 6 5 2 3 5 3 5 1 3 5 0 7 4 5 5 5 4 6 5 7 5 4 6 5 4 6 6 3 5 4 5 5 4 4 3 4 5 5 5 6 3
M[289] : 3 5 2 3 0 3 4 6 3 6 5 6 6 1 5 5 2 6 7 2 4 2 4 7 6 7 5 3 6 4 4 4 5 3 6 5 6 1 4 3 4 3 5 3 5 5 4 4 3 4 5 7 5 5 4 5 6
M[290] : 7 6 3 3 7 6 6 3 3 5 5 2 3 3 7 4 3 4 5 4 4 6 4 4 3 6 4 7 6 4 3 5 6 3 5 4 3 1 3 6 2 5 5 1 6 1 2 3 3 3 7 3 6 7 6 5 0
M[291] : 4 4 4 6 5 3 5 5 4 3 7 5 6 5 7 7 5 5 6 2 7 6 3 4 3 3 5 7 5 6 6 6 3 4 5 2 3 7 5 3 4 6 5 6 2 0 4 4 5 3 5 5 2 3 2 6 1
M[292] : 7 1 4 3 4 3 5 4 4 2 2 2 5 4 2 7 3 3 4 2 2 2 2 2 3 6 3 5 5 5 2 6 5 4 5 6 5 4 8 6 4 3 4 6 3 4 0 7 5 4 3 4 7 5 5 5 4
M[293] : 7 3 6 4 3 2 5 7 7 4 4 3 3 6 5 5 4 3 4 3 3 1 6 4 5 4 4 5 2 2 4 7 4 5 4 5 4 1 5 3 4 6 0 4 5 4 5 5 5 2 7 5 8 8 3 2 5
M[294] : 6 4 4 3 3 3 4 6 2 4 1 3 8 6 3 4 5 4 5 5 5 4 4 4 4 4 6 5 2 4 7 6 4 4 3 5 4 3 3 6 1 5 6 6 4 3 7 7 7 4 4 3 4 0 5 6 4
M[295] : 4 6 3 6 6 6 3 7 4 4 4 4 5 3 3 8 5 0 5 6 4 4 4 2 5 7 2 6 6 4 4 4 4 5 6 4 6 4 8 6 6 5 4 5 3 4 3 5 4 3 4 4 5 2 3 3 6
M[296] : 4 5 4 5 4 3 5 3 5 7 4 4 5 4 4 5 0 8 4 6 3 6 5 3 4 3 4 3 4 6 4 5 8 4 6 3 4 4 4 2 6 6 6 5 7 8 4 3 1 5 4 5 3 8 6 5 4
M[297] : 6 5 6 6 7 5 5 2 3 4 5 5 5 0 6 7 6 6 4 3 4 6 4 6 4 4 4 5 3 5 3 7 4 5 4 4 4 4 6 7 4 4 5 3 3 3 7 5 6 3 4 3 4 4 6 5 6
M[298] : 6 6 5 3 3 3 5 3 5 5 5 3 5 5 3 5 3 5 5 4 8 5 5 3 5 5 2 2 4 5 1 6 5 5 5 4 5 5 7 5 5 0 5 6 3 2 4 6 5 4 1 6 4 2 5 5 5
M[299] : 6 4 3 4 2 7 0 4 4 3 2 3 6 4 2 4 5 4 4 6 5 5 4 7 3 6 5 4 6 5 5 4 5 5 3 6 4 5 5 4 2 2 5 5 6 6 4 6 5 5 3 3 5 5 3 3 5
M[300] : 4 6 5 5 4 3 6 6 2 7 3 4 6 6 2 5 8 5 4 4 5 4 3 6 7 5 3 4 5 6 3 4 4 5 5 6 2 6 8 2 3 4 5 6 6 7 0 5 6 3 7 6 7 6 3 5 3
M[301] : 7 7 4 6 7 7 5 6 7 5 6 4 3 4 7 3 4 4 5 5 5 6 2 5 5 4 6 4 4 4 4 7 3 6 4 4 4 3 2 8 5 6 3 0 4 7 5 5 5 3 2 1 6 5 6 4 6
M[302] : 6 7 3 5 4 3 3 7 4 5 6 3 3 5 7 5 5 4 3 5 4 4 7 5 1 2 4 5 4 6 4 2 4 4 8 6 5 4 5 6 3 4 6 3 4 4 4 4 4 0 6 6 3 4 5 3 5
M[303] : 3 5 5 4 4 4 5 3 4 2 6 7 5 5 2 7 4 7 2 3 5 5 4 6 5 5 2 3 4 8 2 5 0 5 3 5 4 6 3 4 5 6 4 4 4 5 3 4 5 5 4 5 3 5 4 3 6
M[304] : 3 3 6 2 5 3 2 0 4 6 2 4 5 4 7 5 3 3 3 3 6 5 3 5 5 2 4 4 2 4 2 6 4 4 3 3 6 3 5 4 4 4 8 3 5 3 3 5 8 4 2 4 7 4 6 5 7
M[305] : 3 7 5 4 6 3 6 4 5 4 4 2 5 4 3 1 5 5 2 4 7 5 5 4 3 3 4 8 0 3 3 3 5 2 3 5 5 4 2 0 5 7 6 6 3 4 5 3 5 4 5 7 6 4 4 7 4
M[306] : 3 7 4 0 2 4 4 6 5 4 6 4 4 7 6 6 5 6 1 3 6 2 7 7 2 4 4 4 4 6 4 5 4 6 3 3 3 4 6 3 4 4 5 3 7 4 4 4 4 3 6 3 5 3 7 6 6
M[307] : 3 5 7 5 6 3 4 4 7 4 2 2 5 5 5 6 7 6 0 6 8 3 3 3 4 5 4 4 5 3 5 4 6 4 3 7 5 6 4 3 4 7 3 3 4 7 2 6 5 4 5 5 2 2 4 4 4
M[308] : 4 2 7 3 5 5 4 4 5 3 5 4 3 7 6 5 4 2 3 4 3 2 6 4 4 3 4 4 4 6 1 5 3 3 4 6 5 3 4 1 5 5 5 5 4 6 0 5 8 6 5 6 5 3 6 5 3
M[309] : 3 4 1 4 3 3 3 6 3 3 5 4 7 7 3 3 5 4 6 5 6 6 5 5 2 5 4 6 4 0 6 3 7 3 3 6 6 7 5 2 4 3 4 7 3 7 6 2 5 6 4 4 4 3 7 4 3
M[310] : 5 3 5 6 4 0 6 4 4 5 7 5 4 6 6 4 5 6 3 3 5 7 6 6 3 2 5 3 5 6 3 6 5 6 4 6 2 6 4 3 2 9 4 2 4 4 4 2 3 5 1 3 5 5 4 3 4
M[311] : 5 6 6 3 5 4 9 6 4 4 6 3 4 5 3 4 7 6 6 5 2 4 2 6 4 5 5 7 3 2 4 6 3 3 4 6 2 3 2 5 4 0 5 5 5 3 4 4 5 3 3 3 6 4 2 5 5
M[312] : 5 6 4 3 6 5 4 5 6 4 4 3 5 4 4 5 4 2 5 5 5 4 2 6 0 5 4 6 4 2 6 3 3 4 5 4 6 4 2 4 6 4 4 3 3 5 6 3 6 5 6 4 6 6 6 6 5
M[313] : 4 6 3 6 6 7 5 5 7 6 4 3 4 1 4 4 4 6 3 5 6 5 5 5 5 6 3 3 3 4 3 5 7 4 3 5 3 4 2 6 2 3 0 6 6 5 3 2 4 5 6 4 6 4 6 2 2
M[314] : 3 5 6 5 5 4 3 4 3 3 5 5 4 5 6 7 6 4 4 4 0 4 2 6 7 5 4 4 3 6 5 6 4 6 6 5 3 4 5 5 3 5 1 5 7 5 3 4 4 7 6 7 8 4 5 4 3
M[315] : 5 3 6 4 4 3 5 4 3 4 3 4 7 7 3 6 5 5 6 4 5 6 2 3 4 5 2 6 6 5 0 4 1 2 8 4 1 7 2 4 4 5 6 2 5 6 1 6 6 4 3 3 3 5 3 5 4
M[316] : 5 6 4 3 4 4 4 2 6 5 6 5 4 6 7 4 7 6 3 7 4 3 4 3 3 4 5 6 2 2 4 6 5 3 4 6 5 5 4 6 3 5 3 6 8 5 6 0 6 5 2 5 1 6 5 4 2
M[317] : 2 4 4 3 3 4 6 2 1 4 5 4 6 3 3 3 4 3 2 4 4 5 6 7 3 4 4 3 5 2 4 8 5 6 3 6 6 6 5 3 4 0 5 3 5 7 3 2 4 4 5 4 6 3 6 4 5
M[318] : 3 7 6 4 5 6 5 2 5 0 4 1 4 2 5 2 5 3 4 5 4 4 4 4 3 4 0 4 7 3 4 5 3 2 5 6 5 3 1 7 5 6 5 6 6 3 5 6 4 5 8 3 3 4 4 4 2
M[319] : 4 5 4 6 2 2 5 3 6 6 1 4 2 6 0 7 3 4 6 4 2 4 6 8 3 3 5 5 4 4 4 4 3 3 4 2 5 4 3 5 1 3 3 3 1 5 5 6 5 3 6 6 4 4 7 4 6
M[320] : 4 6 5 0 4 3 7 3 4 6 3 4 3 4 5 5 3 6 4 4 3 4 5 5 4 8 3 4 1 6 2 1 5 3 2 5 5 2 8 4 3 5 6 6 4 6 3 3 3 6 5 2 5 4 6 7 4
M[321] : 5 5 1 0 7 3 6 5 4 6 3 5 5 5 5 4 5 6 6 5 2 8 5 4 6 3 0 5 3 7 3 7 6 4 6 6 4 5 6 3 4 3 7 4 6 5 4 4 4 4 2 3 6 5 6 3 1
M[322] : 8 5 5 6 5 5 4 3 5 7 5 3 3 5 2 6 7 3 5 5 3 8 4 5 6 4 3 6 7 4 1 5 0 4 6 5 4 2 7 5 5 4 3 4 6 3 4 3 5 6 5 2 6 7 6 5 5
M[323] : 4 7 6 6 2 6 5 3 4 5 6 5 3 6 4 5 5 5 6 3 5 5 5 3 3 4 5 5 4 6 4 4 2 4 3 0 4 4 7 6 3 6 6 4 7 6 6 4 8 5 3 7 4 1 4 3 3
M[324] : 2 5 4 6 5 3 7 4 6 2 7 3 5 6 2 7 3 4 3 3 4 2 4 3 4 5 2 4 7 6 4 5 5 4 4 5 7 4 3 0 4 3 4 4 3 4 2 4 2 3 3 6 1 1 4 4 9
M[325] : 6 7 6 4 5 4 4 6 5 7 3 5 6 3 6 7 6 6 5 5 4 5 4 3 3 4 2 3 4 6 5 5 6 5 0 4 5 5 4 3 3 6 4 7 7 7 5 4 5 2 3 5 5 4 7 6 3
M[326] : 6 5 4 7 4 5 2 2 1 3 4 2 8 4 4 7 3 5 5 3 5 4 4 4 2 4 6 6 5 5 5 3 3 5 5 4 3 5 6 4 6 4 6 4 6 2 4 6 4 8 0 6 4 2 4 5 5
M[327] : 4 5 4 5 5 3 1 4 5 5 5 3 5 7 0 5 5 5 4 5 4 3 3 5 4 6 3 4 7 4 5 4 4 6 7 5 3 2 4 4 4 9 2 5 3 5 3 3 4 5 8 5 7 5 4 3 6
M[328] : 7 6 5 5 6 6 4 5 3 6 3 4 5 5 0 3 6 6 6 4 3 6 5 3 6 8 6 5 4 5 4 6 4 4 7 3 2 5 7 2 8 3 7 4 4 3 2 5 3 3 8 5 4 3 1 5 7
M[329] : 4 4 6 6 4 3 8 6 4 5 6 4 3 5 5 2 5 5 6 5 3 5 6 6 3 5 5 5 2 4 5 6 7 4 4 5 5 0 5 4 2 6 5 5 4 7 4 4 4 4 6 3 4 5 3 6 2
M[330] : 4 4 4 3 4 5 5 7 5 5 5 7 5 3 6 4 6 3 4 5 4 4 6 2 4 4 5 5 1 5 5 3 5 6 0 0 2 2 6 4 4 5 6 2 6 3 2 3 3 8 5 4 3 4 5 5 3
M[331] : 6 6 5 2 7 3 4 4 3 6 6 3 3 6 2 5 7 4 2 7 4 4 4 3 5 3 3 3 3 5 4 6 3 5 3 5 4 4 0 5 7 3 6 6 3 9 3 3 2 7 4 3 4 6 4 6 4
M[332] : 7 2 4 7 3 5 5 6 6 2 5 4 4 5 4 6 3 4 4 7 6 6 2 7 2 4 4 1 6 6 5 3 3 7 5 4 4 4 4 2 5 3 5 4 4 4 6 5 6 4 5 6 0 3 5 4 5
M[333] : 4 3 4 1 5 4 5 3 3 3 5 3 4 4 5 5 3 3 3 2 3 5 5 5 1 3 0 5 3 5 5 4 5 6 3 4 3 3 4 4 4 5 4 4 4 6 1 7 7 8 4 3 3 2 6 2 3
M[334] : 5 3 6 5 4 3 2 5 3 0 5 5 5 5 2 6 5 7 4 7 5 7 6 4 4 4 3 4 4 1 4 5 4 6 7 4 5 3 6 6 3 7 4 4 5 3 3 3 5 2 3 7 2 4 5 3 4
M[335] : 5 4 3 6 4 5 3 5 4 5 2 5 4 5 4 7 4 6 4 4 6 6 4 3 4 7 6 6 5 0 8 4 7 4 6 4 5 4 2 5 3 5 4 5 6 4 7 4 3 6 4 6 5 6 7 6 7
M[336] : 2 2 2 5 5 3 4 4 3 0 6 6 5 3 4 2 6 5 6 4 4 5 4 4 3 5 1 4 4 5 4 5 7 5 3 6 3 5 5 6 4 3 3 7 4 4 4 5 5 4 4 5 5 4 5 6 5
M[337] : 4 5 3 5 3 3 5 6 6 7 6 5 4 5 3 4 6 4 3 1 4 5 3 2 4 5 6 4 3 5 4 5 7 0 3 6 4 4 3 5 7 6 5 6 4 6 4 5 5 3 3 5 8 4 5 5 3
M[338] : 3 4 4 5 4 5 6 5 6 1 6 3 2 3 6 3 6 5 3 4 3 3 1 9 6 5 5 5 2 5 4 4 5 5 5 4 5 3 5 5 0 4 5 5 2 6 4 3 5 5 2 4 6 5 5 7 6
M[339] : 5 6 5 5 6 2 5 3 0 3 3 4 4 4 7 1 5 5 4 4 5 5 3 6 5 3 3 5 7 5 5 5 4 3 6 4 3 2 5 3 4 4 5 6 6 5 3 5 5 5 3 4 3 6 4 4 3
M[340] : 1 5 3 6 5 6 4 1 7 4 5 2 6 3 6 5 6 5 4 4 6 1 4 5 3 5 3 6 4 3 4 6 6 4 4 5 4 4 6 4 2 5 1 4 7 6 2 5 4 0 4 4 3 3 4 4 5
M[341] : 6 3 6 5 8 6 6 5 6 5 4 3 3 5 5 5 7 5 1 0 7 6 4 5 6 3 6 5 6 3 6 6 2 3 4 3 2 5 7 8 5 2 5 5 5 4 2 4 4 4 4 3 5 4 4 6 2
M[342] : 6 5 4 4 4 4 6 4 6 6 5 3 3 6 8 7 6 0 1 3 3 5 4 7 4 6 3 6 6 4 5 5 3 5 5 3 6 4 5 2 4 4 6 2 6 5 4 4 3 2 4 5 6 4 5 3 3
M[343] : 3 3 5 3 5 7 4 3 6 4 4 5 7 4 5 2 5 4 6 4 5 5 3 7 5 6 6 2 5 5 4 7 5 7 7 3 4 4 6 5 6 5 3 3 3 4 4 6 6 3 4 6 4 7 4 0 4
M[344] : 5 5 4 6 3 5 6 4 7 2 3 5 5 2 3 5 5 3 5 3 5 5 2 7 4 0 4 4 7 4 4 5 5 4 5 5 3 3 3 1 5 4 2 6 6 4 5 3 6 5 3 7 3 5 3 5 7
M[345] : 5 5 4 7 4 3 4 1 3 3 5 3 8 6 5 6 6 5 4 4 5 2 6 4 5 1 4 4 5 3 4 5 5 5 0 5 4 4 5 4 2 4 4 7 5 5 4 6 7 4 5 3 3 3 5 7 4
M[346] : 0 4 4 5 6 4 6 2 3 2 7 4 1 4 6 2 3 6 4 5 4 7 4 2 3 4 2 6 7 3 2 3 4 4 2 5 6 3 3 3 3 5 2 6 5 4 5 2 4 3 5 2 5 4 5 4 5
M[347] : 5 6 5 6 7 5 4 4 6 4 5 5 5 6 5 3 6 4 3 4 5 5 4 5 5 2 3 4 5 3 6 6 3 4 3 3 4 3 4 4 4 4 4 4 3 3 5 5 5 7 6 3 0 5 4 4 4
M[348] : 6 3 4 6 4 2 5 8 6 4 4 4 7 0 5 4 3 5 6 4 1 5 5 5 3 3 3 6 2 6 4 5 4 4 3 6 5 7 5 7 7 6 5 4 5 4 4 4 4 6 3 3 6 4 5 6 3
M[349] : 4 3 4 4 7 5 7 4 7 5 4 2 6 6 5 3 6 2 2 6 4 3 5 3 3 5 4 6 5 3 5 7 5 1 2 6 5 3 7 5 4 5 6 5 3 6 3 7 6 0 5 7 5 6 1 7 3
M[350] : 4 7 6 4 2 2 5 3 6 6 3 5 5 4 5 6 5 2 4 3 3 5 4 6 2 5 2 5 5 2 0 7 7 6 5 5 5 7 3 6 5 4 2 3 3 6 3 4 2 4 6 5 4 2 4 3 0
M[351] : 5 6 5 5 5 2 7 7 4 4 5 0 3 3 5 4 4 2 2 2 5 2 1 4 4 5 0 5 5 4 5 7 3 5 2 4 2 2 4 6 3 4 2 4 5 8 3 4 7 2 4 5 4 1 1 4 6
M[352] : 1 3 5 6 4 6 6 3 4 0 3 3 5 2 5 3 6 7 3 3 7 3 5 5 6 4 4 5 4 6 4 4 4 4 5 6 5 5 5 6 3 5 5 4 5 6 4 8 5 5 4 4 8 5 5 4 7
M[353] : 7 6 5 6 5 6 4 5 6 6 6 5 7 4 4 5 4 2 3 4 0 4 4 6 3 2 2 5 5 6 4 5 5 3 5 3 4 6 5 4 3 5 4 5 6 4 6 4 5 3 3 5 5 3 5 6 7
M[354] : 5 6 4 5 3 3 1 8 4 3 5 2 3 5 5 7 5 4 5 7 7 5 3 5 5 8 7 6 5 6 5 4 5 3 4 4 5 5 5 3 3 4 6 2 5 1 4 4 6 4 5 9 2 3 0 4 7
M[355] : 4 6 4 4 8 6 4 7 5 3 3 2 7 4 6 4 4 4 4 4 5 5 4 5 5 0 5 4 4 5 2 4 3 3 2 5 3 4 4 3 5 4 5 5 5 5 3 4 4 7 2 6 2 3 7 5 3
M[356] : 5 6 5 4 4 6 4 2 3 4 0 3 4 5 4 4 4 5 3 4 5 3 5 5 3 2 2 4 5 1 5 4 6 6 4 3 4 4 6 2 3 4 5 5 6 5 4 6 4 5 6 6 4 4 5 6 4
M[357] : 6 3 5 7 3 4 3 8 5 5 4 2 8 6 6 4 4 1 4 6 4 6 1 7 5 2 3 3 4 4 3 4 2 6 6 5 4 2 4 4 4 6 5 0 4 5 5 5 6 4 5 4 3 3 7 4 3
M[358] : 7 5 5 5 3 5 4 3 5 4 5 7 5 6 4 6 6 3 6 6 5 5 3 3 2 7 2 0 4 5 4 5 5 3 6 3 1 4 4 4 4 6 4 5 6 4 4 3 5 7 3 6 5 7 5 4 6
M[359] : 2 5 4 3 3 6 4 6 6 5 3 5 0 5 3 5 5 4 4 7 4 5 5 4 6 6 4 6 1 7 4 3 5 5 6 4 2 5 4 6 2 5 5 4 3 2 2 6 5 7 5 3 8 4 8 2 5
M[360] : 5 6 3 4 6 6 4 6 2 3 3 2 4 0 3 4 7 5 2 4 5 5 3 5 2 2 2 5 3 7 4 6 5 5 7 5 3 5 2 5 4 5 5 2 7 4 6 6 3 2 5 5 6 0 6 5 3
M[361] : 2 5 4 7 6 8 2 7 3 5 5 3 4 6 5 4 6 6 6 4 5 7 0 4 3 6 4 7 6 4 5 5 6 1 6 4 5 3 4 3 5 4 5 3 4 2 6 6 3 4 2 5 4 7 6 6 3
M[362] : 6 7 5 5 6 7 4 4 3 3 7 3 2 8 4 6 4 7 2 4 4 0 5 5 5 5 5 3 5 6 7 4 6 6 6 6 7 1 4 3 5 5 2 4 4 7 4 2 6 4 5 5 6 6 6 7 3
M[363] : 4 6 6 2 6 4 7 6 5 5 3 5 5 5 4 3 0 5 3 4 5 5 4 3 4 4 4 6 4 5 3 4 3 1 6 4 3 4 5 5 7 6 4 5 3 2 5 7 2 8 4 4 3 4 4 5 5
M[364] : 5 7 5 6 5 4 6 4 4 3 5 2 7 7 4 4 3 1 5 4 5 7 4 3 5 3 3 6 6 3 3 3 3 7 6 7 3 2 2 5 4 4 4 5 4 4 4 6 0 4 7 3 7 6 4 6 6
M[365] : 4 0 7 3 5 5 7 6 4 4 5 7 5 7 5 0 4 5 3 6 7 4 5 3 1 5 1 5 2 3 6 5 5 3 5 5 3 5 4 5 1 2 3 3 7 3 6 4 5 2 4 5 5 4 4 7 2
M[366] : 4 6 3 5 4 4 3 7 6 7 6 4 7 6 3 6 6 2 2 3 6 6 5 6 5 4 5 2 4 2 2 5 0 4 3 3 3 3 7 4 6 7 7 3 4 5 3 7 3 5 4 5 5 4 8 4 5
M[367] : 5 2 7 4 6 6 5 5 3 3 6 4 4 3 3 2 4 3 4 6 5 7 3 7 3 4 4 7 4 7 3 2 5 5 3 4 4 7 6 6 5 4 4 3 8 4 4 6 0 3 5 2 5 2 6 5 3
M[368] : 7 5 6 4 3 7 3 5 4 4 3 4 6 4 3 3 6 5 2 4 5 4 4 4 3 1 5 4 5 3 3 5 8 4 4 5 4 4 4 4 2 6 0 5 4 3 4 5 5 5 6 6 4 4 5 3 4
M[369] : 7 5 4 7 0 4 4 5 4 6 5 6 3 5 4 5 5 5 3 5 6 5 3 8 4 5 5 4 4 2 5 5 6 3 3 2 4 4 7 6 4 7 0 3 6 6 4 5 5 5 3 6 6 6 2 5 4
M[370] : 3 4 5 6 5 4 3 3 4 4 5 5 6 5 4 3 4 5 5 4 6 4 2 4 4 4 2 5 5 5 4 5 6 4 1 7 4 3 4 6 3 5 4 4 5 5 4 4 2 6 0 4 5 6 3 4 4
M[371] : 5 4 8 4 3 2 3 5 3 3 5 4 4 3 5 6 5 3 6 4 5 7 4 0 4 6 4 5 3 5 2 7 2 3 4 5 3 6 6 5 7 3 4 4 3 5 4 4 5 5 3 5 5 1 7 5 5
M[372] : 2 4 2 4 6 6 5 4 5 5 6 4 4 4 5 5 7 6 4 4 4 4 6 5 4 3 4 3 4 5 2 3 4 4 3 2 0 1 3 5 4 5 8 4 5 5 6 6 4 4 5 5 7 5 5 4 4
M[373] : 5 6 5 4 6 5 6 5 6 2 3 5 1 2 6 5 3 5 4 6 6 5 5 5 4 3 3 4 4 5 5 5 6 3 2 5 4 6 6 6 3 1 5 5 2 4 4 4 6 4 0 3 7 6 4 5 6
M[374] : 3 2 5 4 6 3 2 4 6 6 3 5 5 7 6 4 5 4 4 3 4 5 4 0 4 7 3 5 4 5 6 5 3 5 7 2 3 3 5 4 4 3 3 6 4 5 7 5 5 2 4 3 7 8 5 6 7
M[375] : 4 7 1 5 6 6 3 4 5 3 4 3 4 4 4 5 4 4 5 3 5 5 3 2 4 5 5 4 8 3 4 3 6 3 6 5 5 3 4 3 5 0 5 7 5 6 6 5 4 4 4 2 5 5 3 2 5
M[376] : 5 5 5 4 5 2 5 4 3 4 4 6 3 4 6 4 4 3 4 4 5 3 3 5 4 2 3 4 5 4 5 4 6 6 1 3 6 1 7 2 0 6 3 6 3 5 5 3 5 6 5 3 6 5 5 1 5
M[377] : 2 4 7 4 5 4 4 4 6 5 7 4 3 7 5 3 4 4 5 5 6 5 1 6 4 2 5 5 2 8 4 0 3 4 3 4 4 6 3 4 2 4 7 2 4 5 6 5 5 6 5 5 4 6 1 5 5
M[378] : 5 0 7 3 4 4 2 4 2 3 6 5 7 6 3 4 7 5 2 5 5 6 4 4 2 7 2 6 3 8 4 8 4 1 5 4 3 5 3 5 4 5 3 6 4 5 3 6 6 2 5 8 5 5 7 3 6
M[379] : 3 5 3 2 2 6 2 5 4 5 3 4 6 5 6 4 2 4 5 3 5 3 2 5 5 4 3 7 4 5 2 5 7 2 7 5 5 4 5 3 6 6 7 4 6 4 6 7 3 2 6 4 6 6 0 3 4
M[380] : 4 5 4 4 3 2 4 4 4 1 4 6 3 3 4 2 5 6 5 3 4 7 5 2 3 5 4 6 4 7 5 3 5 6 5 0 2 5 7 5 5 7 3 6 2 4 4 6 3 5 8 6 5 5 6 6 3
M[381] : 3 5 6 2 6 3 6 2 5 2 4 6 4 2 6 6 4 6 6 5 6 6 5 4 5 4 4 6 3 3 6 1 4 4 0 6 1 2 6 4 3 5 4 6 4 5 5 5 3 4 5 3 7 4 2 5 8
M[382] : 3 3 2 5 0 5 4 6 2 4 6 3 3 4 2 3 0 4 6 6 4 5 5 2 6 5 5 6 6 5 5 5 5 3 4 4 5 3 6 2 5 4 6 4 4 2 6 5 5 3 2 4 3 3 5 5 5
M[383] : 2 2 4 6 5 5 5 5 5 4 4 4 4 1 4 6 8 5 4 3 4 4 1 5 3 6 5 3 7 6 3 5 5 4 5 6 3 3 0 4 5 4 5 5 3 6 6 4 5 4 4 5 5 4 8 6 5
M[384] : 1 2 6 6 4 5 7 6 5 7 4 3 3 2 4 4 6 4 3 5 4 3 4 5 4 5 4 5 4 4 6 6 5 3 5 4 6 4 8 4 2 2 3 4 4 3 5 2 7 3 4 3 4 0 5 6 7
M[385] : 4 4 1 5 6 7 0 4 5 4 5 5 4 4 4 8 6 7 4 5 1 6 3 4 4 4 6 5 5 4 3 5 4 6 5 3 4 3 7 4 4 5 5 3 5 4 4 5 8 6 6 3 4 7 3 6 6
M[386] : 6 6 5 6 0 2 1 3 5 5 3 5 3 6 3 4 5 4 5 2 6 5 6 4 5 4 1 4 4 6 3 1 3 4 4 5 3 3 4 4 5 3 5 6 5 2 5 3 5 6 3 4 4 6 2 4 5
M[387] : 6 6 4 5 3 4 4 5 7 1 3 4 3 6 6 4 5 5 5 5 4 6 4 4 6 3 3 5 4 2 0 6 5 3 3 5 4 7 8 2 3 3 5 7 5 4 1 4 6 4 3 4 4 6 4 8 5
M[388] : 4 6 5 6 5 6 3 3 2 4 4 4 7 6 4 3 7 3 3 3 6 3 5 6 5 4 4 3 3 2 4 5 5 4 0 3 3 6 4 5 3 1 3 3 6 4 4 5 5 5 2 4 0 5 6 6 5
M[389] : 4 7 6 3 3 3 6 5 4 6 6 3 6 3 6 3 3 2 4 5 3 4 6 4 4 3 3 3 7 5 2 2 5 7 4 0 5 2 7 4 6 4 7 3 2 3 5 3 6 3 2 5 6 5 3 3 5
M[390] : 5 2 6 3 7 5 3 4 7 4 4 5 6 5 3 7 6 4 6 0 4 5 5 2 4 6 6 3 8 3 4 2 7 4 6 4 4 2 7 2 4 6 3 3 4 4 4 3 4 6 4 6 6 4 6 2 4
M[391] : 2 6 6 2 6 3 2 5 3 1 7 3 0 6 3 4 4 4 4 8 5 0 7 4 5 6 2 5 6 4 4 4 3 4 5 4 5 2 3 2 2 5 4 6 6 3 3 6 5 2 4 4 6 3 4 6 3
M[392] : 3 5 4 1 5 5 3 2 6 3 7 3 1 4 5 4 5 4 3 3 4 7 3 6 6 6 4 6 0 5 4 4 5 5 3 4 8 5 5 5 3 8 4 3 5 5 3 5 7 4 3 4 5 5 3 4 4
M[393] : 2 5 8 6 4 4 4 6 3 2 5 5 5 5 4 7 7 0 6 3 3 7 5 4 3 4 3 6 5 6 5 6 7 2 4 1 4 5 5 3 4 4 4 4 7 3 6 5 4 5 4 4 6 4 4 0 3
M[394] : 5 4 7 5 4 3 7 2 6 5 3 3 3 4 4 5 5 3 4 3 7 3 3 4 4 4 5 5 5 3 1 5 5 3 5 5 5 3 5 4 5 5 4 6 2 0 4 5 5 5 5 5 5 3 6 3 5
M[395] : 8 6 4 4 1 6 5 4 6 5 3 5 5 4 1 5 3 6 4 4 5 0 3 7 3 5 1 4 4 3 3 7 4 5 6 5 2 4 1 3 2 6 3 3 7 5 2 6 6 3 3 5 5 5 2 5 4
M[396] : 4 3 5 7 2 5 6 4 5 5 4 3 6 5 6 7 3 4 5 4 4 3 3 4 4 5 7 6 5 5 6 2 4 3 6 8 5 5 3 3 7 3 2 5 7 7 4 4 0 8 4 4 5 2 5 7 3
M[397] : 4 5 2 5 3 3 6 6 0 3 5 5 5 0 7 6 3 4 4 6 3 3 5 4 6 7 4 4 5 4 4 3 7 4 2 5 5 4 3 5 4 3 7 6 5 4 4 5 5 7 5 5 2 4 3 4 5
M[398] : 4 5 7 6 4 2 6 5 2 2 4 3 6 6 5 6 4 4 3 4 5 3 4 4 5 3 7 5 5 1 3 5 4 4 9 4 1 5 6 3 2 2 4 5 6 7 3 0 5 4 6 4 5 5 4 4 6
M[399] : 5 4 3 4 3 4 5 6 6 3 5 5 6 7 4 3 7 6 4 3 4 6 5 5 5 5 7 6 6 5 5 3 3 5 5 7 3 5 5 2 0 3 4 5 5 4 3 4 5 3 5 4 3 7 3 6 5
M[400] : 5 3 4 5 3 4 2 5 7 3 3 4 4 4 6 5 3 4 5 8 7 5 3 4 4 3 6 2 7 6 3 5 2 7 4 5 6 4 6 0 5 4 3 4 1 5 3 5 6 6 4 6 3 7 5 3 6
M[401] : 4 6 5 4 5 5 2 4 5 5 5 5 7 4 3 4 6 7 5 6 4 6 1 5 0 4 4 7 6 5 6 3 4 3 5 2 4 2 4 3 3 3 4 6 8 4 4 6 2 4 4 4 4 5 5 5 5
M[402] : 6 5 3 6 5 4 5 1 5 1 6 3 2 4 6 4 7 4 3 5 4 5 3 7 8 2 3 3 3 2 5 7 3 7 1 4 0 4 3 4 4 6 6 3 5 3 4 6 4 4 5 3 6 5 8 8 2
M[403] : 3 4 5 2 4 3 5 6 5 7 4 4 1 4 5 6 3 5 6 4 7 4 4 5 5 7 4 6 4 4 4 5 8 4 3 5 1 4 5 5 4 4 4 7 4 4 3 2 4 2 4 3 6 6 5 5 0
M[404] : 3 6 1 4 5 5 5 4 5 3 4 5 4 3 5 3 4 3 5 3 4 6 4 5 6 6 2 6 2 4 5 6 6 6 5 2 6 4 3 3 2 2 5 5 0 3 3 5 7 5 2 4 7 6 6 6 5
M[405] : 2 3 3 0 5 7 4 2 6 2 3 4 6 4 4 5 3 6 7 4 5 3 4 5 4 5 5 4 4 6 3 4 5 7 5 6 3 4 4 4 4 3 5 4 5 4 5 3 5 3 7 4 6 6 3 8 4
M[406] : 4 5 6 8 6 4 6 5 2 3 5 6 6 0 6 2 6 4 4 5 5 7 6 4 2 5 3 4 3 4 3 5 6 2 2 6 3 3 4 3 4 5 4 4 3 4 7 2 5 8 3 7 2 4 7 5 5
M[407] : 4 7 6 8 4 5 6 5 6 3 6 4 2 4 4 3 5 5 4 5 6 2 4 5 4 6 4 4 5 5 5 2 6 3 6 5 3 3 3 4 4 2 0 5 5 3 3 4 1 6 4 5 6 6 3 5 6
M[408] : 5 3 3 5 4 7 3 5 5 0 3 2 5 3 3 4 7 3 2 4 4 5 3 2 4 3 4 4 6 5 3 2 4 3 4 6 3 5 6 1 2 4 3 7 5 5 4 3 3 6 5 4 6 7 6 5 5
M[409] : 3 4 6 6 8 6 7 6 4 5 5 3 4 6 4 4 4 6 0 3 4 6 5 6 4 7 7 4 6 7 5 5 4 5 4 4 4 3 4 6 6 3 5 6 5 6 4 4 6 5 2 3 6 7 5 4 8
M[410] : 7 7 6 5 5 7 8 7 2 4 7 3 6 6 4 4 5 5 3 5 5 4 5 2 4 5 4 4 4 6 4 4 4 4 4 4 3 0 4 5 3 6 3 3 4 5 2 4 6 5 7 4 6 4 2 3 6
M[411] : 5 8 5 4 4 1 4 4 6 3 4 3 5 4 3 4 3 4 5 6 4 6 7 6 2 6 6 4 8 4 1 5 3 4 3 4 3 4 5 6 5 3 6 5 6 4 4 5 2 0 5 6 6 1 6 7 3
M[412] : 4 4 4 4 3 3 3 4 4 4 6 2 6 4 4 3 4 5 3 4 0 6 3 1 3 6 5 6 4 4 3 6 5 4 6 2 3 2 4 3 3 5 6 6 4 7 4 6 4 1 5 5 4 7 5 4 5
M[413] : 2 4 7 7 0 5 5 4 3 3 3 3 7 5 4 3 5 5 6 4 4 4 6 4 4 4 4 3 6 3 3 4 6 4 6 5 6 4 7 7 5 4 5 4 3 6 3 5 6 3 6 6 3 4 6 4 4
M[414] : 6 6 3 5 6 4 2 3 6 5 4 3 5 6 4 3 3 6 1 5 6 4 5 4 4 5 6 4 1 4 4 6 7 4 6 5 5 2 5 0 5 5 2 6 4 3 3 2 4 6 5 4 6 4 5 3 5
M[415] : 5 6 5 4 5 6 4 5 4 2 3 4 6 3 2 5 4 6 5 3 5 5 4 0 6 4 2 4 3 3 5 6 3 2 4 4 5 4 5 2 5 5 4 6 5 5 4 5 4 8 6 2 1 6 3 1 6
M[416] : 3 4 6 6 7 3 5 4 3 7 6 6 0 7 7 5 6 7 5 3 6 4 5 2 4 2 1 5 4 3 3 5 5 5 6 5 4 4 3 5 4 4 4 7 6 8 4 5 4 4 6 3 4 7 4 6 3
M[417] : 4 5 5 2 7 0 4 3 5 5 1 3 3 6 7 5 4 4 6 8 2 7 2 5 5 6 6 6 7 5 3 6 5 4 4 5 3 4 3 5 3 5 6 4 7 5 3 6 5 6 5 3 3 3 1 2 3
M[418] : 6 5 7 6 5 3 5 7 5 6 5 5 5 3 6 4 4 6 4 7 4 3 2 5 4 5 6 0 5 5 5 5 1 5 3 7 2 6 4 2 4 2 3 5 1 4 3 6 3 6 4 4 5 2 4 5 3
M[419] : 7 6 5 4 4 3 5 5 4 5 4 2 5 6 4 2 2 4 0 5 3 3 8 7 5 6 4 7 5 4 3 6 4 7 3 7 5 5 5 3 2 5 3 5 6 5 1 6 6 4 3 7 6 5 7 5 7
M[420] : 3 5 2 3 3 5 4 5 0 1 5 5 6 3 6 6 6 6 3 4 4 4 5 5 6 5 5 6 7 5 3 5 6 3 5 6 3 4 3 3 6 4 6 5 2 5 4 7 5 7 5 3 4 6 5 7 4
M[421] : 5 5 6 5 7 3 3 8 5 4 4 6 3 3 4 5 4 5 7 6 3 3 5 4 3 3 5 4 5 3 1 5 5 4 3 4 4 4 1 5 3 0 3 5 4 7 4 7 4 4 5 6 4 6 7 5 5
M[422] : 5 6 5 2 7 5 6 6 6 7 5 5 4 3 3 4 3 6 6 5 4 6 2 4 5 5 5 5 1 3 5 5 5 7 8 3 4 5 5 4 4 5 5 4 0 3 5 5 4 5 4 8 2 4 1 3 5
M[423] : 6 5 5 6 3 2 4 7 4 5 7 4 6 6 5 5 5 5 2 0 4 4 4 4 2 5 3 7 3 6 4 2 4 5 3 4 4 4 6 4 5 2 5 4 4 3 2 6 5 5 6 4 5 4 5 3 5
M[424] : 4 5 3 5 4 0 6 3 3 4 4 5 6 3 5 4 5 3 3 5 6 6 4 4 4 5 5 6 3 5 6 7 2 8 4 5 3 5 4 3 4 5 7 4 5 3 4 5 5 4 2 6 4 4 6 6 4
M[425] : 4 8 5 5 6 4 2 5 3 5 5 1 4 6 6 3 5 6 4 7 5 5 3 5 4 4 5 3 4 5 4 4 6 6 6 1 5 1 5 4 6 4 1 4 1 3 5 4 8 2 2 5 5 4 0 4 3
M[426] : 7 7 7 1 4 4 4 6 5 3 6 4 7 5 7 4 7 4 4 5 5 4 6 4 2 5 5 4 0 3 3 3 4 6 2 6 5 3 7 4 2 4 1 5 6 5 4 6 2 4 2 5 6 6 6 1 4
M[427] : 5 7 0 5 7 5 3 3 4 5 5 6 4 5 3 6 4 5 5 3 4 4 4 4 3 7 5 1 5 2 5 3 5 5 6 6 3 5 2 4 4 3 7 5 5 6 5 4 7 5 6 5 6 3 6 7 5
M[428] : 7 7 6 0 4 7 6 5 4 4 4 5 4 4 4 5 7 4 4 5 5 4 2 4 7 4 6 8 5 4 7 3 5 5 6 2 5 4 6 7 3 7 3 5 2 4 4 8 5 5 7 6 5 5 3 5 3
M[429] : 8 6 6 4 4 5 4 3 5 5 4 4 2 6 3 3 4 4 4 4 0 6 3 2 5 5 4 5 6 5 7 5 7 5 3 5 6 6 2 3 5 6 5 1 6 4 4 6 8 5 3 5 5 7 5 6 7
M[430] : 3 1 3 5 6 6 2 5 3 4 4 4 5 2 3 3 3 6 4 6 8 5 4 7 3 6 6 5 6 1 6 2 6 3 4 2 6 4 3 5 2 4 6 1 6 3 6 5 6 6 5 4 0 3 3 3 3
M[431] : 0 4 5 5 4 3 5 3 3 3 5 5 4 2 4 7 5 6 4 6 3 7 1 6 5 5 2 3 3 3 5 2 4 5 4 6 3 6 3 4 4 4 6 7 5 3 2 3 5 4 5 5 3 6 6 4 4
M[432] : 4 6 6 4 5 4 6 5 6 6 3 4 6 4 5 4 8 7 7 2 3 4 5 5 3 4 5 5 5 4 3 5 4 3 6 7 3 4 0 3 4 4 7 7 5 5 3 5 5 5 4 2 4 5 6 5 2
M[433] : 5 7 4 6 5 2 4 8 3 4 4 4 2 6 3 4 4 4 6 3 2 3 8 5 3 2 6 6 4 4 2 7 6 5 7 4 5 5 2 2 4 3 4 6 3 6 0 4 4 4 2 4 7 6 5 4 6
M[434] : 4 4 6 5 5 5 6 4 5 5 5 6 6 6 6 3 3 5 5 4 4 5 5 5 3 4 4 6 3 5 5 7 5 6 5 6 3 3 5 2 5 6 7 7 8 3 7 4 6 2 3 4 0 6 1 3 8
M[435] : 5 6 5 4 7 5 6 4 5 3 3 5 8 3 4 4 3 8 5 8 5 6 5 4 4 5 4 5 4 5 4 6 5 3 3 3 0 4 1 6 5 4 4 5 4 6 4 4 4 3 2 6 7 5 7 5 2
M[436] : 2 3 6 5 5 5 4 5 7 5 4 5 6 2 3 7 4 5 6 4 8 5 2 6 3 6 3 2 7 7 3 5 8 5 6 4 3 4 3 6 4 6 2 6 5 0 5 6 5 4 3 4 3 3 6 5 4
M[437] : 6 0 2 6 4 3 4 5 1 4 6 6 5 4 6 4 5 6 4 3 5 5 4 4 3 4 5 6 8 6 5 5 4 5 3 3 5 3 7 4 3 5 7 4 6 4 5 6 1 5 5 4 2 5 5 6 7
M[438] : 7 3 6 5 3 6 5 4 5 3 4 4 6 3 3 7 5 5 3 5 4 4 3 5 4 1 5 3 5 4 4 6 4 3 4 5 3 5 3 3 5 4 0 4 6 6 3 5 4 3 5 7 8 6 4 5 3
M[439] : 8 3 6 5 6 3 4 7 7 3 0 5 6 4 7 4 6 6 4 9 5 2 6 5 6 5 3 1 7 6 2 7 3 3 5 7 4 6 8 5 5 3 5 5 5 6 4 5 7 4 4 5 3 5 3 6 5
M[440] : 5 5 5 5 5 4 2 5 4 4 5 4 4 6 4 7 3 4 0 3 6 5 4 4 5 4 6 5 7 5 4 4 2 6 8 5 3 3 6 4 4 5 5 5 4 5 3 7 6 6 5 4 6 5 8 6 6
M[441] : 8 5 6 5 4 7 7 9 5 3 6 6 6 5 5 3 4 2 2 3 5 4 6 4 5 4 4 4 2 5 5 4 0 5 7 7 3 5 5 4 4 2 6 5 6 6 5 2 5 3 4 5 4 4 5 4 6
M[442] : 6 4 4 4 3 6 6 3 4 4 5 4 3 5 6 7 4 5 5 6 4 2 3 6 3 3 3 5 8 4 5 5 6 5 4 6 3 3 0 3 4 3 3 4 8 4 3 7 4 6 6 5 2 3 3 2 3
M[443] : 2 6 4 7 4 7 3 6 5 6 4 2 6 6 5 6 5 6 5 4 3 5 4 7 3 3 5 3 5 3 2 5 5 3 4 2 0 5 4 6 3 4 4 1 4 3 3 5 5 6 4 2 3 2 3 3 4
M[444] : 6 4 4 5 4 2 7 5 3 2 3 2 6 4 4 6 6 5 4 7 5 7 5 6 4 5 2 3 7 5 5 8 4 4 5 2 5 4 4 3 4 6 7 4 3 3 5 5 3 6 6 5 0 5 5 6 4
M[445] : 5 2 6 3 6 4 6 3 5 5 4 6 3 4 5 5 6 3 0 2 4 5 6 6 3 5 1 6 2 7 6 5 6 5 4 4 5 5 5 4 5 7 2 4 6 4 4 2 6 4 4 5 2 2 6 7 6
M[446] : 3 3 5 5 5 4 2 8 5 6 3 4 4 4 4 5 6 4 5 4 4 5 6 3 4 6 1 4 2 6 6 4 6 3 5 3 5 6 5 0 5 3 5 5 4 6 1 4 7 3 6 4 5 2 5 6 6
M[447] : 6 2 3 6 7 7 4 6 3 4 7 4 3 3 3 5 4 5 4 4 5 7 5 4 5 4 3 6 0 5 3 5 5 0 7 5 4 4 4 5 5 5 5 6 7 5 0 7 7 2 4 5 5 4 4 7 6
M[448] : 2 3 3 6 4 5 4 6 7 5 4 2 4 3 5 3 4 5 3 4 4 6 2 3 3 5 6 8 6 5 5 5 5 2 3 3 4 4 3 6 4 5 4 6 6 6 4 0 5 5 7 7 5 3 5 5 5
M[449] : 7 6 4 3 6 6 5 6 1 3 6 0 6 3 3 4 5 5 3 6 5 5 8 8 4 7 4 4 6 5 6 2 4 3 7 5 4 4 3 4 1 4 6 4 5 3 3 4 5 2 4 5 3 5 3 2 5
M[450] : 4 7 3 3 4 4 6 5 2 5 4 4 5 7 6 3 7 4 4 6 5 0 5 6 3 4 5 6 4 4 3 3 4 2 2 5 5 3 4 4 3 3 4 2 5 8 3 5 6 2 3 3 5 4 4 6 7
M[451] : 4 0 4 8 3 4 5 2 7 2 2 5 5 2 4 1 6 3 5 3 5 7 5 6 2 3 5 8 6 5 5 4 7 4 4 6 5 2 5 2 4 3 6 4 3 8 3 2 5 4 4 5 4 2 6 5 5
M[452] : 4 5 3 4 4 5 4 6 3 6 4 3 3 7 4 6 6 7 5 7 4 2 4 7 2 6 2 2 1 2 3 3 6 3 3 5 3 5 6 5 0 5 4 5 5 5 4 3 3 3 5 3 5 3 4 4 4
M[453] : 4 4 4 4 4 5 1 7 5 3 2 4 4 4 5 6 4 6 6 6 6 7 6 5 5 5 1 7 6 6 2 6 6 3 4 4 5 4 3 4 5 5 6 2 6 6 5 4 5 6 6 4 3 0 4 4 6
M[454] : 6 1 3 5 3 3 8 5 6 4 6 7 4 6 6 5 3 2 4 5 7 7 2 8 6 5 6 5 3 4 3 6 9 6 3 5 5 2 4 4 5 3 5 5 5 6 3 5 0 3 5 3 6 6 4 4 7
M[455] : 5 5 6 4 4 6 5 6 2 5 6 2 2 6 4 6 8 3 4 6 6 5 5 4 4 3 6 3 4 7 3 5 6 5 5 6 5 2 3 5 4 6 3 4 3 3 2 4 3 2 5 6 4 5 0 6 6
M[456] : 4 8 2 9 6 4 0 4 2 4 5 3 3 6 5 6 3 5 5 4 3 6 3 5 3 6 4 5 3 6 4 3 6 2 2 4 4 2 5 6 4 4 6 4 5 4 8 2 5 7 4 0 6 1 5 4 6
M[457] : 3 5 6 5 4 5 5 8 5 4 6 5 5 4 2 7 7 4 5 6 3 6 2 4 3 5 3 4 4 4 3 5 2 5 3 6 6 3 5 4 3 3 0 2 5 3 4 5 5 5 4 5 5 8 4 6 3
M[458] : 5 4 6 3 4 5 7 4 4 4 0 4 7 3 2 5 3 6 3 5 4 5 4 7 5 3 8 7 3 2 5 5 5 3 4 7 2 4 3 2 5 0 9 4 4 7 6 5 4 4 6 8 3 6 3 5 6
M[459] : 2 5 3 0 3 5 5 3 4 3 4 3 3 6 5 4 5 4 4 5 5 5 3 4 4 2 2 4 5 5 5 4 4 1 4 3 2 1 4 4 5 7 3 4 5 4 3 4 7 9 7 6 4 3 6 5 3
M[460] : 3 5 0 1 6 2 1 4 5 4 6 5 5 3 3 5 4 3 4 6 4 4 2 4 2 6 4 6 5 2 3 4 3 2 6 2 6 3 8 2 3 1 5 6 4 5 4 5 4 5 5 5 6 6 5 5 4
M[461] : 3 4 6 5 2 4 6 6 7 3 7 2 5 6 2 4 5 4 7 4 0 3 4 4 3 4 7 4 6 7 3 6 6 4 4 3 0 2 5 5 4 5 7 4 4 6 5 3 7 3 6 5 4 5 2 7 6
M[462] : 3 3 5 4 5 5 5 3 6 4 4 4 4 4 0 3 3 7 4 6 6 6 4 3 6 4 6 6 6 1 2 5 3 5 6 4 4 2 1 5 3 2 5 7 9 4 4 5 7 5 3 3 7 4 3 5 5
M[463] : 4 6 4 4 6 5 3 4 6 3 6 4 5 7 2 4 4 6 8 2 3 5 4 0 4 5 4 4 3 5 3 4 5 2 4 3 5 3 6 2 4 4 6 5 4 7 1 2 3 6 3 5 6 4 4 4 6
M[464] : 5 5 4 4 4 3 6 7 5 3 7 8 0 3 3 5 4 1 4 5 4 3 6 6 4 5 4 6 5 4 5 4 6 5 5 6 6 2 4 2 4 5 5 5 4 6 4 3 4 4 3 3 4 1 4 3 7
M[465] : 6 5 0 4 3 3 3 3 3 2 5 2 3 7 4 7 7 6 4 7 4 8 2 7 3 4 3 6 5 3 3 8 6 5 7 2 5 6 7 4 6 2 4 5 4 6 3 8 6 6 7 2 5 3 3 3 5
M[466] : 7 5 7 4 5 5 5 5 5 3 7 3 6 3 3 4 0 2 2 5 7 7 6 5 5 4 5 6 4 4 7 4 5 3 4 6 2 3 6 2 4 2 6 6 5 6 4 5 8 4 5 7 7 3 1 5 5
M[467] : 8 4 2 2 5 3 7 4 6 4 4 4 4 7 5 6 6 6 6 6 2 4 3 6 6 5 7 6 1 5 6 5 4 4 6 4 4 5 4 3 4 2 5 7 4 5 5 5 5 0 6 8 5 2 3 6 3
M[468] : 4 5 6 3 3 6 5 5 3 4 6 3 3 3 4 7 6 7 5 3 6 7 4 1 3 4 5 5 5 5 6 5 5 5 4 5 6 4 4 5 4 4 2 4 6 4 5 5 5 7 5 4 3 7 7 0 5
M[469] : 5 4 3 5 5 5 4 4 5 4 6 4 7 3 6 3 7 5 0 4 4 3 6 4 5 4 3 4 3 1 5 5 3 3 6 5 6 4 4 2 5 7 5 5 5 6 5 4 4 4 6 5 4 4 5 5 5
M[470] : 4 7 6 6 7 7 3 5 5 6 4 5 1 5 7 3 6 2 4 5 7 0 4 6 4 4 5 6 5 5 4 3 7 5 5 8 3 6 5 3 2 4 3 6 3 4 3 6 5 7 7 4 4 3 4 5 6
M[471] : 4 5 5 4 7 7 4 5 6 5 3 2 4 6 7 5 5 7 0 4 5 5 6 6 3 3 3 5 7 6 3 2 6 4 5 4 4 4 2 3 3 3 7 1 5 7 7 5 7 5 7 4 5 2 3 5 5
M[472] : 2 3 5 5 5 6 7 3 3 2 4 2 6 4 5 7 3 4 5 5 3 7 5 6 4 6 5 7 2 6 3 6 2 1 4 6 3 5 4 0 5 5 1 2 5 5 2 5 6 7 5 7 5 3 4 5 5
M[473] : 0 7 3 2 5 7 5 6 5 2 7 3 4 4 5 7 2 5 5 8 6 6 2 7 3 4 4 6 5 3 3 6 5 5 6 3 5 4 4 5 6 5 4 4 5 6 5 3 4 5 6 6 5 2 5 2 2
M[474] : 1 3 5 7 5 5 4 6 7 3 5 5 5 3 7 5 3 3 4 4 6 3 4 8 4 3 6 4 4 4 4 6 5 4 5 5 4 4 6 4 5 5 4 3 4 7 3 3 3 5 4 2 6 5 8 0 7
M[475] : 5 7 4 4 3 5 7 4 5 6 4 2 5 8 7 1 5 4 4 7 2 0 4 7 5 5 1 4 3 5 5 6 5 6 3 1 6 6 3 5 4 7 5 5 5 5 1 4 7 4 7 5 7 6 2 6 6
M[476] : 4 7 5 4 3 5 5 6 3 3 5 4 2 7 2 2 0 4 6 3 3 5 4 4 4 4 6 6 6 4 4 4 4 4 5 6 4 5 6 4 4 6 4 3 6 4 3 6 3 6 6 1 3 3 5 6 3
M[477] : 4 6 5 6 4 5 2 3 5 4 3 4 6 4 3 6 5 8 3 5 6 5 2 5 3 3 5 4 4 5 0 4 4 2 7 2 4 4 6 5 4 4 6 5 3 6 3 6 6 3 6 4 4 6 4 3 2
M[478] : 4 5 2 3 4 4 6 5 3 5 8 5 4 4 4 5 7 4 4 6 5 6 4 4 7 5 3 4 3 5 4 6 4 7 1 4 6 3 6 7 0 4 3 5 3 6 3 6 7 4 4 4 3 1 6 4 2
M[479] : 5 4 2 4 5 6 9 4 7 4 5 3 7 5 7 3 6 3 4 6 3 6 4 1 6 5 3 4 5 6 3 5 6 7 6 6 6 4 6 2 4 5 7 5 0 2 3 7 6 5 5 6 3 7 3 3 3
M[480] : 6 3 4 3 6 7 7 4 3 1 6 5 2 4 6 4 5 6 6 2 5 7 5 6 5 2 5 6 5 6 5 4 4 2 2 5 7 3 6 4 4 7 5 5 7 4 5 4 5 5 5 5 5 6 4 5 0
M[481] : 5 4 6 2 4 3 4 4 5 4 0 4 5 7 6 2 3 3 4 6 4 5 2 5 3 3 4 3 7 3 3 3 4 4 2 3 4 6 5 4 4 5 4 5 3 4 2 6 3 3 3 4 4 5 5 7 5
M[482] : 6 3 0 5 5 4 7 7 5 5 3 4 5 5 5 3 5 5 6 7 4 4 3 4 4 2 3 6 4 4 5 5 4 3 4 7 3 4 4 8 3 6 6 5 5 5 4 3 6 4 5 6 2 5 6 5 4
M[483] : 5 2 6 4 7 4 6 2 3 3 5 0 1 3 6 6 5 4 4 4 3 4 3 4 5 5 5 4 3 5 4 3 7 5 5 5 3 6 7 4 5 2 4 5 5 1 5 5 4 4 5 3 4 3 3 5 3
M[484] : 7 2 5 4 5 2 6 4 3 3 4 5 3 7 6 5 6 3 4 3 6 3 6 6 3 5 6 4 4 4 7 4 3 3 3 5 1 3 4 2 5 6 7 4 5 6 0 3 2 4 1 4 3 5 6 5 2
M[485] : 5 2 3 6 7 3 7 6 8 3 4 4 5 4 3 5 4 3 5 6 4 6 1 4 4 9 4 5 5 6 2 4 7 3 4 5 5 5 5 3 2 6 4 5 7 5 2 5 5 0 5 3 3 4 4 5 4
M[486] : 5 6 4 7 6 5 6 4 3 6 5 4 6 4 6 3 6 3 7 5 8 3 6 4 3 7 0 2 3 3 4 7 6 3 5 5 4 3 5 4 4 6 3 7 2 5 2 5 3 3 5 5 2 3 6 3 5
M[487] : 2 5 5 6 5 4 6 4 2 4 4 3 5 5 2 6 0 8 5 2 7 5 7 3 5 3 3 2 5 4 4 5 5 6 8 6 5 3 7 3 4 2 6 4 5 5 5 4 4 5 3 5 2 6 3 6 6
M[488] : 8 5 3 4 6 4 4 5 5 1 5 6 5 6 4 0 4 4 5 4 3 8 5 8 2 6 3 3 6 2 5 7 4 4 6 2 3 3 6 4 2 5 6 4 6 5 4 3 5 6 5 2 4 7 7 4 5
M[489] : 5 2 4 4 4 5 4 4 5 6 4 4 7 4 6 0 4 3 4 5 3 2 3 5 2 3 2 4 3 4 3 4 3 6 5 3 3 3 5 4 7 6 6 2 4 8 4 5 4 4 5 3 5 3 7 4 6
M[490] : 3 4 3 4 5 3 5 3 4 3 5 3 7 0 4 5 4 4 6 5 3 7 3 3 5 5 5 5 5 5 5 2 7 4 5 4 3 3 5 1 3 5 3 5 5 4 3 4 6 5 2 4 5 5 6 3 4
M[491] : 4 4 0 7 7 3 5 3 4 4 4 4 6 7 3 2 4 6 6 5 3 7 3 5 4 6 3 3 4 6 4 5 0 3 3 4 6 6 4 6 4 2 3 4 5 7 5 5 5 5 6 6 4 3 6 6 7
M[492] : 5 4 5 6 5 6 6 4 5 6 5 4 5 6 5 6 2 3 2 6 2 4 5 5 6 4 2 6 4 5 5 3 2 2 5 5 3 2 7 2 3 5 5 4 3 6 4 6 5 5 6 5 4 8 0 6 6
M[493] : 2 5 7 4 3 5 4 4 4 3 4 2 7 3 5 2 3 4 5 5 5 5 4 3 5 5 3 4 2 4 3 4 5 0 5 5 4 5 6 4 4 6 3 3 5 6 5 5 6 2 4 3 3 4 3 5 1
M[494] : 6 5 3 4 5 3 7 3 6 5 6 4 4 7 6 4 5 4 3 4 4 4 5 2 4 6 2 6 3 5 4 6 5 4 3 0 2 3 7 3 6 6 6 6 4 5 5 4 6 4 3 6 3 8 6 6 5
M[495] : 6 7 5 3 3 3 6 4 6 7 4 5 4 6 1 5 5 2 3 5 7 3 7 7 4 4 5 4 3 5 5 5 7 3 6 7 5 1 6 0 3 3 5 4 5 5 3 3 6 6 5 6 4 6 3 3 5
M[496] : 0 2 5 4 2 5 2 4 2 7 2 2 4 5 1 4 3 4 6 4 3 3 5 4 6 3 2 4 6 2 4 4 6 4 5 6 5 4 4 6 5 5 5 3 4 5 3 3 8 4 5 7 2 7 0 6 3
M[497] : 5 4 5 5 3 5 6 3 5 5 5 3 0 5 5 1 5 5 4 2 5 4 2 7 3 7 4 5 3 4 4 5 3 5 6 5 5 4 5 3 4 4 3 4 5 4 1 8 5 3 5 6 4 5 4 7 2
M[498] : 1 4 3 4 5 6 8 6 4 7 6 4 4 2 1 4 5 6 2 4 6 5 5 3 2 7 4 6 2 3 5 4 6 3 2 5 3 5 6 5 5 2 5 6 3 3 3 6 1 3 4 4 4 0 6 3 3
M[499] : 4 4 3 5 4 5 3 5 6 5 6 5 3 2 4 2 5 5 4 5 3 3 5 5 5 5 4 4 0 4 3 5 4 3 4 4 3 4 3 4 5 4 3 6 3 5 4 7 4 3 5 4 8 5 6 6 4

