 Execution de l'algoritme BITS sur le fichier dsjc250.5.txt
=====================================================================
 Partitions  : 
Vk[0] : 34 203 74 60 150 125 223 15 -->  8 éléments.
Vk[1] : 43 31 78 160 83 141 68 140 -->  8 éléments.
Vk[2] : 22 242 41 208 186 205 54 126 -->  8 éléments.
Vk[3] : 196 118 71 122 166 151 7 -->  7 éléments.
Vk[4] : 131 129 10 92 165 27 100 133 -->  8 éléments.
Vk[5] : 35 248 66 11 13 134 249 80 -->  8 éléments.
Vk[6] : 119 30 204 154 90 121 1 185 -->  8 éléments.
Vk[7] : 184 147 172 162 33 4 222 130 -->  8 éléments.
Vk[8] : 120 95 18 88 86 188 177 182 -->  8 éléments.
Vk[9] : 138 105 217 247 225 109 233 40 -->  8 éléments.
Vk[10] : 245 102 79 127 20 51 180 -->  7 éléments.
Vk[11] : 114 14 124 93 6 87 215 159 -->  8 éléments.
Vk[12] : 77 136 123 198 37 239 106 168 -->  8 éléments.
Vk[13] : 219 135 228 104 153 67 101 81 -->  8 éléments.
Vk[14] : 69 192 132 28 189 174 144 85 -->  8 éléments.
Vk[15] : 116 145 199 3 113 148 232 246 -->  8 éléments.
Vk[16] : 211 175 236 63 64 218 103 -->  7 éléments.
Vk[17] : 45 164 149 50 17 240 152 167 -->  8 éléments.
Vk[18] : 19 244 200 82 207 53 161 -->  7 éléments.
Vk[19] : 190 58 179 65 202 173 25 94 -->  8 éléments.
Vk[20] : 194 97 170 178 75 8 163 139 -->  8 éléments.
Vk[21] : 224 156 171 214 227 55 110 -->  7 éléments.
Vk[22] : 191 142 230 107 5 91 234 143 -->  8 éléments.
Vk[23] : 221 155 84 47 12 108 229 -->  7 éléments.
Vk[24] : 212 42 39 56 38 226 216 99 -->  8 éléments.
Vk[25] : 36 62 213 201 241 128 220 46 -->  8 éléments.
Vk[26] : 115 48 16 9 210 231 32 187 -->  8 éléments.
Vk[27] : 111 146 0 2 76 24 243 26 -->  8 éléments.
Vk[28] : 183 206 112 96 181 235 52 98 -->  8 éléments.
Vk[29] : 117 209 61 157 44 137 237 89 -->  8 éléments.
Vk[30] : 72 49 158 238 73 21 23 57 -->  8 éléments.
Vk[31] : 169 197 59 195 70 29 193 176 -->  8 éléments.
Matrice M
M[0] : 2 2 6 6 7 4 6 4 3 3 2 6 5 3 3 4 2 2 5 5 4 2 3 4 4 4 5 0 3 6 5 7
M[1] : 6 4 5 4 3 7 0 5 4 5 2 3 3 5 5 3 3 5 5 3 4 5 6 3 2 5 4 6 4 5 4 8
M[2] : 6 5 5 3 6 5 5 6 4 3 2 6 3 5 5 3 4 4 4 5 5 5 2 4 2 5 5 0 4 4 6 7
M[3] : 6 5 4 2 4 5 1 6 5 6 5 4 2 5 4 0 3 5 5 4 1 1 4 2 3 5 6 3 5 6 1 5
M[4] : 3 5 6 4 5 4 3 0 5 1 4 4 5 3 4 3 5 5 3 6 6 2 3 5 6 4 5 5 4 3 6 8
M[5] : 4 0 2 5 6 3 4 4 5 4 1 3 2 3 7 5 3 3 2 5 5 5 0 5 3 1 4 4 4 5 4 5
M[6] : 4 2 4 6 6 2 4 2 5 4 3 0 5 6 7 4 1 5 3 3 6 6 4 5 6 3 3 4 4 3 3 5
M[7] : 5 4 3 0 4 6 3 4 3 6 2 5 5 5 6 3 2 5 3 3 7 4 6 4 3 3 1 6 2 4 5 3
M[8] : 3 3 4 3 2 3 3 4 4 2 3 5 6 5 5 3 2 3 4 3 0 2 3 1 6 5 5 3 3 5 4 7
M[9] : 5 4 3 2 5 7 4 4 4 6 4 6 5 5 3 2 3 0 4 4 6 4 6 2 6 4 0 2 4 3 3 2
M[10] : 5 5 5 3 0 3 5 3 2 6 3 3 4 5 3 3 4 2 3 2 5 3 4 3 5 5 4 6 4 7 4 5
M[11] : 4 5 3 3 4 0 4 7 6 2 5 5 5 5 3 4 5 2 2 4 3 2 3 2 4 3 5 2 7 3 4 3
M[12] : 1 4 5 4 3 5 5 5 2 4 2 4 4 7 5 5 4 4 5 5 6 2 4 0 5 4 5 2 6 6 7 5
M[13] : 7 6 3 3 3 0 6 6 3 6 4 3 4 3 3 1 4 6 3 6 3 1 3 5 4 5 6 4 5 6 5 3
M[14] : 5 6 5 3 3 5 3 6 5 5 3 0 4 2 4 3 2 4 3 2 7 6 4 5 3 5 5 4 4 4 3 2
M[15] : 0 4 2 6 7 5 3 5 5 4 4 4 6 2 5 5 5 7 5 7 4 7 5 5 7 2 4 4 5 1 5 5
M[16] : 6 3 2 4 5 3 1 3 2 3 4 5 6 4 2 5 5 4 4 4 6 4 5 4 3 5 0 1 2 6 4 5
M[17] : 8 5 4 3 2 3 5 3 6 3 5 5 5 3 5 6 5 0 4 1 4 4 5 3 5 4 3 2 3 7 3 3
M[18] : 4 5 4 2 5 3 4 5 0 6 4 3 5 2 4 5 4 3 3 5 6 4 7 4 3 5 6 4 4 3 2 5
M[19] : 3 3 6 4 4 7 3 3 4 6 3 2 5 7 3 4 4 5 0 4 6 2 2 4 2 5 3 5 7 3 2 6
M[20] : 4 6 3 4 4 7 4 2 5 3 0 5 4 5 4 2 4 5 3 3 4 3 3 6 3 5 5 5 3 7 4 4
M[21] : 5 4 2 4 4 4 4 2 3 5 2 3 3 4 3 5 4 4 1 6 3 4 2 3 4 4 6 1 7 5 0 3
M[22] : 3 4 0 6 6 4 4 3 2 5 5 4 4 3 3 2 3 6 5 3 5 4 5 6 3 6 6 4 4 2 5 4
M[23] : 5 3 4 4 6 4 2 4 2 4 4 6 3 5 3 3 5 7 5 2 3 3 4 3 3 2 5 3 5 6 0 5
M[24] : 6 4 7 4 5 1 2 4 4 5 2 2 5 4 5 5 2 3 2 5 4 3 2 5 4 4 5 0 2 6 5 4
M[25] : 6 2 5 3 4 4 6 3 5 5 3 5 3 3 3 5 3 3 6 0 4 4 2 3 4 5 5 4 2 4 5 3
M[26] : 4 4 4 1 5 1 3 6 3 6 2 6 2 3 3 2 4 4 4 3 3 3 4 5 4 5 3 0 4 4 2 2
M[27] : 4 4 4 2 0 4 4 3 6 5 4 5 4 3 3 4 5 6 4 4 3 5 5 5 5 4 5 6 3 5 3 2
M[28] : 3 3 5 6 5 5 7 5 4 3 2 6 2 4 0 4 4 2 3 3 5 4 5 4 3 6 5 5 5 3 2 4
M[29] : 3 3 6 5 6 3 5 6 4 5 5 3 4 3 3 3 5 3 2 4 2 4 4 3 3 3 3 2 4 6 1 0
M[30] : 5 2 4 2 5 5 0 4 4 6 4 3 5 5 4 5 5 4 2 3 3 4 4 4 4 4 5 3 5 5 5 3
M[31] : 1 0 3 4 3 5 4 5 2 7 6 2 3 4 6 6 2 4 3 2 3 3 3 6 3 2 4 3 5 5 5 6
M[32] : 2 6 3 4 7 5 4 5 5 3 2 6 4 4 3 3 3 6 2 4 2 4 3 4 4 6 0 3 5 3 7 3
M[33] : 4 2 4 2 4 6 4 0 4 4 4 6 1 3 6 4 3 4 3 4 3 4 4 3 6 5 3 4 6 4 5 4
M[34] : 0 4 3 3 6 6 3 3 2 3 3 2 2 6 6 6 4 3 1 7 5 4 3 3 4 3 6 3 3 6 4 5
M[35] : 3 3 2 3 4 0 3 5 5 4 3 7 5 2 3 6 5 4 5 3 4 5 2 4 6 4 4 3 5 2 5 5
M[36] : 3 4 7 2 4 4 4 5 3 3 5 4 6 4 6 4 4 3 6 5 6 3 4 6 2 0 4 4 4 4 5 3
M[37] : 5 6 5 3 3 3 3 3 5 6 4 3 0 5 5 5 2 4 4 0 2 5 3 2 4 3 6 1 6 2 5 5
M[38] : 5 4 5 2 1 3 3 4 4 2 3 3 3 5 4 5 4 3 5 5 6 4 6 5 0 4 2 4 5 4 7 5
M[39] : 1 5 3 4 6 3 4 4 3 5 4 4 3 5 5 7 5 5 1 6 6 5 3 3 0 4 5 7 6 1 5 5
M[40] : 8 5 5 5 2 5 6 4 6 0 4 4 2 3 3 2 1 6 4 6 3 4 1 6 6 4 2 3 3 4 7 4
M[41] : 7 5 0 4 6 5 5 3 4 3 3 5 3 3 3 5 4 4 5 5 6 4 3 3 4 2 4 2 2 5 4 5
M[42] : 3 5 5 4 5 6 4 4 3 5 3 4 4 6 3 3 4 1 3 5 3 3 4 2 0 4 4 4 4 8 4 4
M[43] : 4 0 2 5 7 7 4 4 5 8 4 5 3 4 4 5 5 3 5 5 7 1 5 4 7 3 3 4 5 3 4 2
M[44] : 2 5 3 4 4 3 4 4 4 5 5 4 0 3 1 4 4 5 3 6 6 3 3 4 4 7 5 4 4 0 3 5
M[45] : 4 1 5 2 4 2 5 6 4 5 4 4 5 3 4 6 5 0 3 6 4 6 3 3 4 6 6 3 5 4 5 4
M[46] : 5 5 3 3 1 3 2 1 1 4 4 6 5 5 5 7 4 4 3 5 4 3 6 3 7 0 3 3 7 4 6 6
M[47] : 4 3 5 4 5 2 2 7 4 5 4 4 4 4 5 2 3 5 4 3 3 7 5 0 8 2 3 4 3 5 6 5
M[48] : 3 2 7 1 5 5 7 4 5 2 5 5 5 3 3 5 4 5 2 6 6 6 5 4 6 4 0 5 4 1 4 3
M[49] : 4 4 2 7 3 3 5 4 6 4 3 2 5 5 5 6 2 3 3 4 1 4 7 3 6 4 4 6 2 3 0 4
M[50] : 4 4 5 5 5 4 5 4 3 3 4 4 6 4 2 7 5 0 4 3 4 3 5 3 5 4 4 2 6 4 3 6
M[51] : 5 5 6 4 3 3 2 2 3 5 0 4 4 4 2 4 3 3 3 4 7 4 2 3 5 5 4 4 6 4 4 2
M[52] : 4 5 5 1 5 6 3 6 5 4 2 5 5 3 6 3 5 4 5 5 6 2 4 6 4 7 4 4 0 6 3 3
M[53] : 5 2 3 4 5 4 4 3 3 4 7 4 4 2 4 2 2 3 0 5 5 3 7 4 3 4 2 4 3 5 5 1
M[54] : 1 2 0 5 4 1 3 5 4 5 4 5 6 5 5 5 5 4 5 3 4 6 2 2 1 4 3 5 3 1 3 4
M[55] : 5 3 4 4 4 5 4 2 3 3 4 5 5 2 4 5 4 4 3 5 7 0 3 4 5 4 4 4 3 7 4 3
M[56] : 6 5 4 4 5 4 6 3 3 3 5 4 2 4 2 4 3 4 1 4 4 4 6 7 0 5 2 4 6 5 5 3
M[57] : 3 3 7 1 4 5 4 4 6 5 1 3 3 4 6 4 4 2 3 5 4 4 4 5 6 3 4 2 4 6 0 5
M[58] : 6 4 3 4 6 2 3 4 2 2 3 5 3 4 5 4 3 3 4 0 4 3 5 4 5 5 2 4 4 6 5 5
M[59] : 3 5 2 3 2 4 5 6 6 4 2 5 2 4 4 4 3 5 3 2 4 4 5 4 4 3 3 6 3 2 3 0
M[60] : 0 2 4 4 4 4 6 3 3 2 4 4 2 1 5 3 3 4 4 4 3 4 4 6 3 6 5 2 3 3 3 7
M[61] : 5 5 4 3 6 4 5 6 5 4 3 4 4 5 6 4 3 5 4 5 5 3 6 4 6 3 5 6 6 0 5 3
M[62] : 2 3 4 2 5 3 4 2 3 2 5 5 5 4 5 6 3 4 4 5 4 4 4 3 4 0 2 6 4 7 4 4
M[63] : 3 4 4 2 5 7 5 4 5 1 4 3 4 3 3 1 0 3 2 3 2 3 3 4 5 3 6 4 3 5 3 3
M[64] : 2 4 5 2 4 5 3 3 3 5 1 4 2 6 3 5 0 5 3 2 4 3 5 4 0 5 5 1 4 6 6 3
M[65] : 4 4 3 3 5 4 2 5 3 3 4 3 3 4 4 3 3 6 4 0 3 6 4 2 3 4 4 3 4 4 3 5
M[66] : 4 4 2 4 3 0 5 3 3 5 6 3 4 5 6 4 5 4 5 6 3 3 2 3 4 2 6 3 4 4 5 6
M[67] : 5 6 3 3 3 4 5 4 3 3 5 7 2 0 4 8 4 3 3 3 4 5 3 4 2 6 3 4 3 5 5 4
M[68] : 3 0 6 2 3 3 5 4 4 3 4 5 5 2 3 4 5 3 3 3 5 2 6 4 5 7 5 4 3 5 7 5
M[69] : 3 3 3 3 4 5 5 6 3 4 3 5 6 3 0 3 4 3 5 4 3 5 3 3 5 6 4 3 6 4 4 4
M[70] : 5 4 6 3 4 6 4 6 4 4 4 6 3 4 3 4 3 3 3 4 4 4 5 3 4 6 3 6 3 3 5 0
M[71] : 2 4 4 0 3 4 5 4 5 6 5 5 3 4 4 2 3 3 4 3 8 3 4 5 6 2 5 2 4 5 3 5
M[72] : 4 2 4 4 5 5 3 5 4 7 2 4 5 4 3 3 6 3 2 3 3 3 4 4 5 5 3 4 4 3 0 5
M[73] : 3 6 4 3 5 7 4 6 4 5 3 3 4 5 6 1 5 3 4 4 3 3 2 4 6 2 6 6 4 4 0 3
M[74] : 0 2 6 3 2 3 6 2 3 5 4 4 2 6 5 3 4 5 5 4 6 5 4 3 4 4 5 3 7 6 4 5
M[75] : 6 6 6 6 5 5 4 5 3 5 2 5 5 3 3 4 4 6 4 5 0 5 6 3 5 5 4 5 5 7 2 4
M[76] : 4 4 3 3 3 3 7 5 4 2 4 3 5 6 6 5 2 3 2 2 3 3 4 5 7 5 2 0 7 7 4 4
M[77] : 4 5 4 3 4 5 5 4 5 5 5 3 0 3 5 5 5 7 4 3 4 5 2 4 4 7 5 7 4 5 3 6
M[78] : 4 0 3 2 5 5 5 2 7 4 4 3 5 4 5 6 4 3 6 4 5 4 6 4 5 3 5 1 3 6 3 5
M[79] : 6 4 3 3 4 7 3 7 5 3 0 3 4 5 4 6 3 6 4 2 2 3 6 5 4 5 4 1 3 2 5 6
M[80] : 1 5 3 3 7 0 3 7 3 4 5 4 3 4 6 7 3 3 4 4 3 4 2 2 3 1 5 2 4 4 4 4
M[81] : 5 3 5 2 3 3 7 5 2 6 4 4 5 0 6 3 5 7 2 5 5 3 4 4 5 4 5 2 5 2 7 3
M[82] : 3 5 6 5 2 3 4 6 3 5 2 3 4 3 4 2 4 5 0 2 4 5 5 4 4 5 5 5 3 3 5 2
M[83] : 4 0 5 4 4 6 0 4 5 5 5 7 5 3 5 2 1 5 5 6 2 4 5 2 4 6 5 7 4 7 5 1
M[84] : 6 5 4 2 2 3 2 4 3 4 5 6 5 6 6 3 4 6 3 3 2 1 3 0 3 1 4 5 5 6 2 4
M[85] : 6 5 5 7 4 4 6 5 5 4 3 5 8 6 0 2 6 5 2 4 4 3 2 6 2 6 5 5 5 4 6 4
M[86] : 4 5 2 3 3 3 3 2 0 2 2 4 4 4 4 5 4 1 6 3 3 4 3 6 4 5 3 5 6 3 4 2
M[87] : 5 4 5 4 2 6 4 4 3 2 6 0 4 5 5 4 4 7 5 3 5 4 4 2 2 7 5 5 4 4 5 3
M[88] : 1 3 4 1 4 7 6 4 0 6 2 6 6 5 5 7 3 4 3 5 5 4 3 3 4 2 6 2 4 5 3 6
M[89] : 5 2 4 5 2 5 3 1 4 4 6 4 5 1 2 5 1 5 3 2 3 4 6 4 3 5 3 1 5 0 4 3
M[90] : 4 2 4 2 3 3 0 5 3 5 0 6 5 4 4 3 5 4 2 5 3 4 3 3 4 4 2 2 3 7 2 6
M[91] : 3 6 6 2 4 5 5 7 4 2 3 6 4 4 3 3 3 3 2 5 3 3 0 4 3 7 4 2 5 5 2 4
M[92] : 4 4 7 4 0 3 3 4 2 4 5 6 6 3 6 6 3 2 6 4 2 4 3 5 3 1 4 6 4 2 5 5
M[93] : 2 4 2 4 4 3 5 4 4 4 4 0 6 5 5 5 3 3 2 5 5 6 3 5 7 4 7 4 5 5 3 5
M[94] : 5 3 6 4 5 6 5 3 6 6 3 2 1 6 2 2 6 6 5 0 1 3 2 7 5 3 6 2 4 4 3 1
M[95] : 4 3 4 5 5 5 4 4 0 5 3 6 7 3 6 2 3 3 3 4 6 3 5 2 5 4 4 2 4 3 5 6
M[96] : 3 3 4 5 5 4 3 6 4 4 3 5 4 1 4 2 3 4 4 4 6 5 5 4 4 7 2 6 0 5 2 5
M[97] : 4 6 8 6 6 2 3 3 3 4 3 4 3 3 4 3 5 3 4 2 0 4 4 2 4 4 6 5 3 4 6 3
M[98] : 6 5 6 1 4 5 3 4 4 2 5 7 3 4 7 4 4 4 3 4 2 3 2 5 4 5 5 4 0 5 4 2
M[99] : 4 4 5 4 5 6 4 6 4 4 1 6 4 2 4 5 4 6 2 4 4 7 4 4 0 6 4 4 0 5 5 4
M[100] : 6 5 4 3 0 6 6 6 3 2 3 5 4 4 4 4 3 4 5 6 5 2 4 2 4 4 2 4 4 3 5 4
M[101] : 6 3 3 6 4 6 4 5 2 3 6 2 4 0 5 5 5 3 6 4 5 2 3 3 5 4 4 5 4 4 4 3
M[102] : 3 6 3 5 4 2 4 6 6 4 0 4 5 2 3 5 2 5 3 3 5 2 3 4 5 4 4 3 6 3 3 3
M[103] : 7 6 3 5 4 7 3 6 2 5 5 4 5 6 6 6 0 2 3 5 6 3 5 4 3 4 5 4 6 3 5 5
M[104] : 4 3 3 4 4 7 3 3 6 2 3 6 3 0 7 3 2 2 5 4 3 3 4 2 4 3 5 7 3 2 5 5
M[105] : 5 5 6 4 4 4 2 4 5 0 4 5 2 3 5 3 1 4 4 2 2 5 1 5 2 2 3 3 3 2 6 3
M[106] : 3 5 2 6 3 6 5 3 4 4 3 3 0 4 6 2 2 7 4 3 7 3 3 6 5 4 6 5 2 4 3 5
M[107] : 6 6 4 3 3 3 4 3 4 2 5 4 3 3 2 6 3 3 5 4 6 2 0 5 3 3 4 5 4 2 1 6
M[108] : 4 4 4 3 3 3 5 6 2 6 3 4 4 5 5 5 4 3 5 2 1 2 5 0 4 4 5 7 5 5 3 0
M[109] : 1 4 3 4 2 4 6 5 5 0 1 3 3 6 6 7 5 4 4 3 6 4 3 2 4 4 6 4 3 1 1 3
M[110] : 7 4 5 5 2 5 4 3 4 3 4 5 5 6 6 3 5 6 3 3 6 0 5 4 5 4 5 5 5 4 3 7
M[111] : 5 4 2 3 5 3 3 3 6 5 4 6 3 6 4 3 6 4 4 4 3 3 4 6 3 3 1 0 4 4 6 5
M[112] : 6 3 4 4 4 3 4 5 6 5 1 2 5 3 5 6 4 3 3 4 5 4 4 4 4 5 2 7 0 3 6 3
M[113] : 5 4 6 4 7 3 5 3 5 3 4 4 4 4 2 0 5 5 2 4 2 5 7 3 5 4 4 4 5 4 4 3
M[114] : 5 6 3 2 5 5 3 6 3 7 6 0 7 3 4 4 5 5 3 2 2 3 3 4 4 5 4 4 3 3 3 7
M[115] : 5 2 4 4 2 3 3 3 3 3 5 3 6 4 7 5 5 4 3 4 7 2 3 2 4 4 0 3 4 5 2 4
M[116] : 4 8 2 5 4 3 4 4 6 5 1 7 5 6 3 0 2 4 2 5 5 2 3 2 4 3 5 2 5 6 3 3
M[117] : 4 4 4 5 2 3 5 4 6 4 3 1 5 6 5 7 4 3 4 6 7 6 6 5 7 6 6 5 5 0 4 5
M[118] : 3 3 6 0 1 3 2 2 5 0 4 6 6 5 6 5 3 3 4 5 4 2 4 4 3 4 5 3 3 5 7 5
M[119] : 5 4 4 3 6 2 0 5 3 3 3 5 5 3 5 4 4 5 3 2 3 4 4 3 5 5 3 4 2 3 2 2
M[120] : 4 4 4 3 3 5 4 5 0 5 4 3 6 3 3 5 2 3 2 5 4 4 4 1 2 5 4 3 3 4 6 4
M[121] : 6 4 3 5 5 6 0 4 6 6 3 4 5 6 6 5 3 5 2 7 5 3 7 4 3 2 4 6 2 3 7 1
M[122] : 3 4 6 0 5 2 3 5 2 4 4 4 3 4 5 6 4 5 3 5 6 5 4 4 3 6 2 6 2 4 3 6
M[123] : 2 3 5 4 3 2 6 6 5 1 5 5 0 3 6 4 1 5 4 3 5 4 3 4 4 5 5 3 3 5 5 1
M[124] : 3 2 4 2 6 4 5 7 4 6 3 0 4 3 7 4 2 5 3 3 6 4 6 3 5 6 3 7 6 4 4 5
M[125] : 0 2 4 4 2 4 5 1 4 3 6 3 8 3 4 5 4 2 4 3 5 5 2 2 3 6 2 6 6 3 5 7
M[126] : 4 5 0 3 4 3 2 5 4 5 4 4 3 6 2 6 4 5 2 6 4 4 4 5 6 2 5 6 5 4 6 5
M[127] : 6 4 6 3 6 6 1 4 2 2 0 6 6 3 4 3 4 3 4 4 6 5 3 6 3 5 5 2 3 5 5 4
M[128] : 3 5 2 6 1 4 2 4 6 2 4 4 6 5 6 2 5 5 3 3 4 3 4 2 4 0 6 7 3 5 2 4
M[129] : 2 6 6 4 0 3 6 3 3 2 5 6 3 4 3 5 4 6 3 3 5 2 5 3 3 3 4 5 7 2 6 4
M[130] : 2 4 2 2 1 4 5 0 6 5 5 4 7 4 6 5 3 5 2 4 1 1 6 4 4 1 5 5 4 5 5 6
M[131] : 4 5 5 3 0 4 3 5 5 3 4 3 4 4 2 6 6 2 4 3 5 4 6 0 5 2 5 5 6 3 3 5
M[132] : 5 3 7 3 4 4 5 6 4 2 3 6 6 7 0 4 3 3 3 2 6 4 6 6 5 4 3 4 5 2 5 3
M[133] : 4 2 3 2 0 3 2 2 4 5 3 3 5 6 4 3 4 2 2 7 4 3 3 1 7 2 4 2 3 2 2 2
M[134] : 7 7 5 1 2 0 2 2 6 5 3 6 2 4 7 2 5 5 3 4 5 3 2 3 2 6 5 4 3 6 6 5
M[135] : 4 4 4 6 2 2 5 5 3 4 2 1 4 0 4 4 2 2 4 3 3 3 6 6 7 5 2 6 2 5 3 5
M[136] : 4 4 3 5 3 3 8 4 6 1 2 7 0 4 5 5 3 4 3 5 6 5 4 4 5 4 3 2 4 3 4 3
M[137] : 6 8 3 5 4 7 5 5 5 2 2 7 1 4 5 5 3 5 4 2 4 5 5 5 6 4 3 6 4 0 4 5
M[138] : 3 6 5 5 6 4 3 3 5 0 1 5 3 2 5 5 3 3 3 5 4 4 3 4 4 6 6 6 7 6 3 3
M[139] : 5 1 4 4 3 3 4 4 5 2 3 4 5 3 4 2 4 3 3 4 0 4 3 3 6 5 4 3 5 3 2 3
M[140] : 5 0 3 2 3 4 4 4 1 5 4 5 5 3 6 7 3 2 1 2 4 4 3 2 4 6 5 4 4 4 4 4
M[141] : 2 0 6 3 5 4 3 3 5 6 3 4 5 2 3 3 1 4 5 4 6 4 4 6 2 3 5 3 4 4 4 4
M[142] : 4 5 3 3 3 2 6 5 5 4 1 3 4 2 5 6 3 3 4 6 3 5 0 4 2 5 4 5 4 2 5 3
M[143] : 6 5 5 3 5 1 6 6 3 2 2 6 3 4 5 5 5 5 4 2 3 4 0 4 4 5 3 4 3 7 2 4
M[144] : 7 7 2 1 2 5 4 6 5 2 3 7 5 4 0 3 4 3 4 4 4 4 4 3 3 4 3 5 6 4 5 5
M[145] : 5 3 6 1 3 5 4 2 4 3 3 4 2 6 4 0 3 5 6 3 3 4 3 3 4 4 2 3 4 3 6 2
M[146] : 2 3 4 4 6 2 5 5 4 3 4 3 3 3 2 5 4 3 3 4 2 2 6 2 3 6 5 0 5 2 0 6
M[147] : 5 3 5 3 6 6 5 0 2 5 3 5 2 6 3 6 4 3 5 2 5 3 5 4 5 4 4 4 5 4 4 3
M[148] : 3 2 2 3 5 5 4 2 5 3 3 4 5 4 3 0 2 3 4 4 3 5 6 4 5 6 2 3 5 3 6 2
M[149] : 4 5 3 4 2 3 5 3 3 5 2 5 2 5 3 4 5 0 4 7 4 3 3 7 2 4 3 3 5 3 2 4
M[150] : 0 2 4 3 3 4 7 3 6 5 2 3 3 6 4 2 5 6 3 8 3 5 5 4 1 3 4 3 5 6 5 3
M[151] : 5 6 6 0 4 3 5 4 2 4 5 5 5 5 6 2 3 6 5 5 6 4 3 4 3 5 4 5 6 2 4 4
M[152] : 5 4 4 4 3 3 4 5 3 3 6 4 5 5 6 3 1 0 3 5 2 1 3 6 4 2 5 2 3 4 4 7
M[153] : 3 3 7 5 7 3 4 6 4 5 2 5 6 0 5 2 4 4 3 4 3 6 3 4 5 2 1 2 5 6 4 4
M[154] : 2 4 3 3 3 3 0 1 3 2 5 3 6 4 4 4 4 5 3 6 6 3 5 4 5 7 3 4 6 2 1 5
M[155] : 6 5 3 5 2 4 3 3 4 3 4 2 4 4 7 2 6 2 5 3 4 4 5 0 4 6 5 4 5 4 4 2
M[156] : 6 3 6 4 3 2 4 3 3 5 5 7 5 4 3 4 4 3 3 4 6 0 4 3 4 6 5 2 3 5 7 6
M[157] : 3 4 2 2 3 1 5 5 2 4 4 1 5 4 6 3 3 5 2 3 3 6 5 5 4 2 4 6 3 0 4 4
M[158] : 5 7 6 4 2 7 3 7 4 6 4 7 3 3 3 7 4 3 4 5 3 3 2 4 5 4 4 6 0 4 0 6
M[159] : 4 5 4 5 4 3 6 3 5 4 3 0 3 5 3 5 3 5 4 4 2 5 7 4 5 3 4 4 5 5 7 4
M[160] : 3 0 4 5 4 4 5 5 4 4 5 2 5 5 4 6 4 1 3 5 1 1 3 3 3 3 2 5 3 4 3 3
M[161] : 5 6 3 0 4 4 3 4 5 6 3 2 4 6 4 4 1 2 0 6 3 5 2 4 4 5 2 5 4 3 4 5
M[162] : 2 4 6 1 2 4 3 0 5 6 4 5 8 2 6 5 1 3 4 5 3 2 5 4 3 4 3 4 4 3 3 5
M[163] : 3 4 3 4 5 3 3 3 4 6 3 5 7 3 5 3 5 3 4 2 0 4 4 2 3 5 7 5 3 3 3 2
M[164] : 6 4 3 2 4 6 7 5 5 8 4 6 5 4 3 4 2 0 4 3 4 4 5 3 2 4 4 3 5 7 2 3
M[165] : 4 3 5 4 0 4 5 5 5 4 2 6 2 4 2 4 1 5 2 3 5 3 5 2 5 5 4 7 2 5 4 4
M[166] : 4 4 3 0 4 3 4 4 5 7 2 3 4 6 5 6 6 4 4 4 2 3 3 2 5 4 4 1 5 5 4 6
M[167] : 3 1 4 5 4 5 4 5 2 3 2 4 6 3 3 3 2 0 2 4 4 5 4 4 6 3 4 6 3 4 6 2
M[168] : 4 3 6 5 5 5 3 4 4 3 3 5 0 5 5 3 4 5 4 4 5 3 5 2 3 5 5 2 3 3 3 3
M[169] : 6 2 3 4 3 3 4 6 5 3 2 5 5 4 5 3 3 4 4 4 5 3 7 2 6 3 6 5 4 3 5 0
M[170] : 3 6 4 5 4 6 6 3 6 1 5 3 6 6 4 1 2 4 5 2 0 5 4 3 4 5 3 3 3 5 0 4
M[171] : 3 3 6 2 5 5 6 5 4 4 4 7 5 6 7 4 0 6 5 5 3 0 4 3 7 3 6 7 4 3 2 5
M[172] : 4 5 2 5 6 4 4 0 6 7 3 4 4 5 7 4 5 5 3 4 3 3 3 6 4 3 5 5 5 4 4 7
M[173] : 6 2 5 2 3 5 2 5 3 3 3 4 5 3 4 5 4 3 4 0 3 5 6 4 5 4 4 3 5 4 4 5
M[174] : 4 6 3 4 2 6 4 3 6 4 2 3 4 5 0 2 4 4 5 3 4 5 4 5 4 5 3 2 4 4 3 5
M[175] : 4 1 4 3 5 5 4 5 1 4 3 3 3 5 5 2 0 4 3 6 5 2 4 4 6 4 7 6 6 1 4 4
M[176] : 5 4 5 4 2 5 4 4 5 4 3 4 3 3 6 4 3 7 1 5 4 5 3 3 2 5 3 5 4 4 6 0
M[177] : 3 4 2 5 3 4 4 6 0 3 5 2 6 4 4 7 0 7 5 7 3 2 7 1 5 4 4 5 2 4 2 5
M[178] : 5 2 6 5 4 3 5 3 4 2 5 6 2 5 6 6 5 4 4 3 0 4 3 2 6 4 6 3 6 5 3 6
M[179] : 6 4 6 5 1 5 4 2 7 3 3 4 4 4 5 3 5 4 3 0 4 7 6 3 5 3 5 4 6 6 4 4
M[180] : 2 5 3 3 5 5 3 3 2 3 0 5 5 5 3 6 2 4 3 7 1 3 3 2 6 5 6 3 5 3 2 5
M[181] : 4 3 4 6 5 5 4 3 6 5 3 4 3 5 3 5 6 5 3 2 2 2 2 3 5 7 4 3 0 2 2 3
M[182] : 5 5 4 2 4 3 3 5 0 6 3 4 3 5 6 6 3 4 2 2 4 2 5 2 1 4 1 5 4 4 6 3
M[183] : 5 3 2 3 4 3 5 4 2 8 5 6 3 5 6 5 4 5 5 7 4 5 4 2 3 2 4 3 0 5 4 5
M[184] : 1 5 3 6 4 3 4 0 4 6 3 3 2 4 4 5 4 3 4 2 3 5 5 5 4 1 4 5 5 6 5 6
M[185] : 3 5 3 4 4 5 0 3 3 4 2 6 4 7 5 3 1 4 4 5 6 4 3 3 6 1 2 5 4 6 5 5
M[186] : 1 3 0 3 5 2 5 4 5 4 4 3 2 4 6 4 3 3 3 4 6 5 5 3 6 4 6 4 5 3 3 3
M[187] : 4 4 5 4 4 6 1 5 5 5 3 3 6 6 3 4 5 6 4 4 7 2 4 4 1 5 0 5 1 4 5 3
M[188] : 6 4 6 6 3 5 5 4 0 6 4 6 5 5 5 3 1 5 5 6 4 2 2 2 3 4 4 6 7 8 4 7
M[189] : 7 3 2 6 3 4 3 5 6 6 4 4 3 5 0 5 4 4 2 5 7 4 6 4 4 4 2 4 3 6 3 4
M[190] : 6 6 4 4 4 5 5 5 5 4 3 3 4 3 4 7 2 6 4 0 5 4 3 0 6 5 5 7 2 3 4 4
M[191] : 3 4 2 5 5 3 3 4 4 2 3 6 4 6 4 4 4 6 5 4 4 1 0 4 5 6 4 2 4 6 3 6
M[192] : 5 6 3 5 3 4 4 5 4 5 4 3 6 5 0 4 3 3 3 5 4 3 1 4 5 5 6 4 4 6 6 5
M[193] : 6 3 6 6 4 3 4 5 4 1 3 5 4 4 4 3 2 6 4 5 4 5 4 2 4 2 2 5 5 4 7 0
M[194] : 2 5 4 4 5 2 7 4 6 3 5 4 3 1 6 5 3 3 3 4 0 6 3 3 5 4 5 1 6 5 3 3
M[195] : 7 3 4 5 4 3 4 5 5 5 4 4 5 6 4 3 5 2 3 4 5 4 6 4 6 4 2 6 4 4 6 0
M[196] : 7 2 3 0 4 4 5 4 5 6 4 3 4 4 3 5 2 3 4 5 4 5 4 2 4 1 6 6 3 4 5 5
M[197] : 2 6 3 4 6 6 4 6 5 5 2 3 2 4 5 6 4 5 6 2 4 6 4 5 5 3 6 3 5 6 2 0
M[198] : 3 4 5 1 7 6 3 7 7 4 4 5 0 4 3 4 4 5 3 6 4 4 5 6 3 5 5 6 2 5 7 2
M[199] : 4 7 4 6 4 3 5 5 5 5 4 4 4 4 3 0 3 8 6 4 3 4 5 2 6 7 5 5 4 7 4 4
M[200] : 3 4 4 3 4 4 3 5 5 5 2 4 2 6 6 4 3 4 0 6 4 4 4 4 4 5 3 2 3 4 4 4
M[201] : 4 6 4 3 2 2 5 4 5 3 5 5 1 5 4 2 5 2 6 2 2 4 6 2 4 0 4 3 6 4 5 1
M[202] : 5 6 4 5 4 4 7 3 6 4 4 1 4 6 3 4 1 3 3 0 1 2 4 3 7 6 4 4 5 4 5 3
M[203] : 0 4 4 3 3 6 4 4 7 3 2 5 4 5 6 4 4 6 2 7 1 1 4 4 4 3 1 7 4 5 4 2
M[204] : 7 5 3 4 5 1 0 6 7 6 3 6 4 4 5 4 4 5 4 3 5 6 3 3 4 4 2 5 3 5 4 4
M[205] : 6 5 0 3 3 2 2 5 2 5 2 4 4 5 3 5 4 3 4 5 6 4 5 2 6 3 1 6 5 3 5 6
M[206] : 5 5 6 2 4 2 5 6 3 2 4 2 2 6 3 5 4 5 3 2 4 3 5 4 6 3 3 3 0 5 4 5
M[207] : 4 6 5 5 4 4 5 3 4 3 3 7 6 5 3 6 4 4 0 4 7 1 4 7 2 5 5 3 6 5 3 3
M[208] : 5 2 0 3 5 4 3 4 4 3 4 3 4 4 4 4 3 3 4 5 4 4 2 3 4 6 6 4 6 6 2 4
M[209] : 4 4 4 4 2 4 5 4 2 5 2 6 6 4 5 6 5 5 3 5 5 3 4 3 4 5 3 4 3 0 5 3
M[210] : 3 7 6 3 2 4 4 4 3 6 6 3 4 0 4 4 6 6 2 4 4 4 3 5 3 1 0 5 4 7 6 4
M[211] : 3 3 5 4 5 5 4 6 4 3 2 4 3 4 4 2 0 5 4 4 4 6 3 5 5 4 5 5 5 5 4 4
M[212] : 2 3 7 5 4 3 4 3 4 3 5 5 8 6 5 2 6 5 3 4 6 5 2 5 0 4 5 3 6 4 3 5
M[213] : 4 3 4 2 6 5 6 3 5 5 3 6 4 2 6 6 1 3 3 6 5 6 5 3 6 0 4 5 6 7 1 5
M[214] : 4 3 5 2 5 5 6 1 2 4 3 5 5 6 3 3 2 2 4 6 5 0 1 2 6 4 3 4 1 6 1 5
M[215] : 3 4 6 5 7 5 6 4 5 5 4 0 1 1 4 5 5 3 4 5 3 7 4 2 4 3 6 4 4 4 4 4
M[216] : 4 4 3 2 7 4 3 6 2 2 5 5 3 6 5 6 1 4 5 5 5 6 3 3 0 5 3 3 5 6 7 3
M[217] : 3 4 3 3 5 4 6 4 5 0 3 7 5 2 3 3 3 5 3 3 3 2 3 3 5 4 5 4 4 4 4 5
M[218] : 6 4 7 2 3 5 6 1 2 3 3 4 3 5 6 4 0 4 3 5 6 3 5 4 4 3 5 3 6 4 6 5
M[219] : 3 3 4 5 6 3 5 3 4 5 3 3 3 0 3 4 4 7 5 3 1 4 5 6 5 6 4 6 4 4 4 4
M[220] : 7 3 3 4 5 3 5 3 4 3 3 1 3 5 4 7 4 4 2 4 7 5 3 3 3 0 5 4 6 3 2 3
M[221] : 7 4 3 3 3 4 6 4 2 3 5 5 4 3 4 2 3 6 4 5 2 2 5 0 5 4 3 6 3 5 4 6
M[222] : 3 3 4 4 3 5 5 0 3 2 4 5 5 6 5 2 4 6 3 3 5 2 7 6 4 4 2 7 5 3 4 5
M[223] : 0 6 3 3 6 3 4 3 1 6 6 6 3 3 5 6 2 5 4 4 4 3 6 6 5 2 5 6 2 4 5 3
M[224] : 4 4 6 6 3 2 5 3 5 5 3 7 4 3 4 7 5 3 4 4 3 0 3 3 4 5 4 2 5 6 6 6
M[225] : 4 4 3 3 3 4 5 4 4 0 4 5 5 5 4 4 1 2 4 3 1 2 4 4 2 5 2 4 3 5 7 4
M[226] : 6 3 5 2 4 4 5 6 4 2 2 5 6 3 3 4 3 4 1 7 5 1 1 3 0 2 4 3 4 5 3 5
M[227] : 5 3 4 3 4 2 4 5 4 4 3 5 6 3 5 3 2 6 4 7 4 0 4 4 4 6 4 2 6 3 5 3
M[228] : 2 2 5 2 4 5 5 2 7 4 3 2 5 0 5 6 6 4 4 7 5 4 2 4 4 4 4 5 5 4 3 4
M[229] : 5 6 5 4 3 3 4 8 4 4 6 5 6 4 3 2 5 7 5 5 1 5 8 0 3 3 2 6 6 3 3 4
M[230] : 3 4 4 5 4 2 2 3 4 2 4 3 5 4 2 3 2 4 5 4 2 3 0 5 5 5 5 4 4 5 7 4
M[231] : 4 6 4 5 2 6 1 3 5 4 2 6 4 2 6 2 5 4 4 5 2 5 3 2 2 3 0 6 4 4 5 4
M[232] : 4 4 6 4 4 6 4 5 4 4 3 3 8 4 5 0 1 5 2 3 3 5 4 4 4 3 3 6 5 5 5 7
M[233] : 5 8 4 5 4 1 4 5 4 0 3 4 4 5 2 2 4 4 4 6 4 4 3 2 1 2 3 0 6 5 3 5
M[234] : 4 5 4 2 5 1 5 6 7 4 5 4 3 4 3 5 3 6 2 2 4 1 0 4 4 4 4 2 2 8 4 6
M[235] : 2 4 4 3 2 7 2 4 4 3 4 4 3 4 4 6 3 3 5 4 5 3 4 5 6 6 4 3 0 4 6 6
M[236] : 6 3 3 5 4 3 4 4 3 1 2 3 5 3 5 2 0 4 5 2 3 2 1 4 7 5 3 3 3 3 4 4
M[237] : 5 6 3 1 6 5 4 3 6 3 5 5 5 5 3 3 4 5 5 6 4 4 5 4 4 7 4 4 5 0 5 4
M[238] : 6 6 3 4 3 2 5 4 3 2 6 4 8 5 5 6 2 2 4 4 3 4 3 3 4 3 4 3 5 3 0 4
M[239] : 5 6 1 3 4 3 4 3 6 6 5 3 0 4 5 4 4 1 3 3 4 6 3 3 5 3 5 3 4 4 4 3
M[240] : 4 1 2 4 5 3 2 3 4 2 3 5 4 5 1 6 2 0 5 5 3 4 5 4 4 2 6 5 3 5 2 6
M[241] : 1 4 5 3 2 4 4 4 6 7 4 5 6 4 4 2 2 4 5 5 5 4 4 2 4 0 4 2 6 5 2 3
M[242] : 3 6 0 4 6 3 5 3 5 4 5 5 5 4 4 2 5 2 3 5 4 5 4 5 7 5 3 4 5 3 4 4
M[243] : 5 5 4 5 4 7 4 6 4 1 2 4 3 7 4 3 2 3 2 3 4 5 3 3 5 2 4 0 4 3 3 3
M[244] : 5 5 4 6 6 4 3 3 5 2 5 5 4 3 3 6 5 6 0 6 2 6 5 4 2 3 5 2 5 5 3 5
M[245] : 5 5 7 4 3 4 5 6 4 3 0 5 3 4 4 2 2 4 5 3 4 6 4 3 2 4 3 4 1 6 2 1
M[246] : 3 6 3 4 4 5 4 7 6 3 5 4 2 2 3 0 3 4 1 6 7 3 5 1 5 4 3 4 3 3 6 4
M[247] : 2 6 5 4 5 6 5 7 5 0 3 4 6 6 2 6 4 4 5 2 2 3 4 3 2 2 5 4 4 4 7 4
M[248] : 6 4 4 4 3 0 5 4 4 2 4 3 4 6 5 6 5 3 4 5 4 5 1 2 5 3 4 4 2 3 4 3
M[249] : 3 4 2 4 4 0 4 2 5 4 4 2 6 4 4 5 5 2 4 3 2 3 5 3 5 4 4 4 5 4 4 4

