 Execution de l'algoritme BITS sur le fichier dsjc500.5.txt
=====================================================================
 Partitions  : 
Vk[0] : 138 11 355 365 117 478 93 21 63 -->  9 éléments.
Vk[1] : 461 72 350 496 369 97 169 268 221 -->  9 éléments.
Vk[2] : 197 194 38 437 84 302 142 264 236 -->  9 éléments.
Vk[3] : 334 230 448 294 22 299 425 453 134 -->  9 éléments.
Vk[4] : 291 420 485 23 290 443 449 287 253 -->  9 éléments.
Vk[5] : 203 311 245 467 384 205 410 362 32 -->  9 éléments.
Vk[6] : 483 356 451 378 234 285 43 397 317 -->  9 éléments.
Vk[7] : 95 94 207 313 301 427 358 315 -->  8 éléments.
Vk[8] : 126 258 499 402 143 240 472 132 -->  8 éléments.
Vk[9] : 487 2 155 486 465 188 254 238 278 -->  9 éléments.
Vk[10] : 122 211 374 386 322 298 364 183 399 -->  9 éléments.
Vk[11] : 391 37 409 340 419 88 468 375 -->  8 éléments.
Vk[12] : 137 75 153 432 25 260 482 398 275 -->  9 éléments.
Vk[13] : 338 387 127 19 477 60 215 263 4 -->  9 éléments.
Vk[14] : 116 406 33 255 381 28 498 131 130 -->  9 éléments.
Vk[15] : 300 120 20 259 371 100 292 191 244 -->  9 éléments.
Vk[16] : 133 283 220 225 50 321 279 10 273 -->  9 éléments.
Vk[17] : 99 5 110 267 42 164 438 89 394 -->  9 éléments.
Vk[18] : 16 129 497 184 462 495 214 14 70 -->  9 éléments.
Vk[19] : 26 1 44 429 256 168 202 476 493 -->  9 éléments.
Vk[20] : 426 393 293 206 354 316 463 376 490 -->  9 éléments.
Vk[21] : 265 30 415 270 368 327 452 17 319 -->  9 éléments.
Vk[22] : 77 335 363 219 345 329 418 458 -->  8 éléments.
Vk[23] : 308 115 445 48 15 187 416 176 404 -->  9 éléments.
Vk[24] : 318 140 79 96 408 56 332 123 -->  8 éléments.
Vk[25] : 380 228 296 435 229 212 163 489 235 -->  9 éléments.
Vk[26] : 261 149 466 91 105 286 124 469 403 -->  9 éléments.
Vk[27] : 471 430 136 455 54 351 189 360 243 -->  9 éléments.
Vk[28] : 85 103 146 223 9 331 440 3 -->  8 éléments.
Vk[29] : 39 192 413 61 57 172 196 233 -->  8 éléments.
Vk[30] : 239 392 306 73 175 459 250 304 144 -->  9 éléments.
Vk[31] : 372 27 252 326 181 177 128 288 444 -->  9 éléments.
Vk[32] : 141 152 199 148 370 113 51 173 -->  8 éléments.
Vk[33] : 282 162 424 78 494 271 224 231 -->  8 éléments.
Vk[34] : 167 343 171 41 314 274 121 29 492 -->  9 éléments.
Vk[35] : 361 439 385 58 18 395 107 160 65 -->  9 éléments.
Vk[36] : 457 24 269 407 295 396 158 433 400 -->  9 éléments.
Vk[37] : 320 112 6 108 480 86 242 479 -->  8 éléments.
Vk[38] : 81 76 328 431 198 241 312 232 195 -->  9 éléments.
Vk[39] : 450 405 174 359 186 83 352 475 -->  8 éléments.
Vk[40] : 441 366 71 248 151 357 342 389 125 -->  9 éléments.
Vk[41] : 8 373 246 90 310 31 247 464 339 -->  9 éléments.
Vk[42] : 473 157 210 383 411 111 349 289 46 -->  9 éléments.
Vk[43] : 145 154 276 266 200 262 35 414 170 -->  9 éléments.
Vk[44] : 64 249 69 150 49 12 222 185 227 -->  9 éléments.
Vk[45] : 456 336 401 412 135 208 104 66 323 -->  9 éléments.
Vk[46] : 62 428 34 55 68 272 213 305 193 -->  9 éléments.
Vk[47] : 13 491 417 330 325 367 481 165 -->  8 éléments.
Vk[48] : 277 190 390 237 102 156 45 201 337 -->  9 éléments.
Vk[49] : 218 182 454 379 484 52 470 307 106 -->  9 éléments.
Vk[50] : 257 216 284 147 180 114 87 333 -->  8 éléments.
Vk[51] : 346 474 281 303 388 166 434 118 101 -->  9 éléments.
Vk[52] : 423 67 209 47 139 347 178 442 421 -->  9 éléments.
Vk[53] : 119 161 377 7 324 82 217 204 53 -->  9 éléments.
Vk[54] : 447 36 179 348 280 382 159 344 460 -->  9 éléments.
Vk[55] : 226 0 488 309 446 40 80 251 353 -->  9 éléments.
Vk[56] : 297 74 98 92 109 59 436 341 422 -->  9 éléments.
Matrice M
M[0] : 5 8 4 5 6 7 5 6 5 5 4 3 3 5 3 5 6 5 5 4 5 3 3 6 2 6 6 6 4 5 4 5 5 5 6 4 4 3 5 6 6 6 5 4 2 6 3 1 7 1 3 4 6 6 6 0 3
M[1] : 5 4 4 5 7 5 6 3 6 4 4 6 6 7 6 7 5 4 2 0 4 6 4 3 5 5 4 8 5 4 4 5 3 5 2 4 4 5 4 3 4 4 6 5 3 4 5 2 4 5 5 4 6 2 5 7 5
M[2] : 6 6 5 3 3 4 7 2 3 0 5 3 4 4 5 4 5 7 6 2 4 7 5 4 4 5 4 5 3 1 5 5 2 5 7 4 4 3 4 4 8 2 4 5 2 6 3 4 5 3 6 7 5 6 3 7 7
M[3] : 4 5 1 5 4 8 6 3 7 5 4 7 7 3 7 4 5 6 4 5 7 2 6 3 3 6 5 5 0 6 4 3 1 8 4 6 5 7 3 4 7 3 5 5 5 5 4 2 5 6 4 8 3 5 5 6 6
M[4] : 5 6 7 3 3 6 5 4 4 5 5 2 2 0 5 7 5 6 6 6 4 5 4 5 4 5 3 7 4 2 7 5 2 3 7 3 6 4 2 4 6 6 3 4 4 1 5 4 7 6 4 6 4 4 6 6 6
M[5] : 3 3 8 6 3 3 4 5 4 6 5 5 3 6 3 5 1 0 6 4 7 7 5 5 5 4 7 3 4 3 4 3 4 4 8 4 6 5 6 4 7 5 6 4 6 5 4 3 4 3 5 5 4 3 5 1 8
M[6] : 3 7 3 5 3 4 5 5 3 6 5 3 6 4 4 6 3 6 3 4 6 4 3 2 5 3 6 5 1 3 4 5 5 4 3 6 3 0 3 3 5 4 5 6 5 6 5 4 7 6 2 2 4 8 6 4 7
M[7] : 3 6 4 7 3 3 3 5 5 4 7 4 2 2 4 5 6 4 5 3 4 4 7 6 3 6 4 5 4 3 5 4 4 3 6 6 2 1 5 5 5 5 2 4 4 7 5 3 4 8 4 3 6 0 2 2 5
M[8] : 5 2 5 8 5 2 6 5 4 4 3 3 6 6 6 3 5 4 5 4 6 5 4 4 4 3 6 6 6 4 3 5 4 4 6 6 6 3 7 5 4 0 7 7 5 3 3 4 6 4 7 3 4 5 6 6 4
M[9] : 7 3 6 3 4 4 3 3 7 5 4 7 5 5 6 4 5 3 4 3 6 5 4 3 2 2 6 5 0 5 3 4 5 3 4 7 2 4 6 6 3 6 5 4 7 4 4 6 6 4 6 7 5 3 3 3 5
M[10] : 3 3 2 4 5 4 8 4 3 6 5 6 3 3 3 3 0 3 4 4 5 7 6 4 4 4 5 4 5 4 4 5 3 2 7 6 5 3 3 4 6 3 6 5 4 4 6 4 3 7 5 4 4 2 5 4 4
M[11] : 0 5 7 3 6 6 4 5 5 5 6 4 6 6 3 4 4 5 4 6 6 5 3 4 2 8 5 3 6 5 2 3 4 4 4 5 5 5 4 6 2 3 3 7 5 6 6 4 4 3 2 4 5 3 6 2 4
M[12] : 2 3 7 4 4 5 5 3 4 4 5 5 5 6 3 3 5 0 4 5 3 6 3 6 4 5 3 5 3 4 6 6 4 3 5 3 5 3 3 4 5 5 4 3 0 4 7 3 3 3 5 3 5 4 5 2 4
M[13] : 5 3 5 7 8 4 4 6 4 7 6 7 7 7 6 5 4 5 3 3 6 5 5 5 3 4 5 4 4 4 4 6 3 5 4 6 4 6 5 2 4 7 7 6 4 6 6 0 5 4 7 4 4 5 2 7 6
M[14] : 4 6 5 3 8 4 3 6 6 5 5 5 5 6 5 3 7 7 0 4 6 4 3 2 4 3 6 3 1 6 4 5 3 5 4 8 6 5 6 5 5 4 7 4 4 8 4 4 5 3 4 4 4 3 5 3 6
M[15] : 5 2 3 4 6 6 3 2 3 4 5 4 5 5 5 3 5 4 3 8 4 4 6 0 7 4 5 3 3 6 7 3 5 7 6 5 5 4 3 3 3 4 5 6 7 2 5 4 6 6 7 4 6 7 3 5 4
M[16] : 4 6 7 5 7 5 5 4 4 5 6 6 2 6 6 4 5 3 0 3 5 4 4 4 5 5 8 4 6 3 5 4 6 5 5 5 6 0 4 2 4 3 3 5 4 6 2 2 4 4 4 4 4 4 5 3 6
M[17] : 4 6 3 6 7 4 5 4 3 5 3 1 4 6 5 6 7 5 2 5 3 0 5 4 5 3 4 6 4 2 6 6 2 3 4 6 5 6 7 5 5 6 4 5 3 6 4 4 4 7 3 5 2 3 6 4 2
M[18] : 6 3 5 3 4 5 5 5 3 3 4 5 5 4 6 5 5 5 4 3 2 3 4 7 4 3 4 4 4 5 5 5 4 5 2 0 1 5 5 6 5 5 5 5 2 5 6 6 4 4 6 3 6 3 6 3 7
M[19] : 5 5 4 4 2 6 4 3 5 4 5 3 3 0 5 6 6 7 8 5 3 5 4 5 3 5 3 5 6 3 2 5 3 2 5 5 4 4 7 4 6 5 6 4 3 3 4 4 1 3 3 5 5 4 5 2 5
M[20] : 4 6 1 7 5 5 6 3 3 4 2 4 7 4 7 0 6 7 6 4 3 2 4 4 5 6 8 4 3 4 2 4 3 3 2 6 6 7 3 4 5 6 6 5 4 3 5 4 7 3 4 3 4 4 3 4 7
M[21] : 0 4 5 6 2 6 5 3 3 3 2 5 6 4 5 4 6 3 6 7 4 4 6 5 6 5 6 6 4 3 3 6 6 3 5 5 3 5 5 6 4 4 7 4 4 2 6 4 5 3 5 2 3 6 3 5 5
M[22] : 5 3 4 0 4 3 3 3 4 3 5 5 4 5 4 2 3 5 3 6 6 1 3 6 3 4 6 6 3 3 5 6 4 5 6 4 5 3 3 2 6 6 7 5 5 8 6 5 3 5 2 4 7 5 2 3 5
M[23] : 5 4 5 7 0 5 4 3 4 4 3 2 5 5 5 5 4 7 5 3 6 7 6 5 6 4 4 4 1 5 3 4 3 3 4 7 4 6 5 6 3 6 6 5 5 4 5 4 4 3 3 8 3 3 3 4 7
M[24] : 4 7 3 4 2 6 5 4 4 5 6 3 6 5 4 5 5 7 5 3 6 4 3 4 4 5 2 4 6 4 4 5 2 3 4 5 0 3 4 5 3 3 6 4 6 4 3 6 4 6 2 4 6 5 2 2 6
M[25] : 3 3 6 3 3 7 4 6 5 8 5 3 0 3 4 8 6 5 3 5 2 3 3 6 3 6 5 5 3 3 6 4 3 1 4 4 3 4 4 4 3 5 4 3 4 3 3 6 8 4 2 5 4 1 4 4 6
M[26] : 4 6 2 7 3 7 5 6 5 5 4 4 3 3 5 5 6 5 4 0 3 3 4 6 4 4 3 4 3 5 5 6 5 5 2 6 5 5 7 3 7 3 3 5 6 4 3 3 5 3 6 4 6 6 5 5 6
M[27] : 1 4 6 5 7 6 3 4 5 4 4 5 5 6 3 3 5 6 4 4 3 7 6 3 3 3 3 4 5 7 4 0 2 3 3 4 4 6 3 5 4 5 4 5 6 6 7 4 6 5 4 6 4 4 6 4 6
M[28] : 4 6 5 4 5 4 4 4 4 4 5 4 7 2 0 6 4 4 8 3 6 4 4 6 5 5 2 3 4 4 2 3 4 3 4 4 5 4 8 4 5 6 5 5 5 5 5 2 5 6 3 6 3 2 6 2 5
M[29] : 4 3 5 5 4 4 5 4 2 4 6 5 6 7 2 1 6 4 3 4 4 4 6 6 2 4 4 4 4 3 6 3 4 6 0 1 3 3 1 2 4 6 5 3 6 5 4 6 2 5 5 5 3 3 6 7 5
M[30] : 4 5 5 4 6 6 7 1 6 4 5 5 7 4 5 5 6 2 7 6 5 0 5 6 5 5 4 4 5 6 5 4 6 4 5 5 5 4 6 3 6 6 5 7 3 4 4 4 3 5 3 6 4 8 1 4 5
M[31] : 6 4 5 4 7 4 6 2 5 6 5 4 8 7 2 6 2 5 6 4 5 6 4 5 4 3 5 5 3 3 4 6 3 4 4 5 1 7 4 6 4 0 6 4 5 3 4 6 5 5 2 4 6 5 2 5 4
M[32] : 7 5 3 4 3 0 6 5 5 2 2 6 7 5 7 6 7 8 3 4 4 3 4 1 4 3 4 4 3 5 6 1 5 3 4 5 5 4 2 4 6 1 5 6 7 4 4 3 8 2 3 4 5 4 7 5 2
M[33] : 6 7 4 4 4 3 5 7 4 2 4 4 4 8 0 5 7 4 7 6 3 6 6 6 5 5 3 4 3 2 5 4 3 5 3 7 4 1 6 6 2 5 3 6 7 5 6 5 4 5 4 6 5 6 4 4 4
M[34] : 6 5 5 4 5 6 5 6 4 4 4 2 6 5 3 4 7 3 5 3 5 6 6 5 8 2 5 5 3 4 4 4 5 2 8 5 6 4 4 4 6 5 7 4 5 6 0 6 4 7 5 5 3 6 5 7 3
M[35] : 6 3 5 5 6 5 3 5 5 6 1 5 3 6 6 6 2 4 6 3 5 5 6 8 5 5 5 5 5 2 1 6 3 3 2 5 3 7 4 2 4 6 5 0 3 5 6 4 6 6 5 3 3 4 4 3 3
M[36] : 7 5 5 7 5 5 3 4 6 7 4 3 4 4 5 6 2 3 4 5 7 5 4 6 5 5 4 3 4 6 2 5 5 5 4 5 5 5 4 5 5 0 8 4 5 6 2 2 5 6 4 7 2 6 0 7 1
M[37] : 7 4 6 4 4 2 5 4 4 4 3 0 5 5 5 4 4 5 5 3 5 4 3 6 5 5 4 5 6 6 7 5 3 2 4 5 5 3 5 4 4 4 7 2 5 3 4 7 5 4 6 5 4 3 3 6 7
M[38] : 4 4 0 6 7 3 2 4 4 6 4 4 7 5 2 4 5 4 5 4 1 6 4 3 2 6 3 5 3 6 6 5 7 5 6 7 3 3 2 3 6 5 5 7 6 5 6 3 4 6 4 5 3 5 6 4 5
M[39] : 6 5 4 5 6 5 5 4 5 3 4 4 6 5 5 5 3 5 4 4 6 4 5 6 5 7 5 3 4 0 7 6 5 5 2 4 4 3 2 3 4 6 4 5 7 6 6 4 5 5 4 3 5 4 5 5 6
M[40] : 2 7 5 4 5 5 5 5 4 5 8 5 5 3 6 3 3 6 3 7 3 6 1 5 3 3 5 7 4 2 5 4 3 5 5 5 4 2 5 5 5 4 6 5 5 6 9 6 7 7 3 3 7 3 5 0 5
M[41] : 3 6 4 6 6 3 7 5 4 6 4 5 4 5 5 5 4 2 4 1 3 4 2 5 3 3 4 4 3 7 3 6 7 4 0 5 4 3 5 4 6 4 6 3 3 5 6 6 4 6 5 4 3 4 5 7 3
M[42] : 4 5 6 3 5 6 5 3 5 3 4 3 6 1 5 1 7 0 3 4 5 7 5 4 3 3 7 4 4 7 4 5 4 2 2 6 8 6 2 3 7 5 3 5 2 6 2 2 5 3 4 7 4 3 4 4 6
M[43] : 6 4 7 5 6 6 0 3 1 2 5 4 3 7 5 4 6 4 7 2 4 3 7 3 4 4 4 7 3 3 6 2 1 6 6 6 6 4 3 4 6 7 4 4 4 6 4 4 7 2 4 5 5 3 7 3 3
M[44] : 6 6 3 6 2 8 4 4 3 5 6 5 5 4 4 2 5 4 3 0 5 3 4 6 4 3 2 6 4 4 6 4 3 4 5 4 7 2 4 7 4 5 6 6 3 7 5 3 8 6 2 9 5 2 6 6 6
M[45] : 5 6 3 4 4 7 4 5 6 6 5 2 4 3 4 4 4 4 4 4 4 5 5 5 3 5 2 5 4 4 6 4 5 4 5 7 4 3 2 7 5 4 5 5 4 1 3 5 0 4 4 5 5 5 2 9 6
M[46] : 4 4 5 4 5 3 5 3 5 4 5 5 5 6 5 5 6 4 5 6 2 5 2 6 2 3 4 4 5 6 5 5 3 4 2 5 4 3 3 7 5 3 0 3 2 4 4 4 2 2 5 3 6 4 4 6 5
M[47] : 2 4 2 6 4 4 4 4 5 5 3 3 5 4 3 3 8 5 2 5 2 6 4 4 4 7 6 4 7 2 6 3 3 4 3 3 3 5 6 4 3 7 4 3 5 8 3 3 6 5 3 4 0 4 5 3 7
M[48] : 5 4 2 3 4 6 3 3 3 3 4 4 4 4 4 5 5 6 3 3 5 7 4 0 6 7 7 4 4 5 5 4 3 4 4 6 5 4 4 6 4 4 4 4 5 5 1 2 4 5 2 6 3 5 4 5 4
M[49] : 6 4 4 5 6 4 7 6 5 6 6 4 5 6 4 6 2 4 6 1 3 7 4 6 3 4 5 4 5 4 3 5 4 3 5 6 6 4 5 3 6 4 5 3 0 5 2 4 6 4 2 3 5 5 2 5 6
M[50] : 5 4 8 4 6 4 3 4 4 4 3 5 4 5 7 3 0 6 5 5 4 5 6 4 3 6 6 6 3 6 4 5 3 2 5 6 3 3 1 6 3 5 5 7 1 7 7 6 6 7 4 4 4 7 2 6 4
M[51] : 3 4 7 6 4 4 4 1 6 4 4 6 3 1 5 4 6 5 4 6 7 5 3 6 5 4 6 5 2 7 4 5 0 5 5 4 5 4 5 3 4 7 4 6 5 7 4 6 3 7 5 3 2 4 3 7 4
M[52] : 2 5 5 6 5 5 3 5 3 3 4 2 3 5 4 5 7 3 6 6 5 4 5 5 5 3 5 4 6 4 5 4 2 3 6 1 6 5 6 3 3 6 5 4 3 5 5 4 6 0 4 7 6 5 6 5 3
M[53] : 7 1 2 5 7 8 1 4 4 6 4 5 6 7 4 4 4 5 5 3 7 5 5 4 3 5 8 5 4 6 3 3 3 4 5 5 7 3 3 3 4 4 5 5 5 6 5 4 6 7 4 6 4 0 6 9 6
M[54] : 6 5 4 3 3 5 7 3 5 1 8 4 4 7 4 7 2 4 3 6 5 6 4 3 6 4 5 0 4 5 3 4 4 3 2 2 5 3 5 5 2 6 4 6 3 5 5 1 4 3 5 4 5 7 6 6 4
M[55] : 4 4 2 5 3 3 4 6 3 6 6 8 4 5 3 4 6 4 2 4 4 3 2 3 4 1 5 4 1 6 3 3 5 4 5 4 5 2 3 4 5 2 6 4 6 4 0 4 4 4 4 2 7 4 5 6 3
M[56] : 5 5 4 2 4 5 4 2 4 7 6 3 4 5 6 5 5 5 2 8 8 6 6 6 0 6 3 2 4 4 6 6 5 4 3 4 5 4 1 3 4 2 5 4 4 3 2 1 5 7 5 4 5 6 4 3 7
M[57] : 4 4 4 3 4 4 2 4 5 3 6 3 5 6 4 5 5 5 5 5 3 6 2 6 3 4 2 5 5 0 2 5 4 3 4 2 7 3 2 4 5 4 2 3 5 3 6 4 5 6 5 5 4 4 3 6 4
M[58] : 6 5 5 5 6 1 5 4 6 6 3 2 5 5 6 3 3 5 6 3 3 5 5 2 4 5 5 6 5 1 3 3 3 3 3 0 6 6 4 5 3 5 5 6 5 5 6 6 5 4 2 5 4 3 4 6 4
M[59] : 4 3 3 3 4 5 5 3 5 5 4 4 3 7 7 8 3 7 6 3 5 1 5 4 5 5 5 2 4 5 3 7 3 5 7 5 5 4 8 5 4 3 7 5 5 5 5 3 5 4 3 3 5 6 4 1 0
M[60] : 3 4 7 3 3 3 5 3 6 7 5 6 3 0 5 2 3 2 6 4 6 6 4 5 4 3 2 6 3 4 4 3 3 6 5 4 8 2 7 6 4 5 6 6 5 5 3 4 5 6 3 4 2 6 5 6 5
M[61] : 3 4 5 6 3 3 3 4 4 4 4 7 5 5 5 5 4 6 5 4 4 5 5 4 4 2 5 6 3 0 7 5 3 6 2 4 5 4 6 6 6 5 4 4 7 5 3 4 5 3 1 5 4 4 6 4 4
M[62] : 3 3 5 3 3 4 5 4 5 5 4 5 3 5 5 7 5 2 6 3 4 7 4 5 5 4 3 4 5 6 3 3 2 5 4 6 4 5 5 4 7 5 5 1 4 4 0 5 5 5 2 4 3 3 3 7 3
M[63] : 0 5 5 7 7 7 4 7 7 5 4 4 3 6 8 4 4 4 6 3 4 4 2 5 3 4 2 4 3 6 6 4 3 1 2 6 7 3 6 6 3 5 7 6 4 6 3 3 3 4 3 4 2 1 5 3 3
M[64] : 6 3 8 6 6 5 4 5 6 3 6 2 5 4 8 3 3 7 5 5 7 3 3 4 7 3 6 6 6 4 5 3 6 4 5 3 5 6 5 5 7 4 4 7 0 4 3 4 5 6 4 7 4 5 5 3 4
M[65] : 2 5 8 3 6 6 4 0 4 5 4 5 4 4 3 5 4 6 8 5 5 6 1 6 2 2 3 5 3 5 5 5 4 2 2 0 6 6 6 6 5 4 4 8 5 7 6 5 7 6 4 4 3 8 5 5 3
M[66] : 5 4 5 6 2 3 5 4 3 6 5 3 6 5 5 6 5 6 4 4 3 6 5 7 3 4 4 5 4 6 6 3 4 4 7 6 4 4 4 6 5 4 5 5 2 0 2 5 3 6 4 5 5 6 3 6 4
M[67] : 2 2 4 6 6 3 6 2 4 3 4 4 4 5 4 4 4 4 3 4 6 4 4 6 3 8 5 8 4 4 6 5 4 3 5 3 4 3 4 3 4 4 4 3 5 7 4 2 4 4 2 3 0 7 6 6 5
M[68] : 6 5 3 4 5 4 4 1 5 7 3 3 5 2 8 6 7 4 4 4 5 5 4 6 2 5 5 3 6 3 4 7 3 7 3 4 4 4 3 3 6 4 3 2 4 4 0 5 4 5 6 2 6 5 3 7 3
M[69] : 4 3 4 4 5 6 4 3 4 7 5 3 3 4 2 6 3 6 6 5 4 7 4 6 3 6 5 6 4 5 3 6 3 3 5 6 6 2 3 4 3 5 3 7 0 2 5 2 6 4 5 3 7 4 6 4 6
M[70] : 4 5 5 6 2 6 5 4 5 4 5 5 7 4 6 6 3 3 0 5 4 6 4 6 4 2 5 4 4 6 5 6 4 3 8 1 2 3 6 8 4 8 4 3 7 1 4 4 5 6 3 9 1 6 6 5 4
M[71] : 4 7 3 2 6 3 3 4 6 5 4 5 5 3 4 5 6 5 5 7 2 4 6 5 1 5 4 5 8 3 3 5 4 4 6 5 2 2 3 5 0 4 6 2 4 5 3 6 4 5 1 3 5 4 4 7 3
M[72] : 7 0 3 5 6 3 4 5 5 5 4 2 2 6 7 5 5 5 3 3 4 4 5 6 4 5 5 4 3 1 4 2 4 5 6 3 7 2 1 5 5 5 4 6 2 2 4 5 3 6 1 7 5 3 4 7 6
M[73] : 3 6 6 3 4 6 2 4 6 7 4 5 3 2 3 6 5 7 4 3 4 5 4 5 4 5 7 1 4 4 0 7 2 2 5 7 4 4 5 4 4 3 6 5 2 3 4 4 8 5 3 6 5 4 5 3 4
M[74] : 6 3 3 5 4 5 7 3 5 3 7 5 7 4 2 4 5 4 6 7 2 3 5 5 6 2 3 3 3 2 5 5 2 5 3 4 4 5 3 2 5 5 3 6 1 6 2 6 6 4 7 4 6 2 4 6 0
M[75] : 4 4 5 3 6 5 5 3 7 6 5 5 0 3 3 6 3 5 3 5 3 5 6 6 4 7 2 2 8 3 6 5 2 5 3 7 3 5 4 4 6 5 6 3 2 5 5 6 5 5 4 5 6 5 3 7 6
M[76] : 6 3 5 6 2 3 7 2 2 5 5 3 5 4 3 5 5 5 5 4 5 5 6 5 3 6 5 5 3 5 3 4 5 6 2 3 6 5 0 5 4 6 3 8 6 2 2 3 3 3 3 5 8 3 5 4 3
M[77] : 2 2 4 3 5 3 4 4 4 2 5 3 5 5 5 4 5 7 6 3 4 8 0 6 5 5 5 5 4 2 5 2 4 4 5 5 4 2 6 4 6 7 6 4 4 6 5 4 6 5 4 4 7 5 5 4 8
M[78] : 6 6 2 2 3 4 3 4 4 4 6 3 2 3 5 4 4 7 5 5 6 5 4 3 3 5 5 2 5 5 3 4 5 0 6 4 6 3 6 4 6 3 6 5 1 6 6 2 8 4 2 7 3 4 1 2 2
M[79] : 5 2 5 5 7 3 3 3 4 4 4 3 4 5 7 5 3 2 5 5 4 4 1 6 0 4 6 7 2 5 4 3 4 6 3 6 6 4 6 7 5 5 5 6 4 7 4 6 5 5 6 4 4 3 5 5 3
M[80] : 3 6 4 3 6 6 4 6 4 7 4 5 4 5 6 5 4 2 2 4 7 5 5 5 7 5 7 4 4 6 1 6 5 4 5 5 6 4 3 3 4 4 4 6 5 5 7 6 6 5 3 3 4 6 3 0 4
M[81] : 3 3 4 3 6 5 3 6 4 4 7 7 6 5 3 6 6 4 6 7 4 3 4 4 6 3 4 5 6 3 5 4 3 4 3 6 4 5 0 4 2 4 3 5 4 8 4 5 4 4 6 2 4 4 4 7 6
M[82] : 5 4 6 6 5 6 3 2 2 6 3 2 6 6 6 5 5 6 7 4 6 3 4 6 2 1 7 3 5 4 5 4 5 3 4 6 4 5 4 2 3 3 4 3 5 5 4 3 5 6 3 5 5 0 4 5 4
M[83] : 6 7 4 4 6 5 3 3 1 4 4 4 7 5 4 5 6 4 5 2 4 8 6 6 1 6 5 7 6 5 4 1 5 5 5 5 5 6 5 0 3 8 7 4 4 5 4 6 3 6 5 6 2 4 4 2 5
M[84] : 8 5 0 3 4 5 3 5 3 6 4 5 6 5 6 5 4 4 5 7 7 7 8 6 4 3 4 5 5 2 6 3 4 2 5 5 5 6 5 2 7 4 5 5 5 5 6 3 6 3 5 4 5 5 2 4 4
M[85] : 5 2 3 4 5 7 6 5 3 5 6 4 2 4 4 7 5 4 2 4 5 7 5 6 7 6 6 4 0 6 4 6 3 3 5 7 5 3 7 3 5 6 6 7 8 4 4 5 6 5 3 4 7 4 5 5 5
M[86] : 5 6 2 5 6 6 4 3 6 5 5 3 4 4 3 4 5 6 1 1 6 2 5 5 4 1 4 5 7 4 5 6 5 3 5 5 3 0 6 3 5 2 6 6 4 7 6 6 6 6 2 3 7 5 5 3 6
M[87] : 6 6 7 5 6 7 2 1 1 6 4 6 5 5 5 3 4 2 5 6 3 5 2 5 2 5 4 4 3 4 7 1 3 4 5 4 7 4 4 3 4 6 3 5 3 4 3 6 5 4 0 5 3 5 4 3 4
M[88] : 3 5 4 4 2 4 6 4 3 6 4 0 6 6 7 8 5 7 4 6 3 6 5 3 2 6 4 2 4 6 3 5 6 2 4 6 4 5 6 4 4 5 6 3 5 5 4 3 4 4 3 6 4 3 5 5 5
M[89] : 5 1 4 6 5 5 3 5 3 4 4 8 3 4 6 6 7 0 2 6 2 2 5 4 6 3 4 8 5 4 4 8 7 3 3 4 3 5 5 3 4 4 5 5 5 6 5 3 6 5 4 8 7 3 5 4 5
M[90] : 6 5 5 6 5 5 4 5 2 8 4 7 3 5 7 5 4 2 4 7 6 3 5 5 5 3 4 4 4 6 3 3 5 6 6 5 4 3 6 6 3 0 8 3 6 7 4 2 6 6 1 7 3 4 4 6 5
M[91] : 3 3 3 7 3 6 3 3 3 5 4 6 1 0 5 4 3 2 5 4 2 5 4 4 2 4 0 8 4 5 3 5 2 4 3 5 4 4 4 3 4 4 5 2 4 7 6 5 5 4 4 4 4 6 4 4 2
M[92] : 6 7 3 5 4 4 4 3 3 7 4 5 2 3 3 4 4 7 6 6 5 7 5 7 5 2 3 4 2 3 2 4 3 3 6 4 4 5 3 7 2 4 5 4 3 7 4 6 6 6 4 3 4 6 3 6 0
M[93] : 0 3 7 3 6 4 2 5 2 5 2 4 8 5 3 5 5 4 4 2 5 3 6 6 4 6 5 4 6 5 5 2 2 5 1 5 0 5 6 4 7 5 5 5 4 2 3 5 2 3 5 4 6 5 3 6 1
M[94] : 6 5 6 4 4 6 3 0 3 4 5 7 5 4 6 4 4 2 7 2 6 2 4 3 2 4 2 3 2 6 2 5 3 3 2 6 3 4 5 5 7 4 3 5 4 6 3 5 5 4 3 5 4 5 4 3 8
M[95] : 4 5 5 4 4 6 6 0 5 2 6 4 3 6 4 4 7 5 6 5 6 4 5 5 2 4 5 3 4 3 6 5 4 4 6 1 3 5 5 5 7 7 3 4 6 4 6 4 6 7 5 4 2 4 4 5 3
M[96] : 4 6 5 4 7 6 4 5 3 3 2 7 6 4 7 4 5 7 2 4 5 2 3 3 0 0 5 7 5 4 3 4 4 6 4 3 5 5 3 4 2 7 4 6 5 3 6 3 6 6 4 4 5 4 5 6 5
M[97] : 4 0 2 1 4 3 5 3 4 5 6 6 4 6 5 3 3 3 6 3 6 4 4 3 4 5 3 3 4 3 6 5 5 6 6 6 3 6 2 2 5 4 4 5 6 4 4 1 5 3 3 5 5 6 2 6 5
M[98] : 4 6 7 5 5 5 5 4 6 6 5 3 3 5 5 7 5 7 4 5 6 5 3 5 2 6 4 5 5 5 3 4 5 4 5 6 6 7 7 7 5 7 1 4 3 3 2 2 4 4 4 5 3 3 3 6 0
M[99] : 7 1 1 5 6 3 4 3 3 7 2 6 8 6 4 4 6 0 5 6 6 1 1 6 4 6 2 5 5 4 4 4 4 6 5 5 4 5 4 2 4 5 6 5 4 3 6 7 4 2 6 6 6 2 5 5 3
M[100] : 4 4 2 5 3 5 4 6 2 3 5 3 3 4 7 0 5 3 4 5 6 3 6 5 6 5 7 4 3 5 4 6 4 5 5 4 6 4 5 4 3 7 7 4 3 6 7 4 4 3 3 5 6 3 4 7 6
M[101] : 3 6 6 3 6 3 4 6 4 4 5 2 7 2 5 3 7 3 6 5 6 5 4 2 6 3 6 5 5 3 7 4 5 3 4 3 3 4 3 4 6 4 5 3 5 5 6 3 2 3 4 0 2 5 5 6 3
M[102] : 6 4 5 5 2 9 5 6 5 4 4 3 6 3 3 3 5 3 3 4 7 3 4 5 3 5 6 3 7 6 5 5 3 6 3 6 5 4 5 4 5 6 3 4 3 4 5 3 0 4 7 6 4 6 5 6 2
M[103] : 5 4 4 5 5 3 4 3 4 3 4 7 5 4 5 5 4 5 5 3 2 5 6 4 5 3 3 3 0 5 5 6 5 5 2 1 7 3 5 5 3 5 4 6 3 6 4 3 4 7 3 6 5 5 3 5 2
M[104] : 4 2 3 5 6 4 4 5 4 6 2 4 4 4 6 3 7 4 6 5 4 6 2 6 4 6 6 7 7 4 5 6 3 5 3 4 6 7 5 3 5 6 3 3 4 0 6 3 3 5 7 5 4 3 4 6 5
M[105] : 5 4 3 4 5 5 3 5 3 6 5 5 6 4 3 2 6 6 6 4 6 7 6 5 5 3 0 6 5 5 7 5 5 5 3 3 3 6 4 7 5 6 4 5 5 6 4 4 4 4 5 7 3 6 4 6 3
M[106] : 4 4 3 5 2 7 7 6 5 6 3 3 7 3 6 4 5 5 6 3 2 6 3 6 3 3 3 3 3 3 3 5 3 5 4 5 4 5 4 3 5 7 4 5 5 4 6 3 4 0 1 5 5 4 4 6 7
M[107] : 6 7 5 4 3 2 1 3 4 3 8 3 7 4 6 4 2 6 8 6 3 2 4 5 4 3 6 4 4 3 8 5 3 5 3 0 2 4 4 5 2 5 4 6 5 5 6 2 6 1 3 5 2 6 6 5 4
M[108] : 5 2 3 4 3 3 4 6 4 4 7 4 4 3 6 4 3 5 4 3 6 5 6 1 1 1 6 3 4 4 6 6 3 3 6 6 3 0 6 4 5 4 4 7 3 5 2 5 4 5 5 6 4 4 5 8 4
M[109] : 5 2 7 3 6 6 4 2 4 5 3 4 3 5 6 4 5 6 2 3 3 0 4 7 5 7 7 5 4 4 6 4 4 4 4 5 5 4 5 6 3 3 7 5 3 3 3 4 3 6 4 6 5 7 1 4 0
M[110] : 7 3 3 3 4 6 5 3 5 7 3 3 6 6 3 6 3 0 3 3 4 5 4 4 3 6 6 6 4 4 5 6 3 6 5 4 4 3 9 6 5 4 7 5 5 6 2 5 4 4 4 3 5 3 7 6 6
M[111] : 3 3 4 5 4 6 4 3 5 4 4 5 3 4 7 4 5 2 4 7 6 3 3 5 3 4 5 5 5 4 6 5 5 2 6 4 4 6 5 4 6 6 0 6 4 4 4 4 5 6 5 5 5 6 5 4 7
M[112] : 5 2 4 5 4 4 8 4 4 5 3 2 4 6 4 6 6 4 4 5 5 6 2 3 4 6 7 4 4 5 5 6 7 6 2 4 7 0 5 6 4 6 2 5 5 4 5 6 3 4 2 2 4 4 6 6 2
M[113] : 5 4 4 8 6 5 3 3 5 6 7 3 3 6 3 4 4 5 3 5 6 4 3 3 5 5 5 5 3 4 4 4 0 5 2 4 3 5 4 4 5 5 4 2 6 7 5 6 3 5 3 5 3 4 5 4 7
M[114] : 6 5 3 3 5 4 5 5 3 4 2 1 4 6 7 5 4 6 4 6 4 6 3 3 5 5 5 3 5 5 3 3 5 3 4 3 6 2 5 5 5 4 4 5 7 4 5 6 6 4 0 4 4 4 4 3 6
M[115] : 3 5 4 6 2 5 4 5 5 5 5 5 4 4 6 4 3 4 5 6 4 8 4 0 4 4 5 4 4 2 5 5 3 3 4 3 2 6 2 6 2 4 3 7 6 5 5 5 5 7 3 5 5 2 6 4 5
M[116] : 3 5 5 2 6 5 3 2 3 5 4 4 4 3 0 5 5 5 7 5 3 4 3 5 8 4 8 2 5 2 4 4 5 4 6 7 7 4 6 2 5 5 8 3 1 6 4 3 3 5 5 3 5 6 4 5 4
M[117] : 0 6 6 5 3 5 4 1 3 5 3 4 4 2 5 4 7 6 5 3 4 7 2 6 4 7 6 2 5 5 7 5 5 6 4 7 3 2 6 2 4 3 3 4 4 6 7 5 5 5 6 4 4 5 5 2 7
M[118] : 4 2 7 3 7 7 6 4 4 4 6 5 4 5 4 6 6 4 3 6 4 8 4 4 3 3 5 5 4 1 4 5 5 4 1 4 6 4 4 4 5 7 4 6 2 3 5 5 4 4 4 0 4 1 3 7 6
M[119] : 4 3 6 4 4 5 4 5 4 4 4 3 4 5 4 5 6 2 8 3 6 4 6 5 3 4 4 5 3 3 4 4 7 4 3 6 6 5 5 3 7 4 5 5 5 7 2 7 6 6 5 7 5 0 2 6 4
M[120] : 4 4 6 4 3 7 4 2 3 5 4 4 3 5 3 0 3 5 4 3 9 5 6 5 3 3 4 7 3 3 4 3 5 3 2 3 7 6 2 5 5 4 7 5 4 4 5 4 4 5 4 4 4 4 6 5 6
M[121] : 5 4 2 6 4 7 4 2 4 5 3 4 7 5 5 3 4 6 6 4 3 1 3 5 5 4 4 6 2 3 4 7 5 6 0 7 5 3 2 4 2 3 5 6 5 3 2 3 3 4 5 4 6 6 6 5 6
M[122] : 5 7 5 6 3 4 7 4 6 4 0 3 3 6 6 3 7 2 3 4 7 5 6 5 5 3 4 6 3 3 5 3 5 4 7 4 6 6 4 3 6 3 5 4 2 5 7 5 4 6 3 8 3 4 5 6 4
M[123] : 3 8 6 5 5 5 6 3 4 4 5 4 8 3 4 7 4 7 5 4 3 8 7 4 0 5 5 5 3 4 4 2 5 6 2 5 7 1 5 2 1 2 6 4 4 2 4 5 3 3 6 3 5 5 6 5 6
M[124] : 5 5 7 2 3 3 5 5 7 4 3 5 2 3 4 4 4 5 5 4 6 5 3 6 5 2 0 4 3 3 7 3 5 3 6 6 3 5 5 7 7 6 6 4 5 3 7 4 3 4 4 4 4 6 5 6 8
M[125] : 4 6 8 3 5 5 6 4 5 5 5 5 3 5 3 5 5 7 3 6 4 3 5 4 5 5 5 3 3 2 3 6 5 3 4 6 5 4 3 3 0 5 4 6 5 7 3 2 4 3 5 7 3 5 5 4 7
M[126] : 4 5 4 4 2 4 5 5 0 3 2 4 6 3 4 4 5 5 5 4 6 6 4 5 5 3 5 4 5 6 4 2 3 5 3 4 5 3 3 5 4 3 7 6 2 4 6 4 5 7 2 5 5 4 6 7 3
M[127] : 6 5 4 6 7 4 5 4 5 4 5 5 3 0 4 6 6 1 5 5 2 4 6 5 3 5 4 5 1 6 3 6 5 6 3 4 5 4 3 4 4 5 5 7 8 5 2 5 4 6 3 5 4 3 5 5 4
M[128] : 5 6 6 4 5 4 3 5 5 5 4 4 5 6 5 5 3 3 4 5 3 4 6 2 4 4 7 7 3 4 5 0 1 3 3 4 4 4 2 4 5 5 6 4 7 4 4 5 5 6 2 6 4 6 4 8 5
M[129] : 7 2 2 6 3 4 5 5 4 6 4 3 4 6 9 5 4 6 0 5 4 6 7 5 5 5 4 1 6 4 3 4 4 3 5 6 5 3 4 2 3 5 4 6 6 6 7 1 2 4 4 6 4 5 6 3 4
M[130] : 5 2 6 5 4 2 5 2 2 4 3 5 4 5 0 4 7 6 6 6 5 4 2 5 3 3 7 3 6 4 4 2 3 3 6 7 6 6 4 4 2 6 5 6 4 5 4 5 3 4 3 4 5 5 4 3 4
M[131] : 4 5 6 6 2 4 4 5 4 5 8 3 5 4 0 7 7 3 4 6 5 4 5 6 5 5 6 3 7 4 2 3 3 6 3 6 5 5 6 3 3 3 5 3 4 6 6 6 6 5 4 4 6 5 4 6 7
M[132] : 5 5 5 4 1 5 7 5 0 5 7 5 8 3 6 5 4 3 5 6 4 2 6 4 3 2 5 2 6 6 6 4 4 3 3 4 6 5 7 3 5 5 2 3 6 3 2 4 7 7 5 6 5 5 6 4 6
M[133] : 6 4 3 2 3 7 4 3 2 4 7 3 3 7 5 6 0 5 7 5 6 4 3 5 5 4 8 4 4 3 3 5 5 4 5 6 5 5 4 4 3 4 6 4 3 5 3 6 2 4 6 3 5 5 5 6 4
M[134] : 4 6 4 0 4 7 5 4 4 4 5 4 3 5 5 5 4 4 4 4 1 5 5 5 4 6 3 1 1 3 4 6 4 5 4 5 5 4 3 3 3 6 6 5 3 5 5 3 7 4 3 3 5 7 5 5 6
M[135] : 7 4 5 6 4 4 7 5 5 7 7 3 5 3 6 5 5 6 4 7 8 6 4 5 5 3 6 4 5 3 3 3 6 7 6 5 4 4 6 4 4 6 4 5 6 0 4 5 6 6 4 4 4 5 4 3 5
M[136] : 1 4 6 4 6 3 6 5 3 6 6 3 6 5 2 5 5 6 4 3 3 5 5 3 3 5 4 0 5 4 4 6 6 4 5 5 0 3 5 2 4 5 5 5 3 5 3 3 4 3 3 5 4 5 6 8 6
M[137] : 7 2 3 5 5 5 4 8 5 4 3 6 0 3 5 5 3 5 7 4 5 7 3 6 5 7 5 5 7 3 4 3 4 3 6 5 3 6 6 5 7 7 5 5 5 5 5 5 3 6 3 4 3 6 4 6 3
M[138] : 0 4 5 5 7 6 5 7 5 3 5 4 2 2 2 7 6 6 6 7 6 4 4 6 4 4 6 6 8 2 5 2 2 4 6 5 5 6 5 2 3 6 3 5 5 5 4 2 6 6 5 2 7 2 5 7 4
M[139] : 6 7 5 3 5 3 4 3 5 3 5 5 5 3 4 3 4 6 5 2 6 4 5 7 4 5 5 3 5 5 2 5 3 3 5 2 4 2 6 6 6 4 7 4 5 3 5 2 7 3 2 5 0 5 5 4 2
M[140] : 4 6 3 4 2 2 5 4 3 5 8 5 5 3 4 5 5 5 6 5 6 6 5 7 0 6 6 4 6 3 7 3 5 5 5 5 4 5 5 5 7 4 4 7 6 4 5 6 3 5 2 6 2 4 6 6 3
M[141] : 6 8 3 4 3 4 2 5 4 3 5 4 6 5 4 4 6 5 5 3 5 3 6 4 3 5 4 3 3 2 5 3 0 5 5 4 6 6 3 6 6 4 5 5 7 6 4 7 6 4 5 4 5 5 7 4 4
M[142] : 6 4 0 1 5 5 6 4 6 3 6 4 3 3 8 7 6 4 5 1 6 3 5 5 4 4 3 7 4 4 4 6 1 4 5 5 2 5 4 4 8 3 5 7 3 3 5 3 5 7 4 5 4 6 6 3 5
M[143] : 3 3 5 4 2 4 5 4 0 2 4 4 6 5 4 3 3 4 6 7 3 5 7 5 8 5 6 4 3 4 3 5 6 5 4 6 5 2 5 4 5 3 4 3 5 4 7 5 5 3 1 5 4 3 3 4 6
M[144] : 5 5 5 5 6 3 2 2 4 5 5 5 5 5 3 3 3 4 6 3 6 5 3 3 1 6 6 4 6 5 0 2 6 1 6 1 4 5 7 4 4 4 5 4 4 8 2 1 7 3 5 7 4 2 5 2 3
M[145] : 6 6 5 5 2 2 5 4 3 4 5 2 5 4 5 6 5 4 5 4 4 4 5 2 6 5 4 6 6 3 4 3 4 5 4 5 4 7 5 5 3 3 5 0 5 4 4 6 3 8 6 6 6 3 7 5 5
M[146] : 6 5 5 6 4 4 4 4 6 3 7 2 5 4 5 2 6 2 6 6 4 5 5 5 6 4 4 5 0 5 5 4 5 4 7 4 6 5 5 3 3 5 4 7 3 3 6 4 7 6 3 5 5 5 0 3 4
M[147] : 6 3 4 4 6 5 3 4 3 5 3 4 1 6 4 4 3 3 2 5 6 2 5 4 6 3 5 7 4 2 4 4 4 3 8 5 6 5 4 3 6 4 4 5 5 5 6 3 3 2 0 7 2 4 6 3 6
M[148] : 5 5 5 3 3 4 2 4 3 4 2 7 6 3 5 7 5 5 3 4 6 5 6 2 3 4 4 4 1 3 6 3 0 4 2 4 2 2 6 4 6 6 3 5 4 3 4 2 3 6 3 7 4 4 1 4 2
M[149] : 3 8 4 2 5 4 1 4 2 4 1 4 2 5 5 4 7 7 7 6 7 6 4 4 6 4 0 3 5 3 3 5 5 4 4 3 4 3 4 3 6 5 5 4 5 5 7 3 6 6 3 3 4 3 4 6 4
M[150] : 2 5 5 5 6 5 6 5 4 5 1 4 4 6 7 5 5 4 4 5 5 7 3 4 7 3 1 6 4 5 4 2 6 4 4 3 4 5 4 2 6 6 7 4 0 2 5 4 5 3 4 7 2 7 4 5 3
M[151] : 5 6 4 7 7 3 5 4 2 6 8 3 5 3 5 6 3 5 4 4 5 1 5 5 4 4 1 6 4 4 5 5 6 6 4 3 3 5 2 5 0 5 6 4 5 3 5 5 5 4 3 3 5 4 6 5 1
M[152] : 2 4 2 4 6 5 2 5 5 6 4 4 2 6 7 3 5 3 4 4 4 6 3 4 4 7 7 7 4 4 4 5 0 4 7 5 6 5 3 4 9 4 3 7 7 4 5 4 7 3 5 5 4 7 8 6 2
M[153] : 5 1 3 4 3 4 5 4 4 5 7 4 0 6 1 2 5 3 5 2 5 4 3 5 4 6 3 3 5 7 4 4 4 5 4 6 6 3 7 6 5 5 6 3 5 2 6 4 4 6 4 3 6 5 6 3 4
M[154] : 4 5 5 4 5 6 5 1 6 5 2 4 4 5 4 3 5 4 2 7 5 7 5 6 5 5 2 5 5 3 2 6 4 3 1 5 4 8 5 4 6 4 5 0 5 5 5 5 5 3 3 4 5 4 3 5 4
M[155] : 5 4 5 6 4 4 6 3 4 0 5 4 4 6 5 3 5 4 7 7 5 5 2 8 6 6 7 7 3 4 7 1 3 7 4 8 5 4 5 4 3 4 6 5 7 5 3 4 4 5 2 4 8 3 7 7 7
M[156] : 4 5 5 3 2 7 6 4 4 2 5 6 5 5 1 5 5 5 1 3 5 1 4 3 5 4 3 4 7 3 7 4 1 4 3 4 7 5 6 3 6 4 6 5 5 4 3 4 0 7 4 4 4 6 5 5 5
M[157] : 5 3 5 7 7 4 5 5 5 5 5 2 5 5 6 6 7 4 6 4 6 3 2 2 4 5 5 2 4 3 6 3 2 6 6 5 5 5 6 3 2 6 0 5 7 3 6 3 1 2 6 6 4 7 6 6 6
M[158] : 3 5 4 4 6 5 6 5 5 5 3 4 5 7 4 4 5 3 5 7 5 5 5 3 4 4 1 3 5 3 4 5 3 7 3 5 0 2 4 5 4 2 4 3 6 5 4 6 5 4 5 7 5 5 4 3 6
M[159] : 3 4 4 5 5 7 5 3 4 5 6 5 7 3 6 2 4 5 5 3 1 5 5 5 3 8 4 8 2 4 6 3 5 5 6 3 5 7 3 4 5 5 4 4 4 3 5 1 4 4 4 4 5 5 0 2 5
M[160] : 5 7 3 3 6 7 1 5 5 3 3 4 4 7 5 4 7 5 5 4 5 6 3 4 5 3 3 1 6 5 6 5 6 5 6 0 4 5 5 5 5 5 5 5 3 6 6 4 7 6 4 6 7 4 4 4 6
M[161] : 3 3 5 7 3 5 5 5 5 4 5 3 3 6 7 3 4 2 3 9 7 5 4 3 6 5 2 3 2 4 5 3 4 4 5 6 2 4 2 4 5 6 7 5 7 4 4 4 6 4 1 4 3 0 6 5 4
M[162] : 4 6 6 4 5 5 4 2 4 6 3 2 4 3 4 5 2 3 3 5 4 6 4 4 5 1 5 3 4 4 6 7 4 0 7 2 5 5 4 4 4 6 4 5 8 3 6 5 5 6 3 3 3 2 5 7 8
M[163] : 5 3 4 3 5 7 2 3 3 7 4 5 7 2 7 7 4 4 3 4 5 3 5 5 1 0 5 3 4 3 4 2 4 6 5 2 7 4 4 7 3 4 4 4 4 3 2 4 3 5 3 4 6 5 4 3 4
M[164] : 4 5 3 6 5 3 6 2 4 4 6 3 5 3 6 5 5 0 5 4 5 3 5 6 3 6 7 3 2 5 2 6 2 4 6 4 4 3 5 5 5 4 5 5 4 2 5 0 6 1 6 2 5 4 5 3 5
M[165] : 4 4 5 3 3 6 7 2 2 4 5 5 5 6 3 5 4 4 4 2 3 6 4 2 4 7 5 2 4 2 5 4 4 2 5 3 8 4 4 7 5 3 6 4 5 6 5 0 4 2 5 6 3 3 3 2 4
M[166] : 2 7 2 5 6 5 5 2 3 4 3 2 6 5 6 5 5 4 7 5 6 8 3 3 3 2 6 5 5 7 5 6 2 6 5 9 7 4 6 4 3 5 4 7 4 4 5 5 3 4 4 0 3 4 7 5 6
M[167] : 4 5 2 4 4 3 5 5 3 5 3 2 4 7 7 6 5 4 8 3 3 4 2 3 6 4 4 2 5 6 6 5 4 5 0 4 4 3 3 4 7 6 3 6 1 7 6 1 4 5 4 6 4 2 5 4 4
M[168] : 5 3 5 4 5 5 4 2 3 5 7 5 4 4 4 1 4 6 4 0 6 3 5 5 5 4 4 5 5 4 0 6 4 7 2 4 4 4 4 3 3 6 7 6 5 4 1 4 4 0 5 8 2 6 4 5 5
M[169] : 7 0 5 6 5 5 4 3 4 4 5 1 4 4 5 4 4 5 6 6 6 4 4 6 5 5 4 6 3 4 7 3 5 6 3 6 6 6 4 5 4 5 3 4 5 5 5 3 6 6 6 4 4 5 7 6 5
M[170] : 8 1 7 3 4 7 6 3 1 5 5 3 2 2 5 4 5 6 6 4 5 5 4 5 2 6 4 3 5 2 6 5 1 5 5 3 5 5 5 7 4 5 3 0 4 5 5 5 5 4 3 3 5 5 4 3 4
M[171] : 8 3 4 3 3 1 6 5 4 7 4 4 3 4 1 4 4 5 6 5 5 5 7 4 3 4 5 2 4 0 3 5 2 6 0 5 3 2 5 3 5 4 3 1 6 4 6 6 6 2 3 4 5 5 5 7 5
M[172] : 3 6 5 5 6 5 4 5 4 7 5 6 4 6 3 2 2 6 7 6 7 3 5 4 3 4 5 5 4 0 6 7 3 3 5 5 5 5 2 2 4 3 7 4 3 3 6 3 4 1 4 3 6 5 5 4 6
M[173] : 5 1 6 8 7 6 5 5 3 0 5 3 3 6 5 8 4 6 4 7 6 4 5 7 4 5 4 5 6 5 5 5 0 1 5 6 4 7 6 2 7 6 3 0 6 2 5 4 3 4 2 2 7 4 7 4 6
M[174] : 6 4 5 5 5 4 3 8 4 4 2 5 6 3 6 5 4 3 4 3 6 5 1 3 4 5 5 8 3 2 3 3 2 6 4 6 5 5 3 0 7 4 4 4 6 3 5 4 7 5 2 2 7 2 7 6 5
M[175] : 4 3 3 4 4 5 5 5 2 1 3 2 3 2 3 5 5 2 4 5 3 6 6 6 4 5 7 6 6 2 0 5 5 7 5 4 5 6 3 4 5 4 3 4 9 2 3 6 6 4 6 3 6 3 3 7 6
M[176] : 6 5 5 6 7 4 4 5 3 3 5 7 4 5 6 2 3 3 6 1 4 6 3 0 4 5 4 3 4 7 4 6 6 3 3 3 6 0 4 2 4 5 7 4 5 7 4 3 5 6 2 4 4 5 4 5 7
M[177] : 5 6 6 4 5 3 5 6 5 6 4 2 8 6 5 3 4 7 5 3 3 6 3 3 5 5 6 5 5 4 3 0 5 6 3 5 5 4 4 6 6 2 3 3 3 5 5 2 6 5 4 3 4 5 5 7 6
M[178] : 4 5 3 6 4 5 6 7 6 4 6 3 5 7 7 5 4 3 5 5 5 7 5 3 5 6 4 3 4 1 5 3 3 5 6 4 4 3 5 3 7 4 5 6 8 4 3 3 8 6 3 2 0 3 3 6 1
M[179] : 2 3 7 6 7 5 6 3 1 5 8 5 8 5 6 6 5 7 7 3 6 6 3 5 5 4 6 6 2 3 5 7 2 2 2 5 5 3 5 2 5 5 4 3 4 3 3 4 4 6 5 5 5 8 0 3 5
M[180] : 4 4 4 6 4 4 4 4 4 3 0 5 7 1 6 2 5 3 0 7 2 4 2 5 5 5 4 6 5 3 6 6 6 3 8 6 2 4 3 6 5 3 3 8 1 4 2 6 5 3 0 6 5 4 7 4 5
M[181] : 5 6 5 5 5 4 3 7 2 5 8 4 3 4 1 4 5 5 6 6 6 4 2 7 2 4 3 5 3 4 5 0 5 5 8 8 4 3 5 4 4 4 5 5 5 4 5 4 4 5 5 5 5 3 6 3 3
M[182] : 3 6 5 4 5 6 4 7 5 6 6 5 6 4 4 3 6 3 7 5 5 5 4 7 6 3 4 5 6 4 4 4 4 4 5 6 4 6 6 6 4 4 2 5 4 5 4 2 7 0 5 4 4 5 6 7 3
M[183] : 2 5 3 4 2 4 7 4 3 5 0 4 4 4 6 3 3 6 3 4 4 4 7 5 3 4 5 4 1 4 3 4 6 3 4 6 4 6 8 1 3 6 6 4 5 3 3 4 4 5 4 6 4 5 3 3 7
M[184] : 6 4 9 4 4 3 7 2 2 5 3 2 3 6 6 4 5 1 0 2 5 4 4 5 5 5 5 3 4 2 4 5 6 4 7 5 4 3 5 4 5 5 4 5 2 3 5 4 4 3 1 6 6 4 6 5 6
M[185] : 5 4 6 2 4 6 4 4 7 5 4 6 6 5 5 3 4 5 2 6 3 2 6 1 4 5 4 2 6 5 5 4 3 4 4 6 3 2 6 3 6 6 7 5 0 4 2 5 3 7 4 4 7 6 6 4 3
M[186] : 5 6 6 3 3 4 5 5 5 2 5 4 7 7 3 4 4 7 6 4 6 1 4 3 6 5 5 5 5 2 3 6 3 7 4 5 6 4 3 0 5 5 4 6 4 2 5 5 4 2 6 4 4 5 6 5 6
M[187] : 5 5 3 6 4 2 6 5 4 1 5 4 4 5 5 6 5 7 2 5 4 5 3 0 4 4 1 4 3 6 5 6 4 4 6 5 6 3 6 4 6 6 5 4 5 4 4 2 3 7 4 3 5 7 3 5 3
M[188] : 4 6 3 3 8 5 5 5 4 0 3 6 7 4 6 4 4 6 4 5 6 3 5 4 2 4 6 2 4 3 6 4 3 5 4 3 4 3 6 4 5 4 2 3 6 5 6 4 3 5 3 4 3 7 3 2 6
M[189] : 8 5 3 4 3 5 4 5 2 6 5 5 6 4 3 4 5 5 3 1 4 1 4 3 5 3 6 0 4 5 2 6 4 2 5 4 4 7 4 4 5 4 4 7 4 4 6 2 3 3 6 3 3 5 5 6 2
M[190] : 4 6 4 7 8 7 6 5 5 4 5 6 5 4 6 5 6 5 3 5 2 2 4 2 3 4 5 4 3 6 5 8 4 4 2 3 5 4 3 4 4 3 2 6 6 6 6 3 0 6 4 5 7 7 6 6 8
M[191] : 4 3 4 5 3 4 4 5 5 5 4 4 5 6 6 0 6 6 7 4 5 3 2 5 3 4 2 5 6 4 7 2 5 6 5 4 1 4 6 1 4 4 6 5 5 6 7 5 3 5 3 5 2 3 5 5 4
M[192] : 6 4 2 2 5 7 5 3 8 4 3 7 4 3 5 2 6 4 6 3 7 3 3 6 2 5 6 3 6 0 4 7 3 5 7 5 3 3 6 3 7 4 6 2 7 4 3 4 6 3 2 6 5 7 7 7 3
M[193] : 4 5 5 4 3 3 5 2 4 4 5 3 5 5 5 6 7 5 5 5 6 6 6 2 5 7 5 3 1 3 7 7 7 7 6 5 3 4 4 6 4 2 5 5 5 7 0 5 3 6 1 8 3 2 3 6 3
M[194] : 6 4 0 5 1 7 6 5 3 4 5 4 5 4 6 5 4 4 7 5 4 4 4 4 5 6 5 5 3 4 7 5 4 7 3 4 3 3 4 5 5 6 4 5 5 5 5 5 2 4 7 5 4 5 5 3 4
M[195] : 5 3 4 5 5 4 5 4 4 5 3 1 4 7 5 2 5 3 3 4 6 3 4 5 4 3 6 7 3 2 6 4 3 4 5 2 3 6 0 4 6 6 3 5 3 5 3 6 4 6 3 5 5 4 5 3 5
M[196] : 4 2 4 4 5 3 4 3 5 2 7 8 5 3 3 2 6 6 4 5 7 3 5 3 4 7 5 3 6 0 5 3 4 2 5 6 4 3 8 5 3 4 7 4 4 4 4 5 7 7 4 4 3 3 4 3 7
M[197] : 4 7 0 5 3 3 5 3 6 5 3 5 2 5 1 4 6 6 5 4 4 4 7 3 4 3 7 3 4 3 3 5 4 4 2 5 2 2 4 3 4 2 5 4 3 3 5 6 6 4 5 6 5 5 6 3 8
M[198] : 7 6 4 5 5 3 3 1 4 3 5 4 3 6 5 7 5 7 7 5 4 6 3 5 3 6 6 4 3 4 5 5 4 5 2 7 4 6 0 5 3 2 4 5 4 6 2 8 4 4 4 4 4 3 6 6 5
M[199] : 5 7 7 3 5 4 4 2 5 2 5 4 6 4 5 8 3 2 6 4 5 4 5 6 6 4 3 4 4 2 4 4 0 3 6 5 6 5 5 4 5 5 5 4 3 4 4 4 4 4 5 6 5 4 7 5 4
M[200] : 8 7 4 4 6 3 4 5 5 5 3 4 4 6 4 6 7 3 8 6 4 4 6 5 4 5 5 6 4 6 6 4 2 7 8 7 4 4 6 3 7 6 4 0 7 8 5 3 5 4 4 3 6 6 4 7 5
M[201] : 3 4 5 4 4 5 4 2 4 5 3 4 3 5 3 2 6 7 6 3 4 3 3 4 6 3 3 1 7 7 3 5 3 5 6 6 3 5 5 4 5 3 3 4 5 3 4 2 0 4 4 3 5 4 5 7 5
M[202] : 6 4 5 4 5 5 2 5 4 3 5 6 4 4 6 4 7 3 5 0 4 6 6 4 5 4 6 2 6 3 6 5 3 3 4 6 6 5 5 1 6 4 3 6 6 4 3 2 5 6 6 7 5 4 3 6 5
M[203] : 8 5 5 4 5 0 5 3 5 4 8 5 5 3 4 5 5 3 3 7 4 5 3 6 3 6 7 4 5 4 6 7 4 6 3 4 3 5 4 4 7 6 6 2 2 2 1 3 6 6 7 5 3 4 4 6 5
M[204] : 4 7 6 6 6 7 4 6 3 5 5 2 5 3 8 6 6 5 4 2 3 4 4 5 2 7 4 4 4 4 3 4 3 1 5 3 6 4 2 3 7 7 6 2 6 1 5 4 7 2 5 4 4 0 6 6 4
M[205] : 6 7 3 3 6 0 3 5 3 2 1 3 3 7 3 2 6 5 4 6 3 4 4 7 4 3 5 4 3 4 5 3 5 5 3 5 7 4 0 3 6 3 3 4 6 4 5 3 5 5 5 4 3 4 4 6 8
M[206] : 5 6 5 4 5 4 5 6 5 5 4 4 6 7 4 6 6 5 4 5 0 5 4 6 6 2 4 4 5 4 3 7 6 4 3 7 6 5 3 3 6 3 4 3 3 7 4 2 8 6 3 7 6 6 5 5 4
M[207] : 7 3 4 4 6 4 5 0 4 6 6 2 7 4 5 6 2 4 5 1 5 5 3 2 4 4 3 7 3 5 5 6 3 3 7 2 3 6 6 5 7 6 5 7 6 3 4 6 5 6 3 5 2 6 5 8 1
M[208] : 4 5 3 5 2 5 4 3 5 8 4 5 3 4 6 4 6 4 5 5 7 4 5 4 3 4 6 6 4 3 5 7 5 4 6 4 3 5 4 3 6 4 4 5 3 0 5 2 5 6 5 6 4 4 4 4 5
M[209] : 5 6 4 5 3 5 2 3 4 7 5 4 4 5 5 5 4 7 3 5 3 2 6 3 6 4 5 5 4 2 5 5 3 3 7 6 3 5 8 2 4 6 4 4 3 4 7 4 5 6 3 2 0 5 5 5 5
M[210] : 4 7 6 4 3 5 6 1 4 4 5 6 6 4 4 5 4 7 4 6 2 6 5 6 4 5 4 3 4 5 5 3 2 6 5 5 4 4 5 2 4 8 0 2 6 4 4 4 6 5 1 2 6 6 5 4 3
M[211] : 5 8 2 3 5 4 3 4 5 6 0 4 4 4 4 5 6 2 4 4 3 5 3 5 6 4 5 5 5 2 5 3 4 5 3 7 6 4 1 3 5 5 4 5 4 4 4 5 4 4 2 4 4 4 5 4 6
M[212] : 6 4 6 6 5 4 5 2 3 8 5 4 5 5 5 4 5 4 6 2 7 5 2 5 4 0 4 5 3 4 5 8 5 5 3 6 6 4 5 3 6 6 7 4 4 3 4 2 6 4 3 2 6 7 5 3 5
M[213] : 5 5 6 5 3 2 6 3 5 3 5 4 5 2 3 6 6 5 5 6 5 4 2 4 3 7 6 5 6 5 4 4 4 3 3 5 5 4 4 5 5 3 2 7 5 3 0 3 3 7 4 8 5 6 3 6 6
M[214] : 5 4 5 4 5 3 4 3 6 3 2 2 6 4 5 7 2 3 0 3 5 6 3 6 2 4 4 4 3 5 5 5 3 5 4 6 4 5 3 3 5 2 2 4 5 6 4 2 4 6 2 4 5 3 5 2 5
M[215] : 2 4 3 5 3 5 3 4 4 2 2 2 6 0 4 5 6 4 4 5 6 6 4 5 3 4 6 6 3 3 5 4 5 2 6 5 4 2 5 5 4 6 4 5 7 5 7 4 4 5 5 3 8 6 1 4 8
M[216] : 5 2 4 4 3 4 3 6 4 3 5 4 6 4 3 5 4 6 4 3 3 7 3 3 3 4 5 4 6 1 5 6 5 4 4 6 3 5 4 5 2 3 3 8 4 4 6 4 7 4 0 4 3 4 5 2 4
M[217] : 6 5 5 4 6 6 1 5 4 5 4 5 4 3 5 2 4 5 5 5 4 5 5 5 4 4 4 3 4 4 3 7 2 4 7 3 4 5 4 4 4 4 5 3 5 2 5 1 3 4 2 4 7 0 3 4 4
M[218] : 4 3 4 3 4 6 3 4 4 3 4 2 4 3 7 5 6 4 5 5 2 6 3 5 5 5 6 5 3 3 5 6 4 5 4 6 5 3 6 7 4 3 4 3 5 3 6 5 4 0 5 2 3 6 4 4 5
M[219] : 5 3 6 3 3 3 3 2 4 5 5 5 7 5 6 4 6 6 4 7 5 3 0 4 3 2 5 4 3 4 2 5 3 4 6 6 6 2 6 4 4 6 4 6 3 2 5 4 4 5 1 4 3 5 3 3 4
M[220] : 8 5 2 4 5 5 6 5 4 6 6 5 6 4 6 3 0 5 2 4 3 1 3 5 3 7 6 3 4 5 4 6 5 4 6 7 6 5 6 4 6 6 5 6 3 7 5 3 6 4 2 7 6 4 5 4 5
M[221] : 6 0 3 6 5 2 3 6 6 4 3 5 2 4 6 7 4 3 4 4 4 6 5 4 5 4 7 5 3 5 3 6 6 3 5 6 5 4 6 5 6 5 5 4 6 6 4 5 5 3 2 5 6 3 5 5 5
M[222] : 5 4 2 4 1 6 4 4 5 6 4 2 2 5 5 6 5 5 3 5 3 2 6 5 4 4 3 5 4 6 4 8 4 3 4 4 6 5 4 3 6 5 4 2 0 3 4 5 5 3 2 5 7 7 5 3 1
M[223] : 5 5 6 3 3 4 5 3 3 6 5 4 6 1 2 6 3 5 3 2 3 3 5 4 4 7 5 7 0 5 6 5 2 6 4 4 8 3 4 4 6 5 6 5 3 4 6 3 5 3 7 7 5 8 2 5 8
M[224] : 8 6 4 6 6 4 4 3 6 4 6 4 4 3 4 1 2 4 3 7 5 5 2 5 2 5 4 6 4 7 5 6 3 0 6 7 6 5 3 4 5 6 4 4 4 6 7 3 5 3 3 5 4 4 2 6 4
M[225] : 5 5 5 3 5 5 2 4 3 4 3 4 4 5 6 6 0 3 8 4 4 1 5 3 3 3 4 6 5 3 3 2 5 3 4 7 4 1 3 4 5 6 5 4 4 4 8 3 8 5 2 3 4 4 2 7 7
M[226] : 5 5 3 6 6 4 3 3 4 3 3 4 4 2 4 4 5 0 5 6 7 6 4 5 5 5 6 5 3 6 4 6 5 4 6 5 2 5 6 3 2 4 6 7 1 5 8 4 5 2 2 7 6 6 3 0 5
M[227] : 3 6 5 2 4 8 4 6 4 4 6 4 4 5 2 3 3 5 6 5 6 5 4 7 4 3 5 3 5 7 6 6 6 4 4 5 6 4 6 7 4 5 4 4 0 8 8 4 5 3 4 2 4 4 3 3 2
M[228] : 4 4 6 6 5 5 5 5 3 5 3 4 4 5 3 1 3 3 3 3 4 2 2 5 3 0 4 4 4 2 4 2 3 4 3 4 8 3 6 5 3 4 1 6 3 5 2 5 7 3 5 4 6 6 6 3 5
M[229] : 6 4 5 4 5 4 7 5 5 6 4 4 5 6 5 5 7 4 4 6 5 5 3 6 3 0 1 5 4 3 5 4 6 4 6 4 4 4 5 4 3 5 5 8 4 4 5 5 4 6 5 5 6 3 3 7 4
M[230] : 4 5 3 0 6 5 2 5 4 8 4 4 6 1 3 5 3 4 6 8 4 5 1 6 2 5 3 3 3 4 5 4 6 1 5 7 5 2 4 4 5 4 5 4 4 6 5 3 6 4 5 6 5 4 7 5 7
M[231] : 0 5 4 4 4 7 3 5 4 5 3 5 6 5 3 6 5 5 4 7 3 5 5 3 5 6 3 6 4 5 3 2 4 0 5 6 7 4 4 5 3 7 2 8 3 6 7 2 1 3 6 3 5 4 5 5 5
M[232] : 4 3 4 3 4 3 3 4 5 6 2 3 4 5 6 4 4 4 2 5 4 6 4 4 3 5 4 6 4 4 4 4 3 4 6 4 6 1 0 2 3 6 5 3 6 6 8 5 5 4 2 6 4 2 4 4 6
M[233] : 5 6 3 6 4 4 4 5 5 1 1 4 6 5 5 5 7 6 3 5 4 5 3 7 4 3 4 4 6 0 6 7 2 4 4 5 3 6 6 6 6 3 6 3 5 9 6 2 6 6 5 6 1 3 6 6 4
M[234] : 3 5 6 7 3 5 0 6 5 5 6 5 5 4 2 5 3 3 5 4 6 6 4 3 2 4 1 5 3 5 3 5 3 4 4 4 5 3 4 4 4 5 4 6 7 5 4 5 6 3 5 4 5 4 5 3 7
M[235] : 7 5 6 6 2 5 4 3 4 7 3 5 6 5 7 4 8 6 5 2 5 5 4 1 5 0 5 6 4 4 6 5 7 5 5 4 7 3 5 3 5 2 5 6 6 7 3 5 3 3 2 4 5 2 7 6 3
M[236] : 5 1 0 7 4 6 3 2 2 6 2 4 4 5 6 1 5 3 3 4 5 3 3 4 4 6 3 0 3 2 3 2 4 4 2 6 6 4 4 4 6 5 4 5 5 5 6 4 4 4 2 5 3 3 5 5 4
M[237] : 3 5 5 5 6 6 8 3 5 5 4 3 6 6 7 4 3 7 3 3 4 4 5 4 4 5 5 6 4 4 5 8 5 5 6 5 6 4 6 3 4 7 4 7 5 4 5 3 0 2 7 6 7 3 6 5 6
M[238] : 6 4 6 6 2 6 4 3 6 0 4 3 4 3 3 5 3 6 6 5 4 5 2 4 3 6 5 2 3 3 6 2 3 2 6 6 5 5 6 1 7 6 5 5 7 6 5 4 4 3 4 3 4 4 6 5 5
M[239] : 5 4 6 4 5 7 4 5 2 6 5 4 6 4 5 3 3 6 3 3 4 5 3 6 4 4 3 4 3 6 0 8 6 4 2 6 2 5 4 5 3 5 6 6 4 5 2 3 2 5 4 5 2 6 5 5 2
M[240] : 5 6 3 6 5 6 5 4 0 4 2 5 7 5 3 2 1 3 7 5 6 5 3 5 1 5 6 5 4 7 5 5 5 3 2 5 8 5 1 0 4 6 3 6 6 4 4 2 6 6 5 4 7 7 6 6 4
M[241] : 2 3 2 3 7 4 4 5 4 7 5 3 8 4 3 3 3 7 5 4 5 2 3 3 3 4 5 4 4 4 4 4 5 3 1 5 3 4 0 2 4 3 3 4 4 5 3 3 3 5 4 3 6 3 6 4 3
M[242] : 3 6 6 2 7 6 7 4 4 3 4 4 5 6 2 6 1 7 6 5 3 6 4 5 6 4 3 6 4 3 3 5 4 3 5 6 2 0 7 3 5 6 6 4 3 5 4 5 3 4 4 6 3 3 4 3 4
M[243] : 2 7 7 5 6 8 3 3 3 4 6 1 4 6 6 4 4 6 5 5 2 5 5 6 7 4 6 0 3 5 5 4 4 3 3 5 7 5 5 5 4 4 5 3 4 6 6 3 5 6 5 3 3 1 7 3 6
M[244] : 4 4 3 5 5 6 3 5 1 5 5 7 5 7 4 0 2 4 4 3 7 3 7 2 7 5 5 7 5 4 1 2 4 3 3 4 5 4 7 5 4 5 6 3 7 6 7 4 5 6 2 6 3 5 6 2 3
M[245] : 5 2 6 5 2 0 5 4 5 3 3 2 5 7 4 7 6 5 6 7 4 5 1 4 4 9 5 3 5 2 4 5 4 5 6 5 5 2 5 4 3 2 7 4 6 5 4 3 7 6 5 4 3 6 5 4 6
M[246] : 5 6 4 6 4 5 6 6 3 4 2 5 6 4 4 5 1 2 7 7 4 4 4 4 4 6 6 8 2 4 6 6 5 5 6 7 1 2 3 5 7 0 4 7 6 4 3 5 5 5 6 4 7 6 4 5 3
M[247] : 5 6 6 6 6 3 5 4 7 5 6 3 3 6 6 5 6 3 3 4 4 3 8 6 2 6 6 4 6 4 5 5 4 4 4 4 5 4 5 6 2 0 3 7 6 5 4 4 4 2 5 7 6 3 4 3 4
M[248] : 6 4 6 2 5 5 7 4 5 4 3 3 6 6 6 4 4 6 5 7 6 2 6 3 3 6 7 5 4 7 4 5 6 4 4 2 5 6 3 3 0 4 3 6 7 5 3 4 3 3 6 5 4 5 6 6 2
M[249] : 4 5 4 5 5 5 6 5 3 4 2 4 6 3 6 5 4 6 6 4 2 4 1 7 5 5 5 5 2 4 6 4 5 2 5 6 3 3 3 2 3 6 2 5 0 4 5 5 4 5 6 5 2 6 2 6 4
M[250] : 3 4 5 5 7 4 2 4 3 5 6 7 4 5 5 5 5 6 6 5 5 3 5 5 3 5 4 6 5 6 0 3 4 5 5 5 6 4 3 3 6 6 6 3 6 5 5 3 8 4 5 4 7 4 5 4 7
M[251] : 7 4 5 2 6 7 2 5 5 7 5 5 6 6 6 7 6 6 5 5 2 3 2 5 3 1 4 6 4 6 2 5 3 4 6 3 3 5 4 4 4 3 4 4 5 4 6 2 3 6 4 3 3 4 2 0 6
M[252] : 2 3 2 4 6 5 4 6 4 4 2 2 6 6 2 2 3 5 2 5 4 5 2 7 2 3 6 7 4 3 6 0 3 3 4 3 6 6 7 4 4 4 2 4 3 4 6 5 6 4 2 5 7 5 4 4 5
M[253] : 6 4 5 5 0 2 4 6 2 5 3 3 4 3 7 5 4 4 5 3 5 6 5 5 3 4 6 6 5 6 2 6 6 6 3 6 2 5 6 3 7 4 6 7 4 4 1 3 5 5 4 4 5 4 5 4 6
M[254] : 3 4 2 3 7 5 2 5 2 0 5 4 4 5 2 4 6 3 2 5 6 3 3 2 6 8 4 3 4 2 5 6 5 1 6 4 3 4 5 1 6 6 6 3 5 7 4 6 3 4 3 7 3 6 5 4 5
M[255] : 5 5 7 6 6 4 6 2 4 6 5 2 3 5 0 7 2 6 4 6 4 3 5 5 5 6 2 5 6 6 3 4 4 4 7 6 5 4 2 6 3 2 7 8 7 4 5 5 5 5 7 4 3 5 3 6 6
M[256] : 4 5 4 7 7 4 5 4 4 7 5 5 5 6 6 6 6 3 5 0 3 6 4 5 7 4 5 3 4 4 3 2 5 4 4 2 5 2 5 2 4 6 5 6 6 5 6 2 3 4 5 5 6 5 5 5 6
M[257] : 3 6 4 1 5 5 3 4 3 7 4 4 5 2 4 3 3 6 3 6 6 5 6 6 6 5 7 4 4 6 3 4 5 6 4 1 5 3 3 5 7 7 6 4 5 4 5 5 5 4 0 3 2 4 5 3 4
M[258] : 5 5 5 4 4 4 4 3 0 7 8 6 3 7 4 7 5 6 5 5 5 4 3 2 2 7 5 2 3 5 2 5 7 4 3 3 5 6 5 1 5 4 5 2 7 5 5 2 5 7 3 4 6 5 4 6 7
M[259] : 5 3 6 4 4 8 6 3 2 3 7 5 5 4 6 0 5 4 7 7 4 1 5 3 6 1 4 3 6 2 4 1 7 5 4 1 4 7 3 4 4 4 4 7 2 3 2 3 5 6 2 5 3 5 5 2 4
M[260] : 7 4 7 5 4 2 6 5 4 5 7 5 0 5 7 7 2 7 4 3 4 4 6 5 5 4 4 3 5 5 6 6 3 2 3 2 2 6 6 3 4 7 4 4 4 5 4 5 6 5 2 6 5 5 6 6 1
M[261] : 5 5 6 3 4 5 5 4 2 6 7 5 5 1 7 6 4 5 4 6 3 7 5 4 5 4 0 5 1 5 7 4 5 3 6 3 3 4 6 2 3 6 4 2 2 2 7 3 2 4 4 4 7 6 6 8 3
M[262] : 5 7 6 5 5 6 7 4 3 4 6 6 3 2 4 4 3 5 6 3 5 5 3 4 5 7 4 5 4 3 6 3 3 6 5 6 5 3 6 5 4 5 4 0 3 7 4 6 4 5 5 4 3 3 5 4 2
M[263] : 3 5 4 1 2 6 6 5 4 6 2 4 4 0 4 4 5 5 4 4 4 4 3 5 1 4 3 2 3 5 5 7 4 2 6 4 5 5 3 3 3 5 4 4 5 4 6 5 5 3 4 5 5 4 5 4 5
M[264] : 4 5 0 4 7 7 7 3 6 6 3 5 4 3 4 4 3 5 3 4 5 6 5 4 4 7 5 7 6 3 5 4 5 4 6 7 5 4 2 4 7 4 2 4 6 3 4 5 6 5 4 3 3 4 3 5 3
M[265] : 6 6 3 7 3 4 5 5 6 3 4 7 5 6 2 3 3 3 8 5 4 0 4 6 3 5 5 4 4 4 6 2 4 3 4 7 5 4 3 4 3 4 4 4 5 4 6 4 3 4 7 4 5 4 6 5 3
M[266] : 3 7 5 5 6 7 6 2 4 4 6 3 4 5 3 5 6 6 3 6 6 6 3 4 5 6 2 5 4 3 4 3 5 4 4 4 4 5 4 6 4 6 5 0 7 2 5 3 6 5 6 5 5 2 4 7 6
M[267] : 4 5 5 3 6 4 4 6 4 5 5 4 4 3 3 5 6 0 5 1 4 6 7 6 4 4 4 5 4 7 6 8 4 2 2 4 5 5 7 2 4 1 4 1 8 5 5 4 5 3 3 3 4 4 5 4 6
M[268] : 4 0 4 3 3 7 6 5 2 5 7 4 3 5 4 5 5 1 4 5 4 3 2 6 5 4 7 4 3 2 6 4 3 7 4 3 2 5 4 2 6 5 4 3 5 4 4 5 8 5 2 5 5 6 4 5 5
M[269] : 4 4 2 6 5 6 8 5 6 5 3 2 4 9 6 5 4 5 4 5 5 7 6 7 5 7 4 4 6 1 4 3 4 3 4 4 0 4 7 3 4 1 7 4 4 2 6 6 8 4 5 2 5 3 4 4 3
M[270] : 5 3 4 5 4 3 5 5 3 6 6 4 5 7 3 1 3 7 4 5 4 0 4 6 3 3 5 4 3 2 5 6 4 4 4 4 6 4 6 4 5 6 2 5 6 5 7 4 6 5 4 7 3 3 5 6 3
M[271] : 4 6 2 3 4 1 3 2 4 7 6 5 4 6 6 6 5 3 4 7 8 5 2 6 6 4 4 3 5 2 5 3 2 0 9 5 1 3 6 4 4 4 5 7 4 7 4 4 2 3 4 6 6 2 4 7 3
M[272] : 5 4 8 5 6 3 3 5 2 2 5 4 5 6 4 2 7 7 5 2 5 3 4 5 1 5 7 6 3 5 5 6 4 6 5 6 4 4 3 5 4 6 3 6 5 3 0 6 5 4 5 7 3 2 4 4 5
M[273] : 4 2 5 5 4 6 1 3 4 5 6 5 6 5 4 5 0 4 5 7 4 5 4 4 7 7 6 3 6 6 4 5 6 3 2 2 7 5 5 4 4 4 5 5 5 4 7 2 5 4 3 7 4 3 6 6 3
M[274] : 4 3 6 3 2 4 5 6 4 8 5 4 3 3 4 2 6 4 5 6 6 6 4 6 4 5 5 3 4 3 5 5 4 5 0 4 6 5 2 4 4 9 4 4 5 8 2 4 3 7 4 5 5 5 6 6 5
M[275] : 5 3 3 3 4 7 1 1 6 6 4 4 0 4 1 6 3 5 3 6 6 3 4 1 7 4 5 4 1 5 5 3 5 4 5 5 5 5 4 4 2 3 5 3 4 6 4 3 6 8 4 3 6 5 6 5 4
M[276] : 6 2 5 2 3 0 6 5 3 3 5 4 4 4 3 6 4 5 2 8 4 6 3 4 5 6 3 5 5 5 2 6 5 6 3 6 3 5 5 5 4 4 6 0 3 5 3 5 6 4 7 4 4 5 3 4 2
M[277] : 2 4 6 7 5 3 6 3 5 3 5 4 7 6 7 5 3 4 5 7 3 2 5 6 1 6 4 4 5 5 6 7 6 4 5 5 7 6 4 5 3 6 3 6 5 6 4 5 0 7 2 4 5 4 2 4 4
M[278] : 4 4 4 7 6 5 3 3 1 0 2 5 7 4 4 8 7 2 3 6 5 3 3 3 3 5 3 6 6 3 2 6 3 5 6 5 6 3 4 3 6 4 5 4 3 7 6 4 5 3 2 4 5 3 2 6 4
M[279] : 7 4 5 3 6 6 6 5 3 7 5 6 4 5 6 5 0 6 3 7 4 7 6 3 1 3 4 8 3 3 5 5 1 4 4 5 3 4 4 5 4 3 4 3 2 6 6 5 2 4 5 3 3 3 4 4 3
M[280] : 4 5 4 3 5 5 3 4 3 3 7 2 3 6 4 5 4 5 3 5 6 8 5 4 6 3 3 6 3 4 4 5 6 1 4 4 3 3 4 4 5 3 4 5 4 5 5 3 6 5 5 6 6 6 0 6 5
M[281] : 4 6 5 6 4 4 5 5 4 6 5 4 3 7 3 3 3 4 5 8 5 5 4 4 4 6 4 3 4 4 1 6 4 2 6 4 4 3 3 2 6 6 5 3 5 5 7 4 7 5 5 0 5 6 7 3 5
M[282] : 4 4 6 4 6 5 6 5 4 2 4 3 3 7 5 6 2 5 4 2 5 2 6 4 6 5 5 3 6 2 3 3 3 0 5 3 3 3 5 5 2 6 3 6 2 4 3 2 6 8 6 7 3 3 5 5 5
M[283] : 5 5 8 6 5 6 3 3 4 5 3 6 4 6 5 5 0 5 5 7 5 6 5 5 4 3 5 6 4 3 4 5 4 4 8 3 6 4 5 4 2 3 5 4 5 5 6 6 7 6 5 4 5 5 3 2 5
M[284] : 5 2 6 5 7 6 4 4 4 3 2 4 2 8 3 5 7 4 3 4 2 3 2 4 6 3 1 8 4 5 4 7 3 4 5 6 6 2 4 4 6 3 5 6 5 6 3 4 3 4 0 6 2 5 4 4 7
M[285] : 6 5 4 3 7 7 0 4 6 6 4 4 2 5 6 2 6 5 5 6 4 5 4 3 4 5 3 5 5 3 6 7 2 2 6 5 5 7 5 4 4 4 4 4 6 7 5 2 7 5 0 4 5 1 2 3 3
M[286] : 3 4 3 3 4 7 4 4 8 3 5 3 2 4 4 7 8 5 7 4 5 5 3 4 3 3 0 6 4 5 7 3 7 3 6 6 5 5 7 5 4 4 3 2 3 3 5 4 5 3 6 5 4 2 5 7 4
M[287] : 4 7 4 6 0 5 7 6 2 6 5 2 5 4 5 5 4 2 3 5 5 5 5 4 3 5 3 7 4 2 7 6 5 6 3 4 3 3 4 4 4 5 6 4 3 6 3 5 6 3 6 3 5 8 5 4 3
M[288] : 4 4 6 6 7 5 5 3 5 1 3 4 3 6 3 3 6 6 2 7 5 4 5 4 5 3 5 6 4 4 5 0 0 3 5 4 5 5 4 4 4 3 4 6 4 7 6 3 7 3 6 6 5 6 7 3 5
M[289] : 6 4 3 4 7 4 3 5 3 5 3 2 3 4 6 8 3 4 5 3 6 4 3 5 7 6 7 3 2 4 6 6 4 4 7 4 3 3 6 5 4 4 0 4 4 2 4 2 5 4 3 6 6 5 3 4 6
M[290] : 4 5 5 5 0 5 4 4 1 4 8 6 4 2 5 1 4 5 5 4 4 5 3 3 4 4 7 4 5 4 4 5 5 2 4 2 5 3 5 5 3 4 5 6 4 2 5 3 1 5 5 8 5 4 3 6 8
M[291] : 5 4 4 5 0 4 6 5 3 5 4 4 4 5 5 2 5 2 5 3 4 5 4 7 3 6 6 6 4 3 5 6 5 2 5 5 4 4 4 3 7 5 6 6 5 2 5 5 5 5 6 6 4 4 4 6 2
M[292] : 2 6 4 3 2 4 1 5 5 5 4 5 4 6 4 0 2 4 4 3 5 3 4 4 3 3 5 3 6 2 5 4 3 3 3 3 5 1 5 3 5 7 6 6 3 6 5 4 3 3 5 5 5 4 4 5 8
M[293] : 6 3 7 6 5 4 5 3 2 4 5 4 4 4 6 8 4 4 4 4 0 3 5 4 5 5 6 3 2 5 4 6 6 6 2 3 3 4 5 3 3 4 5 5 4 4 6 3 3 4 4 5 6 5 3 5 3
M[294] : 2 4 5 0 3 3 6 5 5 4 5 6 2 5 3 5 6 4 6 5 4 4 3 5 5 3 4 3 5 6 4 5 6 3 6 2 6 3 7 5 3 3 6 6 2 4 5 4 5 5 3 4 4 4 6 3 6
M[295] : 5 4 5 6 5 5 4 3 4 7 6 3 5 6 5 5 4 8 8 4 4 3 5 5 7 8 5 3 5 5 4 5 4 4 4 7 0 3 6 5 0 4 2 4 4 2 6 4 4 2 4 3 6 5 4 4 4
M[296] : 7 3 5 5 6 5 4 2 5 4 5 2 4 5 5 5 3 5 3 3 4 5 5 6 5 0 4 5 5 5 7 5 4 5 6 3 5 5 6 6 6 5 5 6 5 6 4 4 4 4 2 3 5 5 4 5 5
M[297] : 5 8 5 7 3 3 4 4 5 4 4 5 4 4 6 5 5 4 5 5 8 6 3 3 5 1 5 3 8 7 4 8 3 5 5 7 6 5 6 3 3 4 7 2 3 4 4 3 5 7 5 6 4 3 3 5 0
M[298] : 6 3 6 5 5 4 4 5 6 2 0 4 7 5 3 4 3 5 7 6 4 3 3 4 3 7 5 8 5 4 6 4 1 4 4 3 3 2 3 4 4 3 2 3 7 6 6 4 6 5 2 7 2 6 5 5 4
M[299] : 8 5 6 0 5 7 5 4 5 4 4 2 6 4 5 5 4 7 5 8 2 3 4 5 3 7 4 7 3 2 2 3 3 2 6 3 6 4 4 5 4 7 2 6 7 2 4 3 3 5 6 2 5 5 2 2 4
M[300] : 6 7 6 2 2 5 3 3 3 6 5 2 7 2 7 0 7 5 3 5 7 3 4 5 4 4 7 6 4 3 4 6 7 3 3 5 4 7 5 3 5 6 5 5 6 7 4 4 6 5 3 4 5 6 6 8 5
M[301] : 7 5 5 5 5 3 6 0 4 4 3 4 7 5 5 6 5 6 4 3 3 6 2 5 6 3 6 3 5 4 6 5 5 4 7 4 5 4 4 4 4 3 6 6 6 6 5 6 5 7 4 5 5 6 5 4 3
M[302] : 5 6 0 5 6 4 6 4 3 2 5 2 5 4 8 5 7 4 6 4 6 5 7 1 3 7 4 5 4 4 7 7 5 3 2 3 4 3 3 5 3 6 4 7 7 2 5 2 1 4 4 4 4 6 3 6 4
M[303] : 6 4 4 3 5 6 4 3 5 5 5 4 3 4 6 5 4 4 4 6 7 4 5 7 1 6 5 5 5 3 2 4 3 3 7 5 2 2 7 2 3 4 4 3 5 3 7 6 4 5 4 0 3 4 7 6 3
M[304] : 5 5 5 4 5 5 4 3 4 6 4 4 5 4 3 3 3 2 4 5 5 7 2 5 5 4 5 3 3 5 0 6 2 5 4 5 6 5 5 5 4 3 7 3 4 4 5 3 4 4 1 3 6 3 2 4 5
M[305] : 4 6 4 7 6 3 5 6 3 4 8 4 6 5 5 3 4 6 3 2 3 4 5 3 4 3 6 3 4 5 1 8 2 5 1 6 5 3 2 4 4 4 3 4 3 5 0 4 5 5 4 4 6 5 5 5 4
M[306] : 4 3 5 4 5 6 5 8 5 6 6 3 5 4 3 4 4 6 4 4 3 5 4 5 4 7 6 5 2 5 0 5 5 4 6 4 6 4 4 1 6 5 5 3 4 6 6 5 5 4 3 2 3 4 6 4 2
M[307] : 6 5 8 3 5 5 4 3 6 6 4 3 7 2 6 4 5 3 5 7 5 3 5 6 3 8 6 3 6 4 3 2 5 5 4 2 4 3 4 1 4 5 3 6 5 7 5 3 5 0 2 2 7 4 5 2 8
M[308] : 6 4 3 5 4 4 2 4 4 7 6 4 5 2 7 4 5 6 7 3 4 7 6 0 3 4 4 6 4 3 2 6 4 5 4 3 4 4 4 3 2 5 3 5 4 7 3 4 2 5 3 5 4 5 4 4 5
M[309] : 4 3 4 3 4 5 1 4 6 5 5 4 7 4 2 6 5 3 2 6 4 4 3 5 3 7 6 6 4 1 2 7 2 7 6 7 3 4 4 5 5 6 6 3 6 4 5 5 5 5 3 4 4 6 4 0 5
M[310] : 2 4 3 5 5 4 7 3 5 4 7 4 4 4 5 4 6 3 5 4 2 4 2 5 5 6 4 4 7 5 4 2 6 5 4 4 3 3 6 7 3 0 6 4 4 3 5 4 4 6 3 6 6 6 6 1 5
M[311] : 3 4 7 6 5 0 4 6 4 7 5 6 4 5 2 6 7 4 2 3 2 6 3 4 2 6 3 6 4 4 6 3 4 2 2 5 4 3 5 4 3 5 4 4 6 4 3 5 7 5 4 4 2 5 6 6 4
M[312] : 7 4 3 6 5 5 3 4 3 7 4 7 3 5 6 4 6 3 3 7 2 6 6 2 5 4 6 3 5 4 4 3 5 2 5 5 8 6 0 5 1 5 4 6 3 2 3 3 4 8 3 6 4 4 4 5 6
M[313] : 3 6 6 2 5 4 6 0 2 3 5 2 3 5 2 3 3 5 4 6 4 3 6 3 2 5 4 8 5 3 4 7 4 6 6 4 4 4 3 6 7 5 5 4 3 6 5 4 3 7 5 4 5 6 3 5 3
M[314] : 6 5 7 4 4 3 4 4 4 9 4 3 4 4 6 3 3 4 7 3 6 5 6 3 3 6 7 5 4 2 5 5 3 6 0 4 4 4 4 6 6 5 6 3 4 4 7 3 5 5 4 4 8 5 4 3 7
M[315] : 3 4 4 6 5 5 4 0 3 6 2 5 4 4 3 4 3 3 2 6 4 6 4 2 4 2 4 3 3 5 5 4 5 5 2 4 5 4 2 5 3 5 4 4 7 6 5 4 2 6 2 7 4 8 7 6 5
M[316] : 4 3 4 4 4 3 5 1 6 6 7 6 5 4 5 6 3 3 6 5 0 4 5 3 6 5 2 7 5 4 1 6 2 4 7 5 5 3 7 5 5 2 4 4 6 6 3 3 5 7 5 3 3 6 6 3 7
M[317] : 4 5 5 4 2 4 0 4 3 5 6 4 6 3 3 6 1 4 5 6 5 5 2 3 5 6 4 3 4 3 2 4 1 4 4 5 5 4 2 5 5 5 7 5 5 4 6 4 6 5 6 4 4 3 3 3 4
M[318] : 2 6 4 4 2 7 7 2 5 4 2 4 2 4 5 5 4 3 4 3 6 3 3 7 0 5 5 3 3 5 1 4 5 4 4 4 8 3 4 3 3 3 4 6 6 4 7 5 4 5 4 4 8 3 3 4 3
M[319] : 6 2 6 3 6 4 5 5 5 4 4 4 4 5 2 3 2 5 4 3 6 0 3 5 5 3 6 3 5 5 6 6 6 3 5 5 5 3 0 3 3 1 5 4 5 3 4 5 5 6 4 5 5 2 5 4 2
M[320] : 3 5 6 4 4 3 5 4 5 6 4 3 7 3 3 7 3 3 6 3 5 4 3 4 7 6 6 4 3 3 3 4 4 2 4 6 7 0 4 3 4 2 3 6 5 5 3 3 4 5 4 6 5 3 4 6 4
M[321] : 3 6 6 5 4 4 3 3 3 3 5 1 5 4 5 4 0 5 1 5 2 4 7 5 3 6 5 5 2 6 3 3 5 5 4 4 5 2 6 7 7 3 6 3 7 7 7 8 4 4 2 7 4 7 4 5 6
M[322] : 5 7 7 5 4 5 5 5 5 4 0 6 5 1 5 5 4 5 5 4 8 7 2 3 4 4 2 6 4 6 2 4 5 5 1 4 4 3 6 6 2 7 6 2 5 5 6 5 5 5 4 6 7 5 7 6 4
M[323] : 3 6 5 3 5 3 6 4 4 6 3 3 2 4 6 5 4 3 6 6 4 2 6 6 3 4 5 6 6 5 5 5 4 6 5 8 4 2 4 4 3 6 4 5 7 0 6 4 3 7 4 3 7 8 2 5 4
M[324] : 6 5 4 6 5 1 4 7 6 2 3 3 6 4 2 2 2 1 4 4 4 3 4 5 2 7 4 6 4 4 5 4 6 4 4 5 3 4 0 4 4 6 5 5 5 3 6 6 3 4 4 2 4 0 6 2 6
M[325] : 6 2 5 7 5 6 3 7 5 7 6 6 8 6 4 3 6 6 6 4 5 5 2 5 5 6 2 4 3 4 3 3 6 5 6 6 6 2 7 5 6 5 2 5 3 4 6 0 4 7 3 6 4 2 5 4 5
M[326] : 5 1 3 4 4 4 3 4 2 6 5 2 4 6 7 4 4 6 7 7 2 6 2 6 4 5 4 6 3 6 7 0 4 3 7 3 1 4 5 3 3 6 6 5 6 6 7 3 6 3 4 5 5 2 2 6 4
M[327] : 4 5 5 3 6 5 5 4 6 4 8 3 4 4 6 1 7 4 4 4 1 0 3 7 3 7 7 2 4 5 5 4 5 3 7 1 5 4 3 4 3 4 7 7 6 3 6 7 3 5 1 4 8 3 5 4 5
M[328] : 6 3 3 4 6 4 7 6 3 4 6 5 6 5 6 3 2 7 5 3 6 4 5 4 5 6 4 3 6 5 4 7 5 6 2 4 4 5 0 4 4 5 7 6 5 6 3 5 6 4 2 7 6 5 3 5 3
M[329] : 2 3 7 5 6 4 7 4 4 4 4 3 6 5 5 5 7 3 3 4 3 5 0 4 6 5 4 4 5 6 4 3 5 3 6 4 5 3 3 7 4 5 4 6 4 3 6 6 5 6 2 3 5 8 6 4 6
M[330] : 4 6 1 6 4 4 2 6 3 4 6 5 3 6 3 3 6 5 4 3 1 3 5 3 4 5 4 3 7 4 2 5 4 3 4 7 6 5 7 5 5 5 2 6 4 3 4 0 4 2 6 3 4 4 7 3 5
M[331] : 6 6 7 2 6 3 4 3 3 5 5 3 6 5 6 6 2 5 5 8 6 3 3 5 3 3 2 4 0 4 4 3 3 4 5 5 7 3 5 4 5 5 6 3 5 6 1 4 5 4 4 3 5 2 6 4 7
M[332] : 6 3 4 5 3 4 2 2 4 4 4 5 4 3 7 7 4 3 7 7 5 5 5 4 0 4 5 6 5 1 2 5 4 2 5 5 6 7 6 4 6 5 7 5 6 3 5 4 8 4 4 3 3 1 6 2 6
M[333] : 4 3 4 5 5 7 5 1 4 3 3 3 2 3 2 2 4 6 7 5 7 2 4 3 3 1 6 3 3 4 2 5 4 5 5 4 3 3 2 3 3 3 8 4 6 2 6 4 8 7 0 2 3 1 4 4 6
M[334] : 5 4 4 0 2 4 3 5 3 7 5 2 5 3 4 4 2 6 4 5 5 7 5 6 0 3 4 6 5 4 2 3 5 5 5 3 5 6 6 4 4 5 4 5 3 6 5 5 7 5 2 3 5 5 6 6 4
M[335] : 4 5 5 5 8 6 4 5 6 2 7 4 3 6 3 6 5 4 5 6 3 2 0 7 6 5 6 5 7 5 5 6 5 3 7 3 5 7 4 5 5 5 4 3 6 5 4 5 4 4 4 6 4 4 5 5 5
M[336] : 5 3 1 4 5 7 5 4 3 4 5 6 5 2 3 5 6 5 6 3 5 3 4 6 3 5 5 4 3 5 3 4 2 5 5 8 5 3 5 4 8 3 5 6 1 0 5 3 6 2 3 3 5 2 5 7 4
M[337] : 7 1 2 5 6 3 9 4 5 4 9 6 4 4 2 5 6 2 4 5 4 5 4 2 6 2 5 6 3 4 7 6 2 3 5 4 6 2 4 7 5 4 2 5 5 5 7 7 0 7 4 2 5 5 4 4 3
M[338] : 4 5 4 4 4 3 4 5 6 4 5 7 3 0 4 5 6 3 6 4 5 5 4 1 4 6 5 5 4 5 3 4 5 6 3 5 6 4 5 3 7 4 5 2 3 3 5 6 5 3 4 5 5 5 6 2 3
M[339] : 3 7 6 4 2 3 3 7 3 6 6 4 6 7 6 7 4 2 3 4 4 6 2 4 3 4 3 4 3 4 6 5 3 5 3 4 3 6 4 4 3 0 4 5 6 6 5 2 5 4 1 3 4 7 4 4 7
M[340] : 4 2 2 4 3 6 5 4 4 5 2 0 4 4 4 3 4 4 6 7 6 4 6 9 3 3 6 1 6 5 3 3 4 5 6 5 4 5 3 4 2 9 3 4 1 3 5 5 6 2 4 4 5 3 6 4 4
M[341] : 3 7 3 8 7 4 2 5 4 7 6 4 4 5 5 7 5 5 4 6 3 6 4 2 3 6 4 4 6 4 3 5 4 6 3 6 6 3 5 4 3 3 7 4 6 3 4 2 3 5 7 4 5 6 5 4 0
M[342] : 3 3 6 8 4 5 4 5 6 5 4 1 5 7 3 5 2 3 4 4 3 6 7 3 3 6 6 5 3 4 6 4 6 3 6 3 3 1 4 6 0 5 4 5 7 7 5 5 6 6 3 4 4 3 4 4 5
M[343] : 4 6 3 7 4 5 2 3 5 3 7 5 4 5 6 6 5 5 4 6 3 5 5 3 3 7 5 5 5 3 5 6 2 5 0 1 4 3 5 3 4 5 6 4 5 5 5 5 6 5 7 5 6 7 4 6 4
M[344] : 4 4 5 2 5 3 5 4 5 5 4 6 4 3 5 5 4 4 6 3 7 3 5 6 5 6 5 5 2 5 4 3 4 4 5 7 3 6 3 5 6 4 4 3 2 6 5 4 6 3 6 5 3 4 0 1 4
M[345] : 3 3 8 5 3 4 3 6 3 5 6 5 5 4 4 4 7 6 8 6 5 4 0 4 3 5 3 7 3 6 5 3 3 5 5 3 6 2 5 1 5 5 4 5 5 3 7 3 3 5 1 4 4 6 5 5 3
M[346] : 4 6 4 3 3 3 3 4 4 5 4 4 3 3 4 6 3 9 4 3 2 4 3 6 1 5 3 3 4 3 3 5 4 5 4 8 5 3 3 3 4 4 3 5 2 3 3 3 5 6 2 0 7 3 4 5 6
M[347] : 3 4 5 6 4 3 4 6 4 4 4 4 3 3 7 3 3 6 4 3 4 3 4 5 2 5 5 6 6 6 7 6 3 5 5 4 5 2 4 4 1 7 8 6 2 7 5 3 6 4 2 4 0 7 4 6 3
M[348] : 8 4 3 7 3 4 5 3 5 3 7 4 6 7 1 5 4 4 7 5 6 2 7 4 4 5 4 4 5 4 4 3 5 3 7 4 4 5 7 5 6 4 3 4 5 4 5 3 4 3 3 6 8 4 0 5 4
M[349] : 6 6 3 7 5 5 5 7 3 5 6 3 6 7 6 5 7 6 1 3 5 6 4 2 4 5 3 3 7 3 6 3 4 3 3 6 6 4 3 5 5 4 0 6 3 3 3 4 4 5 4 6 7 5 4 4 4
M[350] : 5 0 6 5 4 6 6 2 5 4 6 3 5 6 5 3 2 4 6 5 6 5 3 4 4 5 4 2 5 6 4 2 5 2 4 6 4 2 1 4 3 4 4 7 5 5 3 3 2 3 3 7 3 3 5 7 4
M[351] : 4 3 5 3 6 3 5 5 3 5 7 1 3 6 3 2 3 3 4 4 4 6 1 5 3 6 2 0 4 5 4 4 3 0 3 6 2 6 7 4 2 4 2 4 4 6 5 4 4 4 4 4 4 6 5 4 3
M[352] : 5 7 2 3 5 5 4 5 2 4 6 4 2 0 5 6 7 5 6 4 4 5 3 3 2 6 6 3 3 3 7 6 1 3 7 7 3 5 4 0 8 4 5 8 4 7 5 4 7 5 5 5 6 4 3 6 8
M[353] : 3 6 4 4 4 5 4 5 5 7 6 5 6 6 4 6 5 4 5 5 4 1 5 7 4 4 7 8 6 4 6 3 3 2 5 7 1 4 6 3 4 6 4 3 5 4 6 5 4 6 3 5 4 6 2 0 4
M[354] : 6 4 5 1 5 4 4 6 2 7 4 4 4 5 6 6 4 2 5 5 0 6 4 4 3 5 6 2 4 6 6 7 5 7 5 2 5 7 5 5 5 4 6 8 5 6 3 5 5 4 4 4 3 3 3 6 2
M[355] : 0 7 3 5 4 6 6 4 1 4 5 3 4 5 7 4 5 5 4 1 5 6 3 4 3 3 5 3 4 5 4 2 4 4 7 5 4 2 6 5 5 2 4 6 4 5 2 4 5 3 6 4 2 7 5 5 7
M[356] : 4 5 5 4 5 5 0 5 5 2 4 3 5 6 4 3 6 6 2 5 3 4 4 5 3 4 4 4 5 3 4 4 3 5 7 2 4 4 5 2 6 6 5 5 4 5 3 5 4 4 3 4 4 4 4 6 5
M[357] : 2 4 4 3 4 7 7 5 3 7 3 5 5 5 4 3 4 2 4 5 6 5 4 4 6 3 6 1 6 4 3 2 6 2 5 3 5 7 5 8 0 5 5 4 5 3 7 5 3 4 4 5 3 3 5 4 4
M[358] : 4 3 2 6 7 6 5 0 5 4 5 5 4 6 5 4 3 3 3 4 5 6 4 6 3 5 8 6 6 3 3 5 4 2 6 5 5 6 5 6 3 5 4 3 3 7 6 5 2 4 3 5 6 5 5 4 6
M[359] : 2 4 5 3 6 4 5 5 2 6 3 5 6 5 2 3 6 7 3 3 3 4 8 4 5 5 7 4 2 2 4 5 6 3 4 6 4 3 5 0 5 6 5 6 4 4 4 5 7 5 4 5 5 4 3 5 7
M[360] : 4 4 4 3 3 5 2 4 2 2 7 2 5 4 2 6 6 4 3 4 5 4 3 5 4 7 8 0 4 3 4 4 3 2 5 4 2 4 3 5 6 6 2 6 6 4 3 6 4 6 3 8 6 5 3 7 3
M[361] : 8 5 5 4 3 5 6 3 4 5 5 6 3 1 7 3 6 4 3 3 5 4 5 3 3 5 4 4 5 7 5 6 5 5 6 0 3 5 7 7 4 6 6 5 4 4 5 5 5 3 4 4 5 5 4 5 4
M[362] : 6 4 4 6 6 0 4 5 5 7 8 2 4 3 7 5 3 5 5 4 5 3 3 6 4 5 4 7 3 5 3 4 3 5 6 4 5 6 3 1 4 3 6 6 5 5 6 6 6 5 5 7 3 7 5 7 7
M[363] : 3 5 6 5 3 6 6 2 5 4 5 6 7 4 5 4 6 5 4 2 7 4 0 2 5 3 4 4 4 5 5 6 4 6 4 4 0 6 5 3 6 4 3 6 3 5 5 3 6 5 3 4 4 5 5 4 3
M[364] : 4 5 2 5 7 5 6 2 4 2 0 3 8 4 5 3 5 6 5 7 4 3 6 6 2 3 4 7 4 4 7 7 3 3 5 5 4 5 7 5 5 3 5 6 3 3 7 5 5 4 3 3 3 3 5 5 5
M[365] : 0 6 3 6 5 6 4 4 4 6 5 3 5 6 2 5 6 3 4 5 2 4 1 5 3 3 2 5 3 2 5 6 3 4 6 4 5 3 2 4 5 8 5 4 5 5 4 4 4 4 3 5 5 6 4 4 6
M[366] : 5 3 9 3 4 5 7 5 3 6 5 3 6 1 3 2 7 7 5 7 6 6 4 3 5 5 4 2 3 2 7 4 3 4 5 5 2 6 3 7 0 3 7 5 5 5 6 3 6 4 5 6 4 6 6 3 2
M[367] : 3 5 4 5 6 5 5 4 7 4 3 3 4 4 1 6 7 3 3 2 5 4 3 4 5 4 6 0 3 6 5 1 3 4 6 6 3 5 5 6 5 5 2 4 7 6 5 0 6 5 5 8 6 5 6 4 3
M[368] : 2 5 5 1 6 3 3 2 4 5 6 5 5 6 4 3 3 4 3 4 6 0 5 7 5 4 5 3 3 4 3 7 2 5 2 1 3 4 6 6 5 5 6 7 5 7 5 6 2 3 4 5 3 5 6 4 4
M[369] : 3 0 6 5 7 4 5 4 6 4 6 2 5 2 7 6 7 3 4 3 5 4 3 7 7 5 3 5 5 2 4 3 5 6 5 5 4 5 5 7 3 5 7 5 0 3 4 3 6 3 5 5 4 6 5 6 6
M[370] : 2 5 5 5 4 5 4 5 6 3 4 5 3 4 3 4 4 4 4 5 4 8 5 4 7 6 6 8 3 2 5 4 0 1 4 4 4 4 5 4 7 3 5 2 3 2 4 4 4 4 7 3 3 6 5 2 4
M[371] : 5 4 6 4 5 4 4 4 6 5 2 5 6 7 4 0 4 5 4 4 5 5 2 3 6 5 4 5 3 4 6 4 4 4 5 4 2 5 5 3 6 5 6 5 6 5 2 2 1 5 3 4 4 4 5 5 6
M[372] : 4 4 2 5 2 1 6 3 1 5 4 7 4 2 2 4 7 5 8 5 6 5 4 6 6 5 4 4 5 7 5 0 6 2 6 7 7 4 3 3 3 6 3 4 5 4 4 3 4 5 4 4 5 4 3 6 4
M[373] : 3 5 4 5 7 3 5 4 5 3 5 2 5 3 2 6 6 5 6 4 3 5 5 6 3 3 6 5 6 4 6 5 5 6 6 5 4 2 4 4 4 0 5 4 5 5 6 4 3 5 4 5 6 3 3 5 3
M[374] : 3 8 1 7 5 2 5 5 3 5 0 3 5 6 6 5 4 3 4 5 5 6 4 6 4 1 6 5 4 4 7 3 5 5 6 3 6 3 6 4 3 5 3 6 3 5 4 5 5 5 2 5 5 3 6 8 4
M[375] : 5 4 3 2 5 3 4 3 6 2 3 0 2 4 2 6 6 4 3 4 5 7 5 5 3 6 5 4 4 6 6 7 4 5 3 4 4 4 6 5 4 4 3 7 8 5 6 6 1 5 4 3 3 2 4 5 4
M[376] : 2 5 3 5 6 4 5 6 2 3 4 6 5 3 1 5 4 6 6 6 0 2 3 3 4 7 5 3 2 4 5 5 5 3 3 2 5 4 6 5 5 4 5 4 3 4 4 4 6 4 3 3 2 5 6 5 5
M[377] : 2 7 6 6 6 5 5 5 5 4 3 5 7 4 4 6 3 1 2 5 3 3 4 4 4 6 3 4 7 4 2 5 4 2 3 5 7 6 5 5 4 3 6 4 6 7 2 2 4 5 3 3 5 0 7 4 6
M[378] : 4 7 4 4 2 4 0 5 2 5 5 5 4 5 4 4 3 3 5 6 5 5 2 3 5 4 7 6 3 3 1 1 3 3 7 4 6 4 6 5 6 6 3 7 5 7 6 5 5 6 4 8 6 5 6 4 3
M[379] : 6 2 3 5 5 6 5 6 6 2 5 4 4 4 5 5 3 3 3 4 6 5 7 6 6 5 3 7 3 3 5 4 3 6 3 3 4 5 3 5 4 4 3 5 5 6 5 5 4 0 4 3 4 6 3 5 3
M[380] : 4 8 3 4 5 5 4 4 4 4 5 4 6 6 5 5 4 6 6 6 2 3 5 4 4 0 3 5 3 6 2 6 4 1 5 5 6 3 4 3 6 6 5 7 5 3 3 3 4 8 2 5 4 6 4 3 4
M[381] : 4 8 5 2 7 8 4 7 2 5 4 3 3 5 0 7 4 5 7 7 2 3 3 5 5 6 5 6 4 2 5 3 5 4 3 4 5 4 4 4 6 4 5 5 4 4 1 2 4 6 3 3 3 3 5 5 5
M[382] : 4 3 2 4 5 3 3 7 4 4 3 4 4 5 3 5 4 3 4 6 2 7 3 4 3 2 2 7 4 5 5 6 6 4 6 7 4 4 4 5 6 4 3 4 6 2 3 6 6 4 5 3 5 2 0 2 2
M[383] : 7 5 4 5 5 5 8 1 3 4 3 3 4 4 6 8 6 5 4 5 6 5 5 5 4 7 8 4 4 5 8 5 3 3 6 3 4 2 3 4 4 4 0 3 5 7 6 3 4 3 3 3 5 4 3 3 3
M[384] : 3 5 5 5 7 0 5 5 3 5 3 4 5 7 5 5 4 3 3 5 4 6 4 5 6 6 4 1 6 4 4 4 4 3 4 5 6 5 6 5 5 5 3 3 4 4 3 5 2 7 4 4 4 6 4 0 2
M[385] : 6 5 5 4 3 6 6 2 2 6 4 6 6 5 7 5 7 4 5 5 3 3 3 3 6 2 4 4 3 4 5 4 4 4 3 0 6 7 6 4 4 5 5 5 6 4 4 6 5 5 5 4 5 6 6 5 5
M[386] : 4 0 4 3 6 5 5 3 4 3 0 5 3 4 4 4 5 3 3 4 4 6 3 4 4 6 4 6 5 2 4 5 2 3 4 6 3 3 4 3 5 5 3 4 5 5 5 6 5 5 1 6 3 4 6 5 5
M[387] : 6 5 4 6 5 7 5 6 3 3 6 3 7 0 5 5 5 3 5 5 5 5 5 5 3 3 4 8 5 5 1 4 5 5 5 5 5 3 8 6 3 4 5 1 4 3 6 4 3 2 4 5 4 4 4 5 1
M[388] : 2 4 5 2 5 5 5 3 1 5 7 2 4 6 4 4 4 6 5 5 3 5 4 4 2 2 5 2 5 7 5 6 2 3 4 5 4 3 4 6 7 6 5 3 3 7 4 3 3 5 4 0 1 5 5 3 6
M[389] : 4 5 7 5 4 4 3 5 5 4 5 2 2 5 4 5 5 4 5 3 4 8 1 4 4 4 4 5 4 4 3 4 7 3 3 6 5 5 3 5 0 1 3 3 4 4 6 3 5 5 5 4 7 6 4 4 3
M[390] : 6 5 3 5 6 3 4 2 5 5 3 3 4 3 5 5 5 5 6 4 6 5 4 8 5 5 4 7 5 4 6 3 4 3 3 4 4 3 5 5 5 6 6 3 4 3 3 5 0 6 6 4 5 4 7 3 3
M[391] : 4 4 4 4 6 5 6 3 3 7 6 0 6 5 3 5 5 4 6 5 5 4 2 6 3 5 4 5 2 6 3 5 3 5 4 3 4 2 4 3 2 5 3 5 3 3 3 4 4 4 1 1 6 5 3 5 5
M[392] : 5 5 6 5 5 5 7 4 6 5 6 3 5 3 6 6 5 3 2 4 3 6 2 3 4 3 4 4 2 7 0 5 4 3 6 9 4 1 4 0 4 5 6 3 4 6 4 2 7 6 3 3 7 5 4 3 4
M[393] : 4 5 3 3 3 4 7 6 5 4 4 6 6 4 4 8 3 5 4 5 0 3 4 5 4 3 4 3 6 7 6 3 6 5 5 4 5 7 2 2 5 5 7 6 6 4 7 5 1 1 2 2 5 5 6 3 3
M[394] : 3 6 5 6 3 7 4 4 3 6 3 3 5 5 6 7 4 0 3 5 4 4 6 4 4 8 3 6 6 3 3 6 4 4 5 7 5 3 1 2 1 2 2 5 5 6 4 5 5 5 1 7 4 5 2 2 5
M[395] : 3 3 7 6 1 6 5 5 1 4 7 4 4 4 5 3 6 1 4 4 4 3 3 7 2 5 2 4 4 5 3 4 2 5 5 0 5 5 4 6 5 4 3 1 4 3 3 6 4 5 3 7 4 5 4 9 5
M[396] : 5 3 3 3 4 5 4 3 4 2 5 4 3 6 5 6 5 3 6 6 5 5 5 7 5 5 6 5 6 6 5 5 3 5 7 4 0 4 3 5 6 6 5 3 6 5 6 3 5 4 5 5 2 5 4 3 7
M[397] : 6 4 3 5 4 3 0 3 5 3 6 4 4 4 3 3 1 5 5 3 6 5 4 5 4 6 5 4 3 4 5 4 6 6 4 6 7 7 4 3 6 4 7 5 3 3 3 1 7 6 2 4 3 5 3 5 8
M[398] : 4 4 4 4 5 3 3 6 6 4 2 2 0 4 6 3 5 4 6 4 5 4 6 5 4 5 2 5 4 5 3 8 4 3 4 5 4 4 4 6 3 5 4 3 5 5 6 4 3 4 6 6 4 5 4 5 5
M[399] : 4 5 6 5 4 6 4 4 0 7 0 3 3 4 5 6 6 4 5 5 3 6 6 4 4 3 5 7 8 5 6 6 5 7 5 2 4 3 4 6 6 6 4 3 5 5 3 1 5 5 2 3 5 4 8 4 5
M[400] : 5 5 5 6 5 8 5 5 5 4 5 2 4 3 9 5 7 5 4 9 3 5 4 4 4 4 2 5 5 4 4 5 4 4 5 3 0 3 4 4 2 4 6 5 4 4 4 3 5 3 4 5 3 4 5 3 6
M[401] : 4 5 3 5 4 5 6 5 4 4 5 6 7 2 5 5 6 5 2 8 4 5 3 6 3 5 3 4 0 3 4 6 4 5 6 3 1 5 6 5 4 6 5 5 3 0 5 7 6 3 2 6 3 5 6 4 4
M[402] : 4 5 7 7 3 5 6 2 0 3 4 4 4 4 2 2 2 4 3 7 4 8 3 6 3 2 4 4 6 4 4 4 2 4 5 3 5 7 4 4 7 5 7 4 6 5 6 2 6 5 3 4 5 4 3 3 6
M[403] : 5 6 2 5 4 3 5 3 5 6 6 5 6 7 4 7 5 4 1 7 2 6 4 4 7 3 0 7 4 5 2 6 4 2 5 4 4 3 5 4 4 2 3 3 2 7 2 3 2 5 4 7 8 5 3 5 5
M[404] : 4 7 7 5 7 5 4 1 3 2 5 6 6 4 2 2 4 5 6 6 3 6 5 0 5 2 4 7 2 2 7 6 3 2 5 5 3 2 3 1 5 5 4 3 5 4 3 8 5 7 5 7 2 4 5 3 5
M[405] : 6 6 3 5 3 5 6 5 3 4 6 4 5 7 6 2 5 2 3 3 4 4 5 7 3 5 4 3 6 5 2 5 5 7 2 7 7 2 5 0 6 9 2 4 5 2 7 3 2 3 6 4 3 6 3 3 4
M[406] : 3 6 3 4 4 5 3 4 5 5 7 5 3 4 0 4 4 4 6 5 6 5 3 2 4 7 6 2 4 5 6 4 5 3 5 4 4 3 2 6 6 5 4 3 6 7 5 2 4 6 2 5 6 7 3 5 6
M[407] : 5 3 4 6 4 4 6 4 5 5 7 4 3 5 4 3 7 4 6 6 4 5 5 4 4 6 6 3 5 4 8 1 6 5 2 4 0 7 5 3 4 3 4 3 5 3 4 4 5 4 5 5 2 4 2 5 5
M[408] : 4 6 2 4 4 3 4 7 2 5 4 2 6 2 5 5 3 6 5 2 3 2 4 4 0 4 4 5 6 4 4 4 5 4 7 2 3 5 5 4 4 5 3 5 6 4 4 5 2 5 5 3 7 3 3 3 6
M[409] : 4 6 7 7 3 4 3 6 4 6 6 0 8 4 6 4 6 4 8 7 7 7 6 4 5 4 4 4 5 5 6 2 7 5 2 5 4 4 5 6 4 3 4 5 4 7 4 3 6 6 5 3 5 5 6 4 5
M[410] : 6 5 7 2 4 0 6 4 5 6 3 5 5 4 2 7 2 4 6 7 4 5 4 4 6 2 7 3 3 2 5 5 4 5 2 4 4 5 6 6 2 7 4 5 6 3 4 6 4 4 4 7 6 7 3 7 3
M[411] : 4 4 4 2 4 3 4 5 4 7 1 6 8 3 4 6 4 6 4 6 4 5 4 6 5 3 2 5 5 4 2 3 4 3 5 7 7 4 2 3 5 5 0 7 5 6 5 5 4 6 2 5 5 4 3 5 6
M[412] : 7 3 4 6 2 3 4 7 4 7 5 2 3 4 5 7 4 3 5 3 3 2 2 4 3 3 2 7 5 6 7 6 3 3 3 4 5 4 2 5 4 5 2 6 5 0 3 6 3 6 3 4 4 5 3 4 5
M[413] : 6 2 5 4 4 3 3 5 5 5 4 6 4 4 3 5 6 5 3 4 4 4 6 5 5 3 5 6 6 0 6 3 5 5 3 6 5 3 5 2 1 7 5 5 6 6 7 4 5 4 5 2 4 6 5 5 6
M[414] : 1 6 6 6 5 4 3 5 2 3 4 4 4 5 8 5 4 3 3 3 3 5 5 1 6 7 3 4 4 3 5 5 4 3 3 4 5 2 5 7 5 5 5 0 3 5 4 5 5 4 6 5 7 4 4 4 6
M[415] : 5 5 6 6 3 7 4 5 2 1 4 6 4 6 5 3 6 5 4 5 3 0 1 6 3 4 6 5 2 2 7 5 4 4 2 6 3 3 5 4 3 7 5 5 6 2 3 5 1 7 5 5 5 3 2 4 4
M[416] : 6 8 3 5 3 5 4 3 4 4 1 3 6 5 5 5 4 7 5 6 5 4 3 0 3 7 5 7 6 5 3 4 5 3 5 4 4 2 7 4 7 3 3 3 5 6 7 5 6 4 3 6 5 5 7 7 4
M[417] : 5 1 4 1 2 3 4 5 5 4 7 4 4 4 4 6 6 6 3 4 4 8 6 8 5 2 6 5 4 4 4 4 6 4 5 4 4 6 4 4 2 3 6 6 5 5 6 0 3 4 3 5 3 6 3 4 7
M[418] : 4 4 6 5 4 3 6 4 5 4 4 5 4 6 3 6 4 5 4 6 7 2 0 4 2 4 3 3 6 3 4 4 7 3 4 4 5 4 7 6 4 5 3 3 4 5 3 4 6 4 5 4 6 5 5 3 4
M[419] : 3 3 6 5 6 6 4 6 5 3 4 0 4 4 5 6 5 7 3 6 7 4 4 3 7 4 4 3 5 5 4 2 5 3 7 6 1 3 4 6 4 5 4 5 5 6 6 8 5 2 3 4 6 7 5 6 6
M[420] : 6 7 5 6 0 6 4 4 3 3 6 4 7 4 5 2 4 6 6 5 6 3 5 5 5 5 4 5 6 3 6 5 2 4 5 2 5 4 4 2 9 5 2 5 6 2 3 5 4 6 4 5 4 5 5 6 4
M[421] : 5 4 6 7 6 3 6 3 7 4 3 4 8 4 2 5 4 6 4 7 6 6 3 3 4 5 4 2 5 4 6 8 5 3 4 6 4 7 1 3 3 5 6 5 2 5 4 4 4 4 1 4 0 4 2 6 5
M[422] : 6 4 7 4 5 4 6 7 7 6 6 8 5 5 4 4 6 7 3 6 3 2 3 2 5 3 4 5 5 5 5 5 3 2 5 2 5 1 4 5 2 4 5 4 4 5 3 6 6 3 4 6 2 5 7 7 0
M[423] : 5 3 1 7 4 6 4 4 4 4 2 3 3 4 5 5 3 4 4 5 3 4 6 3 7 6 5 5 4 3 5 3 4 4 6 6 4 4 3 6 5 5 5 7 6 3 5 5 2 4 3 3 0 6 7 5 5
M[424] : 3 4 7 4 4 7 4 4 2 3 4 6 4 5 3 3 7 5 7 7 8 2 4 3 5 5 3 4 3 4 4 2 2 0 6 7 5 4 4 6 4 4 6 3 6 5 7 5 5 7 3 1 5 5 4 4 5
M[425] : 6 1 6 0 6 3 5 3 4 4 7 2 3 4 5 5 5 4 4 4 3 4 4 3 6 4 3 4 5 3 5 4 5 3 4 4 5 5 2 4 5 3 5 1 5 5 5 5 5 2 3 5 6 6 7 7 4
M[426] : 5 8 4 3 5 4 4 1 4 5 4 4 6 4 3 4 6 3 4 4 0 3 3 5 5 6 4 8 6 3 4 3 6 4 6 6 5 4 5 5 4 6 3 2 2 3 5 3 6 3 3 6 5 5 6 6 7
M[427] : 5 5 4 6 5 7 5 0 3 4 4 5 7 6 7 5 7 6 6 7 5 3 3 6 5 5 4 3 1 4 7 5 2 3 4 6 8 1 5 5 2 6 5 1 6 2 5 4 6 3 4 4 6 4 4 6 5
M[428] : 4 1 8 5 5 5 5 6 7 5 5 4 5 7 4 6 6 3 5 6 4 6 5 3 5 1 6 7 4 4 4 5 3 4 8 6 5 4 3 4 1 6 6 8 4 6 0 2 7 3 5 8 4 5 6 7 4
M[429] : 3 4 5 6 4 5 3 4 6 6 4 6 5 7 8 4 4 5 6 0 5 5 3 6 3 3 7 3 3 4 6 6 3 6 5 5 6 3 4 4 6 5 6 5 3 7 6 2 2 8 5 5 4 4 2 4 7
M[430] : 4 4 4 5 4 4 4 4 4 3 6 4 2 5 2 7 5 4 4 4 4 2 3 4 3 5 2 0 3 2 8 5 6 5 5 4 5 3 4 7 4 5 3 5 5 3 5 4 4 5 2 4 4 3 7 5 5
M[431] : 3 1 4 5 3 5 4 3 1 3 6 6 7 2 2 7 1 5 6 5 6 5 5 5 3 5 6 4 5 6 3 5 4 4 5 7 5 4 0 3 6 7 4 3 4 3 3 4 7 5 2 3 3 2 4 5 5
M[432] : 4 5 4 5 3 6 6 4 2 7 6 6 0 5 6 4 7 5 3 5 4 5 4 4 5 4 3 5 5 3 5 6 3 5 5 6 5 2 6 4 7 6 5 4 6 5 5 4 4 5 4 3 3 3 7 4 4
M[433] : 4 3 4 7 8 2 6 4 5 3 2 5 2 4 6 3 4 3 1 2 4 4 2 4 6 7 7 5 4 6 7 6 5 3 5 6 0 3 7 5 5 1 2 5 5 6 4 5 7 4 3 6 2 5 4 4 6
M[434] : 4 4 5 5 5 2 8 7 4 5 6 4 4 5 4 6 6 7 2 3 5 5 3 5 5 5 5 6 5 3 7 5 5 5 5 5 6 5 5 6 5 6 6 3 7 2 4 5 6 2 6 0 4 5 5 3 3
M[435] : 5 5 8 4 5 5 6 3 4 8 4 6 6 2 4 1 5 4 3 4 3 4 3 7 4 0 5 6 6 6 9 2 5 3 5 4 3 2 2 4 7 4 3 6 2 4 6 6 4 4 6 5 6 5 6 7 4
M[436] : 4 7 5 7 2 5 5 3 3 7 5 6 5 5 4 6 3 2 7 8 4 2 5 6 3 7 6 4 5 5 7 1 6 4 5 5 6 2 1 6 5 6 4 3 5 7 7 4 4 4 4 2 4 5 3 4 0
M[437] : 5 5 0 5 3 4 5 6 7 4 4 4 3 5 6 3 4 6 4 8 4 6 4 2 3 5 5 7 4 4 6 4 5 3 6 6 5 4 5 5 4 6 6 4 5 4 4 4 4 4 1 7 3 5 2 5 6
M[438] : 5 6 5 3 6 5 5 3 2 5 4 2 6 3 6 4 3 0 3 3 5 4 4 7 6 3 5 2 4 6 8 5 3 4 4 3 4 3 6 7 7 4 3 5 3 4 6 5 3 5 3 6 5 4 3 5 5
M[439] : 8 3 5 6 7 5 8 5 6 7 2 3 6 4 8 2 6 5 8 5 5 7 5 4 4 5 5 5 5 2 6 5 5 3 4 0 6 6 2 4 4 6 6 4 8 6 5 3 1 5 4 7 4 5 5 3 6
M[440] : 6 6 4 5 3 5 3 5 3 4 4 3 8 5 7 5 6 8 4 5 5 6 4 3 4 7 1 3 0 4 3 4 2 3 5 5 7 4 4 4 5 6 7 5 5 8 4 5 7 4 4 3 7 5 7 6 5
M[441] : 4 5 3 5 7 4 7 4 2 5 2 1 7 6 5 6 4 5 5 4 6 2 3 5 1 5 3 5 2 6 6 5 6 5 5 4 3 5 7 5 0 4 4 6 4 5 4 5 6 7 6 6 3 7 7 6 5
M[442] : 3 3 4 3 1 4 5 2 3 5 4 5 4 6 5 3 5 3 6 7 5 4 0 5 4 4 7 2 3 5 3 4 5 4 5 6 4 5 7 3 5 5 6 6 7 2 4 5 5 4 5 5 0 2 6 7 5
M[443] : 4 4 6 4 0 7 3 2 2 6 3 5 0 4 3 3 4 5 6 4 6 4 4 5 5 5 2 1 5 4 5 5 4 6 0 4 8 4 5 5 6 4 4 4 3 1 8 5 7 3 4 2 2 6 7 5 2
M[444] : 3 2 5 6 6 5 2 4 6 3 5 3 4 1 3 4 4 8 7 5 8 5 4 6 0 5 4 3 3 4 5 0 7 3 5 4 6 6 7 3 7 6 6 5 5 6 3 4 6 6 5 5 3 3 5 5 5
M[445] : 6 6 2 5 8 7 3 4 6 7 6 5 5 6 5 5 4 4 6 7 3 5 3 0 5 5 5 3 3 5 4 4 3 2 3 7 6 3 4 5 3 5 4 3 4 6 4 4 3 3 4 3 5 3 5 5 4
M[446] : 5 4 4 5 5 3 4 3 3 4 6 3 7 7 4 2 7 4 2 6 3 5 4 4 5 3 5 6 4 6 4 5 5 5 5 2 4 5 4 5 8 3 3 4 3 7 5 3 5 7 2 4 7 2 5 0 5
M[447] : 5 5 5 6 2 7 4 4 4 5 6 4 5 6 2 4 4 6 5 2 5 4 2 3 3 7 6 5 6 6 6 6 5 5 6 6 2 5 7 3 5 7 4 5 4 3 2 6 3 4 6 7 4 3 0 4 4
M[448] : 5 5 3 0 6 4 5 5 5 4 3 4 5 5 3 3 4 3 3 6 5 3 4 7 7 4 4 5 5 3 6 7 3 5 2 5 5 3 7 5 4 6 4 3 5 3 3 7 4 5 3 2 7 7 3 5 5
M[449] : 5 2 3 2 0 6 2 6 5 4 4 3 6 3 3 6 7 6 6 5 5 4 2 5 2 5 3 5 1 4 6 3 4 5 2 4 7 3 6 4 4 6 7 2 4 6 4 5 6 7 5 6 5 4 5 7 3
M[450] : 4 2 5 7 4 3 5 6 1 2 4 4 2 6 7 4 5 2 4 4 5 3 3 2 6 4 7 3 3 5 5 5 3 1 6 6 6 5 4 0 6 6 5 5 1 7 6 5 6 5 4 5 3 1 5 7 3
M[451] : 4 4 4 4 6 5 0 5 6 6 5 5 5 6 3 6 5 6 3 3 7 6 5 5 4 4 4 4 5 2 4 4 4 0 3 4 5 3 4 5 5 5 6 4 6 5 6 3 4 2 2 4 5 2 5 2 5
M[452] : 3 3 7 4 3 3 3 4 3 5 5 4 2 2 4 3 3 4 6 3 2 0 3 5 4 4 9 6 6 3 3 6 6 5 5 4 5 5 4 5 4 4 5 3 4 4 5 4 3 3 3 6 5 5 6 3 4
M[453] : 5 5 6 0 5 4 5 3 6 3 5 5 4 6 6 5 5 4 6 4 4 7 3 2 3 6 3 2 3 7 6 5 5 3 6 5 7 4 4 4 4 6 4 4 3 4 4 2 5 4 6 5 5 8 6 3 6
M[454] : 5 4 3 6 5 3 2 6 5 5 7 7 6 6 6 6 4 4 3 4 5 5 5 4 5 4 5 7 6 4 5 5 6 6 5 4 4 5 4 5 7 3 2 6 1 5 6 3 5 0 5 6 4 5 3 4 6
M[455] : 5 3 5 5 6 3 6 4 3 5 4 5 4 5 4 3 8 5 3 7 4 3 3 5 4 5 6 0 4 4 4 8 5 5 2 4 4 4 4 3 6 5 5 3 6 6 2 3 5 5 5 4 6 3 6 6 3
M[456] : 3 4 6 3 1 2 6 3 2 5 5 3 4 5 4 6 6 7 7 3 6 4 3 2 3 4 7 2 6 5 5 6 4 3 6 3 5 6 7 4 5 2 6 6 5 0 6 2 1 4 1 2 7 4 6 5 7
M[457] : 4 5 5 7 3 5 5 3 5 4 3 4 6 4 5 4 3 5 5 6 6 4 3 3 5 5 5 3 5 3 3 7 5 4 3 1 0 6 3 7 5 5 5 6 4 6 4 3 4 6 5 4 4 5 5 4 4
M[458] : 7 6 5 1 6 3 3 4 4 5 4 5 3 3 4 7 5 6 4 7 5 5 0 6 4 6 5 1 6 3 4 5 5 4 2 4 7 5 4 3 7 4 4 7 5 5 3 3 4 7 7 4 4 5 5 3 4
M[459] : 5 6 6 5 3 3 5 3 3 6 6 4 6 5 5 2 1 4 4 4 5 4 5 4 2 7 3 4 3 3 0 4 3 3 3 5 6 3 3 4 4 6 4 5 5 4 4 3 3 3 4 6 5 4 5 2 5
M[460] : 5 7 3 4 4 2 3 5 5 3 5 4 4 3 6 6 5 4 4 4 4 2 5 4 4 5 5 5 3 4 4 4 5 2 5 3 3 2 4 4 4 5 3 6 4 5 7 5 4 6 1 4 5 4 0 2 3
M[461] : 4 0 7 4 3 6 5 2 3 8 6 4 3 3 5 5 4 5 3 4 4 7 3 3 4 3 6 8 6 6 4 6 3 2 3 4 5 5 2 6 6 6 5 6 5 5 6 2 3 4 6 3 2 6 6 4 6
M[462] : 4 4 6 2 7 3 5 4 7 7 2 6 4 6 4 4 5 4 0 5 6 3 4 7 4 4 2 5 3 4 4 4 1 4 5 6 6 5 3 3 5 7 3 5 5 4 6 5 3 8 2 1 4 5 5 4 4
M[463] : 3 4 4 4 6 3 6 2 4 5 5 4 3 3 3 3 3 7 4 4 0 3 7 3 4 4 4 3 5 3 6 2 3 5 5 4 4 4 4 3 6 6 5 5 3 7 5 5 2 6 4 6 4 5 5 5 6
M[464] : 4 5 3 2 5 4 6 5 4 2 5 5 5 6 3 7 3 8 4 2 4 7 7 2 3 7 6 5 4 2 4 4 5 1 7 5 2 5 5 5 6 0 3 3 3 6 3 5 5 4 4 6 5 3 4 5 4
M[465] : 6 4 6 4 2 4 6 4 3 0 4 5 7 5 3 5 7 6 5 8 5 5 5 2 3 6 4 3 2 5 5 5 2 2 6 3 4 6 6 2 3 5 5 6 6 5 3 6 5 4 5 6 5 6 4 6 5
M[466] : 4 3 6 2 5 5 6 5 4 4 5 1 5 6 6 5 6 5 6 3 5 6 4 4 4 5 0 3 4 4 4 5 4 6 4 2 6 4 6 7 3 6 6 5 5 5 5 6 6 7 3 5 5 3 3 5 7
M[467] : 6 4 4 5 5 0 3 4 4 6 6 4 5 4 4 5 7 5 5 4 4 2 6 7 2 2 4 7 6 4 5 5 4 5 4 6 7 4 5 5 5 1 3 6 8 5 3 4 5 8 5 4 7 3 3 6 4
M[468] : 4 5 5 4 4 7 6 4 8 3 7 0 5 5 4 3 6 2 5 8 3 3 5 6 5 5 8 3 5 6 5 4 4 6 4 4 5 4 6 3 4 2 4 4 3 3 5 5 6 5 5 3 2 4 5 5 8
M[469] : 5 5 5 6 5 5 4 3 5 3 4 5 5 3 3 7 6 6 2 3 4 4 2 5 2 6 0 3 2 2 5 6 2 3 5 4 6 7 5 6 4 7 4 5 6 6 5 4 4 4 4 6 7 3 5 5 5
M[470] : 4 5 5 3 5 6 4 3 5 4 7 3 7 6 6 6 4 3 4 4 4 5 4 6 4 5 5 2 4 5 6 6 6 5 6 6 3 7 6 3 5 5 4 7 3 4 3 7 8 0 6 4 3 5 5 5 3
M[471] : 3 5 6 5 6 3 4 3 5 5 5 2 2 6 4 6 7 5 2 5 7 5 5 7 4 4 6 0 5 2 3 6 6 5 5 3 6 4 4 2 4 6 3 5 7 6 5 3 7 6 6 5 3 3 4 8 3
M[472] : 6 6 6 5 5 6 3 4 0 5 3 4 5 7 5 3 7 4 5 5 2 4 4 5 2 5 4 2 6 4 5 3 5 4 4 6 5 5 3 1 3 7 3 4 4 5 5 6 6 3 5 2 4 4 4 4 6
M[473] : 6 5 6 5 7 6 3 5 4 6 6 2 3 4 3 6 5 3 6 8 4 6 4 1 5 4 2 4 7 7 4 6 5 4 4 4 4 3 3 3 7 6 0 6 4 5 4 3 3 2 7 4 5 4 4 6 6
M[474] : 6 6 6 4 6 8 4 5 5 4 7 2 5 5 3 3 4 6 4 7 3 3 3 8 6 5 6 6 6 3 5 4 5 3 5 2 4 6 6 3 4 3 4 4 6 6 7 5 5 3 4 0 3 5 4 1 1
M[475] : 4 2 5 6 4 6 4 4 2 2 5 5 3 5 7 3 5 4 5 6 3 8 3 6 5 3 5 4 5 7 2 5 6 3 2 6 6 5 5 0 7 6 4 7 5 8 3 6 6 5 2 3 4 7 6 3 7
M[476] : 2 5 5 4 2 4 7 4 5 3 6 4 5 4 6 6 6 5 3 0 8 4 6 6 2 3 6 4 2 5 2 8 7 5 4 2 6 1 6 3 6 2 6 3 5 5 3 1 4 4 5 4 3 4 2 5 6
M[477] : 5 4 2 6 3 5 7 6 2 5 3 5 4 0 5 5 2 6 5 5 5 6 4 4 4 5 3 4 2 4 4 5 3 3 5 3 6 3 3 3 4 8 3 6 5 4 4 5 5 4 5 4 4 4 5 6 6
M[478] : 0 4 6 4 3 4 7 3 6 6 6 3 4 3 3 1 3 6 4 6 3 2 3 5 4 8 1 4 5 4 2 4 4 4 8 8 7 2 3 3 4 3 8 6 2 5 6 5 6 7 4 6 1 5 6 5 6
M[479] : 5 5 4 5 5 6 4 3 3 3 2 7 6 2 4 4 6 5 5 5 6 4 5 4 2 6 3 4 4 3 5 5 7 5 3 9 4 0 6 8 7 5 4 6 5 4 4 5 5 7 6 5 4 4 6 2 6
M[480] : 4 5 6 4 4 6 4 5 5 4 5 4 4 3 5 8 5 2 4 5 7 6 3 4 5 4 6 8 5 5 6 5 3 5 3 7 6 0 5 5 6 6 4 6 4 4 5 5 4 4 3 4 5 6 4 2 3
M[481] : 5 4 7 2 4 5 5 6 2 5 2 4 5 2 7 1 3 2 5 4 6 7 3 4 4 3 4 5 2 1 2 5 6 1 5 5 2 7 6 4 6 4 3 5 3 3 4 0 4 4 4 4 5 6 5 6 2
M[482] : 3 5 4 6 8 4 4 3 5 5 3 5 0 2 6 4 5 7 4 5 6 5 5 5 2 6 5 4 6 5 3 3 4 5 6 4 7 5 5 2 7 3 4 5 5 3 6 3 5 5 3 4 4 8 5 6 3
M[483] : 4 5 5 3 3 2 0 5 4 6 5 5 4 4 6 2 5 4 5 4 4 3 4 3 4 6 4 3 4 4 5 3 3 4 3 5 6 5 6 3 7 6 3 5 4 5 5 4 6 3 3 7 4 3 2 2 4
M[484] : 4 3 5 4 5 4 4 4 4 4 4 3 4 5 4 3 5 3 5 4 6 6 5 5 3 3 4 5 2 5 2 6 4 3 6 6 3 2 4 3 5 4 8 2 7 6 6 2 4 0 0 4 4 6 5 5 5
M[485] : 4 4 3 1 0 3 4 5 5 3 5 4 6 2 4 3 7 6 5 5 4 5 4 6 3 7 3 5 3 6 6 7 4 2 7 5 4 4 4 4 3 7 5 3 7 4 5 4 5 4 4 5 4 7 4 5 5
M[486] : 3 6 6 3 4 4 5 3 4 0 6 5 8 6 5 6 2 7 6 3 3 2 5 3 5 7 5 4 6 5 5 5 3 3 7 1 4 4 6 5 4 5 7 5 4 5 5 3 5 6 3 2 3 3 5 5 5
M[487] : 5 4 5 6 4 5 2 5 6 0 4 1 5 3 4 2 5 6 7 2 7 4 1 6 4 6 3 5 5 3 6 5 4 5 5 8 5 4 2 4 5 6 4 3 4 7 5 3 4 6 6 5 3 2 5 7 6
M[488] : 5 8 5 7 5 5 3 4 4 6 5 6 4 2 5 5 3 4 4 3 7 5 4 1 2 4 6 5 4 4 6 5 5 4 5 7 5 2 6 3 5 4 4 6 3 3 6 5 7 4 3 6 7 4 2 0 6
M[489] : 4 2 4 4 7 2 6 5 3 4 2 4 6 4 5 4 4 7 4 5 6 6 6 3 5 0 3 4 5 2 4 3 2 2 6 1 5 3 5 4 4 5 7 5 5 3 6 3 4 2 3 5 6 6 6 1 5
M[490] : 4 6 7 4 6 4 3 7 4 6 5 3 1 6 4 5 4 7 5 4 0 5 4 3 3 4 5 5 3 6 3 1 4 5 4 2 4 6 5 4 3 4 2 4 4 3 4 4 3 5 5 5 6 4 4 4 2
M[491] : 4 7 4 6 7 5 3 2 0 3 5 7 4 6 5 5 7 3 3 1 4 5 4 6 5 6 4 6 5 5 5 5 5 2 4 6 7 4 4 5 5 4 4 6 5 4 4 0 7 6 5 3 2 3 3 7 4
M[492] : 5 5 4 6 2 4 6 6 1 4 3 2 5 5 6 2 8 6 6 1 7 4 4 5 4 7 4 4 5 5 5 2 5 5 0 3 4 5 4 4 4 4 6 5 6 6 5 5 5 4 6 4 6 5 4 4 4
M[493] : 5 2 8 7 2 4 3 2 5 5 2 5 2 4 4 3 5 1 4 0 4 4 5 4 3 5 4 4 4 3 4 5 5 6 5 5 5 4 5 3 7 5 6 2 4 4 3 4 3 6 3 2 6 5 4 3 3
M[494] : 6 6 5 5 4 6 7 5 3 4 7 5 6 3 7 4 4 3 7 5 4 4 5 5 5 4 4 2 5 4 5 4 5 0 4 3 5 4 6 3 6 4 5 4 2 5 3 3 6 8 5 2 5 5 5 4 6
M[495] : 5 3 2 5 5 7 5 6 4 5 7 5 4 8 5 6 5 5 0 5 1 3 4 5 3 5 3 5 3 4 4 6 4 3 5 6 6 5 5 5 3 4 4 3 3 7 4 7 6 5 3 5 4 7 3 5 4
M[496] : 4 0 5 3 4 5 6 6 6 3 5 6 3 7 6 3 4 6 2 6 5 3 2 7 4 2 4 3 4 4 3 5 2 6 4 4 3 3 4 2 5 5 5 4 3 2 4 5 2 4 3 4 4 3 2 5 5
M[497] : 4 4 2 6 5 2 3 3 3 6 5 6 3 3 8 4 4 3 0 4 6 6 5 3 4 4 6 2 3 3 3 6 2 5 6 8 5 4 6 4 6 5 8 6 6 4 4 2 2 5 5 1 4 6 4 3 4
M[498] : 4 6 6 5 4 3 2 4 2 1 4 6 6 5 0 3 7 5 5 5 2 3 4 5 5 5 2 2 3 4 5 4 5 5 5 8 7 0 1 5 5 5 5 3 4 4 4 3 4 6 3 4 6 5 5 4 1
M[499] : 4 6 5 6 5 5 2 2 0 4 6 5 5 5 2 4 3 4 5 2 4 4 5 3 5 5 4 7 3 5 6 7 5 3 7 4 4 1 2 2 4 5 5 4 6 4 3 3 4 5 2 4 6 6 5 6 4

