 Execution de l'algoritme BITS sur le fichier dsjc250.5.txt
=====================================================================
 Partitions  : 
Vk[0] : 158 139 50 72 171 143 214 238 -->  8 éléments.
Vk[1] : 43 55 192 30 188 189 22 21 -->  8 éléments.
Vk[2] : 199 232 148 144 211 242 13 53 -->  8 éléments.
Vk[3] : 218 227 64 130 76 243 9 103 -->  8 éléments.
Vk[4] : 61 161 175 124 117 196 215 -->  7 éléments.
Vk[5] : 128 220 226 36 62 141 212 247 -->  8 éléments.
Vk[6] : 176 77 219 99 67 168 138 44 -->  8 éléments.
Vk[7] : 164 213 80 186 86 166 223 81 -->  8 éléments.
Vk[8] : 82 137 207 173 58 127 132 51 -->  8 éléments.
Vk[9] : 60 33 230 31 162 0 90 24 -->  8 éléments.
Vk[10] : 23 26 114 37 94 174 146 25 -->  8 éléments.
Vk[11] : 116 102 154 142 5 63 14 -->  7 éléments.
Vk[12] : 169 83 145 70 29 153 140 -->  7 éléments.
Vk[13] : 159 204 133 210 113 19 246 200 -->  8 éléments.
Vk[14] : 74 10 6 160 88 249 184 57 -->  8 éléments.
Vk[15] : 20 3 75 8 245 236 126 59 -->  8 éléments.
Vk[16] : 216 41 231 152 95 120 121 -->  7 éléments.
Vk[17] : 1 98 221 97 163 84 49 183 -->  8 éléments.
Vk[18] : 85 244 91 187 39 203 42 107 -->  8 éléments.
Vk[19] : 2 109 38 100 79 46 118 179 -->  8 éléments.
Vk[20] : 225 16 235 157 122 68 206 96 -->  8 éléments.
Vk[21] : 65 119 125 234 224 111 35 191 -->  8 éléments.
Vk[22] : 209 129 11 182 110 92 202 66 -->  8 éléments.
Vk[23] : 115 47 229 131 54 170 12 180 -->  8 éléments.
Vk[24] : 197 147 108 69 195 193 155 190 -->  8 éléments.
Vk[25] : 112 7 56 222 217 237 4 101 -->  8 éléments.
Vk[26] : 228 48 89 28 15 32 135 -->  7 éléments.
Vk[27] : 178 248 17 240 123 201 198 40 -->  8 éléments.
Vk[28] : 156 106 52 181 27 134 172 -->  7 éléments.
Vk[29] : 34 78 150 241 151 93 239 71 -->  8 éléments.
Vk[30] : 136 194 104 233 45 105 167 165 -->  8 éléments.
Vk[31] : 73 18 205 177 185 87 149 208 -->  8 éléments.
Matrice M
M[0] : 4 4 3 2 7 5 6 1 4 0 3 5 5 6 3 4 4 6 4 4 4 3 5 5 5 3 3 5 3 3 2 6
M[1] : 5 3 2 5 6 5 5 7 3 5 5 4 4 2 4 5 4 0 3 5 5 4 4 4 6 5 5 5 5 4 4 3
M[2] : 3 5 6 3 5 5 3 5 3 4 4 2 5 7 6 4 3 5 5 0 4 3 7 6 8 6 4 2 6 3 3 3
M[3] : 3 4 3 5 4 5 4 6 6 4 3 3 4 4 4 0 3 2 4 5 6 2 6 3 2 5 5 5 3 2 5 3
M[4] : 7 4 5 2 5 4 5 4 6 3 5 3 5 5 3 6 4 4 6 5 5 5 4 5 6 0 2 3 2 3 4 5
M[5] : 2 3 4 5 3 1 3 4 4 3 3 0 3 5 2 2 3 6 5 5 5 6 6 3 6 3 3 2 3 2 6 5
M[6] : 5 7 2 3 1 4 6 7 4 3 3 3 6 2 0 4 5 6 6 3 3 4 5 6 4 4 4 3 3 3 5 4
M[7] : 6 6 4 5 2 3 4 2 3 4 4 4 4 1 3 1 2 6 6 4 2 4 6 7 4 0 4 5 4 4 7 4
M[8] : 3 4 3 2 4 7 5 3 7 4 2 4 4 3 3 0 5 2 2 5 2 3 0 3 3 6 5 4 5 4 3 4
M[9] : 4 4 2 0 4 6 6 6 4 3 4 5 2 4 5 5 1 5 5 5 4 3 5 3 3 1 4 2 3 5 6 3
M[10] : 4 5 4 2 7 6 7 5 4 5 2 3 4 4 0 4 0 5 4 2 4 6 3 5 4 4 4 4 4 3 2 4
M[11] : 2 6 4 5 2 1 6 4 3 1 4 4 2 3 5 5 3 5 6 5 4 2 0 4 3 6 6 1 4 6 3 4
M[12] : 3 7 5 3 4 5 7 5 5 3 4 4 4 3 3 6 3 5 4 4 7 4 4 0 3 5 4 5 5 5 3 3
M[13] : 2 5 0 6 4 4 4 3 6 6 2 4 3 4 4 5 6 3 5 3 3 3 4 5 7 6 4 5 4 4 4 2
M[14] : 6 3 3 4 3 5 2 5 5 5 2 0 5 2 5 5 5 5 2 2 3 7 5 4 3 4 4 4 5 5 4 3
M[15] : 5 6 5 6 1 4 2 4 6 3 3 3 5 5 3 7 4 7 6 7 5 5 7 5 5 5 0 5 3 4 4 5
M[16] : 4 3 4 2 5 5 4 5 5 4 3 4 3 3 6 5 2 4 3 3 0 3 5 5 4 4 4 5 4 4 3 2
M[17] : 4 6 6 4 4 5 6 3 4 5 5 2 3 4 5 8 3 1 6 4 4 7 3 3 2 3 3 0 3 2 5 4
M[18] : 2 4 6 5 2 3 4 4 4 5 5 5 4 4 4 3 4 5 5 4 3 4 4 5 4 5 3 4 5 6 4 0
M[19] : 2 2 4 6 1 5 5 6 3 3 7 2 4 0 3 6 4 6 2 3 4 4 4 7 4 5 2 3 5 6 5 4
M[20] : 5 4 5 6 4 4 6 5 3 4 6 1 1 3 4 0 4 5 4 2 5 4 8 4 5 2 3 7 3 4 3 5
M[21] : 2 0 5 3 2 6 2 3 4 3 2 1 4 5 4 3 5 4 3 5 7 3 4 3 2 5 5 4 5 4 3 3
M[22] : 6 0 4 4 3 5 5 6 5 6 1 2 4 2 4 5 4 5 5 4 5 2 3 6 5 4 2 7 3 3 5 4
M[23] : 1 2 6 4 5 2 4 4 4 3 0 4 3 4 2 4 6 4 4 5 4 5 5 2 6 5 2 5 5 4 5 4
M[24] : 5 4 2 3 7 5 5 4 5 0 1 1 3 4 4 7 3 4 4 4 5 1 3 3 4 6 4 5 1 4 4 6
M[25] : 4 5 2 5 4 4 5 5 4 1 0 2 2 6 2 2 5 5 4 3 4 6 3 5 3 3 4 3 2 6 5 8
M[26] : 3 3 4 3 5 5 3 4 3 3 0 1 2 3 4 5 2 4 5 4 3 2 3 4 4 4 3 4 4 4 4 4
M[27] : 5 4 6 8 3 6 6 4 3 4 6 2 2 4 4 5 5 4 4 1 3 5 3 5 4 4 2 5 0 3 6 3
M[28] : 3 4 3 6 1 6 4 5 4 4 5 5 2 4 3 5 4 5 3 3 4 2 7 4 5 3 0 4 4 5 5 5
M[29] : 3 1 3 5 4 4 3 4 3 6 3 4 0 4 5 4 4 3 3 5 5 3 2 6 3 4 1 5 3 5 4 4
M[30] : 8 0 4 6 2 4 2 5 2 3 2 5 3 6 5 3 3 4 4 4 5 5 4 2 2 5 5 5 2 7 4 5
M[31] : 5 3 5 2 3 1 4 6 4 0 2 5 3 4 1 5 3 5 4 6 6 2 5 4 7 5 2 4 4 3 4 3
M[32] : 4 6 3 3 6 6 4 5 3 2 3 4 3 2 4 1 4 5 4 6 3 4 5 3 4 3 0 5 5 6 6 3
M[33] : 4 1 3 4 6 3 2 5 5 0 4 3 2 5 5 6 3 4 6 4 4 5 5 4 4 4 3 5 4 4 1 5
M[34] : 5 6 5 4 3 4 2 3 5 3 5 2 5 3 2 4 1 4 4 5 3 4 5 2 4 6 5 4 5 0 6 3
M[35] : 4 4 5 4 3 2 5 2 3 2 5 3 3 5 4 5 5 5 5 6 3 0 4 3 4 7 1 4 5 4 4 5
M[36] : 4 5 6 4 3 0 6 4 6 3 6 4 2 4 6 7 2 6 4 1 4 3 3 4 4 4 3 4 6 5 3 5
M[37] : 6 4 5 5 2 6 4 4 2 4 0 3 4 4 5 2 2 4 6 3 5 2 3 3 4 5 5 1 3 3 4 5
M[38] : 5 4 5 3 5 3 3 4 6 3 5 4 4 5 4 6 2 5 4 0 4 5 3 3 6 3 3 3 4 2 3 6
M[39] : 7 5 5 7 5 3 2 5 3 5 5 4 6 4 4 3 2 5 0 5 6 4 3 5 5 4 5 6 1 2 4 3
M[40] : 5 6 5 2 2 4 5 6 6 6 5 3 3 5 6 3 5 7 4 2 3 4 4 4 2 4 2 0 5 4 2 4
M[41] : 4 4 4 2 6 2 4 2 5 4 4 1 6 7 5 5 0 5 6 4 4 4 8 4 1 4 4 4 2 3 6 2
M[42] : 5 5 5 2 4 2 3 4 4 6 5 4 5 4 5 4 4 2 0 5 4 2 5 4 4 6 3 3 2 6 3 4
M[43] : 4 0 5 6 4 4 4 4 5 2 3 4 3 3 4 6 5 7 6 6 4 5 6 4 2 6 5 4 3 4 4 5
M[44] : 3 3 5 7 3 4 0 5 4 3 3 1 3 5 5 5 2 3 4 4 4 3 5 7 5 3 2 4 3 5 4 4
M[45] : 5 6 5 3 4 5 7 4 5 2 6 5 2 6 3 6 4 5 3 4 4 4 4 5 2 4 4 4 4 3 0 3
M[46] : 4 3 3 2 4 3 6 3 7 5 7 4 5 3 1 5 4 7 4 0 6 4 3 3 5 3 5 2 4 4 5 4
M[47] : 7 4 5 2 2 4 5 5 6 6 5 2 1 3 6 6 5 3 6 3 6 2 3 0 4 5 4 4 4 4 4 4
M[48] : 6 6 2 6 2 7 6 4 3 7 6 5 3 1 3 5 5 5 4 3 2 6 6 5 2 1 0 3 4 3 4 7
M[49] : 2 5 5 5 1 5 3 3 2 6 2 4 4 7 4 2 4 0 4 7 5 6 5 4 4 3 3 4 5 4 3 3
M[50] : 0 3 4 3 2 5 6 5 3 2 3 4 5 5 4 4 4 5 5 5 4 5 5 5 4 6 4 4 4 4 4 4
M[51] : 3 4 4 4 1 6 3 5 0 2 5 4 3 5 2 4 3 4 5 3 6 5 3 5 1 5 2 5 6 3 4 4
M[52] : 4 4 3 5 5 6 3 5 5 3 5 5 3 6 3 6 5 3 5 6 3 4 4 5 6 3 5 4 0 5 3 4
M[53] : 6 6 0 1 3 3 2 2 5 3 7 5 3 4 5 5 1 4 3 6 3 2 2 4 3 4 2 6 5 3 3 5
M[54] : 6 2 3 6 2 5 5 5 6 3 5 3 4 3 2 3 1 5 3 4 3 3 4 0 3 3 3 4 5 3 4 4
M[55] : 2 0 5 5 4 3 5 7 5 1 6 3 2 4 3 4 3 3 5 6 4 3 2 7 4 4 5 4 3 4 5 5
M[56] : 7 4 4 2 5 3 4 5 3 3 2 2 1 3 7 5 3 6 3 4 4 7 5 6 4 0 5 3 4 5 5 3
M[57] : 4 6 7 3 3 5 6 3 6 3 1 3 4 5 0 2 6 5 3 4 3 3 6 4 7 6 3 5 1 0 2 5
M[58] : 4 5 2 4 7 4 3 4 0 4 1 4 4 5 3 4 4 1 6 6 5 2 3 4 5 4 4 2 4 6 4 4
M[59] : 5 4 6 4 3 6 3 1 1 7 4 5 1 4 3 0 4 3 3 4 6 3 5 4 2 3 3 3 4 2 4 5
M[60] : 5 5 2 5 4 3 3 3 6 0 3 3 4 5 3 4 5 5 1 4 3 5 3 3 6 2 2 6 3 3 3 3
M[61] : 5 7 4 4 0 3 3 7 5 6 7 3 3 4 7 6 5 5 7 4 4 6 3 2 5 5 2 5 4 4 4 3
M[62] : 3 5 7 3 3 0 6 3 5 4 4 2 4 7 3 4 2 2 4 4 6 4 4 3 3 5 3 4 6 2 5 2
M[63] : 3 4 3 3 2 4 5 4 3 2 6 0 3 3 4 3 3 3 5 5 3 5 5 4 4 2 3 2 5 4 1 4
M[64] : 4 4 4 0 4 2 4 2 2 2 4 1 4 6 3 3 4 4 4 2 3 3 6 5 2 4 4 6 5 2 5 5
M[65] : 5 6 5 3 4 4 2 3 6 4 1 4 2 3 4 3 3 3 3 4 4 0 4 2 5 5 5 7 2 4 3 2
M[66] : 5 5 3 6 4 3 5 1 7 5 3 4 6 4 2 4 5 3 6 7 5 2 0 3 5 3 6 4 1 2 3 4
M[67] : 5 5 4 8 4 5 0 5 1 3 5 4 4 6 6 5 4 4 5 2 4 4 3 5 3 3 3 4 3 4 2 3
M[68] : 6 5 5 3 1 5 4 3 6 2 3 4 2 5 3 7 5 5 5 5 0 6 2 5 5 2 3 5 4 4 3 5
M[69] : 5 2 6 6 4 4 4 4 4 4 5 3 4 4 6 1 4 7 3 6 4 2 2 4 0 6 1 5 5 5 3 2
M[70] : 5 5 3 4 5 3 2 4 4 5 3 3 0 3 5 4 4 5 6 5 6 7 4 4 2 3 4 2 4 4 5 6
M[71] : 3 4 3 2 2 5 4 4 5 4 0 3 3 3 4 6 4 3 5 4 5 4 7 6 5 4 4 4 4 0 6 5
M[72] : 0 4 2 5 3 3 5 3 3 4 2 5 2 2 3 3 4 3 4 4 5 4 7 4 5 5 3 4 4 6 7 3
M[73] : 1 4 2 5 4 5 4 5 5 5 6 1 3 4 6 4 5 3 4 4 5 4 5 3 5 5 5 4 3 2 7 0
M[74] : 3 5 5 3 3 3 4 5 6 3 4 5 6 5 0 6 4 6 4 5 6 4 3 4 5 4 2 3 4 2 5 3
M[75] : 3 6 6 4 5 6 3 6 6 6 3 4 3 3 6 0 4 1 3 4 7 6 3 3 5 4 4 5 5 6 7 6
M[76] : 5 4 8 0 3 6 5 4 4 5 4 5 4 2 4 2 3 7 4 0 6 3 4 2 6 6 3 5 4 2 3 4
M[77] : 4 3 6 5 3 7 0 3 4 5 6 5 4 5 3 4 4 5 4 5 5 4 5 4 4 6 3 5 4 4 5 6
M[78] : 5 5 4 3 3 3 6 3 4 4 3 5 3 7 2 5 6 4 6 4 3 5 5 4 5 4 3 5 3 0 5 4
M[79] : 5 5 5 3 2 5 3 6 4 3 1 2 5 5 4 3 3 4 5 0 4 4 6 6 6 5 4 4 4 6 2 4
M[80] : 6 6 5 3 3 4 4 0 4 3 5 3 2 6 5 4 5 2 3 4 3 1 3 3 4 5 4 1 5 3 4 4
M[81] : 4 5 4 5 2 4 4 0 4 5 4 3 5 3 8 5 2 6 5 5 4 3 2 6 3 3 1 6 3 5 6 6
M[82] : 5 2 3 4 3 4 2 4 0 5 5 1 3 1 4 5 6 5 3 3 6 6 3 3 5 4 4 4 3 5 4 6
M[83] : 4 2 3 5 6 6 3 4 7 4 8 4 0 4 4 1 4 2 7 4 4 2 6 3 3 5 2 4 6 6 5 5
M[84] : 1 4 4 5 5 3 5 4 4 3 6 4 2 4 4 4 3 0 3 3 5 4 4 3 4 5 6 6 4 2 2 2
M[85] : 6 6 1 5 6 6 3 4 4 2 3 3 5 5 5 2 5 5 0 5 3 4 5 5 6 7 5 6 4 8 6 4
M[86] : 2 3 4 4 3 6 3 0 4 4 5 4 3 6 1 3 2 7 4 4 3 5 3 4 3 1 3 4 5 4 4 1
M[87] : 6 5 6 4 2 5 3 6 7 4 6 3 5 3 3 8 4 3 3 4 2 5 3 2 1 4 6 5 4 3 7 0
M[88] : 4 3 6 4 4 3 4 5 3 2 5 5 5 7 0 5 4 3 6 4 5 3 5 4 4 4 3 5 3 3 4 4
M[89] : 4 4 4 1 4 2 2 4 3 2 2 3 4 3 5 6 3 6 3 3 5 5 2 2 2 2 0 7 4 5 2 6
M[90] : 1 5 6 5 4 2 2 3 3 0 2 3 4 3 3 5 1 2 3 4 5 3 4 1 6 5 4 6 4 6 3 4
M[91] : 2 3 5 5 3 3 5 4 5 4 4 3 5 5 4 3 5 5 0 3 4 3 4 5 4 5 2 5 5 3 2 4
M[92] : 4 6 5 4 6 0 3 4 5 6 7 5 5 4 4 3 3 3 3 2 5 3 0 4 4 6 5 3 3 5 3 3
M[93] : 4 4 3 4 2 4 5 2 5 4 6 3 3 5 2 4 3 6 7 7 5 4 4 6 7 5 3 3 4 0 5 4
M[94] : 1 4 5 5 4 4 5 7 1 4 0 4 2 4 4 4 6 5 4 4 1 1 4 6 4 5 3 2 4 4 5 7
M[95] : 3 4 2 2 5 3 6 5 5 2 5 6 2 3 5 5 0 4 4 3 3 4 2 4 4 6 5 5 5 5 7 4
M[96] : 4 4 3 7 5 7 3 5 5 5 6 5 3 4 5 2 2 3 3 4 0 4 5 4 5 5 3 3 3 2 4 3
M[97] : 5 4 4 6 5 4 2 4 5 5 5 3 3 5 5 3 3 0 6 5 5 1 4 4 2 5 4 4 0 4 3 6
M[98] : 2 6 6 3 5 3 3 2 5 3 5 2 3 2 6 4 3 0 3 5 2 6 4 6 4 7 6 3 3 5 4 5
M[99] : 6 5 5 6 5 3 0 4 4 5 5 4 5 6 6 3 3 2 2 4 2 4 4 4 5 5 2 7 3 4 3 5
M[100] : 3 6 4 0 5 4 1 6 4 8 4 3 3 5 4 3 2 4 7 0 2 6 4 5 6 3 3 4 5 5 4 3
M[101] : 4 2 3 5 4 4 0 4 6 5 6 2 2 4 4 5 4 4 5 5 4 6 6 3 6 0 2 6 4 8 2 3
M[102] : 3 3 2 3 3 4 4 5 3 4 4 0 4 3 4 5 6 6 6 3 4 3 2 5 2 7 3 6 1 5 5 2
M[103] : 4 5 5 0 3 4 2 3 4 5 4 5 4 6 6 5 3 3 5 5 5 7 3 6 5 6 5 6 7 6 4 2
M[104] : 4 2 4 5 3 4 1 4 5 2 6 2 3 3 5 5 5 2 2 4 2 6 6 6 4 4 3 2 5 5 0 6
M[105] : 4 7 2 3 5 2 3 5 3 3 4 3 4 5 6 3 4 3 3 1 1 3 4 3 4 2 4 3 4 3 0 5
M[106] : 5 4 6 4 4 6 5 2 6 3 4 2 5 2 2 4 4 4 6 6 5 4 3 7 5 1 2 5 0 5 5 2
M[107] : 3 2 4 5 5 4 4 1 5 2 4 3 5 6 5 4 2 2 0 6 4 2 2 5 6 4 4 4 2 4 3 5
M[108] : 4 5 6 3 3 3 5 3 6 8 4 5 2 4 3 3 3 3 4 4 5 2 2 2 0 7 5 3 3 6 3 2
M[109] : 3 7 6 6 4 1 2 4 2 5 6 2 3 6 2 3 4 4 3 0 1 3 3 4 4 4 4 4 4 7 3 3
M[110] : 5 1 6 3 6 5 7 3 5 4 4 4 5 3 6 6 4 5 4 4 6 5 0 5 4 3 5 5 3 6 6 3
M[111] : 6 4 5 3 4 3 5 5 6 1 3 6 4 2 5 4 2 5 5 4 3 0 3 3 6 6 4 2 3 2 6 5
M[112] : 5 5 4 6 2 4 4 4 4 4 5 3 4 3 5 4 3 4 6 4 2 4 6 4 4 0 3 5 3 5 2 6
M[113] : 5 5 2 5 5 3 6 4 2 7 4 5 3 0 5 3 4 4 5 6 6 4 5 4 5 3 1 4 2 5 3 4
M[114] : 3 2 3 5 2 3 5 3 5 5 0 3 5 6 4 4 4 4 4 4 3 4 4 4 5 4 2 8 6 4 6 5
M[115] : 3 2 5 2 4 4 4 4 5 3 5 2 4 4 4 6 3 4 3 4 3 3 2 0 5 4 4 5 4 5 4 4
M[116] : 5 4 0 3 5 3 5 6 5 3 2 0 3 5 6 3 5 4 2 4 5 4 6 4 5 4 4 5 1 4 5 3
M[117] : 5 6 5 5 0 5 6 2 5 7 4 6 5 4 6 7 4 5 6 6 5 3 4 5 3 3 3 3 6 3 6 4
M[118] : 4 4 6 3 3 4 6 3 5 4 3 4 2 4 3 5 5 3 4 0 3 4 2 3 5 5 5 4 3 4 3 5
M[119] : 4 3 4 3 5 6 5 4 3 3 4 5 2 6 3 2 4 4 3 1 1 0 4 4 2 4 3 5 4 5 5 3
M[120] : 5 4 5 3 3 5 4 1 1 4 4 4 4 4 5 5 0 2 6 4 1 5 5 3 2 4 3 6 4 4 5 2
M[121] : 7 6 5 5 3 2 5 7 4 4 6 5 1 5 6 3 0 3 5 6 4 6 6 5 2 4 3 3 2 4 5 6
M[122] : 2 7 3 7 4 4 5 2 5 5 3 3 4 5 4 4 3 5 3 5 0 2 7 4 6 4 4 5 3 3 3 4
M[123] : 6 4 4 4 2 5 1 5 3 5 1 2 2 3 5 6 4 4 7 1 3 4 5 5 4 6 4 0 4 4 1 6
M[124] : 4 3 4 4 0 4 7 4 7 6 4 4 3 4 3 4 4 6 3 6 6 6 7 4 3 5 3 5 3 4 5 1
M[125] : 6 3 6 5 5 4 5 3 4 3 6 2 4 3 1 7 3 6 5 3 2 0 3 2 3 7 1 7 5 4 2 3
M[126] : 4 1 5 5 5 5 6 3 5 6 3 5 3 3 6 0 2 5 3 5 5 3 4 6 6 3 7 5 4 2 4 4
M[127] : 5 4 6 5 6 3 2 2 0 4 4 3 5 4 4 4 4 6 2 5 5 4 6 5 6 3 4 2 4 5 4 3
M[128] : 1 4 3 5 4 0 6 6 3 3 4 3 4 2 1 4 5 3 6 6 6 6 4 2 4 5 4 3 3 3 3 6
M[129] : 5 5 4 4 5 5 5 4 2 2 4 4 4 4 5 6 6 4 4 2 4 4 0 3 3 4 4 3 4 5 4 4
M[130] : 5 6 5 0 3 3 6 2 3 4 6 5 5 2 1 4 4 3 6 3 6 2 3 3 6 5 5 6 3 2 2 4
M[131] : 3 4 3 4 3 2 5 3 6 3 5 6 5 6 5 3 6 4 5 2 3 4 4 0 3 4 3 3 4 4 7 2
M[132] : 5 4 4 3 5 3 3 6 0 5 0 6 4 3 5 4 4 6 5 4 3 6 4 6 5 5 3 4 5 4 3 6
M[133] : 2 2 5 3 1 5 5 6 6 1 2 2 4 0 2 2 4 2 3 5 5 4 3 1 4 5 5 3 2 2 2 3
M[134] : 4 5 4 6 5 7 2 4 5 4 5 2 5 2 5 4 2 4 3 5 4 2 3 4 6 3 4 4 0 4 4 7
M[135] : 5 4 3 5 5 3 4 3 3 3 3 4 3 5 4 5 2 2 5 5 6 3 3 5 6 5 0 2 1 5 3 3
M[136] : 6 6 3 5 4 5 1 5 6 3 2 4 6 3 4 2 5 5 3 4 1 7 3 5 4 5 3 2 3 6 0 5
M[137] : 3 7 7 3 4 4 5 6 0 6 2 4 5 4 8 4 4 5 5 2 5 5 4 2 6 4 4 5 4 6 3 3
M[138] : 2 6 3 5 6 5 0 5 3 3 5 4 5 5 5 4 5 3 3 2 6 5 6 5 6 3 3 2 6 5 1 4
M[139] : 0 5 1 4 3 6 5 6 5 2 2 4 1 2 3 4 2 2 5 1 1 4 3 4 5 6 2 2 6 5 4 6
M[140] : 1 5 7 4 1 4 5 3 4 4 4 5 0 4 6 4 2 3 5 4 4 2 5 3 4 2 3 2 5 4 3 5
M[141] : 5 4 2 5 3 0 5 6 4 1 4 2 1 4 4 5 1 5 5 4 3 5 4 7 5 3 3 4 4 4 3 5
M[142] : 5 6 8 7 4 2 4 4 5 3 3 0 3 4 6 4 2 5 4 3 5 4 2 3 1 2 5 2 3 4 3 3
M[143] : 0 4 4 5 5 4 0 5 4 4 3 4 4 3 5 5 3 3 4 3 5 2 4 4 4 7 6 5 3 5 5 4
M[144] : 2 5 0 6 3 3 5 6 4 6 4 2 4 5 5 5 5 6 2 6 4 6 4 2 4 1 3 5 6 4 2 3
M[145] : 5 5 3 4 2 3 5 3 4 2 1 4 0 4 5 2 3 3 5 3 1 5 3 5 6 4 6 5 3 3 3 3
M[146] : 4 1 5 3 5 3 5 2 1 2 0 4 3 4 1 3 3 4 5 5 5 6 5 5 4 5 3 2 2 3 4 4
M[147] : 6 2 4 3 3 5 3 5 3 3 2 4 5 7 4 3 1 5 6 4 3 6 5 6 0 3 3 3 4 4 7 7
M[148] : 6 3 0 6 4 4 4 4 3 4 5 3 1 3 6 3 3 5 4 2 3 5 6 4 3 4 3 4 2 2 3 4
M[149] : 2 6 2 3 1 4 4 3 3 3 5 4 5 4 2 5 3 5 5 4 4 4 3 5 5 4 4 4 5 3 3 0
M[150] : 5 6 3 4 5 2 5 3 4 3 4 3 3 4 3 2 5 5 4 5 2 3 5 2 7 6 3 3 5 0 5 7
M[151] : 5 5 3 2 3 6 5 4 5 3 6 4 4 6 6 5 5 4 3 3 4 5 4 7 4 4 5 4 5 0 3 4
M[152] : 3 4 4 2 2 2 6 6 5 4 3 4 4 4 4 3 0 5 4 4 3 2 3 3 7 5 4 3 4 3 4 5
M[153] : 5 4 3 4 3 3 6 4 6 2 3 2 0 5 6 2 2 7 8 7 2 1 7 3 5 5 2 4 6 3 2 5
M[154] : 4 4 5 5 6 5 5 4 5 3 4 0 2 1 5 5 3 4 4 3 2 4 5 4 6 1 5 2 3 4 5 1
M[155] : 3 4 4 4 5 7 1 4 7 4 3 4 4 4 3 3 2 3 5 3 6 5 4 2 0 3 5 2 5 6 3 6
M[156] : 6 3 4 3 3 4 5 6 5 3 3 3 6 4 4 6 3 4 3 6 3 4 4 5 6 3 3 4 0 7 5 4
M[157] : 4 7 5 4 0 5 5 2 3 4 3 3 3 5 2 5 2 5 4 2 0 4 3 3 3 6 3 6 5 4 1 2
M[158] : 0 5 5 7 7 3 4 5 5 7 3 2 5 4 4 5 4 3 5 8 2 4 4 3 4 6 4 5 3 3 4 2
M[159] : 7 4 7 4 3 5 4 4 4 4 3 3 4 0 3 4 4 5 6 6 5 6 3 2 5 4 3 5 4 3 5 4
M[160] : 1 2 6 6 3 4 5 4 3 3 6 4 3 5 0 5 4 4 2 1 3 3 5 3 2 6 2 2 3 5 3 4
M[161] : 5 2 3 2 0 4 4 4 5 6 5 2 3 2 5 4 3 3 4 5 2 2 4 4 6 5 5 4 4 2 5 4
M[162] : 3 4 7 5 2 5 4 5 5 0 6 3 4 5 3 6 3 1 2 4 3 3 3 5 4 4 2 4 3 2 3 6
M[163] : 3 3 3 5 5 2 5 3 5 2 3 5 2 6 4 3 5 0 2 4 5 4 3 3 5 4 4 5 4 6 3 3
M[164] : 4 4 6 4 4 6 3 0 4 4 4 4 3 6 4 4 2 4 4 4 4 5 4 3 4 5 5 5 6 4 4 4
M[165] : 7 3 3 3 4 5 3 6 2 3 6 3 3 3 4 2 5 4 5 2 4 3 2 3 5 6 6 3 2 4 0 7
M[166] : 5 7 5 2 4 6 4 0 2 3 5 4 4 5 4 4 5 4 5 2 5 4 1 3 5 5 5 4 3 1 6 4
M[167] : 4 3 2 5 3 3 4 3 3 3 7 2 1 3 2 3 4 5 3 4 4 4 4 5 2 6 2 5 6 5 0 6
M[168] : 4 3 5 4 5 6 0 2 4 4 3 5 3 6 5 5 5 1 2 2 6 3 5 5 4 3 4 4 2 5 4 3
M[169] : 6 5 1 4 3 5 6 3 5 6 4 1 0 5 5 5 4 2 5 4 3 6 4 5 4 3 4 3 4 3 3 6
M[170] : 2 6 3 4 3 5 5 4 2 2 1 4 4 4 6 3 3 4 5 6 5 4 5 0 3 6 3 4 3 6 4 2
M[171] : 0 4 5 3 4 2 5 6 3 7 5 5 4 7 4 2 5 3 4 3 4 5 5 4 7 3 4 5 4 3 7 7
M[172] : 3 3 4 5 6 5 4 5 6 4 7 2 6 2 4 3 5 5 2 4 6 4 5 5 5 5 4 3 0 4 8 5
M[173] : 5 6 7 5 6 3 5 3 0 3 1 5 5 4 4 6 2 3 6 4 1 5 4 4 2 4 2 2 4 5 4 3
M[174] : 3 2 3 3 7 4 4 6 2 4 0 3 5 4 4 4 4 5 3 5 4 3 5 5 3 2 3 2 6 4 5 5
M[175] : 6 1 3 2 0 5 5 3 5 5 6 3 3 3 2 2 3 6 6 5 4 6 4 4 6 5 3 3 4 2 4 4
M[176] : 5 5 5 2 3 4 0 5 2 5 5 3 2 2 5 5 4 6 2 4 4 6 5 5 2 5 5 5 3 5 3 3
M[177] : 6 3 4 3 4 5 4 4 3 4 4 4 3 5 3 6 3 1 5 5 2 5 2 2 5 4 5 6 4 5 6 0
M[178] : 3 5 6 5 5 4 4 4 5 1 3 4 4 6 4 4 3 4 5 6 7 5 6 4 3 3 4 0 2 5 4 5
M[179] : 4 6 5 4 7 4 5 4 1 6 3 4 5 4 3 3 6 5 6 0 6 3 4 5 0 5 4 5 3 6 4 5
M[180] : 4 6 5 2 3 6 5 2 2 2 4 2 4 4 3 2 1 4 5 5 4 4 4 0 4 4 4 5 3 5 6 4
M[181] : 2 4 6 5 3 5 4 6 2 3 2 5 4 6 4 1 3 3 4 5 4 2 3 4 2 4 2 3 0 7 5 6
M[182] : 3 6 3 4 4 5 2 2 1 4 2 2 2 5 6 5 4 3 3 5 2 5 0 3 5 4 4 6 4 5 4 3
M[183] : 4 6 5 4 5 4 3 5 6 3 5 6 4 6 5 1 1 0 4 4 2 5 6 6 6 4 3 4 2 3 7 2
M[184] : 4 4 2 6 5 4 4 3 4 5 2 6 4 4 0 6 3 4 4 5 6 1 5 5 6 3 4 5 3 3 4 0
M[185] : 6 5 5 5 3 3 6 4 3 4 4 1 4 4 4 3 1 5 3 5 4 2 6 4 5 5 5 6 2 3 5 0
M[186] : 5 4 4 1 2 5 1 0 6 3 5 5 4 4 8 4 4 3 4 5 4 5 3 4 3 4 5 1 3 3 5 4
M[187] : 3 5 5 5 6 3 4 5 4 4 4 4 4 4 2 3 5 4 0 4 2 3 2 4 5 5 3 7 5 5 4 5
M[188] : 3 0 4 4 6 4 7 5 5 3 4 5 4 5 5 2 3 3 3 5 6 6 5 5 3 5 7 5 6 6 4 5
M[189] : 4 0 4 4 6 4 4 5 5 5 1 3 3 2 6 6 5 3 6 4 4 3 5 4 5 3 3 5 4 5 5 6
M[190] : 4 3 6 5 2 5 4 4 2 6 4 3 4 7 4 4 6 2 8 5 4 2 5 2 0 3 5 3 4 5 4 7
M[191] : 2 2 4 3 4 4 4 5 5 5 2 3 4 3 2 5 4 5 5 4 6 0 5 5 6 5 6 4 2 5 3 4
M[192] : 4 0 5 6 2 4 6 5 4 7 4 4 4 3 4 4 4 5 3 6 5 5 6 4 4 6 4 2 1 4 5 3
M[193] : 6 4 3 2 6 2 4 4 6 5 6 2 1 4 4 3 4 5 4 5 3 7 3 2 0 6 3 3 5 5 4 5
M[194] : 5 7 3 4 3 6 3 2 6 3 2 5 2 5 1 3 5 2 4 5 4 2 5 6 5 5 2 1 7 5 0 5
M[195] : 6 4 3 5 3 5 4 2 3 6 5 2 3 2 6 6 2 6 5 7 6 5 4 6 0 6 4 3 4 7 2 4
M[196] : 3 5 5 3 0 0 5 3 6 5 4 4 3 5 5 5 4 5 7 5 2 6 4 2 4 4 3 3 3 6 5 2
M[197] : 2 3 6 5 4 3 7 6 5 3 4 4 4 7 6 3 4 4 5 6 7 5 7 4 0 4 3 2 4 2 4 2
M[198] : 5 5 6 6 3 5 1 5 4 7 4 4 2 3 5 4 5 7 4 6 4 5 5 7 3 6 5 0 3 3 3 4
M[199] : 4 3 0 5 5 8 4 7 6 3 3 4 2 5 3 4 4 4 6 7 6 6 3 2 5 6 5 6 3 5 4 6
M[200] : 5 6 4 4 5 6 7 4 4 5 3 2 2 0 4 2 4 3 3 5 4 4 4 4 7 2 3 5 1 3 1 6
M[201] : 4 5 4 7 4 2 6 3 4 4 2 4 3 4 5 4 1 3 5 3 4 5 1 4 4 5 3 0 5 2 2 4
M[202] : 5 3 3 1 2 6 4 3 4 6 4 4 3 5 5 2 4 6 4 5 3 3 0 4 3 4 5 7 3 4 5 5
M[203] : 3 4 4 5 5 3 3 4 6 3 6 3 4 3 3 2 6 4 0 5 3 5 4 3 4 3 3 6 3 4 3 6
M[204] : 3 2 5 2 4 5 3 5 4 5 4 3 5 0 8 2 5 5 6 3 3 2 4 5 6 6 4 5 4 5 7 4
M[205] : 5 5 2 4 4 4 3 2 4 5 7 3 7 5 3 4 4 3 6 4 3 3 2 2 6 4 4 5 2 6 3 0
M[206] : 3 5 5 6 4 2 4 5 3 4 2 3 3 2 5 4 4 3 6 4 0 5 5 3 6 4 5 2 3 3 3 5
M[207] : 2 3 7 3 6 2 2 4 0 5 4 3 4 5 2 5 2 7 4 5 6 6 4 7 6 4 4 8 2 5 5 4
M[208] : 4 4 3 5 3 7 4 2 4 6 5 0 3 5 2 3 4 4 4 3 5 2 6 4 4 4 4 2 6 5 5 0
M[209] : 4 3 5 4 2 5 5 5 4 5 4 4 4 3 3 4 5 4 1 2 6 5 0 5 5 3 2 5 3 7 5 5
M[210] : 3 5 6 5 5 4 4 1 5 5 6 3 3 0 5 6 4 6 5 3 4 1 3 5 5 3 1 5 4 4 4 4
M[211] : 3 5 0 4 4 5 4 8 6 1 4 2 1 5 6 4 2 4 4 5 5 5 5 5 6 5 5 4 4 4 2 2
M[212] : 6 4 4 4 3 0 4 7 5 3 2 2 2 4 5 6 5 5 2 5 7 2 0 6 6 5 5 6 5 6 5 4
M[213] : 5 6 5 3 5 2 6 0 6 6 2 5 4 1 4 3 5 3 4 7 5 7 5 4 5 5 4 5 3 4 3 4
M[214] : 0 3 4 3 5 5 3 2 3 2 2 2 3 5 3 3 5 3 4 3 4 4 2 4 6 3 6 4 3 7 5 3
M[215] : 6 5 6 6 0 2 5 5 5 3 4 4 4 4 3 3 4 3 5 4 4 5 5 4 3 4 3 5 5 4 3 5
M[216] : 5 5 5 5 5 3 3 4 7 3 4 3 3 4 1 4 0 2 4 4 4 5 6 4 5 4 6 5 5 4 5 4
M[217] : 2 7 3 4 6 3 6 5 3 5 6 2 2 5 6 3 4 5 4 2 4 7 2 2 4 0 1 3 2 4 4 4
M[218] : 5 5 3 0 2 4 6 3 4 3 6 3 4 5 4 5 3 6 6 4 5 3 4 3 6 4 3 4 4 3 4 6
M[219] : 3 5 2 5 6 8 0 2 3 3 3 2 4 4 4 4 4 5 5 6 4 4 4 6 3 5 3 5 5 4 4 4
M[220] : 5 4 5 3 0 0 6 2 1 5 4 3 5 6 3 5 1 4 4 4 5 4 5 5 4 3 6 5 5 3 3 3
M[221] : 5 3 4 7 1 6 3 5 7 5 4 5 3 2 5 2 2 0 5 4 4 5 3 2 4 4 3 4 4 3 6 5
M[222] : 4 5 6 5 4 4 4 4 3 5 1 4 3 3 2 4 7 5 3 4 4 6 2 6 5 0 4 5 1 5 7 4
M[223] : 5 5 6 4 5 4 6 0 4 4 5 4 0 4 5 5 6 4 4 4 5 2 5 4 5 4 3 6 4 2 3 3
M[224] : 3 6 6 5 6 3 4 5 6 3 4 5 5 4 6 3 2 3 3 5 5 0 3 5 3 5 6 7 1 6 4 2
M[225] : 4 5 3 2 3 5 5 5 4 5 6 2 3 5 4 4 3 4 2 4 0 3 2 4 5 2 3 1 4 5 3 4
M[226] : 1 3 4 4 4 0 5 3 3 4 3 4 4 5 5 5 1 3 0 2 2 4 5 4 4 4 5 4 5 6 4 5
M[227] : 5 5 3 0 4 6 7 3 5 5 4 4 4 5 5 3 4 7 2 3 4 4 2 4 3 3 3 4 4 3 5 4
M[228] : 5 6 6 5 3 4 3 5 5 2 3 3 2 4 2 4 5 4 3 5 4 4 7 5 5 3 0 5 1 4 4 7
M[229] : 3 4 4 6 4 3 5 3 4 7 5 4 3 5 6 4 3 3 5 7 1 6 5 0 3 7 4 5 7 4 4 4
M[230] : 5 4 4 5 5 3 5 5 2 0 5 0 4 4 5 3 3 5 3 8 4 2 5 4 3 6 3 3 2 3 2 3
M[231] : 4 5 2 7 3 1 3 6 2 4 6 4 3 5 3 3 0 4 4 4 4 3 4 2 5 4 2 3 5 8 2 5
M[232] : 4 6 0 1 4 5 5 6 4 4 4 2 4 3 3 4 3 4 5 5 6 6 4 6 6 2 3 5 6 4 4 5
M[233] : 6 1 2 4 6 1 4 6 1 3 5 5 4 3 4 4 2 6 5 3 4 1 5 3 4 4 4 1 5 7 0 3
M[234] : 3 4 3 3 3 5 3 5 6 3 4 5 2 4 3 4 6 4 1 5 5 0 3 6 5 5 3 4 3 5 3 5
M[235] : 4 4 6 5 5 4 5 6 6 5 3 3 4 4 3 6 2 4 3 3 0 2 6 4 4 3 4 4 2 6 4 3
M[236] : 3 5 3 3 2 6 5 3 4 2 3 2 3 4 4 0 1 4 5 5 3 5 4 5 2 4 2 3 3 7 1 3
M[237] : 5 5 3 6 3 8 6 4 5 6 4 3 5 5 5 3 4 3 4 6 5 5 2 5 5 0 1 3 3 5 5 6
M[238] : 0 5 6 5 5 1 4 4 6 4 5 2 5 4 3 3 4 5 3 4 6 5 3 3 1 4 3 5 2 5 5 3
M[239] : 4 5 3 3 2 5 3 4 6 3 3 5 4 3 4 3 4 3 4 5 4 6 7 5 3 4 5 1 4 0 3 2
M[240] : 2 1 6 4 5 3 7 2 2 5 3 2 3 4 0 4 3 5 5 3 4 5 6 5 4 3 5 0 3 5 2 4
M[241] : 7 2 5 3 5 4 6 3 5 4 5 3 3 1 2 2 3 2 4 4 5 4 3 4 5 6 4 4 5 0 5 4
M[242] : 4 3 0 4 3 6 7 3 6 5 4 3 5 6 5 5 3 3 5 6 4 5 5 5 4 4 1 7 3 3 2 3
M[243] : 3 5 3 0 3 2 6 3 5 4 1 2 3 3 4 6 4 5 5 2 3 4 4 3 2 6 5 4 6 2 3 6
M[244] : 5 5 5 3 4 5 3 6 5 1 4 4 5 3 5 4 4 3 0 5 3 7 6 5 6 3 3 4 5 5 3 4
M[245] : 3 5 4 4 4 2 3 5 4 7 4 3 3 5 4 0 5 2 1 2 3 7 5 5 1 4 4 6 2 4 1 6
M[246] : 5 4 2 4 2 3 5 5 3 6 6 3 4 0 5 4 3 3 4 8 2 5 5 4 3 1 5 2 4 4 4 5
M[247] : 4 5 7 5 3 0 4 6 2 4 4 4 6 4 7 5 1 4 4 3 4 3 5 3 4 4 3 3 5 4 5 6
M[248] : 5 4 5 5 3 5 6 4 4 5 4 2 5 3 2 5 5 4 5 3 2 5 4 3 2 3 5 0 3 3 2 5
M[249] : 4 3 5 5 5 5 3 7 2 3 3 3 4 3 0 2 3 4 4 3 2 4 4 4 4 4 2 5 5 6 4 3

