 Execution de l'algoritme BITS sur le fichier dsjc500.5.txt
=====================================================================
 Partitions  : 
Vk[0] : 383 406 458 430 271 471 315 160 447 -->  9 éléments.
Vk[1] : 1 251 218 124 104 172 141 262 370 -->  9 éléments.
Vk[2] : 318 203 463 71 378 214 321 374 -->  8 éléments.
Vk[3] : 144 278 305 41 128 475 225 273 356 -->  9 éléments.
Vk[4] : 372 436 28 138 81 200 399 388 435 -->  9 éléments.
Vk[5] : 352 18 268 303 473 468 252 393 -->  8 éléments.
Vk[6] : 179 175 407 474 344 379 39 121 343 -->  9 éléments.
Vk[7] : 243 426 293 184 106 228 7 110 -->  8 éléments.
Vk[8] : 362 10 267 8 145 221 245 308 73 -->  9 éléments.
Vk[9] : 263 170 404 322 51 284 385 16 -->  8 éléments.
Vk[10] : 59 260 455 32 112 405 139 143 -->  8 éléments.
Vk[11] : 398 419 375 85 6 441 391 269 400 -->  9 éléments.
Vk[12] : 480 187 338 183 250 14 365 266 -->  8 éléments.
Vk[13] : 157 148 209 98 445 384 411 190 249 -->  9 éléments.
Vk[14] : 129 476 13 165 332 109 264 208 -->  8 éléments.
Vk[15] : 60 67 3 253 485 229 230 417 102 -->  9 éléments.
Vk[16] : 122 9 42 70 162 66 164 84 152 -->  9 éléments.
Vk[17] : 44 432 24 403 316 290 296 204 108 -->  9 éléments.
Vk[18] : 287 206 64 294 464 38 380 446 330 -->  9 éléments.
Vk[19] : 348 135 319 437 196 291 465 494 -->  8 éléments.
Vk[20] : 217 257 402 484 174 339 219 166 20 -->  9 éléments.
Vk[21] : 167 496 443 75 389 466 101 342 161 -->  9 éléments.
Vk[22] : 495 220 169 56 224 421 232 195 462 -->  9 éléments.
Vk[23] : 401 222 286 369 2 185 69 74 -->  8 éléments.
Vk[24] : 274 111 191 350 357 194 302 226 423 -->  9 éléments.
Vk[25] : 427 420 320 76 360 460 46 171 459 -->  9 éléments.
Vk[26] : 431 386 381 255 116 197 498 29 276 -->  9 éléments.
Vk[27] : 450 254 297 87 416 100 78 312 -->  8 éléments.
Vk[28] : 307 114 11 80 86 414 37 310 0 -->  9 éléments.
Vk[29] : 482 215 153 340 281 434 336 493 306 -->  9 éléments.
Vk[30] : 488 95 133 49 227 282 275 147 -->  8 éléments.
Vk[31] : 409 207 355 79 205 240 341 193 -->  8 éléments.
Vk[32] : 288 132 168 117 52 395 93 335 428 -->  9 éléments.
Vk[33] : 438 107 439 481 292 53 47 408 -->  8 éléments.
Vk[34] : 202 177 454 349 159 246 198 354 -->  8 éléments.
Vk[35] : 280 453 346 382 448 33 34 25 -->  8 éléments.
Vk[36] : 345 325 180 363 300 387 238 90 -->  8 éléments.
Vk[37] : 119 289 158 394 115 21 216 285 149 -->  9 éléments.
Vk[38] : 236 155 233 178 62 397 82 186 333 -->  9 éléments.
Vk[39] : 57 390 17 113 497 469 301 94 -->  8 éléments.
Vk[40] : 40 96 210 91 259 27 241 248 489 -->  9 éléments.
Vk[41] : 146 413 163 131 77 371 23 181 97 -->  9 éléments.
Vk[42] : 45 479 477 449 213 68 48 4 19 -->  9 éléments.
Vk[43] : 55 452 247 223 26 415 182 30 -->  8 éléments.
Vk[44] : 123 31 358 140 142 192 373 299 334 -->  9 éléments.
Vk[45] : 412 234 283 467 483 323 353 137 105 -->  9 éléments.
Vk[46] : 43 364 188 313 376 472 442 35 244 -->  9 éléments.
Vk[47] : 329 89 5 212 277 265 337 99 -->  8 éléments.
Vk[48] : 15 366 367 490 88 72 444 54 440 -->  9 éléments.
Vk[49] : 331 237 61 324 63 103 242 279 429 -->  9 éléments.
Vk[50] : 486 235 65 425 377 176 422 120 361 -->  9 éléments.
Vk[51] : 470 258 492 231 256 118 461 295 -->  8 éléments.
Vk[52] : 50 199 134 410 396 136 347 368 125 -->  9 éléments.
Vk[53] : 499 270 130 327 457 418 433 189 -->  8 éléments.
Vk[54] : 328 272 12 92 487 151 491 317 126 -->  9 éléments.
Vk[55] : 36 156 211 22 58 239 359 150 -->  8 éléments.
Vk[56] : 478 456 304 351 127 311 261 201 424 -->  9 éléments.
Vk[57] : 314 154 298 451 83 173 309 326 392 -->  9 éléments.
Matrice M
M[0] : 8 5 6 6 4 5 3 4 6 4 4 4 3 2 0 4 5 6 7 3 5 5 6 5 7 7 5 2 0 5 2 6 3 3 4 2 3 2 5 3 4 7 6 3 4 6 6 1 7 5 6 4 5 3 6 6 9 4
M[1] : 5 0 5 6 4 5 7 2 3 5 5 8 6 5 6 6 2 6 4 6 2 4 4 3 6 4 5 7 3 4 5 5 5 5 1 4 5 6 5 2 5 6 8 3 5 5 6 4 1 3 3 2 6 6 3 3 5 4
M[2] : 7 3 3 5 6 3 4 6 3 4 4 5 5 7 5 5 5 4 4 3 6 6 5 0 4 3 5 3 6 6 3 4 7 5 2 1 4 4 4 4 5 4 2 3 3 9 4 5 3 2 5 5 6 4 5 3 6 5
M[3] : 7 5 6 6 6 3 5 5 4 3 7 5 5 3 3 0 2 8 5 5 5 6 5 3 3 4 4 6 8 8 4 5 7 3 6 5 2 7 6 3 4 3 4 2 4 7 3 6 5 4 7 5 5 2 5 5 4 4
M[4] : 6 4 2 8 4 1 5 3 4 5 5 3 5 4 3 5 5 4 6 4 5 6 5 4 5 4 4 5 5 5 3 6 6 2 4 4 4 6 6 1 5 5 0 4 3 2 5 7 7 6 6 3 5 7 3 6 6 4
M[5] : 2 6 5 2 3 1 4 5 4 6 4 4 4 5 4 5 2 6 7 6 4 6 6 7 7 4 3 3 6 5 4 4 5 3 4 3 4 6 6 6 4 2 7 3 7 2 4 0 7 5 6 3 3 5 6 7 5 2
M[6] : 3 5 2 4 4 4 4 3 5 4 3 0 3 4 4 3 6 3 4 5 4 4 5 3 7 3 2 2 3 3 4 4 5 6 6 5 3 7 5 6 4 6 5 5 6 5 5 6 5 3 4 5 4 4 6 5 5 5
M[7] : 4 3 4 4 4 2 4 0 2 2 3 4 3 6 5 4 2 3 3 3 5 5 6 4 4 6 6 3 5 5 4 4 6 3 5 4 4 4 6 4 4 4 5 5 4 7 7 5 7 4 7 4 4 1 2 4 5 4
M[8] : 7 6 4 7 6 4 3 3 0 6 2 7 5 4 3 5 6 4 4 4 6 5 5 2 7 3 4 3 3 4 4 2 7 8 2 6 4 4 4 5 5 4 4 4 3 5 5 5 4 5 6 6 7 5 6 4 3 7
M[9] : 5 6 4 5 4 7 3 4 5 4 4 3 4 1 4 7 0 6 4 5 4 4 4 4 4 3 6 5 7 5 3 5 9 7 5 4 4 3 3 5 5 4 5 4 4 5 6 5 3 4 4 3 2 3 7 4 2 5
M[10] : 3 5 4 4 4 5 6 2 0 3 4 4 5 5 2 3 4 3 5 4 3 5 2 5 5 5 2 5 4 3 2 4 6 4 4 5 4 4 8 5 4 8 7 4 5 5 6 3 3 4 5 5 3 3 5 3 4 5
M[11] : 3 5 3 2 4 5 6 6 4 6 8 4 5 3 3 7 7 8 5 7 7 4 5 6 3 2 5 5 0 7 3 5 5 3 4 4 6 2 3 5 3 3 5 3 6 4 4 4 4 7 4 2 2 3 5 3 3 2
M[12] : 3 3 4 5 5 4 3 2 3 6 4 7 4 6 5 5 5 2 3 4 5 3 3 3 4 4 3 1 5 5 4 3 4 4 4 6 1 5 5 2 3 6 6 5 5 8 6 1 4 2 4 4 3 4 0 5 3 5
M[13] : 4 7 4 4 5 6 3 4 4 4 5 6 7 5 0 3 3 7 6 6 6 3 4 5 7 6 4 5 7 7 5 7 5 4 5 5 4 6 3 2 3 4 5 5 8 8 6 5 3 6 7 3 2 3 6 2 8 3
M[14] : 4 6 4 3 4 5 6 5 7 4 4 5 0 4 5 5 4 3 4 6 3 7 5 4 7 5 3 5 5 4 4 5 3 4 3 3 5 3 6 4 2 5 5 3 5 6 6 6 5 6 3 5 5 3 5 4 7 6
M[15] : 4 4 5 4 6 2 7 6 4 4 4 6 3 4 5 5 4 3 4 2 4 6 5 5 3 4 5 3 6 6 5 2 5 7 5 4 3 4 5 3 2 5 7 5 5 7 4 4 0 6 5 4 6 3 4 5 5 6
M[16] : 5 4 3 4 6 3 3 4 6 0 3 5 4 6 3 6 4 3 1 2 5 4 2 5 4 6 6 3 3 3 7 5 4 5 4 3 3 6 4 3 3 4 4 4 5 9 7 4 7 7 7 1 6 5 5 3 5 4
M[17] : 6 6 5 7 3 5 4 4 6 1 3 2 3 1 3 7 6 4 7 5 8 6 4 2 3 7 4 6 3 2 3 5 4 4 3 6 4 2 5 0 3 7 4 4 5 5 2 4 4 6 5 5 5 3 4 5 5 5
M[18] : 5 3 2 5 5 0 2 3 5 3 3 4 6 5 3 6 5 1 4 5 7 4 3 4 3 6 6 5 4 6 5 4 5 5 6 6 3 5 5 6 5 5 5 3 5 4 3 5 6 3 2 2 6 1 6 5 4 4
M[19] : 7 4 5 7 5 3 3 5 4 3 5 5 3 4 4 3 4 4 2 6 5 5 5 1 5 2 5 4 2 4 5 4 5 4 6 5 1 6 7 4 4 4 0 4 4 4 4 4 6 5 6 5 5 2 3 2 3 5
M[20] : 5 3 7 3 7 4 4 3 4 1 4 5 5 6 4 5 2 5 2 2 0 4 2 4 4 5 4 5 4 2 4 4 6 5 4 5 2 7 4 4 8 7 5 4 7 4 5 7 6 6 4 4 3 4 4 4 3 6
M[21] : 6 3 4 5 3 3 4 3 6 4 6 4 3 7 2 5 5 4 3 6 5 4 7 3 4 6 5 4 4 3 5 5 5 7 8 3 5 0 5 6 6 5 5 3 5 4 3 2 6 4 3 4 4 6 4 1 4 4
M[22] : 3 4 2 4 4 5 7 5 3 5 3 5 5 5 5 5 4 3 5 5 4 5 3 5 3 5 4 2 5 5 3 6 6 2 4 4 5 2 6 4 5 3 3 3 3 7 5 5 6 2 2 2 2 6 6 0 5 7
M[23] : 4 5 5 4 4 5 3 4 7 1 4 6 2 5 3 4 3 4 5 4 6 5 3 2 4 4 8 2 4 4 2 6 6 6 1 5 5 3 7 4 6 0 6 3 7 4 6 6 5 5 7 6 5 4 4 5 1 5
M[24] : 1 4 5 5 5 7 3 7 8 3 4 3 5 5 5 6 6 0 4 3 5 2 5 6 3 6 3 7 3 5 4 4 3 4 3 3 3 3 5 3 3 2 4 1 4 5 4 6 6 7 8 6 4 3 2 5 2 1
M[25] : 3 1 1 7 8 3 5 2 5 4 5 2 1 7 6 4 5 4 3 3 5 3 1 3 5 5 6 4 4 6 1 4 4 5 2 0 7 0 4 4 6 4 5 2 7 5 6 4 6 5 6 3 2 2 7 5 3 5
M[26] : 4 2 4 6 3 6 1 2 5 5 4 3 4 5 5 2 5 3 3 4 5 3 6 6 4 6 6 7 4 3 5 3 5 5 5 5 4 4 7 3 7 6 4 0 5 5 3 4 6 6 5 6 5 2 4 4 8 5
M[27] : 3 3 2 4 3 5 3 4 7 2 6 5 4 4 5 4 6 4 6 4 7 4 6 5 5 3 2 4 6 6 4 6 2 2 5 5 3 5 2 5 0 6 5 6 5 6 2 4 4 7 5 4 6 5 4 5 4 5
M[28] : 3 4 3 5 0 3 5 3 6 3 5 4 4 5 6 2 7 6 5 4 6 5 6 2 2 5 2 6 6 5 4 5 4 5 6 5 3 8 6 2 4 7 3 4 1 5 5 5 4 7 5 2 2 4 3 2 3 5
M[29] : 3 3 4 4 4 4 3 5 4 4 4 3 4 4 4 7 5 5 6 4 3 3 6 5 4 3 0 2 3 4 7 4 5 1 3 4 5 3 3 2 2 5 6 6 6 6 4 3 5 3 4 3 4 6 6 2 3 6
M[30] : 4 5 3 7 5 4 4 5 9 7 4 7 3 6 4 4 5 5 5 6 5 6 4 4 4 1 5 4 8 5 3 5 4 5 5 3 5 6 5 4 5 3 3 0 7 5 3 2 5 7 6 5 3 4 7 2 4 6
M[31] : 5 4 4 6 3 4 3 3 2 1 5 4 7 6 5 4 6 4 6 4 4 7 6 3 7 5 2 6 5 6 5 2 7 6 2 4 4 3 3 2 5 4 7 6 0 5 6 5 5 5 3 2 4 4 5 5 4 5
M[32] : 3 5 1 7 5 2 6 4 5 2 0 8 5 6 5 3 3 8 3 1 4 4 2 4 6 4 5 3 6 6 5 6 4 5 3 4 5 5 4 4 4 5 5 2 4 6 4 5 1 3 4 7 4 3 5 4 5 3
M[33] : 4 3 4 6 4 4 3 4 6 4 4 5 4 4 4 7 5 5 4 3 5 6 7 5 5 4 2 3 5 6 6 3 4 4 5 0 6 4 5 4 6 3 8 6 3 5 7 1 4 5 5 7 6 3 4 5 3 6
M[34] : 6 6 4 4 3 5 7 4 6 2 4 4 7 6 5 4 5 3 5 3 6 6 5 4 6 6 4 6 4 6 5 3 4 2 4 0 5 6 4 5 8 5 3 5 4 5 7 3 4 5 6 3 5 4 3 4 7 6
M[35] : 8 5 2 2 3 4 3 5 2 6 4 6 3 4 6 3 2 3 5 3 5 5 5 5 7 5 3 5 5 3 1 4 4 4 6 6 5 6 3 6 3 5 6 5 5 6 0 5 6 3 5 2 2 6 6 3 7 1
M[36] : 4 6 4 3 7 6 4 6 5 5 3 5 3 3 2 6 4 8 5 5 5 6 4 5 6 5 3 2 7 4 5 3 7 1 3 3 5 5 5 5 7 5 5 3 5 3 4 3 4 5 7 4 3 3 4 0 5 5
M[37] : 5 4 3 4 6 7 3 5 2 6 2 3 6 7 5 4 3 3 5 4 5 2 2 5 3 4 5 5 0 7 4 3 4 5 5 5 5 4 2 5 7 5 4 5 5 4 6 4 5 4 4 2 5 5 6 6 8 2
M[38] : 5 6 4 5 5 3 6 4 3 6 3 3 4 4 5 6 6 6 0 6 4 5 0 5 4 6 3 5 6 4 5 4 5 4 5 2 3 5 2 4 5 6 4 3 7 4 5 4 3 4 7 5 5 5 4 5 5 3
M[39] : 4 3 4 6 8 4 0 4 5 6 5 7 4 5 3 6 5 5 7 6 5 5 5 4 3 4 3 4 1 4 4 6 8 3 4 5 6 4 3 2 3 6 2 4 6 6 6 4 4 4 5 5 2 4 5 4 7 6
M[40] : 8 4 5 6 4 4 6 4 5 4 4 5 4 4 5 4 7 3 2 6 5 4 5 6 4 5 5 5 3 3 4 6 6 4 6 5 2 5 6 2 0 4 5 6 2 4 4 4 5 4 6 3 5 5 8 3 7 4
M[41] : 7 5 5 0 6 2 5 3 6 6 2 6 2 4 4 4 7 6 6 4 5 2 3 5 7 5 4 6 5 4 5 2 8 3 3 4 4 4 5 6 4 5 4 2 6 4 3 3 3 1 5 5 4 3 4 2 4 6
M[42] : 4 7 4 5 4 5 5 4 4 2 7 6 4 5 4 1 0 7 5 4 6 4 3 5 2 3 5 2 6 2 3 3 3 2 4 5 3 4 4 5 6 6 4 5 5 5 2 3 5 5 2 4 6 4 6 5 5 3
M[43] : 4 3 3 4 3 2 7 5 4 5 4 5 5 4 8 5 6 1 5 7 4 7 8 4 5 5 5 3 7 6 6 2 4 3 3 5 4 1 3 2 5 5 5 3 5 3 0 6 4 4 5 3 5 5 2 7 5 2
M[44] : 7 4 3 2 6 6 6 4 4 4 6 3 7 7 3 4 3 0 3 5 7 5 6 0 6 5 5 6 6 7 5 4 1 3 4 5 2 5 3 3 3 4 6 3 1 5 6 4 6 6 5 5 6 4 3 6 6 7
M[45] : 6 3 3 7 3 4 4 3 5 3 6 4 4 5 4 3 7 5 6 4 4 5 5 3 4 4 6 5 4 3 6 7 3 6 5 3 6 4 5 4 4 4 0 3 3 5 5 3 6 2 5 2 3 5 4 5 4 5
M[46] : 3 5 2 7 5 3 1 4 4 3 4 4 4 3 7 7 5 3 1 5 4 4 6 4 3 0 4 6 3 7 2 3 3 5 2 4 3 5 5 4 6 5 4 3 3 3 6 1 5 4 5 2 6 3 5 5 7 6
M[47] : 5 4 3 5 2 3 3 5 4 3 6 4 5 4 4 3 3 4 5 5 3 3 4 7 2 6 3 7 5 6 4 2 1 0 2 5 3 6 4 6 4 5 6 5 5 5 3 6 4 6 3 7 5 2 4 2 6 3
M[48] : 5 4 4 3 7 4 4 6 4 4 5 6 1 4 2 6 3 3 4 6 6 5 4 4 3 4 4 5 3 3 1 4 6 4 3 5 3 3 7 5 2 3 0 4 6 6 4 4 3 6 3 6 4 4 2 5 4 6
M[49] : 4 2 6 4 7 7 5 2 4 5 6 5 4 4 2 4 7 7 4 4 4 2 4 2 6 3 2 4 4 3 0 5 3 7 2 3 4 5 4 5 4 5 5 5 5 6 6 5 6 4 5 4 2 6 4 2 6 8
M[50] : 7 8 3 5 3 4 4 5 2 5 3 6 5 5 3 7 5 7 5 3 4 3 5 5 4 4 6 3 6 6 3 5 5 4 3 3 6 6 4 5 4 7 4 6 4 7 4 4 4 2 4 5 0 3 5 3 7 3
M[51] : 6 7 4 5 4 4 5 5 6 0 5 6 4 5 5 5 6 3 7 4 2 6 6 4 5 2 3 3 7 5 3 5 3 3 5 6 7 7 4 1 3 5 2 3 6 4 3 4 5 3 5 6 5 5 6 2 2 6
M[52] : 5 3 5 4 6 3 7 2 6 5 3 4 0 4 4 6 6 5 5 3 5 5 7 5 3 5 5 4 4 4 5 4 0 4 5 5 3 6 4 4 6 7 7 2 4 4 3 5 2 6 4 3 6 3 5 4 4 3
M[53] : 6 5 3 3 5 6 6 5 7 5 5 7 4 4 5 4 5 6 6 6 5 5 6 6 4 5 2 1 6 6 6 5 4 0 2 4 2 6 4 4 3 4 6 5 5 4 1 5 5 4 5 6 7 5 3 5 7 3
M[54] : 1 7 6 5 5 5 5 3 4 4 0 5 6 4 3 6 6 5 4 3 7 4 5 4 7 5 3 3 4 4 3 4 4 3 6 4 5 4 4 0 3 3 3 8 7 8 5 1 0 5 3 4 6 4 3 2 4 6
M[55] : 3 5 1 5 6 4 4 4 4 4 2 6 2 5 3 4 2 3 1 5 1 6 5 4 7 3 2 3 5 5 4 4 2 1 4 5 3 7 4 4 4 2 4 0 6 4 8 3 5 5 3 5 5 3 7 3 4 4
M[56] : 3 4 4 5 6 4 5 5 5 5 5 5 5 7 2 4 4 6 4 5 4 5 0 3 5 6 6 3 3 5 3 3 6 5 5 3 4 6 3 2 4 5 2 3 3 3 4 5 4 2 6 7 5 3 3 5 6 5
M[57] : 4 5 2 6 4 5 4 2 6 4 4 4 3 4 3 5 7 3 6 3 4 1 2 3 5 2 5 2 6 5 3 3 1 4 3 3 6 3 5 0 4 4 6 4 3 6 3 4 5 5 6 5 4 7 4 1 5 6
M[58] : 2 5 2 2 6 3 4 3 4 3 3 6 6 5 4 6 5 5 3 4 3 6 5 4 4 2 3 2 8 3 5 4 6 6 5 5 2 3 6 3 2 6 6 2 6 5 4 4 3 5 4 4 3 6 8 0 5 6
M[59] : 5 6 4 5 5 5 4 4 6 4 0 5 5 6 4 4 5 3 4 4 6 7 5 3 2 4 6 3 5 2 5 5 6 5 5 4 3 6 3 5 2 5 6 2 6 5 5 2 3 4 5 4 2 5 4 5 6 4
M[60] : 2 3 2 3 3 2 5 4 2 6 6 5 3 4 4 0 5 4 7 5 2 5 7 5 5 5 7 3 6 3 3 5 4 2 5 4 4 3 3 6 6 3 4 3 4 6 3 4 6 4 4 7 4 5 7 4 7 8
M[61] : 1 2 5 4 6 5 4 3 5 4 2 5 4 4 3 5 5 5 5 4 3 5 5 4 4 7 5 6 5 4 5 3 6 3 5 6 5 3 5 4 5 6 4 4 4 4 3 7 5 0 7 2 4 3 4 4 4 5
M[62] : 5 4 7 5 4 6 5 4 3 1 3 5 4 4 7 3 5 4 3 1 3 5 5 3 3 1 2 4 4 4 3 6 2 7 4 2 6 4 0 5 6 7 3 6 6 3 6 3 3 5 4 4 3 3 7 5 4 5
M[63] : 6 6 5 2 4 4 5 4 4 5 4 3 5 4 4 3 4 6 2 4 4 4 6 3 4 7 5 5 5 5 2 5 4 5 6 6 3 4 3 5 2 4 7 4 6 4 3 2 6 0 7 1 4 6 4 3 3 5
M[64] : 6 5 3 5 5 3 7 5 5 4 5 4 6 6 5 8 6 6 0 3 4 4 4 2 5 7 9 4 6 3 4 5 5 3 4 6 3 2 5 3 7 4 2 4 9 7 7 4 6 6 4 3 5 2 3 3 6 5
M[65] : 4 6 4 2 3 2 6 5 7 7 4 7 3 4 4 4 4 6 5 5 6 4 8 2 6 4 5 5 3 4 4 2 2 3 5 7 4 4 6 5 6 5 7 6 1 4 6 6 5 4 0 5 4 2 3 4 6 5
M[66] : 5 4 5 7 5 4 5 1 8 5 3 5 3 5 5 6 0 4 2 6 4 4 6 3 3 4 4 5 6 5 5 4 2 6 2 3 6 7 6 5 6 4 1 3 3 5 4 4 5 6 7 2 5 3 5 4 6 6
M[67] : 4 4 5 4 6 2 1 7 4 3 4 5 5 4 3 0 4 7 7 5 6 3 5 4 2 6 2 3 5 7 4 2 4 2 3 5 4 3 5 5 4 5 8 2 3 6 2 5 7 5 4 2 4 6 4 2 3 4
M[68] : 7 5 5 4 6 4 1 4 4 2 4 1 2 6 3 8 2 4 4 5 5 5 2 4 6 3 4 4 8 5 5 2 6 6 4 2 6 5 5 3 3 4 0 2 4 4 3 6 6 5 5 4 5 6 3 4 5 5
M[69] : 6 4 2 6 4 2 8 6 4 4 3 6 6 7 5 4 5 3 4 5 5 1 3 0 5 4 3 3 3 4 2 3 6 3 2 2 4 9 5 5 7 6 4 6 4 6 3 6 5 4 6 2 3 6 4 5 3 4
M[70] : 6 5 2 4 6 4 6 2 5 4 5 5 2 6 3 3 0 3 7 4 5 5 4 4 3 5 7 3 6 5 2 4 6 4 6 6 4 8 4 4 6 3 5 6 7 6 5 4 4 5 4 5 4 2 5 5 4 4
M[71] : 6 5 0 8 5 4 2 3 4 2 5 5 3 4 4 3 8 4 7 3 5 6 5 3 6 5 4 4 3 4 5 4 6 6 5 3 6 2 3 4 5 2 3 5 3 5 5 6 5 5 3 3 3 2 3 4 1 3
M[72] : 2 6 4 2 4 4 5 4 3 5 4 5 4 3 2 4 4 5 6 5 7 4 5 4 2 4 6 4 6 2 4 2 5 4 5 4 4 7 4 4 5 6 7 3 6 4 3 2 0 5 5 5 6 6 3 2 1 3
M[73] : 6 4 6 5 5 5 5 4 0 4 4 7 3 6 2 4 4 3 5 4 5 4 5 3 5 3 5 5 2 2 1 5 5 6 7 4 6 3 6 5 6 4 5 5 1 4 4 5 5 6 5 4 5 2 4 3 3 2
M[74] : 2 4 2 5 5 4 3 5 7 5 3 4 5 1 7 6 5 4 2 3 2 3 5 0 6 6 4 3 8 4 4 3 4 5 3 2 3 5 4 5 5 4 2 5 2 5 7 3 6 4 3 5 6 2 6 3 6 5
M[75] : 2 4 3 3 8 4 3 4 4 3 5 6 5 7 4 3 5 4 5 6 8 0 6 5 4 7 3 3 3 5 2 6 4 6 3 3 6 4 6 3 5 6 2 3 3 5 5 6 6 8 5 4 3 2 5 4 5 8
M[76] : 2 3 5 1 3 6 6 6 7 6 4 4 6 6 1 4 3 5 3 5 4 1 2 3 6 0 3 5 6 4 6 2 6 3 5 2 5 4 6 7 4 7 3 2 5 4 4 2 5 5 5 5 5 4 4 4 5 4
M[77] : 5 5 6 2 6 3 5 4 5 3 4 5 2 5 6 3 7 3 6 4 2 5 7 5 3 4 4 5 3 5 5 3 6 5 4 5 5 5 5 5 5 0 4 5 5 5 5 6 3 3 5 3 6 4 4 4 4 5
M[78] : 5 3 5 5 6 5 4 3 2 5 3 6 1 6 2 4 4 5 2 2 5 5 4 2 4 3 9 0 3 4 0 4 5 3 3 2 4 4 4 5 6 7 4 5 4 4 6 6 7 7 2 4 3 2 2 4 6 4
M[79] : 5 5 4 2 5 4 7 5 4 1 5 5 6 5 5 5 2 3 7 4 3 4 3 4 4 5 7 5 6 4 4 0 6 3 3 4 3 5 6 3 6 4 5 4 4 4 4 4 3 7 4 5 7 2 4 5 8 3
M[80] : 2 3 6 7 5 5 4 5 5 3 2 6 2 5 6 7 4 6 4 3 4 3 3 5 4 5 7 5 0 5 4 5 3 5 3 4 5 5 4 3 3 5 7 6 6 3 5 3 5 6 8 6 5 4 5 5 4 4
M[81] : 4 6 4 5 0 5 5 5 5 4 6 5 4 3 3 6 5 5 6 4 3 2 4 4 5 5 4 5 5 6 5 5 3 5 3 2 7 3 6 5 3 4 6 5 5 7 5 2 7 5 3 3 2 3 3 5 3 6
M[82] : 5 5 3 4 5 2 6 4 6 3 4 3 6 4 4 8 5 2 4 4 4 3 2 4 5 3 5 2 3 5 3 3 5 6 4 3 5 8 0 5 5 5 4 5 3 6 2 3 6 4 5 3 3 5 5 5 7 4
M[83] : 2 3 2 4 6 3 8 4 3 5 5 4 5 6 4 6 6 7 5 5 4 6 3 4 5 6 3 5 3 3 6 4 6 4 5 4 5 7 4 5 4 4 5 6 3 5 5 4 4 8 7 4 4 6 2 2 4 0
M[84] : 3 2 2 4 7 2 4 5 5 7 4 4 4 7 3 3 0 2 4 5 6 4 5 2 6 6 5 1 4 4 7 3 8 1 2 3 7 6 6 6 5 4 4 5 3 7 3 5 6 5 7 4 7 8 6 4 7 6
M[85] : 7 7 5 6 5 5 4 2 6 5 4 0 3 7 3 4 2 6 4 1 3 4 6 4 6 6 6 4 8 2 5 4 7 7 5 3 5 7 3 3 6 6 3 4 7 7 5 3 5 3 6 5 7 5 6 5 3 4
M[86] : 5 5 2 3 3 3 5 2 5 4 5 6 6 5 3 5 6 2 4 4 4 3 5 2 4 4 5 3 0 3 6 3 6 6 7 3 6 4 5 2 6 4 4 4 4 4 7 5 6 4 5 6 5 5 5 7 4 4
M[87] : 3 6 6 4 6 4 5 2 7 2 3 5 5 3 7 4 3 6 5 4 3 5 5 3 4 5 4 0 3 6 3 3 4 5 4 4 1 4 4 3 4 3 5 6 6 4 4 3 3 6 4 5 3 6 6 1 4 2
M[88] : 6 6 3 5 5 2 4 4 3 5 3 2 2 5 5 4 4 4 2 5 6 2 5 5 6 6 5 3 4 5 4 3 3 3 4 2 7 4 7 2 9 6 4 5 5 6 6 5 0 4 8 6 2 5 5 6 5 2
M[89] : 6 5 0 5 6 4 7 2 3 4 4 6 6 6 6 5 5 3 1 1 5 3 3 3 3 3 5 3 5 4 5 6 4 4 4 3 7 4 5 3 8 4 6 4 5 7 6 0 4 5 4 6 7 4 5 7 4 6
M[90] : 4 5 5 2 6 6 4 5 0 4 2 5 5 5 1 3 7 5 4 4 5 5 5 5 7 6 7 3 4 6 4 3 4 5 6 6 0 7 6 5 5 5 5 2 6 5 5 4 6 6 4 6 5 2 6 4 7 2
M[91] : 6 3 6 4 3 4 4 5 5 2 3 4 1 6 5 4 2 2 3 5 3 4 1 3 3 4 3 6 5 2 5 3 5 4 4 5 4 4 3 3 0 6 3 4 4 3 3 3 5 6 7 3 6 5 3 5 2 3
M[92] : 3 5 5 3 3 5 5 4 5 2 4 3 5 4 4 6 6 6 3 4 6 3 8 3 5 5 4 3 6 3 4 3 6 6 5 3 5 6 4 4 2 3 4 5 4 5 3 5 5 4 4 6 6 4 0 4 1 5
M[93] : 4 6 2 3 5 3 4 3 2 4 6 6 4 5 3 4 6 4 6 3 2 5 6 2 6 5 3 4 5 3 5 3 0 2 5 3 4 4 5 3 6 5 5 4 5 2 5 5 6 4 5 1 1 5 5 3 5 5
M[94] : 2 5 6 5 5 6 4 2 3 3 5 5 4 5 3 5 4 3 6 5 4 3 4 3 5 3 3 3 5 8 5 4 4 6 4 5 5 4 2 0 4 6 3 3 4 4 6 2 5 5 4 3 2 3 6 5 2 4
M[95] : 3 7 3 6 6 4 4 5 6 5 4 5 6 3 2 2 2 5 4 4 6 5 5 3 5 3 4 3 5 1 0 4 4 3 6 5 6 5 3 5 2 5 5 5 4 8 5 6 6 5 3 4 4 5 6 6 7 4
M[96] : 5 5 4 5 4 5 4 2 5 2 6 5 2 3 4 3 8 4 4 4 8 5 0 6 8 5 5 5 6 5 5 4 5 2 6 4 2 5 7 5 0 6 4 6 1 3 4 4 5 4 3 4 6 3 2 6 5 3
M[97] : 3 5 4 4 7 3 5 5 6 6 1 5 5 4 0 3 7 3 4 3 4 6 4 3 3 4 3 5 6 4 5 6 4 6 6 4 4 3 4 4 5 0 5 2 5 5 4 1 5 5 5 4 3 5 2 4 1 3
M[98] : 6 8 6 3 6 4 4 7 5 7 4 7 2 0 4 5 5 7 3 5 6 6 4 3 4 4 4 2 3 1 4 3 3 4 4 5 3 4 4 3 5 7 7 5 5 5 6 6 3 5 6 3 8 3 2 2 6 5
M[99] : 3 4 5 6 3 3 3 3 6 5 4 6 4 6 4 6 4 6 4 4 4 4 8 5 3 5 7 3 3 5 5 4 6 5 3 4 2 2 4 2 5 3 6 5 7 3 6 0 6 6 5 4 4 2 3 2 5 4
M[100] : 5 4 3 3 8 6 4 2 7 4 3 5 4 7 5 5 4 5 8 3 3 5 4 4 6 5 7 0 4 5 3 6 4 2 4 6 3 5 4 4 8 4 4 4 7 5 4 3 5 2 4 5 3 4 2 5 4 4
M[101] : 6 4 7 6 2 5 4 3 3 2 4 2 4 4 3 3 3 8 6 5 2 0 6 4 6 6 4 4 1 5 6 4 7 4 4 2 3 5 6 5 5 3 6 4 4 3 5 4 6 4 3 4 4 4 5 5 4 1
M[102] : 4 4 5 4 4 7 3 5 5 4 4 4 6 4 3 0 4 5 6 3 7 7 3 4 3 3 4 4 6 5 7 4 5 3 6 5 4 8 7 4 1 4 4 3 5 3 4 3 8 4 5 4 5 3 5 4 3 5
M[103] : 4 5 4 7 6 6 4 3 5 3 3 4 4 3 4 4 5 4 6 6 8 2 3 2 5 3 5 3 7 5 3 4 4 4 2 2 5 4 5 4 7 2 5 5 4 4 2 2 3 0 5 3 6 6 2 5 5 5
M[104] : 3 0 5 5 5 4 6 6 3 2 2 5 3 4 3 5 4 8 6 2 4 6 6 4 4 6 3 6 7 4 7 8 4 2 3 3 5 4 5 5 2 6 5 2 3 5 3 5 6 6 5 5 7 6 4 4 4 4
M[105] : 5 7 6 5 6 3 4 5 9 2 5 5 5 2 6 5 8 4 2 2 3 4 3 3 5 7 5 7 7 7 8 5 4 2 4 4 2 5 5 4 4 5 5 5 5 0 5 5 4 5 3 3 5 7 4 3 4 5
M[106] : 2 3 5 5 6 2 2 0 4 3 2 5 8 7 3 2 2 3 7 5 3 4 6 3 6 2 6 3 3 4 3 6 4 6 5 5 4 6 6 5 6 2 2 6 4 6 6 5 4 4 4 5 5 2 4 8 3 3
M[107] : 5 4 4 2 6 3 5 4 7 5 4 3 6 4 4 4 6 3 3 3 5 5 5 4 2 5 7 4 4 8 3 4 3 0 2 3 6 2 6 3 4 6 4 4 4 4 4 4 4 7 2 2 4 3 5 4 6 5
M[108] : 6 4 3 3 5 2 6 3 3 3 4 4 3 4 4 5 5 0 4 2 4 5 4 4 4 3 7 5 3 4 6 4 5 4 3 4 2 3 5 6 7 5 4 5 4 6 4 3 5 4 4 4 2 5 3 5 6 7
M[109] : 6 5 3 5 5 6 5 6 1 4 3 4 6 5 0 5 3 7 6 4 8 3 3 1 6 4 5 7 5 5 2 3 3 7 3 5 2 3 6 3 5 7 5 2 4 3 3 6 4 4 5 5 1 2 0 3 6 7
M[110] : 7 5 4 4 5 3 6 0 4 5 7 3 5 5 4 7 4 7 7 4 7 2 4 5 2 7 3 4 5 5 3 4 5 5 4 4 4 5 3 5 6 3 5 0 3 4 4 3 8 5 4 5 5 5 5 3 5 5
M[111] : 5 6 5 4 5 4 5 3 5 5 5 6 4 3 4 4 3 4 6 6 5 3 4 6 0 6 7 6 7 6 3 5 5 1 5 3 3 4 3 5 3 2 3 2 4 3 5 6 6 6 4 5 4 5 6 5 6 4
M[112] : 2 7 4 4 4 5 7 2 5 4 0 4 4 4 2 8 8 4 6 6 5 3 7 3 5 3 4 5 3 3 5 1 7 3 5 2 4 6 6 3 5 4 4 4 6 4 6 2 4 4 5 2 4 5 5 6 4 6
M[113] : 7 5 4 5 5 6 2 4 3 4 5 3 5 4 7 5 6 3 7 4 3 5 2 5 5 2 2 2 4 3 6 7 2 4 4 6 7 4 3 0 6 3 7 5 4 4 8 2 2 3 5 4 3 4 5 6 4 4
M[114] : 3 7 4 2 4 4 3 5 3 3 3 3 3 4 6 5 7 1 2 4 3 3 1 7 5 5 7 5 0 5 4 6 5 7 6 4 4 4 4 4 2 4 4 8 4 8 3 4 2 9 2 5 2 5 5 5 5 4
M[115] : 4 6 4 2 5 3 3 4 5 5 3 6 6 5 4 6 4 3 4 2 4 3 4 5 5 6 5 1 5 4 6 3 8 2 3 6 3 0 4 6 2 5 3 5 2 6 6 6 2 5 4 2 6 5 6 6 3 6
M[116] : 5 6 5 3 3 1 2 2 4 6 4 2 3 5 3 3 6 6 3 5 4 4 6 2 9 7 0 7 8 2 1 6 2 7 5 5 7 3 4 4 6 6 3 3 3 4 6 4 7 6 3 3 7 3 3 4 4 4
M[117] : 5 4 5 6 5 5 4 3 7 4 3 3 1 4 5 4 6 4 4 5 3 2 5 7 4 4 6 4 3 5 2 4 0 3 3 4 6 5 5 5 3 6 5 4 3 7 3 5 5 6 6 4 7 4 5 5 4 6
M[118] : 5 2 4 6 3 3 0 4 6 4 5 5 5 5 5 5 5 5 8 5 2 3 1 5 5 5 3 7 8 1 5 3 7 5 6 2 4 2 3 3 5 6 5 6 3 8 3 5 6 3 6 0 5 4 5 2 3 4
M[119] : 4 5 5 4 6 4 5 3 5 6 4 7 6 4 5 4 5 5 3 4 5 3 7 3 4 8 2 6 5 5 5 5 7 3 4 3 7 0 4 3 4 4 2 4 4 7 4 3 5 1 4 6 8 3 5 3 5 5
M[120] : 5 5 4 6 5 4 4 6 4 6 6 6 3 7 6 3 4 4 5 4 5 2 0 5 3 4 4 2 5 1 3 1 6 1 5 4 2 6 3 4 1 5 8 2 4 6 3 5 5 8 0 4 6 5 5 2 5 7
M[121] : 5 4 3 5 5 7 0 6 3 5 5 4 5 4 3 3 6 8 3 4 5 2 2 4 3 2 1 5 3 8 5 0 6 4 5 4 4 5 3 2 4 5 4 1 7 4 6 5 5 4 5 3 7 3 4 5 4 6
M[122] : 4 4 6 7 4 6 6 4 4 2 5 4 6 4 2 4 0 5 6 6 3 6 4 3 5 7 4 3 4 3 3 4 6 5 6 5 4 4 3 4 5 6 6 4 5 6 4 3 4 2 5 8 6 5 5 2 4 7
M[123] : 4 4 3 2 4 3 6 3 4 7 5 6 3 6 3 5 4 6 6 7 5 6 5 2 6 3 5 5 1 5 4 5 5 6 2 5 6 6 4 5 1 6 2 6 0 6 3 7 5 3 3 3 2 7 6 5 2 4
M[124] : 6 0 4 5 5 5 6 3 6 3 3 4 2 4 4 1 7 2 5 3 7 3 2 4 7 4 5 5 4 6 3 6 6 4 7 1 1 4 7 6 6 3 6 4 7 5 8 2 6 2 3 2 6 5 6 6 3 8
M[125] : 6 5 3 4 6 5 3 5 5 6 2 4 6 4 4 4 4 5 5 7 5 5 4 7 4 5 6 5 5 4 2 8 6 4 6 2 3 3 3 4 5 3 6 5 4 6 2 5 5 2 3 4 0 1 7 2 4 6
M[126] : 6 6 5 3 1 4 5 4 4 3 5 5 4 5 4 7 2 2 5 4 6 3 5 5 5 3 5 2 7 4 4 4 3 4 4 4 4 6 4 3 3 3 3 4 4 5 2 6 5 5 5 5 6 5 0 5 4 5
M[127] : 6 7 1 5 4 4 5 2 4 2 5 6 5 8 3 2 3 6 7 5 4 6 7 3 3 6 3 6 6 6 5 4 6 3 3 5 4 3 5 4 5 5 2 2 5 5 8 3 3 4 3 4 4 3 4 4 0 8
M[128] : 5 4 3 0 2 6 3 2 5 5 3 4 7 4 6 5 2 4 6 4 4 6 4 7 5 4 5 3 5 3 6 5 7 3 4 4 3 5 7 3 4 3 8 6 6 5 4 4 4 3 5 5 3 4 4 4 5 2
M[129] : 3 5 2 5 7 2 3 2 7 4 2 3 4 3 0 4 5 6 5 5 5 3 3 4 3 4 6 2 1 4 2 5 7 4 4 7 4 3 7 4 4 5 4 4 7 4 6 6 2 5 7 6 5 6 7 3 6 6
M[130] : 3 9 2 5 4 4 5 3 4 5 5 6 5 5 6 6 5 2 3 6 4 5 4 3 4 4 4 3 3 5 2 4 4 4 6 3 3 6 4 5 3 4 5 5 7 5 3 3 3 3 5 2 2 0 5 3 6 5
M[131] : 3 5 3 4 2 4 4 5 4 4 5 6 5 7 7 3 6 6 5 3 8 3 3 2 5 4 3 6 4 3 5 5 5 5 5 3 4 5 5 6 5 0 5 4 7 7 5 3 6 8 6 4 4 4 6 6 4 3
M[132] : 6 6 7 4 2 7 7 4 5 2 4 6 5 2 4 6 3 2 2 4 6 6 5 5 5 3 5 3 6 5 5 6 0 2 4 5 5 5 6 5 4 6 2 4 6 7 3 5 3 5 5 4 5 3 5 4 5 4
M[133] : 4 5 4 5 6 5 2 6 6 7 5 4 6 5 3 5 2 3 5 5 4 3 6 4 4 6 6 4 6 5 0 2 4 5 4 5 6 7 2 4 5 6 4 3 5 5 1 2 7 2 2 5 4 5 3 3 5 5
M[134] : 4 5 3 6 4 3 3 3 4 5 2 4 5 7 3 4 5 5 4 7 4 5 4 5 4 5 3 4 2 7 3 4 5 4 7 4 6 7 4 4 4 5 3 2 6 5 2 7 3 2 5 3 0 2 4 4 5 4
M[135] : 6 4 6 7 7 5 4 6 4 5 3 3 4 6 5 3 4 3 6 0 2 5 4 3 6 2 6 4 4 2 7 5 4 5 7 4 3 6 3 5 2 7 5 6 7 4 7 6 3 5 7 5 7 5 5 6 6 6
M[136] : 3 8 4 4 4 4 3 6 6 3 3 3 3 4 5 4 5 5 5 2 4 4 4 4 4 5 4 4 5 6 4 4 2 2 4 3 6 5 1 5 6 6 3 2 3 6 5 7 3 5 8 3 0 3 3 4 4 8
M[137] : 4 5 4 5 5 5 3 6 3 5 4 6 6 3 4 6 5 6 5 2 5 1 7 5 6 7 4 1 6 3 3 4 3 5 7 5 4 5 1 6 6 4 5 6 6 0 3 6 4 6 6 5 4 7 6 4 5 6
M[138] : 6 6 3 5 0 4 4 7 4 2 4 5 3 5 4 6 6 6 7 5 5 3 8 5 7 6 4 6 4 2 4 3 4 6 6 3 4 4 4 5 3 4 6 3 6 6 5 5 4 5 3 4 5 3 2 6 3 5
M[139] : 4 3 5 4 5 6 4 6 4 3 0 5 4 5 0 5 4 4 3 4 4 8 4 4 4 3 6 1 4 4 6 2 6 1 7 4 5 7 1 3 6 5 5 4 4 3 3 5 5 4 4 4 5 4 6 4 5 4
M[140] : 7 8 2 4 5 3 6 5 5 6 4 4 7 3 5 3 4 4 5 4 4 7 4 5 4 5 5 4 6 3 7 3 3 2 5 6 5 6 4 4 4 4 3 6 0 4 6 4 5 2 6 5 4 5 6 7 4 6
M[141] : 8 0 4 3 2 3 5 3 6 4 6 5 4 5 4 7 5 3 6 5 3 6 6 4 4 3 5 5 4 6 6 1 5 5 3 4 7 5 2 3 4 6 5 3 2 2 3 5 5 4 6 6 4 7 6 5 5 5
M[142] : 5 3 4 4 6 5 6 5 5 4 4 4 5 3 4 4 5 2 2 4 5 4 3 4 4 5 7 2 5 4 5 3 8 7 7 1 5 3 4 3 3 5 4 3 0 5 7 4 4 8 6 3 6 3 3 4 7 6
M[143] : 4 4 1 2 6 3 4 3 5 3 0 5 3 4 5 3 7 6 7 3 2 6 7 4 5 4 5 4 3 4 4 4 3 5 4 3 5 1 6 4 6 3 4 4 6 8 1 3 4 4 6 4 4 4 4 6 6 5
M[144] : 4 5 3 0 7 3 3 3 3 4 3 5 6 4 4 5 6 5 6 6 3 3 4 6 6 5 3 2 4 4 3 3 5 1 5 5 2 6 3 2 3 3 5 6 5 4 5 6 5 5 3 3 4 2 3 4 3 6
M[145] : 4 3 3 2 5 4 7 6 0 4 5 2 4 5 3 6 3 4 5 5 5 4 6 1 4 6 5 4 5 5 4 4 7 6 5 3 5 6 3 5 4 5 3 6 6 8 3 1 7 5 7 5 6 4 4 5 3 2
M[146] : 7 5 4 5 8 3 5 3 5 4 4 4 4 4 5 4 3 5 3 3 4 7 6 5 4 4 6 4 5 4 4 2 5 2 6 3 4 5 3 2 6 0 5 4 7 3 5 5 3 4 7 5 5 7 5 3 5 4
M[147] : 4 6 2 4 3 4 7 4 4 4 3 6 2 4 2 4 4 4 5 4 3 2 3 5 6 6 7 2 3 3 0 5 5 4 5 6 4 4 1 6 4 4 5 3 4 6 5 3 6 3 5 6 6 4 6 1 5 3
M[148] : 4 5 2 5 6 4 5 5 4 2 3 2 3 0 2 4 3 5 5 6 6 3 5 2 6 2 5 6 4 7 4 6 3 2 5 4 4 3 4 4 3 3 2 5 2 4 4 5 4 2 5 4 5 3 3 2 4 3
M[149] : 4 6 4 7 4 4 5 7 5 5 3 3 2 5 6 5 5 5 4 5 4 4 7 2 8 5 4 3 5 5 4 5 6 4 3 1 5 0 3 3 6 2 4 6 5 3 4 5 3 6 2 4 4 4 3 1 3 4
M[150] : 7 6 4 1 2 4 6 3 8 3 4 4 5 4 4 6 5 6 3 5 8 6 5 0 4 3 4 1 3 4 4 4 4 4 5 6 5 3 6 5 6 5 6 2 6 4 4 4 4 3 4 4 6 6 5 0 4 3
M[151] : 4 3 6 3 4 7 4 3 5 3 4 3 4 6 4 5 7 3 6 4 2 5 4 4 5 5 4 2 6 5 5 1 3 2 8 5 7 2 6 6 2 4 6 3 7 3 3 4 4 4 5 4 2 4 0 7 6 4
M[152] : 5 4 5 7 6 0 6 4 2 5 5 7 4 5 3 5 0 5 3 4 2 5 4 6 4 7 8 3 7 4 4 5 2 5 6 5 3 6 4 4 6 6 5 4 6 5 4 6 7 5 3 4 7 5 4 4 3 3
M[153] : 3 1 3 6 3 6 7 3 3 5 3 5 5 5 3 8 4 6 5 2 5 6 8 1 4 6 2 3 5 0 3 5 7 3 4 4 4 4 5 3 4 2 3 4 6 4 5 4 4 4 5 3 5 4 5 5 3 6
M[154] : 4 5 3 7 5 5 3 3 6 4 3 7 5 7 3 7 4 4 7 3 2 4 0 4 5 6 1 2 3 5 4 4 2 5 4 5 5 3 5 2 5 6 7 5 4 5 3 5 5 4 3 4 6 6 5 3 5 0
M[155] : 5 4 2 4 6 4 4 5 7 4 5 3 2 5 4 7 7 6 5 6 5 5 8 5 7 5 4 4 1 5 3 5 6 5 5 1 4 6 0 4 4 4 7 2 5 7 4 4 3 6 6 6 6 5 4 6 7 7
M[156] : 3 4 4 7 5 4 5 4 5 4 4 5 3 1 5 3 5 5 6 5 4 4 3 4 3 7 3 5 7 6 4 2 4 1 4 5 2 5 5 3 7 5 2 3 2 4 3 6 5 4 6 5 5 3 5 0 5 5
M[157] : 5 5 4 3 3 2 4 4 5 4 5 4 5 0 5 4 4 8 5 3 8 6 5 5 5 3 7 3 4 3 6 4 4 4 3 4 3 6 4 5 4 6 4 4 5 2 5 4 4 5 8 3 3 4 7 5 6 7
M[158] : 4 1 4 4 4 2 4 4 4 4 5 3 4 3 7 6 6 5 6 4 5 4 4 4 2 3 2 6 4 6 6 6 5 5 2 5 2 0 6 5 4 2 6 5 3 5 3 7 6 6 4 3 4 5 6 4 6 4
M[159] : 4 4 5 3 6 4 3 6 5 4 6 7 6 5 2 5 4 4 5 5 3 3 5 4 2 4 6 1 7 6 4 5 7 1 0 4 2 3 5 3 6 4 5 6 5 1 2 4 5 1 5 3 7 5 7 1 7 5
M[160] : 0 6 5 7 5 4 4 5 6 6 4 4 4 6 4 6 4 6 4 3 4 4 7 6 7 5 5 3 2 7 5 7 5 1 4 6 4 6 7 5 1 6 7 6 5 4 5 2 3 5 2 5 3 3 2 4 6 6
M[161] : 5 5 6 5 4 7 6 4 4 4 4 4 3 5 2 5 3 3 8 1 4 0 2 3 6 3 6 4 4 6 5 3 7 4 5 6 4 0 2 3 5 7 5 5 7 5 6 4 2 1 5 4 5 5 0 6 3 5
M[162] : 3 5 6 5 4 4 4 2 4 6 5 4 5 3 5 6 0 3 5 3 4 4 4 8 6 5 3 2 5 5 4 4 6 1 3 4 2 3 5 5 6 5 4 5 5 5 5 5 6 6 2 5 2 2 7 3 4 5
M[163] : 5 3 1 5 3 3 6 5 5 3 4 7 5 5 4 5 3 6 3 5 4 3 3 3 4 4 6 5 4 6 3 3 2 2 6 3 5 5 4 5 3 0 3 3 1 5 5 4 4 4 5 5 5 5 3 3 4 5
M[164] : 4 5 4 3 4 5 4 4 4 3 4 3 3 5 4 3 0 5 5 3 1 3 5 2 3 5 6 5 3 5 4 3 2 4 5 7 2 3 7 3 7 6 6 3 4 4 7 3 5 4 6 5 5 3 4 3 4 5
M[165] : 3 2 6 5 2 4 4 2 4 6 4 6 4 5 0 2 4 3 3 3 1 4 5 4 4 6 6 6 5 4 3 4 2 4 3 4 5 6 4 4 6 4 7 3 4 6 4 5 5 2 3 2 4 6 5 5 4 3
M[166] : 8 7 4 6 4 6 5 3 6 3 4 4 2 4 5 6 5 5 5 5 0 4 5 4 5 5 5 5 3 3 3 5 7 5 3 4 5 6 6 5 6 4 7 6 5 4 5 2 5 4 5 3 4 3 5 5 2 4
M[167] : 4 5 4 5 6 5 4 3 7 5 4 6 3 6 5 5 5 5 2 6 4 0 6 3 4 4 5 5 2 5 1 4 4 4 0 5 2 6 5 3 4 6 3 4 7 3 5 5 5 5 2 3 2 5 2 4 5 4
M[168] : 5 4 5 5 8 3 2 5 3 4 1 6 1 4 2 5 6 4 6 5 5 4 7 6 3 4 3 4 4 3 3 3 0 3 4 5 6 5 5 2 6 3 4 1 7 5 4 6 5 4 3 5 3 3 4 4 4 5
M[169] : 6 4 7 3 6 4 5 5 4 5 5 3 6 7 4 5 6 7 4 6 5 3 0 3 3 3 5 5 5 4 4 6 6 4 4 6 5 5 4 6 4 0 2 4 5 5 5 4 5 5 5 3 6 4 5 5 8 5
M[170] : 4 1 6 5 5 5 6 5 4 0 6 5 3 3 4 5 4 4 7 5 3 5 6 4 5 3 6 1 4 3 2 5 3 5 6 2 4 7 5 2 4 2 5 6 1 5 4 5 2 5 5 4 4 5 3 5 4 5
M[171] : 7 3 7 5 5 3 1 4 3 2 3 4 4 4 4 5 7 2 6 4 4 4 5 3 5 0 2 4 7 4 4 5 5 3 5 3 8 3 2 4 3 6 5 3 2 7 5 4 3 5 4 1 5 4 4 3 4 3
M[172] : 4 0 7 3 5 5 4 5 3 3 6 4 5 6 3 6 4 8 5 4 7 6 4 3 8 4 4 3 5 6 4 3 4 2 3 4 7 3 3 5 4 5 4 3 1 4 6 4 4 5 5 4 6 3 5 2 5 3
M[173] : 4 1 6 4 5 4 7 6 5 2 2 4 5 3 5 6 5 4 7 4 2 4 4 4 5 5 4 5 6 4 3 5 5 3 5 4 4 5 6 4 5 7 5 5 8 3 4 4 7 5 6 1 4 4 4 7 6 0
M[174] : 5 5 3 3 4 4 5 8 2 3 7 6 3 5 5 5 5 6 6 1 0 3 5 2 5 5 5 1 4 3 4 5 4 3 6 7 4 2 4 7 5 4 4 2 3 5 5 3 5 4 7 6 4 6 5 4 3 3
M[175] : 7 7 3 3 6 2 0 2 4 5 5 4 1 6 1 6 3 2 6 2 3 7 3 6 4 5 2 6 6 3 6 3 4 5 4 2 5 6 5 5 3 5 4 3 6 3 3 5 3 7 6 3 4 6 5 2 6 6
M[176] : 5 6 5 5 6 7 7 4 3 3 3 4 3 4 3 7 5 3 3 4 2 4 6 4 3 6 5 4 5 5 4 7 7 3 2 5 2 3 6 4 4 6 5 3 5 2 5 4 4 5 0 3 5 4 6 4 2 4
M[177] : 7 3 4 5 4 4 5 5 4 6 5 4 2 3 4 4 5 7 6 5 3 4 6 4 6 6 4 4 4 4 4 4 5 4 0 5 5 7 5 5 5 3 5 6 2 6 5 4 2 3 5 3 6 5 7 4 2 4
M[178] : 5 3 4 6 4 6 5 5 4 6 1 3 7 5 3 7 5 3 3 4 6 5 4 4 7 7 4 2 5 2 5 6 3 3 3 1 5 1 0 4 5 5 3 6 4 5 5 5 4 4 4 5 7 6 3 6 7 6
M[179] : 4 4 6 4 3 5 0 2 7 5 3 5 4 2 5 4 6 4 8 4 6 4 4 4 6 4 4 6 4 5 4 5 3 5 3 5 5 5 6 5 5 3 5 2 6 5 4 6 7 3 8 4 5 5 1 6 4 4
M[180] : 5 6 3 4 6 5 6 3 8 4 2 4 4 5 5 4 3 7 4 3 4 6 1 2 4 3 6 2 6 4 5 7 6 4 3 6 0 2 4 2 2 5 4 5 4 4 2 4 6 4 3 7 5 2 4 4 2 4
M[181] : 4 6 4 5 4 4 7 3 7 5 3 7 5 4 6 6 7 7 3 5 6 4 7 3 4 5 4 6 3 5 6 3 6 7 5 5 4 6 2 4 2 0 2 2 3 1 6 3 4 3 5 3 5 5 3 4 3 4
M[182] : 5 7 7 4 2 4 5 6 8 5 5 6 4 3 3 5 7 5 6 7 5 5 8 2 3 4 6 7 6 6 5 5 4 5 4 3 5 3 3 6 3 3 5 0 7 6 5 2 4 5 4 3 3 3 4 5 4 4
M[183] : 5 5 2 3 6 4 5 4 4 4 7 4 0 3 5 6 2 6 4 3 3 7 4 5 3 6 5 4 5 7 6 3 1 4 2 3 4 6 5 2 4 5 2 3 6 3 2 5 5 2 6 5 4 2 5 2 6 3
M[184] : 2 5 3 7 8 4 6 0 4 6 5 2 4 3 3 4 4 3 5 5 5 5 3 5 6 7 4 3 3 1 3 3 3 4 6 3 6 3 5 4 7 5 5 3 5 4 4 3 4 4 3 3 4 2 7 3 4 6
M[185] : 6 4 4 2 7 4 4 1 4 4 6 7 4 3 2 3 4 3 4 4 5 6 4 0 4 6 5 2 6 5 3 4 5 5 5 4 5 6 5 4 6 1 1 3 4 5 5 5 7 4 4 6 7 2 6 6 4 5
M[186] : 5 5 6 6 4 0 1 3 5 3 3 5 5 5 4 4 4 6 6 4 6 6 5 2 5 3 4 4 5 4 5 3 7 5 6 3 4 5 0 4 5 6 8 3 5 4 3 5 7 7 4 4 1 5 6 3 6 4
M[187] : 3 2 4 5 4 4 3 6 5 4 3 5 0 3 4 5 6 7 3 4 4 3 6 2 5 4 6 1 6 4 4 6 4 5 5 4 5 5 6 3 5 5 3 4 8 5 4 5 2 4 2 4 6 4 6 4 5 4
M[188] : 5 5 5 3 6 5 3 5 6 5 2 5 2 6 2 4 6 7 2 4 6 6 5 6 2 5 3 4 4 4 4 6 3 5 4 4 3 6 2 4 3 4 4 4 3 3 0 5 6 5 4 4 4 3 5 5 4 4
M[189] : 0 6 4 4 7 4 5 3 5 5 1 6 3 4 1 3 4 6 3 4 6 4 5 3 2 4 7 6 4 4 4 5 6 1 4 3 4 6 6 4 4 5 5 1 5 5 4 3 3 8 2 2 2 0 6 5 3 6
M[190] : 4 4 4 5 7 4 7 4 6 4 4 5 3 0 4 7 4 3 5 5 3 4 6 6 2 4 6 5 6 7 5 5 4 5 6 6 4 6 7 4 5 5 5 4 5 5 7 2 6 3 5 3 5 4 6 1 5 2
M[191] : 7 3 4 2 3 4 6 5 6 4 5 4 6 5 3 6 5 3 7 4 4 2 7 6 0 3 5 2 4 6 6 3 4 2 3 6 3 3 4 4 2 4 5 6 4 6 4 4 5 5 4 5 4 3 6 4 3 4
M[192] : 5 5 4 6 4 6 4 4 6 3 7 4 5 5 5 4 5 2 5 1 6 4 6 2 6 2 4 5 7 8 3 5 7 4 6 4 3 3 2 4 5 4 4 3 0 6 4 5 7 5 4 4 4 5 7 2 6 3
M[193] : 4 7 5 6 4 5 5 4 3 4 4 3 4 4 4 4 7 1 7 1 6 5 5 3 5 6 5 5 7 8 5 0 7 3 2 0 4 3 5 3 4 5 4 3 5 6 1 8 5 4 3 7 6 4 5 2 5 8
M[194] : 2 6 4 5 4 5 4 4 5 7 4 5 4 6 5 2 3 2 4 5 4 5 6 5 0 4 5 5 5 4 4 5 4 4 4 5 7 5 3 6 6 4 1 5 4 3 4 3 6 5 5 5 7 2 6 3 7 6
M[195] : 4 6 3 7 3 3 4 3 5 2 6 5 4 3 5 6 3 6 5 5 5 5 0 3 4 5 2 6 4 4 5 4 2 2 4 3 3 4 5 4 2 4 4 3 4 3 6 5 4 4 5 3 4 6 4 7 6 2
M[196] : 6 5 3 6 6 4 2 2 4 5 6 4 7 5 3 6 7 8 4 0 4 5 7 3 5 2 3 4 5 3 3 4 5 4 4 2 1 3 5 2 6 2 4 7 5 6 3 4 4 3 7 6 3 5 4 5 5 4
M[197] : 4 4 4 4 5 3 4 4 3 7 6 2 2 4 3 4 4 4 4 4 5 7 6 3 3 2 0 4 5 5 3 3 6 5 3 5 3 3 7 2 5 6 3 5 1 5 4 6 4 6 5 2 5 4 8 2 7 1
M[198] : 4 3 5 3 4 4 1 7 6 6 2 5 4 6 6 7 4 4 4 5 4 6 4 4 4 3 3 5 4 4 4 2 5 5 0 4 4 4 1 3 6 6 5 7 5 6 5 5 6 4 4 5 4 4 4 5 6 6
M[199] : 4 2 5 5 3 5 4 3 4 5 6 7 4 3 6 3 3 2 6 6 3 4 4 3 7 3 8 4 4 4 5 6 4 6 6 4 4 5 4 1 4 6 4 5 3 4 4 4 5 6 8 8 0 3 4 3 5 3
M[200] : 6 5 5 5 0 7 5 3 5 3 4 5 3 5 5 7 6 7 6 6 5 4 5 6 5 4 5 4 6 4 5 6 6 3 6 2 3 4 5 4 5 6 7 3 6 4 6 6 5 7 4 4 6 5 7 5 6 4
M[201] : 4 2 4 6 4 3 5 5 5 2 5 6 3 1 3 6 6 3 4 3 3 2 6 6 4 3 3 5 7 6 4 3 6 3 2 4 2 5 7 3 5 3 5 4 5 5 3 5 2 4 3 4 5 4 4 4 0 5
M[202] : 5 4 4 4 5 6 6 3 3 5 3 5 3 6 3 7 5 5 6 6 5 4 5 5 6 6 6 2 6 4 3 5 6 3 0 2 5 6 5 4 6 6 2 5 3 4 4 4 6 6 1 4 6 4 4 4 2 5
M[203] : 2 4 0 4 7 6 5 6 2 6 1 6 7 6 4 5 4 4 6 3 7 6 6 3 7 2 4 4 5 4 6 4 6 2 6 2 2 3 6 5 5 4 6 6 3 4 6 3 5 6 4 5 5 3 4 3 6 4
M[204] : 3 4 4 5 3 3 4 4 4 3 4 7 5 6 4 5 5 0 7 5 3 6 4 5 7 0 5 4 4 4 5 3 2 6 3 6 5 5 2 6 3 4 5 5 4 5 5 6 6 3 3 4 5 6 4 5 3 5
M[205] : 5 4 3 3 3 3 5 5 3 6 3 3 4 5 6 3 3 6 5 2 1 6 5 3 5 2 3 4 5 5 7 0 4 3 5 3 4 7 2 6 3 5 7 5 4 4 1 3 5 5 5 6 6 3 4 1 5 5
M[206] : 4 5 2 6 2 3 6 4 8 6 5 6 3 4 5 6 3 3 0 5 6 5 6 3 5 4 3 5 3 8 4 6 4 4 4 3 5 9 6 7 2 5 7 3 6 6 6 3 4 4 6 5 4 5 3 4 5 6
M[207] : 4 6 4 1 5 4 3 4 4 2 6 6 6 4 5 5 5 3 7 4 5 7 3 3 4 6 6 4 5 5 4 0 5 4 6 6 5 4 3 4 6 5 5 3 5 4 5 4 4 4 4 3 4 4 4 5 4 7
M[208] : 6 3 7 6 7 1 5 6 2 2 4 4 5 6 0 6 3 6 4 4 5 4 4 5 3 5 5 4 3 5 4 4 7 5 2 3 5 5 3 4 6 5 2 5 3 4 4 2 6 6 5 5 6 6 6 3 3 5
M[209] : 5 3 3 5 4 5 6 4 7 2 6 5 4 0 6 5 5 2 6 3 2 4 7 4 3 6 5 6 7 4 2 4 4 5 5 7 5 4 5 3 6 5 4 3 3 2 2 5 3 5 3 3 4 5 5 3 4 7
M[210] : 4 5 6 3 3 5 4 3 6 3 4 4 5 2 4 4 7 6 4 3 4 3 4 4 6 1 6 5 4 6 4 3 5 4 3 3 3 4 8 3 0 5 6 4 5 5 4 6 3 7 6 4 4 4 5 5 4 5
M[211] : 4 4 5 5 5 5 4 3 4 2 5 3 5 3 4 3 2 7 7 8 3 6 3 3 3 2 4 4 5 3 4 5 4 5 3 3 2 1 4 5 4 6 5 3 3 5 4 4 5 5 6 4 3 5 6 0 7 4
M[212] : 5 6 6 6 5 6 7 5 3 4 4 4 4 3 3 7 5 5 5 3 3 5 7 3 6 6 5 4 4 2 4 4 5 3 5 4 2 5 4 2 6 4 6 5 6 4 5 0 4 1 6 4 8 1 4 4 7 6
M[213] : 2 6 4 5 6 5 2 5 6 6 5 5 4 4 5 5 6 7 4 5 7 5 4 2 5 6 5 6 6 7 3 2 3 3 2 4 1 3 4 3 8 3 0 5 3 3 5 1 4 5 5 6 4 4 5 5 3 7
M[214] : 3 5 0 3 5 4 4 4 5 4 4 4 4 4 3 2 0 4 4 4 5 5 2 3 7 5 3 5 4 5 4 5 5 4 3 2 3 7 5 4 4 4 5 4 1 7 4 3 5 4 4 5 5 3 4 4 2 3
M[215] : 2 6 3 5 5 5 3 6 3 3 6 3 4 5 6 4 4 3 5 0 4 7 5 5 6 3 3 5 4 0 5 5 3 4 3 4 4 5 3 4 4 7 3 3 5 4 7 4 2 5 6 6 6 5 3 5 6 4
M[216] : 6 3 1 5 8 4 5 3 3 6 4 6 6 6 3 6 7 3 2 4 2 2 3 6 3 2 3 3 3 4 5 3 7 3 5 4 0 0 3 5 7 5 4 4 4 3 7 4 6 4 4 5 5 2 4 6 1 3
M[217] : 5 5 4 5 3 5 6 2 4 3 3 2 4 7 3 3 4 4 4 2 0 3 7 4 5 4 6 4 4 3 2 5 5 1 3 4 6 2 3 5 6 4 7 5 6 4 5 5 4 5 4 4 6 3 3 3 3 3
M[218] : 5 0 4 4 6 3 4 2 6 4 6 3 1 6 5 5 4 5 3 3 4 5 7 3 4 1 6 3 2 3 3 6 2 4 6 3 2 4 5 7 6 4 4 4 6 4 2 4 5 2 3 3 4 7 6 6 8 6
M[219] : 3 2 4 6 7 4 6 4 5 3 4 5 2 4 6 4 3 5 3 3 0 6 1 4 4 5 8 3 4 5 3 3 6 6 3 4 3 6 2 2 4 2 5 4 5 4 6 5 9 5 2 5 4 0 2 4 5 3
M[220] : 7 4 3 4 8 4 4 3 2 6 5 6 5 6 2 4 5 4 5 5 5 7 0 4 5 6 5 3 5 6 3 2 7 4 5 6 5 6 3 4 3 6 6 3 4 6 5 6 3 4 4 5 5 3 6 5 7 4
M[221] : 7 5 3 6 7 6 5 2 0 3 4 5 5 3 6 4 4 5 7 1 3 6 2 4 3 6 5 3 5 2 4 7 3 3 3 3 4 6 4 5 6 5 5 6 8 3 7 3 4 5 5 5 4 5 5 5 5 5
M[222] : 4 3 2 4 3 4 4 4 5 4 5 3 3 5 4 4 3 6 2 5 4 5 3 0 6 7 5 1 4 5 2 6 5 4 4 3 5 3 6 5 3 5 3 4 3 4 3 5 5 6 7 4 5 4 4 2 4 6
M[223] : 5 2 3 4 8 5 5 4 7 4 5 5 0 6 4 2 7 5 7 4 5 6 2 3 6 3 3 4 4 4 5 4 5 3 4 2 4 5 6 5 6 5 5 0 7 8 5 6 3 4 4 3 3 4 3 5 6 5
M[224] : 4 5 4 4 4 4 5 5 6 5 3 4 7 4 3 4 3 1 6 3 5 7 0 6 2 4 5 4 4 5 4 5 6 6 5 3 3 5 7 4 3 6 4 5 4 3 5 2 4 5 5 5 6 5 6 3 5 4
M[225] : 6 2 4 0 4 2 6 3 6 4 4 6 4 5 5 4 7 3 5 4 6 4 7 3 4 3 2 4 6 4 3 5 5 3 4 4 3 1 6 6 4 4 6 4 3 5 2 5 5 2 6 5 3 4 4 3 1 5
M[226] : 6 7 3 7 6 5 7 6 6 3 2 3 5 7 4 7 5 7 2 5 5 7 5 3 0 6 4 4 3 4 4 2 5 3 3 5 5 4 6 4 3 4 6 5 6 5 2 3 3 1 6 4 3 2 4 2 3 3
M[227] : 5 7 6 5 5 3 6 3 7 2 5 5 5 1 6 4 5 2 3 4 5 4 4 2 4 5 3 3 5 7 0 5 4 3 4 2 5 7 5 6 5 6 6 4 4 6 3 5 3 4 5 6 3 4 5 6 6 6
M[228] : 5 4 5 1 2 5 5 0 2 2 5 3 6 4 4 5 2 3 4 4 3 5 3 4 4 8 5 5 7 6 4 5 1 3 5 5 4 4 2 1 4 1 5 2 7 3 4 3 3 5 6 4 5 4 7 2 4 2
M[229] : 4 6 4 6 6 5 5 3 7 4 5 5 2 6 5 0 4 3 4 5 4 2 5 3 4 4 4 5 7 6 4 5 4 4 6 5 6 6 4 4 1 6 9 3 5 4 5 6 7 3 2 3 3 3 7 5 5 6
M[230] : 4 5 3 5 5 3 4 4 5 5 5 7 4 7 4 0 5 5 7 3 4 4 3 3 7 6 1 6 3 7 2 3 2 4 5 2 5 4 7 7 3 3 2 5 3 5 3 5 2 8 7 4 4 3 5 4 3 6
M[231] : 7 6 5 3 4 4 7 7 6 3 3 5 3 1 4 3 3 4 5 6 5 4 4 2 3 2 4 4 3 6 6 7 3 3 3 4 6 4 7 3 5 4 6 3 4 5 7 4 4 6 3 0 6 6 5 6 2 2
M[232] : 6 3 6 5 3 3 3 3 5 2 4 2 5 8 3 4 6 5 4 6 4 4 0 6 4 5 5 4 3 5 3 5 6 0 3 6 7 3 4 2 3 4 2 6 4 5 5 5 5 3 4 4 4 4 3 1 4 4
M[233] : 6 4 4 8 7 3 5 5 4 5 5 6 4 3 4 5 5 4 3 6 6 5 5 7 3 5 4 7 6 5 2 7 4 3 3 6 3 4 0 2 5 3 6 5 3 4 2 4 7 5 3 6 4 1 5 6 6 4
M[234] : 4 3 4 3 5 4 3 6 4 3 5 6 4 4 4 2 5 7 3 7 1 4 4 6 5 5 3 3 5 6 4 4 7 4 4 4 4 1 5 2 4 3 2 3 7 0 3 5 6 5 5 5 7 1 6 5 7 6
M[235] : 5 5 4 6 4 5 7 3 7 3 3 7 2 4 7 4 4 3 5 5 0 2 7 5 3 6 6 4 5 5 5 4 2 5 3 5 3 5 5 5 5 3 5 3 6 5 6 4 7 3 0 4 5 7 3 6 6 7
M[236] : 3 4 3 5 5 2 3 3 6 5 2 4 2 3 4 6 2 3 5 1 5 5 4 4 2 5 5 4 5 4 1 3 6 4 1 6 2 4 0 2 5 3 7 4 3 6 2 4 6 2 6 5 5 3 3 4 6 3
M[237] : 5 4 3 4 5 4 5 3 6 4 5 5 4 6 4 4 6 4 3 5 4 5 7 4 2 3 6 4 8 6 4 4 6 5 3 7 6 7 7 3 7 8 4 3 3 6 6 3 6 0 5 5 4 5 6 4 5 6
M[238] : 5 4 6 3 3 2 4 3 6 4 4 3 2 6 5 4 3 2 5 5 6 1 5 4 6 4 4 3 7 7 4 1 4 5 3 5 0 6 3 5 4 3 6 7 3 5 7 4 4 5 6 5 2 4 4 5 5 6
M[239] : 4 6 3 2 6 7 5 6 4 6 5 2 4 4 2 2 5 4 4 7 5 4 4 3 7 7 6 5 4 3 4 3 4 4 3 4 3 4 5 5 3 6 4 4 5 6 2 5 4 4 4 3 3 3 5 0 4 4
M[240] : 5 5 3 5 3 2 4 5 4 6 3 5 5 8 1 5 5 6 4 7 5 5 6 5 3 4 1 0 7 7 4 0 2 3 5 5 2 5 6 6 4 5 6 5 4 3 5 5 6 6 8 3 5 4 1 4 4 6
M[241] : 3 3 3 3 3 2 3 5 5 4 7 5 3 5 5 3 6 4 6 4 5 5 2 5 0 6 3 5 3 3 3 3 5 4 4 2 4 5 5 5 0 2 2 3 4 5 6 4 2 6 5 1 5 3 2 3 5 3
M[242] : 8 4 3 2 6 6 6 5 6 2 5 4 5 6 6 3 4 4 6 4 6 6 5 5 6 5 0 5 5 3 2 6 4 4 3 3 5 4 5 2 6 5 5 5 3 6 2 5 6 0 3 3 3 3 2 2 4 6
M[243] : 3 5 5 5 6 1 6 0 7 6 4 3 5 4 4 8 5 4 6 5 5 3 4 7 5 5 3 2 4 4 4 4 5 4 6 3 6 3 2 5 5 5 5 6 5 7 3 4 3 3 4 5 5 5 4 5 4 4
M[244] : 6 5 4 6 3 4 5 6 5 2 5 7 2 4 5 5 4 3 6 4 5 4 5 4 2 6 4 3 5 5 3 5 3 2 3 5 6 6 5 5 3 5 7 3 7 2 0 5 5 2 6 5 5 3 4 4 5 4
M[245] : 6 6 3 5 8 4 4 7 0 3 4 4 2 6 3 4 4 4 5 5 3 4 4 5 8 3 4 4 3 6 5 2 5 4 4 4 4 6 5 3 5 5 5 6 4 6 5 5 5 4 7 5 2 1 2 5 5 6
M[246] : 5 7 4 4 5 4 5 6 6 4 6 5 5 3 5 7 5 4 5 3 6 4 7 7 4 6 5 5 3 6 5 4 4 3 0 2 4 4 4 4 6 6 4 4 5 6 4 3 6 5 3 4 6 3 3 4 3 5
M[247] : 4 3 4 6 5 3 2 3 3 5 6 2 6 8 4 4 3 5 3 6 4 4 4 5 4 6 5 6 6 4 5 4 6 4 4 6 6 3 4 3 6 5 4 0 4 4 4 7 5 9 5 5 4 5 4 1 4 8
M[248] : 3 5 3 6 3 5 4 6 4 3 3 4 8 7 5 3 7 5 7 3 8 7 3 6 3 6 7 2 5 5 5 3 4 0 6 4 5 5 6 5 0 5 4 3 4 6 6 4 4 3 5 4 5 5 2 3 4 5
M[249] : 5 4 4 6 3 1 5 3 5 7 4 5 2 0 5 4 4 6 6 4 6 6 5 0 5 7 3 5 4 3 4 6 4 5 2 4 3 5 6 5 3 5 6 5 3 5 3 3 3 4 4 3 0 5 3 3 6 6
M[250] : 5 3 5 2 7 5 7 6 3 4 5 5 0 6 7 6 5 6 6 5 4 4 8 6 5 4 5 3 2 5 4 3 2 5 4 3 6 5 2 4 4 5 7 4 3 7 4 5 7 7 4 3 4 5 4 5 3 6
M[251] : 3 0 4 6 7 3 4 3 4 4 5 6 5 4 5 2 7 1 5 2 3 7 3 4 5 7 7 5 2 5 5 4 8 3 4 3 4 2 5 5 4 5 6 3 5 6 3 3 4 4 2 3 5 6 3 4 5 3
M[252] : 6 4 3 4 5 0 4 2 4 3 5 4 4 5 6 5 3 4 5 5 7 6 5 4 3 5 3 4 4 4 3 3 1 5 4 4 2 6 4 6 2 2 4 4 3 4 4 5 3 3 5 5 5 5 5 2 4 5
M[253] : 6 5 2 5 6 6 4 4 3 7 4 4 4 6 5 0 4 2 4 4 4 4 5 4 5 4 6 2 4 2 3 3 5 2 6 4 2 4 5 6 4 6 4 2 4 6 8 5 2 7 7 3 6 4 5 6 5 5
M[254] : 3 6 4 3 6 6 4 3 5 2 1 3 5 5 6 4 4 6 5 2 4 6 6 4 3 7 3 0 5 4 4 6 1 5 4 6 4 4 4 1 5 6 6 3 5 3 5 4 4 4 3 7 2 4 2 4 5 1
M[255] : 6 4 3 6 3 5 4 6 5 3 3 4 5 7 8 6 6 7 4 2 5 6 4 6 5 3 0 7 4 2 4 3 5 4 5 4 7 5 8 4 6 4 5 1 5 2 5 5 4 6 5 4 6 4 6 5 2 5
M[256] : 4 5 5 5 6 4 6 1 4 3 5 6 4 4 5 6 5 3 7 5 4 6 8 5 6 3 7 2 4 5 5 4 5 5 3 6 5 6 3 4 4 5 6 5 5 2 6 3 5 2 4 0 5 2 5 4 5 4
M[257] : 3 5 2 2 2 6 8 4 3 5 3 3 4 3 5 5 4 7 6 5 0 5 5 6 4 3 3 4 5 4 4 6 3 3 6 2 7 5 6 4 6 4 5 5 3 1 5 6 7 2 2 4 5 5 7 5 3 3
M[258] : 5 6 4 2 3 3 4 5 4 4 4 5 5 5 6 5 9 5 4 4 4 5 6 6 5 4 4 3 4 4 3 3 6 5 3 5 4 6 6 4 5 3 5 5 4 5 5 2 5 5 4 0 5 4 5 5 4 5
M[259] : 7 5 5 4 1 3 2 6 5 5 3 6 4 4 3 4 7 6 2 1 2 5 4 2 3 5 8 4 4 3 3 4 4 3 5 4 5 6 2 6 0 2 4 3 5 5 3 5 4 5 3 6 7 2 2 3 4 7
M[260] : 5 5 4 6 5 2 6 4 5 2 0 5 5 5 4 8 5 4 5 4 5 4 6 4 5 6 8 3 3 4 3 4 6 7 4 5 5 6 4 6 7 3 5 4 7 4 5 4 4 5 5 3 3 2 3 1 2 5
M[261] : 4 3 5 5 4 3 6 4 4 3 6 4 4 4 5 3 9 4 4 6 3 4 4 2 5 6 6 3 5 6 5 4 5 4 5 5 6 7 5 3 3 3 2 4 5 4 7 4 5 4 6 5 3 3 3 3 0 3
M[262] : 4 0 5 6 4 2 3 3 6 3 2 6 4 6 4 3 5 5 4 6 4 3 6 3 7 6 4 3 5 5 5 3 7 4 3 6 3 3 4 5 3 6 0 4 7 8 5 5 4 6 5 6 7 5 3 5 4 2
M[263] : 4 3 5 5 2 4 6 3 5 0 3 5 5 6 2 3 4 5 5 4 2 3 3 5 3 3 4 4 6 5 5 4 3 4 3 2 2 3 6 3 3 4 2 3 2 6 6 6 5 5 6 6 6 4 5 5 2 4
M[264] : 4 5 4 6 4 3 5 6 4 7 4 5 6 4 0 8 6 3 5 4 3 7 3 4 4 4 3 2 4 3 3 4 5 1 5 3 5 6 5 4 5 5 2 4 3 2 5 4 6 5 7 6 5 5 5 6 4 6
M[265] : 6 4 4 5 4 4 7 4 5 8 2 8 4 4 5 5 5 5 4 2 6 4 4 4 5 3 3 3 5 6 3 6 6 4 5 5 4 4 3 4 4 4 5 2 3 5 3 0 2 5 5 4 3 3 6 4 5 5
M[266] : 7 4 5 4 5 4 5 5 7 2 3 5 0 4 4 5 6 5 5 4 6 3 3 4 7 4 3 3 6 4 5 6 3 3 6 3 2 6 3 4 7 4 6 5 4 2 6 3 6 4 5 7 8 4 6 5 3 3
M[267] : 6 3 3 5 3 4 3 2 0 6 7 3 5 7 3 5 3 2 3 6 3 4 5 5 2 6 3 4 5 3 6 2 4 4 4 6 3 5 4 5 7 7 4 3 4 4 3 4 6 5 5 4 4 6 6 4 3 6
M[268] : 4 4 7 7 3 0 3 5 5 5 3 3 6 7 4 4 5 6 3 2 5 6 4 4 4 5 2 7 4 4 5 4 2 5 2 5 4 2 2 5 5 3 4 5 3 5 6 3 2 5 4 4 3 3 7 5 6 3
M[269] : 5 3 3 5 3 3 3 4 6 4 3 0 4 5 4 7 4 4 6 3 3 4 5 4 6 5 4 7 5 5 3 4 3 2 5 4 6 6 4 3 8 7 8 4 4 3 5 6 7 3 4 4 5 5 7 4 4 3
M[270] : 4 5 2 2 6 3 4 3 5 5 2 4 5 4 5 5 5 6 6 3 4 6 3 4 3 2 5 4 6 6 5 2 5 4 5 6 4 5 3 5 4 4 6 3 8 3 4 3 7 4 5 6 3 0 4 6 3 7
M[271] : 0 5 4 5 5 5 4 3 3 4 5 3 5 3 4 7 3 5 3 4 6 5 6 5 4 7 6 3 6 7 4 4 3 4 6 5 4 3 6 2 5 5 4 4 5 4 5 3 4 3 3 3 4 4 3 3 3 6
M[272] : 3 3 3 6 4 5 4 6 3 6 5 6 6 5 2 5 7 4 3 4 4 6 6 3 5 3 4 4 4 6 5 4 3 5 5 4 5 5 4 4 4 5 2 3 4 6 6 7 5 3 3 4 6 2 0 6 6 3
M[273] : 5 6 1 0 6 5 6 4 6 2 5 8 4 5 5 5 4 7 4 3 3 2 5 5 4 5 7 4 2 7 3 3 4 3 6 4 4 5 3 5 5 4 7 6 4 2 9 6 4 3 4 4 4 6 4 3 4 4
M[274] : 6 7 6 3 5 4 4 3 6 3 1 5 4 3 4 5 3 4 4 7 6 5 3 5 0 4 6 6 7 7 4 3 2 5 4 4 5 5 6 2 6 3 3 5 6 6 5 4 6 3 2 4 4 4 5 5 6 6
M[275] : 3 7 6 3 2 1 5 4 3 3 7 5 2 6 2 3 5 6 7 7 6 3 4 3 2 5 3 3 5 3 0 5 4 7 5 1 6 3 4 4 4 4 5 5 5 4 5 3 1 1 3 7 2 4 5 6 6 4
M[276] : 4 5 2 4 3 4 2 2 4 5 4 6 3 5 5 3 7 5 4 3 6 6 2 4 4 3 0 7 6 1 5 5 4 6 5 5 6 5 4 5 4 4 4 4 4 2 5 2 5 6 4 6 5 3 5 4 3 2
M[277] : 6 4 2 6 4 4 4 4 4 4 4 5 6 2 6 5 8 5 8 6 6 4 5 5 3 5 7 5 4 2 3 4 6 3 6 3 6 4 5 5 3 6 4 5 5 4 7 0 2 4 5 6 5 2 5 4 3 5
M[278] : 5 4 5 0 6 3 3 5 5 2 4 4 1 5 3 6 4 5 6 2 4 3 4 2 6 3 3 5 5 6 3 3 2 4 5 4 5 1 5 7 6 6 6 5 3 6 2 4 5 5 5 4 5 4 5 3 5 4
M[279] : 6 2 3 5 6 6 4 4 5 7 5 3 5 1 5 6 3 5 3 3 5 3 3 4 6 5 4 5 4 5 3 4 6 1 3 5 7 6 4 4 2 2 4 6 3 5 5 3 7 0 5 4 1 6 2 3 7 6
M[280] : 5 6 3 4 4 4 3 8 6 4 5 3 3 7 3 4 4 2 3 5 5 4 5 4 5 5 6 5 5 5 3 6 6 3 3 0 4 4 2 5 5 4 4 6 5 3 5 3 4 5 5 4 3 5 3 5 3 5
M[281] : 4 3 6 4 2 3 6 4 4 4 2 3 5 4 6 7 5 6 3 5 6 4 3 8 4 3 4 6 4 0 3 6 6 5 5 4 8 3 4 3 4 1 7 8 5 4 4 3 6 5 3 2 8 3 3 3 6 6
M[282] : 6 3 2 4 7 5 7 4 3 3 7 4 6 4 2 5 5 2 5 2 4 4 2 4 5 4 4 3 5 6 0 7 3 2 6 2 6 6 6 4 5 7 5 4 6 5 2 2 3 4 4 3 3 2 5 2 4 5
M[283] : 2 5 5 4 4 3 4 4 5 5 5 4 6 5 4 5 7 7 7 6 3 5 3 8 5 5 4 3 5 5 3 5 8 3 3 2 4 5 6 4 3 2 5 7 7 0 2 5 7 3 6 6 6 2 3 6 7 4
M[284] : 6 5 5 5 4 2 7 3 5 0 4 5 5 5 6 4 6 3 6 4 1 5 4 4 5 5 4 4 4 7 3 3 8 2 3 4 3 3 3 5 2 6 7 3 4 5 3 3 3 5 6 4 7 3 2 3 4 4
M[285] : 5 4 2 4 5 4 5 3 5 4 7 4 4 4 2 5 5 3 4 3 1 5 4 7 3 7 3 1 3 5 2 3 6 5 3 4 4 0 5 3 6 6 6 7 4 4 7 6 4 5 5 5 6 6 4 2 6 4
M[286] : 5 3 7 4 5 7 8 3 4 7 6 5 4 2 4 4 6 4 5 4 6 4 4 0 3 5 3 5 6 4 7 3 5 8 3 2 3 3 3 3 3 5 3 4 4 3 7 5 5 3 3 3 6 7 4 2 4 5
M[287] : 6 5 5 7 6 4 4 5 3 4 5 6 5 7 4 2 4 4 0 4 1 7 4 3 5 3 4 4 5 6 5 5 5 4 5 5 5 5 6 5 3 3 1 5 5 6 3 4 6 4 4 4 4 3 4 4 4 5
M[288] : 6 5 2 3 3 2 7 4 5 5 5 6 2 5 4 3 3 6 5 5 5 6 4 2 4 3 6 4 5 5 2 5 0 4 4 4 3 7 4 3 6 2 6 3 5 7 5 7 3 6 3 4 7 4 4 5 7 4
M[289] : 3 3 6 4 5 4 6 4 5 3 3 3 5 4 3 6 4 5 3 4 7 4 5 3 5 1 6 6 4 7 3 5 2 3 5 2 5 0 8 3 7 4 4 3 5 3 3 3 4 3 7 6 5 2 5 4 5 6
M[290] : 5 6 5 7 3 4 5 3 3 5 4 8 4 5 5 4 3 0 5 2 3 4 5 3 3 2 6 3 5 5 4 3 5 5 4 3 4 5 1 2 6 6 2 4 5 4 3 3 3 6 4 2 4 5 6 4 6 7
M[291] : 8 6 4 4 7 3 5 2 3 4 5 4 5 3 3 5 3 5 3 0 3 4 5 5 3 5 3 5 7 3 7 3 3 5 4 1 3 4 4 6 5 5 6 4 5 3 6 4 5 5 3 5 7 5 6 5 6 4
M[292] : 3 3 5 4 6 6 4 1 5 3 3 3 5 6 4 4 4 4 4 3 4 5 4 5 3 4 5 6 4 4 4 4 5 0 6 4 5 3 5 4 1 4 7 4 3 4 4 2 5 3 6 5 3 1 2 3 4 5
M[293] : 8 3 2 3 4 3 2 0 3 2 3 6 5 4 7 4 6 4 3 5 5 3 5 4 6 4 5 3 5 6 6 4 5 3 4 4 3 3 6 2 5 7 3 4 5 5 5 5 4 5 4 5 3 2 5 4 5 5
M[294] : 2 4 5 4 4 5 8 5 6 2 4 4 3 4 4 2 6 3 0 3 3 3 8 5 4 5 5 5 4 3 3 6 5 5 3 3 6 3 6 7 5 4 7 4 5 4 6 4 6 2 4 5 1 3 6 5 2 3
M[295] : 6 6 3 7 5 1 3 3 6 3 4 2 8 2 4 3 3 7 4 5 4 4 7 3 5 5 7 5 5 5 4 6 3 6 3 5 7 3 6 4 4 4 4 6 5 2 5 6 4 2 7 0 4 5 6 3 2 5
M[296] : 6 5 3 4 7 3 5 4 2 4 4 5 5 6 4 5 5 0 4 5 5 4 4 6 5 6 6 4 5 6 3 4 4 5 6 1 4 4 4 5 1 5 6 4 5 5 3 3 5 3 5 5 7 7 6 2 6 5
M[297] : 2 5 4 4 4 6 6 5 5 3 1 6 5 5 4 4 4 6 4 5 4 4 7 4 7 2 7 0 5 4 4 5 5 4 5 4 4 4 5 4 5 7 5 6 6 4 3 4 3 8 4 4 7 4 4 5 4 5
M[298] : 3 4 1 4 5 5 6 4 6 3 3 4 3 2 6 5 5 7 3 5 6 3 4 5 2 3 2 2 4 7 5 4 6 4 5 3 5 5 4 5 5 4 4 4 4 4 4 2 7 6 3 5 7 5 4 7 4 0
M[299] : 3 4 5 6 2 2 3 4 6 4 6 5 4 5 3 3 3 6 5 4 6 4 5 3 6 5 5 6 5 3 2 6 5 2 4 1 5 5 7 2 4 5 3 6 0 5 7 5 4 6 3 3 3 7 5 3 3 4
M[300] : 6 6 5 5 6 5 6 6 5 6 4 6 5 6 5 1 4 5 4 4 4 6 4 6 5 5 4 4 5 5 7 4 2 3 4 4 0 4 4 5 4 6 4 4 5 7 5 5 6 6 4 5 7 2 4 2 4 5
M[301] : 5 6 5 5 3 4 5 2 7 3 1 4 3 6 6 7 5 5 4 4 6 6 6 6 6 6 5 3 4 5 4 6 5 6 5 7 1 7 4 0 4 6 3 5 3 6 4 5 5 6 4 5 4 3 4 6 3 5
M[302] : 7 6 5 6 5 3 1 6 3 4 5 2 4 3 2 3 6 6 6 4 6 6 5 3 0 5 8 3 6 3 4 4 5 3 2 5 6 4 5 1 6 7 3 4 5 5 4 4 4 4 5 4 6 2 3 3 3 8
M[303] : 6 2 4 4 5 0 4 5 4 5 3 3 3 4 2 6 4 6 7 2 2 5 3 3 4 4 4 7 6 5 3 3 6 3 5 5 5 3 2 4 4 5 4 5 3 4 7 4 4 7 4 4 7 4 6 4 4 5
M[304] : 4 5 3 1 5 5 6 4 4 3 2 3 5 5 3 4 3 3 5 3 1 6 8 5 6 3 3 4 3 5 5 6 5 5 5 4 3 2 6 3 6 4 5 5 3 6 5 3 4 4 6 2 6 6 2 3 0 1
M[305] : 4 5 5 0 4 6 6 2 3 3 6 7 3 5 4 3 4 3 5 3 7 6 5 1 3 5 2 4 2 1 4 2 4 6 2 6 4 4 6 5 4 5 5 1 6 6 6 6 6 2 4 5 4 6 5 2 4 4
M[306] : 8 7 5 4 2 4 7 2 3 4 3 5 5 3 4 4 6 6 1 5 1 6 5 4 7 4 4 5 5 0 4 5 3 6 4 4 2 4 3 3 4 7 8 4 6 5 4 2 3 5 4 4 7 4 6 3 5 4
M[307] : 4 4 4 3 6 4 2 3 5 3 2 4 5 2 5 5 5 7 5 6 3 5 6 5 5 7 7 4 0 4 3 4 2 1 4 3 5 5 6 4 4 5 4 3 5 7 8 6 4 5 5 4 3 4 6 3 3 6
M[308] : 4 4 5 4 6 7 5 3 0 2 5 5 5 4 4 4 8 1 3 4 4 0 5 5 5 6 5 4 4 6 4 3 3 3 4 6 4 5 5 5 3 6 3 6 5 6 4 3 3 3 3 4 3 4 3 3 6 5
M[309] : 7 4 5 4 6 4 3 2 3 4 5 4 1 5 2 6 2 4 5 5 7 5 3 5 5 4 3 4 5 3 5 6 5 6 4 5 5 5 7 3 6 1 4 3 5 4 2 6 4 2 7 5 6 4 5 4 5 0
M[310] : 6 3 2 5 6 3 6 4 3 6 5 4 5 6 3 5 5 3 3 2 4 4 6 2 5 7 5 6 0 5 5 5 3 3 1 5 4 4 4 5 4 4 5 5 4 6 3 2 2 6 5 6 6 3 6 5 3 5
M[311] : 3 6 2 3 2 5 6 5 3 2 2 3 3 6 5 4 6 4 3 5 2 4 5 5 4 5 5 5 8 5 5 3 8 4 3 5 5 5 6 6 3 5 6 3 5 4 4 3 5 4 4 3 5 3 1 6 0 5
M[312] : 5 6 4 5 6 5 5 4 3 3 4 7 4 5 4 4 2 4 7 5 6 4 4 4 2 2 4 0 8 4 5 4 5 6 3 6 5 4 4 2 4 5 7 6 3 3 4 1 3 7 6 5 4 5 2 1 6 6
M[313] : 5 3 6 5 5 6 3 2 6 4 6 3 4 5 4 4 5 5 4 4 6 5 4 3 5 4 4 4 6 7 4 2 4 3 5 3 4 6 5 1 5 7 4 5 3 5 0 4 3 5 4 6 5 2 5 1 5 3
M[314] : 4 4 3 2 5 4 4 3 3 2 5 2 5 3 6 5 6 6 7 5 5 7 8 4 4 4 6 8 3 7 5 7 5 4 6 2 5 6 6 3 4 3 7 6 3 3 3 4 6 4 5 2 5 5 4 3 6 0
M[315] : 0 6 0 5 6 3 6 5 8 3 0 7 2 8 2 2 4 3 6 7 5 5 2 5 5 5 4 6 6 5 4 3 6 4 5 6 4 5 5 3 4 2 4 5 4 5 4 2 1 4 2 4 5 4 2 4 4 3
M[316] : 5 4 4 3 7 5 6 4 0 3 5 5 1 4 5 6 5 0 5 6 6 6 7 4 5 5 6 4 7 2 4 4 6 5 4 4 5 4 5 3 4 4 4 2 4 4 4 4 3 4 6 4 4 5 6 5 4 4
M[317] : 4 4 4 3 5 7 7 4 3 3 6 5 3 5 5 5 5 4 5 6 4 3 2 7 5 3 5 4 4 4 3 4 5 3 2 2 1 5 4 3 4 2 4 7 7 4 5 3 4 3 6 3 2 4 0 4 3 4
M[318] : 3 6 0 5 5 2 6 4 6 4 3 5 2 3 5 4 5 3 5 4 4 2 6 5 3 5 5 4 5 2 3 3 6 5 4 3 3 4 5 2 5 6 4 1 3 6 3 3 5 4 6 3 5 5 6 3 4 4
M[319] : 2 3 6 2 3 3 5 5 6 3 3 4 6 3 3 7 8 1 5 0 5 5 3 3 4 5 1 3 2 6 3 4 3 4 4 6 3 6 5 7 5 5 7 3 5 3 3 3 6 3 4 5 5 4 0 4 3 5
M[320] : 3 7 7 5 3 6 3 4 3 3 1 3 3 5 5 2 5 5 3 6 4 4 6 6 7 0 3 2 4 6 4 5 5 2 4 1 2 7 3 6 4 4 5 4 3 3 7 4 5 3 5 6 5 5 5 4 2 4
M[321] : 6 6 0 5 7 4 4 5 7 4 2 3 3 6 7 5 6 2 5 4 6 8 3 5 5 2 4 8 4 3 3 5 5 4 4 6 4 4 4 3 6 5 5 3 3 2 4 4 5 4 4 3 4 4 7 4 3 4
M[322] : 7 3 2 4 4 5 6 4 3 0 3 4 3 4 5 6 7 6 5 4 3 3 6 7 5 5 6 2 5 5 5 3 7 4 7 6 4 6 5 3 4 5 1 6 9 4 5 6 3 7 5 3 7 3 4 4 2 5
M[323] : 7 5 5 5 5 6 4 5 2 6 4 5 2 4 3 7 5 4 5 4 4 3 6 3 5 3 3 3 6 4 4 2 6 6 4 4 4 4 6 4 4 4 4 4 5 0 6 4 6 8 4 6 5 3 5 5 5 4
M[324] : 3 6 1 5 5 2 5 4 3 6 3 3 5 4 3 9 5 6 6 3 6 4 1 3 3 4 4 4 4 5 3 7 5 4 4 3 1 4 2 2 5 4 3 5 7 2 4 2 4 0 5 3 5 4 6 5 3 3
M[325] : 4 5 5 3 3 6 5 4 6 7 8 7 3 2 6 3 3 3 6 5 4 4 6 3 5 6 6 1 7 5 3 4 8 4 2 4 0 5 3 4 5 5 7 5 7 4 5 5 6 3 4 5 6 4 6 6 3 5
M[326] : 5 8 2 6 3 2 4 4 6 6 6 4 3 4 3 3 7 4 5 1 1 1 6 5 5 5 7 3 4 4 3 2 5 2 4 5 5 2 3 4 4 4 6 4 4 6 5 6 1 8 5 4 6 4 7 6 6 0
M[327] : 4 9 3 6 4 2 6 4 4 5 5 6 4 6 4 3 6 6 3 3 2 4 5 6 6 6 7 4 5 4 6 4 4 3 4 5 3 6 4 3 3 7 3 2 4 5 2 3 2 5 4 3 4 0 4 4 7 7
M[328] : 4 3 5 5 6 6 4 6 5 6 3 7 6 4 5 6 6 7 2 5 3 3 3 4 5 3 3 4 3 6 4 4 7 5 2 5 6 5 6 5 4 6 3 4 8 4 8 6 3 5 4 5 3 3 0 3 4 5
M[329] : 7 5 5 8 3 6 6 4 3 1 3 4 1 4 5 6 7 5 5 7 4 6 5 5 5 3 4 2 6 4 4 5 5 4 2 4 3 7 7 4 3 5 2 5 7 6 4 0 5 4 6 2 5 3 5 4 3 6
M[330] : 5 6 4 6 4 5 6 4 4 6 3 5 4 2 1 7 6 3 0 2 3 5 7 6 3 2 3 4 3 4 4 3 6 5 3 4 5 3 2 6 2 2 5 1 6 4 4 6 5 5 4 4 4 3 5 4 5 5
M[331] : 3 3 3 3 7 3 5 4 3 5 2 4 2 5 6 6 5 2 4 6 1 6 3 4 5 5 5 4 7 5 4 2 5 6 2 4 3 5 6 3 5 8 5 5 7 6 4 4 4 0 3 7 3 3 5 2 4 6
M[332] : 5 3 5 4 5 3 4 5 4 5 4 6 5 7 0 3 2 4 4 2 5 5 5 5 3 4 4 5 7 3 3 4 5 5 5 5 5 4 5 5 5 4 5 5 3 3 4 5 5 4 5 6 6 5 5 4 4 2
M[333] : 6 8 3 2 5 4 5 3 6 6 2 2 4 6 4 5 5 3 4 4 1 3 5 4 4 2 4 3 3 3 6 5 5 3 5 2 0 3 0 4 4 2 5 4 2 5 6 6 7 3 3 4 2 2 4 1 4 5
M[334] : 7 3 1 6 6 1 4 6 5 4 4 3 3 4 3 3 5 6 6 5 3 7 2 3 5 5 3 6 6 4 5 4 2 3 4 3 5 4 3 5 5 5 4 6 0 7 4 6 4 6 5 4 5 6 2 1 7 2
M[335] : 3 4 5 5 5 2 4 4 6 5 7 4 4 4 6 6 7 4 7 4 5 3 4 5 6 6 3 2 1 5 4 4 0 3 5 7 4 5 4 0 5 5 7 4 6 7 8 2 6 7 5 6 7 5 4 6 5 6
M[336] : 7 5 6 4 6 4 2 4 8 5 5 4 4 4 5 5 2 7 3 3 3 4 5 3 6 3 4 5 5 0 3 5 4 5 4 5 4 4 2 5 4 5 3 2 4 5 2 4 4 2 5 4 4 5 5 4 5 3
M[337] : 1 5 5 7 4 5 6 5 4 5 3 6 5 3 5 3 2 3 3 5 8 7 4 4 2 3 3 5 3 6 1 7 7 3 2 5 4 6 4 2 6 3 6 3 4 7 7 0 4 3 3 2 6 5 7 5 5 7
M[338] : 5 5 6 5 4 5 5 4 3 3 4 5 0 4 7 4 6 5 4 4 5 6 6 4 5 6 4 3 4 5 4 4 3 7 5 5 3 5 5 4 3 5 2 4 3 3 5 4 4 6 1 2 3 7 4 5 3 2
M[339] : 4 3 5 3 7 4 3 6 3 3 4 4 5 7 4 5 2 7 2 3 0 5 5 6 5 2 4 6 4 6 3 3 2 3 2 2 4 2 5 5 4 5 5 2 5 5 7 4 3 6 5 5 6 4 4 5 4 6
M[340] : 4 8 3 4 2 5 5 2 4 6 1 2 5 4 4 4 3 5 4 4 2 3 4 1 5 6 3 3 6 0 5 3 3 3 6 4 5 7 4 4 3 3 5 5 5 3 7 4 3 7 5 6 4 5 5 3 4 5
M[341] : 7 3 3 5 6 5 4 5 5 5 1 5 4 5 2 6 4 7 7 3 4 4 7 6 4 4 5 5 5 6 4 0 4 6 4 4 3 4 7 3 6 6 5 5 5 3 4 3 3 4 4 6 6 5 3 4 3 3
M[342] : 5 7 5 2 6 5 4 3 2 3 6 1 2 2 6 6 5 6 5 5 5 0 5 4 1 5 4 5 4 6 3 5 2 3 2 4 6 7 4 3 6 3 7 4 6 3 4 4 3 5 7 4 3 7 5 5 6 6
M[343] : 5 6 3 4 7 3 0 3 6 3 4 5 3 5 5 2 6 6 6 5 5 3 7 6 6 4 6 2 5 6 5 4 3 4 5 5 6 3 3 4 4 5 2 5 3 2 3 7 6 5 6 5 3 6 7 3 7 4
M[344] : 4 3 7 4 4 5 0 6 4 5 6 4 4 4 4 5 2 5 5 2 7 5 4 2 5 4 6 4 2 6 4 3 4 3 4 2 5 3 6 4 4 6 5 3 5 2 4 6 5 4 6 3 2 3 6 4 6 5
M[345] : 4 4 3 2 4 2 8 5 6 4 4 8 4 5 5 4 5 5 6 3 5 4 6 3 4 4 5 5 4 5 6 3 6 4 3 3 0 5 3 5 3 4 2 4 7 5 4 3 3 5 4 4 6 4 6 3 3 5
M[346] : 6 3 3 4 3 2 4 4 6 6 4 6 2 6 4 3 9 4 0 6 3 3 7 2 7 3 6 3 3 1 4 2 6 5 2 0 2 3 2 5 1 5 5 1 4 5 3 6 5 3 4 5 4 4 3 5 2 5
M[347] : 5 6 3 1 5 6 7 3 5 4 3 5 3 3 2 4 5 4 4 5 4 3 4 6 4 6 5 3 5 8 3 3 5 5 3 6 2 7 3 2 5 7 2 5 5 7 4 4 5 3 6 3 0 5 2 5 4 7
M[348] : 4 5 4 6 5 4 4 3 2 3 3 6 5 4 2 5 4 5 7 0 4 4 6 8 5 4 2 3 5 6 3 6 4 6 4 4 7 2 5 4 7 3 2 2 4 3 7 4 6 8 6 3 6 4 6 5 6 3
M[349] : 4 4 3 6 5 5 6 3 6 3 4 6 3 3 4 7 5 4 5 7 3 4 4 2 4 4 4 3 5 6 4 4 3 3 0 5 4 3 6 4 3 6 5 2 7 5 5 4 5 6 6 2 7 5 5 7 5 5
M[350] : 6 6 6 6 6 2 3 4 3 6 5 5 5 4 4 2 4 4 5 2 3 4 3 4 0 3 3 3 4 5 3 3 6 4 4 4 4 6 3 5 4 5 5 4 6 6 3 2 3 6 5 3 3 2 6 6 3 3
M[351] : 5 5 3 3 6 4 6 2 2 4 5 3 6 3 4 5 2 7 7 3 4 1 5 4 3 4 4 3 2 4 3 2 4 5 2 2 4 4 6 3 5 3 5 5 5 4 3 5 1 5 3 2 4 4 6 3 0 5
M[352] : 4 4 6 4 6 0 3 5 7 3 2 2 4 4 3 4 5 5 3 2 6 8 5 6 7 5 5 3 7 5 4 6 3 3 3 2 4 6 6 5 6 2 3 3 5 5 6 6 3 6 6 5 6 3 7 5 5 5
M[353] : 4 3 3 6 4 2 3 5 7 5 6 7 2 5 2 6 5 4 3 3 4 4 5 4 4 4 4 4 5 5 4 4 6 7 6 4 8 4 5 2 2 5 6 3 6 0 5 4 7 4 6 3 6 4 7 6 5 3
M[354] : 6 5 4 6 5 3 7 2 4 4 5 6 6 3 5 4 6 6 4 6 5 3 6 2 5 3 4 6 6 4 5 4 3 3 0 1 5 5 5 6 6 5 5 4 5 4 3 3 7 3 3 4 5 4 5 4 5 6
M[355] : 2 4 3 4 5 4 5 4 4 2 4 4 2 5 4 5 4 4 2 5 4 6 5 4 4 8 6 4 5 3 6 0 3 4 3 5 4 5 7 6 2 6 3 4 2 5 6 5 1 3 5 5 4 4 6 5 4 5
M[356] : 6 5 6 0 4 5 3 5 5 4 4 6 4 3 4 5 6 3 3 5 4 3 6 3 6 4 5 1 3 6 5 2 0 3 5 4 2 4 7 4 6 3 6 5 2 3 2 6 4 8 5 5 3 4 3 2 5 5
M[357] : 5 6 7 8 7 5 4 2 4 1 3 6 4 1 5 5 3 5 6 2 5 5 5 2 0 4 6 5 4 8 4 5 3 6 4 3 3 3 7 5 2 2 6 4 4 6 6 4 2 4 2 4 5 4 4 4 3 4
M[358] : 4 5 1 3 4 6 6 2 3 1 5 5 5 4 2 8 3 4 7 6 4 5 5 1 3 3 3 6 4 6 3 4 5 4 5 6 6 3 6 4 5 3 7 6 0 9 4 4 8 5 5 2 5 5 7 4 5 5
M[359] : 5 6 3 4 3 1 2 3 3 2 6 7 3 3 2 4 4 5 3 3 5 5 4 6 5 6 1 5 7 5 4 3 2 5 5 4 6 6 5 4 4 2 7 5 5 7 7 6 5 4 5 4 5 5 7 0 4 6
M[360] : 3 6 2 4 6 2 6 6 5 3 4 4 3 3 5 4 5 4 5 3 4 6 3 3 3 0 3 2 6 6 3 4 3 4 5 4 5 5 3 3 4 5 5 6 6 6 5 5 2 6 4 4 4 3 4 6 2 4
M[361] : 5 2 2 6 8 4 5 5 7 2 5 3 4 7 3 3 4 5 4 6 4 7 5 5 3 5 8 5 4 4 1 5 5 2 3 2 6 4 3 5 6 5 5 4 7 5 5 5 3 8 0 6 6 4 5 4 3 4
M[362] : 8 5 5 5 5 5 8 3 0 6 5 4 5 4 4 6 5 6 3 3 4 5 2 6 4 4 5 5 5 5 7 4 4 3 5 7 6 5 5 1 8 4 5 4 4 2 6 3 5 4 6 5 5 3 5 4 5 6
M[363] : 0 3 5 5 5 3 5 5 5 4 7 3 6 4 3 6 6 5 4 6 4 4 5 3 5 6 5 4 6 4 6 4 5 4 6 3 0 2 3 1 5 6 3 3 5 6 5 3 3 4 2 3 5 4 6 3 6 6
M[364] : 6 5 4 6 6 5 3 5 6 4 2 6 7 5 3 6 3 6 6 2 4 4 5 4 2 8 3 5 2 5 4 4 7 3 3 4 5 3 4 2 5 6 4 6 5 5 0 5 4 5 2 5 3 3 5 3 6 6
M[365] : 4 3 2 7 4 6 3 4 6 6 6 4 0 3 6 2 2 3 4 7 1 1 5 4 4 6 1 4 5 2 6 4 3 4 4 5 5 4 5 3 3 5 5 3 8 7 5 4 4 3 4 5 4 3 4 5 6 5
M[366] : 5 2 5 7 5 4 5 3 6 2 5 2 6 4 6 5 8 7 8 4 5 6 3 4 4 5 4 4 4 7 4 5 4 5 7 3 2 6 6 4 3 2 5 4 7 3 4 3 0 6 5 5 2 2 3 6 2 5
M[367] : 3 4 6 6 2 4 7 3 6 5 2 6 5 4 2 4 3 3 4 7 5 6 5 5 3 2 4 4 4 7 3 3 5 2 3 8 4 4 6 6 5 4 4 3 5 6 5 5 0 5 3 4 4 3 5 6 4 4
M[368] : 4 5 4 2 4 5 2 1 5 2 5 5 4 3 3 5 6 7 4 6 6 6 5 4 4 4 5 3 1 4 2 6 2 4 6 6 5 5 5 1 4 6 6 3 5 4 4 4 7 4 2 4 0 1 6 3 6 7
M[369] : 8 6 6 6 4 3 1 5 3 3 2 4 5 6 2 5 5 7 7 4 8 2 6 0 5 5 6 7 5 4 3 3 1 3 6 5 1 4 6 3 4 4 6 3 3 6 6 3 5 7 6 4 7 3 6 5 5 2
M[370] : 5 0 2 5 4 3 3 5 4 4 5 4 4 5 4 4 4 4 7 5 5 5 3 2 7 5 3 5 6 5 5 4 3 3 3 2 3 4 5 5 2 2 4 6 3 7 3 7 3 5 4 6 2 7 3 6 3 3
M[371] : 6 6 1 8 7 4 6 1 5 2 5 7 6 6 5 4 4 5 2 4 4 6 4 5 5 5 3 3 5 4 7 5 4 5 4 3 2 3 4 5 3 0 5 4 4 3 3 1 4 4 4 4 7 3 6 5 3 3
M[372] : 5 4 5 7 0 5 4 6 6 6 6 5 6 2 5 4 3 5 4 5 5 3 6 4 4 2 1 4 3 4 5 2 6 6 4 3 3 8 4 4 2 4 2 3 6 2 4 3 3 7 6 1 6 4 5 3 5 7
M[373] : 4 3 2 4 5 4 7 4 4 6 4 2 4 6 5 3 7 3 7 6 6 2 6 4 5 5 3 3 4 6 4 3 3 4 4 6 2 3 2 6 2 8 4 4 0 4 6 4 7 2 4 6 7 5 6 4 2 5
M[374] : 3 4 0 3 5 4 6 3 6 6 3 4 4 4 5 5 6 7 3 7 4 5 7 5 4 4 5 2 5 4 5 3 5 1 6 3 5 2 4 7 4 5 5 4 5 4 5 6 6 1 6 6 4 4 6 3 4 3
M[375] : 3 6 2 5 4 3 4 1 4 4 4 0 6 4 5 6 3 4 5 4 7 4 3 7 4 4 4 3 6 2 4 3 6 3 5 3 4 3 3 4 6 5 3 4 2 7 4 5 5 4 6 4 7 6 4 5 3 4
M[376] : 4 5 4 2 4 4 3 3 3 4 2 5 4 5 4 6 5 3 2 4 5 5 3 4 5 6 3 4 4 6 4 2 5 2 3 4 3 2 7 4 4 5 5 2 6 6 0 5 5 3 6 3 3 4 6 6 4 5
M[377] : 4 2 4 3 2 4 5 2 4 5 6 8 2 5 2 6 6 5 2 6 4 4 6 6 5 4 2 3 6 5 1 5 5 5 6 6 1 2 3 3 7 6 4 3 5 6 5 3 4 3 0 2 9 5 5 5 5 6
M[378] : 1 4 0 5 5 4 5 5 3 5 5 5 3 4 5 6 3 7 6 4 4 7 6 3 7 6 5 6 5 5 2 5 2 3 1 3 7 6 6 3 4 3 3 4 6 6 5 3 5 5 4 6 4 4 4 3 5 5
M[379] : 7 6 5 4 5 2 0 5 6 5 2 6 4 7 4 5 2 5 7 2 4 2 2 3 3 4 3 6 5 5 3 7 4 3 3 6 5 4 7 4 3 5 4 1 3 4 4 5 8 3 5 3 5 6 4 3 6 3
M[380] : 6 6 4 4 5 1 4 5 5 2 6 6 4 5 6 5 3 6 0 3 7 7 5 3 5 3 4 3 7 5 4 4 6 5 6 1 4 2 3 4 3 6 6 5 4 2 4 4 5 5 3 6 3 2 4 3 5 6
M[381] : 4 3 6 3 4 2 6 5 5 3 7 6 4 6 6 4 5 5 4 3 4 6 5 5 6 4 0 4 6 2 3 5 4 3 5 3 4 5 3 3 6 5 4 3 3 4 3 5 4 5 5 5 4 3 4 4 3 6
M[382] : 7 2 2 6 4 5 3 1 7 5 3 4 2 3 3 7 4 5 4 1 3 5 1 3 4 6 3 5 3 6 2 5 3 6 3 0 5 3 3 7 3 4 3 4 4 4 5 3 5 7 7 5 5 6 3 3 5 3
M[383] : 0 3 2 7 3 3 4 4 7 5 2 4 6 3 6 2 2 5 5 5 7 7 3 3 5 4 5 3 4 3 4 3 5 5 3 4 4 5 4 4 6 7 5 4 5 5 2 7 6 3 5 4 6 3 6 5 5 5
M[384] : 4 4 5 5 4 7 5 3 3 5 2 6 3 0 4 5 5 6 2 4 6 6 5 4 3 6 4 4 2 3 2 4 3 6 4 2 6 5 4 2 5 3 6 5 8 5 6 2 5 5 5 4 3 7 5 4 1 2
M[385] : 5 7 5 4 5 5 5 4 3 0 1 6 4 8 5 6 2 5 4 4 4 4 7 5 5 2 6 6 5 3 5 4 3 3 7 5 6 6 6 2 3 4 5 5 4 4 8 4 3 4 4 2 5 4 6 5 7 3
M[386] : 6 4 5 4 5 5 4 3 4 4 5 3 4 5 2 3 5 6 7 4 4 2 3 4 6 6 0 5 7 3 4 5 5 1 3 3 3 1 1 2 5 4 5 6 3 6 2 3 3 3 6 5 3 6 5 2 5 3
M[387] : 8 4 4 5 4 5 4 5 4 3 5 4 5 4 5 4 4 3 7 4 6 5 5 2 2 4 5 3 4 3 7 3 6 3 6 6 0 6 8 6 3 3 3 2 4 2 4 4 5 7 3 4 7 2 4 3 4 6
M[388] : 5 3 6 3 0 4 5 4 5 4 2 4 4 5 5 7 5 2 3 2 3 6 5 3 5 6 5 7 2 3 4 4 5 3 6 5 5 6 4 3 1 6 4 6 3 5 1 2 4 4 6 3 4 6 2 6 1 3
M[389] : 3 6 5 2 3 4 4 5 1 6 7 4 4 4 4 4 3 5 3 2 6 0 5 5 5 3 5 4 2 5 2 5 3 6 2 4 2 2 6 7 3 6 4 6 4 2 8 3 6 6 5 2 6 4 4 5 3 4
M[390] : 4 5 4 3 4 4 5 4 5 5 6 5 5 4 3 6 5 6 5 6 5 5 5 6 3 4 4 3 3 5 7 2 5 2 4 4 3 6 4 0 7 3 5 4 5 2 4 6 6 3 7 2 4 5 5 4 3 4
M[391] : 6 5 3 7 6 3 4 5 3 5 5 0 5 2 4 5 4 5 5 6 1 3 3 3 4 4 4 6 3 3 2 4 3 4 3 2 5 2 3 3 5 5 3 5 2 7 4 4 3 6 7 2 5 4 5 2 5 4
M[392] : 7 5 3 4 7 5 7 2 4 4 1 3 2 5 3 5 5 4 1 6 4 5 5 1 5 4 4 1 5 4 6 6 8 6 6 7 1 5 3 5 3 4 4 4 3 6 5 4 4 5 6 3 4 5 4 4 4 0
M[393] : 7 6 4 3 6 0 4 0 7 6 4 8 6 4 3 6 5 4 2 4 3 5 6 3 5 6 2 6 5 6 7 5 5 5 3 3 4 3 2 3 4 6 3 2 5 5 5 2 6 5 3 2 4 5 7 4 4 2
M[394] : 4 4 4 1 6 3 5 4 6 3 3 7 3 4 5 4 3 2 6 5 5 6 3 4 3 3 5 3 1 7 5 4 4 6 4 2 6 0 2 4 4 4 5 4 4 4 3 2 5 8 6 4 6 7 5 2 5 5
M[395] : 3 5 4 5 3 3 3 4 3 3 7 5 4 5 6 4 4 2 8 2 4 3 3 2 4 6 5 3 2 4 3 5 0 1 4 5 5 7 5 3 2 5 4 6 5 7 3 4 8 4 4 3 2 3 2 5 5 7
M[396] : 3 5 7 6 7 3 6 5 4 7 5 6 7 5 3 3 6 2 4 4 5 5 6 4 2 6 3 5 3 5 4 3 7 5 6 2 4 4 6 5 5 5 8 3 3 5 4 4 4 5 5 5 0 5 3 3 5 1
M[397] : 3 4 4 3 6 5 5 6 3 4 6 4 5 6 3 4 4 5 6 4 5 3 5 4 4 4 2 3 7 3 4 4 4 4 6 4 5 5 0 6 6 3 4 2 4 3 5 4 4 5 5 3 4 6 4 6 3 4
M[398] : 6 4 7 6 3 4 3 5 3 4 5 0 4 3 4 3 5 4 6 5 5 3 2 6 2 4 2 5 5 3 6 4 6 3 7 2 7 5 6 2 4 6 5 2 6 4 3 4 5 5 4 5 5 5 3 3 3 5
M[399] : 4 5 6 5 0 2 8 4 5 3 2 4 5 4 3 2 5 6 5 5 4 4 4 5 7 5 8 6 2 1 5 4 4 4 4 5 4 2 5 6 4 6 4 5 6 5 4 4 6 6 4 3 5 4 5 3 8 5
M[400] : 4 4 4 3 6 4 5 3 4 4 7 0 2 7 5 3 4 6 3 3 4 4 4 4 4 3 7 4 3 5 3 6 6 4 6 6 2 5 2 6 0 8 1 6 2 6 6 4 4 5 7 5 4 3 6 6 7 3
M[401] : 5 3 4 5 6 4 5 5 6 7 3 4 3 3 3 4 4 5 8 3 4 6 5 0 6 2 6 4 5 4 3 5 7 5 5 5 3 3 4 5 7 2 4 4 4 5 5 4 5 5 5 5 5 3 3 4 2 2
M[402] : 2 6 5 4 3 4 4 2 7 1 5 5 5 4 5 5 6 2 3 5 0 7 7 6 5 5 1 4 6 5 5 0 4 4 5 4 4 3 5 3 3 7 6 6 7 3 1 6 6 6 3 1 6 3 3 4 2 6
M[403] : 5 6 3 7 2 5 5 2 1 5 6 5 4 5 6 3 3 0 3 5 5 4 5 3 4 5 4 6 4 6 3 4 6 6 5 3 5 2 5 2 6 4 5 5 5 5 5 4 3 4 3 7 5 4 2 4 3 5
M[404] : 5 2 6 3 5 6 7 2 5 0 4 3 4 4 6 6 5 4 5 4 6 4 5 4 3 4 4 2 5 5 2 4 6 3 1 3 7 2 4 4 6 2 6 6 5 5 5 5 5 3 2 4 4 5 7 3 2 5
M[405] : 7 6 2 3 4 4 4 5 6 5 0 6 5 3 4 3 5 3 6 3 5 5 4 5 3 1 4 2 5 4 6 6 4 4 5 4 4 4 5 4 2 4 5 8 6 6 3 3 5 4 4 3 6 5 6 3 4 4
M[406] : 0 3 6 6 5 6 7 4 5 5 6 7 1 7 4 5 5 5 5 5 5 6 5 7 7 3 1 3 4 2 2 4 3 5 4 3 4 3 4 6 3 3 3 5 3 5 4 3 4 6 5 7 5 3 5 2 6 2
M[407] : 6 5 4 5 5 1 0 5 5 6 3 2 5 6 4 5 6 5 5 3 8 4 6 3 6 6 5 4 6 4 4 6 4 2 4 3 3 3 2 4 3 3 4 6 4 5 2 2 3 9 4 3 2 4 5 5 5 7
M[408] : 5 5 0 6 4 4 5 5 5 4 5 3 1 5 2 2 4 8 4 2 1 8 5 4 7 2 4 5 5 4 6 3 3 0 2 6 5 5 5 6 4 5 4 1 5 3 4 3 4 5 4 3 4 2 6 4 3 4
M[409] : 4 6 7 4 7 4 6 4 6 7 7 4 5 5 7 6 5 5 4 6 5 4 5 3 6 2 8 5 3 4 4 0 7 2 3 5 4 6 6 5 4 4 4 7 6 5 6 8 2 7 4 4 6 2 3 4 3 4
M[410] : 3 3 2 5 2 6 3 3 4 7 3 7 3 4 5 5 5 6 4 7 7 4 6 7 5 4 3 3 6 6 2 5 6 4 4 2 7 6 5 2 8 3 3 4 7 3 7 2 5 4 5 3 0 3 5 3 4 8
M[411] : 5 6 4 6 2 5 2 3 5 4 4 6 6 0 6 5 4 5 5 3 4 6 3 5 4 4 4 4 5 2 4 6 7 4 1 5 3 4 4 5 3 3 2 7 3 3 6 3 6 6 6 5 6 4 5 5 3 4
M[412] : 5 4 2 5 6 3 6 3 5 3 5 5 3 4 4 5 5 4 6 1 5 3 5 3 3 2 3 5 6 2 3 3 5 4 3 2 7 5 6 5 5 5 3 2 6 0 5 2 4 4 8 2 5 3 4 4 3 6
M[413] : 5 3 4 4 5 4 3 2 4 4 3 8 5 4 2 6 4 2 5 4 5 5 4 3 4 5 5 6 8 5 6 7 7 3 4 1 4 2 4 6 6 0 3 5 5 3 5 2 4 6 6 4 8 5 4 4 7 4
M[414] : 3 2 4 5 4 4 3 3 3 4 3 6 2 3 4 7 6 5 4 2 4 4 6 6 8 4 6 4 0 4 4 6 4 3 4 2 5 4 6 2 7 5 2 3 5 5 2 7 4 3 4 6 4 5 4 6 4 6
M[415] : 5 5 3 3 6 4 2 2 5 4 2 4 5 7 5 4 4 3 3 2 5 4 4 5 8 3 3 4 3 5 5 7 6 5 8 2 2 5 4 4 4 2 4 0 5 4 4 4 6 3 4 5 5 3 4 3 5 4
M[416] : 6 7 4 4 5 4 6 6 5 2 4 4 1 4 5 4 3 5 5 4 5 6 5 4 6 5 4 0 5 8 5 0 4 7 4 3 2 5 4 3 4 6 7 5 6 6 4 4 8 6 3 1 7 4 6 3 5 6
M[417] : 5 4 5 4 3 5 5 3 5 5 2 4 5 6 3 0 7 4 3 4 4 3 3 6 4 4 5 4 5 5 3 4 5 4 4 6 1 5 6 5 5 5 5 4 4 5 7 3 3 5 6 3 4 7 5 2 4 5
M[418] : 5 4 4 5 6 4 4 2 5 2 3 5 4 2 6 5 4 6 4 5 3 3 2 4 5 5 3 4 4 6 3 4 3 4 5 4 1 6 5 6 6 6 5 3 4 4 5 3 6 4 7 6 6 0 5 6 1 5
M[419] : 6 5 5 6 6 3 5 3 5 3 7 0 3 7 4 7 8 6 6 3 5 5 4 3 4 4 5 5 2 6 6 4 5 3 4 4 2 4 4 3 4 5 6 4 5 3 5 8 3 4 7 2 7 5 5 4 3 5
M[420] : 3 2 4 4 6 3 9 4 6 4 1 5 6 7 4 5 5 3 6 2 6 6 8 6 5 0 3 4 6 4 5 3 5 3 4 6 2 4 1 4 6 3 2 3 7 4 6 3 5 7 5 6 4 7 3 4 5 5
M[421] : 4 5 5 6 4 5 3 4 2 5 5 5 3 5 5 5 2 7 5 3 3 4 0 4 6 6 2 4 8 4 3 4 7 5 6 3 3 4 5 4 4 5 5 7 6 5 4 5 6 4 4 4 2 3 3 2 5 4
M[422] : 4 3 3 6 5 3 5 6 5 5 2 5 4 6 5 7 6 6 6 4 5 4 3 5 4 3 3 2 6 6 5 4 5 5 3 5 5 5 4 5 4 7 5 3 3 5 4 5 5 3 0 4 5 2 6 3 5 5
M[423] : 6 5 7 4 6 2 7 4 5 2 2 5 4 4 3 2 4 7 3 3 5 2 3 5 0 5 4 4 4 7 4 5 7 5 6 6 2 3 3 3 6 5 6 5 7 4 5 4 4 5 4 4 2 3 5 3 4 3
M[424] : 5 6 5 4 2 6 6 4 4 1 5 4 6 6 5 5 4 6 4 2 4 7 6 4 5 4 3 1 4 2 5 5 7 5 7 2 5 2 6 3 4 2 5 6 7 7 3 4 4 4 5 3 7 1 5 7 0 2
M[425] : 6 2 7 5 5 2 5 2 8 3 2 2 3 4 5 4 3 6 3 4 6 4 5 4 6 3 5 2 4 6 5 4 4 4 3 4 3 4 6 3 4 7 3 6 1 3 4 4 5 6 0 4 4 4 5 6 2 6
M[426] : 6 4 5 4 4 4 4 0 6 4 4 4 4 4 4 6 5 6 6 4 4 7 4 3 4 5 5 4 5 4 4 6 4 5 2 5 5 7 8 3 4 5 6 4 3 3 3 4 5 5 4 3 3 5 4 4 1 3
M[427] : 4 3 2 7 4 6 5 6 5 4 6 7 5 5 3 7 4 6 6 2 1 6 5 5 4 0 4 4 5 4 5 6 4 7 4 4 5 7 4 2 5 4 3 4 6 6 4 4 7 6 5 3 5 3 3 3 4 4
M[428] : 7 7 3 4 5 4 6 4 7 5 6 7 3 3 5 2 3 5 4 5 8 5 7 6 6 4 6 4 5 7 4 4 0 5 3 4 5 6 4 3 5 6 4 4 4 5 6 5 2 4 5 5 4 5 5 1 7 7
M[429] : 6 5 5 2 7 6 7 5 4 3 4 7 4 5 3 5 5 5 2 4 6 6 4 6 4 3 8 6 4 5 1 5 6 2 4 4 5 5 4 4 8 3 7 7 5 6 5 5 5 0 5 3 3 2 3 4 4 5
M[430] : 0 5 3 6 4 3 7 4 4 3 3 6 5 2 3 4 5 1 5 1 3 2 6 2 5 2 4 5 5 3 2 5 3 7 5 4 2 5 4 5 8 4 5 2 7 5 8 4 1 5 7 4 2 3 4 6 4 4
M[431] : 5 7 1 4 5 4 3 5 4 3 5 6 3 5 4 2 4 5 4 3 3 4 4 5 5 2 0 3 7 6 4 4 5 7 3 6 4 4 1 5 5 5 5 4 5 5 3 4 4 4 5 5 5 4 0 2 6 4
M[432] : 4 5 6 5 3 2 6 2 7 3 1 2 3 7 5 4 5 0 5 7 6 5 4 5 5 5 6 4 4 5 3 5 4 4 6 4 5 4 6 3 6 7 4 4 5 4 4 5 5 4 4 5 6 3 5 7 3 5
M[433] : 6 8 5 3 5 4 5 3 1 3 3 5 4 4 6 7 3 6 2 6 4 5 3 4 3 5 4 4 7 7 4 2 4 3 1 5 2 3 6 6 5 4 5 3 4 4 5 3 5 3 7 5 4 0 5 4 5 6
M[434] : 3 4 4 5 5 3 5 6 3 5 3 3 3 4 4 6 7 5 8 6 4 3 5 5 5 7 3 6 6 0 4 4 4 5 3 6 4 8 5 5 6 5 5 3 7 5 4 4 8 4 1 2 5 5 5 6 5 5
M[435] : 3 3 5 4 0 3 6 4 6 5 5 4 4 5 5 5 3 1 5 5 2 7 5 5 8 5 3 4 8 5 3 4 5 3 1 5 4 6 6 6 3 5 6 4 3 6 5 2 5 5 5 7 5 5 5 4 3 6
M[436] : 4 6 5 5 0 7 4 3 7 5 2 7 5 5 4 4 4 3 5 5 7 5 3 6 4 5 3 5 6 5 4 5 5 2 4 5 4 5 6 4 1 4 6 4 3 4 4 3 4 6 7 4 3 5 5 4 5 5
M[437] : 3 6 2 4 3 5 4 6 5 3 3 4 3 6 5 1 6 7 3 0 3 5 5 2 5 5 5 3 3 5 3 4 7 3 5 4 6 3 3 4 3 2 6 6 6 5 5 3 4 7 7 7 7 6 5 6 5 6
M[438] : 5 4 3 3 4 2 5 2 6 3 3 6 6 4 4 3 3 5 7 5 5 5 4 4 5 5 7 4 4 5 1 3 3 0 4 2 5 5 7 4 5 6 6 4 7 5 7 1 7 3 5 5 2 3 4 4 4 5
M[439] : 4 4 6 5 4 6 3 5 4 2 4 4 7 5 5 6 6 5 7 5 7 2 5 6 5 4 5 5 5 7 7 4 5 0 4 6 4 7 6 6 2 6 3 3 4 8 3 5 3 2 4 6 7 5 6 4 5 6
M[440] : 4 3 4 7 7 5 4 5 5 1 5 4 4 4 6 6 6 6 8 6 3 5 4 4 7 4 6 7 3 5 5 2 5 6 5 5 4 4 5 4 2 4 5 5 2 6 7 3 0 5 6 4 3 5 4 4 5 7
M[441] : 5 6 3 7 6 3 8 4 5 6 6 0 5 5 2 5 5 4 4 6 4 4 5 4 4 5 2 5 5 6 5 2 6 3 4 6 6 4 5 3 5 7 6 3 3 7 6 3 5 5 3 2 3 4 6 3 5 6
M[442] : 5 4 5 3 5 4 4 4 4 4 5 4 5 4 3 1 3 5 6 5 6 5 5 5 4 5 4 1 7 4 3 3 3 6 4 5 4 5 4 4 5 3 2 5 7 5 0 4 8 1 5 6 3 3 5 3 3 7
M[443] : 2 5 4 3 0 3 3 4 6 5 3 6 6 6 4 3 5 4 5 5 3 0 5 3 2 4 3 7 7 2 2 5 4 4 6 5 3 4 3 4 7 4 6 2 4 2 6 5 5 5 5 2 5 3 4 4 5 3
M[444] : 2 5 5 4 4 4 6 5 5 4 4 7 3 7 3 7 6 6 6 0 6 6 3 6 1 7 7 5 3 4 3 3 4 1 4 5 5 4 4 6 4 3 4 4 6 3 5 5 0 6 5 4 6 6 5 3 4 6
M[445] : 3 6 4 4 4 5 7 4 4 6 6 4 3 0 4 7 7 7 4 3 5 6 6 5 4 4 4 2 2 7 2 3 4 2 4 4 6 5 3 4 5 7 4 5 8 3 3 3 4 3 5 5 4 2 7 3 5 3
M[446] : 3 5 5 4 8 5 6 4 2 5 4 4 4 5 3 6 4 6 0 5 2 5 4 5 7 4 4 7 1 3 4 6 4 3 7 3 4 4 5 4 4 2 6 3 4 3 3 3 5 4 3 6 9 3 3 3 7 5
M[447] : 0 4 3 5 5 3 5 4 6 7 6 6 4 2 3 5 6 5 6 4 1 3 4 5 7 3 4 3 4 4 4 2 7 6 6 2 6 4 4 4 6 4 4 3 7 4 7 5 5 6 4 7 5 4 5 2 6 4
M[448] : 4 5 4 5 3 3 4 6 2 4 5 3 5 3 7 6 4 6 5 3 5 3 5 2 3 5 4 3 4 4 4 6 7 5 5 0 5 6 5 4 5 3 6 2 5 4 5 5 5 6 4 6 3 5 5 4 4 3
M[449] : 4 7 4 8 6 2 5 3 2 4 2 4 3 5 2 5 6 4 8 4 6 3 5 3 4 2 4 6 5 6 6 5 4 5 4 5 4 3 3 5 6 4 0 4 3 4 5 4 4 5 4 4 5 4 3 4 5 6
M[450] : 5 5 7 5 6 6 5 2 3 4 3 5 2 2 5 5 5 6 3 5 4 5 3 3 6 6 5 0 6 3 2 4 4 6 4 4 2 3 4 5 5 4 8 4 6 5 2 3 5 2 3 3 5 3 5 3 4 5
M[451] : 3 4 6 3 4 3 5 4 8 6 6 7 2 4 5 6 4 6 3 3 6 5 3 2 5 3 5 3 4 3 2 3 5 2 3 4 4 3 4 3 4 3 4 2 6 4 5 6 6 5 6 4 5 5 7 4 4 0
M[452] : 8 3 6 4 2 2 4 4 3 2 4 4 3 3 4 4 6 4 4 4 7 5 5 3 4 4 5 4 4 3 2 4 0 3 4 5 3 8 4 5 5 6 7 0 5 2 5 4 7 5 2 5 7 1 6 2 3 3
M[453] : 5 4 4 6 6 4 7 4 6 2 3 8 5 5 3 3 6 4 4 5 5 4 5 1 6 2 5 6 4 6 4 3 8 4 3 0 3 4 3 7 2 4 5 5 4 3 2 6 4 4 6 6 4 6 7 3 6 6
M[454] : 8 3 3 5 6 3 3 5 4 4 5 7 7 5 3 5 5 4 5 4 6 5 3 2 4 4 3 5 3 5 6 3 4 5 0 4 4 5 6 4 6 5 8 4 7 5 5 4 5 4 6 3 4 4 6 3 7 6
M[455] : 4 4 4 5 2 4 4 5 4 6 0 6 5 5 5 6 5 6 5 5 4 3 5 5 2 6 4 1 5 3 6 5 6 3 3 7 5 3 2 5 6 4 4 4 5 7 5 4 6 5 3 3 4 2 5 4 4 5
M[456] : 6 4 3 6 6 4 3 2 4 6 4 5 7 3 4 3 3 2 5 4 4 5 7 3 5 5 5 6 4 4 4 4 2 4 6 2 2 5 4 3 6 3 4 4 1 7 6 4 3 6 5 2 6 4 5 4 0 7
M[457] : 3 5 3 6 2 3 5 3 5 6 5 3 4 6 4 1 4 5 7 4 6 5 8 1 2 5 5 4 5 5 7 4 4 1 6 4 3 4 5 2 6 5 5 6 8 5 6 4 4 6 4 4 4 0 2 5 4 3
M[458] : 0 6 3 2 4 5 4 5 6 4 5 4 6 5 4 3 5 5 5 5 6 3 4 6 5 6 7 5 6 4 4 4 6 3 6 3 4 5 4 4 8 7 6 4 3 4 7 4 4 6 4 3 5 3 1 3 3 1
M[459] : 6 3 1 3 5 5 3 5 4 4 3 4 4 2 6 5 4 5 3 1 4 6 4 3 3 0 3 4 3 4 3 5 4 4 5 6 5 4 6 2 4 4 1 3 4 5 6 5 5 3 3 6 2 3 6 6 6 6
M[460] : 5 8 3 4 6 3 5 5 5 1 5 3 3 5 3 2 7 4 4 2 6 5 4 5 4 0 8 4 5 3 4 4 5 6 2 6 3 2 5 2 5 1 6 2 2 3 6 4 5 3 4 3 6 3 3 2 3 4
M[461] : 7 4 5 5 4 5 5 5 5 2 5 3 4 5 4 3 4 5 5 5 8 2 5 5 5 7 2 3 8 3 5 7 4 4 4 5 4 6 7 4 3 4 3 8 1 3 4 2 5 2 4 0 5 3 6 4 5 5
M[462] : 3 5 3 4 4 4 5 5 4 3 4 4 4 2 4 4 4 4 5 6 4 4 0 4 6 3 5 6 4 7 3 3 4 4 4 3 2 6 6 3 4 6 6 3 7 5 6 5 3 5 6 5 6 4 4 2 6 3
M[463] : 6 6 0 4 3 4 7 3 3 5 2 2 6 5 5 4 6 5 1 5 4 4 5 3 8 4 4 4 3 6 5 3 3 4 3 3 6 6 3 5 4 3 3 4 2 4 6 4 6 3 4 4 4 2 6 3 6 5
M[464] : 6 3 5 6 7 3 4 5 4 5 4 5 4 4 3 5 3 3 0 3 6 6 3 4 5 3 5 2 4 5 2 4 7 6 3 1 5 2 4 5 7 4 7 4 3 5 6 5 6 3 1 3 6 5 3 5 5 5
M[465] : 6 3 3 7 5 3 2 4 7 3 2 6 5 5 7 3 4 8 4 0 3 5 7 4 4 4 4 4 5 5 5 3 4 5 6 4 6 5 4 5 2 4 5 6 5 7 3 5 5 5 4 6 6 3 3 6 1 5
M[466] : 5 5 4 4 6 6 6 4 7 4 3 1 5 6 4 5 5 4 7 5 8 0 4 4 5 3 6 3 4 5 3 4 4 5 5 2 4 4 6 5 5 5 4 6 5 5 3 5 5 4 3 6 4 5 5 6 4 4
M[467] : 6 8 5 3 4 7 6 4 4 7 6 5 4 3 4 5 6 2 5 3 6 3 4 6 6 3 4 5 4 2 8 2 6 5 1 6 4 5 6 3 6 3 5 4 4 0 6 3 6 5 3 5 4 4 6 6 4 4
M[468] : 3 3 3 5 7 0 5 1 6 5 6 3 5 7 4 3 5 7 4 5 5 4 6 3 2 4 6 5 3 6 3 3 5 4 6 3 5 4 4 6 6 3 4 4 5 6 4 5 4 7 6 7 3 4 5 3 6 6
M[469] : 4 6 3 4 7 5 3 5 5 1 6 5 4 5 3 7 4 5 5 5 7 3 6 4 2 5 5 5 4 3 6 4 3 6 6 5 3 5 7 0 3 6 3 4 7 5 2 2 3 1 5 5 5 4 4 4 5 4
M[470] : 4 5 5 6 3 6 4 3 5 6 3 3 4 5 5 4 3 8 4 7 4 5 5 3 5 6 6 5 5 4 6 5 4 4 3 6 5 6 4 5 4 4 7 4 4 7 3 5 7 6 5 0 2 4 5 4 4 5
M[471] : 0 5 4 5 3 6 5 3 6 5 3 4 4 5 5 6 5 7 4 6 4 2 5 4 5 1 5 3 2 2 4 4 6 4 4 7 4 4 5 4 4 4 7 5 5 5 5 6 3 4 8 6 4 3 7 3 5 8
M[472] : 4 4 5 6 4 6 4 1 7 7 2 2 4 5 3 7 6 5 8 5 3 5 5 5 6 5 4 3 4 4 4 4 7 3 2 4 3 5 2 5 4 4 7 4 6 4 0 3 3 6 4 3 6 5 2 1 4 4
M[473] : 3 7 3 4 3 0 5 3 6 4 5 5 5 1 4 6 5 4 4 5 6 6 4 4 6 2 5 5 7 4 4 3 5 5 4 2 7 2 7 4 4 7 4 6 5 5 5 3 4 6 5 2 7 3 3 7 4 5
M[474] : 4 4 4 4 3 1 0 2 6 5 6 3 8 6 4 3 7 6 4 4 5 6 6 5 5 6 4 2 3 3 3 5 8 5 4 4 3 9 4 3 5 6 4 2 5 4 3 4 4 6 4 3 5 3 6 5 5 6
M[475] : 6 7 5 0 5 4 4 6 4 5 5 3 4 7 4 5 7 5 6 7 2 3 4 5 4 6 6 4 5 6 3 5 4 4 2 7 2 6 1 3 1 8 4 4 6 3 4 5 7 5 6 1 8 3 6 5 6 2
M[476] : 4 8 7 4 5 4 4 3 4 4 3 1 6 5 0 3 7 5 3 4 7 6 4 4 4 5 5 7 3 6 2 3 5 1 5 3 5 4 4 5 5 4 2 4 3 5 6 5 4 6 2 4 5 5 2 2 3 5
M[477] : 5 4 4 3 3 3 3 4 5 2 4 7 4 2 4 2 3 4 7 4 5 4 3 1 4 6 5 4 5 3 6 5 6 3 6 6 3 6 5 4 2 5 0 6 5 7 7 6 3 6 4 6 3 4 5 4 3 3
M[478] : 5 4 5 4 4 3 7 3 7 5 2 4 2 4 6 4 3 4 5 5 6 4 4 2 3 2 2 5 4 6 6 5 3 5 4 4 3 5 5 3 3 4 5 5 4 4 4 6 6 4 7 5 4 4 6 5 0 8
M[479] : 3 5 3 6 4 5 7 3 7 3 2 5 6 6 5 5 4 5 4 1 8 4 6 3 2 3 3 7 3 7 4 4 5 5 5 5 6 3 5 6 3 6 0 4 7 5 6 7 6 4 5 3 5 3 6 3 6 5
M[480] : 4 6 4 6 4 6 4 6 4 5 4 2 0 4 5 6 4 2 7 5 6 4 6 6 4 3 5 4 4 5 2 5 5 4 7 3 4 5 7 5 6 5 2 1 6 5 4 2 4 6 5 7 6 5 5 4 8 2
M[481] : 6 3 5 2 6 5 3 6 3 4 3 5 2 5 3 1 4 7 3 7 3 7 3 2 5 6 7 6 3 0 5 3 3 0 5 4 2 4 3 4 3 5 2 5 5 5 5 3 4 4 4 4 6 3 4 2 3 5
M[482] : 1 6 1 4 4 6 6 6 4 1 4 4 2 4 3 6 5 5 5 4 4 4 4 4 5 4 4 3 6 0 2 5 4 5 6 5 4 6 5 5 6 8 5 5 3 5 7 5 5 7 5 3 8 7 5 3 5 2
M[483] : 4 6 4 2 5 5 2 1 4 6 3 6 6 4 4 5 2 5 5 6 5 4 4 5 5 5 7 3 3 5 6 5 6 2 5 3 1 5 3 4 5 5 5 4 5 0 4 4 3 3 2 3 5 3 4 2 6 2
M[484] : 6 3 5 6 3 4 7 5 2 4 1 2 2 6 3 6 4 3 5 6 0 6 3 4 6 3 3 2 5 2 6 2 6 3 3 5 3 5 6 5 5 6 7 3 2 6 5 2 4 5 3 4 4 3 5 3 6 3
M[485] : 4 3 2 5 4 7 7 5 6 4 3 4 5 6 4 0 3 4 4 2 8 3 7 3 3 5 5 1 5 6 4 8 4 3 5 2 1 7 6 6 5 3 2 5 5 4 6 5 7 5 3 5 4 2 7 3 2 6
M[486] : 2 5 2 4 5 4 5 3 4 6 5 6 6 6 6 7 4 4 3 4 3 7 4 3 4 5 4 2 5 2 4 5 4 5 3 5 4 6 4 4 6 6 1 3 7 7 3 4 6 5 0 5 2 4 6 4 8 4
M[487] : 5 7 4 4 5 4 4 6 4 5 4 6 6 4 5 5 7 4 4 3 5 2 4 4 5 4 5 5 5 4 5 4 4 2 6 3 6 3 4 2 4 4 3 5 6 5 3 4 3 3 6 4 5 4 0 5 6 6
M[488] : 4 6 4 4 3 5 2 3 4 3 3 4 4 6 5 7 5 8 2 4 2 5 7 4 4 4 5 4 2 4 0 5 6 5 3 5 5 4 7 6 5 6 4 5 5 3 6 3 5 4 5 6 4 5 5 7 3 4
M[489] : 6 3 3 2 2 3 4 6 6 3 2 4 3 4 3 4 2 5 4 4 5 6 6 3 6 6 6 5 4 6 1 3 7 3 5 4 3 7 6 2 0 5 4 5 4 2 5 5 4 5 3 5 1 3 4 5 5 5
M[490] : 4 1 4 3 4 2 2 5 6 3 5 5 4 3 3 6 4 3 4 5 6 4 3 4 6 5 1 5 5 3 6 5 5 5 3 2 5 4 6 4 3 5 6 4 6 4 5 6 0 4 4 4 6 3 4 2 3 5
M[491] : 3 5 4 6 4 4 7 3 8 4 3 6 1 4 2 6 4 5 4 2 3 6 4 5 6 7 5 4 8 5 5 3 4 3 5 3 5 5 4 5 6 4 3 3 2 5 4 5 3 5 7 4 6 4 0 7 3 5
M[492] : 5 3 4 3 3 5 3 6 7 5 1 5 5 6 4 7 8 5 4 5 5 3 3 5 4 4 5 5 4 4 7 4 3 6 3 6 4 6 4 7 4 8 3 0 6 6 4 4 4 5 4 0 6 5 2 2 5 2
M[493] : 5 4 2 5 6 4 3 2 4 3 3 6 3 4 2 5 2 1 7 5 4 4 7 5 8 6 3 2 4 0 3 4 7 4 4 4 4 5 4 4 4 2 4 1 4 4 4 4 8 4 4 2 3 4 5 1 5 5
M[494] : 5 4 6 2 5 3 6 7 5 5 5 5 3 4 4 6 4 3 2 0 8 5 6 3 6 3 6 4 4 4 3 3 6 4 7 4 5 8 5 3 4 7 4 4 4 3 4 5 4 3 4 5 6 3 7 5 4 4
M[495] : 5 5 5 4 8 5 5 2 3 6 3 3 4 4 3 7 6 4 3 4 5 4 0 2 6 5 4 3 4 6 7 7 4 6 4 3 5 5 6 3 4 5 8 4 5 6 5 5 4 5 5 3 4 2 5 1 5 5
M[496] : 5 4 5 2 4 5 4 4 3 2 4 5 3 7 3 3 5 2 6 3 3 0 4 2 6 7 5 5 6 2 4 5 4 4 6 3 5 3 2 2 3 4 5 5 6 3 4 3 5 3 3 3 7 2 4 3 4 5
M[497] : 5 5 4 6 8 4 6 6 4 2 4 5 2 6 3 4 4 4 5 4 3 6 3 5 6 5 4 3 4 5 6 5 4 5 4 5 4 7 6 0 5 6 4 5 4 2 4 3 3 2 2 5 2 5 2 3 4 2
M[498] : 4 6 4 5 3 5 6 5 5 4 4 4 4 1 3 6 6 5 4 2 5 3 3 3 6 3 0 4 6 5 3 6 6 6 3 1 3 6 3 5 6 3 5 3 7 3 1 5 5 3 5 5 4 4 1 3 1 4
M[499] : 5 6 4 5 5 4 6 5 4 3 6 6 4 6 6 5 4 5 3 4 2 5 4 6 2 4 2 3 3 5 4 3 5 4 3 5 4 4 3 3 4 7 5 2 7 3 5 3 7 5 3 5 1 0 3 4 3 5

