 Execution de l'algoritme BITS sur le fichier le450_25c.col.txt
=====================================================================
 Partitions  : 
Vk[0] : 95 88 283 138 404 270 394 264 222 187 376 210 240 362 352 190 168 -->  17 éléments.
Vk[1] : 97 410 231 243 70 206 373 291 186 119 120 413 248 105 117 441 15 72 -->  18 éléments.
Vk[2] : 307 106 125 136 18 37 392 436 46 108 33 244 7 295 340 131 69 195 -->  18 éléments.
Vk[3] : 164 306 296 237 196 16 218 227 321 169 318 183 67 6 370 284 83 -->  17 éléments.
Vk[4] : 442 154 207 166 160 434 235 301 21 107 2 257 217 289 109 137 135 324 -->  18 éléments.
Vk[5] : 391 220 233 34 192 150 188 415 230 359 405 350 25 369 223 335 17 76 -->  18 éléments.
Vk[6] : 401 155 347 316 260 311 372 277 446 118 84 140 368 353 122 132 82 428 -->  18 éléments.
Vk[7] : 387 378 78 263 74 262 49 309 3 403 64 14 213 241 349 322 141 -->  17 éléments.
Vk[8] : 390 326 358 421 126 380 278 367 73 4 146 334 320 59 28 409 440 -->  17 éléments.
Vk[9] : 435 178 310 89 374 90 337 285 292 147 229 86 193 297 385 75 269 -->  17 éléments.
Vk[10] : 327 22 104 314 422 100 41 29 360 116 214 317 250 379 267 425 172 -->  17 éléments.
Vk[11] : 365 19 381 431 66 386 341 361 47 96 445 429 156 77 114 274 268 -->  17 éléments.
Vk[12] : 419 254 427 290 35 189 293 202 42 130 407 194 447 173 406 139 393 226 -->  18 éléments.
Vk[13] : 30 161 286 133 433 282 1 208 355 212 101 0 8 246 336 288 298 -->  17 éléments.
Vk[14] : 68 420 191 175 98 45 448 171 151 256 251 238 13 58 20 245 389 -->  17 éléments.
Vk[15] : 300 142 345 402 308 426 181 26 62 342 225 382 303 211 383 180 366 -->  17 éléments.
Vk[16] : 302 343 55 325 304 115 273 40 411 200 128 348 351 408 412 330 228 -->  17 éléments.
Vk[17] : 174 249 9 275 87 39 51 371 198 333 199 400 184 395 162 375 145 -->  17 éléments.
Vk[18] : 219 265 315 356 437 232 271 143 328 203 153 346 179 111 299 396 252 -->  17 éléments.
Vk[19] : 339 148 255 253 313 182 63 113 124 121 281 438 239 23 149 215 24 -->  17 éléments.
Vk[20] : 102 357 54 224 332 10 32 177 57 80 103 127 170 60 152 53 31 -->  17 éléments.
Vk[21] : 294 185 439 443 65 287 364 110 52 94 92 61 205 79 167 338 418 -->  17 éléments.
Vk[22] : 424 159 197 36 81 423 247 12 144 323 276 305 242 430 11 158 99 91 -->  18 éléments.
Vk[23] : 216 123 93 417 377 329 221 363 388 399 259 112 38 5 201 331 85 -->  17 éléments.
Vk[24] : 397 432 163 71 279 165 444 157 319 261 414 176 50 27 354 43 204 312 -->  18 éléments.
Vk[25] : 44 272 398 129 134 56 234 258 416 48 266 384 280 236 209 449 344 -->  17 éléments.
Matrice M
M[0] : 1 4 2 3 2 1 3 2 4 1 1 2 1 0 2 2 1 2 2 3 3 3 2 3 3 4
M[1] : 5 3 4 2 2 3 3 4 3 5 2 4 4 0 3 4 4 4 5 4 4 2 3 3 3 3
M[2] : 4 3 5 5 0 3 4 3 4 3 3 3 2 1 2 4 3 4 3 3 4 4 3 3 3 3
M[3] : 5 4 6 2 4 3 4 0 4 5 2 4 4 4 4 6 5 4 4 3 2 5 3 4 3 3
M[4] : 1 3 1 2 1 3 3 1 0 1 2 3 2 3 1 3 2 3 1 2 3 2 2 3 2 2
M[5] : 3 1 1 2 2 1 4 2 3 1 2 3 1 3 2 2 3 2 1 1 2 3 1 0 3 3
M[6] : 3 2 1 0 2 2 4 2 2 4 2 2 2 1 2 1 2 2 1 2 1 1 2 1 1 2
M[7] : 2 3 0 2 4 4 2 2 4 1 4 2 3 3 2 3 3 2 3 2 3 1 3 4 1 3
M[8] : 1 3 2 3 2 6 3 4 4 2 4 4 4 0 2 2 2 5 3 2 4 3 4 5 3 3
M[9] : 3 3 3 6 5 3 4 4 4 2 4 5 4 3 3 2 2 0 3 6 4 4 5 5 3 4
M[10] : 3 3 2 3 3 3 2 2 4 1 1 2 4 3 2 2 2 3 2 1 0 2 2 3 4 3
M[11] : 0 1 0 1 1 0 0 0 1 1 1 1 1 0 3 1 1 1 1 0 1 1 0 0 1 1
M[12] : 3 3 3 4 3 3 4 4 5 3 4 4 2 4 4 4 2 4 3 2 3 4 0 4 3 5
M[13] : 0 1 0 1 2 1 1 1 0 2 2 0 1 1 0 1 0 1 2 1 0 0 1 0 2 1
M[14] : 3 4 2 1 2 3 4 0 2 2 2 0 2 1 4 2 4 1 2 2 3 2 3 1 1 2
M[15] : 2 0 3 4 3 2 3 5 2 3 1 2 3 2 2 3 3 3 3 3 2 3 4 3 2 4
M[16] : 4 4 4 0 5 3 5 3 4 6 5 3 4 3 3 3 4 5 6 3 4 3 2 4 4 2
M[17] : 3 1 1 1 0 0 0 0 0 0 0 0 0 2 4 1 2 0 0 1 1 0 2 0 0 1
M[18] : 5 4 0 5 2 3 3 4 3 2 3 3 3 3 3 3 2 3 4 3 3 3 2 3 3 3
M[19] : 4 6 5 5 7 4 5 4 6 4 4 0 4 4 7 5 4 4 6 6 4 5 4 4 3 6
M[20] : 1 2 2 1 1 1 1 1 2 1 3 1 3 1 0 2 3 2 2 1 1 1 2 1 1 1
M[21] : 4 3 2 3 0 4 4 5 4 5 4 5 4 4 4 4 7 4 2 5 6 6 3 3 8 4
M[22] : 6 7 5 3 4 3 5 4 5 5 0 4 5 4 5 5 5 5 4 5 4 5 6 5 5 4
M[23] : 4 3 1 1 4 3 2 6 1 2 2 2 3 3 2 2 1 3 2 0 2 3 1 2 4 3
M[24] : 2 2 2 2 1 3 3 2 4 1 3 4 3 3 1 2 1 3 1 0 1 3 2 3 2 2
M[25] : 2 3 2 1 3 0 3 3 2 2 2 2 2 3 2 2 2 3 1 1 3 2 2 4 2 3
M[26] : 4 4 6 3 3 4 4 4 3 3 6 5 5 6 4 0 5 4 5 5 4 5 4 4 3 4
M[27] : 2 3 1 4 0 2 2 3 2 3 1 3 4 2 1 2 2 2 2 2 3 3 2 3 0 3
M[28] : 1 1 2 0 2 0 2 1 0 2 1 2 3 2 1 1 0 3 3 2 1 1 2 1 0 0
M[29] : 5 5 5 5 5 4 5 3 4 5 0 5 6 5 5 4 4 4 5 3 5 5 4 5 4 4
M[30] : 5 6 3 4 4 4 5 4 4 5 3 4 6 0 3 5 4 3 5 4 5 3 3 4 3 3
M[31] : 4 4 2 3 1 2 2 2 3 4 5 2 2 3 2 4 3 1 1 4 0 3 5 2 3 2
M[32] : 4 4 2 4 5 5 4 5 4 3 5 3 6 5 4 2 2 4 5 2 0 3 5 4 5 5
M[33] : 1 2 0 0 2 2 2 3 2 3 2 3 1 1 1 3 4 0 4 1 2 2 5 2 2 1
M[34] : 4 3 3 5 3 0 3 2 2 3 2 2 3 4 3 3 5 3 3 2 2 4 1 2 3 3
M[35] : 3 1 3 4 3 3 2 1 2 3 3 2 0 3 2 3 3 3 2 3 3 2 2 3 2 3
M[36] : 3 4 3 4 4 3 4 3 4 2 5 3 5 4 3 4 4 5 3 4 1 4 0 3 4 4
M[37] : 5 2 0 4 3 4 4 4 4 3 4 2 4 1 3 3 5 4 3 2 2 5 3 2 3 1
M[38] : 3 5 5 5 5 2 4 3 3 3 3 6 3 4 4 5 4 4 3 3 4 4 5 0 2 6
M[39] : 6 6 6 5 5 5 6 6 5 5 5 7 5 6 5 6 5 0 5 5 5 6 5 4 7 4
M[40] : 5 5 2 4 4 5 2 4 2 2 2 3 4 3 3 4 0 3 2 2 4 2 4 3 3 4
M[41] : 4 4 2 3 2 3 4 3 2 3 0 3 3 2 4 2 4 4 3 2 2 2 2 1 4 3
M[42] : 4 3 3 3 2 3 3 2 3 2 4 5 0 3 3 4 4 3 4 3 3 4 4 4 2 3
M[43] : 0 0 2 1 1 1 3 2 1 0 2 2 2 2 0 2 2 1 2 1 2 1 1 2 0 1
M[44] : 6 3 2 5 4 5 3 4 5 2 3 4 4 4 4 4 3 2 5 4 3 4 3 4 3 0
M[45] : 6 4 4 4 4 4 3 4 5 5 3 5 4 5 0 5 5 5 4 5 5 5 4 3 6 2
M[46] : 5 5 0 4 6 4 7 4 4 5 5 5 5 5 6 5 3 5 5 5 4 4 3 4 3 4
M[47] : 3 3 3 5 5 3 3 3 4 2 2 0 2 4 2 4 4 4 3 3 3 6 5 3 5 5
M[48] : 3 3 2 2 3 2 2 2 2 2 3 3 2 1 5 2 2 2 1 1 3 4 3 3 3 0
M[49] : 4 2 3 3 4 4 4 0 2 2 2 5 3 3 3 2 2 4 3 4 3 3 2 5 4 2
M[50] : 5 4 3 5 2 4 4 4 4 1 5 5 3 3 4 3 4 5 2 3 5 4 3 3 0 2
M[51] : 3 4 3 1 4 3 3 3 5 1 2 5 4 5 2 3 2 0 2 4 2 1 3 3 2 2
M[52] : 1 2 2 3 2 3 1 2 2 2 1 4 1 3 3 2 2 3 1 3 2 0 3 3 2 3
M[53] : 3 3 2 2 1 1 2 2 2 0 1 1 1 3 2 2 2 1 2 2 0 1 3 1 1 1
M[54] : 4 5 4 6 4 2 4 3 4 4 4 5 4 5 3 4 5 5 4 4 0 4 3 5 2 6
M[55] : 5 5 5 3 3 3 3 3 3 4 5 3 3 4 5 4 0 3 3 3 2 5 5 4 4 3
M[56] : 3 2 1 4 3 3 3 2 4 3 3 3 2 4 2 3 4 2 2 2 3 4 2 2 4 0
M[57] : 3 4 3 3 3 3 2 4 3 3 3 2 3 2 2 2 4 4 2 3 0 2 2 2 3 4
M[58] : 3 5 3 2 6 4 4 1 3 4 2 4 3 3 0 5 4 3 4 4 2 3 3 2 3 3
M[59] : 4 3 5 3 4 2 4 2 0 4 5 4 5 2 3 4 2 3 3 3 3 4 3 3 2 4
M[60] : 4 3 2 3 4 4 5 6 4 3 4 3 4 3 1 4 5 4 3 4 0 4 3 2 5 2
M[61] : 3 4 2 3 2 4 3 3 3 3 2 3 4 3 3 4 3 4 4 3 2 0 2 3 2 3
M[62] : 4 5 3 5 2 5 3 4 4 3 3 3 4 5 4 0 4 3 5 5 5 4 3 4 3 3
M[63] : 4 4 6 5 5 4 4 3 3 3 6 3 4 6 3 4 3 6 4 0 3 6 4 4 2 4
M[64] : 3 4 2 2 4 3 2 0 3 1 1 3 1 4 4 3 2 1 3 3 3 1 2 2 2 4
M[65] : 1 3 4 1 3 3 3 3 3 5 4 3 4 3 3 4 2 5 2 3 5 0 3 2 4 5
M[66] : 3 3 3 3 5 2 3 3 5 3 3 0 4 5 4 3 2 5 3 3 4 3 2 4 4 3
M[67] : 4 2 4 0 3 4 2 4 4 7 4 6 6 3 4 4 5 3 3 5 4 6 3 5 5 5
M[68] : 5 6 4 6 6 5 6 6 5 5 5 6 4 4 0 5 5 6 5 4 4 5 5 5 6 6
M[69] : 3 4 0 3 3 2 4 2 2 4 3 3 3 2 2 5 3 3 2 2 4 2 1 3 2 2
M[70] : 4 0 3 4 3 3 4 3 3 3 4 3 6 3 3 3 3 3 4 4 3 3 3 5 2 4
M[71] : 4 2 1 2 3 2 1 2 2 2 0 2 1 2 1 1 3 4 2 1 3 2 4 3 0 1
M[72] : 0 0 0 1 0 0 0 0 0 0 0 0 0 0 0 1 0 0 0 2 0 0 0 2 0 1
M[73] : 3 1 3 3 4 4 3 2 0 1 4 3 3 1 3 3 3 4 3 2 2 2 3 2 4 1
M[74] : 5 4 3 1 3 2 4 0 4 2 3 3 2 4 2 3 3 3 3 3 2 4 3 1 3 2
M[75] : 2 3 1 5 2 3 4 2 2 0 2 3 3 1 3 1 2 2 1 1 3 1 2 1 3 2
M[76] : 0 0 0 0 1 0 0 0 1 2 2 0 1 0 0 0 0 0 0 0 0 0 1 0 0 0
M[77] : 5 4 1 4 2 4 3 4 5 2 3 0 3 3 3 4 3 4 4 1 3 2 2 2 3 5
M[78] : 4 4 2 4 4 6 4 0 6 3 4 5 4 5 5 4 5 6 4 4 4 5 3 6 6 5
M[79] : 2 2 3 1 2 0 3 2 3 0 1 2 1 3 2 3 1 1 3 2 3 0 2 2 2 3
M[80] : 2 1 1 2 1 1 1 4 2 2 2 3 2 1 2 1 2 1 2 2 0 1 1 3 2 2
M[81] : 4 4 4 3 4 4 4 4 3 3 5 4 3 3 3 6 2 4 4 3 3 3 0 4 3 4
M[82] : 3 3 3 1 4 2 0 5 4 1 2 3 2 4 2 4 4 2 4 2 4 3 3 3 3 3
M[83] : 6 4 4 0 3 5 5 3 3 1 2 4 3 4 5 5 4 3 2 5 4 5 5 1 3 3
M[84] : 0 1 0 1 1 2 0 0 1 2 2 1 2 1 1 0 0 2 0 0 1 2 1 2 1 1
M[85] : 5 1 0 3 2 2 1 3 2 2 1 2 1 2 3 1 1 3 3 1 2 0 6 0 1 2
M[86] : 4 4 3 4 5 3 5 3 4 0 3 4 3 5 2 4 3 5 2 3 6 6 4 5 6 5
M[87] : 4 3 3 5 3 4 5 3 4 2 4 5 4 2 2 3 3 0 3 3 2 4 1 5 4 2
M[88] : 0 5 4 5 6 4 5 5 4 5 6 5 4 6 5 4 4 5 4 4 4 3 5 4 5 5
M[89] : 5 4 6 7 7 6 5 5 5 0 5 5 5 4 5 5 5 5 7 4 5 4 3 5 4 5
M[90] : 3 2 2 2 3 1 2 2 3 0 2 2 3 3 2 2 1 2 1 3 2 3 4 1 1 1
M[91] : 2 2 1 2 1 2 1 1 2 1 1 2 1 2 2 2 2 2 1 2 4 1 0 1 2 1
M[92] : 3 3 5 2 2 2 3 3 4 2 3 4 4 3 3 1 3 3 4 2 3 0 2 2 3 1
M[93] : 4 5 4 3 4 4 4 4 3 2 3 4 5 3 4 2 4 3 4 3 4 3 1 0 3 2
M[94] : 5 3 2 4 2 2 3 4 3 5 2 2 2 4 2 4 3 3 5 3 1 0 3 2 2 4
M[95] : 0 5 3 6 5 4 5 3 4 2 3 4 4 4 3 3 4 6 4 5 3 4 3 4 6 6
M[96] : 4 3 3 2 2 3 3 3 3 2 3 0 4 2 3 3 3 5 5 0 2 4 2 3 4 1
M[97] : 4 0 4 3 3 3 4 4 5 3 4 5 6 5 3 5 4 4 4 5 5 4 3 3 5 3
M[98] : 3 2 2 5 5 5 3 4 4 1 4 2 1 4 0 3 3 3 5 2 4 2 2 5 3 3
M[99] : 0 1 2 0 0 0 0 0 0 1 1 0 0 1 0 1 1 1 0 1 0 1 0 0 0 1
M[100] : 4 2 2 6 4 2 3 5 4 3 0 4 4 5 3 6 5 4 6 4 5 2 5 3 3 6
M[101] : 3 5 5 4 5 4 4 5 2 3 3 4 4 0 3 3 4 5 3 4 4 2 3 3 5 3
M[102] : 6 4 4 5 5 5 6 5 6 6 7 5 6 6 5 3 5 5 3 4 0 7 6 4 4 5
M[103] : 4 3 4 4 4 4 3 2 3 5 3 4 4 3 3 4 4 3 3 4 0 4 3 3 4 2
M[104] : 4 4 6 5 6 5 4 3 6 2 0 7 7 3 6 4 4 6 4 4 5 2 6 5 4 4
M[105] : 5 0 3 2 4 4 6 3 2 5 3 5 3 4 5 4 3 3 4 6 4 4 3 4 5 4
M[106] : 5 5 0 4 2 6 3 4 3 3 5 4 4 5 3 5 3 4 4 5 5 5 3 5 5 4
M[107] : 2 2 1 3 0 4 1 3 1 2 1 2 2 3 1 1 3 4 0 0 1 2 2 1 2 2
M[108] : 0 2 0 0 1 0 1 3 0 1 0 0 0 2 0 1 0 0 1 2 0 1 2 0 1 0
M[109] : 3 2 0 4 0 4 3 4 2 4 3 4 4 4 4 3 3 5 3 3 2 2 3 3 3 4
M[110] : 1 2 3 2 2 3 2 2 2 3 2 2 2 1 2 2 2 2 2 2 2 0 3 2 2 3
M[111] : 4 7 4 5 3 4 6 5 6 3 4 5 5 4 4 5 5 5 0 3 4 6 2 4 4 5
M[112] : 5 4 2 6 5 3 2 4 4 4 4 4 3 4 4 4 5 5 5 3 3 5 4 0 4 3
M[113] : 3 3 3 4 2 3 3 2 2 4 1 3 3 3 2 2 3 4 2 0 3 3 3 2 3 2
M[114] : 1 2 1 1 1 1 1 1 1 1 1 0 2 1 1 1 3 1 1 1 2 1 1 3 1 1
M[115] : 4 4 2 3 3 4 3 3 4 2 3 2 4 3 3 3 0 3 3 3 2 3 1 3 3 1
M[116] : 3 2 5 2 4 2 1 2 2 4 0 2 3 4 3 3 4 4 3 1 1 5 3 4 4 4
M[117] : 4 0 4 1 1 4 3 4 3 3 0 3 4 5 3 3 3 2 3 5 3 3 2 2 2 1
M[118] : 3 3 2 1 3 2 0 3 3 2 3 2 2 2 2 3 3 2 3 2 2 2 2 1 2 2
M[119] : 1 0 2 2 3 2 2 3 2 3 2 1 3 2 2 2 2 2 2 1 3 2 1 2 2 2
M[120] : 1 0 2 1 1 4 3 4 2 3 4 3 4 3 1 3 2 3 3 3 1 4 5 3 4 2
M[121] : 3 3 2 3 2 3 2 3 2 2 4 1 2 1 2 3 4 1 4 0 3 1 4 3 2 2
M[122] : 2 3 2 1 2 2 0 5 3 2 2 4 3 4 2 4 0 4 1 3 0 3 2 3 2 1
M[123] : 3 4 4 4 2 2 4 3 3 3 2 4 4 3 2 3 2 2 3 2 3 3 2 0 2 2
M[124] : 2 5 6 4 2 3 4 4 4 2 4 3 3 4 3 4 4 5 3 0 3 5 1 4 4 3
M[125] : 4 5 0 7 6 4 5 5 7 5 5 5 5 4 5 5 5 4 4 5 4 6 3 3 4 4
M[126] : 3 4 5 2 4 5 4 6 0 5 3 5 6 4 5 5 6 2 5 4 5 6 3 4 5 7
M[127] : 1 3 3 4 3 3 4 2 3 3 1 2 3 3 3 4 2 3 2 4 0 5 4 2 4 4
M[128] : 2 1 2 1 2 1 2 1 3 3 1 1 1 2 2 1 0 3 2 2 2 3 2 2 2 1
M[129] : 2 2 3 2 2 3 2 4 1 3 2 1 3 3 3 3 1 4 2 2 2 2 4 3 2 0
M[130] : 2 4 3 1 3 3 4 1 5 4 4 4 0 3 2 4 2 4 5 2 2 4 3 4 1 5
M[131] : 2 1 0 1 1 2 1 0 2 2 2 2 3 4 3 2 1 2 2 2 1 3 2 1 2 2
M[132] : 2 1 2 2 1 2 0 1 2 2 2 2 3 0 2 3 1 2 2 2 0 1 1 1 1 1
M[133] : 4 5 3 3 2 3 4 3 3 3 4 4 2 0 3 4 4 3 3 4 6 6 2 4 3 6
M[134] : 4 3 4 3 3 2 3 3 3 4 3 3 3 4 3 4 5 2 2 3 3 4 2 3 3 0
M[135] : 3 2 5 5 0 5 3 4 3 3 3 4 4 5 3 4 4 5 4 2 4 3 5 4 3 4
M[136] : 6 5 0 5 4 4 3 4 4 2 3 5 3 2 3 3 3 4 2 5 2 5 2 4 4 4
M[137] : 3 3 2 3 0 2 5 3 4 3 2 3 2 4 3 2 1 2 4 2 2 2 2 2 4 3
M[138] : 0 3 2 2 3 3 3 2 2 3 4 3 2 2 3 2 3 3 2 2 2 3 3 2 1 3
M[139] : 1 1 1 1 1 2 1 3 2 1 1 1 0 2 1 1 1 1 1 2 1 1 2 2 0 1
M[140] : 3 5 2 4 4 3 0 4 6 2 4 4 2 4 5 2 5 4 4 2 5 5 2 6 3 5
M[141] : 2 1 1 1 2 1 2 0 1 1 1 1 1 0 1 1 1 2 1 1 0 1 0 0 2 0
M[142] : 4 6 5 4 3 4 5 6 5 3 4 5 3 4 4 0 6 3 5 3 6 4 4 4 5 6
M[143] : 3 4 3 5 2 5 4 6 5 1 4 4 5 4 5 6 3 2 0 4 4 2 5 2 3 4
M[144] : 3 1 3 2 3 2 2 3 4 2 2 2 2 3 2 2 2 2 2 3 3 3 0 2 1 2
M[145] : 1 2 1 2 1 2 2 1 1 2 2 1 2 1 2 1 2 0 2 2 2 3 4 2 2 4
M[146] : 1 2 2 3 2 3 1 4 0 2 2 1 3 2 2 2 3 2 1 3 5 3 2 2 3 2
M[147] : 4 2 1 2 2 4 1 2 1 0 4 2 2 1 2 2 2 2 1 2 3 2 1 2 2 2
M[148] : 3 2 2 2 2 3 5 4 1 3 2 2 2 4 4 3 3 1 3 0 3 4 2 2 3 2
M[149] : 3 5 2 4 3 5 2 4 4 3 2 3 3 5 6 4 2 3 4 0 3 4 6 3 3 4
M[150] : 8 6 5 7 6 0 4 6 6 5 5 6 6 5 3 6 6 4 6 5 4 5 7 7 4 6
M[151] : 2 1 2 2 4 4 1 1 3 1 3 2 2 2 0 1 1 2 2 1 3 3 3 3 1 3
M[152] : 0 3 1 0 0 1 0 1 0 1 1 1 1 1 0 2 1 1 0 0 0 1 1 1 1 1
M[153] : 2 3 4 4 4 2 3 3 4 2 4 3 3 3 4 5 3 4 0 2 3 3 5 3 3 2
M[154] : 1 1 1 1 0 1 1 1 1 1 1 1 1 1 3 1 1 2 1 1 0 2 1 2 1 1
M[155] : 4 7 5 4 5 6 0 4 3 6 6 5 5 4 4 6 4 6 6 5 5 5 5 5 7 4
M[156] : 4 5 2 5 4 6 6 5 4 3 6 0 6 5 3 5 3 7 3 5 3 6 4 5 6 3
M[157] : 2 3 3 1 2 4 2 4 3 3 3 3 3 2 1 4 3 3 3 3 3 4 2 2 0 4
M[158] : 3 1 2 1 3 1 2 0 2 2 2 2 3 1 0 2 2 2 2 2 2 2 0 3 2 1
M[159] : 6 4 5 7 5 3 5 6 6 6 5 5 5 4 4 6 6 4 7 4 5 6 0 5 6 6
M[160] : 4 3 3 2 0 3 3 4 3 3 3 4 4 2 3 3 2 4 3 5 3 2 3 4 3 2
M[161] : 4 5 4 3 3 4 4 5 4 4 5 4 3 0 5 6 3 5 5 4 4 3 2 5 5 4
M[162] : 1 1 1 3 0 1 1 0 2 1 1 0 1 1 1 1 2 0 2 1 0 2 1 2 2 0
M[163] : 4 6 3 5 5 3 7 4 5 3 5 7 5 4 4 6 3 5 4 5 5 5 4 3 0 5
M[164] : 6 5 5 0 4 5 3 4 5 4 5 4 5 4 4 4 5 5 4 3 3 4 4 6 4 3
M[165] : 4 6 4 2 4 4 6 4 5 4 4 3 3 5 3 4 4 3 2 4 4 1 4 5 0 5
M[166] : 5 5 6 4 0 8 6 5 5 4 5 5 6 5 6 4 4 5 5 5 5 4 6 7 3 5
M[167] : 7 5 6 6 4 6 5 8 7 6 4 7 5 5 4 6 6 6 5 6 7 0 5 6 6 6
M[168] : 0 3 3 3 3 3 3 4 3 3 2 4 4 3 2 6 3 2 2 4 3 3 4 4 3 4
M[169] : 2 3 0 0 2 2 1 3 4 2 1 3 4 3 0 2 4 4 2 2 4 1 4 3 3 1
M[170] : 4 6 3 2 4 5 4 3 4 5 5 6 3 3 3 3 3 3 3 3 0 3 4 3 5 4
M[171] : 3 4 3 3 2 3 4 4 3 1 2 4 1 4 0 4 2 3 3 3 3 3 2 2 2 3
M[172] : 2 2 4 3 3 2 3 4 4 4 0 3 2 3 4 5 5 3 3 4 4 4 3 2 3 5
M[173] : 2 1 3 1 5 3 2 2 3 2 3 1 0 4 2 2 2 2 2 1 2 4 1 2 3 2
M[174] : 4 3 3 5 5 4 5 3 4 4 4 7 5 6 5 3 5 0 4 5 4 5 2 6 4 3
M[175] : 2 3 3 2 3 4 3 2 4 3 5 3 3 3 0 3 3 3 3 3 2 2 3 2 2 3
M[176] : 2 0 1 2 3 1 2 1 2 1 3 2 1 1 1 2 0 2 1 1 1 2 0 1 0 2
M[177] : 2 4 4 2 1 1 2 1 1 2 1 3 1 2 1 2 2 2 2 2 0 2 2 2 2 2
M[178] : 6 5 3 4 2 4 4 4 3 0 3 2 4 3 4 2 4 3 2 3 2 3 3 4 3 3
M[179] : 2 2 1 2 1 2 2 2 2 1 1 1 2 2 3 2 1 2 0 1 1 3 1 1 2 2
M[180] : 2 3 3 2 3 3 3 3 4 2 4 2 4 4 3 0 4 3 3 3 1 3 1 1 1 3
M[181] : 4 4 5 2 5 2 5 4 4 3 3 4 4 4 3 0 4 4 4 3 2 2 3 4 3 3
M[182] : 4 5 2 3 5 3 3 4 4 2 3 3 5 4 3 4 5 4 5 0 4 2 5 3 5 2
M[183] : 4 5 5 0 4 4 5 5 5 4 4 6 5 3 2 5 3 4 5 3 5 5 4 7 2 4
M[184] : 4 4 3 4 3 5 3 4 2 5 4 5 4 2 5 4 3 0 3 1 4 3 2 2 5 3
M[185] : 6 5 5 6 4 3 4 5 4 4 4 6 3 3 4 4 5 4 3 3 3 0 4 2 2 3
M[186] : 2 0 2 4 4 4 4 2 2 2 4 3 4 2 3 1 2 4 2 3 3 3 3 3 4 2
M[187] : 0 2 2 2 3 1 3 3 3 1 1 4 2 3 2 2 0 2 3 3 4 2 3 2 1 2
M[188] : 5 5 5 4 4 0 5 5 4 4 3 5 4 4 5 4 4 5 2 5 4 4 3 4 5 2
M[189] : 2 4 3 5 4 6 2 5 4 3 4 3 0 4 3 5 3 4 6 4 4 3 4 3 3 4
M[190] : 0 0 2 3 3 3 3 2 1 1 3 4 1 4 2 3 1 1 2 2 2 4 2 3 3 2
M[191] : 6 6 5 4 4 4 5 5 4 4 5 5 3 4 0 6 4 5 4 4 6 4 6 6 3 5
M[192] : 4 3 4 3 3 0 4 4 3 4 3 3 5 3 4 4 3 4 3 2 2 2 2 5 4 3
M[193] : 2 3 2 4 3 3 4 2 1 0 3 4 2 5 5 5 2 4 3 4 1 2 4 3 2 5
M[194] : 1 4 4 3 3 3 3 4 4 3 4 3 0 2 2 2 4 4 2 3 4 2 3 3 2 2
M[195] : 1 2 0 2 1 2 1 3 3 0 2 3 2 3 0 3 2 2 0 2 2 2 1 2 2 2
M[196] : 3 3 2 0 1 2 2 2 3 3 1 3 2 2 2 2 1 4 1 2 2 2 3 3 2 3
M[197] : 2 5 3 2 2 4 3 1 2 2 2 5 3 3 2 2 2 3 4 3 5 4 0 4 3 2
M[198] : 3 3 3 4 5 3 4 4 3 4 4 3 4 4 3 4 4 0 4 4 3 4 6 3 3 4
M[199] : 3 4 3 4 2 3 5 4 1 3 2 3 1 3 4 4 4 0 1 2 2 4 3 3 3 2
M[200] : 1 2 1 1 0 3 1 1 2 1 2 1 1 1 1 2 0 1 1 1 1 2 1 2 2 3
M[201] : 3 3 2 2 3 3 3 3 3 3 4 3 3 2 3 3 3 3 3 3 3 3 4 0 2 3
M[202] : 6 7 2 3 4 4 5 4 3 3 3 5 0 5 3 4 5 4 4 4 6 5 3 5 6 6
M[203] : 7 6 5 4 5 6 6 5 6 6 8 5 4 6 5 7 6 6 0 6 5 5 4 6 6 6
M[204] : 3 4 3 4 3 2 3 1 2 3 2 4 2 3 4 3 3 2 2 3 4 4 2 3 0 3
M[205] : 2 2 3 3 3 2 3 4 3 2 5 2 4 2 2 2 2 1 3 2 3 0 2 3 2 2
M[206] : 5 0 4 3 4 3 6 4 4 2 5 6 4 5 2 3 2 5 3 3 6 2 2 4 4 3
M[207] : 4 4 4 3 0 4 3 4 4 3 4 3 4 4 2 3 5 3 4 3 3 4 5 4 3 5
M[208] : 2 2 3 2 2 4 2 3 2 2 4 4 3 0 3 4 2 5 3 5 1 4 2 3 4 1
M[209] : 1 2 3 1 2 1 2 1 2 1 1 2 3 3 1 2 1 3 2 2 2 2 2 3 1 0
M[210] : 0 3 4 4 3 4 3 4 4 3 3 2 4 2 5 4 5 3 4 3 3 3 4 3 3 4
M[211] : 2 3 5 2 1 2 2 2 2 3 4 4 3 4 2 0 2 3 2 4 4 4 3 3 2 3
M[212] : 2 3 2 3 3 2 4 3 3 1 2 2 2 0 2 3 3 3 3 2 1 2 1 2 1 2
M[213] : 5 5 3 4 3 4 4 0 3 7 3 2 4 4 4 6 5 4 4 6 4 5 5 5 4 3
M[214] : 2 2 2 1 2 3 3 2 1 3 0 2 2 3 3 4 1 3 3 2 3 1 1 1 2 2
M[215] : 1 1 1 2 1 0 0 1 1 0 1 3 1 2 1 1 1 2 1 0 1 1 1 2 1 0
M[216] : 5 5 4 5 5 5 6 4 5 5 5 3 6 7 6 5 5 3 7 7 3 4 5 0 5 6
M[217] : 3 5 5 4 0 2 6 5 4 2 5 6 5 4 5 4 4 5 5 5 5 4 4 3 4 4
M[218] : 5 5 4 0 3 4 5 4 5 3 4 6 3 7 5 4 5 5 3 4 8 5 3 3 4 5
M[219] : 5 5 7 4 5 4 5 5 5 4 5 4 4 6 5 4 6 5 0 4 5 5 4 3 4 3
M[220] : 4 5 3 4 4 0 5 3 2 5 3 5 3 3 4 3 4 3 3 3 4 5 3 6 4 5
M[221] : 3 3 3 4 4 4 3 3 4 4 4 4 3 4 3 3 4 4 4 3 3 5 4 0 2 4
M[222] : 0 5 4 1 1 2 4 3 3 3 3 6 3 5 5 3 3 2 3 4 5 4 2 3 3 3
M[223] : 2 2 3 1 3 0 1 3 2 3 2 1 4 2 1 2 0 2 3 1 1 1 1 1 2 3
M[224] : 3 3 4 5 5 6 3 4 3 4 3 4 3 4 3 6 5 2 4 3 0 4 3 4 3 6
M[225] : 3 2 4 2 1 4 2 4 2 3 3 3 2 4 3 0 2 3 3 1 2 2 1 2 3 3
M[226] : 2 4 1 4 2 5 2 2 3 2 1 3 0 2 1 2 2 2 2 1 3 3 1 2 3 3
M[227] : 3 2 3 0 2 2 3 2 2 2 1 2 2 2 2 2 2 2 2 2 1 3 0 1 3 1
M[228] : 2 1 3 2 2 4 2 3 2 3 2 1 2 2 1 2 0 2 2 3 2 2 2 0 2 3
M[229] : 0 2 1 1 0 2 1 1 0 0 0 1 1 0 1 1 1 1 1 1 2 2 2 0 1 2
M[230] : 3 3 1 2 4 0 2 4 2 1 2 3 3 3 1 1 3 3 2 2 3 2 2 2 2 2
M[231] : 3 0 6 5 3 5 5 4 7 6 5 5 4 5 5 5 5 5 4 5 6 5 4 4 5 4
M[232] : 2 3 2 3 3 2 2 3 1 3 2 2 3 2 4 2 2 2 0 2 1 2 2 3 2 2
M[233] : 3 4 4 5 5 0 5 5 5 3 4 4 4 3 3 3 5 4 5 5 4 5 2 3 4 5
M[234] : 5 5 4 2 3 2 6 5 4 2 6 5 3 5 2 4 2 5 5 4 4 6 4 4 5 0
M[235] : 1 2 2 1 0 1 1 1 2 1 1 2 1 1 2 1 1 1 1 1 1 1 0 2 3 2
M[236] : 1 2 0 1 2 0 1 0 2 0 0 2 1 1 1 0 1 1 0 1 1 1 1 1 0 0
M[237] : 5 5 4 0 5 5 3 3 4 4 3 4 3 4 5 5 5 3 4 3 3 3 5 4 3 5
M[238] : 1 1 1 1 2 1 2 1 1 2 3 2 2 1 0 1 1 1 2 1 1 2 3 1 1 3
M[239] : 5 2 3 4 4 3 3 2 3 3 3 4 2 3 3 3 5 4 2 0 3 2 4 3 4 3
M[240] : 0 4 4 5 3 5 5 5 3 5 3 4 4 3 5 5 5 4 3 4 5 3 5 5 4 2
M[241] : 1 1 3 1 3 1 1 0 1 1 1 1 1 2 1 2 1 1 2 2 0 0 1 0 1 2
M[242] : 1 1 2 3 1 2 1 1 2 1 1 1 1 3 1 2 2 2 2 1 1 1 0 3 2 0
M[243] : 3 0 4 4 2 5 3 3 4 2 3 4 3 4 4 2 2 5 3 4 4 4 5 5 5 2
M[244] : 3 2 0 1 4 0 2 1 1 1 2 1 1 1 1 2 2 2 1 1 0 2 2 2 0 1
M[245] : 6 3 5 5 4 5 4 6 5 4 5 4 4 2 0 4 3 4 4 3 2 5 4 6 5 5
M[246] : 2 1 2 2 3 4 2 4 3 1 2 1 3 0 2 3 4 1 1 1 2 2 2 1 1 3
M[247] : 2 3 3 3 2 2 3 3 2 2 2 1 2 2 3 3 1 2 3 3 3 3 0 2 1 2
M[248] : 5 0 6 5 7 4 4 6 6 4 3 7 2 6 4 5 7 3 6 5 6 3 4 5 4 3
M[249] : 6 6 6 3 4 3 6 3 5 5 6 6 9 5 4 7 3 0 5 6 5 5 8 5 4 3
M[250] : 2 2 3 2 2 2 1 3 0 3 0 1 1 2 3 1 3 1 2 2 2 1 2 4 2 4
M[251] : 2 2 2 2 1 3 1 1 2 2 1 1 3 1 0 2 1 1 1 2 2 4 2 2 1 2
M[252] : 1 3 2 2 2 2 1 0 1 2 3 1 2 2 1 1 2 1 0 1 1 2 2 2 1 2
M[253] : 3 4 4 5 4 4 3 3 3 5 3 2 5 4 3 2 3 4 2 0 4 2 5 3 2 3
M[254] : 5 5 3 5 5 4 5 4 5 5 3 4 0 4 4 3 4 6 4 6 4 5 6 4 4 3
M[255] : 4 4 5 5 4 4 2 3 4 4 3 4 3 4 5 5 5 2 5 0 3 3 4 3 4 5
M[256] : 4 4 4 4 3 4 4 3 3 3 3 3 2 2 0 3 3 3 3 3 3 2 3 4 3 3
M[257] : 2 2 2 2 0 2 2 3 3 1 1 2 1 0 2 0 2 1 2 2 0 2 0 2 0 4
M[258] : 2 1 2 3 2 2 1 3 4 5 3 2 1 2 2 3 1 1 3 1 4 2 1 2 2 0
M[259] : 4 3 4 3 1 4 3 4 3 3 4 4 3 2 4 3 3 2 3 2 3 1 3 0 4 2
M[260] : 4 5 5 2 3 3 0 3 2 4 3 4 3 4 3 4 3 2 4 2 2 3 3 5 4 3
M[261] : 5 5 4 4 4 4 3 4 4 4 8 3 4 3 3 4 6 5 3 5 4 4 4 4 0 2
M[262] : 4 4 6 5 5 5 4 0 4 5 4 3 4 6 4 4 4 3 5 3 6 3 4 6 5 4
M[263] : 4 6 5 5 3 4 4 0 4 3 4 5 6 4 4 6 4 5 4 3 5 5 6 4 3 6
M[264] : 0 2 4 5 2 3 2 3 5 3 2 2 3 3 4 3 2 4 2 2 3 3 3 2 3 3
M[265] : 3 3 4 5 3 4 3 4 3 4 4 5 4 4 4 5 3 5 0 5 3 2 5 3 4 3
M[266] : 3 2 3 3 3 3 4 3 3 4 4 3 5 5 4 3 3 3 4 4 3 4 5 4 4 0
M[267] : 0 0 0 1 2 1 1 2 2 0 0 1 1 2 1 3 1 1 2 1 2 0 1 2 0 1
M[268] : 0 1 2 1 1 0 2 0 1 1 0 0 1 1 1 1 0 3 1 1 2 2 2 3 0 2
M[269] : 0 0 0 0 1 0 0 1 1 0 0 0 0 0 0 0 2 0 0 1 2 1 0 1 0 0
M[270] : 0 2 2 3 2 2 3 2 1 3 3 2 3 2 1 2 2 3 3 2 2 4 3 2 2 2
M[271] : 2 4 3 3 4 3 4 3 4 2 2 3 3 4 3 5 3 4 0 4 1 3 4 3 4 4
M[272] : 4 4 6 6 5 7 4 2 4 6 6 5 5 5 5 6 5 5 7 5 6 4 6 5 4 0
M[273] : 4 5 4 4 5 4 5 4 4 4 3 3 6 3 5 4 0 5 3 4 4 2 4 3 6 3
M[274] : 4 2 2 3 2 1 2 1 2 2 2 0 2 2 2 2 3 2 3 3 1 1 2 2 1 1
M[275] : 3 3 2 3 2 3 2 1 3 2 2 3 2 3 2 3 3 0 3 2 3 2 1 2 3 2
M[276] : 3 2 3 3 1 5 2 2 2 3 2 2 2 3 3 3 3 3 2 3 2 4 0 4 2 4
M[277] : 3 3 3 3 3 2 0 1 2 3 3 6 2 3 3 1 3 3 1 2 1 1 3 3 3 2
M[278] : 5 3 2 6 4 2 3 1 0 5 3 3 3 2 3 5 3 3 3 1 1 3 5 5 2 5
M[279] : 3 3 2 4 2 4 3 2 1 4 3 2 3 4 4 4 3 5 2 4 2 4 3 3 0 3
M[280] : 3 3 5 5 5 5 3 6 5 2 5 4 4 2 4 2 5 4 4 2 4 3 4 5 2 0
M[281] : 2 7 2 2 3 2 2 3 3 2 4 2 2 4 3 4 5 3 2 0 2 3 4 3 3 3
M[282] : 3 5 3 4 5 5 4 2 4 6 4 5 5 0 4 5 4 4 4 5 2 6 5 5 4 3
M[283] : 0 4 5 4 4 4 4 5 4 6 5 5 4 3 4 5 6 5 3 4 4 4 4 8 6 6
M[284] : 0 1 3 0 1 2 1 1 1 1 1 1 1 1 1 1 1 0 2 1 2 0 1 2 3 2
M[285] : 3 3 4 3 4 3 3 5 3 0 4 3 3 4 3 4 4 3 4 5 4 3 5 2 3 4
M[286] : 4 5 5 3 4 4 5 4 3 4 7 4 4 0 4 6 3 4 4 4 4 3 4 4 3 5
M[287] : 3 5 4 2 4 2 5 3 5 2 3 5 4 4 3 4 5 5 3 3 3 0 4 5 3 3
M[288] : 4 2 3 3 2 1 2 1 4 1 3 2 3 0 3 3 2 3 1 2 3 2 1 2 3 2
M[289] : 2 1 4 3 0 4 2 2 4 2 4 1 3 3 2 2 4 3 3 2 3 2 3 3 1 3
M[290] : 5 4 4 3 1 3 3 3 2 2 2 4 0 5 3 3 2 4 3 4 3 3 3 2 3 2
M[291] : 2 0 2 2 2 2 2 3 1 1 1 2 3 2 1 2 2 2 2 1 3 2 1 3 3 2
M[292] : 4 3 4 4 3 5 5 4 4 0 4 4 3 2 3 5 5 5 2 4 4 6 3 4 4 5
M[293] : 4 4 2 3 4 4 4 3 3 4 3 3 0 4 4 4 3 4 4 3 2 5 3 3 5 5
M[294] : 6 4 4 5 5 5 4 4 6 5 6 5 6 6 5 6 5 5 5 5 5 0 6 5 4 5
M[295] : 1 4 0 3 2 1 3 2 3 1 2 2 2 4 2 4 3 1 3 3 2 3 4 2 4 3
M[296] : 5 4 3 0 6 5 4 4 3 4 5 4 5 6 4 4 3 5 5 4 4 4 3 4 4 6
M[297] : 1 4 3 2 1 1 2 2 2 0 1 2 1 1 2 2 2 1 1 2 2 2 1 3 1 1
M[298] : 2 2 2 2 3 2 3 1 2 2 2 2 2 0 1 3 1 2 3 3 1 2 3 3 1 3
M[299] : 3 3 3 1 2 3 4 2 4 4 3 3 3 3 3 5 3 2 0 3 3 4 2 3 2 5
M[300] : 4 5 4 4 5 5 5 5 6 6 4 5 6 5 4 0 5 5 8 6 4 4 5 5 6 6
M[301] : 3 3 3 2 0 2 2 3 3 2 3 3 2 2 3 4 3 2 3 3 2 3 2 2 3 1
M[302] : 6 7 6 4 4 4 7 6 5 5 5 8 4 5 4 8 0 5 4 4 5 5 5 6 5 6
M[303] : 5 4 2 3 3 3 4 3 3 2 3 2 2 2 3 0 1 2 5 4 2 2 3 3 4 3
M[304] : 4 3 5 6 5 6 5 6 3 5 6 3 4 4 4 7 0 5 5 6 5 3 4 4 4 4
M[305] : 4 4 2 4 4 4 3 4 3 3 3 3 4 2 3 3 3 5 2 5 3 1 0 4 3 4
M[306] : 3 4 3 0 4 3 3 2 3 4 3 3 4 3 4 4 4 5 4 4 3 5 4 3 3 2
M[307] : 4 5 0 4 4 5 4 4 5 5 5 5 4 4 5 5 5 4 5 4 5 4 6 3 4 5
M[308] : 5 4 3 3 3 5 4 4 6 5 4 5 6 4 4 0 5 6 4 3 6 7 5 5 5 4
M[309] : 2 2 2 1 2 3 4 0 2 2 2 2 2 2 2 2 1 3 3 3 2 3 2 2 3 2
M[310] : 6 4 3 4 3 3 4 4 4 0 5 4 5 3 3 3 3 4 5 2 3 4 4 5 4 3
M[311] : 3 4 1 3 2 2 0 2 2 2 2 1 2 3 3 3 2 2 2 4 4 2 2 2 2 3
M[312] : 1 1 0 1 2 1 2 1 2 1 1 1 1 1 1 1 1 1 2 2 1 1 1 1 0 1
M[313] : 4 4 3 3 3 2 4 4 2 3 3 3 4 3 2 3 3 3 3 0 2 3 3 3 3 2
M[314] : 3 3 3 1 2 4 3 1 3 2 0 2 3 2 2 4 3 2 3 2 1 4 2 2 3 2
M[315] : 5 4 2 3 2 3 4 3 3 4 5 3 6 3 2 4 3 3 0 5 3 5 4 4 3 5
M[316] : 6 4 6 5 7 4 0 5 5 5 3 6 3 4 4 5 4 6 6 5 3 7 3 4 5 6
M[317] : 3 2 2 1 3 3 2 2 2 2 0 1 3 2 1 3 3 3 4 4 3 4 3 2 4 2
M[318] : 0 2 2 0 4 2 3 1 3 0 1 1 1 2 2 1 1 1 2 3 3 2 3 2 3 2
M[319] : 4 2 3 3 3 3 3 2 3 4 3 4 4 3 3 3 4 3 4 2 3 3 3 1 0 2
M[320] : 3 3 3 3 3 3 3 3 0 3 3 3 2 4 2 4 1 4 5 4 4 3 3 3 4 4
M[321] : 5 4 4 0 4 6 4 4 3 6 6 3 5 3 6 4 5 5 5 6 4 5 4 5 4 6
M[322] : 0 3 2 2 0 1 1 0 1 2 2 1 2 1 0 1 1 2 1 1 2 2 1 3 1 1
M[323] : 1 1 1 2 1 1 2 1 1 1 1 1 3 1 1 1 1 1 1 2 1 1 0 0 1 1
M[324] : 0 1 1 0 0 1 1 1 1 2 2 1 2 0 2 2 2 0 0 0 2 1 2 1 1 1
M[325] : 3 4 3 4 5 4 4 5 3 2 3 4 3 4 3 2 0 3 4 5 6 4 4 3 4 6
M[326] : 6 6 6 7 6 3 6 8 0 4 5 9 4 7 6 5 4 5 7 4 6 7 6 5 5 6
M[327] : 4 4 4 4 4 4 3 4 4 4 0 3 5 5 4 4 3 4 4 4 4 5 4 4 4 4
M[328] : 2 1 2 3 4 1 2 2 3 2 3 3 3 4 3 1 0 2 0 1 2 3 1 4 2 1
M[329] : 4 5 3 2 2 3 3 4 2 3 5 4 2 2 3 3 2 4 3 5 2 3 3 0 3 1
M[330] : 5 3 3 5 5 2 5 5 5 3 4 4 4 5 3 4 0 4 3 4 4 4 2 4 5 1
M[331] : 2 2 3 2 2 2 2 4 2 2 0 2 3 2 2 2 3 3 2 2 2 2 2 0 2 3
M[332] : 3 3 3 2 4 2 3 3 5 2 2 2 4 3 4 3 3 4 3 4 0 4 5 2 4 2
M[333] : 3 2 4 2 3 2 4 4 3 3 1 2 2 2 2 2 2 0 1 4 2 2 3 2 1 2
M[334] : 1 3 4 2 2 1 5 3 0 2 3 3 4 1 2 3 3 4 3 1 3 2 4 2 3 1
M[335] : 1 1 1 1 0 0 1 1 1 0 0 0 3 1 2 1 0 0 0 1 1 1 2 0 1 0
M[336] : 4 4 2 3 2 5 2 4 2 3 1 5 3 0 2 3 3 2 2 3 3 4 1 3 4 3
M[337] : 2 5 1 2 2 2 5 3 4 0 2 2 6 5 2 3 3 3 5 4 4 3 3 2 3 3
M[338] : 2 2 1 1 2 1 1 1 0 2 1 2 2 1 0 1 0 1 2 1 2 0 2 1 3 1
M[339] : 5 5 5 2 4 4 5 4 7 5 6 5 6 4 4 5 5 4 6 0 6 5 4 6 4 4
M[340] : 1 0 0 1 2 0 1 1 1 1 2 2 2 2 0 2 2 1 1 3 2 1 1 2 2 1
M[341] : 2 3 1 2 4 2 2 3 3 1 2 0 3 5 1 3 4 2 3 2 1 2 3 3 4 2
M[342] : 1 2 3 2 3 2 3 2 2 1 1 3 2 3 1 0 1 2 1 2 1 3 3 2 3 1
M[343] : 4 5 4 5 5 6 3 4 3 6 6 4 4 4 3 3 0 4 3 5 4 3 5 4 5 4
M[344] : 3 2 4 2 3 2 2 3 3 2 2 3 2 3 3 4 5 2 2 2 4 2 3 4 2 0
M[345] : 2 4 4 3 2 2 5 3 3 2 4 4 2 5 3 0 5 3 4 2 3 4 2 3 3 3
M[346] : 2 4 2 3 3 2 3 3 3 3 4 3 3 2 1 4 2 2 0 4 2 4 2 3 2 2
M[347] : 6 6 4 7 4 8 0 4 6 4 3 5 7 6 6 4 6 6 4 4 7 6 5 3 6 4
M[348] : 4 3 3 4 5 3 5 5 3 2 3 6 5 4 3 5 0 3 3 4 4 4 4 2 3 4
M[349] : 1 2 2 1 1 1 1 0 4 1 1 3 1 2 1 2 3 0 1 0 2 2 0 2 2 3
M[350] : 4 5 2 4 6 0 6 5 5 3 3 5 5 7 6 5 3 3 6 7 3 6 6 3 6 5
M[351] : 2 3 3 4 2 1 1 3 4 3 3 5 3 1 2 4 0 1 3 3 3 4 2 3 3 2
M[352] : 0 3 4 1 4 4 2 3 0 3 4 2 3 1 3 2 3 1 2 1 2 1 1 4 3 3
M[353] : 5 4 5 5 4 4 0 4 4 4 4 3 5 4 5 4 3 5 3 3 4 4 4 3 3 4
M[354] : 3 5 3 3 3 2 2 3 4 1 3 3 2 2 3 4 4 3 2 4 2 4 3 1 0 3
M[355] : 3 3 3 5 2 3 3 5 3 3 3 3 6 0 4 5 3 3 4 4 5 3 3 3 4 2
M[356] : 3 4 2 1 2 1 4 4 3 2 2 3 1 2 2 3 3 2 0 2 4 3 4 3 1 4
M[357] : 4 5 3 6 4 5 6 4 4 4 4 4 4 6 4 4 5 4 4 4 0 4 4 4 3 3
M[358] : 5 4 4 2 5 3 3 4 0 4 6 5 4 3 5 4 4 2 4 4 3 5 2 5 3 4
M[359] : 3 6 3 4 2 0 3 3 2 5 3 2 3 3 4 4 4 2 4 5 4 2 4 2 4 3
M[360] : 3 4 4 3 3 5 3 6 6 3 0 4 3 6 4 4 5 4 6 6 3 4 3 4 5 5
M[361] : 4 3 4 4 3 2 2 2 4 3 3 0 2 3 2 4 3 3 2 3 4 4 3 4 3 2
M[362] : 0 4 2 2 2 1 3 2 3 3 4 2 2 2 1 3 2 2 3 5 2 4 2 2 3 2
M[363] : 3 4 2 1 4 4 4 3 3 2 4 2 4 4 2 3 1 4 2 2 3 3 3 0 4 4
M[364] : 2 3 2 3 4 4 3 3 4 3 2 4 4 4 2 3 2 2 3 4 3 0 4 5 3 3
M[365] : 5 6 4 3 4 3 5 5 4 6 4 0 3 5 5 6 5 4 5 7 5 5 6 5 4 5
M[366] : 1 1 1 1 2 1 3 0 2 0 3 0 1 1 1 0 2 0 1 1 1 2 2 0 2 1
M[367] : 4 3 4 4 3 3 3 4 0 3 2 3 3 3 2 4 4 4 5 4 3 3 5 3 5 4
M[368] : 2 2 1 2 1 2 0 3 1 2 1 1 1 2 1 1 0 1 3 1 3 1 0 5 2 3
M[369] : 3 2 3 4 4 0 3 5 3 2 3 5 4 5 5 4 4 5 2 4 5 5 2 4 2 2
M[370] : 1 0 1 0 1 0 0 0 0 0 0 2 0 0 0 0 2 1 1 1 1 0 2 2 1 1
M[371] : 4 4 3 4 4 3 4 5 4 5 4 4 6 5 3 4 4 0 4 3 4 4 3 3 3 4
M[372] : 4 4 4 3 3 2 0 3 3 2 1 2 2 3 2 2 2 3 1 3 2 2 1 1 3 1
M[373] : 3 0 3 1 1 3 3 4 4 2 3 4 1 3 4 3 3 2 3 3 4 3 3 2 4 2
M[374] : 5 3 4 4 3 3 3 3 2 0 5 4 3 4 3 4 5 3 4 4 4 3 4 4 3 3
M[375] : 1 2 1 1 3 0 1 1 2 0 1 1 1 1 2 1 0 0 0 1 1 0 1 1 1 2
M[376] : 0 3 1 4 2 3 2 2 3 3 2 2 3 2 2 1 4 4 2 2 4 3 2 3 3 2
M[377] : 4 6 4 5 5 7 4 4 4 2 5 5 4 5 4 4 3 5 2 6 2 3 4 0 4 3
M[378] : 3 4 2 3 4 4 3 0 2 3 3 4 5 6 1 2 5 4 3 4 5 4 4 3 3 2
M[379] : 5 4 5 3 2 2 4 2 4 3 0 5 3 5 3 4 3 4 2 5 5 4 3 3 5 2
M[380] : 2 2 2 4 3 3 2 2 0 1 1 2 3 4 2 2 1 1 3 2 2 3 3 1 2 4
M[381] : 4 3 4 2 3 3 3 4 3 2 2 0 2 3 3 4 3 2 3 2 4 4 2 3 4 3
M[382] : 3 1 1 3 2 1 2 2 2 3 2 3 1 1 3 0 3 2 3 2 3 2 2 2 2 3
M[383] : 2 2 2 2 1 2 1 2 2 3 2 3 3 3 1 0 2 2 3 2 2 2 2 2 1 3
M[384] : 4 4 3 4 5 5 3 3 4 4 6 3 4 3 4 4 5 2 4 4 2 4 3 3 3 0
M[385] : 3 1 2 3 3 3 3 2 2 0 3 2 4 3 3 3 2 5 4 3 1 4 2 1 3 2
M[386] : 4 4 3 3 3 5 5 2 2 3 4 0 3 3 3 3 3 4 3 2 3 3 3 3 1 4
M[387] : 6 6 4 6 8 8 5 0 7 6 8 6 7 5 6 7 9 7 7 7 6 6 5 8 6 6
M[388] : 2 6 3 3 1 2 4 3 4 4 2 4 4 4 1 3 3 3 2 2 4 4 2 0 2 3
M[389] : 2 3 1 2 3 1 2 1 1 2 2 2 2 3 0 2 2 2 2 3 1 2 2 1 3 4
M[390] : 3 6 5 5 4 4 6 5 0 3 5 4 5 4 4 4 4 6 4 4 3 4 3 5 4 4
M[391] : 2 2 4 4 4 0 4 4 5 2 4 1 4 4 3 4 5 4 4 4 5 3 4 3 4 4
M[392] : 3 2 0 2 3 1 1 3 2 2 2 2 2 2 3 2 3 4 2 2 1 2 4 2 2 4
M[393] : 6 5 4 5 4 5 4 3 5 6 5 4 0 4 5 5 4 4 4 4 5 5 3 3 5 6
M[394] : 0 4 5 3 4 4 4 3 4 3 3 6 4 3 3 4 5 4 4 4 4 4 3 5 5 3
M[395] : 3 3 2 3 3 5 4 4 3 5 4 5 3 4 3 4 3 0 3 4 4 4 2 3 6 3
M[396] : 3 1 2 1 3 3 0 2 1 2 1 1 1 2 2 3 2 0 0 1 0 0 1 2 1 3
M[397] : 7 4 7 6 8 5 6 3 5 5 6 5 6 8 6 5 3 7 5 4 6 6 6 7 0 5
M[398] : 5 4 4 4 5 6 4 5 5 4 5 5 7 4 6 5 3 3 5 3 5 4 5 5 6 0
M[399] : 3 2 2 1 1 1 2 2 3 2 1 2 1 3 1 2 1 1 2 2 2 2 1 0 3 2
M[400] : 3 3 3 2 3 2 3 3 3 2 4 4 4 4 3 4 1 0 4 2 3 3 4 5 3 2
M[401] : 5 3 4 5 5 4 0 4 6 7 6 5 5 5 4 8 7 6 8 5 6 6 7 5 6 3
M[402] : 4 4 3 5 5 5 3 4 4 3 5 4 4 6 7 0 4 5 5 5 4 4 7 4 5 4
M[403] : 3 5 6 5 4 5 4 0 5 3 5 4 4 4 4 5 4 3 5 5 4 6 2 5 2 4
M[404] : 0 4 3 6 3 5 5 4 4 3 3 4 3 6 4 3 5 4 4 3 2 4 2 5 2 3
M[405] : 2 2 2 2 2 0 2 2 1 2 2 2 3 3 2 2 2 2 2 2 2 3 2 1 2 2
M[406] : 0 1 1 0 0 0 1 0 1 1 1 0 0 0 0 0 1 0 1 1 0 0 0 0 0 0
M[407] : 3 3 3 2 2 2 3 3 2 3 3 3 0 2 2 2 3 3 2 2 3 3 4 3 2 3
M[408] : 2 2 3 3 2 3 1 3 2 1 3 3 3 2 2 3 0 1 3 2 2 1 3 1 2 3
M[409] : 5 6 4 4 4 6 4 5 0 4 5 7 3 6 5 4 6 5 3 4 6 6 4 5 3 3
M[410] : 7 0 5 8 5 4 5 4 6 4 5 4 4 5 6 5 6 6 7 6 4 7 4 6 4 4
M[411] : 2 1 2 2 2 2 2 1 2 2 2 1 2 1 2 1 0 2 2 1 2 2 1 1 1 2
M[412] : 2 1 2 1 2 0 2 2 1 2 2 2 1 2 0 3 0 0 2 3 3 2 1 3 2 2
M[413] : 3 0 1 3 1 3 3 3 0 3 2 3 2 2 3 3 2 1 3 2 1 1 2 2 1 2
M[414] : 1 2 0 0 1 1 2 2 0 0 0 1 2 2 0 0 2 1 1 3 2 1 0 1 0 1
M[415] : 2 4 3 4 2 0 3 3 4 4 4 4 4 3 3 4 3 4 2 2 5 2 4 4 3 6
M[416] : 4 3 2 4 2 4 3 3 2 4 4 3 4 3 3 4 4 2 5 4 3 2 3 2 4 0
M[417] : 5 2 1 5 5 2 3 4 3 3 3 4 3 3 4 3 1 5 2 4 2 4 3 0 3 5
M[418] : 3 2 2 4 3 2 4 2 2 4 4 3 3 2 2 2 3 3 2 1 2 0 2 2 3 2
M[419] : 4 4 5 6 4 6 5 6 6 5 4 4 0 5 4 6 4 7 4 5 4 5 4 6 5 3
M[420] : 5 4 3 5 4 4 5 4 3 4 4 4 3 8 0 3 3 4 3 6 4 3 3 5 3 5
M[421] : 3 5 3 2 2 4 3 2 0 1 1 3 4 4 2 3 3 2 3 4 3 3 3 4 2 2
M[422] : 3 3 1 3 2 1 3 1 1 1 0 2 2 1 2 2 1 2 2 3 2 2 2 4 3 2
M[423] : 5 5 4 4 6 5 6 3 4 7 4 5 6 5 5 6 6 5 6 7 6 5 0 4 4 4
M[424] : 7 8 8 5 9 6 5 6 8 6 9 8 8 6 8 5 8 6 7 6 10 8 0 8 7 7
M[425] : 1 2 1 2 1 1 2 1 2 1 0 1 1 1 1 2 1 0 1 1 1 1 1 1 1 3
M[426] : 5 2 4 5 4 3 5 6 3 4 5 3 4 3 3 0 5 6 4 4 2 3 4 3 4 2
M[427] : 2 2 3 4 4 3 3 4 4 3 4 3 0 4 4 3 5 4 4 4 4 2 6 2 4 3
M[428] : 2 0 1 1 1 1 0 1 1 1 0 0 1 1 0 1 1 2 1 1 1 1 0 0 3 0
M[429] : 5 5 4 4 3 4 4 3 4 3 2 0 4 3 1 3 3 4 2 2 3 4 3 4 5 3
M[430] : 2 2 2 2 1 3 2 4 3 1 1 2 2 1 3 1 2 2 2 4 3 1 0 2 2 3
M[431] : 5 4 4 4 5 4 4 4 6 4 4 0 5 5 4 3 3 6 2 6 3 5 4 4 4 3
M[432] : 4 5 6 3 3 7 5 5 5 5 4 5 4 5 6 4 7 4 6 6 3 3 3 4 0 5
M[433] : 5 4 3 2 4 3 4 3 3 2 5 3 3 0 3 3 3 3 5 5 4 4 7 4 3 5
M[434] : 4 4 3 4 0 3 5 3 4 2 2 3 2 4 4 3 3 2 3 5 5 4 3 3 5 2
M[435] : 3 4 4 4 2 4 2 4 5 0 2 3 5 4 4 3 4 3 3 3 4 5 2 5 4 4
M[436] : 3 4 0 4 4 5 6 5 6 3 3 2 4 3 5 2 4 5 4 3 5 4 4 3 4 6
M[437] : 1 2 2 3 2 1 3 3 3 1 2 4 4 3 1 3 1 2 0 4 3 2 4 2 2 2
M[438] : 2 4 3 2 3 3 2 2 2 5 3 3 2 2 1 4 2 3 3 0 4 2 2 2 5 1
M[439] : 5 6 4 4 3 5 6 5 4 3 4 6 7 5 6 5 4 5 5 5 4 0 4 5 7 5
M[440] : 1 1 1 2 2 1 1 2 0 1 1 2 3 1 3 1 2 1 1 2 2 1 1 1 1 3
M[441] : 2 0 3 2 3 2 2 2 3 3 3 3 3 4 3 3 4 3 3 2 3 3 3 3 1 3
M[442] : 5 4 5 5 0 3 4 2 3 3 4 5 4 3 5 3 4 3 4 5 4 3 4 4 2 3
M[443] : 4 3 3 4 4 5 3 3 3 3 3 2 2 2 2 4 3 3 2 4 4 0 2 2 3 2
M[444] : 2 2 2 2 3 2 3 4 0 3 3 1 1 1 2 3 2 0 1 1 2 1 2 2 0 2
M[445] : 4 6 5 6 3 3 5 5 5 5 5 0 6 3 5 4 5 6 4 3 5 5 3 5 4 4
M[446] : 2 4 3 3 3 3 0 3 2 2 3 4 3 3 2 4 5 4 3 3 3 2 5 4 3 2
M[447] : 1 2 3 2 2 2 1 3 3 1 2 4 0 2 2 3 2 2 2 1 2 2 1 2 1 2
M[448] : 3 3 3 2 2 2 2 5 3 3 2 2 6 1 0 3 3 3 3 2 1 2 2 4 2 2
M[449] : 2 3 2 2 1 3 2 2 3 2 1 2 3 3 2 2 2 3 2 1 2 2 1 1 2 0

