 Execution de l'algoritme BITS sur le fichier flat300_28_0
=====================================================================
 Partitions  : 
Vk[0] : 275 48 3 140 2 67 240 199 -->  8 éléments.
Vk[1] : 294 239 278 274 39 169 261 256 62 -->  9 éléments.
Vk[2] : 142 51 57 45 196 32 284 97 -->  8 éléments.
Vk[3] : 252 117 102 63 144 50 129 18 -->  8 éléments.
Vk[4] : 177 29 273 228 16 214 162 6 -->  8 éléments.
Vk[5] : 187 235 219 76 166 80 77 128 -->  8 éléments.
Vk[6] : 264 255 72 226 212 155 286 258 238 -->  9 éléments.
Vk[7] : 22 95 1 10 36 40 280 148 139 -->  9 éléments.
Vk[8] : 298 206 11 83 120 234 253 130 134 -->  9 éléments.
Vk[9] : 201 195 122 287 209 241 259 37 -->  8 éléments.
Vk[10] : 73 268 59 207 121 220 282 217 119 -->  9 éléments.
Vk[11] : 96 94 42 152 164 115 100 192 -->  8 éléments.
Vk[12] : 254 105 4 147 0 248 156 290 -->  8 éléments.
Vk[13] : 41 34 208 52 69 179 26 161 193 -->  9 éléments.
Vk[14] : 35 74 145 118 174 136 149 101 242 -->  9 éléments.
Vk[15] : 202 143 167 180 295 47 44 204 -->  8 éléments.
Vk[16] : 222 221 291 108 247 231 17 28 -->  8 éléments.
Vk[17] : 205 68 197 30 293 13 266 243 135 -->  9 éléments.
Vk[18] : 269 185 224 262 279 175 12 65 92 -->  9 éléments.
Vk[19] : 154 20 98 38 203 55 189 170 -->  8 éléments.
Vk[20] : 236 245 8 168 58 158 46 210 -->  8 éléments.
Vk[21] : 53 194 178 125 232 107 173 141 21 -->  9 éléments.
Vk[22] : 271 61 23 110 14 249 260 251 289 -->  9 éléments.
Vk[23] : 151 78 182 181 90 200 171 49 131 -->  9 éléments.
Vk[24] : 91 9 297 183 112 285 66 172 250 -->  9 éléments.
Vk[25] : 292 138 54 71 186 263 215 7 86 -->  9 éléments.
Vk[26] : 288 31 163 191 24 227 104 133 -->  8 éléments.
Vk[27] : 64 296 87 281 124 157 165 229 43 -->  9 éléments.
Vk[28] : 79 198 257 137 116 244 27 223 81 -->  9 éléments.
Vk[29] : 132 184 265 218 159 146 89 277 -->  8 éléments.
Vk[30] : 160 15 299 114 127 113 270 103 213 -->  9 éléments.
Vk[31] : 233 267 211 176 237 153 230 93 -->  8 éléments.
Vk[32] : 88 109 75 276 225 272 25 123 5 -->  9 éléments.
Vk[33] : 60 283 106 70 150 126 99 111 188 -->  9 éléments.
Vk[34] : 85 56 33 246 190 216 82 19 84 -->  9 éléments.
Matrice M
M[0] : 2 4 3 4 3 6 2 4 4 5 6 4 0 5 3 5 2 4 6 7 4 6 4 5 5 4 1 5 4 4 5 4 5 0 3
M[1] : 2 4 3 2 3 8 4 0 5 4 6 3 7 5 6 2 4 6 4 7 3 2 3 5 5 4 6 2 4 2 5 4 3 4 5
M[2] : 0 3 5 2 4 6 7 4 2 5 5 6 3 7 3 3 4 3 5 2 4 7 3 4 3 5 3 4 3 3 4 5 8 4 4
M[3] : 0 6 6 7 5 5 4 4 5 5 6 5 3 5 4 4 5 4 3 2 2 3 6 4 4 7 2 4 3 4 5 5 7 4 7
M[4] : 3 4 3 4 5 3 3 4 6 3 2 3 0 4 6 5 5 2 5 3 5 5 1 4 4 4 5 3 6 5 6 7 3 6 3
M[5] : 6 5 6 6 2 7 6 4 3 4 8 6 4 4 6 3 5 3 6 5 0 4 4 4 4 6 5 3 3 4 3 4 0 3 7
M[6] : 4 5 2 6 0 5 4 4 5 5 5 4 2 4 1 3 3 5 4 5 7 3 7 5 5 6 7 5 5 1 5 3 2 3 7
M[7] : 2 5 5 4 4 5 5 3 2 3 5 5 4 4 5 5 3 6 3 3 5 3 2 7 6 0 6 2 3 6 5 5 4 3 3
M[8] : 6 6 4 3 3 3 5 6 6 4 4 3 6 3 5 4 5 7 2 4 0 4 6 6 5 4 4 5 5 4 4 3 1 5 7
M[9] : 0 3 4 5 4 5 5 3 6 5 4 4 2 4 3 3 6 6 1 2 6 7 4 7 0 4 7 5 5 3 7 4 3 2 4
M[10] : 3 3 3 2 5 7 4 0 2 4 5 6 5 3 5 2 3 8 6 1 2 5 3 1 6 5 4 6 7 4 5 7 7 5 5
M[11] : 2 7 4 2 4 3 7 4 0 1 5 2 5 7 6 3 3 6 5 5 2 6 4 4 7 4 2 7 6 4 4 4 5 6 4
M[12] : 2 6 3 4 4 4 3 4 2 4 6 6 4 3 3 3 7 6 0 2 0 4 5 8 2 6 4 7 5 6 6 3 3 3 6
M[13] : 3 6 6 5 3 1 5 4 5 6 4 3 5 8 5 5 7 0 5 5 4 7 5 5 3 4 2 2 3 5 4 5 5 3 4
M[14] : 5 3 3 4 3 3 4 4 7 3 6 5 4 8 5 3 3 6 3 3 6 4 0 4 4 4 4 4 5 4 8 4 6 5 5
M[15] : 5 6 3 5 7 4 6 3 6 5 6 4 6 6 5 4 5 3 3 3 4 7 5 6 5 4 7 3 3 4 0 5 2 4 6
M[16] : 3 5 5 3 0 8 5 8 3 6 3 3 6 4 6 4 3 5 6 3 4 2 4 3 1 6 2 7 4 3 5 4 2 6 5
M[17] : 5 5 5 2 2 3 4 4 5 3 3 3 5 4 4 6 0 4 5 5 5 4 5 6 4 5 3 4 7 4 3 6 5 4 3
M[18] : 5 5 5 0 4 6 1 2 1 6 3 6 3 6 5 4 3 6 4 2 3 5 3 3 5 2 4 6 3 4 4 8 6 3 5
M[19] : 2 4 1 2 2 3 3 4 5 6 4 6 5 5 5 6 3 7 4 4 4 6 5 8 5 6 3 5 2 5 6 3 5 3 0
M[20] : 4 4 4 3 6 5 3 3 4 3 5 3 3 6 5 6 4 5 4 0 5 3 4 4 5 4 5 3 6 6 3 3 3 3 3
M[21] : 5 4 5 4 4 3 4 3 6 6 7 3 5 7 6 5 2 4 3 4 3 0 5 6 5 6 1 3 5 6 5 3 4 4 3
M[22] : 6 2 3 4 4 5 4 0 2 6 6 6 4 3 3 7 6 6 2 2 7 6 3 5 3 2 3 5 4 7 4 6 4 7 5
M[23] : 4 4 4 4 5 5 4 3 6 5 4 2 7 5 5 6 6 3 5 5 3 2 0 2 7 2 4 5 3 4 3 5 4 4 5
M[24] : 4 4 2 5 6 1 3 3 5 3 3 4 4 5 8 2 5 2 3 7 5 3 4 4 6 4 0 5 4 4 4 5 4 6 3
M[25] : 6 3 3 5 4 3 4 4 2 5 5 4 6 5 5 5 2 5 5 4 1 7 6 6 3 5 3 5 4 4 4 3 0 5 2
M[26] : 1 3 2 4 3 4 6 3 6 5 6 5 4 0 6 4 1 6 5 3 1 4 6 3 3 5 3 1 4 6 2 5 5 3 3
M[27] : 4 7 7 8 3 3 4 5 6 3 5 6 6 5 4 7 4 3 6 4 5 2 6 3 3 4 8 4 0 4 1 3 4 3 4
M[28] : 4 5 4 4 4 7 4 6 3 4 3 6 3 6 5 3 0 3 4 5 5 5 7 4 2 5 2 2 2 3 7 1 4 4 4
M[29] : 4 4 4 2 0 4 5 6 9 2 2 3 4 5 4 4 4 3 6 5 5 2 5 6 5 4 5 4 4 4 3 4 4 4 4
M[30] : 2 8 4 4 1 7 4 6 3 5 6 5 3 4 6 2 5 0 5 2 4 4 6 5 4 4 3 3 3 6 3 3 2 2 4
M[31] : 4 4 3 2 3 4 5 5 5 3 4 5 3 5 4 4 3 5 4 5 3 5 5 3 5 5 0 5 4 4 3 7 2 4 5
M[32] : 1 7 0 3 4 5 3 2 6 2 2 5 4 2 7 3 6 4 4 3 5 5 5 5 4 4 3 6 6 2 6 3 6 4 4
M[33] : 5 3 5 3 4 5 6 7 5 4 4 4 5 4 3 4 4 4 3 4 4 3 3 5 3 5 6 7 4 2 3 4 7 5 0
M[34] : 5 5 4 3 3 4 3 3 5 5 3 2 6 0 4 3 3 6 4 7 4 5 5 5 3 5 4 5 3 4 3 6 7 5 2
M[35] : 5 6 2 4 4 4 2 4 6 3 4 3 4 5 0 5 4 5 7 4 4 3 7 8 7 1 2 4 6 4 3 5 3 5 3
M[36] : 2 4 4 4 4 5 4 0 6 2 4 3 2 3 3 6 2 6 4 6 4 4 8 6 4 4 5 4 4 6 3 5 6 3 6
M[37] : 4 4 5 6 3 4 6 5 3 0 4 5 3 3 3 3 1 5 4 6 3 7 4 5 5 3 4 6 4 2 3 4 7 3 3
M[38] : 4 4 2 4 5 3 4 3 4 4 6 1 5 4 6 3 7 4 7 0 5 4 5 4 3 6 8 4 3 3 4 3 5 4 6
M[39] : 6 0 6 3 4 3 4 3 5 4 3 2 3 2 6 6 6 5 4 3 6 3 6 3 3 5 5 3 8 5 2 3 6 3 3
M[40] : 4 4 2 7 4 6 3 0 6 5 4 4 5 1 6 4 6 4 6 4 5 4 4 2 2 6 4 6 5 5 5 2 4 4 3
M[41] : 6 6 2 2 4 3 5 4 3 1 6 3 4 0 3 3 6 5 2 5 2 6 4 5 5 6 5 3 3 3 5 4 6 4 5
M[42] : 4 6 5 4 3 2 7 6 3 3 4 0 4 3 5 2 5 5 4 4 6 4 4 6 5 4 2 4 4 3 3 4 7 3 2
M[43] : 4 4 6 2 2 2 6 4 6 3 3 5 3 4 6 3 5 6 6 2 6 2 8 4 6 0 4 0 7 5 5 6 3 6 5
M[44] : 2 3 2 4 6 3 4 4 5 7 4 3 2 4 1 0 4 3 5 4 3 3 6 4 5 5 3 7 5 7 4 5 5 4 5
M[45] : 4 3 0 3 4 4 3 5 5 4 4 3 2 2 7 6 4 6 3 5 4 3 6 6 6 6 2 5 2 6 5 5 5 4 4
M[46] : 4 5 4 5 3 2 5 6 5 2 3 6 5 5 5 4 5 6 2 5 0 4 3 2 4 4 4 7 7 2 4 4 4 7 4
M[47] : 3 4 5 6 4 4 3 5 4 4 6 3 4 7 4 0 6 3 3 1 2 6 6 4 4 5 4 4 7 4 6 5 4 2 6
M[48] : 0 6 4 3 6 5 4 4 6 4 6 2 2 5 6 2 2 4 4 7 5 2 6 5 5 4 4 6 6 3 3 4 5 4 4
M[49] : 4 3 2 4 6 1 6 5 6 4 3 2 6 2 5 5 5 7 4 2 6 8 4 0 5 6 2 3 2 2 5 2 3 4 2
M[50] : 2 4 4 0 3 3 3 3 5 6 3 2 2 5 7 5 5 6 4 3 0 5 4 4 5 3 6 6 4 3 7 5 5 5 5
M[51] : 7 4 0 4 2 3 2 4 8 1 4 5 6 3 2 6 3 6 5 3 3 5 4 5 4 3 2 8 7 6 5 4 6 5 6
M[52] : 7 6 3 5 2 5 7 4 6 5 4 3 4 0 5 3 3 8 4 4 3 4 5 4 5 4 4 4 5 2 4 4 4 4 4
M[53] : 4 4 5 4 3 3 5 4 3 5 5 4 3 4 4 4 4 5 5 6 3 0 5 4 7 5 3 6 6 4 5 2 5 4 3
M[54] : 4 4 4 4 3 4 7 3 4 3 4 4 3 5 4 4 3 5 4 5 2 6 4 7 3 0 2 4 7 3 6 4 4 2 2
M[55] : 3 4 3 5 2 2 3 5 2 3 3 6 5 4 3 6 5 5 5 0 5 4 5 5 4 2 7 4 6 5 6 3 7 4 3
M[56] : 6 4 5 3 4 6 6 5 3 2 3 4 2 4 6 6 4 4 6 6 6 6 4 3 2 4 4 4 2 3 5 2 1 6 0
M[57] : 3 5 0 2 3 5 5 4 5 7 2 5 5 3 4 4 4 5 3 3 5 4 5 3 7 6 4 4 5 6 5 2 3 4 2
M[58] : 2 2 2 5 4 5 7 7 5 1 8 4 2 5 4 6 4 4 6 6 0 3 4 5 4 3 6 5 5 4 3 1 3 5 1
M[59] : 4 4 5 6 4 4 8 6 3 5 0 1 6 2 5 2 6 3 3 4 2 6 4 5 6 4 4 5 4 4 5 3 4 5 7
M[60] : 5 6 3 5 4 5 3 4 6 4 5 3 4 5 5 4 2 3 5 3 4 3 5 5 6 5 4 4 6 2 4 3 8 0 5
M[61] : 3 6 8 3 6 4 5 2 5 3 6 5 5 5 6 5 6 4 4 5 5 4 0 5 7 5 6 5 2 4 4 4 6 6 2
M[62] : 5 0 4 1 4 6 3 3 5 4 6 4 6 6 5 1 4 4 6 4 4 6 5 3 4 3 5 5 7 1 4 5 3 4 3
M[63] : 3 4 3 0 5 5 3 7 2 4 6 4 3 2 5 2 1 5 4 3 7 5 5 6 5 4 4 6 5 4 8 3 4 5 7
M[64] : 2 4 4 6 6 1 6 4 6 4 5 5 5 6 5 2 4 5 6 4 4 4 4 8 4 2 2 0 4 3 4 5 4 4 3
M[65] : 5 8 3 6 4 5 6 5 2 3 5 5 1 5 7 4 3 5 0 6 2 4 5 5 5 6 3 5 5 4 3 5 5 2 7
M[66] : 3 5 5 3 3 7 5 5 6 2 4 6 5 5 3 6 3 4 3 4 3 4 8 5 0 5 4 5 3 3 4 5 4 8 5
M[67] : 0 5 4 3 4 4 6 4 2 2 7 4 4 3 3 6 3 4 3 6 3 6 5 4 6 4 6 1 6 5 6 5 7 4 2
M[68] : 7 6 5 4 7 5 5 4 5 5 5 4 4 6 4 3 5 0 3 3 5 7 4 3 6 6 4 5 3 2 7 2 3 3 3
M[69] : 7 5 1 4 1 2 4 3 4 7 4 4 5 0 5 4 4 4 4 5 5 4 5 4 3 7 7 7 4 5 1 1 6 8 7
M[70] : 4 3 6 4 2 4 4 4 4 3 3 3 3 5 3 4 3 6 4 4 4 5 3 3 2 6 2 3 4 4 3 6 4 0 6
M[71] : 4 6 3 4 2 3 3 3 5 3 5 5 5 6 3 4 6 2 0 3 6 6 3 2 4 0 5 3 6 3 4 3 7 6 4
M[72] : 6 5 6 3 4 5 0 3 6 3 4 3 4 3 8 5 5 2 4 2 4 6 5 3 2 4 4 1 6 6 5 4 6 7 6
M[73] : 6 7 4 4 0 3 4 3 5 6 0 3 1 6 7 4 5 3 5 5 5 1 5 3 5 7 3 6 5 7 7 6 3 4 3
M[74] : 3 2 6 2 2 5 6 6 2 4 5 5 5 6 0 5 4 4 6 2 6 5 4 4 4 4 5 6 5 3 2 5 7 5 4
M[75] : 5 5 2 6 5 5 4 6 4 4 5 5 4 4 5 4 5 5 2 4 0 6 7 6 4 5 3 6 2 3 5 5 0 5 3
M[76] : 6 5 4 3 5 0 4 6 7 3 5 5 5 6 2 4 4 2 2 3 6 3 5 4 5 5 4 6 4 2 4 4 1 8 1
M[77] : 4 5 3 5 3 0 4 5 7 4 6 6 2 4 2 5 5 5 6 3 4 4 6 2 7 7 4 4 3 4 3 2 7 5 6
M[78] : 6 3 5 4 4 4 5 4 6 4 4 5 5 3 4 5 3 4 2 5 5 5 6 0 6 5 2 4 4 3 5 1 2 4 4
M[79] : 4 5 2 1 5 4 5 3 6 7 4 4 2 8 6 6 7 2 4 3 4 5 3 6 6 2 4 5 0 3 3 4 5 3 3
M[80] : 4 2 5 4 4 0 5 5 4 5 4 6 6 4 6 6 3 5 3 5 1 3 6 4 6 3 2 5 3 4 5 4 3 4 5
M[81] : 3 4 4 3 1 2 6 5 4 2 4 3 5 3 5 3 5 2 6 3 4 5 5 4 7 4 4 6 0 7 2 2 4 4 2
M[82] : 4 4 4 4 6 2 5 5 1 4 5 4 1 4 4 3 3 3 7 2 6 6 4 5 8 3 4 5 6 5 8 5 4 4 0
M[83] : 2 4 4 2 4 6 5 4 0 4 6 4 5 5 3 5 5 5 4 4 6 3 4 6 3 5 3 5 5 4 3 2 6 5 5
M[84] : 2 2 6 4 4 4 4 3 7 3 1 2 2 3 2 4 2 2 5 3 2 4 4 5 4 4 5 4 7 8 6 3 4 7 0
M[85] : 5 5 5 3 4 3 4 4 5 5 4 2 4 5 3 6 4 4 3 4 2 4 5 6 8 6 4 4 3 4 6 3 5 5 0
M[86] : 4 4 4 4 5 5 3 4 4 3 9 4 3 7 5 2 4 8 6 6 4 5 3 5 2 0 4 2 5 5 3 6 4 8 6
M[87] : 3 8 4 3 4 2 5 4 6 5 1 5 3 4 4 5 5 3 5 6 5 5 5 5 2 4 4 0 5 4 4 3 4 4 6
M[88] : 3 3 5 6 3 5 4 5 6 4 4 5 5 7 6 2 6 4 6 4 2 7 3 3 4 5 5 4 8 3 5 3 0 6 6
M[89] : 2 5 5 4 5 2 5 5 7 5 4 4 3 3 2 3 4 1 6 5 3 6 6 5 4 5 4 5 7 0 5 4 7 4 6
M[90] : 6 4 4 2 3 2 5 5 4 1 5 6 3 3 6 2 6 5 6 4 7 7 6 0 5 4 5 4 7 5 6 3 5 6 3
M[91] : 4 4 6 3 4 5 3 5 5 4 2 4 6 2 4 3 4 6 4 3 3 5 6 6 0 4 3 4 8 3 3 7 4 3 5
M[92] : 2 5 2 4 6 3 3 4 3 4 7 4 4 4 5 3 2 6 0 2 5 4 3 3 3 2 3 6 5 5 4 1 4 7 7
M[93] : 4 8 4 4 6 3 4 4 6 7 6 4 4 5 3 2 3 5 3 1 1 2 6 1 6 5 7 3 4 4 5 0 3 5 5
M[94] : 3 3 3 4 4 5 3 3 3 2 3 0 6 3 6 6 5 2 6 3 5 7 6 3 4 5 3 8 3 3 5 6 3 3 2
M[95] : 5 6 1 4 4 3 5 0 5 4 6 6 5 5 7 3 4 4 3 7 5 4 4 6 2 4 3 4 3 5 3 5 4 6 6
M[96] : 2 4 3 6 4 3 5 6 5 3 3 0 6 4 5 4 3 5 6 2 4 6 3 3 4 4 3 5 7 2 5 2 5 6 6
M[97] : 2 5 0 5 3 3 8 3 6 5 4 4 4 2 2 1 4 3 6 2 4 2 8 3 3 3 5 3 4 6 5 5 4 4 5
M[98] : 3 5 5 3 5 3 7 7 4 3 3 2 5 7 3 4 5 5 4 0 3 7 3 4 5 4 4 4 4 4 4 4 3 2 5
M[99] : 4 2 3 7 2 5 2 6 4 2 5 4 1 4 7 6 6 4 3 3 6 6 4 4 5 3 2 2 3 4 6 2 5 0 3
M[100] : 3 3 3 3 4 5 5 4 3 6 2 0 4 3 6 5 4 5 3 4 5 5 4 4 5 5 1 7 4 3 5 6 5 5 4
M[101] : 3 3 4 3 3 3 5 3 6 4 5 4 3 5 0 4 2 4 4 5 4 5 3 3 4 3 4 5 4 3 4 4 4 4 4
M[102] : 3 4 3 0 5 6 3 5 4 2 4 2 1 3 1 3 3 6 6 4 8 2 5 5 4 3 4 5 7 3 5 4 5 5 3
M[103] : 6 4 4 4 3 3 4 5 2 3 5 6 7 3 3 4 2 4 1 2 3 4 5 2 6 6 2 5 3 5 0 3 3 5 7
M[104] : 5 4 1 4 5 1 6 4 4 6 5 3 7 6 6 6 4 4 4 5 6 4 3 4 6 3 0 4 4 4 4 3 5 4 5
M[105] : 1 2 5 3 2 6 7 3 3 4 6 5 0 4 4 5 4 3 3 5 3 4 7 4 2 4 3 4 4 2 6 4 5 4 5
M[106] : 5 4 4 0 4 5 4 7 6 3 5 4 4 5 3 4 2 6 4 3 4 6 5 4 3 7 2 4 5 5 6 5 5 0 7
M[107] : 3 3 4 1 2 5 7 6 3 5 2 4 5 7 5 4 4 6 3 2 2 0 6 4 4 4 4 6 5 5 7 1 7 4 5
M[108] : 4 5 2 5 6 3 4 4 2 3 6 2 6 3 5 5 0 4 5 5 5 5 3 6 3 6 3 7 4 5 6 5 5 3 5
M[109] : 6 4 4 2 3 2 5 4 3 4 5 2 6 7 5 3 4 5 5 4 5 4 5 3 4 4 4 5 5 5 5 6 0 7 5
M[110] : 3 4 4 5 5 2 6 4 1 3 5 2 4 4 6 3 4 3 7 2 4 6 0 5 3 3 3 3 1 6 5 6 6 5 5
M[111] : 6 6 2 3 4 4 3 2 3 3 7 4 5 2 3 6 4 2 3 4 5 5 4 5 5 3 5 5 3 3 2 3 4 0 4
M[112] : 6 5 6 5 3 4 4 5 5 5 7 6 4 3 4 6 2 5 2 3 3 4 5 4 0 5 4 6 5 2 6 4 3 7 3
M[113] : 5 4 3 5 4 5 4 5 4 3 2 4 2 4 3 6 3 5 5 4 2 4 5 4 5 4 3 5 4 6 0 5 5 7 5
M[114] : 6 2 4 2 2 4 6 5 4 3 7 5 5 5 2 4 4 6 8 2 5 6 4 7 4 4 7 6 2 3 0 4 5 3 5
M[115] : 4 7 2 2 3 5 6 7 5 3 3 0 3 5 5 4 4 6 5 3 5 4 5 8 5 6 6 4 5 5 4 1 7 2 4
M[116] : 6 6 3 4 5 2 5 4 6 4 5 1 3 4 3 5 3 7 3 3 4 5 4 7 3 5 3 6 0 1 4 3 2 4 4
M[117] : 5 2 5 0 4 5 2 4 4 5 5 3 5 4 4 4 4 4 6 4 4 5 6 4 6 7 5 4 5 5 4 2 5 5 3
M[118] : 4 4 4 4 5 3 6 4 4 4 6 3 7 6 0 4 3 4 4 3 7 4 5 4 5 4 7 4 5 3 7 3 4 4 4
M[119] : 7 2 2 3 2 5 4 5 6 2 0 4 4 7 4 4 4 5 5 4 4 2 5 6 2 6 3 4 6 4 7 5 8 8 3
M[120] : 4 4 5 1 5 5 5 5 0 4 3 3 3 5 4 5 3 5 4 4 5 3 8 2 6 5 4 5 4 4 7 6 1 3 3
M[121] : 5 5 2 5 4 6 2 4 3 3 0 3 3 4 5 4 4 4 5 3 5 3 3 4 3 2 2 4 5 3 5 7 5 6 4
M[122] : 2 5 2 5 3 5 4 4 3 0 6 3 4 4 6 2 6 5 6 4 4 4 5 7 4 2 6 5 7 7 2 5 3 8 7
M[123] : 3 5 4 7 4 3 5 6 4 6 3 4 3 5 4 2 7 5 4 3 7 3 6 3 5 5 5 3 4 3 5 5 0 5 4
M[124] : 6 2 5 5 4 7 6 6 6 4 5 3 5 4 4 5 3 6 3 3 3 3 3 2 5 4 5 0 6 2 7 4 6 5 7
M[125] : 4 6 3 4 7 3 4 7 6 3 3 5 6 5 5 5 3 6 3 2 5 0 3 8 6 5 5 5 3 2 3 4 0 4 5
M[126] : 3 5 4 4 5 5 3 7 5 6 8 5 4 5 4 1 4 4 4 4 3 2 5 3 2 3 4 5 5 4 4 2 3 0 4
M[127] : 2 4 4 6 3 6 4 3 5 3 5 5 4 1 4 5 6 3 4 4 4 6 5 6 5 6 3 4 6 1 0 6 5 6 5
M[128] : 6 2 7 6 5 0 4 6 5 3 1 4 5 5 3 2 3 5 5 1 2 2 3 3 5 5 3 5 4 1 4 3 8 3 5
M[129] : 2 4 5 0 2 6 6 4 1 3 6 5 1 5 1 5 5 6 6 5 5 3 5 4 4 6 1 6 5 7 4 4 8 3 3
M[130] : 4 5 3 3 2 5 7 5 0 2 6 5 2 4 5 4 1 4 1 3 4 5 4 2 6 5 5 5 6 5 4 5 3 7 3
M[131] : 6 6 4 1 5 3 3 5 5 6 3 4 5 4 4 4 6 6 6 3 1 1 3 0 6 3 5 5 3 4 6 4 3 5 5
M[132] : 4 3 6 2 4 5 5 6 6 4 3 2 3 6 0 5 4 4 6 5 2 6 5 5 5 4 3 4 6 0 6 5 3 5 4
M[133] : 5 4 3 6 1 3 3 1 4 6 5 5 3 3 4 3 1 5 3 6 4 3 7 4 5 8 0 3 2 8 6 6 6 3 5
M[134] : 3 5 5 4 5 4 5 3 0 4 4 4 4 4 3 6 3 5 4 5 1 6 6 5 4 2 2 4 5 5 3 2 1 5 4
M[135] : 3 3 6 6 5 4 0 6 2 2 3 4 2 4 5 5 3 0 4 6 5 5 5 5 3 4 6 8 5 4 3 5 1 5 5
M[136] : 4 4 4 3 5 2 5 2 7 6 5 3 3 6 0 2 0 8 4 5 4 5 7 4 2 5 3 5 4 4 3 6 5 5 4
M[137] : 4 2 3 4 3 3 6 6 4 4 6 3 6 3 6 7 2 7 6 4 2 2 4 2 6 4 4 4 0 5 6 4 6 6 3
M[138] : 4 4 6 3 6 3 4 3 6 4 3 5 4 2 5 3 4 3 7 3 3 5 4 4 6 0 4 3 5 5 6 3 6 4 6
M[139] : 4 6 5 3 4 4 3 0 3 4 4 3 4 4 5 4 6 3 7 1 4 3 4 2 4 3 3 7 5 2 7 2 5 4 5
M[140] : 0 5 5 3 3 3 5 5 4 2 6 1 3 6 5 2 4 3 4 3 5 2 7 5 3 2 6 2 5 4 6 6 4 7 5
M[141] : 3 6 0 3 3 3 4 3 7 4 6 2 5 4 2 5 4 4 6 5 2 0 5 3 1 5 2 5 4 3 7 3 5 4 7
M[142] : 5 5 0 7 4 4 3 3 4 4 5 4 3 4 3 4 3 8 3 3 3 3 6 5 4 5 2 3 4 6 3 5 4 4 7
M[143] : 7 4 2 3 5 4 2 5 3 3 4 5 2 3 3 0 5 6 5 6 2 4 5 3 5 5 5 6 4 5 3 3 5 6 4
M[144] : 4 4 4 0 4 6 5 5 1 5 5 2 4 4 4 6 4 4 6 4 3 6 3 6 4 2 5 5 7 4 6 2 6 4 4
M[145] : 3 4 6 3 3 5 4 5 5 4 4 4 4 3 0 2 5 5 7 6 4 6 4 4 5 5 6 5 7 2 2 2 7 3 4
M[146] : 3 5 5 3 3 3 4 3 5 4 4 0 5 6 4 4 6 4 5 5 5 5 3 4 5 5 5 3 4 0 5 4 3 5 6
M[147] : 6 4 4 3 6 4 4 7 3 5 6 7 0 4 8 3 4 2 3 3 6 4 6 5 3 4 5 6 3 6 5 5 6 2 2
M[148] : 3 5 3 4 3 3 3 0 3 3 5 5 2 2 2 3 2 5 6 5 5 4 3 5 6 3 1 5 2 5 2 3 6 6 7
M[149] : 5 6 3 3 4 1 5 5 5 5 6 6 6 5 0 3 5 6 4 3 3 5 4 7 5 4 4 5 3 5 3 4 4 6 4
M[150] : 4 5 5 3 2 4 5 5 6 5 5 4 5 2 5 5 6 3 7 4 5 3 2 4 4 5 4 5 5 6 5 3 5 0 4
M[151] : 3 3 5 5 7 5 4 4 3 3 4 5 4 4 4 4 2 3 6 5 3 8 3 0 5 5 4 3 5 4 4 5 5 5 6
M[152] : 5 7 6 3 5 4 5 4 5 5 5 0 3 4 3 5 6 2 5 4 3 2 6 4 5 2 2 4 1 6 3 3 3 7 3
M[153] : 5 4 6 4 3 4 2 3 5 4 5 4 5 2 7 5 3 4 2 5 5 2 5 2 5 4 2 5 6 6 3 0 2 3 5
M[154] : 4 3 2 5 3 3 2 5 2 5 2 4 6 5 5 3 5 4 6 0 4 4 4 5 3 7 7 6 3 7 6 4 2 3 5
M[155] : 4 3 3 3 4 3 0 3 8 3 4 3 2 4 5 5 4 3 6 2 6 5 5 5 7 4 5 9 2 4 4 4 5 4 2
M[156] : 3 6 3 2 4 5 2 3 6 3 3 4 0 6 6 4 7 5 2 3 3 8 4 5 5 6 7 5 5 4 4 7 4 4 4
M[157] : 2 6 6 5 6 7 4 5 6 5 2 3 3 5 6 6 4 5 5 6 2 5 4 5 5 3 4 0 2 3 2 5 5 5 5
M[158] : 5 4 4 6 6 5 4 3 6 3 2 4 4 3 6 3 4 8 5 3 0 3 6 3 1 6 2 2 4 4 4 6 5 3 6
M[159] : 6 5 3 5 1 3 5 6 3 5 3 7 4 5 5 7 2 4 3 5 2 1 7 5 2 2 5 3 5 0 5 4 5 4 5
M[160] : 2 4 4 2 5 5 5 3 3 3 6 4 3 4 3 4 5 4 6 4 3 5 8 6 7 5 5 4 3 4 0 6 3 5 6
M[161] : 4 3 4 5 3 6 3 5 6 6 6 3 5 0 6 6 2 6 5 5 5 2 6 1 3 4 3 4 3 4 2 5 5 3 6
M[162] : 6 4 5 4 0 5 5 3 6 1 2 5 2 4 3 4 3 4 6 5 5 3 6 4 4 5 4 4 6 4 3 3 5 6 5
M[163] : 4 3 4 4 6 6 2 6 4 4 2 2 4 6 3 6 2 2 6 6 1 2 3 7 6 5 0 5 8 5 6 4 5 5 6
M[164] : 7 5 1 4 4 5 3 5 5 3 2 0 5 3 5 4 4 5 5 3 4 5 5 2 5 7 6 6 3 2 6 4 5 2 4
M[165] : 4 3 3 6 5 3 2 6 4 4 4 5 4 2 4 5 3 4 5 5 7 3 3 3 6 3 4 0 4 4 5 5 6 2 4
M[166] : 4 2 4 4 5 0 4 7 5 6 3 3 4 2 4 4 2 2 4 6 3 8 3 5 5 5 1 4 4 1 6 2 4 5 5
M[167] : 2 4 4 4 2 6 5 3 5 3 5 7 5 4 4 0 4 5 3 6 5 6 6 7 3 6 3 4 6 6 3 6 3 8 6
M[168] : 3 6 4 4 6 3 4 5 4 3 4 5 4 5 4 4 6 4 4 6 0 3 2 6 3 5 5 6 3 3 2 5 3 4 3
M[169] : 6 0 4 3 4 3 7 5 7 5 2 6 4 3 0 4 2 6 9 3 4 6 4 5 4 7 2 4 3 4 2 3 6 3 3
M[170] : 5 4 3 1 1 3 4 5 5 4 5 5 5 5 5 5 3 4 4 0 5 6 5 2 2 6 2 5 4 5 3 4 6 4 6
M[171] : 3 7 5 4 4 6 5 3 6 4 7 2 7 3 3 5 3 2 6 4 1 5 2 0 8 6 6 6 5 4 3 1 5 5 5
M[172] : 5 5 4 4 1 5 3 4 4 6 5 3 4 4 6 3 1 4 5 0 2 5 4 5 0 5 6 4 3 2 6 8 4 5 6
M[173] : 6 6 1 3 3 5 6 4 6 6 1 3 3 4 5 3 4 7 2 4 4 0 5 8 4 5 2 4 5 3 5 4 7 4 3
M[174] : 4 6 4 4 3 2 6 6 2 4 5 4 3 7 0 1 4 7 4 4 3 5 4 1 4 5 6 6 7 3 5 3 5 3 5
M[175] : 5 4 4 6 6 3 4 6 4 6 5 5 4 6 6 4 2 4 0 5 5 5 5 5 5 4 4 4 4 4 3 2 5 4 3
M[176] : 5 4 4 5 4 6 3 2 5 5 4 3 3 8 4 4 4 6 5 5 5 2 1 5 4 7 4 6 5 3 5 0 6 3 4
M[177] : 6 5 2 5 0 4 6 2 5 3 7 4 4 3 7 4 4 5 7 5 3 4 5 7 3 3 4 2 3 6 2 4 3 4 5
M[178] : 4 3 4 7 4 4 5 4 1 3 7 4 4 3 4 2 4 7 3 5 3 0 3 4 2 6 4 4 2 1 3 5 6 2 3
M[179] : 4 6 5 3 6 3 5 2 3 3 8 5 4 0 5 5 7 3 6 3 3 5 7 1 3 1 3 7 5 3 8 5 2 4 4
M[180] : 3 4 4 4 6 3 5 2 7 3 4 5 6 3 6 0 6 6 5 5 4 4 4 5 5 2 2 6 5 5 5 3 3 6 6
M[181] : 3 4 4 5 5 3 4 6 3 5 4 2 7 3 4 6 4 4 4 3 4 7 3 0 3 1 3 5 4 3 5 4 4 4 6
M[182] : 5 5 3 6 4 2 7 4 5 5 6 5 2 3 5 4 3 4 4 2 4 4 4 0 7 5 4 6 5 4 5 3 4 4 5
M[183] : 3 6 4 5 4 6 5 4 4 5 4 4 5 3 7 4 5 4 4 4 4 3 3 6 0 2 5 2 7 2 4 6 5 4 5
M[184] : 5 6 5 6 3 2 5 7 4 6 6 4 2 4 4 6 3 5 7 6 2 4 3 5 1 7 5 5 3 0 6 3 4 4 4
M[185] : 3 5 2 5 6 2 4 6 5 5 6 3 4 6 5 2 4 2 0 5 4 3 6 5 2 5 1 7 3 7 4 4 3 6 6
M[186] : 4 4 4 4 1 5 2 4 4 6 3 3 2 4 3 3 4 5 6 4 5 5 6 7 6 0 4 3 2 4 4 5 5 6 4
M[187] : 3 9 3 6 4 0 4 4 6 5 5 5 5 7 6 6 5 3 2 2 5 6 4 4 4 4 3 2 4 4 6 5 5 4 4
M[188] : 6 3 3 5 3 2 5 5 4 3 5 2 3 6 5 4 2 3 4 2 5 1 7 7 6 6 3 5 5 5 6 4 4 0 7
M[189] : 2 6 4 5 6 4 7 5 3 5 7 3 1 3 3 3 6 4 4 0 6 6 3 3 3 3 4 6 5 5 4 3 7 6 3
M[190] : 4 4 3 5 3 4 5 6 5 4 3 1 2 3 6 2 4 8 7 2 4 4 5 2 4 4 5 5 5 6 8 6 5 6 0
M[191] : 5 3 3 5 6 2 5 3 7 4 2 3 5 6 4 3 4 6 3 4 4 5 3 6 6 2 0 4 5 4 5 0 4 3 6
M[192] : 5 6 5 4 2 6 3 4 3 3 6 0 3 5 3 3 3 3 3 4 5 4 3 4 3 4 6 6 5 2 8 4 6 4 4
M[193] : 4 5 1 0 6 3 3 3 6 3 3 2 4 0 7 3 4 4 4 2 6 6 5 4 4 3 5 5 5 3 3 3 3 4 6
M[194] : 2 5 6 6 2 5 5 3 5 5 2 6 6 4 7 4 5 7 4 5 2 0 3 7 7 4 4 3 2 5 6 2 6 3 4
M[195] : 1 1 2 4 3 4 6 3 4 0 5 5 5 3 3 5 4 4 7 2 3 5 2 4 3 5 5 3 4 4 5 6 4 3 6
M[196] : 5 4 0 7 2 4 4 4 6 3 5 1 3 5 5 3 6 7 0 4 4 7 5 5 5 5 4 4 4 4 5 4 6 3 6
M[197] : 4 3 5 4 6 2 4 5 5 3 5 3 4 3 3 3 3 0 1 8 5 2 6 5 7 1 4 6 5 5 6 4 5 5 1
M[198] : 2 5 7 5 3 4 5 4 6 6 1 5 4 2 6 3 4 6 4 2 4 7 6 2 4 4 5 3 0 3 5 4 1 4 5
M[199] : 0 5 2 4 4 2 4 4 5 3 6 6 3 4 5 5 6 4 4 6 7 5 3 7 4 3 3 5 3 2 3 4 2 5 5
M[200] : 1 6 3 5 5 4 2 3 3 4 4 3 3 6 3 5 6 6 5 3 3 3 5 0 7 7 3 5 5 1 6 3 5 4 7
M[201] : 2 5 3 3 3 4 2 4 4 0 4 3 2 6 6 3 2 5 3 2 2 5 5 3 3 4 5 5 3 5 6 4 6 3 6
M[202] : 3 2 3 5 3 6 5 3 5 1 5 5 3 6 5 0 5 5 3 6 5 4 7 6 7 5 4 3 3 5 5 4 3 5 6
M[203] : 6 5 4 4 6 4 4 3 4 5 3 3 5 5 6 3 6 7 6 0 5 4 3 4 5 2 3 8 2 3 2 6 6 5 3
M[204] : 4 5 6 4 5 3 6 6 5 4 3 4 3 5 3 0 3 2 3 3 6 4 3 6 5 2 3 2 4 4 6 4 3 3 1
M[205] : 2 5 7 7 4 4 4 5 4 2 4 2 6 5 5 3 4 0 4 4 3 8 5 6 4 5 4 6 6 3 2 3 5 4 7
M[206] : 5 6 5 3 5 6 7 3 0 2 5 4 3 5 4 7 1 4 4 1 5 4 4 8 5 5 4 6 7 3 3 6 3 2 3
M[207] : 5 4 3 5 3 2 4 6 3 3 0 2 3 6 5 4 5 8 6 4 3 5 3 4 6 5 3 3 2 3 8 4 5 5 3
M[208] : 4 5 2 5 4 6 3 3 6 4 3 3 5 0 5 5 4 5 5 5 6 6 5 4 2 4 5 4 7 6 6 2 5 4 4
M[209] : 6 4 4 5 3 5 7 5 4 0 4 3 7 7 5 1 3 5 4 4 2 4 4 3 7 6 3 4 5 6 3 6 3 5 4
M[210] : 6 6 3 4 2 4 5 5 3 5 5 5 4 6 5 4 4 4 6 5 0 5 4 6 8 7 4 3 3 4 4 3 3 5 5
M[211] : 3 3 5 3 1 2 6 6 5 5 6 4 6 5 4 6 5 6 3 4 3 6 5 3 4 5 4 5 1 4 4 0 5 4 5
M[212] : 1 5 5 3 6 5 0 7 6 5 4 4 1 4 5 4 5 6 4 4 5 4 5 5 5 4 5 5 5 3 4 3 5 5 6
M[213] : 3 6 2 6 3 2 5 5 4 8 7 4 5 3 3 3 5 2 2 5 4 7 5 4 3 7 3 4 5 4 0 3 4 3 6
M[214] : 4 4 4 4 0 4 4 3 4 5 3 2 2 3 3 4 2 3 7 5 5 3 5 5 4 3 6 5 5 2 6 3 6 3 3
M[215] : 4 6 4 2 4 5 4 5 6 5 3 5 4 3 3 3 3 3 4 3 4 5 5 4 4 0 5 3 1 5 4 4 4 3 5
M[216] : 3 2 4 5 7 3 3 5 4 4 5 2 3 7 3 3 6 6 6 6 5 3 3 3 7 2 3 6 4 4 4 2 3 5 0
M[217] : 7 5 6 4 4 3 5 4 4 5 0 2 3 6 5 5 4 1 5 3 6 6 6 3 7 5 4 5 4 1 1 4 5 7 1
M[218] : 2 7 6 4 4 0 7 5 3 4 6 1 4 4 4 7 2 4 6 6 5 2 5 1 5 3 6 5 4 0 3 5 5 4 7
M[219] : 3 4 3 6 4 0 2 6 7 5 6 2 6 3 1 2 4 3 3 4 4 4 4 3 5 4 2 5 3 3 3 3 3 5 5
M[220] : 4 3 1 3 5 2 6 5 7 5 0 6 5 6 5 5 2 3 3 3 1 5 5 8 5 4 4 2 4 4 7 5 5 4 2
M[221] : 4 5 5 4 5 4 3 5 3 5 4 6 1 3 4 5 0 8 4 5 5 3 2 5 5 2 3 6 6 6 3 1 8 3 5
M[222] : 5 3 4 4 1 4 5 5 4 3 6 4 6 4 3 6 0 4 4 4 5 6 5 5 4 4 5 4 5 2 4 3 6 5 4
M[223] : 3 4 4 6 6 2 2 3 8 2 5 4 2 6 5 3 4 3 4 4 3 3 5 2 6 7 4 6 0 3 4 5 5 6 6
M[224] : 4 7 4 3 5 2 3 6 4 6 4 3 5 3 4 3 5 3 0 4 3 2 4 4 3 5 4 3 7 5 3 3 5 6 4
M[225] : 5 5 7 4 3 3 4 5 4 5 6 5 4 4 6 3 3 3 6 5 1 4 4 3 3 5 4 5 4 4 4 3 0 4 3
M[226] : 4 5 2 5 6 5 0 4 4 3 6 5 5 6 3 3 2 4 3 3 7 5 4 5 2 3 2 2 5 5 4 4 2 5 3
M[227] : 1 6 3 5 5 3 5 7 3 3 6 2 3 5 5 2 3 5 4 3 4 3 4 3 4 6 0 5 7 3 4 4 5 3 5
M[228] : 5 7 1 3 0 4 5 3 4 3 5 4 5 3 4 6 3 4 7 2 1 6 5 6 5 4 2 5 1 2 4 3 5 4 6
M[229] : 0 4 4 5 3 3 3 6 4 6 5 4 5 5 6 3 3 3 2 5 4 7 4 4 5 4 4 0 5 7 6 2 5 4 4
M[230] : 5 4 5 5 5 3 4 7 3 5 3 5 5 4 4 5 2 2 3 3 2 5 4 4 5 8 4 6 3 7 6 0 7 5 5
M[231] : 4 3 5 2 3 3 5 5 3 4 7 2 5 3 2 2 0 6 6 5 6 3 6 4 4 4 3 6 5 1 4 1 4 5 3
M[232] : 2 6 4 5 1 3 4 4 3 3 2 6 6 4 4 2 3 7 5 5 4 0 5 4 3 8 4 5 2 2 6 5 6 5 6
M[233] : 4 7 3 3 3 2 8 5 9 4 5 3 6 1 6 4 3 5 3 3 5 4 4 2 6 3 3 2 6 5 5 0 9 4 2
M[234] : 5 6 6 2 5 7 5 4 0 2 4 3 2 5 6 2 3 1 5 3 2 5 4 5 6 3 6 5 8 5 4 4 6 3 5
M[235] : 4 3 5 6 5 0 4 6 2 2 4 4 5 5 5 3 4 7 6 3 5 4 3 5 8 6 6 2 1 2 5 6 4 4 4
M[236] : 5 6 5 4 6 4 6 6 2 3 2 6 2 3 2 5 7 3 4 4 0 4 2 1 4 5 0 5 4 4 4 3 2 6 3
M[237] : 7 4 2 5 4 4 4 6 4 5 4 2 6 5 2 5 4 4 4 6 4 3 6 4 4 7 7 6 3 2 5 0 5 6 4
M[238] : 3 2 2 2 2 2 0 3 7 4 4 4 2 7 6 3 3 6 5 6 4 5 6 3 4 3 3 5 4 6 3 6 4 2 4
M[239] : 0 0 4 4 3 3 6 6 4 3 6 5 3 4 5 6 3 5 4 4 5 6 4 8 5 5 3 5 5 5 4 2 4 5 2
M[240] : 0 3 2 3 3 5 3 6 4 3 3 5 4 5 2 5 6 5 3 3 3 3 4 5 3 3 6 2 4 5 7 3 4 4 3
M[241] : 6 6 6 3 4 4 4 4 4 0 2 2 2 4 4 4 4 4 3 6 2 6 3 4 8 4 4 3 5 7 3 5 5 4 4
M[242] : 3 2 4 4 3 4 5 5 5 3 7 6 4 3 0 3 4 5 5 4 3 4 5 3 5 4 3 4 4 2 4 4 7 5 4
M[243] : 5 4 4 5 2 5 8 4 4 3 6 3 3 3 9 4 3 0 5 2 7 6 5 4 4 7 3 2 5 2 2 4 5 3 8
M[244] : 4 5 5 4 4 3 4 2 5 2 4 4 2 4 4 2 4 7 3 6 5 4 2 7 7 3 3 3 0 3 4 4 6 5 5
M[245] : 3 2 6 3 4 4 5 3 4 2 3 4 3 5 7 4 6 6 4 5 0 2 6 5 6 6 5 7 4 2 6 4 2 3 6
M[246] : 4 4 3 5 6 5 5 5 4 7 3 4 4 6 4 4 3 5 6 3 2 3 6 6 3 5 3 4 4 4 6 3 5 4 0
M[247] : 6 5 2 6 2 2 4 6 4 2 3 5 3 5 5 6 0 4 5 6 5 2 7 4 5 3 4 3 5 4 6 5 4 3 4
M[248] : 4 6 5 3 3 5 3 4 3 5 3 4 0 5 3 1 3 4 4 4 5 4 4 6 6 4 4 4 3 3 5 4 5 6 3
M[249] : 5 6 4 4 3 4 3 3 4 5 4 3 4 6 7 7 5 6 4 4 3 5 0 4 4 4 3 6 3 0 6 3 7 4 4
M[250] : 4 4 4 6 4 5 4 2 8 4 5 3 2 4 5 3 2 5 3 4 5 2 4 7 0 5 3 5 5 4 5 3 2 3 7
M[251] : 5 4 6 5 5 4 1 5 4 2 3 6 3 5 4 3 4 9 4 0 4 4 0 4 6 6 3 4 5 6 5 3 5 2 4
M[252] : 3 4 5 0 3 3 5 4 5 5 3 6 5 2 3 6 5 6 4 5 4 6 6 4 4 5 6 5 2 4 4 3 5 5 4
M[253] : 4 2 6 2 5 3 5 4 0 5 3 4 4 6 5 2 2 4 3 1 6 4 7 4 5 6 4 5 4 1 5 6 4 4 7
M[254] : 4 4 4 3 4 4 2 7 3 4 6 4 0 7 6 5 3 7 6 5 2 7 3 6 4 4 3 5 5 3 5 5 4 5 4
M[255] : 6 4 4 3 5 2 0 4 5 4 6 4 5 2 4 3 3 8 4 4 3 6 2 7 5 4 4 3 3 3 4 4 4 2 3
M[256] : 4 0 5 1 6 3 1 6 4 6 4 6 1 7 5 1 5 7 5 1 4 5 3 3 4 5 5 6 3 5 5 3 4 6 3
M[257] : 2 4 6 3 3 3 4 6 6 3 5 2 4 4 6 3 7 4 4 4 4 1 1 7 4 5 4 6 0 4 5 4 5 6 5
M[258] : 4 3 4 2 3 2 0 3 5 7 4 5 4 5 5 4 5 1 5 5 4 6 3 4 8 2 4 2 4 6 6 1 5 3 7
M[259] : 3 6 3 5 5 4 5 5 1 0 7 4 4 5 7 6 4 4 5 5 5 5 5 6 6 5 4 5 3 3 8 5 8 3 3
M[260] : 5 6 6 4 5 4 5 4 6 3 3 3 2 5 4 3 3 6 6 6 3 6 0 4 3 5 1 3 5 6 7 3 6 6 4
M[261] : 5 0 4 4 4 6 4 2 6 5 4 4 2 3 5 3 3 5 5 6 1 3 6 2 6 4 3 6 5 4 5 6 5 2 5
M[262] : 4 2 3 3 2 3 6 5 4 3 4 4 4 4 4 5 4 6 0 4 3 4 5 6 5 5 6 4 3 4 5 3 3 3 3
M[263] : 3 6 2 5 6 2 1 7 5 2 5 2 5 2 3 5 4 4 4 5 5 6 5 4 7 0 5 6 6 2 3 6 4 6 2
M[264] : 6 6 5 4 5 4 0 5 5 7 4 6 2 3 4 4 4 5 3 4 3 4 5 4 2 3 3 5 5 5 6 4 4 3 5
M[265] : 2 5 5 5 3 1 5 3 2 4 4 5 4 4 6 5 3 5 5 5 4 4 5 2 3 6 3 6 2 0 4 5 3 3 4
M[266] : 3 4 4 4 1 1 4 6 4 3 1 3 6 7 6 4 2 0 7 6 4 7 5 2 5 4 4 5 4 3 3 4 3 5 6
M[267] : 4 2 3 2 3 5 3 5 4 4 6 5 3 5 6 5 3 3 4 3 4 5 5 5 7 2 2 4 5 5 5 0 5 5 1
M[268] : 4 7 4 2 2 4 2 4 3 4 0 4 6 3 7 3 4 5 6 5 1 4 3 3 7 3 3 4 5 4 2 1 6 5 4
M[269] : 2 4 4 4 6 5 4 2 5 6 3 4 4 6 5 5 7 4 0 6 4 3 4 2 3 5 3 4 3 3 2 4 4 4 5
M[270] : 5 2 6 7 3 2 3 6 4 3 5 5 2 2 5 3 3 2 3 5 3 4 6 4 5 3 4 5 5 4 0 2 8 3 8
M[271] : 4 5 6 3 4 3 6 6 5 4 4 6 5 4 3 4 3 4 4 3 2 5 0 4 4 3 5 6 6 5 6 5 5 4 5
M[272] : 5 4 4 3 3 4 4 4 5 5 5 6 4 2 5 3 3 2 2 7 4 5 4 4 3 5 2 4 3 4 3 7 0 5 6
M[273] : 2 4 2 3 0 1 5 7 3 3 2 4 5 6 4 5 5 4 3 4 4 6 4 7 3 5 6 4 5 6 7 5 5 3 5
M[274] : 3 0 5 7 4 3 5 4 6 3 4 4 4 7 4 1 6 6 2 6 4 4 5 6 5 8 3 4 4 4 3 5 6 3 4
M[275] : 0 4 4 2 5 4 6 5 6 4 5 4 3 7 6 4 3 3 5 2 5 5 4 3 7 5 3 5 2 1 6 5 6 8 5
M[276] : 4 8 4 5 5 3 5 5 3 5 4 4 1 5 4 4 6 3 2 3 3 6 8 4 4 3 5 4 5 5 4 6 0 2 3
M[277] : 3 3 7 5 5 5 6 3 5 6 5 3 5 4 4 4 6 7 5 1 4 3 6 3 3 6 6 6 2 0 3 6 5 5 5
M[278] : 4 0 2 5 5 2 5 6 4 3 5 4 6 6 3 3 5 2 6 4 4 4 3 6 5 4 4 5 4 5 3 4 2 5 4
M[279] : 4 6 3 5 7 4 5 4 6 2 3 3 4 2 6 3 3 3 0 6 7 5 3 5 3 3 2 1 5 5 6 2 6 4 6
M[280] : 7 4 3 4 5 4 5 0 4 3 2 3 4 4 3 1 6 2 4 3 6 6 3 7 4 3 4 4 4 2 5 4 4 6 2
M[281] : 3 6 5 7 4 5 4 5 4 3 4 7 3 5 6 6 3 4 4 4 5 6 4 5 3 5 6 0 7 4 5 4 2 4 5
M[282] : 2 2 2 3 5 5 5 5 5 3 0 3 5 3 4 5 4 6 5 3 4 3 7 4 3 4 3 2 4 5 6 4 4 4 5
M[283] : 3 4 2 4 7 4 5 5 3 5 5 3 4 5 5 4 3 3 5 4 2 3 6 6 6 7 5 6 5 1 5 7 4 0 5
M[284] : 5 5 0 3 3 6 7 2 4 2 3 1 4 3 7 3 1 4 4 4 4 3 6 3 6 4 2 8 9 6 3 4 5 4 2
M[285] : 5 3 3 4 4 3 5 3 5 5 6 4 3 1 3 3 2 4 3 4 4 6 6 6 0 7 4 6 5 4 3 1 6 4 3
M[286] : 5 5 4 3 4 3 0 3 7 5 4 3 1 5 4 5 2 4 4 4 5 3 4 5 4 5 2 6 7 4 5 4 6 3 5
M[287] : 4 4 3 5 4 3 7 5 4 0 4 3 5 7 3 5 3 2 7 3 2 4 4 4 4 5 2 6 2 4 6 4 6 5 6
M[288] : 5 4 5 4 4 5 3 4 4 4 2 5 3 3 6 2 3 4 3 4 3 4 4 3 3 4 0 5 5 5 5 4 5 3 2
M[289] : 4 3 4 5 5 5 5 4 6 4 6 4 2 6 3 6 5 4 3 4 3 4 0 4 5 4 4 4 6 5 5 3 2 5 5
M[290] : 2 5 4 2 3 5 3 6 3 3 4 3 0 6 3 2 4 7 5 5 2 5 7 7 6 6 4 4 4 3 3 2 5 6 4
M[291] : 1 6 4 3 4 4 4 4 2 3 6 6 3 6 3 5 0 5 4 6 5 5 4 4 2 5 2 2 6 5 5 5 5 5 5
M[292] : 4 7 4 2 5 7 3 2 3 5 3 4 6 6 4 4 3 4 7 2 6 7 4 2 3 0 2 5 3 5 7 5 5 7 7
M[293] : 1 5 2 4 4 3 5 4 6 5 4 6 1 7 5 4 6 0 5 2 5 7 4 6 4 5 3 5 7 4 5 5 6 4 5
M[294] : 4 0 4 3 4 3 3 3 3 2 5 6 6 6 4 5 3 4 6 4 5 6 5 5 5 5 2 5 3 6 5 5 6 7 5
M[295] : 7 4 4 5 3 3 6 4 5 4 5 1 5 4 3 0 5 3 5 2 7 3 3 5 2 3 4 7 5 5 6 6 3 4 4
M[296] : 5 6 4 4 2 3 2 3 4 3 6 7 5 5 3 4 4 6 5 5 4 6 5 5 4 6 3 0 3 5 5 3 4 5 5
M[297] : 5 6 3 2 3 5 5 5 4 4 7 2 4 5 6 5 4 2 6 6 5 3 3 6 0 4 5 3 5 5 6 3 3 3 6
M[298] : 5 5 6 4 4 4 7 4 0 3 3 3 3 4 6 5 5 4 5 2 4 4 3 5 5 4 6 4 6 4 6 6 5 6 5
M[299] : 6 1 7 5 5 5 4 4 7 5 5 2 5 6 5 5 5 6 4 3 3 4 6 6 4 3 3 7 3 6 0 4 3 5 4

