 Execution de l'algoritme BITS sur le fichier flat300_28_0
=====================================================================
 Partitions  : 
Vk[0] : 88 237 181 90 68 182 121 78 -->  8 éléments.
Vk[1] : 216 192 295 62 274 82 39 49 -->  8 éléments.
Vk[2] : 233 279 281 147 28 153 7 195 -->  8 éléments.
Vk[3] : 101 120 239 203 262 55 128 201 -->  8 éléments.
Vk[4] : 105 200 277 275 254 189 24 139 -->  8 éléments.
Vk[5] : 4 3 63 61 34 106 253 -->  7 éléments.
Vk[6] : 74 13 53 126 206 227 89 265 -->  8 éléments.
Vk[7] : 148 238 133 223 177 288 209 296 -->  8 éléments.
Vk[8] : 143 267 278 83 57 291 122 110 -->  8 éléments.
Vk[9] : 14 280 97 64 178 215 87 -->  7 éléments.
Vk[10] : 75 134 35 236 255 276 163 142 -->  8 éléments.
Vk[11] : 235 298 218 11 67 283 32 246 -->  8 éléments.
Vk[12] : 152 129 173 33 297 102 21 -->  7 éléments.
Vk[13] : 79 124 197 18 252 190 146 138 -->  8 éléments.
Vk[14] : 245 232 242 26 212 261 81 198 -->  8 éléments.
Vk[15] : 184 194 131 46 58 8 80 93 -->  8 éléments.
Vk[16] : 164 40 116 23 16 114 225 56 -->  8 éléments.
Vk[17] : 72 155 264 205 119 30 154 286 -->  8 éléments.
Vk[18] : 144 224 47 229 230 290 38 115 -->  8 éléments.
Vk[19] : 44 188 123 204 98 149 258 12 -->  8 éléments.
Vk[20] : 160 241 228 243 284 5 272 167 -->  8 éléments.
Vk[21] : 259 86 43 140 71 1 36 183 -->  8 éléments.
Vk[22] : 161 222 169 108 10 130 94 294 -->  8 éléments.
Vk[23] : 66 73 136 162 22 226 84 266 -->  8 éléments.
Vk[24] : 217 240 111 100 50 186 214 132 -->  8 éléments.
Vk[25] : 211 0 15 263 48 42 99 213 -->  8 éléments.
Vk[26] : 299 19 25 176 175 37 271 231 -->  8 éléments.
Vk[27] : 109 31 257 287 77 168 244 137 -->  8 éléments.
Vk[28] : 54 282 292 179 9 172 180 158 -->  8 éléments.
Vk[29] : 165 293 249 150 151 2 171 174 -->  8 éléments.
Vk[30] : 65 95 103 127 221 104 289 234 -->  8 éléments.
Vk[31] : 45 85 273 248 166 285 27 113 -->  8 éléments.
Vk[32] : 156 260 199 69 251 196 208 219 -->  8 éléments.
Vk[33] : 157 220 207 59 210 191 268 193 -->  8 éléments.
Vk[34] : 91 112 270 60 52 145 41 269 -->  8 éléments.
Vk[35] : 185 76 96 187 247 135 118 141 -->  8 éléments.
Vk[36] : 107 29 202 70 6 170 250 159 -->  8 éléments.
Vk[37] : 17 51 117 20 256 92 125 -->  7 éléments.
Matrice M
M[0] : 3 3 4 6 2 4 2 3 4 2 3 4 2 3 3 4 5 3 6 5 3 6 4 2 2 0 5 4 3 3 3 5 3 6 4 4 5 5
M[1] : 6 4 3 6 4 3 4 1 3 3 3 4 2 2 3 6 4 4 7 2 1 0 4 5 4 6 3 5 2 4 5 3 5 6 4 4 4 3
M[2] : 6 6 2 4 2 4 4 4 3 5 5 2 5 2 2 5 6 5 4 2 3 5 2 5 4 1 4 4 5 0 4 4 7 3 3 4 5 2
M[3] : 5 6 5 3 2 0 2 6 5 4 3 6 6 5 3 5 5 4 4 4 5 3 4 4 3 3 5 3 4 4 4 4 4 6 5 3 4 4
M[4] : 4 4 6 3 4 0 6 4 3 1 4 2 3 2 4 5 3 4 3 3 6 3 5 1 4 5 6 5 4 4 3 2 3 2 4 5 5 5
M[5] : 3 5 4 7 5 6 4 6 4 1 3 7 5 4 3 1 2 5 5 3 0 5 4 5 6 1 7 4 4 4 3 3 4 5 5 6 2 2
M[6] : 3 4 4 4 6 3 3 3 4 3 4 5 5 4 5 3 5 3 3 1 2 5 4 4 3 2 4 5 7 6 7 4 4 6 3 1 0 5
M[7] : 6 4 0 5 5 2 5 6 3 2 4 3 2 3 3 3 5 6 5 5 5 2 4 5 3 3 3 3 2 4 4 6 4 4 3 3 2 4
M[8] : 5 6 6 5 5 6 6 3 4 4 2 5 4 4 4 0 2 6 2 2 3 4 2 5 6 6 6 3 4 5 4 3 3 1 4 5 4 3
M[9] : 6 4 0 4 2 4 5 5 2 3 5 3 4 5 4 5 4 5 3 4 3 4 4 2 6 2 5 4 0 5 4 4 2 5 4 3 4 5
M[10] : 4 1 5 4 2 4 3 3 4 1 4 4 4 5 5 2 7 5 5 6 2 4 0 3 5 5 3 6 3 3 4 5 3 5 6 5 4 5
M[11] : 7 2 4 4 5 5 5 5 3 3 3 0 4 4 6 2 4 4 3 4 6 3 2 2 2 6 5 2 5 3 1 5 5 5 5 7 4 5
M[12] : 5 6 4 4 5 1 4 4 6 6 5 5 2 3 4 4 4 4 4 0 4 3 6 2 5 3 6 2 3 5 3 3 3 5 4 4 0 3
M[13] : 5 6 1 5 3 4 0 1 6 1 4 4 3 5 5 6 3 4 5 2 3 4 6 3 7 5 6 5 2 2 2 5 5 5 6 3 5 5
M[14] : 3 3 2 2 4 5 4 5 4 0 4 3 3 5 5 4 3 5 4 7 4 6 4 6 5 4 6 4 3 4 4 4 4 4 4 3 4 4
M[15] : 7 4 3 5 4 7 4 4 2 2 4 3 3 5 5 4 4 5 5 5 2 3 5 5 6 0 5 5 5 4 3 2 6 5 6 3 6 4
M[16] : 3 6 6 3 5 5 1 4 4 5 5 7 1 4 2 4 0 5 3 2 3 4 5 3 5 4 4 4 3 4 4 5 4 4 5 5 2 4
M[17] : 6 5 5 3 2 3 4 4 6 5 5 6 3 2 4 4 4 5 5 5 2 3 3 3 4 2 4 6 5 4 4 2 5 3 4 3 2 0
M[18] : 3 5 6 4 4 1 4 7 6 5 4 4 3 0 4 4 2 2 4 3 5 3 3 4 2 6 4 3 1 4 1 5 3 5 6 6 3 2
M[19] : 7 4 4 4 4 4 4 4 3 3 4 2 4 3 3 4 4 4 5 7 6 5 4 3 5 3 0 3 3 4 2 4 6 4 3 4 4 3
M[20] : 3 4 2 1 3 1 4 5 5 3 2 4 4 5 6 5 4 2 5 3 4 3 2 2 6 5 4 6 3 2 8 5 1 4 4 5 5 0
M[21] : 5 2 2 5 3 6 4 2 2 5 2 3 0 2 6 3 3 5 6 4 5 4 5 1 6 4 4 4 8 6 3 5 6 4 4 2 3 5
M[22] : 2 3 6 1 6 2 6 4 4 3 4 5 4 4 4 6 4 5 5 3 6 4 5 0 6 4 6 3 5 4 2 6 3 4 3 3 5 2
M[23] : 1 4 7 4 6 3 5 2 5 2 6 5 3 3 3 2 0 4 5 3 4 2 3 4 1 4 4 4 5 3 3 6 4 4 4 5 7 5
M[24] : 4 3 4 5 0 3 3 2 2 4 3 4 0 5 5 5 6 3 3 4 2 7 5 2 5 5 3 2 3 5 6 5 4 3 4 2 6 3
M[25] : 4 0 5 4 7 5 2 6 2 5 2 6 4 5 5 4 4 5 2 4 5 5 3 1 2 6 0 5 1 7 3 1 5 3 5 3 5 2
M[26] : 4 4 1 3 4 2 4 3 4 3 4 5 5 4 0 1 3 5 4 6 1 4 2 5 3 5 4 4 1 2 3 4 3 6 1 5 5 4
M[27] : 3 6 6 3 5 3 3 3 5 3 4 4 5 6 4 3 3 4 6 6 4 5 6 5 2 5 3 4 2 4 5 0 7 4 2 2 4 5
M[28] : 5 3 0 3 5 4 2 2 6 1 3 3 3 3 1 6 6 3 3 5 4 6 4 2 3 4 5 2 2 4 5 5 7 3 3 5 4 5
M[29] : 6 5 3 4 4 6 3 3 7 4 6 4 3 4 4 2 4 2 3 4 4 5 4 3 4 3 4 4 4 3 4 2 3 3 4 4 0 4
M[30] : 3 5 4 7 3 4 2 4 2 3 2 3 3 4 5 5 3 0 2 3 3 4 5 4 2 3 4 5 6 4 3 4 5 4 2 5 3 5
M[31] : 4 5 5 3 1 4 5 2 4 4 3 6 1 3 5 5 3 6 7 4 2 4 2 3 3 4 5 0 2 5 2 3 2 3 4 6 5 5
M[32] : 2 5 5 5 3 2 4 3 4 3 5 0 3 4 6 5 6 2 5 5 7 2 4 3 5 1 5 4 3 5 4 4 3 2 4 3 1 4
M[33] : 4 3 3 2 5 5 3 6 3 3 3 5 0 5 3 4 3 4 2 4 8 6 4 5 2 2 1 8 4 2 5 3 5 6 5 2 5 4
M[34] : 5 4 3 5 5 0 2 3 5 6 6 3 3 5 2 6 1 3 5 2 4 5 2 4 4 4 6 3 4 3 3 4 3 4 2 5 6 4
M[35] : 7 4 4 3 3 5 2 2 5 1 0 6 2 5 7 5 5 2 4 2 5 5 4 4 1 4 3 6 5 5 6 3 4 4 2 4 4 3
M[36] : 6 5 3 5 4 4 4 2 3 4 7 2 4 3 4 6 6 3 4 5 2 0 2 1 3 4 3 5 3 5 4 6 4 3 5 4 5 3
M[37] : 3 3 4 4 2 4 3 2 3 5 3 2 2 6 6 4 2 5 7 5 4 3 3 5 6 4 0 3 3 5 4 4 3 3 2 5 3 5
M[38] : 5 3 2 4 3 3 6 6 4 1 3 4 2 3 4 4 4 2 0 2 6 5 5 7 3 3 5 4 3 5 5 5 5 5 4 4 5 3
M[39] : 4 0 4 3 3 2 3 4 3 4 6 6 1 4 4 6 5 4 1 5 5 5 3 6 4 4 3 5 3 4 4 5 4 2 4 2 4 3
M[40] : 3 1 6 6 2 2 4 4 4 4 5 5 5 7 2 6 0 2 6 6 3 3 4 2 4 4 4 4 2 4 4 3 2 5 4 7 4 3
M[41] : 6 5 2 4 5 2 3 3 3 3 2 1 4 4 3 2 6 5 5 2 2 4 3 4 6 4 6 3 6 5 3 2 4 4 0 3 5 5
M[42] : 5 3 5 4 6 3 4 5 3 3 4 2 1 3 5 6 2 5 1 5 5 3 6 6 3 0 5 2 3 4 5 4 3 5 4 3 2 2
M[43] : 4 3 4 5 5 3 4 4 4 2 6 5 1 5 4 6 3 1 3 6 1 0 5 5 4 5 7 4 3 5 6 4 5 4 4 3 3 3
M[44] : 4 2 5 4 5 2 5 3 6 2 3 4 4 4 1 1 6 4 4 0 6 5 4 5 4 1 7 2 5 4 4 5 2 3 2 4 6 3
M[45] : 5 6 4 3 4 5 7 2 1 5 4 4 5 4 2 3 2 5 1 6 4 6 1 5 4 6 4 2 6 5 5 0 3 1 5 4 6 1
M[46] : 1 6 4 5 5 4 3 5 5 6 2 3 3 3 3 0 4 5 4 5 3 6 6 6 3 4 5 4 2 6 3 2 6 3 3 4 2 3
M[47] : 4 2 3 3 4 5 3 3 5 2 5 4 5 5 7 2 6 0 0 2 3 4 6 5 5 4 6 2 3 4 4 5 6 6 3 4 4 4
M[48] : 6 2 4 4 4 2 4 4 3 3 5 1 2 4 3 4 7 5 1 2 5 5 5 6 5 0 5 5 3 5 3 5 4 3 8 5 3 3
M[49] : 2 0 2 3 1 4 5 4 6 5 3 3 4 2 3 6 1 4 4 5 4 5 4 3 5 3 5 2 4 4 6 3 2 2 3 4 5 5
M[50] : 6 1 5 5 2 4 7 3 1 4 3 5 1 3 4 2 3 4 4 6 3 3 6 6 0 3 4 3 3 3 4 5 6 3 5 5 3 4
M[51] : 5 6 3 4 6 4 5 6 3 5 4 6 3 6 5 4 5 3 6 3 4 3 4 2 5 4 2 3 5 3 2 4 4 2 4 3 5 0
M[52] : 5 4 3 5 4 4 8 3 5 1 1 4 4 6 3 6 5 7 2 5 4 3 4 6 3 3 3 5 4 5 2 2 5 1 0 7 3 3
M[53] : 5 6 2 4 5 2 0 4 1 4 2 5 0 3 3 2 3 4 6 4 4 3 5 5 3 5 3 3 5 5 7 5 6 5 5 4 4 4
M[54] : 6 2 1 5 1 3 1 4 2 3 4 6 4 2 5 4 6 7 4 3 4 2 6 2 2 6 3 5 0 7 5 5 3 1 5 3 4 1
M[55] : 4 4 3 0 3 3 2 4 3 2 6 4 5 3 4 3 6 2 3 4 2 4 2 2 3 5 7 5 2 4 4 6 5 5 6 5 5 4
M[56] : 2 4 3 2 3 4 0 1 6 4 4 5 4 3 4 3 0 5 4 5 4 4 2 3 3 5 2 2 3 5 6 3 5 6 6 6 6 4
M[57] : 2 4 4 5 3 6 6 4 0 1 2 4 1 4 5 4 4 5 3 3 4 5 4 3 3 6 6 4 4 4 4 5 2 3 4 4 4 3
M[58] : 3 3 6 4 3 3 5 4 4 3 1 2 3 4 5 0 3 5 2 4 4 4 5 4 4 4 1 4 5 5 3 3 5 6 1 6 7 3
M[59] : 3 6 5 2 6 3 4 5 3 4 5 2 4 4 5 3 2 4 4 3 5 7 6 4 2 4 3 6 2 4 5 5 2 0 4 2 5 6
M[60] : 4 4 2 4 4 5 3 6 4 4 4 4 5 3 2 3 4 2 5 4 5 6 5 7 4 5 2 6 2 5 2 4 4 3 0 5 5 2
M[61] : 4 5 3 5 3 0 4 5 4 2 7 4 3 4 6 3 3 6 7 4 5 7 4 5 6 4 4 3 5 3 3 3 6 4 4 3 5 5
M[62] : 2 0 4 4 4 2 3 5 4 3 6 2 3 1 5 3 5 2 6 4 3 5 3 2 1 3 3 4 3 4 6 6 5 7 5 5 4 6
M[63] : 6 4 3 1 5 0 2 3 3 4 7 5 5 2 3 6 6 4 4 5 5 5 3 4 2 6 4 3 5 5 5 4 5 4 2 3 4 2
M[64] : 8 5 1 3 3 4 4 4 5 0 5 3 5 3 3 3 3 5 2 3 3 2 5 7 4 6 6 3 3 6 4 4 4 2 3 4 4 3
M[65] : 3 5 4 4 5 2 3 2 5 5 4 5 5 6 6 1 6 8 4 5 3 7 6 4 3 1 3 4 4 4 0 3 6 4 2 5 4 3
M[66] : 5 4 4 3 4 3 5 2 3 3 2 5 1 3 6 4 3 4 5 5 6 4 5 0 6 5 5 3 4 4 4 4 5 7 5 5 4 3
M[67] : 6 4 4 5 3 3 2 2 2 3 6 0 3 5 3 1 5 5 4 5 5 1 4 4 4 3 5 4 4 3 5 3 4 4 4 7 6 6
M[68] : 0 2 3 6 4 4 3 5 2 1 5 5 5 5 5 6 3 3 3 2 3 4 3 5 4 6 5 4 4 6 4 4 6 5 6 0 6 6
M[69] : 3 4 4 5 6 4 5 7 4 2 3 8 5 4 2 3 1 5 5 3 4 6 2 4 6 4 6 3 3 5 6 3 0 3 4 3 4 2
M[70] : 5 4 2 2 4 3 3 2 5 3 2 5 2 5 3 4 3 5 5 3 5 3 5 4 2 1 2 5 4 3 3 5 6 2 2 5 0 4
M[71] : 2 5 4 4 4 5 4 3 4 2 3 3 5 2 4 2 4 4 5 3 3 0 3 4 4 4 2 5 2 5 3 6 3 5 4 2 7 3
M[72] : 3 5 3 4 3 5 6 2 2 4 4 7 3 2 6 5 7 0 2 6 6 3 5 6 3 3 5 3 5 4 5 5 4 2 2 3 5 2
M[73] : 5 4 5 4 3 1 5 5 5 5 4 4 5 4 3 5 3 3 2 4 5 4 5 0 4 6 6 1 6 3 5 3 4 3 5 5 4 3
M[74] : 3 5 4 2 5 4 0 5 3 3 3 4 3 4 6 6 5 4 4 5 6 4 3 3 4 3 4 4 5 2 4 5 3 5 4 5 2 5
M[75] : 6 4 2 4 5 3 4 4 3 5 0 3 2 6 5 0 3 3 5 5 2 4 7 4 7 2 4 3 4 7 5 7 4 4 4 4 3 2
M[76] : 4 3 6 4 6 3 4 2 3 5 4 4 5 2 5 2 6 5 1 2 5 2 5 5 7 2 5 2 4 5 4 3 4 3 4 0 4 3
M[77] : 4 6 4 6 2 4 3 5 5 2 6 2 4 7 6 3 3 4 4 3 5 6 4 4 5 3 4 0 5 3 5 1 4 5 6 2 5 2
M[78] : 0 2 2 2 3 6 4 2 2 4 5 5 4 5 2 4 4 5 3 6 5 6 5 4 4 4 5 5 4 2 2 4 6 4 4 2 3 2
M[79] : 6 6 5 3 6 2 6 4 3 3 3 2 3 0 4 4 5 2 3 3 4 5 3 3 5 4 4 4 5 5 4 3 2 4 6 4 3 3
M[80] : 5 5 3 5 4 4 2 5 4 3 2 1 3 4 1 0 7 5 4 4 6 3 4 4 4 6 4 4 5 6 3 2 4 3 4 4 4 3
M[81] : 3 4 3 4 3 4 7 3 2 3 6 4 1 2 0 4 2 5 5 2 2 5 3 3 2 2 4 4 5 4 3 3 5 4 4 4 5 4
M[82] : 2 0 4 3 4 4 4 5 2 2 4 1 2 4 5 6 3 5 6 4 4 5 4 5 3 4 2 3 5 4 5 5 3 7 5 4 6 4
M[83] : 4 5 5 4 1 5 3 3 0 3 2 4 4 6 2 7 6 5 6 5 5 3 3 6 3 3 2 5 5 3 1 3 4 5 3 3 4 5
M[84] : 3 3 4 3 4 4 3 5 3 3 6 5 2 4 5 5 3 1 3 3 5 2 1 0 3 4 5 3 1 4 6 3 3 3 4 4 7 2
M[85] : 5 4 4 4 6 4 6 3 4 4 4 4 2 3 4 2 4 3 6 5 5 4 5 3 2 4 0 3 8 4 6 0 4 2 5 2 5 4
M[86] : 4 5 3 1 4 4 7 6 3 2 3 3 2 3 4 2 3 6 6 6 3 0 7 3 4 4 5 5 4 6 5 5 5 7 5 4 4 3
M[87] : 2 8 0 6 3 3 3 4 4 0 2 3 2 4 3 6 6 6 5 5 4 3 5 3 3 1 4 3 5 6 6 5 4 2 1 5 4 6
M[88] : 0 4 5 3 6 4 6 3 3 3 2 5 6 6 4 2 2 5 5 2 4 4 4 4 4 7 5 5 3 5 6 7 5 3 5 2 4 4
M[89] : 5 3 6 5 3 3 0 6 8 4 4 4 6 4 4 4 5 5 4 4 7 2 4 3 3 0 4 5 1 3 4 3 3 5 4 4 4 5
M[90] : 0 2 4 4 4 2 5 7 3 5 6 4 4 4 6 4 4 4 5 3 4 3 3 4 4 3 6 5 4 3 3 2 4 6 5 6 5 5
M[91] : 5 3 5 6 4 2 3 2 4 4 5 6 3 5 5 5 3 2 5 3 5 3 4 3 4 6 2 6 3 5 5 4 4 2 0 2 3 4
M[92] : 4 5 3 4 1 4 3 6 3 3 3 4 6 4 3 3 3 4 6 2 5 1 5 3 3 5 4 6 3 4 2 2 1 6 2 3 6 0
M[93] : 2 5 5 2 4 6 4 5 4 4 5 4 3 4 2 0 3 3 3 0 4 3 5 6 6 5 5 6 4 5 2 2 6 2 5 2 5 2
M[94] : 3 1 6 4 2 2 3 5 5 5 3 3 4 4 4 4 5 2 4 5 1 3 0 4 2 5 5 4 4 4 6 3 5 4 3 5 4 3
M[95] : 5 6 5 5 5 4 4 2 6 2 5 6 4 2 4 5 3 4 4 4 1 6 4 3 4 6 2 2 3 6 0 3 4 5 4 5 4 4
M[96] : 2 2 6 2 2 4 5 4 3 4 2 4 6 3 5 5 4 3 5 4 4 4 6 7 3 3 3 6 5 3 7 5 2 2 4 0 3 2
M[97] : 3 3 6 6 6 2 4 2 2 0 5 3 4 1 4 4 6 6 3 3 3 2 4 4 3 2 4 6 1 4 6 2 4 5 5 2 2 4
M[98] : 3 2 4 5 4 2 1 4 4 5 6 6 4 2 4 4 3 6 3 0 5 5 5 3 3 3 2 5 5 3 5 3 6 3 5 2 4 4
M[99] : 4 2 2 3 2 3 2 1 4 4 4 2 3 4 3 7 4 2 1 3 2 5 4 5 5 0 5 3 6 3 5 6 3 6 3 5 4 5
M[100] : 7 4 6 6 4 3 3 1 3 5 4 3 1 4 5 5 2 3 2 5 6 6 3 4 0 3 2 4 2 6 4 4 4 1 4 5 7 2
M[101] : 3 4 4 0 4 3 3 4 4 2 3 6 2 2 5 4 3 6 4 3 4 5 4 2 3 3 3 4 4 4 5 1 3 3 3 3 5 3
M[102] : 5 5 3 4 2 3 2 4 4 4 3 3 0 5 3 5 3 2 5 3 2 1 3 4 4 3 6 5 5 4 5 4 5 3 4 6 2 2
M[103] : 4 6 6 2 6 3 4 2 3 3 2 6 4 5 3 2 5 2 4 3 0 5 3 4 3 4 4 3 6 4 0 5 5 3 1 2 4 3
M[104] : 5 3 4 3 4 3 5 3 5 3 2 5 5 1 5 3 5 5 6 5 2 6 4 4 3 3 4 4 4 5 0 4 4 5 5 1 7 4
M[105] : 4 3 4 3 0 3 3 5 4 3 3 4 3 2 5 4 3 5 5 4 3 4 4 4 2 5 5 4 3 4 4 4 3 5 2 3 3 4
M[106] : 6 3 4 4 5 0 5 5 6 5 2 5 2 4 4 3 6 4 3 3 3 4 4 5 5 2 5 5 4 3 3 5 4 3 4 5 4 3
M[107] : 3 3 4 4 5 3 4 4 5 3 4 3 2 5 4 2 4 4 3 4 5 3 4 5 4 6 5 2 4 7 3 4 4 4 6 3 0 3
M[108] : 4 6 5 4 7 3 5 4 3 3 2 2 3 6 5 4 1 5 4 4 3 6 0 3 4 6 3 3 4 6 3 5 5 4 3 4 4 4
M[109] : 2 3 3 5 2 3 7 3 5 4 4 4 2 3 5 6 2 3 6 1 5 5 3 3 6 4 3 0 3 7 5 4 6 6 6 3 4 4
M[110] : 6 3 5 4 4 3 5 4 0 4 4 3 4 4 6 2 4 4 4 5 5 4 2 2 6 1 4 4 4 1 4 4 2 3 2 5 5 2
M[111] : 3 5 3 1 6 2 2 5 5 0 5 3 6 3 3 6 4 4 4 3 3 3 4 4 0 3 4 4 3 2 4 0 5 4 4 4 4 4
M[112] : 2 5 3 2 1 4 4 5 3 2 3 4 4 4 6 6 4 3 4 6 5 5 6 3 4 7 3 6 3 4 3 4 6 7 0 2 4 4
M[113] : 3 5 7 7 5 4 4 2 4 1 2 3 0 7 6 4 4 4 5 3 2 7 3 5 4 1 4 2 6 6 3 0 1 3 4 5 6 2
M[114] : 6 2 7 3 5 4 4 5 5 3 5 3 3 3 2 5 0 5 5 5 5 5 3 3 4 3 4 5 4 4 3 3 4 5 4 7 2 3
M[115] : 4 4 3 4 3 3 5 6 6 3 7 5 0 2 4 4 6 6 0 4 6 7 4 4 2 2 4 4 4 5 4 3 3 5 4 3 3 7
M[116] : 5 3 5 2 4 1 5 2 5 3 5 4 3 3 2 3 0 6 5 5 4 5 3 6 4 2 2 1 5 6 5 4 2 3 5 4 2 3
M[117] : 3 5 6 2 4 4 5 4 3 5 5 5 2 5 4 4 4 3 5 4 3 6 2 4 4 5 3 4 4 3 3 6 3 4 3 6 4 0
M[118] : 3 4 7 4 3 3 3 5 5 5 1 6 3 5 7 5 5 4 3 1 6 5 3 3 5 4 3 4 5 5 6 3 3 6 3 0 3 3
M[119] : 6 4 3 4 6 4 5 1 5 3 2 2 3 4 4 5 4 0 5 5 5 4 4 2 2 6 5 6 6 7 6 2 5 3 4 5 3 2
M[120] : 2 3 6 0 5 3 2 6 6 5 3 2 4 5 1 5 3 5 2 4 3 3 4 5 3 6 3 3 4 3 4 3 6 5 6 4 4 2
M[121] : 0 5 5 2 1 4 4 3 5 3 3 6 2 3 2 4 4 1 5 2 5 4 3 2 5 5 5 6 2 3 3 4 6 2 3 6 3 4
M[122] : 3 6 4 4 6 1 7 5 0 4 5 3 4 6 5 5 5 5 4 5 1 1 4 4 3 3 5 5 3 7 4 5 2 4 4 3 5 5
M[123] : 2 3 7 2 3 5 2 4 5 4 4 4 4 5 3 3 3 4 4 0 4 6 7 3 4 4 6 5 2 5 5 4 2 4 7 3 5 3
M[124] : 6 3 3 3 4 5 5 4 3 3 5 6 5 0 4 1 6 7 1 3 4 4 6 5 7 5 4 7 3 1 4 5 4 2 4 6 3 3
M[125] : 5 4 6 3 4 4 3 4 4 3 3 5 3 2 4 5 5 2 2 6 2 5 7 5 5 5 2 4 5 3 6 4 4 6 4 1 3 0
M[126] : 5 2 3 7 6 4 0 5 5 3 4 3 2 6 3 2 2 3 5 1 3 6 2 7 5 2 3 5 3 2 4 3 4 5 5 3 3 3
M[127] : 6 4 5 6 3 4 3 4 2 4 6 3 4 6 2 5 4 4 6 6 2 3 4 3 5 3 4 5 6 3 0 5 3 2 1 7 2 4
M[128] : 3 2 5 0 3 4 3 3 4 2 5 4 4 6 1 2 4 4 6 4 4 7 2 4 2 2 5 3 4 3 4 5 3 2 5 2 5 3
M[129] : 6 2 5 6 3 2 4 4 3 2 4 2 0 4 3 5 6 7 3 4 3 5 4 3 4 5 3 3 4 3 6 2 4 4 5 6 4 3
M[130] : 2 4 3 3 4 2 5 4 2 6 5 3 3 5 4 4 4 5 3 6 1 4 0 5 4 6 4 4 4 2 3 2 5 4 5 3 4 3
M[131] : 3 6 2 3 5 4 4 3 4 2 6 2 2 2 1 0 4 3 5 4 2 5 3 3 4 5 4 3 2 5 5 8 4 5 6 4 5 5
M[132] : 3 3 6 3 2 4 5 6 4 4 3 3 4 6 4 6 4 5 2 5 3 4 6 4 0 6 3 3 4 2 4 3 4 2 4 4 5 3
M[133] : 4 3 3 6 4 1 2 0 3 3 1 5 4 6 4 7 3 3 3 4 3 5 3 3 6 4 6 3 6 5 4 5 6 5 2 2 1 6
M[134] : 3 5 3 3 4 4 3 3 1 5 0 2 3 3 7 4 3 3 3 5 3 3 3 4 3 3 2 5 4 4 6 1 4 5 4 5 6 3
M[135] : 4 4 3 4 5 3 4 5 4 3 5 5 3 4 5 6 4 2 3 3 4 4 2 1 3 3 5 4 3 3 7 2 3 4 4 0 7 4
M[136] : 4 3 4 4 6 3 5 5 3 4 4 4 3 7 1 3 4 6 2 2 5 4 3 0 2 6 5 3 2 3 4 3 6 5 6 3 5 2
M[137] : 5 0 5 5 2 5 5 3 4 2 4 6 4 6 4 2 2 6 6 5 6 4 3 5 4 5 3 0 4 3 4 4 3 4 5 3 4 2
M[138] : 5 2 3 4 3 5 6 5 4 3 2 6 2 0 4 2 5 4 4 4 4 2 4 4 6 3 4 4 3 1 4 6 5 3 5 3 6 6
M[139] : 4 5 3 5 0 4 6 2 4 2 2 3 2 3 4 3 5 2 4 3 5 4 5 5 1 4 7 5 0 2 6 4 3 3 5 5 3 4
M[140] : 3 4 1 3 4 4 3 6 3 2 5 2 3 4 3 6 4 5 4 4 4 0 6 3 4 5 5 4 1 3 6 6 5 5 3 2 2 4
M[141] : 3 5 3 5 4 1 4 4 3 3 5 6 0 5 3 2 4 5 4 2 4 2 2 4 4 6 5 2 3 3 5 4 4 5 4 0 3 4
M[142] : 3 5 3 3 4 5 4 3 4 1 0 5 5 7 4 3 4 4 5 4 3 5 4 6 4 3 4 3 5 3 2 6 3 4 3 1 4 4
M[143] : 5 5 5 4 5 3 3 3 0 5 3 3 0 5 1 3 5 3 3 6 1 3 5 3 5 4 3 7 1 4 5 5 4 3 3 7 5 4
M[144] : 3 6 3 4 6 4 5 5 3 5 6 3 2 2 8 4 4 6 0 2 3 3 2 3 2 4 4 6 2 5 6 3 6 3 6 3 5 1
M[145] : 5 4 5 7 3 2 5 5 4 2 5 5 3 2 4 4 4 3 6 5 3 5 4 4 3 4 4 4 5 3 4 4 5 5 0 4 2 2
M[146] : 3 4 4 4 3 4 3 6 5 1 7 4 4 0 3 6 1 5 4 3 2 5 5 4 1 5 4 4 5 4 4 5 4 2 1 4 5 5
M[147] : 5 4 0 3 3 5 2 3 5 4 4 4 3 4 2 5 5 2 3 5 4 5 5 5 4 3 3 6 4 3 6 5 5 6 5 5 4 5
M[148] : 3 6 2 3 2 3 5 0 2 5 4 3 3 3 2 5 3 6 6 4 4 3 3 4 2 3 4 4 4 3 1 5 4 2 2 4 4 4
M[149] : 4 4 6 5 6 4 3 2 4 5 2 3 2 3 4 3 5 6 4 0 4 4 4 4 5 5 5 2 3 7 5 5 2 7 3 3 5 4
M[150] : 4 4 5 4 6 5 2 2 5 4 4 5 2 5 6 6 0 5 2 4 6 5 6 4 4 3 4 4 3 0 4 4 4 3 3 6 2 5
M[151] : 3 0 3 3 3 3 3 2 5 4 3 4 5 3 2 4 4 4 4 7 6 4 3 4 4 6 6 5 2 0 3 8 5 4 6 6 4 3
M[152] : 4 3 5 6 3 4 3 4 7 4 5 2 0 2 4 3 3 3 2 4 5 1 4 4 5 2 4 3 2 4 5 2 3 3 7 3 7 5
M[153] : 3 4 0 6 3 2 3 4 3 3 3 6 2 6 5 2 2 5 2 4 4 5 5 4 4 4 2 3 5 4 5 7 3 4 1 5 2 2
M[154] : 3 3 3 3 4 5 5 3 4 5 3 3 2 5 3 5 4 0 4 2 4 4 4 4 6 8 3 5 1 6 5 5 3 3 5 4 3 2
M[155] : 5 1 2 3 5 3 5 4 4 3 4 4 4 5 4 4 2 0 3 6 5 5 2 4 2 5 5 2 4 5 4 3 4 6 7 3 5 1
M[156] : 4 5 6 2 4 3 6 5 5 5 3 4 3 5 5 5 6 4 5 1 4 1 6 5 3 4 6 3 5 6 2 1 0 4 5 6 2 3
M[157] : 5 4 4 6 5 3 5 2 7 2 4 5 2 4 5 2 5 3 5 4 6 2 5 3 2 4 6 3 3 5 4 4 5 0 4 5 4 5
M[158] : 5 7 6 1 2 4 6 4 6 4 4 4 4 5 3 1 4 2 6 3 4 3 2 4 3 3 6 3 0 3 4 5 6 0 1 5 5 5
M[159] : 4 5 3 3 4 4 3 5 5 2 5 2 4 4 5 2 6 3 5 6 4 4 4 5 4 5 3 5 1 1 4 4 5 2 4 4 0 3
M[160] : 4 7 3 4 5 4 2 3 3 6 4 6 4 3 2 4 4 4 4 5 0 2 5 2 3 3 5 3 8 5 3 5 4 5 4 6 2 3
M[161] : 1 3 3 3 3 6 3 3 6 4 5 4 3 4 1 4 3 2 5 7 4 3 0 5 5 3 3 6 3 3 4 4 5 6 4 5 4 5
M[162] : 3 5 3 4 4 5 5 2 4 3 4 4 3 5 4 6 3 5 6 5 3 1 5 0 3 3 4 4 3 5 4 6 3 4 5 4 1 3
M[163] : 4 5 5 6 4 5 3 3 4 5 0 5 1 3 2 5 6 3 7 4 6 4 3 4 6 3 3 4 4 3 3 5 4 2 5 5 5 1
M[164] : 3 2 4 3 4 5 4 7 3 4 3 4 4 6 5 4 0 4 1 4 2 3 4 1 2 5 6 4 7 3 5 4 3 2 4 4 6 5
M[165] : 2 3 3 5 6 5 6 3 2 2 5 4 3 4 4 7 6 5 6 5 2 1 2 2 1 4 6 4 5 0 3 4 3 4 3 4 4 2
M[166] : 3 1 4 3 6 1 4 3 3 3 5 4 4 3 5 3 4 4 3 2 4 7 5 6 2 7 4 2 3 5 5 0 2 3 2 4 4 3
M[167] : 3 4 6 3 5 3 6 2 3 1 5 6 5 2 6 7 4 6 5 3 0 3 2 6 7 4 3 5 4 6 5 4 4 3 2 6 5 5
M[168] : 8 4 5 5 5 4 3 4 6 4 1 5 6 4 1 2 5 4 2 4 3 4 5 3 4 3 2 0 3 4 4 3 4 3 3 4 3 4
M[169] : 4 4 6 3 5 4 3 5 4 5 4 3 3 5 3 6 3 5 6 4 6 3 0 4 1 4 1 2 4 5 4 2 6 2 4 4 3 3
M[170] : 4 4 4 4 3 6 5 4 3 3 1 3 5 1 2 7 5 4 2 4 4 6 2 5 4 5 5 3 4 2 6 6 5 2 3 3 0 2
M[171] : 4 5 5 7 3 1 4 4 3 5 6 5 5 2 2 3 2 5 7 5 1 5 4 4 5 4 6 3 6 0 2 7 2 6 3 3 4 3
M[172] : 3 3 5 5 3 4 3 4 5 0 4 4 4 6 2 5 1 3 2 4 5 4 3 6 4 5 4 3 0 5 4 4 3 5 4 5 3 4
M[173] : 6 4 5 2 3 4 5 6 5 4 5 2 0 4 4 1 4 4 4 2 6 3 6 3 5 3 5 3 4 6 3 3 6 2 3 5 3 2
M[174] : 3 4 7 2 3 5 4 7 2 2 2 3 2 5 4 5 5 6 4 2 6 6 6 1 3 4 2 4 4 0 3 4 5 4 5 4 4 3
M[175] : 6 3 1 4 5 5 4 4 5 4 3 4 3 4 3 6 3 4 5 5 3 5 2 6 4 5 0 6 7 6 3 4 3 3 5 2 2 4
M[176] : 5 4 4 4 3 3 5 4 4 4 5 6 4 6 2 5 3 3 3 4 6 5 5 7 2 4 0 6 6 2 3 4 5 2 1 5 3 2
M[177] : 6 5 3 5 6 4 6 0 3 4 5 4 4 5 2 3 4 2 4 3 3 5 3 3 4 4 4 2 4 5 3 1 5 5 2 5 4 6
M[178] : 4 4 4 4 2 4 2 5 4 0 2 3 3 4 3 3 2 4 2 3 4 3 5 4 4 5 5 1 4 3 1 4 6 6 2 6 2 3
M[179] : 1 5 4 5 4 3 4 4 4 3 4 4 1 4 4 2 3 4 3 6 4 3 4 4 4 5 4 4 0 4 5 4 4 7 5 4 5 5
M[180] : 3 3 2 4 2 3 3 3 3 1 6 7 6 5 2 4 5 6 4 5 6 2 6 4 4 4 3 4 0 4 6 6 4 4 4 6 4 4
M[181] : 0 5 4 4 4 4 5 3 5 4 4 4 5 2 6 2 4 5 4 4 6 2 2 2 3 3 4 4 3 2 5 4 5 3 1 2 6 4
M[182] : 0 3 6 5 2 3 3 3 5 4 5 4 5 6 3 4 2 6 4 5 5 5 1 4 6 4 4 5 4 4 5 2 5 5 5 2 2 2
M[183] : 5 4 5 6 7 5 4 6 6 1 5 4 2 6 4 3 3 2 3 6 4 0 5 1 3 3 5 7 1 4 2 6 3 5 6 2 2 2
M[184] : 3 6 4 5 3 3 3 4 3 4 4 4 4 3 3 0 1 4 6 5 5 5 5 6 3 5 6 4 5 5 2 4 3 5 3 6 2 6
M[185] : 4 3 4 2 5 3 3 6 5 4 3 4 4 5 4 3 7 2 2 5 4 2 6 5 5 1 5 4 4 6 3 3 2 5 4 0 5 4
M[186] : 3 5 4 3 3 6 4 3 4 3 4 4 4 4 5 4 2 2 4 3 5 4 4 3 0 4 4 5 5 4 3 1 6 3 4 6 3 3
M[187] : 2 4 5 3 3 5 4 3 7 3 3 5 6 3 6 6 7 4 4 2 5 3 6 4 3 3 3 5 4 4 4 6 4 4 5 0 2 4
M[188] : 3 3 2 3 4 5 3 3 5 2 5 5 5 3 4 4 5 5 4 0 6 5 4 6 5 4 4 5 4 5 4 4 3 5 2 2 1 4
M[189] : 3 4 5 3 0 2 2 8 4 3 7 3 5 7 4 4 3 4 4 3 6 4 4 4 3 4 5 4 2 4 1 4 3 7 4 6 5 0
M[190] : 4 1 5 5 3 3 5 4 4 3 3 5 4 0 5 3 6 6 4 1 2 2 4 5 3 5 6 7 6 5 5 4 4 3 3 5 5 2
M[191] : 3 5 3 4 5 4 4 4 3 4 2 4 3 6 5 4 5 4 4 3 3 6 2 4 5 3 2 5 3 3 3 4 5 0 4 4 3 2
M[192] : 4 0 5 3 5 3 5 5 4 3 4 3 3 4 5 6 2 4 6 1 4 2 5 3 3 4 4 3 5 6 2 5 6 4 2 4 2 3
M[193] : 3 4 3 2 6 2 6 6 3 4 4 3 2 1 5 5 5 2 2 4 1 6 3 5 1 3 4 5 4 5 2 4 4 0 1 6 3 3
M[194] : 6 5 3 5 5 3 6 3 6 2 7 4 3 4 2 0 5 4 5 5 7 5 3 4 2 6 3 4 4 4 2 4 3 3 6 4 2 3
M[195] : 4 2 0 2 4 3 2 3 5 2 2 3 5 4 2 4 5 4 4 6 2 2 3 5 4 4 5 2 3 5 4 4 5 5 3 5 4 2
M[196] : 6 5 4 3 4 5 3 3 5 4 2 3 3 5 7 6 1 4 3 2 4 6 3 4 4 3 6 3 3 5 4 5 0 5 4 4 4 4
M[197] : 3 2 4 3 7 4 3 6 3 3 5 4 3 0 5 4 4 4 5 2 4 6 5 4 2 3 4 3 4 5 5 5 3 2 4 1 3 4
M[198] : 3 5 4 7 3 3 3 4 6 1 4 6 3 2 0 5 2 7 4 4 4 3 4 4 4 5 2 2 2 4 5 3 5 1 5 5 2 5
M[199] : 7 5 4 3 2 4 3 5 1 3 5 2 3 4 2 4 4 4 3 3 4 4 7 5 6 5 3 3 3 4 4 4 0 5 4 2 5 4
M[200] : 2 6 6 3 0 5 1 4 6 2 5 5 4 4 3 3 4 3 5 4 5 4 3 5 3 5 3 2 5 2 6 5 3 6 1 3 4 4
M[201] : 3 3 1 0 5 3 7 5 4 3 4 2 3 3 3 5 3 2 3 5 5 3 2 2 5 4 6 4 5 5 2 5 5 3 3 2 2 1
M[202] : 4 4 4 5 2 3 4 2 4 1 5 3 3 6 3 7 4 5 4 2 1 3 4 5 5 6 4 4 7 5 5 4 4 4 5 7 0 3
M[203] : 5 5 8 0 4 2 6 5 5 4 5 5 4 5 5 3 2 2 4 4 5 5 4 6 3 5 4 3 3 4 2 1 5 4 4 3 4 2
M[204] : 5 2 4 5 3 2 5 4 2 3 5 4 3 2 3 6 2 4 1 0 5 5 7 1 5 6 4 5 3 3 2 4 3 2 5 1 3 4
M[205] : 5 4 5 4 4 4 4 5 3 4 4 4 5 6 4 4 5 0 4 3 4 3 5 4 3 2 3 4 6 3 4 4 6 4 5 2 4 5
M[206] : 5 5 4 4 2 3 0 5 4 2 4 2 3 3 5 6 4 6 3 3 2 6 3 5 4 4 4 4 6 5 1 5 5 3 5 5 6 2
M[207] : 4 3 5 4 6 4 3 6 1 3 4 4 3 3 4 3 6 3 6 5 5 7 4 3 2 4 2 0 3 7 7 3 2 0 6 4 1 3
M[208] : 6 4 4 6 3 4 5 4 2 4 4 4 5 2 4 5 3 3 7 5 3 5 6 3 2 2 4 6 3 6 6 3 0 3 4 4 6 2
M[209] : 3 5 5 4 5 5 6 0 3 4 4 3 5 5 4 5 6 4 6 2 2 5 4 4 5 5 4 2 1 4 4 5 4 4 7 2 3 2
M[210] : 7 7 6 2 4 5 4 3 3 5 3 3 6 3 3 3 4 4 1 4 6 5 6 7 3 5 2 4 5 2 4 3 3 0 5 4 7 4
M[211] : 3 4 4 5 3 4 5 5 4 3 4 4 4 5 4 3 4 6 4 3 5 6 5 4 4 0 3 2 5 4 4 2 4 3 5 2 4 3
M[212] : 3 4 3 3 4 2 5 3 2 7 3 8 6 5 0 2 1 4 5 1 6 4 7 4 4 5 5 7 3 5 4 4 3 6 3 6 5 1
M[213] : 5 5 2 3 6 2 1 3 4 4 2 4 4 8 8 7 4 4 3 3 3 4 6 2 5 0 3 3 5 4 2 5 4 4 3 3 3 4
M[214] : 3 1 4 5 4 1 4 4 5 2 7 5 4 3 4 3 2 3 6 5 3 3 3 3 0 4 1 4 4 3 5 4 3 4 4 5 1 5
M[215] : 2 3 3 2 6 5 4 5 5 0 4 3 4 3 3 4 5 2 3 3 6 3 5 4 2 2 5 3 2 3 2 3 5 3 5 6 3 4
M[216] : 2 0 3 2 5 4 4 6 4 4 3 4 3 4 3 6 2 6 2 4 5 5 4 4 3 0 3 3 5 3 5 4 4 5 3 4 5 5
M[217] : 4 2 2 2 5 6 5 5 7 3 3 3 5 3 4 4 4 3 4 3 3 7 3 3 0 5 3 6 4 3 3 2 5 2 3 5 6 6
M[218] : 2 3 5 5 3 3 2 6 5 3 3 0 3 4 5 2 5 5 6 7 4 3 5 7 2 1 4 4 6 4 6 4 4 4 1 1 5 4
M[219] : 7 3 5 2 4 3 2 4 3 3 3 5 5 3 4 2 5 3 3 2 5 4 6 2 6 3 2 2 5 3 3 3 0 3 3 1 6 2
M[220] : 4 5 4 5 5 3 6 5 3 1 3 5 4 2 2 5 3 5 4 6 3 4 5 4 3 5 4 3 5 4 5 2 3 0 4 4 4 2
M[221] : 5 4 0 5 5 2 4 5 3 4 6 5 4 5 2 2 4 4 5 4 4 5 2 3 4 4 2 7 6 2 0 4 2 6 5 6 4 2
M[222] : 5 7 3 2 7 1 3 4 4 4 6 2 5 4 4 3 3 4 4 4 3 4 0 2 5 5 1 5 5 3 5 4 5 6 5 2 3 4
M[223] : 4 7 3 2 2 6 4 0 4 5 3 5 3 5 3 1 1 0 4 1 3 5 3 4 5 4 3 2 7 4 6 3 6 5 5 6 6 5
M[224] : 2 5 4 4 5 2 3 5 5 1 2 5 2 3 6 3 4 3 0 3 2 4 5 5 5 3 5 5 5 5 5 6 4 0 3 2 3 5
M[225] : 4 4 3 4 4 3 3 3 4 3 2 4 3 3 3 2 0 5 6 3 4 6 5 5 2 6 3 2 5 3 5 4 4 4 5 4 4 4
M[226] : 5 3 4 5 4 5 2 4 3 3 1 4 5 2 5 5 4 3 4 1 4 3 2 0 3 4 2 7 3 4 4 4 3 5 4 4 5 3
M[227] : 4 5 2 4 3 2 0 4 3 4 3 4 3 6 5 4 2 5 4 2 4 4 4 4 4 2 3 5 5 5 2 4 3 5 6 5 2 3
M[228] : 6 4 5 2 4 4 4 2 3 5 3 5 4 4 1 3 3 4 4 8 0 2 2 4 1 6 5 2 6 2 1 5 4 4 3 5 4 3
M[229] : 3 3 2 3 5 2 6 3 4 3 5 2 5 3 4 8 4 5 0 4 4 4 5 2 5 2 3 5 5 3 3 6 4 2 5 4 4 4
M[230] : 5 5 3 3 4 7 5 7 2 5 5 5 5 5 5 2 3 2 0 5 8 6 4 3 4 3 2 5 5 4 4 3 0 3 4 2 4 6
M[231] : 4 3 3 4 4 5 3 3 4 4 5 3 2 6 5 3 5 4 4 6 4 2 3 4 1 3 0 4 2 7 3 4 3 6 2 3 2 1
M[232] : 6 4 5 1 3 5 3 1 5 2 6 2 2 6 0 3 4 4 7 3 4 1 5 4 5 4 7 4 3 6 4 4 5 6 1 4 3 2
M[233] : 2 4 0 4 6 4 3 4 5 2 4 5 3 4 7 4 4 5 0 6 5 5 5 6 5 3 4 4 4 3 3 5 2 2 5 5 1 4
M[234] : 3 4 4 4 5 4 3 5 1 4 4 5 4 5 4 2 5 3 2 3 2 3 6 4 4 2 4 5 3 3 0 8 4 4 4 6 5 6
M[235] : 3 3 3 1 4 5 4 2 4 1 4 0 3 4 4 5 3 5 6 2 7 4 4 3 5 2 3 3 7 4 6 4 6 5 5 4 5 5
M[236] : 1 3 2 6 4 4 1 2 4 2 0 2 3 3 3 1 6 4 4 5 1 5 6 4 4 7 4 3 3 4 3 5 3 3 3 4 4 6
M[237] : 0 3 5 3 5 7 4 5 5 3 4 4 2 4 4 2 4 4 3 4 2 7 5 3 5 6 4 5 5 5 6 3 3 4 4 5 5 1
M[238] : 3 3 6 5 5 2 4 0 4 3 3 3 4 6 3 6 2 2 5 7 4 3 4 4 2 2 2 4 2 4 3 2 4 4 5 2 4 4
M[239] : 5 3 3 0 3 2 6 3 4 3 4 3 5 3 4 6 2 5 4 6 4 5 2 5 5 5 3 5 4 6 6 4 2 4 4 4 0 4
M[240] : 6 4 4 2 2 4 3 5 4 3 4 5 5 5 1 2 4 3 3 3 5 1 2 4 0 4 3 4 3 3 6 3 4 3 5 3 3 4
M[241] : 5 4 3 5 4 5 4 3 3 3 2 5 4 3 1 5 4 4 4 6 0 2 4 3 5 4 5 4 4 4 2 3 6 3 4 4 6 3
M[242] : 4 1 5 4 6 4 5 3 4 2 4 3 5 3 0 3 3 4 5 4 3 4 3 6 3 3 4 3 5 2 3 3 4 5 5 4 3 5
M[243] : 5 5 3 4 3 3 3 4 4 4 4 4 3 3 5 5 6 5 2 7 0 4 4 5 3 3 4 5 4 3 2 4 4 7 4 5 3 3
M[244] : 5 7 2 4 3 2 3 2 5 3 4 1 5 3 5 5 3 4 3 4 3 4 4 5 3 4 6 0 3 3 5 4 3 2 4 4 4 5
M[245] : 6 7 6 3 4 3 4 3 2 4 2 4 3 5 0 0 4 3 5 4 2 6 3 4 4 5 3 4 5 2 5 5 6 3 6 6 3 3
M[246] : 6 1 3 4 3 3 4 4 4 3 1 0 0 6 5 2 4 3 5 6 6 6 5 3 4 4 5 6 5 6 5 3 5 2 5 6 3 2
M[247] : 3 5 3 4 4 4 4 1 6 3 3 4 3 6 5 6 5 5 6 3 5 3 2 4 7 6 2 3 6 5 4 1 5 2 4 0 2 1
M[248] : 3 4 4 3 3 3 3 2 4 4 3 4 3 4 4 4 6 3 4 3 5 4 4 1 2 3 3 4 6 5 4 0 5 5 4 3 5 4
M[249] : 5 5 2 3 2 3 2 5 4 5 5 5 3 4 4 6 3 5 4 5 5 5 3 4 2 5 5 3 5 0 3 3 4 4 7 4 3 2
M[250] : 5 4 2 2 5 5 3 4 6 3 5 7 4 4 3 4 2 4 5 4 3 3 2 4 6 3 2 3 3 2 6 5 4 4 4 2 0 4
M[251] : 5 2 2 4 3 3 7 3 3 4 4 4 5 4 2 6 4 3 3 3 6 6 7 4 6 5 3 3 4 4 2 5 0 2 4 3 3 2
M[252] : 5 5 3 3 5 1 3 6 4 2 5 4 2 0 2 4 3 4 2 5 5 3 6 3 5 5 6 2 7 5 5 4 5 4 3 4 5 4
M[253] : 4 1 3 3 2 0 3 4 1 6 4 2 4 3 5 5 3 6 4 2 4 5 4 3 6 4 6 5 3 6 4 5 6 4 3 2 5 2
M[254] : 6 3 3 6 0 3 4 3 3 6 3 4 2 6 4 5 5 4 5 6 3 6 7 7 5 4 3 0 4 3 4 6 3 4 4 5 2 2
M[255] : 7 4 4 4 4 2 5 4 0 3 0 4 2 4 3 6 4 3 4 4 5 6 3 4 5 5 3 3 5 4 4 3 2 4 3 2 3 2
M[256] : 2 4 7 3 4 5 7 6 4 4 3 6 3 5 1 3 6 2 3 4 5 2 6 3 4 3 3 2 4 3 4 2 3 4 5 4 3 0
M[257] : 5 3 3 1 4 2 6 3 3 2 4 6 5 3 2 5 5 4 5 4 5 5 5 3 3 1 6 0 3 6 4 2 3 3 6 5 5 4
M[258] : 2 4 5 4 5 2 3 4 7 4 4 5 4 2 3 4 5 2 1 0 6 4 5 3 2 3 4 4 7 3 6 5 2 3 5 3 4 2
M[259] : 5 5 6 5 3 4 3 4 3 4 4 5 3 5 5 4 5 5 4 5 4 0 2 5 5 4 5 3 6 4 7 5 4 6 4 4 5 2
M[260] : 2 4 4 7 4 5 4 5 5 6 4 6 3 3 7 3 4 4 4 4 3 2 4 6 4 5 3 3 4 2 4 4 0 2 6 4 5 2
M[261] : 3 3 4 3 3 4 3 3 5 4 5 6 3 4 0 3 4 5 5 2 3 4 3 3 5 7 3 5 5 3 4 6 2 2 4 6 3 3
M[262] : 4 4 3 0 3 4 6 3 2 4 4 4 2 2 5 6 4 6 3 2 7 3 4 2 3 3 3 3 4 4 4 5 3 3 5 5 3 1
M[263] : 5 2 6 3 5 3 3 5 4 4 2 4 5 4 5 6 3 3 5 3 4 3 5 6 2 0 4 6 4 3 3 5 4 2 4 3 4 3
M[264] : 3 6 6 4 2 3 7 2 6 5 3 5 4 3 6 3 6 0 5 4 5 4 4 3 5 4 4 5 4 2 3 2 1 4 2 5 4 3
M[265] : 2 1 4 4 0 2 0 5 7 3 3 2 3 4 3 3 2 7 6 5 5 4 2 7 3 4 2 4 5 4 5 5 6 2 3 2 2 4
M[266] : 1 4 4 4 4 3 6 4 5 7 6 3 1 3 5 4 3 3 5 4 1 5 3 0 4 4 5 4 6 2 1 1 6 2 4 5 4 4
M[267] : 3 3 2 4 5 3 4 3 0 6 4 5 2 2 4 3 4 3 3 4 5 4 5 4 4 3 2 5 5 3 3 2 4 4 5 5 5 3
M[268] : 3 5 4 4 3 3 3 4 6 3 5 4 4 2 4 3 3 4 2 3 4 4 6 3 4 6 6 6 2 3 3 3 3 0 3 2 0 4
M[269] : 1 2 3 5 4 2 7 4 5 2 3 4 4 4 2 2 7 3 4 3 5 5 6 5 4 3 3 5 3 4 3 2 4 4 0 4 4 4
M[270] : 5 3 4 3 2 3 5 4 3 4 5 5 5 4 4 4 4 4 2 5 3 4 2 4 5 5 2 4 3 2 4 5 2 5 0 5 5 2
M[271] : 6 5 4 5 6 4 4 5 3 3 3 3 4 4 6 4 5 3 4 2 4 5 3 6 1 5 0 3 6 4 5 3 3 4 4 5 4 3
M[272] : 4 5 5 5 4 2 5 3 4 4 2 6 4 6 4 4 3 3 6 4 0 1 3 4 3 6 3 5 4 5 2 5 3 2 3 2 3 2
M[273] : 4 6 6 2 4 5 5 3 2 3 6 4 2 5 3 6 6 3 3 6 3 3 3 3 3 5 5 4 5 4 6 0 3 4 3 5 1 3
M[274] : 7 0 3 4 5 4 6 5 6 5 5 5 5 5 4 3 4 5 3 1 4 4 2 1 3 3 3 6 4 3 2 3 6 7 3 6 4 3
M[275] : 3 6 5 4 0 2 2 4 5 4 4 3 4 4 3 6 6 5 3 6 5 3 3 3 4 3 6 4 4 2 4 4 4 5 6 4 5 4
M[276] : 3 6 3 5 5 5 5 4 5 3 0 2 7 3 3 5 4 5 5 5 2 4 5 1 3 1 4 6 4 4 4 4 4 4 4 1 3 4
M[277] : 3 3 7 1 0 4 6 6 6 4 6 3 4 4 2 4 1 5 5 5 5 3 2 5 5 2 4 3 3 5 6 6 7 7 1 4 5 3
M[278] : 4 2 4 4 5 4 4 3 0 2 3 4 6 2 2 4 3 4 6 4 2 4 3 6 4 4 4 4 4 5 4 2 4 4 4 6 6 2
M[279] : 5 4 0 4 5 4 6 3 3 2 5 5 3 4 5 5 7 3 3 4 3 3 2 3 5 5 3 4 5 4 1 3 2 6 2 4 3 4
M[280] : 5 2 3 2 4 5 3 3 6 0 3 3 4 3 5 4 3 4 4 7 3 1 3 3 3 5 4 4 2 4 4 5 4 4 2 4 3 4
M[281] : 4 5 0 6 6 3 3 6 3 3 1 3 6 5 6 4 7 3 3 2 5 1 6 4 6 4 4 5 1 4 4 3 5 4 5 5 6 6
M[282] : 3 3 3 2 5 3 6 4 5 3 3 5 4 5 3 4 5 5 4 3 5 3 3 4 2 4 4 4 0 4 3 5 3 2 4 4 4 1
M[283] : 5 4 4 2 5 3 4 5 4 3 4 0 4 3 3 3 5 4 4 5 3 4 2 5 5 4 3 5 4 4 5 6 4 5 5 5 4 4
M[284] : 4 0 3 4 4 5 6 4 2 3 4 5 4 5 3 5 3 4 4 4 0 3 3 6 3 2 4 6 4 4 1 3 4 4 7 3 3 4
M[285] : 4 4 3 5 5 2 3 6 5 4 6 6 3 5 4 3 3 3 6 2 5 5 2 2 3 3 4 3 1 4 5 0 3 6 2 2 3 3
M[286] : 5 5 5 3 4 3 4 3 6 5 5 4 3 5 5 4 5 0 2 6 3 3 4 3 4 2 5 4 4 6 5 4 2 3 2 3 3 1
M[287] : 6 2 2 1 5 3 3 3 6 3 7 3 4 5 5 4 3 3 4 5 5 6 5 2 5 6 5 0 6 1 3 3 1 6 5 3 1 5
M[288] : 4 3 5 4 4 5 3 0 5 1 4 4 4 7 1 4 4 2 5 4 4 3 4 4 3 4 3 3 0 2 4 2 4 4 3 5 3 4
M[289] : 3 2 4 2 4 3 3 5 3 2 4 4 4 2 5 4 3 5 3 4 5 3 6 5 7 5 4 2 4 0 0 7 3 4 4 8 8 3
M[290] : 6 5 3 4 4 4 4 3 4 3 4 7 3 4 2 4 4 3 0 3 2 3 5 3 3 5 5 6 5 3 3 3 5 4 4 6 2 2
M[291] : 3 5 4 3 5 2 5 1 0 5 3 4 5 3 5 6 5 3 4 7 3 5 2 2 5 4 3 4 4 2 3 2 6 3 6 3 5 4
M[292] : 2 6 5 4 5 5 4 3 3 3 4 5 3 2 6 6 6 4 6 4 7 1 3 4 3 5 5 2 0 5 5 4 5 3 2 4 5 4
M[293] : 3 5 4 5 2 2 3 5 5 3 4 5 5 5 4 5 6 2 3 5 4 5 5 5 3 3 7 5 7 0 5 3 5 5 3 3 3 2
M[294] : 3 3 3 1 3 4 4 0 0 3 6 7 5 3 4 6 3 5 5 6 7 7 0 3 5 6 5 1 4 5 6 4 7 6 4 4 3 2
M[295] : 3 0 5 6 6 4 3 3 4 2 5 4 4 4 3 6 4 3 5 2 5 4 4 5 3 4 3 4 4 4 4 5 2 5 5 1 3 4
M[296] : 4 5 4 4 6 4 5 0 2 3 1 4 3 5 4 1 5 5 5 3 4 3 4 5 5 4 5 5 7 5 3 1 3 6 6 4 2 4
M[297] : 3 6 4 4 5 2 2 4 2 3 3 5 0 4 5 4 4 2 2 7 4 2 4 4 4 5 4 5 3 5 7 5 3 6 4 6 4 3
M[298] : 6 6 4 4 3 3 3 4 4 2 3 0 2 5 6 5 5 4 2 2 6 5 2 7 4 3 4 5 4 4 7 4 5 3 4 5 4 6
M[299] : 3 4 4 5 5 6 4 3 5 6 2 8 4 2 2 4 3 6 4 5 4 5 2 6 3 5 0 4 6 5 4 3 5 4 3 4 6 2

