 Execution de l'algoritme BITS sur le fichier flat300_28_0
=====================================================================
 Partitions  : 
Vk[0] : 279 204 75 219 226 104 185 122 196 -->  9 éléments.
Vk[1] : 146 175 91 164 89 96 98 217 -->  8 éléments.
Vk[2] : 114 37 23 34 127 277 62 205 270 -->  9 éléments.
Vk[3] : 65 95 241 12 11 276 206 272 178 -->  9 éléments.
Vk[4] : 139 15 172 20 243 40 282 38 64 -->  9 éléments.
Vk[5] : 88 149 16 109 31 177 289 18 -->  8 éléments.
Vk[6] : 79 22 55 86 138 181 258 186 7 -->  9 éléments.
Vk[7] : 6 106 51 29 214 141 73 228 -->  8 éléments.
Vk[8] : 182 24 288 13 151 80 292 260 -->  8 éléments.
Vk[9] : 144 135 107 253 17 63 239 222 -->  8 éléments.
Vk[10] : 165 111 159 249 83 244 148 78 -->  8 éléments.
Vk[11] : 195 280 42 14 207 70 257 101 262 -->  9 éléments.
Vk[12] : 27 240 137 45 120 179 56 130 -->  8 éléments.
Vk[13] : 131 171 10 126 245 168 223 152 8 -->  9 éléments.
Vk[14] : 61 271 298 297 255 143 283 229 -->  8 éléments.
Vk[15] : 251 47 256 72 264 154 203 125 189 -->  9 éléments.
Vk[16] : 36 43 183 71 92 84 157 67 -->  8 éléments.
Vk[17] : 74 113 0 290 163 35 102 242 174 -->  9 éléments.
Vk[18] : 237 233 267 153 230 211 93 176 -->  8 éléments.
Vk[19] : 234 58 50 41 30 284 160 105 -->  8 éléments.
Vk[20] : 296 295 28 133 119 291 162 209 66 -->  9 éléments.
Vk[21] : 184 212 115 269 199 166 156 4 110 -->  9 éléments.
Vk[22] : 118 200 103 294 170 252 90 287 155 -->  9 éléments.
Vk[23] : 274 1 167 3 158 140 44 145 213 -->  9 éléments.
Vk[24] : 147 187 281 134 254 142 227 293 2 -->  9 éléments.
Vk[25] : 169 248 273 129 266 77 285 85 136 -->  9 éléments.
Vk[26] : 9 161 124 99 39 261 208 150 26 -->  9 éléments.
Vk[27] : 60 108 52 100 117 231 192 218 173 -->  9 éléments.
Vk[28] : 232 112 286 21 221 247 238 121 -->  8 éléments.
Vk[29] : 32 259 202 48 81 201 235 275 -->  8 éléments.
Vk[30] : 220 198 265 33 132 87 236 19 -->  8 éléments.
Vk[31] : 215 263 116 191 193 5 224 194 250 -->  9 éléments.
Vk[32] : 246 25 76 49 68 225 216 82 57 -->  9 éléments.
Vk[33] : 97 123 190 188 197 53 278 94 69 -->  9 éléments.
Vk[34] : 54 180 128 46 59 268 210 299 -->  8 éléments.
Matrice M
M[0] : 5 4 6 5 4 4 3 2 4 6 4 4 3 2 5 6 5 0 4 2 4 3 7 2 1 4 4 4 2 3 5 4 5 4 8
M[1] : 4 4 7 3 5 4 3 2 6 4 1 6 3 4 4 7 3 6 4 4 2 5 5 0 4 4 6 3 3 6 1 7 6 2 4
M[2] : 5 6 4 7 5 4 1 6 6 3 3 4 4 3 4 4 3 3 5 1 6 4 5 0 0 4 2 6 5 5 2 6 7 6 4
M[3] : 8 3 3 5 4 4 4 3 4 4 6 6 3 4 3 5 4 5 5 5 5 3 4 0 3 5 5 8 5 3 3 5 7 5 6
M[4] : 4 6 4 3 3 5 6 3 3 3 5 3 5 6 2 4 2 5 7 5 4 0 6 5 5 3 4 4 4 3 6 4 3 2 3
M[5] : 5 4 6 5 4 1 6 6 7 3 4 5 3 2 6 6 5 6 4 3 5 4 3 4 6 6 2 5 4 5 4 0 6 3 5
M[6] : 5 3 5 6 6 3 4 0 6 4 5 2 4 6 4 6 7 3 3 3 3 4 3 4 5 5 4 4 2 4 4 4 7 3 6
M[7] : 4 6 7 5 3 2 0 3 4 4 1 6 2 6 4 6 3 5 5 4 7 4 4 4 3 7 1 4 5 2 3 5 4 5 3
M[8] : 3 5 4 3 5 1 5 4 4 5 6 6 3 0 5 4 3 5 3 3 7 3 7 4 5 5 4 5 6 7 6 3 7 4 2
M[9] : 2 4 5 5 2 2 5 5 4 6 5 1 4 3 5 3 2 4 4 5 4 2 6 4 3 5 0 5 6 5 6 5 5 6 5
M[10] : 5 5 5 3 4 4 5 4 4 5 3 4 4 0 3 4 5 5 7 3 6 4 4 1 5 5 3 5 5 5 5 3 6 6 4
M[11] : 5 7 4 0 7 4 3 6 5 4 3 3 3 5 6 4 4 4 4 3 3 5 4 6 4 2 6 4 5 3 5 6 4 6 3
M[12] : 3 6 4 0 4 3 6 2 5 5 3 7 3 4 5 3 3 4 3 5 5 4 4 2 6 3 3 5 4 5 7 4 7 4 3
M[13] : 5 4 6 4 4 4 5 5 0 6 2 3 5 4 5 8 2 6 5 4 3 5 4 5 3 6 4 8 5 5 2 7 3 3 2
M[14] : 5 6 6 5 4 4 7 4 2 4 5 0 4 5 4 3 3 5 4 8 6 3 4 6 4 5 6 4 3 4 2 3 4 6 4
M[15] : 4 4 4 3 0 6 5 8 6 6 4 4 6 5 6 6 4 5 5 4 4 4 5 5 3 5 4 5 7 3 5 3 4 4 4
M[16] : 5 4 5 5 4 0 7 2 4 2 4 4 2 6 5 7 3 5 4 7 5 5 6 4 4 4 4 4 2 5 4 3 5 3 4
M[17] : 7 5 5 4 3 5 6 2 3 0 6 4 2 6 4 5 3 3 6 4 3 5 2 5 5 4 5 2 3 4 6 4 4 6 4
M[18] : 4 4 4 3 3 0 4 4 6 2 4 4 5 4 2 2 3 5 8 3 4 6 3 5 3 4 5 6 6 4 3 5 4 5 4
M[19] : 4 6 6 4 4 4 7 3 4 5 5 5 1 6 3 4 5 7 3 5 6 5 6 6 3 3 4 3 3 2 0 5 3 3 4
M[20] : 4 6 6 5 0 5 4 4 4 3 5 2 5 5 4 1 2 4 3 6 4 5 5 5 2 4 6 2 4 6 4 3 5 2 5
M[21] : 3 5 5 4 4 2 3 5 3 7 4 5 7 4 2 3 5 4 3 5 3 8 4 6 4 4 5 4 0 3 6 4 4 6 5
M[22] : 4 3 6 3 5 5 0 2 2 2 5 5 4 5 3 4 3 4 6 4 6 6 3 5 6 3 5 6 4 5 7 5 4 5 7
M[23] : 6 4 0 3 6 3 3 4 4 3 3 3 4 3 4 6 4 5 5 2 4 5 6 5 6 8 6 3 4 5 4 4 4 3 3
M[24] : 2 5 3 4 6 6 3 4 0 4 3 4 4 5 3 4 5 4 5 5 4 5 6 4 3 6 6 6 2 2 2 6 0 5 4
M[25] : 2 4 5 4 4 3 5 5 3 2 4 4 1 4 3 3 6 6 3 5 4 6 8 6 5 3 6 4 6 7 1 3 0 5 3
M[26] : 6 4 2 3 3 4 4 3 3 4 3 5 2 1 3 6 3 5 5 2 5 6 5 4 4 4 0 5 3 3 3 3 7 6 2
M[27] : 4 3 5 5 3 6 5 3 4 3 1 5 0 6 5 5 6 6 3 3 7 6 3 6 6 4 7 7 3 2 3 4 4 7 4
M[28] : 4 4 8 3 3 5 5 3 5 2 1 3 5 6 4 7 6 6 1 3 0 5 5 2 4 5 3 4 3 5 2 5 4 5 4
M[29] : 8 6 4 4 7 3 3 0 3 4 6 3 8 6 6 6 3 2 4 4 2 4 3 5 5 2 4 3 4 1 3 5 7 3 2
M[30] : 4 4 3 4 2 5 6 2 4 6 7 7 3 5 3 2 2 5 3 0 3 3 2 5 4 5 5 5 4 3 5 4 4 3 6
M[31] : 4 8 5 4 6 0 8 2 3 5 4 5 2 2 6 5 2 4 7 4 2 3 1 3 5 2 6 5 3 6 4 4 3 4 3
M[32] : 3 4 7 6 4 3 5 2 5 4 4 3 6 6 4 2 2 4 3 2 5 3 6 4 4 3 4 4 3 0 3 5 6 7 5
M[33] : 4 4 2 7 6 5 4 3 5 4 3 2 4 8 5 6 5 2 4 5 4 4 4 7 6 3 2 4 3 3 0 6 2 6 5
M[34] : 3 5 0 5 6 4 5 1 6 3 3 6 4 3 3 6 3 5 6 3 3 5 5 4 6 4 4 4 4 6 3 4 4 3 5
M[35] : 3 4 3 4 6 7 3 3 5 4 4 2 5 5 6 4 6 0 5 3 2 7 7 4 4 4 7 2 4 6 2 5 3 2 5
M[36] : 5 5 3 3 2 4 4 4 5 4 5 4 4 4 6 4 0 5 5 5 3 6 5 5 7 6 4 4 3 2 5 3 5 3 4
M[37] : 6 4 0 4 5 6 6 4 3 5 3 2 5 4 3 7 4 4 4 3 3 5 3 4 4 3 5 2 4 2 3 3 5 9 3
M[38] : 4 2 5 4 0 3 6 4 5 4 7 4 3 5 3 0 6 5 3 6 8 6 2 5 3 8 3 4 5 4 5 4 3 4 4
M[39] : 5 3 5 5 2 6 5 3 5 2 4 4 5 6 5 4 2 3 3 2 4 3 2 8 6 6 0 7 6 5 3 5 3 2 3
M[40] : 5 5 1 5 0 3 4 3 2 5 4 6 4 5 5 5 2 8 2 3 4 4 5 5 8 4 1 3 4 3 5 6 4 8 5
M[41] : 2 3 4 5 7 6 4 4 6 4 4 3 3 3 4 5 4 2 4 0 7 4 5 3 5 5 2 2 5 2 5 5 6 1 5
M[42] : 4 2 2 5 4 4 7 2 4 4 4 0 5 7 2 5 1 1 4 2 5 6 6 5 5 6 3 2 5 4 6 7 5 3 3
M[43] : 5 5 5 5 3 2 3 2 4 3 5 6 3 6 5 4 0 4 6 3 5 7 8 2 5 3 2 5 2 4 6 5 3 7 6
M[44] : 6 4 5 5 4 2 5 5 4 6 7 2 7 1 4 3 5 1 5 2 5 3 3 0 5 4 6 4 4 4 6 5 4 1 4
M[45] : 5 5 7 4 5 4 7 5 4 2 4 4 0 3 5 3 5 6 5 5 4 1 3 8 5 2 5 3 4 4 5 3 4 3 4
M[46] : 4 3 5 3 5 4 3 2 3 4 5 6 3 4 4 5 4 4 4 6 6 3 2 5 5 5 5 5 4 6 4 5 6 5 0
M[47] : 4 1 5 2 4 3 5 5 4 6 6 1 5 4 4 0 5 5 5 3 4 7 5 3 5 4 3 6 4 4 4 6 6 7 3
M[48] : 4 5 5 4 5 8 4 5 5 2 6 2 7 6 3 5 5 3 4 3 7 4 5 4 5 5 4 2 3 0 4 1 4 4 5
M[49] : 4 0 3 5 3 3 6 5 3 6 6 2 2 3 5 4 3 4 2 5 3 6 2 6 4 5 4 5 6 4 4 5 0 3 5
M[50] : 7 2 4 5 6 4 4 3 4 5 2 3 4 3 4 4 4 5 5 0 5 3 5 6 4 5 6 4 5 2 4 3 2 7 3
M[51] : 3 5 3 5 5 5 3 0 4 5 1 4 5 5 6 4 5 4 4 6 6 6 5 4 4 4 5 6 3 5 4 5 7 3 2
M[52] : 7 5 2 5 5 3 7 5 5 5 3 4 4 6 5 4 3 4 4 6 6 3 5 1 6 5 4 0 4 5 2 3 5 5 2
M[53] : 8 4 6 4 7 4 6 3 4 4 0 7 4 4 3 6 2 2 2 2 4 6 4 2 6 6 4 6 4 6 4 6 5 0 1
M[54] : 1 4 6 2 5 3 4 2 3 5 5 3 3 5 4 6 2 6 4 4 4 3 6 6 6 3 3 5 6 6 2 3 5 2 0
M[55] : 5 5 5 4 2 3 0 4 5 2 4 6 4 6 5 3 5 5 3 4 3 5 2 4 4 4 2 7 5 5 4 4 6 5 4
M[56] : 7 2 4 2 5 2 5 6 6 4 5 4 0 3 5 4 4 2 2 4 3 6 2 8 5 5 3 6 4 5 3 4 3 4 4
M[57] : 1 5 8 6 2 4 6 3 3 5 2 5 4 6 4 7 4 4 2 2 5 4 3 6 4 4 5 2 4 5 4 5 0 3 5
M[58] : 6 6 3 5 5 3 4 3 6 5 7 6 6 0 4 5 3 3 1 0 5 3 5 4 5 3 4 5 3 3 3 5 3 6 3
M[59] : 4 0 5 5 4 6 6 5 4 5 4 5 3 5 4 4 6 5 3 6 5 5 5 5 5 6 5 5 5 2 2 2 5 3 0
M[60] : 6 3 2 3 4 6 4 4 5 5 5 4 6 6 3 1 5 5 3 4 8 2 6 7 5 6 2 0 3 3 2 7 4 6 3
M[61] : 5 4 5 4 4 4 5 6 4 3 4 1 3 5 0 5 6 6 4 6 8 4 4 5 5 4 7 7 4 4 6 5 4 6 4
M[62] : 2 4 0 8 3 4 2 5 3 4 5 3 4 7 5 4 6 5 5 5 4 5 3 5 6 3 3 3 4 5 4 3 4 3 4
M[63] : 4 5 6 5 7 4 2 3 5 0 3 6 2 5 4 5 5 6 3 3 1 2 2 5 7 5 5 4 2 5 4 4 8 6 6
M[64] : 4 5 3 5 0 4 2 7 4 5 4 1 5 6 2 5 3 6 5 4 5 3 5 3 4 6 6 6 4 2 4 4 4 5 4
M[65] : 5 6 4 0 4 3 4 3 5 5 2 6 3 5 3 7 5 6 5 3 3 4 6 5 4 5 5 3 3 4 3 5 6 8 6
M[66] : 4 4 2 5 5 3 3 5 6 3 6 3 4 5 6 6 4 3 5 5 0 3 7 4 3 5 5 7 2 3 4 6 5 7 5
M[67] : 6 6 6 5 4 2 5 7 4 3 4 6 4 2 4 5 0 5 5 3 4 3 4 3 5 4 3 5 5 3 1 5 4 6 6
M[68] : 5 2 5 5 4 2 5 7 4 5 2 3 3 7 5 6 3 3 2 4 6 4 3 6 5 6 6 4 6 7 4 6 0 3 5
M[69] : 3 4 4 7 1 5 6 3 4 5 4 1 4 7 8 5 6 4 1 5 6 3 5 5 7 4 4 6 4 6 4 4 3 0 3
M[70] : 6 5 4 2 3 5 6 3 2 5 1 0 5 5 3 4 4 3 6 4 5 3 4 2 5 4 2 3 2 5 1 3 5 6 5
M[71] : 4 3 3 4 3 2 2 4 1 5 4 2 5 5 3 4 0 4 3 3 6 2 4 7 7 6 3 7 4 4 5 6 5 3 4
M[72] : 3 5 6 7 3 4 3 4 4 7 2 5 5 2 3 0 3 6 4 5 5 5 3 7 3 5 4 3 2 5 7 5 4 6 5
M[73] : 4 4 6 4 6 3 3 0 3 2 4 4 7 5 5 4 4 6 6 4 4 3 3 5 6 3 5 6 4 4 4 7 4 4 5
M[74] : 5 6 3 5 5 3 4 3 5 3 4 3 2 7 3 5 4 0 5 4 5 6 6 5 6 4 6 4 4 5 2 5 5 3 4
M[75] : 0 5 7 4 3 3 6 4 5 5 4 3 5 2 4 4 6 4 5 3 4 4 6 5 6 8 8 5 5 3 1 1 2 4 5
M[76] : 2 2 7 3 5 3 6 5 4 4 3 3 4 7 6 3 2 4 4 6 4 4 1 5 6 5 7 7 2 5 4 4 0 4 2
M[77] : 5 5 6 5 5 4 5 2 3 7 4 5 4 4 2 3 6 3 2 3 8 6 2 4 5 0 8 6 6 5 2 4 6 4 3
M[78] : 5 6 2 3 6 3 7 4 3 4 0 5 3 5 6 3 5 4 1 6 4 4 5 5 6 4 2 3 5 3 2 4 3 4 6
M[79] : 3 5 5 5 5 5 0 2 2 4 4 4 5 4 4 4 3 5 4 5 5 2 6 6 4 5 5 5 4 6 3 4 4 3 4
M[80] : 4 6 5 3 6 7 0 3 0 2 7 3 4 3 4 6 4 6 4 3 6 4 4 4 3 2 8 4 5 5 2 4 5 3 5
M[81] : 4 6 3 7 3 4 4 4 4 5 2 5 0 3 4 5 6 5 2 2 2 4 5 6 6 3 5 6 5 0 3 3 2 1 4
M[82] : 4 4 6 6 4 5 4 6 3 4 3 4 4 5 3 5 5 5 5 1 5 5 6 3 4 5 3 7 3 3 4 6 0 3 5
M[83] : 7 3 5 2 6 3 5 6 5 3 0 4 3 6 3 4 6 4 2 3 4 5 4 4 4 4 4 6 2 4 4 6 4 4 7
M[84] : 5 5 6 2 6 4 5 5 4 3 4 3 2 4 5 4 0 4 3 3 2 4 4 3 6 2 4 3 3 6 4 5 2 4 3
M[85] : 4 2 6 4 4 6 7 5 5 5 3 4 2 5 3 1 4 5 3 6 6 4 5 6 3 0 6 5 5 6 4 5 0 4 4
M[86] : 4 5 4 7 5 5 0 5 2 3 3 4 4 5 3 5 0 5 6 4 4 5 5 5 3 6 8 5 4 3 6 5 8 6 4
M[87] : 4 3 8 5 3 7 2 4 5 5 3 4 6 7 3 7 4 2 3 4 2 5 4 3 3 5 4 5 4 2 0 6 4 5 4
M[88] : 6 5 5 5 5 0 3 5 5 5 4 6 3 5 4 4 5 7 3 5 5 2 4 4 5 6 7 9 4 3 3 5 3 4 3
M[89] : 4 0 3 6 4 6 7 6 2 4 5 5 4 3 7 8 5 3 4 4 6 4 5 3 5 3 1 5 4 2 4 5 6 5 3
M[90] : 6 6 4 5 4 2 3 5 4 6 6 5 3 5 4 6 4 5 3 3 5 5 0 6 4 6 2 5 5 4 4 7 4 5 4
M[91] : 3 0 6 4 5 4 5 2 4 4 5 8 5 7 3 4 4 6 7 4 3 5 2 2 4 5 2 2 2 6 5 5 4 4 4
M[92] : 1 4 4 2 5 4 2 7 1 4 5 4 4 6 6 2 0 6 1 6 4 4 5 7 3 4 5 4 4 2 6 2 4 3 4
M[93] : 4 6 5 6 4 5 3 6 5 6 5 5 1 3 5 2 2 3 0 3 6 5 4 5 6 4 6 4 4 4 5 5 2 3 1
M[94] : 5 3 3 4 4 6 5 1 3 4 5 3 4 2 4 6 4 4 6 5 6 3 3 2 6 3 6 3 6 3 5 2 4 0 6
M[95] : 4 5 4 0 4 4 4 4 5 6 3 3 6 5 5 6 5 5 5 2 4 3 6 3 4 5 5 5 3 4 5 4 7 5 3
M[96] : 3 0 6 7 3 6 5 3 5 3 4 3 7 5 5 2 4 6 2 4 4 6 6 4 5 6 3 3 3 4 5 3 5 1 3
M[97] : 4 2 7 3 3 5 2 1 3 5 4 5 4 6 4 6 3 2 5 4 5 4 4 2 6 3 4 5 5 3 4 4 4 0 5
M[98] : 5 0 5 7 4 2 3 5 6 4 6 4 4 4 6 3 4 4 4 4 2 3 4 5 5 4 5 5 7 2 3 5 2 4 3
M[99] : 5 4 4 3 4 5 2 3 5 3 3 4 7 4 5 3 5 6 2 2 3 3 4 5 2 5 0 4 4 2 3 4 6 6 5
M[100] : 4 3 4 5 3 4 5 6 4 3 5 3 5 5 4 5 4 2 6 3 4 2 7 2 5 5 4 0 6 4 4 4 6 4 3
M[101] : 4 3 3 7 6 5 3 4 6 5 5 0 3 4 3 4 4 4 4 4 4 4 2 4 3 1 6 4 2 5 5 1 3 2 4
M[102] : 6 4 4 3 7 3 6 3 3 2 5 3 5 5 3 5 2 0 4 2 5 2 3 3 6 3 6 5 2 1 3 6 4 6 6
M[103] : 5 4 3 0 5 3 4 4 5 4 2 5 4 4 4 3 3 4 3 2 5 5 0 5 5 4 5 2 4 5 4 4 6 7 2
M[104] : 0 3 8 4 4 4 5 4 1 5 3 6 2 6 5 5 6 6 3 5 5 5 3 5 5 4 4 3 4 5 5 2 3 7 4
M[105] : 3 2 6 2 4 4 5 3 2 3 4 5 3 7 6 3 4 2 4 0 4 4 4 4 4 4 2 7 4 3 4 3 7 4 6
M[106] : 4 5 5 5 5 4 4 0 6 3 6 4 6 5 4 4 6 2 5 2 7 3 6 2 5 5 3 4 5 3 3 4 6 6 3
M[107] : 4 5 6 4 5 5 5 3 6 0 5 5 1 4 3 5 5 3 1 4 4 4 4 4 7 4 5 5 2 6 5 3 5 4 4
M[108] : 1 3 3 5 3 4 7 5 4 2 2 5 3 2 4 9 4 6 5 5 5 8 5 8 5 2 7 0 2 3 5 4 4 5 5
M[109] : 4 5 4 4 4 0 3 4 3 4 5 5 3 5 6 2 5 5 6 5 4 6 4 5 5 3 5 3 4 4 5 6 3 6 5
M[110] : 4 5 4 6 5 3 2 4 4 5 3 3 4 4 1 4 5 7 6 4 4 0 6 7 3 5 2 3 6 1 2 2 6 5 3
M[111] : 4 4 5 1 3 5 2 3 5 3 0 3 1 7 6 6 3 4 3 4 6 6 6 3 6 2 4 3 5 4 5 2 4 2 2
M[112] : 3 4 5 1 3 4 3 5 3 4 6 4 3 7 4 4 4 7 4 3 2 5 4 6 4 5 7 4 0 7 3 4 6 7 6
M[113] : 5 3 4 2 4 5 4 4 4 4 4 4 3 6 3 5 5 0 5 5 4 4 3 4 6 2 5 4 3 6 5 6 5 5 3
M[114] : 5 3 0 3 4 4 5 5 6 2 5 5 2 5 6 4 5 2 4 5 6 4 4 5 6 2 3 5 6 3 5 6 6 6 4
M[115] : 3 3 6 5 3 4 4 3 5 4 4 6 3 6 5 5 7 6 1 4 5 0 5 7 5 4 3 3 6 2 6 6 6 5 3
M[116] : 5 3 4 4 4 3 4 5 6 6 3 2 4 4 5 5 5 7 3 3 5 2 3 3 7 5 5 4 2 4 2 0 2 4 4
M[117] : 6 4 7 4 5 6 5 4 2 2 4 5 2 4 6 3 5 3 2 5 6 5 2 4 6 5 6 0 3 5 3 6 4 5 5
M[118] : 3 3 6 6 7 6 4 3 4 0 4 5 0 5 4 5 3 5 3 6 4 4 0 4 6 3 5 5 5 7 4 6 5 6 6
M[119] : 3 2 4 6 7 4 5 4 2 3 7 6 6 5 5 1 2 3 5 5 0 6 4 6 6 2 5 6 3 3 2 6 6 6 6
M[120] : 5 3 3 4 5 3 3 6 5 1 2 3 0 6 5 4 5 3 6 4 9 4 5 6 6 5 5 2 3 3 4 4 2 5 4
M[121] : 5 2 3 4 7 4 2 4 2 4 2 4 5 7 5 3 4 3 7 3 4 5 4 6 2 5 4 6 0 3 2 2 6 5 1
M[122] : 0 5 3 5 5 4 6 3 6 4 7 4 4 6 4 4 3 6 5 1 4 3 3 6 6 6 5 6 4 2 7 4 5 5 4
M[123] : 3 4 6 3 3 1 5 3 4 5 6 7 3 5 5 4 5 6 5 4 7 3 6 4 5 5 5 7 4 2 5 3 3 0 4
M[124] : 3 4 6 2 3 4 4 5 3 5 3 4 6 6 5 6 3 8 4 5 3 2 4 4 6 6 0 4 5 7 4 5 8 4 3
M[125] : 6 5 6 4 4 5 7 4 8 3 3 4 5 5 2 0 5 5 4 3 4 6 6 5 5 5 4 1 3 1 6 4 4 2 4
M[126] : 4 3 7 5 4 5 6 3 4 4 7 6 2 0 2 3 2 4 2 3 6 7 3 5 1 3 3 6 3 7 5 3 2 5 4
M[127] : 2 5 0 3 4 2 7 4 4 7 3 7 7 4 7 5 2 5 6 4 5 3 6 3 5 5 5 5 3 2 2 2 4 6 5
M[128] : 5 3 6 5 2 5 6 2 4 3 2 0 5 5 5 2 7 5 3 7 5 2 3 5 5 3 3 4 1 3 4 5 4 5 0
M[129] : 7 4 6 6 3 2 5 4 5 4 5 4 3 1 2 6 5 2 4 3 6 4 6 4 4 0 5 2 6 5 4 4 4 6 5
M[130] : 4 5 4 3 6 2 5 5 5 1 3 6 0 4 2 6 2 2 5 3 3 5 3 5 4 3 7 6 3 4 4 7 4 5 4
M[131] : 4 3 7 5 6 4 3 3 4 6 5 5 2 0 4 2 4 6 4 2 5 5 4 5 5 5 2 4 4 5 4 4 4 4 4
M[132] : 6 3 4 5 4 2 6 4 6 4 3 5 6 6 5 3 2 3 5 5 3 3 3 5 5 2 7 1 7 6 0 5 5 4 3
M[133] : 5 5 6 3 5 5 7 2 4 1 3 2 5 5 5 6 6 3 6 3 0 4 5 4 3 7 3 4 0 5 4 4 5 5 4
M[134] : 6 4 7 3 2 5 3 5 1 5 6 7 2 3 3 4 4 3 2 1 3 5 4 2 0 4 5 4 6 5 5 5 4 5 2
M[135] : 3 3 6 6 4 4 2 6 4 0 4 6 3 4 4 4 5 7 5 2 3 4 5 6 4 2 5 5 5 3 2 5 4 3 4
M[136] : 4 2 6 6 6 3 5 3 4 4 4 3 6 3 4 4 1 0 6 6 2 4 6 1 6 0 4 6 5 6 3 5 5 7 4
M[137] : 6 5 6 4 6 3 3 4 4 5 5 4 0 2 3 6 5 7 4 5 3 5 1 6 4 5 4 3 5 4 3 5 2 5 5
M[138] : 6 5 2 5 6 4 0 6 4 4 4 6 5 2 4 4 5 4 3 5 4 5 4 5 4 6 0 6 4 6 5 2 3 5 3
M[139] : 5 4 4 5 0 3 3 5 1 5 2 5 5 3 5 5 4 6 2 5 4 7 3 6 3 2 4 5 5 3 3 4 5 4 2
M[140] : 3 2 4 4 5 4 3 4 3 3 5 4 6 6 6 5 0 6 6 4 5 5 4 0 3 3 7 4 5 0 5 5 4 4 4
M[141] : 2 3 6 6 5 4 5 0 3 2 3 5 4 0 6 6 4 4 3 5 6 5 2 3 2 3 3 5 2 6 5 6 4 4 3
M[142] : 2 4 6 2 2 3 3 4 7 5 3 3 5 6 5 8 5 2 5 4 3 4 3 4 0 9 4 3 2 4 6 3 3 4 7
M[143] : 3 7 4 6 3 8 5 4 4 5 4 4 5 2 0 2 4 3 3 2 5 4 4 2 4 6 6 4 6 2 3 7 5 5 1
M[144] : 7 6 4 5 3 5 0 2 4 0 4 6 2 4 3 5 2 3 2 2 5 7 6 9 6 3 4 4 6 6 3 6 5 5 4
M[145] : 6 4 2 7 6 4 5 1 6 4 4 4 7 5 4 6 6 3 2 3 4 6 2 0 5 1 5 4 5 6 4 4 5 3 5
M[146] : 5 0 2 5 6 2 2 4 6 3 2 2 4 5 6 4 7 3 4 5 6 3 4 3 7 6 8 4 5 2 3 5 4 2 4
M[147] : 6 5 6 3 5 5 3 5 3 5 5 4 3 6 2 5 5 6 5 3 4 5 4 8 0 3 2 7 2 4 3 5 6 5 6
M[148] : 5 6 4 6 4 3 2 4 3 6 0 4 4 4 4 5 3 4 3 3 3 4 3 3 2 7 3 4 1 2 6 2 5 5 3
M[149] : 4 4 7 4 5 0 4 4 4 4 5 6 6 4 4 5 2 1 4 5 4 3 5 3 5 5 5 4 6 5 4 7 4 6 4
M[150] : 6 4 2 5 4 4 6 2 4 7 1 5 1 6 4 5 5 3 3 5 4 7 5 6 4 4 0 6 6 5 5 2 5 5 4
M[151] : 7 5 5 6 2 4 5 6 0 4 3 5 4 3 2 5 3 4 5 5 2 6 4 4 4 5 3 6 3 4 5 5 5 6 3
M[152] : 3 5 4 4 4 4 4 6 3 4 5 6 3 0 4 5 2 2 3 5 6 5 4 5 6 4 4 4 4 4 4 2 4 3 5
M[153] : 3 3 4 4 4 5 4 2 3 1 3 5 7 3 3 4 5 6 0 5 8 4 2 5 2 7 4 5 2 6 4 3 3 5 3
M[154] : 4 3 5 5 3 4 4 2 4 5 5 5 5 3 3 0 2 6 4 3 6 8 5 5 2 5 4 6 3 5 5 6 3 3 3
M[155] : 2 6 3 5 3 5 4 1 7 3 5 4 4 4 5 2 6 3 4 6 5 5 0 3 4 5 5 6 5 5 4 2 2 6 4
M[156] : 4 4 6 5 5 4 6 4 6 4 3 4 4 3 5 4 1 4 7 2 6 0 3 5 5 4 5 5 4 4 4 6 7 5 4
M[157] : 7 3 4 5 5 5 2 7 5 6 3 2 5 2 6 5 0 3 5 4 5 6 6 6 5 3 4 2 5 5 4 3 5 5 4
M[158] : 6 4 4 3 3 3 6 7 2 5 2 3 5 2 2 4 4 6 6 3 2 7 5 0 4 6 4 5 5 4 4 3 7 5 2
M[159] : 6 4 6 3 5 5 6 2 5 3 0 3 5 4 5 3 5 5 4 4 4 5 7 6 2 5 5 5 1 4 3 1 2 6 3
M[160] : 6 3 2 4 6 3 3 5 5 4 3 5 4 1 5 5 2 4 6 0 4 6 6 4 4 3 5 8 4 4 5 4 6 3 7
M[161] : 6 5 4 4 4 6 4 3 4 5 1 7 3 4 4 4 3 6 5 5 4 7 3 5 5 4 0 3 3 4 5 2 4 5 4
M[162] : 2 5 2 3 5 5 3 2 6 4 1 3 4 7 5 8 2 4 3 3 0 7 1 6 6 4 4 5 2 3 5 5 7 7 5
M[163] : 4 4 7 6 5 1 4 4 3 6 4 6 5 6 5 3 4 0 4 3 3 6 5 5 4 5 5 2 3 4 5 8 6 4 1
M[164] : 2 0 4 6 4 4 6 3 4 5 5 6 3 3 3 6 5 6 4 2 6 6 4 5 5 4 4 2 4 5 4 3 3 5 3
M[165] : 5 3 2 6 5 5 3 4 4 7 0 6 1 7 3 3 2 4 5 3 4 3 5 6 4 5 3 4 3 5 3 3 7 2 5
M[166] : 5 3 5 7 4 4 5 5 2 4 4 5 4 4 2 7 4 4 2 4 4 0 5 6 5 1 5 3 2 5 4 3 2 2 5
M[167] : 1 4 5 3 4 2 6 3 4 6 4 4 7 6 5 5 5 5 6 5 6 7 7 0 4 3 6 4 5 5 6 3 6 3 4
M[168] : 7 4 2 1 4 4 5 4 5 5 4 3 3 0 4 4 4 5 5 3 4 5 6 4 5 3 5 5 4 5 3 5 2 6 3
M[169] : 6 6 1 7 5 3 3 4 4 1 5 4 2 4 5 5 3 3 3 5 6 7 5 4 6 0 2 4 3 2 2 7 6 6 4
M[170] : 5 2 5 5 3 4 4 4 3 3 4 6 5 5 4 3 5 6 4 3 4 5 0 6 2 5 3 5 5 2 5 3 3 5 5
M[171] : 4 3 4 3 5 4 6 3 3 4 3 7 4 0 5 5 4 6 1 3 7 5 1 4 7 3 4 6 5 5 5 5 5 7 5
M[172] : 8 4 4 4 0 2 7 2 3 2 3 5 3 5 5 1 3 4 8 7 5 4 6 4 4 6 3 4 2 6 2 5 3 4 3
M[173] : 7 8 4 6 2 3 3 2 5 6 6 3 4 5 4 5 2 3 4 2 3 4 8 6 6 4 5 0 3 2 3 4 5 4 4
M[174] : 5 1 4 3 6 5 5 3 5 7 1 5 5 3 5 5 6 0 3 5 4 8 3 6 4 2 5 5 3 2 3 5 4 5 4
M[175] : 4 0 5 4 7 7 4 5 6 4 5 5 3 3 3 5 3 5 2 3 6 5 5 6 4 6 4 5 4 5 3 3 4 3 5
M[176] : 6 1 2 7 3 6 8 2 4 3 3 6 3 5 5 6 4 3 0 4 5 5 5 4 5 6 3 4 2 6 4 4 7 5 3
M[177] : 6 5 2 5 6 0 3 3 5 4 5 4 3 4 5 5 4 6 4 3 2 6 5 5 5 3 1 4 3 6 5 6 5 3 5
M[178] : 4 4 5 0 4 4 7 5 5 4 1 4 2 0 4 5 4 2 5 4 3 5 2 3 6 6 4 4 2 4 1 2 7 2 6
M[179] : 6 6 6 5 3 4 2 7 1 4 3 6 0 3 2 5 3 7 5 4 5 4 6 5 5 4 3 4 5 5 3 4 4 3 5
M[180] : 2 5 2 5 4 4 6 6 2 4 4 4 6 6 6 5 3 7 3 6 4 6 7 1 6 4 5 5 4 2 5 4 4 5 0
M[181] : 6 4 6 8 4 3 0 4 2 3 5 5 2 5 3 3 4 5 4 4 4 5 5 5 3 3 5 3 3 4 4 2 6 3 4
M[182] : 6 4 4 7 5 4 5 3 0 5 3 5 2 3 6 5 4 6 3 5 4 5 5 4 6 4 6 5 2 2 5 7 2 2 4
M[183] : 5 6 3 5 3 4 6 3 4 5 3 3 4 3 3 4 0 7 6 2 5 5 7 3 4 5 3 4 3 6 2 3 6 6 7
M[184] : 5 3 3 5 3 2 7 3 5 3 4 6 4 2 3 8 5 6 3 2 6 0 6 8 6 6 7 3 4 5 2 4 4 4 5
M[185] : 0 4 5 3 7 5 5 5 3 2 5 4 4 6 3 3 4 6 4 4 3 5 6 3 5 6 6 7 4 1 4 4 3 6 1
M[186] : 4 1 5 5 6 5 0 3 4 3 0 5 2 6 4 3 2 2 5 2 7 8 6 7 3 4 6 5 2 5 4 4 5 5 3
M[187] : 5 3 4 3 5 5 1 3 4 5 4 5 4 5 5 4 4 8 5 6 5 5 4 6 0 6 7 5 4 3 2 5 4 5 5
M[188] : 3 2 6 6 5 3 7 4 3 3 3 3 5 4 4 5 7 8 4 3 4 4 4 3 2 4 5 4 4 4 5 3 6 0 6
M[189] : 7 5 3 6 2 4 5 5 4 4 5 4 3 2 6 0 3 5 3 4 7 4 5 7 5 3 4 5 4 2 3 6 4 5 4
M[190] : 6 2 8 4 5 4 2 5 4 2 6 4 4 4 4 5 4 5 6 2 5 5 6 4 6 6 5 5 4 2 3 6 3 0 4
M[191] : 2 2 4 5 5 4 3 5 3 2 2 3 7 5 6 5 4 4 0 7 5 5 6 4 3 4 6 5 5 5 3 0 4 6 1
M[192] : 5 1 4 3 4 3 4 3 7 3 5 1 4 5 5 5 3 6 4 2 7 2 6 5 8 5 5 0 2 4 5 4 2 5 5
M[193] : 3 2 4 1 5 6 4 4 3 3 3 4 4 7 1 6 3 7 3 2 7 3 4 5 5 5 2 2 4 3 5 0 5 3 4
M[194] : 5 6 5 5 5 5 5 1 5 5 3 3 1 1 7 4 3 8 2 5 5 4 7 5 6 6 2 4 4 5 8 0 7 2 3
M[195] : 6 4 5 4 2 6 5 3 5 4 2 0 3 4 4 3 3 3 6 3 1 5 5 6 5 3 3 6 5 1 5 4 4 1 4
M[196] : 0 4 3 5 4 3 3 1 6 7 7 5 3 4 3 5 6 5 4 4 3 4 6 6 4 5 5 5 6 2 3 4 6 3 5
M[197] : 1 3 5 4 6 5 3 5 4 1 4 3 4 6 4 6 3 4 4 2 6 4 5 4 6 7 5 6 5 3 5 2 4 0 2
M[198] : 5 3 4 3 2 5 5 3 3 6 4 4 1 2 3 5 5 4 4 8 5 5 3 4 5 3 4 5 6 4 0 4 6 6 2
M[199] : 3 4 4 4 4 5 7 5 2 4 5 4 3 5 4 5 3 2 4 3 6 0 6 3 4 6 4 4 7 3 6 3 3 3 5
M[200] : 4 1 6 5 4 6 8 4 3 6 4 5 2 3 5 5 4 4 3 4 6 5 0 3 4 7 2 3 2 6 3 8 4 3 2
M[201] : 2 4 5 6 6 3 3 2 5 2 4 3 3 5 2 5 3 4 4 3 3 3 2 5 4 6 5 3 2 0 6 4 7 5 2
M[202] : 4 5 5 3 5 5 6 5 4 3 3 4 5 4 3 3 5 5 4 4 2 6 5 3 6 5 8 4 6 0 5 3 6 3 4
M[203] : 4 3 4 6 3 5 3 5 5 4 2 2 3 5 4 0 5 5 6 2 7 3 3 5 6 5 7 5 3 5 4 4 5 7 5
M[204] : 0 3 2 4 6 4 2 5 5 2 5 7 6 4 3 6 4 3 4 4 4 2 6 4 3 4 5 4 4 3 5 3 1 3 3
M[205] : 4 5 0 6 3 5 5 5 5 6 5 6 4 4 3 5 3 4 3 5 2 4 4 3 3 5 6 3 4 5 6 2 6 6 7
M[206] : 5 4 5 0 4 3 6 7 4 1 4 4 3 4 3 4 3 2 6 4 5 6 4 8 3 7 5 4 3 5 5 4 6 3 4
M[207] : 6 2 7 5 5 5 4 2 4 6 4 0 3 4 2 4 5 4 4 5 5 4 4 6 5 5 5 3 5 3 1 5 4 5 2
M[208] : 5 3 5 4 3 5 4 3 6 2 5 6 4 4 3 2 3 5 2 3 4 4 4 8 7 7 0 5 6 5 4 5 5 6 5
M[209] : 5 5 5 0 4 3 8 5 3 2 4 6 3 5 3 5 3 4 6 5 0 7 2 4 6 7 6 6 4 2 5 7 6 4 1
M[210] : 5 4 7 6 6 4 6 2 4 5 4 5 3 5 4 4 6 3 3 2 5 8 7 5 6 6 5 4 4 4 1 4 3 5 0
M[211] : 3 5 7 6 4 3 3 3 6 6 2 2 5 4 5 6 4 4 0 5 4 6 4 3 6 2 3 6 5 3 3 3 5 6 4
M[212] : 6 2 3 5 7 4 3 4 5 4 2 7 4 7 5 3 6 4 3 6 6 0 5 4 4 5 3 6 4 4 4 6 5 4 3
M[213] : 4 4 2 7 6 3 7 4 3 5 4 4 6 4 1 5 4 4 3 4 5 5 6 0 1 4 7 5 5 6 4 1 5 4 3
M[214] : 7 3 3 4 2 3 5 0 5 3 1 5 3 8 3 6 5 5 3 2 4 5 2 3 5 3 3 3 4 6 3 6 5 4 2
M[215] : 3 5 4 5 3 3 0 6 5 4 3 5 5 2 5 4 1 2 4 2 2 6 7 5 6 6 4 5 4 3 4 0 5 4 3
M[216] : 4 4 2 6 6 4 4 5 2 5 4 3 3 5 4 6 4 4 2 5 6 2 4 5 4 5 5 3 5 4 4 5 0 3 4
M[217] : 7 0 4 5 4 7 5 4 3 7 5 2 3 5 6 6 5 5 4 5 4 2 3 4 4 2 7 4 4 7 1 4 2 3 3
M[218] : 4 1 2 5 4 8 5 3 4 4 1 5 5 5 3 8 4 3 5 7 5 4 3 3 4 5 6 0 3 3 6 3 4 7 4
M[219] : 0 3 4 5 6 3 4 4 3 5 4 5 5 4 3 3 2 5 3 7 7 3 2 4 4 4 3 5 3 4 6 3 2 1 1
M[220] : 5 2 7 6 5 3 7 3 4 1 3 4 3 5 4 4 2 6 5 5 4 4 9 3 6 3 3 5 3 6 0 3 4 4 3
M[221] : 4 5 5 1 8 5 5 4 4 4 4 5 5 5 6 1 3 2 1 3 5 3 8 6 3 4 4 2 0 5 5 5 6 5 5
M[222] : 7 2 4 7 5 2 4 2 3 0 5 6 4 5 4 7 2 4 3 7 3 6 4 6 5 5 5 5 4 1 4 1 5 3 6
M[223] : 4 4 4 5 6 5 3 7 2 6 3 4 4 0 3 3 5 6 5 4 2 3 4 5 4 2 6 5 4 1 5 7 6 3 5
M[224] : 2 4 6 3 4 6 6 5 4 2 2 4 6 5 3 5 1 6 3 3 7 4 4 4 3 5 5 5 3 5 4 0 3 4 3
M[225] : 4 2 4 6 5 2 5 4 4 3 6 4 2 1 2 6 4 5 3 4 6 4 4 4 4 6 6 5 5 6 3 5 0 3 4
M[226] : 0 4 4 2 3 3 3 5 3 5 5 7 5 5 4 3 3 4 4 5 4 6 5 5 5 3 4 6 2 2 3 4 2 3 5
M[227] : 2 1 3 3 7 4 4 4 1 5 2 5 6 5 6 6 6 4 4 6 3 5 3 5 0 3 5 4 4 2 3 5 5 4 4
M[228] : 4 3 6 4 4 4 4 0 5 3 3 5 2 3 3 4 5 2 3 1 2 7 6 5 4 5 6 3 6 5 2 5 5 5 3
M[229] : 2 6 6 6 5 4 4 3 4 3 7 5 3 5 0 4 3 8 2 5 3 2 2 3 3 6 3 7 6 3 2 3 5 6 5
M[230] : 3 4 7 7 5 6 6 5 3 4 2 6 2 3 2 5 6 7 0 4 5 4 3 7 6 4 4 5 6 4 5 3 1 5 4
M[231] : 4 2 4 6 6 3 6 2 3 2 5 5 4 7 3 3 4 3 1 5 5 3 3 4 3 3 4 0 2 4 2 6 5 7 5
M[232] : 3 5 4 6 3 4 5 3 3 5 5 3 1 4 5 5 4 5 5 5 3 5 8 2 7 7 5 2 0 2 2 6 4 3 5
M[233] : 4 5 4 7 3 5 3 4 4 3 3 4 6 5 4 6 3 4 0 5 5 5 4 5 5 6 4 3 6 2 4 3 3 7 3
M[234] : 5 5 5 2 7 5 4 4 4 3 3 4 5 4 4 2 5 2 4 0 3 4 5 5 4 8 5 3 4 5 5 6 4 4 5
M[235] : 3 2 3 5 5 4 7 7 5 3 2 2 4 5 2 6 5 8 6 6 3 5 6 6 5 3 5 3 4 0 2 5 4 2 5
M[236] : 4 4 3 2 6 2 5 6 1 5 5 5 4 2 1 7 5 3 3 0 5 5 4 4 1 3 7 7 3 4 0 5 3 6 2
M[237] : 7 2 7 4 6 7 7 5 5 4 4 5 5 6 6 3 6 5 0 3 4 5 6 7 5 1 6 4 4 3 2 1 2 4 2
M[238] : 5 4 3 7 5 5 6 2 2 4 2 6 1 1 5 3 2 3 6 5 1 4 4 5 6 6 5 4 0 2 4 4 3 7 3
M[239] : 4 5 1 6 5 4 4 4 4 0 4 3 3 7 4 6 6 6 2 6 3 4 4 3 5 7 2 4 6 3 7 4 4 3 3
M[240] : 2 4 5 3 5 6 5 3 5 3 3 2 0 3 3 7 1 4 3 3 5 5 4 6 4 3 4 6 4 2 3 5 4 3 4
M[241] : 4 4 4 0 5 4 6 6 5 6 3 4 4 1 4 7 2 2 5 3 4 6 5 3 4 3 4 6 4 4 3 4 6 4 4
M[242] : 6 7 3 2 4 3 6 2 3 5 1 6 5 4 6 6 3 0 4 4 4 4 1 6 6 2 4 5 4 5 4 4 3 4 4
M[243] : 5 2 3 3 0 8 5 1 2 2 5 6 5 5 2 5 6 6 4 2 5 3 6 6 6 5 2 3 6 4 4 6 6 4 6
M[244] : 4 8 3 4 5 3 3 4 5 4 0 2 5 5 6 3 4 2 4 4 4 4 4 4 4 5 5 4 5 1 3 3 5 6 4
M[245] : 7 3 5 3 6 5 7 4 4 4 5 5 5 0 3 4 3 4 4 1 5 4 6 4 4 5 5 5 5 3 3 3 6 5 2
M[246] : 4 7 3 7 5 6 5 5 3 5 5 7 4 4 2 5 3 3 3 2 3 6 7 6 3 4 7 2 4 3 2 3 0 6 4
M[247] : 4 5 5 5 6 5 5 3 3 4 2 6 3 7 4 6 4 3 5 4 2 8 4 6 5 1 6 3 0 4 4 4 4 2 3
M[248] : 5 3 6 4 7 4 3 4 4 3 3 5 2 6 5 3 2 1 4 3 3 3 7 5 4 0 6 4 3 3 2 6 4 5 6
M[249] : 8 3 5 3 4 7 1 2 2 4 0 4 4 3 4 3 5 5 3 7 6 1 4 6 3 5 4 7 6 5 4 5 5 6 3
M[250] : 3 3 3 5 3 5 4 4 5 4 2 4 3 5 5 4 6 6 3 5 2 4 4 5 2 5 4 6 4 4 4 0 7 4 4
M[251] : 2 6 5 5 5 2 3 4 5 6 1 3 7 4 3 0 3 5 3 5 4 3 5 5 5 5 3 6 3 4 3 4 5 7 4
M[252] : 6 4 6 6 6 2 6 3 6 4 5 3 5 4 3 7 5 5 3 3 5 5 0 6 5 3 4 6 4 2 3 3 5 3 3
M[253] : 1 3 5 4 2 3 4 4 4 0 3 6 6 8 3 5 5 9 6 5 4 4 3 3 2 4 7 3 6 1 3 5 4 3 4
M[254] : 7 8 4 4 6 4 5 4 4 4 2 5 5 4 2 4 6 5 5 4 7 3 6 4 0 5 5 3 2 5 4 4 3 6 4
M[255] : 2 5 6 6 5 4 4 5 5 4 5 1 3 3 0 3 6 5 4 6 3 3 3 4 5 5 3 4 3 5 0 4 3 4 6
M[256] : 5 6 6 5 3 2 4 6 4 3 3 4 3 5 3 0 4 3 3 4 6 4 4 3 6 2 4 6 3 3 4 5 6 7 3
M[257] : 2 4 4 4 4 2 6 4 3 4 4 0 4 7 3 3 5 7 4 5 5 4 4 3 5 3 5 4 5 2 5 4 5 5 6
M[258] : 5 3 3 5 5 4 0 2 3 2 3 6 7 5 3 5 4 4 1 4 7 5 5 4 2 4 5 5 2 4 6 3 6 4 5
M[259] : 4 4 4 4 5 7 6 4 4 5 3 6 1 7 6 4 3 3 5 2 7 5 6 5 4 6 6 5 4 0 4 6 6 6 5
M[260] : 3 2 6 7 3 3 4 6 0 3 5 5 7 4 2 5 4 4 3 6 5 3 6 5 3 6 3 4 3 7 6 6 4 6 2
M[261] : 6 3 6 7 6 2 3 6 5 4 5 1 6 2 5 4 2 6 6 3 5 3 3 5 4 4 0 4 2 6 2 5 6 3 3
M[262] : 3 5 7 2 6 2 3 5 4 4 2 0 2 4 3 3 3 6 3 5 3 7 4 2 4 6 2 6 5 4 3 5 4 4 5
M[263] : 1 4 0 3 7 6 2 6 7 3 4 5 3 4 5 5 4 3 6 4 7 6 6 5 3 6 6 5 3 1 3 0 3 5 4
M[264] : 4 4 5 5 5 4 3 5 2 4 3 5 4 4 5 0 2 2 4 2 4 4 6 4 8 4 4 5 3 5 6 4 8 5 5
M[265] : 4 3 2 5 5 6 6 2 2 4 4 1 3 4 2 6 5 5 5 4 6 5 4 5 3 6 4 2 4 3 0 3 3 6 3
M[266] : 4 3 2 3 7 3 3 3 3 3 5 6 4 3 4 7 4 7 4 4 5 5 4 5 6 0 7 2 2 1 4 6 5 4 2
M[267] : 4 5 5 5 7 2 3 4 4 1 3 6 4 5 4 4 4 4 0 2 3 3 4 6 5 2 4 3 6 5 5 6 3 2 5
M[268] : 7 6 3 4 3 4 4 2 2 4 4 6 6 3 4 6 4 4 1 4 4 2 4 5 5 3 5 3 3 4 4 3 4 4 0
M[269] : 3 4 3 3 6 4 5 6 5 5 2 4 5 4 5 4 4 5 4 3 6 0 3 2 4 5 4 2 3 4 2 4 5 6 5
M[270] : 5 3 0 5 2 4 5 4 2 3 2 4 6 7 4 5 3 5 2 2 7 2 5 2 5 7 5 4 2 6 5 5 5 5 2
M[271] : 6 4 5 3 8 3 3 6 5 6 5 1 4 4 0 3 5 4 5 3 5 5 6 5 4 2 6 3 4 6 3 5 4 6 4
M[272] : 2 5 4 0 5 5 5 1 4 3 5 5 3 2 3 5 1 4 7 3 5 6 5 5 2 8 3 5 3 6 5 4 3 5 2
M[273] : 6 6 5 6 6 4 6 2 4 3 3 1 4 3 6 4 3 6 5 4 4 3 6 3 6 0 4 6 2 2 5 6 6 4 3
M[274] : 4 3 3 5 6 7 6 2 4 4 4 6 6 5 7 4 5 3 5 4 5 6 6 0 4 3 3 3 4 3 4 7 3 4 4
M[275] : 4 3 5 6 3 3 5 5 4 5 4 7 3 6 6 4 3 3 5 3 6 1 5 4 2 5 5 6 2 0 3 8 9 6 3
M[276] : 5 3 8 0 3 4 6 4 2 7 4 3 3 6 4 4 4 4 6 3 2 4 5 7 3 5 3 6 5 6 3 3 2 4 4
M[277] : 8 2 0 5 1 4 5 6 7 4 3 4 4 5 3 3 4 5 6 2 7 5 5 4 6 6 2 3 5 3 4 7 5 8 4
M[278] : 4 3 4 6 4 4 5 7 5 4 3 2 3 5 2 6 3 3 4 4 5 4 6 5 4 4 5 6 4 5 5 5 1 0 2
M[279] : 0 2 5 5 5 5 7 6 4 2 4 2 5 4 4 6 4 6 2 3 2 5 6 4 3 5 4 3 3 6 2 4 6 5 3
M[280] : 7 4 2 5 2 5 6 5 2 6 4 0 5 6 2 4 2 4 4 3 4 6 3 5 5 4 5 3 5 4 2 3 1 3 4
M[281] : 4 3 7 5 3 5 6 5 3 6 3 3 4 6 5 6 2 6 4 5 4 5 7 2 0 4 5 8 3 5 4 4 3 7 5
M[282] : 4 5 4 6 0 2 5 6 5 2 4 3 2 5 5 4 1 3 4 5 5 4 5 4 6 6 2 4 4 5 3 5 4 3 2
M[283] : 5 3 2 2 3 4 5 5 4 3 4 6 4 3 0 7 5 6 7 5 5 5 6 6 5 6 3 4 1 2 5 7 3 4 6
M[284] : 3 6 4 3 5 4 6 3 4 3 4 6 3 4 4 5 5 6 4 0 4 6 3 3 4 5 3 5 3 3 5 4 2 3 5
M[285] : 4 5 5 3 3 4 5 3 5 4 5 5 4 6 6 5 5 4 1 4 3 3 3 1 3 0 3 5 6 6 2 5 7 2 3
M[286] : 8 3 6 4 5 3 4 4 4 2 3 4 6 5 3 3 3 2 4 4 5 2 5 4 2 6 5 3 0 3 7 4 8 5 4
M[287] : 5 3 5 4 5 2 4 2 3 2 4 0 2 4 6 5 6 5 4 4 3 4 0 6 5 5 6 6 6 4 4 5 5 4 7
M[288] : 4 5 5 2 3 3 5 4 0 6 5 3 5 5 4 4 4 3 4 3 3 5 5 4 4 1 2 5 2 4 2 5 5 4 4
M[289] : 1 3 4 4 3 0 4 5 4 6 3 4 6 6 5 3 3 3 3 2 7 4 5 4 7 6 5 5 4 4 6 3 5 6 4
M[290] : 6 5 6 3 6 5 4 4 6 4 5 4 4 5 6 3 3 0 2 1 5 3 6 4 3 5 4 4 4 3 3 6 3 5 3
M[291] : 6 6 3 4 6 4 4 5 4 3 3 5 5 5 3 6 3 3 5 2 0 5 4 4 4 4 3 6 2 5 4 6 3 5 4
M[292] : 5 5 6 7 3 3 1 4 0 3 4 4 3 6 4 3 2 5 5 4 8 4 4 6 5 7 7 1 2 7 6 5 5 5 4
M[293] : 4 5 6 6 4 4 6 0 2 3 3 5 6 4 4 4 7 3 5 4 7 5 5 2 0 5 6 8 5 3 3 4 4 6 6
M[294] : 7 4 3 5 5 3 3 4 3 2 4 3 2 5 2 6 7 4 5 4 2 7 0 3 6 6 4 7 5 5 6 6 4 4 7
M[295] : 5 2 4 5 5 2 7 3 3 5 7 5 4 5 4 3 5 7 6 4 0 5 4 4 6 5 4 5 3 4 4 1 2 2 5
M[296] : 2 4 7 5 4 2 5 5 2 3 3 5 3 5 4 5 3 3 3 5 0 5 7 5 4 4 3 6 6 5 5 5 4 7 5
M[297] : 4 5 7 6 6 4 6 3 2 2 4 4 5 6 0 4 4 5 3 4 4 4 6 5 6 3 4 4 4 4 3 5 4 4 5
M[298] : 6 5 3 4 3 6 1 5 2 3 4 4 3 5 0 5 5 5 6 3 6 5 6 6 4 5 7 4 6 4 4 7 6 3 4
M[299] : 3 3 3 5 6 2 2 5 6 5 5 8 5 1 4 4 6 4 4 5 6 7 6 4 5 4 3 5 5 6 4 5 6 4 0

