 Execution de l'algoritme BITS sur le fichier flat300_28_0
=====================================================================
 Partitions  : 
Vk[0] : 115 48 213 34 47 227 219 106 205 -->  9 éléments.
Vk[1] : 252 280 290 236 198 217 136 36 -->  8 éléments.
Vk[2] : 66 189 140 275 63 199 293 105 4 -->  9 éléments.
Vk[3] : 33 14 183 141 224 144 185 9 -->  8 éléments.
Vk[4] : 89 295 283 65 126 168 13 179 -->  8 éléments.
Vk[5] : 277 181 96 146 50 23 132 192 -->  8 éléments.
Vk[6] : 91 98 176 287 6 88 240 3 118 -->  9 éléments.
Vk[7] : 119 246 29 55 230 28 239 84 233 -->  9 éléments.
Vk[8] : 286 77 147 223 72 207 291 294 24 -->  9 éléments.
Vk[9] : 110 298 234 292 42 102 86 143 255 -->  9 éléments.
Vk[10] : 237 190 107 202 162 296 160 74 -->  8 éléments.
Vk[11] : 142 244 52 35 32 195 41 133 87 -->  9 éléments.
Vk[12] : 67 8 79 152 157 131 59 148 -->  8 éléments.
Vk[13] : 37 243 214 218 216 182 90 62 -->  8 éléments.
Vk[14] : 120 248 226 276 22 174 25 266 -->  8 éléments.
Vk[15] : 171 158 127 18 16 201 263 43 159 -->  9 éléments.
Vk[16] : 256 54 269 19 238 261 39 231 70 -->  9 éléments.
Vk[17] : 288 103 78 167 104 272 161 193 191 -->  9 éléments.
Vk[18] : 75 125 194 73 154 155 20 51 -->  8 éléments.
Vk[19] : 82 228 259 150 0 138 60 30 -->  8 éléments.
Vk[20] : 180 232 212 242 93 53 26 145 44 -->  9 éléments.
Vk[21] : 221 10 222 71 284 31 279 121 215 -->  9 éléments.
Vk[22] : 94 100 163 117 109 297 169 130 299 -->  9 éléments.
Vk[23] : 166 273 203 101 257 27 186 112 -->  8 éléments.
Vk[24] : 80 235 188 253 38 274 114 81 270 -->  9 éléments.
Vk[25] : 260 139 69 40 208 134 172 264 285 -->  9 éléments.
Vk[26] : 68 61 76 204 278 85 225 135 -->  8 éléments.
Vk[27] : 123 124 210 56 12 229 197 1 262 -->  9 éléments.
Vk[28] : 156 165 258 251 99 254 5 249 281 -->  9 éléments.
Vk[29] : 282 7 247 241 187 64 220 268 -->  8 éléments.
Vk[30] : 271 206 113 209 17 137 95 111 178 -->  9 éléments.
Vk[31] : 97 164 175 250 196 116 45 108 -->  8 éléments.
Vk[32] : 149 15 184 58 173 211 289 46 128 -->  9 éléments.
Vk[33] : 151 170 153 200 11 92 2 49 265 -->  9 éléments.
Vk[34] : 177 21 267 245 122 57 83 129 -->  8 éléments.
Matrice M
M[0] : 5 3 3 3 2 5 4 6 4 3 5 1 4 1 2 5 4 5 4 0 2 4 5 6 7 3 6 7 2 3 6 3 4 8 3
M[1] : 7 3 5 4 4 0 6 5 6 4 3 2 3 5 4 6 1 5 4 7 2 5 4 7 6 3 5 0 4 4 3 4 6 4 1
M[2] : 4 4 3 2 5 2 5 5 4 5 6 3 4 6 6 3 5 4 5 2 2 3 6 2 6 6 3 3 3 4 8 6 5 0 3
M[3] : 2 3 1 5 2 3 0 6 6 7 4 4 6 5 6 5 6 6 3 4 3 7 3 2 6 4 6 5 5 3 7 6 4 4 6
M[4] : 6 3 0 4 6 6 5 5 3 4 5 3 2 1 4 3 2 4 5 5 4 6 4 4 4 4 1 3 4 5 5 5 3 8 4
M[5] : 5 2 6 5 3 6 6 9 8 6 2 4 5 4 4 3 5 3 3 5 6 3 5 4 6 5 4 4 0 5 4 4 1 4 4
M[6] : 3 4 4 4 5 2 0 5 5 6 2 5 5 1 6 5 4 8 2 4 5 3 7 4 6 4 5 2 4 4 5 5 4 6 3
M[7] : 6 3 5 3 4 5 4 4 6 4 4 3 3 6 2 4 5 6 2 3 4 4 4 5 2 5 5 5 2 0 5 6 3 4 5
M[8] : 5 6 6 3 3 2 5 7 5 4 4 7 0 7 3 4 5 4 4 6 4 3 5 4 4 3 4 3 6 4 6 4 1 7 4
M[9] : 4 5 3 0 0 5 5 4 3 4 7 4 4 5 5 4 4 5 3 3 5 4 4 1 7 3 5 4 3 4 8 5 4 5 4
M[10] : 6 4 5 4 2 6 6 7 3 4 7 3 3 4 6 4 2 3 3 3 5 0 4 6 7 3 6 8 4 5 4 3 5 1 3
M[11] : 6 2 3 6 4 6 6 5 7 3 6 4 4 3 1 4 5 4 5 4 6 5 2 4 4 5 6 3 7 5 4 4 4 0 3
M[12] : 3 4 5 4 5 5 3 5 3 6 2 6 4 5 3 5 5 3 4 6 3 4 7 7 5 4 4 0 4 5 2 3 3 4 3
M[13] : 4 4 1 4 0 8 5 1 3 5 5 5 4 6 4 5 5 6 7 4 6 6 5 3 5 4 3 3 3 2 7 6 5 3 5
M[14] : 7 4 6 0 4 4 3 5 6 3 6 5 4 5 6 6 3 6 4 4 6 3 6 2 4 4 3 7 3 4 4 4 4 2 5
M[15] : 5 4 6 3 2 5 8 9 6 5 4 4 4 5 4 7 5 3 6 6 7 6 6 4 4 2 3 4 5 4 3 3 0 3 5
M[16] : 5 7 3 2 5 4 6 5 6 6 5 5 5 5 4 0 5 4 5 6 2 5 3 6 3 2 3 4 7 3 4 3 4 2 3
M[17] : 5 3 2 6 6 5 6 4 5 4 3 6 6 5 4 2 5 4 3 5 3 4 3 4 4 4 5 3 4 3 0 5 3 5 6
M[18] : 4 2 3 5 4 3 6 5 4 2 4 7 5 5 5 0 4 4 4 6 4 4 3 6 4 1 3 3 6 4 4 5 4 4 4
M[19] : 4 4 5 6 3 7 4 3 3 6 5 6 4 6 2 5 0 6 3 3 5 3 3 4 4 6 5 3 5 3 5 2 5 6 3
M[20] : 3 3 3 5 5 5 4 5 4 3 1 7 7 5 1 3 4 5 0 4 6 4 4 5 5 2 5 5 1 2 4 4 6 4 6
M[21] : 6 6 5 5 3 7 5 4 4 4 4 5 3 3 4 4 4 4 3 3 7 5 3 4 4 6 5 2 3 5 5 3 4 7 0
M[22] : 6 4 6 4 5 4 4 5 1 3 5 6 5 3 0 6 5 4 4 5 6 4 6 4 5 2 3 2 6 6 6 3 7 4 3
M[23] : 6 5 6 2 4 0 4 6 5 4 5 5 4 2 5 4 8 5 5 1 2 5 2 3 5 6 2 2 5 6 3 4 3 4 7
M[24] : 2 6 4 4 4 5 5 4 0 4 5 3 3 4 4 6 3 3 4 4 6 4 3 5 2 4 1 5 5 4 4 6 7 3 4
M[25] : 6 2 6 4 2 4 3 7 5 6 7 6 4 3 0 3 3 3 2 6 6 6 3 4 2 6 1 3 6 5 2 3 5 6 3
M[26] : 4 2 4 3 3 4 5 4 5 5 6 4 3 4 5 3 3 3 4 3 0 1 3 6 3 4 6 4 3 3 3 3 6 6 3
M[27] : 5 4 6 4 2 6 1 6 7 6 3 7 5 3 2 6 5 5 3 3 5 6 7 0 2 4 3 6 5 3 4 5 4 6 5
M[28] : 4 4 5 4 4 6 2 0 5 6 2 4 5 4 5 5 5 4 4 2 2 3 5 4 5 4 6 3 5 2 3 3 7 4 4
M[29] : 3 3 5 4 5 5 5 0 6 4 3 2 2 4 4 2 3 4 3 4 5 7 5 4 3 5 6 3 4 4 5 4 6 5 6
M[30] : 5 5 3 2 4 5 2 3 4 3 3 4 5 3 6 6 7 2 2 0 4 5 4 3 5 3 3 4 5 7 4 4 6 5 2
M[31] : 4 4 4 4 3 5 6 5 3 4 4 5 2 5 4 4 4 4 4 3 3 0 2 4 8 5 6 4 4 4 4 4 4 4 3
M[32] : 3 6 0 4 2 4 3 4 4 4 5 0 4 4 5 4 4 4 2 3 6 4 6 6 6 3 7 5 5 3 7 3 4 4 3
M[33] : 4 3 7 0 6 3 6 1 6 4 6 5 5 3 5 3 2 6 5 3 5 7 3 2 4 4 4 6 5 5 4 5 2 5 3
M[34] : 0 4 6 4 3 5 6 4 4 4 4 4 2 1 5 5 7 5 4 3 2 1 6 4 5 4 3 5 5 5 5 2 7 5 5
M[35] : 3 3 6 3 6 4 3 5 4 4 3 0 4 6 3 6 5 6 5 3 5 6 3 3 5 4 3 5 5 3 2 4 4 6 6
M[36] : 4 0 4 4 3 6 5 4 4 5 4 5 3 6 3 4 3 4 5 2 4 3 4 5 4 4 5 6 6 2 5 4 5 6 5
M[37] : 7 5 3 5 2 3 3 5 3 4 4 2 4 0 4 6 3 3 6 3 6 3 6 5 3 4 5 5 3 3 5 4 6 4 3
M[38] : 6 3 4 2 4 4 3 5 4 6 6 5 5 3 5 3 7 8 2 4 4 7 6 4 0 3 3 5 6 3 4 3 1 5 4
M[39] : 5 4 4 3 3 4 2 3 5 7 3 6 4 3 7 7 0 4 3 4 5 6 4 6 2 2 3 5 4 4 5 6 5 2 2
M[40] : 6 5 4 5 3 3 3 5 6 5 4 4 5 1 6 3 5 6 1 3 6 6 5 4 4 0 5 6 4 4 6 2 4 3 4
M[41] : 6 4 5 5 3 3 6 5 5 3 4 0 3 6 5 3 6 3 5 2 2 7 5 0 3 3 5 3 4 3 6 3 5 5 3
M[42] : 0 4 7 1 4 2 6 3 8 0 2 2 3 2 5 3 5 7 5 4 5 5 2 3 2 7 4 4 6 4 6 5 4 5 5
M[43] : 3 5 5 4 6 4 4 5 5 5 2 5 4 5 5 0 5 4 5 3 3 4 4 4 3 6 4 5 4 1 5 7 6 5 4
M[44] : 2 2 3 4 4 6 3 6 5 3 6 2 4 6 5 6 5 5 5 4 0 3 3 4 3 2 5 4 5 4 3 7 2 5 5
M[45] : 7 5 3 4 5 5 5 5 1 5 6 3 3 5 3 6 5 5 4 4 6 3 3 2 4 4 5 2 4 6 3 0 5 6 4
M[46] : 4 3 8 4 3 3 2 5 5 4 4 4 4 3 8 5 5 3 4 5 3 6 6 5 6 3 4 5 7 2 3 3 0 3 5
M[47] : 0 4 4 2 3 5 4 5 4 2 4 3 4 3 3 5 3 6 1 5 6 7 5 2 5 7 5 4 5 5 7 4 6 4 6
M[48] : 0 5 4 3 3 3 4 4 2 4 6 6 3 5 4 6 4 5 5 3 1 5 5 6 5 5 5 4 5 6 4 5 4 5 4
M[49] : 4 4 5 4 3 1 5 2 3 7 5 4 5 3 2 2 5 3 5 4 5 4 6 4 2 4 3 4 6 4 5 2 5 0 6
M[50] : 5 2 4 4 5 0 6 7 3 3 5 5 2 3 4 5 2 6 6 2 6 4 6 3 6 5 5 4 4 3 5 5 3 3 1
M[51] : 4 7 6 3 4 6 3 5 2 4 5 4 5 4 4 4 3 4 0 5 3 5 4 4 5 5 7 5 6 2 6 4 3 5 5
M[52] : 5 4 5 4 7 2 6 3 6 3 6 0 5 3 5 2 5 2 6 4 3 4 2 3 5 3 8 6 5 6 3 5 3 4 5
M[53] : 4 4 4 5 4 5 3 0 4 3 4 3 3 3 4 5 5 5 5 4 0 6 4 6 5 8 5 3 7 4 4 5 5 5 2
M[54] : 6 3 2 1 3 3 6 5 5 5 6 7 4 3 3 4 0 3 5 3 5 3 6 4 6 4 3 2 3 4 3 4 5 4 4
M[55] : 3 4 3 5 3 5 3 0 3 3 3 6 4 5 5 5 5 5 2 3 3 3 5 4 5 6 6 5 5 3 6 4 4 6 4
M[56] : 7 4 3 3 3 2 3 3 4 6 4 6 4 4 3 4 4 4 6 4 5 4 3 4 7 5 2 0 7 2 3 1 6 5 6
M[57] : 6 4 4 2 6 6 5 4 5 3 2 3 4 4 2 5 5 4 4 2 4 3 4 7 6 3 2 5 6 3 6 2 7 4 0
M[58] : 4 6 4 4 3 4 4 5 4 5 4 3 3 4 3 4 2 7 4 1 4 3 5 2 5 5 3 6 6 7 5 4 0 5 3
M[59] : 1 5 6 4 5 4 3 3 7 3 3 4 0 4 4 5 6 4 5 6 3 4 4 5 7 2 2 5 6 4 5 4 6 5 5
M[60] : 6 3 7 7 4 1 5 5 5 3 5 3 6 3 6 6 2 3 4 0 3 5 6 4 3 6 6 5 4 1 4 4 5 4 4
M[61] : 5 6 4 6 6 5 2 6 4 3 5 6 3 3 5 2 4 5 6 8 5 4 7 4 5 6 0 4 4 4 3 6 6 5 4
M[62] : 2 3 3 3 5 0 4 5 6 3 4 6 6 0 2 6 1 4 4 4 5 5 4 4 3 4 5 7 4 5 8 4 5 4 5
M[63] : 5 5 0 4 2 3 2 3 7 5 4 3 5 5 4 4 4 4 2 7 3 4 3 2 7 6 5 7 6 4 3 5 7 6 3
M[64] : 4 5 3 5 2 4 7 4 5 3 5 3 5 5 7 5 4 3 5 4 2 3 6 3 2 4 3 4 4 0 6 6 4 6 4
M[65] : 3 5 6 5 0 5 6 5 8 5 4 5 4 5 2 3 5 3 5 4 6 3 6 3 6 6 6 5 4 3 1 5 1 6 5
M[66] : 4 4 0 3 5 4 4 2 4 3 5 3 4 6 2 3 5 7 5 6 7 6 5 4 5 2 6 5 8 6 3 5 4 5 3
M[67] : 3 4 3 3 4 4 6 4 7 3 3 4 0 3 6 4 5 6 5 4 4 3 7 5 6 5 5 5 3 5 5 4 4 3 2
M[68] : 7 3 5 2 1 2 6 5 4 7 5 6 6 2 3 5 7 5 6 3 5 3 3 3 5 5 0 5 6 4 6 5 4 5 4
M[69] : 6 5 5 4 5 5 7 6 5 7 3 2 6 4 4 6 5 6 2 5 2 3 5 5 2 0 2 5 5 4 5 2 5 5 3
M[70] : 3 2 5 4 6 5 2 6 5 5 4 3 5 3 4 2 0 3 4 3 5 6 5 3 5 5 4 5 3 0 2 4 5 3 2
M[71] : 6 3 5 1 2 4 4 7 7 2 3 4 3 2 6 5 3 4 5 3 4 0 4 2 6 5 3 3 5 1 8 5 3 5 4
M[72] : 2 4 6 5 5 4 5 5 0 6 4 6 2 6 3 5 6 4 2 3 7 3 4 4 6 3 3 4 2 4 7 7 5 5 3
M[73] : 4 0 3 4 3 5 4 2 5 6 6 5 6 6 2 5 7 4 0 3 6 4 6 4 4 5 5 2 2 5 7 6 7 4 4
M[74] : 3 4 5 3 5 6 5 2 5 4 0 3 7 4 4 4 4 8 5 1 5 5 0 5 6 4 4 3 7 5 3 6 5 5 4
M[75] : 4 5 4 3 2 7 6 5 6 4 4 1 5 4 3 6 3 3 0 4 8 6 5 3 4 6 4 4 6 4 8 3 3 4 2
M[76] : 3 4 6 2 2 4 2 5 4 6 3 5 5 5 3 5 4 4 3 4 4 6 7 2 4 7 0 5 6 2 7 4 3 3 4
M[77] : 4 3 4 6 2 4 7 6 0 6 5 4 7 3 4 6 6 4 2 7 3 8 5 5 4 6 3 6 4 4 4 1 3 2 4
M[78] : 5 5 7 3 6 3 7 4 4 6 3 3 6 1 3 2 2 0 4 4 4 4 6 2 6 5 5 3 4 2 6 5 5 2 4
M[79] : 5 3 5 3 5 3 6 1 5 4 5 5 0 5 2 5 6 6 5 4 8 5 5 2 3 6 3 4 3 3 5 1 6 3 4
M[80] : 6 2 3 2 1 7 6 3 3 4 6 6 3 2 4 7 4 4 4 5 2 5 4 3 0 4 4 6 7 4 6 5 5 4 3
M[81] : 5 5 2 6 3 5 7 4 5 4 2 4 4 3 3 2 5 3 3 4 3 4 2 3 0 6 1 5 5 3 6 5 4 5 2
M[82] : 6 4 4 4 3 4 5 4 5 4 4 4 6 4 4 5 5 3 3 0 3 3 6 5 6 5 1 7 4 3 5 5 6 5 3
M[83] : 6 6 3 3 4 2 3 6 3 2 3 7 5 7 2 5 4 5 5 6 4 3 5 4 5 4 3 6 3 6 2 3 6 5 0
M[84] : 5 2 1 3 3 8 5 0 4 3 4 5 4 3 2 6 2 6 3 5 4 3 3 5 7 5 1 4 4 3 2 5 3 5 4
M[85] : 5 4 6 5 5 5 5 4 5 4 6 6 5 3 2 5 5 5 2 4 5 5 5 1 7 3 0 2 5 3 3 5 4 7 1
M[86] : 5 5 3 6 5 3 4 6 6 0 2 4 2 2 5 3 5 6 5 5 4 6 5 4 7 5 6 6 3 4 4 5 3 7 5
M[87] : 4 1 1 2 7 6 6 3 5 3 2 0 4 4 4 6 6 5 7 4 4 4 6 4 6 5 3 5 3 1 3 4 5 6 6
M[88] : 7 4 4 5 5 3 0 6 6 6 4 7 2 4 2 4 5 3 4 5 5 6 4 5 6 5 2 4 6 2 6 6 4 6 4
M[89] : 3 1 3 5 0 2 1 7 5 7 4 5 6 3 4 2 4 6 6 4 3 6 7 4 5 6 4 4 4 6 4 4 3 5 8
M[90] : 4 5 5 7 4 3 4 6 3 3 5 5 5 0 5 3 4 5 7 1 5 4 4 4 5 2 5 4 4 7 6 7 6 3 5
M[91] : 4 5 2 4 3 4 0 6 5 3 6 4 5 5 2 6 2 3 5 3 5 4 5 5 4 3 3 6 7 5 5 4 4 5 3
M[92] : 7 5 3 2 3 2 4 5 4 5 6 5 4 7 4 3 3 3 2 7 4 4 3 2 5 2 4 4 3 4 3 4 4 0 5
M[93] : 5 4 8 5 5 4 4 5 4 5 3 5 3 4 3 3 6 6 3 2 0 4 5 4 4 4 3 1 6 5 4 7 2 3 4
M[94] : 2 3 3 5 4 1 3 3 3 3 5 5 4 2 4 5 6 4 3 4 4 4 0 4 5 3 5 6 6 4 7 1 8 4 6
M[95] : 4 4 4 4 6 4 6 7 5 7 2 3 5 6 4 3 3 2 4 5 4 2 5 4 4 5 6 3 5 5 0 3 7 7 3
M[96] : 5 4 4 4 5 0 3 6 4 6 5 5 3 3 4 6 3 5 4 5 5 6 3 3 5 3 3 4 7 3 5 2 6 2 3
M[97] : 2 2 4 3 4 4 3 6 5 7 4 1 2 5 3 8 4 3 3 3 4 5 7 4 5 6 5 4 6 3 2 0 3 4 2
M[98] : 4 4 5 3 4 2 0 4 8 5 3 4 4 4 3 3 5 5 6 3 6 5 5 4 2 6 2 6 2 6 4 4 5 4 3
M[99] : 2 8 6 2 3 4 3 2 2 6 4 2 5 1 4 6 2 4 6 1 6 4 5 5 3 3 7 4 0 5 4 4 5 4 3
M[100] : 2 4 4 2 4 1 5 6 6 3 5 3 3 5 6 4 3 4 4 5 5 5 0 5 6 2 5 6 7 4 3 4 5 4 3
M[101] : 4 3 3 3 4 2 5 4 3 3 3 4 2 4 2 6 5 2 3 6 4 1 7 0 5 5 2 3 4 6 6 3 4 4 6
M[102] : 4 4 3 3 5 4 7 3 2 0 3 3 2 5 4 4 4 4 2 3 2 0 3 5 7 6 3 6 6 4 4 7 6 4 4
M[103] : 2 2 6 3 5 5 4 5 5 6 6 5 3 3 4 4 1 0 5 5 3 4 4 3 5 6 4 3 6 2 1 6 2 3 3
M[104] : 5 5 5 4 4 4 4 4 6 5 6 5 3 4 3 5 3 0 5 3 8 4 4 3 4 6 5 5 4 3 4 4 4 4 4
M[105] : 6 5 0 6 4 2 4 3 2 5 4 3 6 3 5 4 3 6 4 4 6 3 6 3 3 4 6 3 3 5 2 3 5 2 3
M[106] : 0 5 4 2 3 5 4 7 8 4 7 3 5 4 5 5 2 4 1 3 6 6 3 5 5 5 6 5 3 5 6 1 2 6 5
M[107] : 8 6 6 4 3 3 2 3 6 3 0 4 5 5 6 4 4 6 3 6 4 3 3 2 3 4 4 6 6 4 3 3 5 6 2
M[108] : 3 3 6 4 5 6 6 3 3 5 6 3 1 2 3 7 5 4 4 4 7 4 2 8 3 4 4 7 8 4 4 0 4 5 3
M[109] : 5 6 4 6 7 1 5 5 2 5 3 5 4 4 3 4 3 6 5 6 5 5 0 5 5 3 4 4 3 4 5 4 6 6 2
M[110] : 1 5 3 4 7 3 5 6 4 0 7 2 2 5 6 4 4 6 0 2 6 5 3 2 5 6 4 5 2 3 5 5 2 5 4
M[111] : 3 3 6 2 1 2 5 3 8 8 6 3 4 3 2 4 6 4 4 2 2 6 5 2 2 4 3 3 3 4 0 3 7 4 5
M[112] : 5 4 3 1 2 2 4 4 5 5 4 3 6 3 3 3 5 6 5 6 6 5 6 0 6 4 5 7 7 5 5 6 5 1 4
M[113] : 4 3 4 6 6 5 5 6 3 3 4 2 1 4 5 6 4 3 4 7 4 4 4 2 5 5 3 6 5 4 0 5 3 6 3
M[114] : 5 2 5 5 5 4 3 5 6 4 3 8 3 3 4 4 5 7 3 4 4 5 6 3 0 5 6 7 5 4 2 2 5 5 4
M[115] : 0 4 3 3 3 2 2 3 6 5 5 5 4 6 5 7 3 7 7 5 4 4 5 5 5 6 5 7 2 6 3 2 3 7 4
M[116] : 5 2 5 5 6 0 5 4 5 5 4 5 2 5 6 3 4 3 4 4 2 4 3 2 4 3 5 5 4 6 6 0 3 4 4
M[117] : 5 6 5 5 3 4 7 3 5 6 2 4 4 4 3 6 4 3 4 5 4 6 0 3 4 6 4 5 4 4 4 4 6 4 3
M[118] : 5 3 5 2 2 4 0 4 7 6 3 5 3 3 3 8 3 5 2 8 4 7 7 4 6 4 2 4 5 5 6 3 5 6 3
M[119] : 6 1 6 5 4 4 4 0 3 7 3 3 4 5 6 3 3 5 1 4 6 4 4 3 6 4 5 7 6 4 4 5 7 5 5
M[120] : 4 3 6 5 4 2 4 6 5 5 3 7 5 1 0 3 3 6 4 3 4 5 5 2 4 7 4 4 4 4 4 3 7 3 4
M[121] : 6 3 3 4 5 3 5 5 3 5 3 4 4 4 1 5 4 4 3 6 4 0 4 3 3 5 5 6 2 3 3 4 3 6 4
M[122] : 2 6 3 5 7 6 4 7 4 2 2 6 6 3 6 5 6 4 5 5 6 3 5 2 4 5 3 4 5 6 6 4 3 5 0
M[123] : 3 4 4 4 3 3 4 6 8 6 3 7 4 5 1 6 8 4 1 6 3 6 6 5 4 2 2 0 5 4 6 5 5 3 4
M[124] : 6 6 5 4 6 3 5 4 5 5 6 3 4 5 2 4 4 3 5 5 5 6 6 5 7 6 6 0 5 2 4 5 2 1 4
M[125] : 4 5 4 3 6 4 5 8 4 6 3 5 5 6 5 5 4 7 0 2 5 4 4 4 3 4 3 3 4 3 2 4 5 4 5
M[126] : 5 5 5 3 0 7 2 5 3 5 4 6 3 3 4 7 5 6 2 1 2 1 5 5 6 3 4 6 3 5 6 1 3 4 4
M[127] : 3 3 4 4 3 5 8 6 7 6 6 3 5 2 2 0 4 1 5 3 4 5 4 6 3 5 4 8 4 4 5 6 5 4 2
M[128] : 4 4 4 5 3 3 7 5 3 6 5 4 5 2 4 6 4 4 2 4 1 4 3 1 3 4 6 4 3 1 5 5 0 4 6
M[129] : 5 3 2 3 6 6 3 6 5 4 3 6 2 3 3 5 1 3 6 1 3 6 3 5 5 5 6 7 5 5 5 4 6 5 0
M[130] : 7 5 6 5 3 5 3 5 6 3 1 5 3 4 3 3 7 4 6 2 5 2 0 6 4 3 3 4 5 3 2 4 8 2 3
M[131] : 4 2 6 3 4 4 4 3 3 3 4 6 0 4 4 4 5 4 4 7 1 3 4 6 6 7 5 6 3 4 6 4 5 3 2
M[132] : 7 2 3 4 3 0 3 5 4 6 5 5 5 2 2 3 3 4 6 5 7 5 4 3 5 3 3 4 4 5 7 5 3 5 6
M[133] : 4 2 4 4 2 5 5 3 2 5 2 0 6 4 7 7 4 3 5 4 3 2 6 4 4 4 3 4 7 5 5 3 7 5 4
M[134] : 5 4 5 5 4 4 5 4 4 3 4 4 3 4 1 6 4 5 4 4 7 4 2 3 4 0 6 2 4 4 5 5 3 3 1
M[135] : 4 5 2 0 3 2 5 4 3 5 5 3 5 6 1 5 5 6 5 4 7 5 4 5 4 4 0 7 3 3 4 4 4 5 5
M[136] : 3 0 5 3 4 3 2 4 5 4 4 5 3 6 2 5 3 5 4 5 3 3 5 4 3 4 6 5 8 4 6 3 4 6 5
M[137] : 7 5 4 6 5 5 3 6 3 3 6 3 2 4 6 6 4 6 4 3 6 7 5 4 5 5 2 2 6 3 0 0 4 3 4
M[138] : 5 5 3 5 4 3 6 4 2 5 6 6 4 2 3 5 5 4 5 0 2 4 4 5 6 4 5 5 5 1 7 6 4 3 3
M[139] : 5 2 4 3 4 4 6 4 5 6 5 3 3 3 3 5 6 4 5 1 5 6 4 4 4 0 4 6 5 3 4 5 3 1 2
M[140] : 4 3 0 4 4 2 4 4 7 4 5 3 4 3 2 4 5 7 4 4 2 4 6 6 3 6 3 5 5 2 7 3 8 1 3
M[141] : 5 5 4 0 5 2 0 7 1 6 6 4 4 3 5 3 5 3 2 5 1 3 4 4 6 5 3 5 6 4 4 3 4 7 1
M[142] : 5 6 4 4 5 5 6 4 5 5 3 0 4 4 4 3 7 2 3 4 3 2 6 4 4 5 6 7 3 4 1 2 4 3 6
M[143] : 4 2 7 5 3 5 6 5 2 0 3 5 2 3 4 5 4 3 5 2 1 7 6 3 4 4 4 6 4 6 7 4 4 6 1
M[144] : 5 4 6 0 5 3 5 4 5 1 3 4 3 4 4 5 3 4 5 4 9 4 3 6 4 6 3 4 5 3 5 6 6 3 4
M[145] : 4 4 4 6 5 3 3 4 5 5 2 4 2 3 4 3 6 4 5 1 0 7 3 5 4 6 3 6 6 4 5 6 5 5 6
M[146] : 4 3 3 5 4 0 3 8 5 6 4 5 2 3 3 4 7 5 6 4 4 6 4 2 2 6 1 4 3 6 3 3 6 4 5
M[147] : 3 2 4 4 3 7 7 4 0 4 6 5 5 4 4 6 2 6 5 2 4 5 7 6 3 6 4 5 4 5 6 2 7 2 5
M[148] : 4 4 4 7 6 5 2 6 3 2 3 1 0 4 4 5 4 1 5 5 2 4 3 3 3 4 3 5 3 2 5 4 5 6 3
M[149] : 5 3 6 4 1 4 2 5 7 4 4 6 4 6 5 5 4 6 6 7 4 4 5 2 4 6 4 5 4 4 4 3 0 7 2
M[150] : 2 5 8 4 0 6 4 5 7 4 4 5 5 5 3 3 3 4 6 0 5 7 4 6 3 3 4 3 4 4 5 4 6 5 4
M[151] : 5 2 3 7 3 4 5 6 4 3 4 8 3 2 4 3 4 4 5 4 5 2 6 5 4 2 5 6 6 5 4 5 4 0 6
M[152] : 3 3 5 1 3 3 6 6 5 3 3 6 0 4 5 4 5 5 3 4 7 5 3 4 2 5 5 2 6 4 4 3 4 4 5
M[153] : 3 5 4 3 4 5 5 3 4 8 4 4 4 4 4 7 3 1 1 5 3 4 6 4 4 4 2 4 3 3 7 5 5 0 2
M[154] : 5 6 5 4 4 4 4 3 3 3 5 4 2 5 3 5 4 6 0 4 4 4 5 4 5 4 2 6 6 4 5 3 6 4 3
M[155] : 3 5 6 2 5 5 3 1 3 2 8 3 6 4 5 3 5 5 0 5 5 3 5 4 3 4 3 8 4 4 3 3 6 4 5
M[156] : 4 2 3 4 2 5 4 5 6 3 3 6 1 3 5 6 4 9 4 3 7 3 6 3 7 3 6 4 0 6 6 3 5 6 5
M[157] : 7 3 5 4 6 2 4 4 4 5 6 3 0 6 3 4 4 5 6 5 6 6 5 5 7 5 4 3 4 2 2 4 5 4 4
M[158] : 5 5 5 3 3 5 4 3 4 5 5 5 1 7 6 0 5 4 2 4 3 5 3 3 3 3 7 3 4 2 4 5 5 5 7
M[159] : 6 5 4 3 2 5 6 3 3 3 4 3 5 5 5 0 4 3 4 4 4 4 6 2 6 6 4 5 5 1 6 4 4 4 4
M[160] : 3 1 6 6 4 3 4 4 4 4 0 4 2 5 2 4 6 5 6 6 4 4 3 5 5 6 5 6 5 5 4 3 6 6 3
M[161] : 5 4 5 3 5 5 7 4 4 5 7 3 2 3 4 5 5 0 4 1 3 2 5 6 6 2 6 4 6 5 4 2 4 3 6
M[162] : 4 3 6 5 4 4 4 3 5 6 0 3 4 3 1 4 4 7 3 4 7 3 6 3 5 7 6 5 2 2 4 5 5 6 1
M[163] : 5 4 4 6 6 4 5 6 5 4 5 4 4 5 3 5 3 5 5 2 4 5 0 7 6 4 5 6 3 4 4 4 2 3 3
M[164] : 3 5 7 5 4 2 5 5 3 3 4 5 5 4 2 4 7 4 3 2 8 4 6 4 5 1 2 4 5 5 6 0 3 5 4
M[165] : 5 5 6 5 6 3 4 6 5 3 3 3 5 0 3 4 4 4 3 2 4 2 4 5 4 6 7 4 0 1 6 2 5 7 4
M[166] : 4 6 4 5 3 3 5 3 3 4 5 4 3 3 3 7 3 4 6 4 6 3 5 0 3 2 1 6 5 2 4 4 4 5 4
M[167] : 4 5 5 3 7 7 4 7 4 5 4 4 6 2 8 3 5 0 6 4 4 4 6 4 6 4 3 4 6 4 3 2 5 8 3
M[168] : 2 4 7 3 0 3 5 5 5 5 5 3 4 6 5 3 5 8 4 2 4 7 4 3 5 4 2 5 3 2 2 4 2 4 6
M[169] : 5 3 6 2 3 5 6 2 6 7 2 4 5 4 2 2 4 2 6 6 5 4 0 1 2 7 5 7 4 4 5 5 4 5 3
M[170] : 4 3 3 4 4 5 4 3 4 4 3 5 4 3 5 3 4 4 3 4 5 6 4 5 4 5 6 6 4 3 3 3 6 0 5
M[171] : 5 2 3 6 2 2 4 5 6 5 5 7 4 4 3 0 5 5 3 4 4 2 5 7 7 4 4 5 5 5 4 6 6 3 4
M[172] : 5 3 4 2 2 4 5 5 4 6 7 5 4 3 7 5 2 6 5 5 3 4 3 2 4 0 4 4 5 6 3 2 3 4 5
M[173] : 4 6 5 3 4 3 8 4 5 2 3 2 3 5 4 5 5 6 2 6 5 4 5 5 3 4 3 4 4 3 6 4 0 6 4
M[174] : 5 2 3 4 4 3 2 4 6 4 4 5 4 3 0 4 7 6 6 5 4 6 4 4 6 4 5 4 5 4 2 5 4 4 3
M[175] : 4 5 6 4 2 3 6 5 4 7 2 7 3 4 2 7 3 3 5 5 6 3 5 4 4 6 2 5 6 3 7 0 6 4 3
M[176] : 4 3 7 4 5 3 0 4 5 6 4 6 4 3 6 6 3 5 3 3 3 5 3 6 6 4 5 3 4 6 5 3 5 3 4
M[177] : 3 4 8 6 5 3 4 4 4 8 5 4 3 6 5 6 2 4 3 2 5 4 4 1 4 6 3 2 4 4 4 6 4 6 0
M[178] : 5 4 4 3 1 3 6 2 3 7 3 4 5 5 4 3 4 1 5 5 3 5 6 5 1 3 3 3 7 3 0 4 4 3 3
M[179] : 4 3 5 3 0 5 5 6 5 2 4 4 5 5 5 4 4 3 6 4 5 6 4 3 6 1 3 5 5 4 4 6 4 4 5
M[180] : 2 3 5 5 3 3 7 4 5 3 4 5 5 4 2 5 4 4 5 6 0 3 7 8 2 4 3 5 8 4 5 4 6 4 5
M[181] : 5 6 4 1 6 0 5 6 5 3 3 3 3 4 3 5 5 2 5 5 5 4 2 3 7 3 3 4 4 4 4 4 3 3 7
M[182] : 4 5 5 3 3 5 3 7 4 6 2 6 6 0 3 5 2 3 5 6 3 5 3 5 3 5 4 7 3 7 4 4 5 3 4
M[183] : 6 4 5 0 4 2 6 5 7 2 3 6 3 5 4 2 4 2 2 6 5 3 7 5 8 1 5 3 4 5 6 4 4 4 6
M[184] : 5 4 4 4 2 3 5 5 7 5 3 5 4 3 7 6 5 5 5 3 4 3 6 6 4 4 3 6 5 5 5 3 0 4 4
M[185] : 1 6 2 0 4 6 4 3 6 5 7 4 4 6 2 4 6 2 3 4 5 4 5 3 4 6 1 4 6 4 6 2 5 6 6
M[186] : 6 5 7 5 5 2 3 4 2 2 4 3 3 6 4 5 4 3 4 4 6 4 4 0 6 4 3 6 4 6 3 3 5 4 2
M[187] : 4 3 5 2 3 4 3 5 3 5 4 5 5 3 6 4 4 4 5 3 9 6 6 6 2 5 4 4 4 0 5 5 6 5 7
M[188] : 3 6 7 6 4 5 2 7 4 4 5 4 4 6 4 4 3 6 3 3 4 3 6 3 0 6 3 4 1 3 4 2 7 5 5
M[189] : 6 5 0 5 4 3 4 5 5 5 5 4 4 3 5 5 6 6 4 1 5 3 3 4 3 2 4 5 4 7 7 6 4 3 3
M[190] : 8 1 5 5 6 4 5 5 5 4 0 5 4 4 6 6 5 6 2 3 6 3 4 4 4 4 3 4 3 2 4 5 5 5 5
M[191] : 4 4 7 5 3 4 4 4 3 7 6 2 3 6 4 4 3 0 3 2 5 4 4 3 6 5 5 6 3 1 8 3 5 2 2
M[192] : 6 4 5 6 4 0 4 6 6 4 4 6 2 2 2 4 3 4 5 4 3 5 3 3 4 7 4 3 5 5 3 2 6 5 3
M[193] : 3 3 4 5 5 3 5 3 4 3 4 5 3 4 4 3 3 0 3 4 7 5 4 1 4 5 3 3 7 5 3 2 5 4 3
M[194] : 3 4 5 3 5 6 5 2 7 7 3 7 1 4 6 3 3 4 0 4 2 5 7 4 5 5 5 5 5 4 4 4 4 6 5
M[195] : 5 2 3 4 3 5 6 3 2 2 3 0 5 3 7 7 4 7 1 5 3 4 4 4 3 6 2 5 4 4 2 4 3 3 5
M[196] : 3 5 5 4 3 5 6 2 5 6 3 6 6 5 6 3 4 6 4 4 6 5 2 5 4 3 5 2 3 5 4 0 4 5 5
M[197] : 6 5 4 5 2 3 6 5 6 4 3 6 2 3 6 4 4 4 4 3 3 3 4 4 2 5 1 0 7 3 3 4 5 7 5
M[198] : 6 0 5 4 2 4 2 6 3 3 4 5 3 7 2 6 2 4 4 5 3 6 6 5 2 5 6 3 5 1 5 2 6 3 6
M[199] : 5 6 0 2 3 5 3 3 2 5 4 6 6 4 4 3 4 4 6 5 5 5 6 4 3 3 4 3 5 3 5 5 5 4 3
M[200] : 6 3 5 6 5 3 3 7 2 7 4 5 3 3 4 7 3 5 5 5 1 4 4 4 5 4 4 3 4 4 3 4 4 0 5
M[201] : 3 3 3 2 6 5 3 2 4 2 5 3 3 5 2 0 6 4 2 4 5 3 4 1 2 8 5 4 7 2 5 3 4 5 6
M[202] : 6 4 4 6 2 5 4 3 4 4 0 3 6 2 3 5 5 5 7 5 4 3 4 4 4 6 5 5 3 5 7 3 7 4 4
M[203] : 6 5 5 3 7 0 6 5 6 4 6 4 5 7 3 3 5 1 4 5 5 2 4 0 3 6 5 5 6 4 4 4 4 3 5
M[204] : 2 6 2 2 4 2 4 5 6 4 3 5 2 6 1 4 4 3 5 4 3 4 6 5 2 6 0 1 7 2 4 4 6 4 5
M[205] : 0 4 5 5 2 5 4 0 3 4 6 8 4 3 5 3 7 4 5 5 4 6 1 5 6 4 4 6 5 3 6 5 5 6 4
M[206] : 5 4 5 4 2 6 4 6 4 4 3 3 4 3 2 5 4 3 5 2 7 4 6 4 5 5 6 5 3 5 0 6 4 5 5
M[207] : 4 4 6 3 5 1 4 6 0 2 3 1 4 4 2 4 3 5 3 5 6 6 5 3 5 5 6 6 5 2 5 4 5 6 5
M[208] : 5 3 3 5 4 6 4 5 7 5 2 3 2 2 6 3 5 5 3 4 6 4 7 6 8 0 5 4 4 3 4 4 6 5 4
M[209] : 6 8 5 6 4 2 5 3 5 5 2 3 5 5 4 4 5 5 5 6 5 4 2 7 5 6 3 2 5 3 0 5 3 4 4
M[210] : 5 3 6 5 6 4 7 2 6 6 7 4 3 5 4 3 5 6 4 5 5 8 4 4 5 5 3 0 1 3 4 4 5 5 3
M[211] : 3 5 5 4 4 4 3 4 4 4 5 6 4 3 5 4 3 4 7 4 3 7 5 3 4 2 4 7 4 5 4 4 0 5 4
M[212] : 6 3 4 6 6 2 4 7 6 3 6 6 6 7 3 5 3 6 3 3 0 7 5 5 4 4 3 4 1 3 7 3 5 3 4
M[213] : 0 5 6 5 2 6 5 2 3 2 4 4 5 2 6 3 4 2 4 6 5 3 5 5 3 6 4 3 4 7 6 5 5 4 4
M[214] : 6 5 2 6 7 3 3 3 5 3 2 4 6 0 2 4 4 3 4 2 4 3 4 4 5 2 6 4 4 3 3 4 3 5 6
M[215] : 5 3 2 4 3 3 5 1 7 5 2 4 1 4 4 2 6 4 4 3 4 0 8 1 4 6 4 6 6 3 2 3 5 7 4
M[216] : 2 4 7 5 5 4 5 3 4 5 4 6 5 0 2 6 3 6 4 3 4 5 5 4 4 5 1 4 4 4 5 5 1 3 4
M[217] : 5 0 6 7 6 3 4 2 5 6 4 5 5 2 4 5 6 5 5 5 4 4 3 1 3 4 4 5 4 2 5 3 6 2 6
M[218] : 3 5 5 3 5 2 4 5 6 4 5 5 2 0 3 5 7 5 4 4 5 5 5 4 3 6 4 6 3 5 4 3 4 4 3
M[219] : 0 6 7 5 6 6 3 4 5 4 6 3 1 4 3 2 4 3 0 4 3 5 5 3 3 4 2 4 5 5 3 2 3 2 5
M[220] : 7 4 7 3 4 5 4 4 6 5 4 5 2 7 5 3 1 5 3 4 6 2 4 5 5 5 2 2 4 0 5 1 4 6 5
M[221] : 2 4 5 6 5 4 7 6 5 5 2 5 4 7 3 5 4 5 4 4 3 0 4 2 4 4 3 7 3 4 5 3 4 3 5
M[222] : 5 5 6 4 5 4 3 2 7 7 3 6 5 3 4 2 6 5 4 5 6 0 3 4 1 3 2 5 5 5 5 3 5 3 5
M[223] : 6 2 5 5 4 6 8 4 0 6 3 2 1 5 5 6 5 3 3 4 5 7 4 2 3 6 3 3 5 5 5 1 5 4 4
M[224] : 1 2 5 0 4 4 6 4 4 7 4 3 1 5 4 6 7 4 3 4 5 3 5 4 4 6 4 2 3 3 5 2 5 5 5
M[225] : 5 2 5 5 3 4 4 3 6 4 6 5 1 4 3 5 4 5 4 4 3 7 5 3 4 4 0 5 5 5 4 3 4 3 4
M[226] : 7 4 4 2 6 4 6 5 5 5 1 4 3 4 0 3 4 3 2 5 3 4 4 4 3 4 3 4 4 5 6 2 6 3 4
M[227] : 0 3 2 4 3 5 5 5 5 4 4 3 4 4 4 2 6 2 3 6 6 5 5 5 5 5 3 7 5 4 3 3 4 2 3
M[228] : 6 3 5 4 4 3 6 5 5 3 2 4 5 4 4 4 5 2 4 0 3 4 3 2 3 4 7 7 5 6 4 2 3 4 2
M[229] : 3 3 4 3 3 5 3 2 1 3 4 6 5 4 3 4 3 4 6 3 7 5 8 3 5 6 6 0 4 4 4 4 8 3 5
M[230] : 3 4 6 4 4 8 4 0 5 4 6 7 5 6 4 6 6 4 4 5 5 6 4 4 5 2 3 3 3 3 6 2 5 4 3
M[231] : 2 4 7 4 4 2 4 2 4 1 5 4 8 0 3 5 0 1 3 4 6 5 4 3 5 3 5 6 7 4 3 4 4 4 4
M[232] : 6 3 6 2 2 5 4 5 5 5 4 4 4 4 5 3 5 5 4 3 0 6 5 1 5 5 4 5 7 3 4 4 4 4 3
M[233] : 1 3 5 1 6 4 6 0 6 4 3 1 3 3 7 5 5 3 5 6 5 3 8 6 5 5 4 5 4 3 7 3 4 4 4
M[234] : 4 5 2 5 3 4 6 5 6 0 2 6 4 5 5 4 4 6 5 1 3 2 5 6 3 6 3 5 3 4 6 6 4 6 3
M[235] : 7 2 4 5 6 2 7 4 3 4 3 2 3 4 2 5 4 7 8 4 5 6 6 3 0 6 4 5 5 5 2 3 2 5 5
M[236] : 5 0 6 4 1 2 4 4 5 4 1 1 3 3 3 5 4 3 4 4 2 3 6 7 5 4 6 5 4 3 5 7 4 3 2
M[237] : 8 3 5 5 5 3 6 3 6 7 0 4 3 2 3 8 6 5 4 2 5 5 5 3 6 1 6 5 6 5 5 2 3 5 3
M[238] : 3 4 5 3 0 3 3 5 2 5 5 4 3 4 5 4 0 4 3 3 5 2 5 3 7 6 4 5 3 3 5 3 7 6 3
M[239] : 4 8 1 3 7 5 1 0 5 4 1 6 5 3 5 5 3 3 6 4 5 6 4 2 3 5 5 0 6 6 6 3 6 6 4
M[240] : 5 3 2 2 3 5 0 3 5 7 1 7 2 4 2 5 1 5 4 2 1 5 4 2 4 8 4 4 6 4 4 4 7 5 2
M[241] : 6 2 6 5 3 5 8 5 3 4 2 5 3 5 3 1 6 3 3 3 4 2 7 7 5 5 3 4 4 0 1 5 7 5 3
M[242] : 4 3 5 5 4 3 5 5 5 6 4 1 5 3 5 3 4 3 5 3 0 1 6 4 4 4 3 6 7 6 5 5 2 1 5
M[243] : 4 5 4 4 3 2 5 4 5 4 4 4 3 0 4 6 5 3 4 2 6 6 6 5 5 3 4 5 5 5 4 4 5 6 5
M[244] : 4 2 6 5 6 5 6 6 2 6 1 0 1 4 5 3 4 5 2 2 5 4 6 4 5 5 2 4 1 4 2 7 3 5 7
M[245] : 5 3 4 6 5 4 3 4 6 6 3 7 2 5 3 3 4 6 4 5 3 6 3 5 5 6 5 4 3 4 2 4 4 5 0
M[246] : 5 3 5 4 3 4 9 0 5 4 2 2 2 5 4 4 5 6 3 6 5 7 4 4 5 4 2 5 5 4 5 5 5 4 3
M[247] : 6 5 5 5 5 6 4 6 4 3 6 3 5 4 3 3 3 4 5 3 4 3 5 3 7 6 3 4 4 0 1 3 6 3 5
M[248] : 4 2 3 4 3 4 6 4 3 5 3 5 4 3 0 5 6 7 4 5 2 3 5 2 6 3 2 4 5 4 6 4 4 5 3
M[249] : 7 7 4 2 3 2 7 2 3 5 6 6 5 4 5 6 4 3 3 5 6 6 5 3 4 3 3 5 0 5 5 4 3 2 4
M[250] : 2 5 5 2 4 6 2 4 5 6 1 5 6 5 2 4 4 2 4 6 5 3 7 6 5 3 6 3 1 3 4 0 5 4 6
M[251] : 4 4 4 3 5 3 5 3 5 2 4 4 2 7 5 7 2 4 3 4 4 5 6 5 6 3 5 6 0 3 3 5 6 4 2
M[252] : 5 0 5 4 5 6 6 4 5 6 4 6 3 4 4 5 4 5 6 3 4 3 5 4 3 4 3 1 6 6 6 4 3 3 4
M[253] : 3 4 5 4 5 3 5 6 4 3 4 4 5 3 2 4 5 6 3 5 5 6 5 5 0 3 2 4 4 3 5 6 7 1 3
M[254] : 6 6 4 5 4 5 4 6 3 1 4 6 5 4 5 3 3 5 4 4 5 6 4 4 4 5 4 8 0 3 6 5 5 3 4
M[255] : 5 4 8 3 2 4 4 3 2 0 4 3 7 6 4 5 4 4 3 3 5 6 5 3 6 3 2 7 3 2 5 1 7 3 1
M[256] : 7 3 5 5 6 3 6 3 3 3 4 7 6 4 3 5 0 4 2 4 2 8 3 5 3 3 4 4 4 4 3 4 4 5 3
M[257] : 4 3 2 4 5 1 6 6 4 4 5 4 5 5 5 6 6 3 2 4 5 5 4 0 3 4 4 5 5 6 4 5 2 5 3
M[258] : 1 5 6 6 4 4 5 6 2 6 3 3 3 2 4 6 6 7 4 4 5 5 3 4 3 4 3 2 0 3 3 5 4 5 5
M[259] : 5 3 5 4 6 4 4 7 6 4 3 4 6 3 5 4 5 7 3 0 7 5 4 6 3 6 5 7 3 4 4 4 6 5 5
M[260] : 6 6 6 3 4 3 4 4 5 3 3 7 3 3 4 7 7 3 5 3 5 2 4 4 8 0 5 4 2 3 6 3 4 6 6
M[261] : 5 2 4 5 4 5 6 4 5 6 3 6 1 4 5 5 0 2 5 5 3 2 4 6 5 4 5 4 3 4 7 5 3 2 4
M[262] : 5 3 3 3 5 4 3 3 2 6 5 4 4 6 3 4 3 3 4 6 5 6 6 4 5 5 3 0 5 5 2 2 4 4 1
M[263] : 4 8 4 4 4 1 6 7 5 3 6 3 3 3 2 0 5 4 4 4 7 2 7 5 4 6 2 3 4 3 3 3 6 5 5
M[264] : 5 4 3 5 5 4 6 6 4 3 4 5 4 6 3 0 2 2 3 3 4 3 4 2 6 0 6 4 3 8 7 6 5 5 7
M[265] : 2 3 4 3 3 2 4 7 5 4 5 3 4 1 4 5 2 4 4 4 5 6 3 3 3 5 4 3 5 5 4 4 5 0 7
M[266] : 3 4 4 7 4 3 5 5 3 7 3 8 1 3 0 4 4 4 4 2 7 3 3 3 2 6 1 6 5 3 5 4 5 5 4
M[267] : 7 4 2 4 6 4 4 2 5 4 3 7 4 4 4 6 4 4 5 2 5 4 3 3 2 3 2 2 4 5 7 5 3 5 0
M[268] : 6 0 4 4 5 4 6 2 3 4 2 5 4 5 6 2 4 2 4 5 4 5 3 5 4 4 3 5 6 0 4 5 2 2 5
M[269] : 5 3 3 3 7 3 2 6 5 4 6 2 5 2 5 6 0 2 5 7 5 4 5 4 4 5 3 3 3 3 6 4 2 2 5
M[270] : 3 4 4 6 4 4 6 6 4 5 4 3 5 4 5 2 4 4 4 3 2 5 5 3 0 5 4 8 5 3 5 3 4 1 3
M[271] : 4 5 5 5 4 3 5 7 3 4 6 4 6 4 4 7 4 5 5 4 6 4 1 2 6 5 3 4 6 3 0 5 4 4 4
M[272] : 5 4 4 3 3 2 4 5 2 6 6 4 4 5 4 4 4 0 3 5 6 5 2 3 7 5 1 3 3 4 2 3 7 5 6
M[273] : 6 4 4 2 4 7 5 4 4 6 2 3 5 4 5 4 5 4 5 5 6 5 3 0 3 3 4 5 2 6 4 5 6 5 2
M[274] : 4 3 5 5 6 5 6 4 5 8 5 5 6 3 4 4 4 5 4 4 5 3 3 4 0 6 5 2 2 4 3 5 3 6 6
M[275] : 3 4 0 6 6 2 5 4 5 6 4 4 5 4 5 3 4 5 4 5 5 6 5 4 6 6 7 4 6 2 4 4 3 2 4
M[276] : 5 4 4 5 4 5 4 6 7 4 4 4 5 5 0 6 5 3 3 2 4 6 3 4 5 5 3 2 4 4 4 3 4 4 5
M[277] : 4 4 4 3 6 0 4 5 6 4 4 5 6 3 6 3 4 6 5 5 3 3 6 3 5 4 6 4 6 4 5 6 3 4 6
M[278] : 6 6 7 6 4 3 5 6 2 3 4 3 4 5 4 5 3 6 3 6 3 5 2 4 1 6 0 3 6 5 3 3 3 5 2
M[279] : 4 1 4 2 5 6 6 5 4 4 4 2 5 4 6 3 5 4 4 6 5 0 4 4 5 3 4 3 5 3 5 3 5 5 4
M[280] : 7 0 6 3 4 2 4 5 4 2 3 0 6 2 4 4 3 6 3 4 4 3 5 3 6 4 2 6 5 4 2 5 6 3 5
M[281] : 5 4 6 3 3 6 4 3 4 6 6 3 3 5 4 5 5 6 4 4 7 5 5 5 3 5 3 5 0 3 7 5 7 6 2
M[282] : 7 4 5 5 6 3 3 2 7 4 5 4 1 4 3 3 2 3 1 4 3 4 4 4 5 3 5 4 6 0 6 4 3 6 4
M[283] : 4 5 5 6 0 3 7 5 4 6 3 7 3 4 4 5 4 5 1 4 7 2 4 6 2 8 2 5 6 4 5 4 2 5 4
M[284] : 4 3 7 2 4 3 6 4 7 4 3 4 6 3 3 4 5 3 4 4 4 0 4 5 6 4 6 5 5 1 4 3 4 4 2
M[285] : 3 3 5 3 4 4 3 1 6 8 3 5 7 5 3 6 2 3 7 6 3 6 2 2 4 0 4 6 5 2 2 1 3 5 6
M[286] : 4 5 3 4 6 4 5 5 0 6 4 4 5 4 4 2 2 3 4 4 3 5 5 3 5 3 6 4 2 4 4 5 4 6 6
M[287] : 3 4 4 6 4 6 0 1 3 5 5 5 5 2 4 5 6 5 5 4 6 6 5 3 5 5 4 6 3 4 3 3 5 2 3
M[288] : 5 3 5 3 5 4 6 4 2 3 5 6 5 4 2 3 3 0 5 2 1 4 4 3 6 2 7 5 6 4 2 3 6 1 3
M[289] : 5 3 4 3 2 4 4 5 7 6 5 4 5 4 2 2 7 5 4 4 6 1 7 6 5 6 4 3 3 4 4 4 0 5 4
M[290] : 5 0 2 4 6 4 6 3 4 5 1 3 4 7 3 6 4 3 4 3 4 5 3 5 5 6 4 4 5 4 5 4 4 5 3
M[291] : 6 4 2 2 5 4 7 3 0 4 6 5 5 2 3 3 5 2 7 2 4 4 5 4 7 5 5 4 5 4 3 4 6 4 3
M[292] : 6 2 4 3 4 5 7 4 6 0 7 6 2 2 2 4 5 4 5 5 7 2 3 3 5 3 6 4 7 2 5 6 7 6 4
M[293] : 2 4 0 4 4 6 3 8 4 6 7 5 4 5 5 5 7 5 2 1 6 4 6 3 5 6 1 4 4 6 3 5 7 2 5
M[294] : 9 5 5 5 6 3 2 5 0 3 3 5 7 4 6 6 5 4 4 7 6 4 3 2 3 8 3 4 6 5 1 1 6 5 2
M[295] : 3 4 6 3 0 4 2 5 7 3 4 6 7 2 4 6 4 6 3 4 3 3 5 5 3 3 4 4 5 6 6 3 4 3 5
M[296] : 6 3 6 8 4 7 2 4 4 4 0 3 0 5 5 7 7 5 5 5 4 5 4 6 5 3 4 3 3 4 5 3 1 6 3
M[297] : 3 2 5 2 4 4 5 5 2 1 2 7 6 4 5 5 6 6 5 3 5 5 0 5 6 4 4 6 5 6 4 3 5 7 2
M[298] : 4 4 6 2 5 6 6 4 5 0 6 4 3 2 4 5 7 6 5 4 5 7 5 5 3 6 4 3 4 3 3 5 4 4 6
M[299] : 6 4 7 4 6 5 4 7 6 5 4 7 3 5 4 5 3 5 2 3 4 1 0 4 5 4 4 4 6 6 3 6 4 5 5

