 Execution de l'algoritme BITS sur le fichier flat300_28_0
=====================================================================
 Partitions  : 
Vk[0] : 147 227 80 236 70 187 265 126 213 -->  9 éléments.
Vk[1] : 145 174 111 285 136 114 103 17 -->  8 éléments.
Vk[2] : 220 256 255 263 295 75 250 196 -->  8 éléments.
Vk[3] : 122 11 140 41 37 235 127 202 226 -->  9 éléments.
Vk[4] : 74 181 137 43 107 215 6 109 7 -->  9 éléments.
Vk[5] : 32 264 286 36 40 208 105 66 84 -->  9 éléments.
Vk[6] : 192 16 115 52 100 59 207 146 190 -->  9 éléments.
Vk[7] : 205 55 201 239 119 94 158 79 -->  8 éléments.
Vk[8] : 234 160 280 120 53 129 57 131 -->  8 éléments.
Vk[9] : 273 85 45 25 83 262 278 175 76 -->  9 éléments.
Vk[10] : 298 198 86 143 292 297 152 179 -->  8 éléments.
Vk[11] : 225 30 4 95 197 293 199 171 44 -->  9 éléments.
Vk[12] : 299 186 33 42 155 35 290 46 -->  8 éléments.
Vk[13] : 5 206 15 167 243 218 113 0 -->  8 éléments.
Vk[14] : 65 221 284 108 266 130 237 248 241 -->  9 éléments.
Vk[15] : 238 82 159 156 31 168 219 254 128 -->  9 éléments.
Vk[16] : 212 217 268 123 184 203 232 216 166 -->  9 éléments.
Vk[17] : 178 257 28 116 29 21 288 287 -->  8 éléments.
Vk[18] : 47 10 49 62 78 195 90 261 39 -->  9 éléments.
Vk[19] : 185 194 81 93 240 230 48 180 -->  8 éléments.
Vk[20] : 139 142 2 20 92 246 134 191 170 -->  9 éléments.
Vk[21] : 151 296 157 67 223 229 291 209 -->  8 éléments.
Vk[22] : 38 224 182 154 281 233 14 68 -->  8 éléments.
Vk[23] : 22 164 135 69 162 87 204 258 -->  8 éléments.
Vk[24] : 289 260 61 271 249 23 176 251 110 -->  9 éléments.
Vk[25] : 34 73 51 270 283 173 244 24 153 -->  9 éléments.
Vk[26] : 144 18 252 106 63 102 117 193 50 -->  9 éléments.
Vk[27] : 56 282 183 26 9 172 277 12 -->  8 éléments.
Vk[28] : 3 294 163 88 58 275 267 245 -->  8 éléments.
Vk[29] : 242 132 77 141 149 211 169 118 214 -->  9 éléments.
Vk[30] : 188 98 274 133 253 279 222 121 -->  8 éléments.
Vk[31] : 138 125 259 60 99 189 161 165 72 -->  9 éléments.
Vk[32] : 210 177 91 228 19 150 27 13 148 -->  9 éléments.
Vk[33] : 1 269 124 8 71 276 54 97 272 -->  9 éléments.
Vk[34] : 112 96 89 101 64 231 200 247 104 -->  9 éléments.
Matrice M
M[0] : 3 3 3 6 5 2 5 4 2 7 3 3 2 0 4 3 5 4 4 4 5 5 4 3 4 4 5 4 1 5 4 3 6 7 6
M[1] : 5 4 4 6 1 6 6 3 4 3 2 4 5 3 5 8 6 5 5 5 4 3 6 1 2 3 3 3 3 6 3 7 5 0 3
M[2] : 3 5 4 5 5 5 7 3 4 5 6 3 2 4 5 6 4 7 4 4 0 2 5 4 3 5 4 3 3 5 1 3 4 6 4
M[3] : 3 4 6 5 4 3 6 2 5 6 4 2 2 6 6 2 5 4 8 5 4 4 4 7 5 5 7 3 0 4 4 5 6 5 4
M[4] : 7 5 4 3 6 2 2 2 4 6 3 0 6 4 5 4 2 5 3 8 5 2 3 2 2 5 4 3 4 4 4 7 7 2 5
M[5] : 4 3 4 6 3 3 5 4 3 6 5 6 5 0 4 5 5 6 2 4 4 6 4 3 5 6 6 5 5 7 3 6 3 3 4
M[6] : 3 3 4 6 0 3 3 5 2 4 5 5 2 3 6 5 5 5 4 4 7 6 3 4 7 4 7 5 4 3 3 6 3 3 5
M[7] : 4 7 5 3 0 6 5 5 3 5 1 5 2 6 1 5 4 4 6 3 1 6 4 5 2 4 4 4 3 6 5 4 4 4 5
M[8] : 5 4 5 4 4 6 4 5 4 3 5 5 6 5 2 3 5 3 6 3 4 4 6 6 6 3 5 1 5 5 4 5 5 0 6
M[9] : 5 4 5 6 6 4 6 5 4 4 3 7 3 2 7 3 3 5 3 3 3 4 2 4 4 4 5 0 5 4 6 3 4 2 5
M[10] : 5 6 4 3 7 4 8 3 3 6 5 5 4 3 4 4 5 7 0 5 2 5 4 4 4 4 3 5 4 6 3 2 5 3 4
M[11] : 4 3 7 0 6 4 6 4 3 4 5 4 4 5 2 4 2 3 3 5 2 4 6 5 4 4 4 5 4 5 6 7 6 4 6
M[12] : 4 3 3 5 4 3 5 4 4 3 6 4 7 5 2 4 7 3 7 4 5 4 5 4 5 2 4 0 4 3 2 3 7 1 8
M[13] : 1 6 6 6 6 3 7 3 4 4 3 1 6 5 6 3 7 3 7 4 4 3 3 4 6 4 6 3 4 6 4 6 0 4 4
M[14] : 2 6 2 4 5 5 3 5 4 5 5 5 4 4 4 4 5 3 4 4 6 6 0 5 1 5 6 4 6 5 4 7 5 5 4
M[15] : 5 3 5 4 5 6 8 7 6 2 4 4 4 0 6 6 2 5 6 5 3 3 5 3 5 4 6 3 5 4 8 5 7 1 5
M[16] : 5 5 5 6 3 3 0 3 5 3 6 5 5 5 5 6 5 3 4 5 3 4 3 3 5 4 5 2 4 2 3 9 3 6 4
M[17] : 5 0 3 6 5 3 3 5 4 5 5 3 1 3 2 5 4 4 7 7 3 2 8 5 5 4 1 4 3 5 4 5 6 5 5
M[18] : 5 3 2 6 3 0 6 4 0 6 4 3 5 6 5 4 4 3 3 4 3 6 5 6 3 3 0 4 3 4 4 7 6 4 7
M[19] : 1 6 1 4 6 4 4 4 2 2 6 6 5 8 4 5 6 3 5 4 5 5 6 6 4 3 4 4 5 3 4 5 0 3 4
M[20] : 4 5 3 8 2 3 4 3 3 5 5 4 4 2 5 4 6 6 4 4 0 6 3 3 3 3 3 3 5 6 3 3 8 3 4
M[21] : 2 7 3 2 6 4 6 7 4 4 4 6 3 3 2 4 5 0 7 5 5 5 3 4 4 3 5 7 3 5 4 4 3 6 4
M[22] : 6 3 4 5 3 3 6 4 2 5 4 6 6 5 5 8 6 4 5 4 2 4 5 0 3 2 4 4 4 5 3 7 6 3 6
M[23] : 6 4 6 3 5 8 3 4 3 8 3 4 2 5 5 5 2 3 5 4 4 3 4 1 0 2 5 4 4 4 5 4 7 4 6
M[24] : 1 7 6 3 7 3 7 1 5 3 2 6 4 3 6 4 5 4 3 2 4 2 5 3 4 0 7 5 4 5 2 6 4 4 3
M[25] : 3 4 2 5 6 6 1 6 4 0 2 6 5 4 3 2 6 7 5 2 4 5 3 3 5 4 5 4 4 5 3 5 4 5 5
M[26] : 3 1 4 5 3 4 5 3 1 6 5 3 2 5 4 3 7 3 3 2 7 2 2 5 6 5 5 0 3 5 5 3 3 4 4
M[27] : 6 3 5 3 1 4 8 5 4 4 4 7 3 4 4 6 5 4 6 2 6 6 3 6 5 5 7 4 4 2 5 5 0 5 3
M[28] : 5 3 3 5 2 5 7 2 3 7 6 5 5 4 2 5 2 0 3 3 5 1 4 5 7 4 5 4 3 6 2 6 4 3 4
M[29] : 3 3 2 5 4 4 3 1 6 6 6 3 1 4 6 7 4 0 7 3 7 3 6 3 4 4 2 5 6 4 3 6 3 4 5
M[30] : 4 4 6 4 3 2 7 5 3 6 4 0 4 4 4 7 3 2 7 3 2 3 2 3 5 6 5 6 1 7 5 1 2 4 4
M[31] : 5 3 2 7 6 4 5 5 2 6 4 2 5 4 1 0 5 2 5 6 6 2 6 5 5 2 3 2 3 2 4 5 6 5 5
M[32] : 4 6 2 1 5 0 2 5 4 6 4 3 6 4 5 5 8 5 4 4 2 5 4 4 5 3 3 4 4 4 3 3 4 4 6
M[33] : 5 3 3 6 6 6 3 2 4 2 3 5 0 4 7 6 4 3 2 5 5 6 4 5 3 4 4 3 5 3 4 5 6 7 4
M[34] : 3 1 4 5 7 5 5 3 5 7 3 3 5 5 4 4 4 6 3 3 6 3 6 3 5 0 2 2 6 3 3 5 2 6 7
M[35] : 3 2 2 5 4 3 5 3 4 5 5 5 0 4 5 4 4 5 5 7 3 3 4 2 7 4 4 4 5 3 6 5 8 3 5
M[36] : 6 2 5 2 7 0 6 3 5 5 2 7 5 4 4 4 5 7 5 4 4 3 3 6 7 3 4 3 5 3 4 4 2 4 3
M[37] : 3 4 5 0 6 2 4 4 4 4 4 5 4 4 4 4 8 5 5 5 5 3 5 7 4 1 7 2 3 2 3 2 3 5 4
M[38] : 6 7 3 4 4 6 3 5 5 5 3 4 3 3 8 6 5 3 3 3 4 5 0 4 5 5 4 1 4 4 4 5 3 6 4
M[39] : 4 5 4 5 3 3 4 3 4 4 5 5 3 4 7 5 5 4 0 4 6 5 4 3 5 5 3 3 4 3 3 5 4 5 3
M[40] : 7 4 2 3 4 0 4 5 6 7 4 3 5 3 4 5 4 5 3 5 5 4 3 4 4 2 8 0 4 5 6 4 2 8 4
M[41] : 5 5 5 0 4 3 5 5 2 6 5 4 4 5 3 6 3 5 5 5 5 5 4 1 4 2 1 6 4 6 3 4 3 3 3
M[42] : 4 5 3 2 4 5 0 5 5 3 2 5 0 4 3 4 5 1 4 3 5 5 5 5 5 5 4 2 7 6 3 7 6 5 3
M[43] : 4 7 6 2 0 2 5 3 2 4 3 5 6 5 7 4 8 5 4 4 5 2 4 5 8 6 3 3 5 3 2 2 6 4 5
M[44] : 5 2 5 3 6 5 2 5 3 8 5 0 3 4 6 3 2 4 3 3 4 5 3 5 6 4 4 4 2 2 3 7 6 5 4
M[45] : 6 4 2 6 6 2 2 5 6 0 3 5 4 5 4 4 3 6 3 3 5 2 4 6 6 6 3 5 4 5 3 4 3 4 7
M[46] : 5 4 4 7 4 6 4 5 6 5 3 6 0 2 5 5 5 5 2 2 3 4 6 6 3 5 5 3 3 3 4 5 4 3 5
M[47] : 3 6 5 5 4 4 3 5 3 4 3 5 1 5 3 5 7 3 0 2 6 5 2 4 7 4 6 5 5 7 4 4 4 5 4
M[48] : 4 5 3 4 5 3 3 4 5 7 5 4 4 3 3 4 5 3 6 0 6 3 5 3 6 6 2 2 4 5 4 4 6 7 5
M[49] : 4 5 5 6 5 4 3 4 4 3 4 5 4 5 4 3 3 3 0 2 2 3 1 6 5 3 4 4 6 6 3 4 5 3 5
M[50] : 5 4 3 4 3 7 4 5 1 2 4 5 2 6 7 3 2 3 4 3 4 4 6 7 4 5 0 3 3 5 7 5 4 3 5
M[51] : 3 2 3 5 7 5 7 3 7 4 5 5 3 6 2 3 5 5 6 5 5 7 4 4 4 0 3 5 4 3 7 3 4 4 3
M[52] : 6 3 5 4 3 5 0 6 4 6 3 5 3 2 6 6 3 4 4 6 3 6 5 5 4 4 5 5 6 4 4 1 3 4 5
M[53] : 2 5 7 6 4 4 4 4 0 5 4 4 3 3 7 4 6 1 2 2 6 6 5 7 4 4 6 4 4 4 5 3 2 4 5
M[54] : 5 3 3 4 4 5 3 7 4 6 2 3 3 6 6 1 7 5 4 4 4 4 4 5 5 5 4 1 4 3 3 4 3 0 3
M[55] : 4 3 4 6 3 5 5 0 3 6 4 9 3 5 5 6 5 3 3 4 3 5 5 2 5 4 5 2 4 3 4 3 2 5 6
M[56] : 4 5 2 7 3 4 5 5 5 3 4 3 2 4 4 5 3 4 6 3 7 4 5 4 4 5 4 0 3 5 6 6 1 2 4
M[57] : 6 4 4 4 4 6 5 5 0 1 5 3 5 7 6 2 4 5 6 2 1 5 1 2 6 3 3 4 5 6 4 5 3 5 5
M[58] : 5 3 5 5 7 2 6 5 4 7 4 3 2 4 3 4 6 3 3 4 5 3 5 3 3 5 5 4 0 3 6 5 3 2 4
M[59] : 6 4 5 5 7 5 0 1 5 2 3 4 4 5 3 6 6 5 6 2 3 5 2 2 4 4 5 4 4 6 5 7 5 6 3
M[60] : 3 3 4 5 5 4 4 3 3 7 5 6 3 4 3 5 3 5 4 5 4 5 5 5 4 5 6 3 6 7 4 0 3 5 2
M[61] : 5 7 6 6 4 6 6 5 4 4 5 5 7 4 4 6 5 4 5 2 5 4 4 4 0 3 3 5 3 6 4 6 4 5 5
M[62] : 3 5 2 6 3 4 4 4 4 5 5 5 2 3 4 6 6 4 0 4 5 5 5 4 4 5 2 2 3 6 4 4 8 4 3
M[63] : 6 4 4 4 3 1 3 3 4 4 5 3 6 7 3 5 5 4 5 5 6 4 6 3 4 3 0 6 3 3 4 6 6 6 5
M[64] : 4 2 4 5 5 5 4 2 6 6 3 4 6 3 7 2 5 3 4 3 2 4 3 5 5 6 7 3 4 6 4 4 4 5 0
M[65] : 3 3 4 4 7 5 6 4 6 3 5 6 4 3 0 3 6 2 5 3 6 3 5 7 5 3 5 5 6 6 4 6 2 4 5
M[66] : 4 3 6 3 4 0 5 1 4 5 5 4 4 6 6 6 7 3 6 5 3 3 8 3 8 6 5 2 3 5 3 5 4 4 4
M[67] : 3 6 7 3 4 4 6 5 5 4 3 3 3 3 2 4 6 5 4 4 4 0 5 5 5 6 4 3 4 5 5 4 4 4 5
M[68] : 5 7 6 5 5 7 6 6 5 3 6 3 4 3 2 6 4 6 4 4 6 4 0 1 5 5 5 4 3 3 3 5 4 4 4
M[69] : 6 5 3 6 7 4 4 6 3 4 7 4 4 4 3 4 3 4 2 3 4 7 2 0 6 4 5 4 6 4 4 4 6 5 4
M[70] : 0 1 3 4 4 3 3 4 3 3 6 3 4 3 5 6 4 1 2 5 5 4 4 7 4 4 4 2 5 5 3 4 5 4 4
M[71] : 6 6 4 5 5 5 6 5 2 4 4 5 3 6 3 5 3 6 3 3 5 4 4 3 3 3 5 1 5 2 4 2 2 0 5
M[72] : 6 7 4 6 5 5 3 4 2 4 4 4 4 7 6 4 6 6 3 5 4 1 4 5 4 2 3 3 5 6 5 0 5 5 3
M[73] : 6 6 6 6 4 1 3 4 3 5 6 5 5 5 5 3 2 2 5 5 5 6 7 2 5 0 4 3 4 5 3 5 3 5 7
M[74] : 3 3 5 4 0 6 5 4 2 5 4 4 3 3 6 6 6 5 4 6 5 5 4 5 4 6 4 3 5 1 3 5 4 6 5
M[75] : 3 7 0 5 5 6 7 5 4 4 2 4 2 2 5 2 6 4 5 3 2 5 4 3 7 3 5 4 3 7 6 6 5 5 3
M[76] : 5 5 1 5 2 7 4 7 4 0 7 5 3 5 5 3 2 5 5 2 4 5 2 4 5 6 3 5 5 3 5 5 3 5 1
M[77] : 3 2 2 3 4 6 7 6 3 5 5 3 4 5 5 4 8 2 5 5 4 5 4 2 6 1 6 6 5 0 6 4 5 7 4
M[78] : 3 4 4 5 4 6 7 4 2 4 3 5 4 5 4 6 2 5 0 3 4 4 3 3 6 3 5 4 5 3 5 4 6 3 3
M[79] : 3 5 5 7 4 5 4 0 4 4 2 3 3 3 5 6 4 4 7 5 3 3 4 4 4 4 2 6 6 5 4 4 3 4 5
M[80] : 0 4 3 4 4 7 8 3 2 2 1 4 2 7 5 7 3 2 7 2 4 4 3 5 7 4 4 7 3 4 3 5 5 4 5
M[81] : 6 3 3 3 6 5 3 3 2 2 3 4 3 5 4 6 4 4 5 0 4 5 5 1 5 1 5 6 4 4 2 3 2 5 7
M[82] : 5 5 4 4 4 5 6 4 3 3 5 3 3 5 4 0 5 4 2 6 6 4 3 3 4 5 6 4 5 5 5 1 5 6 6
M[83] : 4 4 6 3 5 5 4 5 2 0 4 6 5 5 1 5 7 4 5 4 6 4 5 6 3 4 3 3 4 3 4 3 4 5 5
M[84] : 5 1 6 4 4 0 4 1 5 4 3 2 3 6 3 2 5 3 3 4 5 3 1 3 5 5 4 3 3 4 3 7 7 5 6
M[85] : 6 4 4 7 6 5 5 6 4 0 6 4 1 5 4 4 3 3 6 3 3 4 3 5 4 4 4 5 5 3 5 4 4 5 3
M[86] : 5 3 2 3 3 2 6 4 3 6 0 7 2 3 9 4 5 4 4 5 7 4 6 4 3 5 5 7 4 5 7 6 7 3 3
M[87] : 3 4 5 3 3 5 5 6 5 5 3 5 3 1 5 4 5 3 5 5 6 3 2 0 6 7 4 3 5 3 4 4 5 4 6
M[88] : 5 4 2 4 3 6 5 3 4 4 4 4 5 4 6 5 4 6 4 5 6 2 4 6 3 7 7 2 0 5 5 6 6 4 7
M[89] : 3 3 3 2 6 6 4 4 6 6 6 4 3 2 5 4 3 6 3 5 7 7 3 3 5 4 5 3 6 4 5 6 5 4 0
M[90] : 3 5 5 3 5 4 5 5 4 7 2 5 4 3 4 4 5 6 0 6 5 3 4 3 6 7 3 4 5 6 5 3 6 6 4
M[91] : 4 2 4 5 6 3 4 3 7 4 4 3 5 4 7 5 5 3 5 6 5 5 5 3 5 4 4 2 4 5 1 4 0 5 4
M[92] : 5 3 2 3 5 2 6 4 4 3 5 5 4 5 3 6 5 4 5 3 0 3 3 4 3 3 5 3 3 3 4 6 7 3 3
M[93] : 5 4 6 5 4 6 4 4 1 5 4 3 6 3 3 5 2 7 5 0 2 2 4 3 5 6 6 4 4 3 4 6 5 4 3
M[94] : 6 6 3 4 6 5 2 0 3 4 3 4 2 5 4 7 2 3 4 4 2 6 4 6 5 3 3 5 2 4 4 5 4 3 6
M[95] : 4 3 5 6 5 2 6 4 5 4 6 0 5 4 3 5 6 2 4 3 7 4 4 5 4 6 4 3 4 6 3 7 4 2 6
M[96] : 5 5 2 4 6 4 2 4 5 5 6 5 5 4 5 6 5 5 2 5 3 4 4 5 2 5 6 3 3 5 2 4 5 3 0
M[97] : 7 3 4 2 3 7 5 4 3 4 4 2 4 2 6 7 4 3 4 3 6 2 3 3 8 3 5 4 3 3 4 4 4 0 3
M[98] : 3 3 4 6 3 6 1 4 3 4 7 5 2 4 5 6 4 6 4 2 3 6 2 4 3 9 3 5 4 5 0 3 4 4 6
M[99] : 3 5 5 5 2 3 5 2 5 6 7 6 5 2 5 3 7 3 1 4 3 2 4 3 3 5 7 3 3 4 2 0 3 3 6
M[100] : 4 4 5 5 5 4 0 3 3 6 3 3 1 4 4 5 5 4 6 4 3 4 5 5 4 4 3 4 3 6 3 5 5 6 5
M[101] : 6 1 4 6 6 3 4 3 3 1 4 3 4 6 5 3 3 4 1 2 4 3 4 4 4 6 3 6 6 3 3 6 3 4 0
M[102] : 4 3 5 4 3 3 3 4 1 8 0 5 2 4 4 4 5 5 4 4 5 3 4 4 6 5 0 3 4 3 4 6 4 5 5
M[103] : 3 0 6 5 7 7 6 3 4 5 7 3 2 1 3 4 4 2 5 3 4 2 5 4 5 5 4 3 3 1 5 6 2 2 3
M[104] : 4 6 4 5 5 5 4 5 3 5 5 5 5 3 3 5 3 4 5 3 4 5 5 6 3 6 4 6 5 4 2 3 5 4 0
M[105] : 4 4 4 4 5 0 4 4 4 5 4 2 5 3 4 5 7 3 3 2 6 5 6 3 6 4 3 4 2 4 2 4 4 5 2
M[106] : 4 2 2 7 4 6 6 4 4 7 5 5 3 4 6 4 7 4 3 6 6 8 3 4 4 3 0 3 3 4 2 5 5 2 5
M[107] : 6 5 5 5 0 5 5 5 2 5 3 6 3 6 3 3 4 3 6 2 4 5 4 3 5 4 3 4 3 4 0 8 6 5 5
M[108] : 4 3 4 3 6 5 3 4 3 5 3 6 5 4 0 3 7 5 6 4 3 4 3 4 4 6 5 3 5 4 3 6 5 6 6
M[109] : 6 5 4 4 0 3 3 4 3 5 5 4 6 7 7 6 5 0 2 6 7 4 5 4 5 6 3 2 3 4 4 4 6 3 5
M[110] : 5 5 2 4 6 4 2 3 4 4 3 3 4 3 5 4 5 5 4 4 4 2 6 5 0 5 4 7 3 6 4 1 4 4 4
M[111] : 5 0 6 6 5 3 2 4 3 2 5 5 4 1 3 3 3 6 7 1 4 5 2 2 4 3 3 4 6 4 5 4 3 5 4
M[112] : 6 5 4 5 5 4 4 3 6 5 4 4 4 4 5 3 6 3 6 6 2 6 4 5 5 3 5 1 6 3 3 6 5 5 0
M[113] : 7 1 4 7 4 4 5 4 4 3 3 3 0 0 4 5 5 2 4 6 4 3 6 4 5 4 6 5 5 5 4 7 4 5 2
M[114] : 3 0 4 3 4 5 6 3 4 6 4 4 1 4 4 6 4 5 5 5 8 6 4 4 3 5 4 3 5 5 3 2 5 7 7
M[115] : 6 4 5 7 4 6 0 3 5 4 5 6 4 5 5 5 2 3 6 1 7 6 4 5 4 1 3 7 5 4 3 2 6 4 6
M[116] : 4 4 0 4 5 7 4 3 4 3 4 5 3 5 5 3 2 0 7 3 2 5 7 6 3 7 3 2 4 3 3 4 4 5 4
M[117] : 8 3 6 6 4 6 6 3 3 3 5 5 2 4 4 4 4 5 4 5 4 6 5 1 5 6 0 5 4 6 4 4 2 5 2
M[118] : 5 2 4 6 4 5 6 4 2 4 4 5 5 5 6 8 7 5 7 3 4 4 3 2 5 5 6 5 5 0 3 5 4 3 1
M[119] : 7 3 2 5 6 3 5 0 4 6 6 7 3 5 4 6 4 3 3 3 4 2 5 4 5 4 4 5 6 5 3 4 4 7 5
M[120] : 3 4 4 3 2 9 2 2 0 3 4 7 6 3 1 5 1 4 4 4 4 6 5 3 8 6 3 3 4 7 5 6 4 6 2
M[121] : 5 6 5 4 2 3 3 3 3 6 5 6 2 6 2 2 3 4 5 5 5 6 3 3 3 4 5 1 3 6 0 2 6 4 4
M[122] : 9 7 2 0 5 2 6 5 4 4 3 6 2 3 5 6 5 4 4 4 4 4 4 4 5 5 5 7 3 3 5 7 5 2 6
M[123] : 4 3 4 3 4 6 5 4 3 4 1 3 6 3 6 6 0 4 5 2 4 4 5 3 5 6 8 3 6 6 4 7 6 4 3
M[124] : 8 5 4 5 6 5 3 4 6 6 6 4 5 5 6 8 4 4 1 5 4 2 5 5 2 6 4 1 6 6 4 2 5 0 2
M[125] : 4 4 4 8 5 3 3 4 5 2 6 5 5 4 5 5 3 5 6 3 4 4 5 6 2 3 6 5 3 5 4 0 5 2 5
M[126] : 0 4 2 6 5 4 9 7 3 5 2 3 5 3 4 4 4 5 3 3 3 2 2 4 5 7 5 3 3 2 2 4 4 5 7
M[127] : 5 3 3 0 6 4 5 4 4 5 5 5 4 1 4 3 2 5 6 3 4 3 4 4 5 4 6 4 5 6 6 5 3 7 6
M[128] : 3 2 5 7 6 6 5 5 5 4 6 4 2 4 4 0 1 5 3 4 6 3 3 5 3 3 6 2 3 1 3 3 4 7 1
M[129] : 3 2 5 5 2 6 6 7 0 5 3 5 7 2 3 4 5 4 2 3 3 4 5 3 6 7 0 5 4 3 6 6 4 5 6
M[130] : 6 3 5 5 2 6 5 3 3 2 3 5 4 3 0 2 6 6 4 2 3 2 5 4 4 6 5 3 4 6 4 4 5 4 6
M[131] : 2 4 5 6 3 5 4 1 0 7 2 6 6 4 4 4 3 4 3 2 7 3 3 6 4 4 2 3 4 6 5 5 6 4 6
M[132] : 6 2 3 7 4 4 1 4 7 4 7 6 2 6 3 3 4 4 5 7 3 3 5 3 4 5 3 4 5 0 6 5 5 3 3
M[133] : 3 7 4 5 4 0 5 5 5 4 5 4 1 5 5 5 5 2 3 6 3 3 5 5 7 3 6 7 4 7 0 5 2 3 1
M[134] : 3 4 4 2 3 5 5 3 3 3 3 5 2 3 3 5 5 4 6 7 0 2 4 5 5 6 5 5 2 6 2 4 5 1 5
M[135] : 4 4 3 5 6 2 5 3 4 2 2 2 2 2 5 3 5 6 4 3 8 6 4 0 6 4 6 4 4 3 3 4 7 4 7
M[136] : 2 0 4 4 5 4 7 5 3 5 2 6 4 5 3 3 3 5 4 5 5 2 6 3 7 7 4 3 4 2 2 5 5 6 4
M[137] : 6 3 3 7 0 5 3 7 4 3 2 4 4 6 6 3 4 3 6 4 4 2 4 4 4 6 6 3 5 3 5 4 3 6 5
M[138] : 3 6 4 6 3 4 5 4 6 6 3 3 4 4 4 6 4 4 3 3 4 4 6 2 4 2 4 5 4 7 6 0 5 3 5
M[139] : 5 4 5 6 7 3 4 3 3 5 3 3 3 4 6 5 4 3 2 3 0 4 5 3 4 4 4 4 6 2 4 3 3 4 6
M[140] : 3 4 5 0 2 4 3 2 3 3 4 5 5 6 6 6 5 3 5 2 5 3 3 3 7 6 5 3 5 5 4 5 4 3 4
M[141] : 4 3 5 6 2 5 4 4 4 6 5 1 3 6 7 4 3 2 6 4 5 4 2 3 5 4 4 3 1 0 3 7 4 3 3
M[142] : 3 5 4 3 4 6 4 3 4 4 6 4 4 3 3 3 6 5 4 6 0 4 3 4 6 6 7 5 4 4 2 6 4 4 0
M[143] : 3 4 4 3 4 3 5 4 1 6 0 5 1 3 4 3 5 5 4 3 5 3 6 6 4 4 4 3 4 7 6 4 6 3 7
M[144] : 6 4 5 6 4 6 4 3 4 3 2 7 2 3 4 6 8 7 3 4 4 4 2 2 3 5 0 2 6 4 3 5 6 4 7
M[145] : 6 0 3 3 4 5 3 5 3 4 3 3 5 4 5 4 5 3 8 5 5 5 6 5 4 5 3 5 4 0 5 6 5 5 4
M[146] : 7 3 7 5 6 4 0 5 3 2 3 5 4 2 7 6 4 5 5 5 7 5 3 1 3 7 3 6 1 3 1 5 5 3 2
M[147] : 0 7 5 8 7 5 7 3 2 4 2 6 4 4 4 4 5 3 4 5 3 4 4 4 5 3 4 2 6 6 4 3 4 6 7
M[148] : 5 4 5 3 5 2 5 5 1 7 3 4 4 4 3 3 6 2 3 3 5 1 4 4 2 3 4 5 3 5 3 5 0 4 5
M[149] : 4 5 3 3 3 5 5 6 6 6 5 8 2 3 6 3 4 2 6 5 4 4 4 4 4 5 5 5 3 0 4 8 4 2 6
M[150] : 5 3 3 5 4 5 5 4 3 5 6 5 4 5 6 3 8 1 4 3 4 3 5 6 2 4 3 3 7 6 4 3 0 6 7
M[151] : 1 3 3 5 4 5 4 3 4 9 3 5 6 5 4 4 3 5 1 7 4 0 4 4 2 4 6 5 4 7 5 4 5 5 5
M[152] : 6 2 3 4 3 5 3 4 4 5 0 4 2 2 5 2 7 5 5 4 5 3 4 3 5 4 4 3 4 5 5 3 6 6 5
M[153] : 4 5 3 3 6 5 6 7 4 4 6 5 2 6 6 5 4 1 2 3 2 6 3 1 5 0 3 5 5 6 4 2 5 2 1
M[154] : 5 5 1 5 3 3 6 1 5 2 2 5 6 6 7 4 7 4 2 4 4 4 0 5 5 4 5 2 4 4 3 5 4 5 7
M[155] : 4 3 2 5 5 4 7 1 6 6 5 4 0 5 5 2 4 2 2 3 4 6 3 4 5 3 2 4 5 3 2 6 6 7 8
M[156] : 6 7 1 4 5 1 4 6 2 4 4 3 5 4 4 0 3 5 6 5 4 6 6 4 4 5 3 5 5 6 5 4 7 4 5
M[157] : 7 3 7 6 4 5 3 4 3 6 5 4 4 3 5 4 3 4 5 4 3 0 2 4 4 4 6 4 3 6 8 6 5 2 6
M[158] : 3 3 3 5 7 2 4 0 6 7 3 5 4 4 5 5 4 2 5 3 4 2 5 5 6 5 6 1 2 5 4 6 5 4 3
M[159] : 4 2 3 6 4 5 5 3 3 2 4 5 2 7 5 0 4 3 6 5 3 5 5 6 6 6 5 2 6 3 3 3 3 4 4
M[160] : 3 3 5 3 3 4 7 4 0 5 5 5 4 2 2 5 6 6 5 5 3 3 6 3 8 4 2 5 3 4 5 5 5 3 8
M[161] : 4 2 5 5 4 1 6 3 6 4 4 8 4 3 5 6 7 4 3 4 6 3 5 6 6 3 5 0 4 4 3 0 5 3 4
M[162] : 6 3 1 4 3 4 2 3 3 6 5 6 5 4 3 4 7 2 3 4 7 4 5 0 5 1 6 2 4 6 5 6 5 6 4
M[163] : 4 4 3 5 4 6 2 4 5 5 5 4 3 4 5 5 5 3 7 6 2 5 5 5 3 5 5 4 0 4 5 3 4 5 6
M[164] : 6 3 3 5 6 3 3 5 3 4 4 7 4 4 3 6 3 3 5 7 4 4 2 0 5 4 3 5 5 3 4 5 3 5 5
M[165] : 7 4 2 2 5 7 5 6 4 4 2 7 5 4 3 3 5 3 4 5 6 2 4 4 4 3 6 5 4 3 1 0 3 3 5
M[166] : 4 4 4 6 7 6 3 2 6 2 4 3 4 3 3 1 0 2 5 6 6 3 3 4 4 3 5 5 3 4 2 6 6 4 3
M[167] : 8 4 0 4 8 6 4 5 4 4 6 3 6 0 4 3 5 4 5 6 6 4 3 5 6 4 4 4 4 5 4 7 5 4 5
M[168] : 6 5 2 3 4 5 5 5 3 1 3 4 5 4 3 0 4 5 5 3 3 5 5 6 3 2 5 4 4 3 7 6 3 7 3
M[169] : 4 0 4 3 3 4 5 1 4 4 5 7 4 5 3 5 5 4 4 5 5 4 4 6 4 5 3 3 2 0 4 6 8 7 3
M[170] : 2 2 4 2 5 7 3 2 5 6 3 6 6 6 6 3 4 3 2 6 0 3 2 6 5 8 1 3 4 3 5 5 5 5 3
M[171] : 5 3 6 6 4 5 4 6 5 7 3 0 5 6 3 4 6 4 4 4 4 3 6 4 1 5 5 4 3 2 5 5 5 4 5
M[172] : 5 3 5 6 3 1 3 5 7 5 3 5 6 4 5 4 3 2 4 6 3 2 2 4 5 6 4 0 5 5 3 6 2 4 5
M[173] : 7 6 5 5 4 2 2 5 2 4 1 4 3 4 3 6 5 4 8 4 3 6 4 3 6 0 4 3 5 4 3 2 8 4 6
M[174] : 7 0 5 3 4 2 7 6 2 3 5 6 3 4 3 5 5 5 4 3 4 5 6 3 3 5 5 5 3 2 6 5 4 5 2
M[175] : 4 5 2 4 4 6 4 5 2 0 6 6 3 3 3 3 6 4 5 6 5 4 4 4 4 5 7 4 3 8 3 5 7 4 3
M[176] : 6 3 6 7 5 4 3 4 5 3 5 6 3 5 7 3 4 2 6 4 3 5 5 5 0 6 5 4 2 2 6 5 3 4 3
M[177] : 5 5 6 4 3 6 4 5 4 2 5 5 4 4 3 6 5 3 5 6 4 2 4 5 6 5 7 3 3 5 3 3 0 3 3
M[178] : 3 2 3 4 2 4 3 4 2 5 4 4 3 3 4 6 7 0 4 3 4 6 4 3 4 3 7 2 4 4 5 4 5 2 3
M[179] : 2 5 4 7 4 2 3 5 3 4 0 5 5 5 5 4 5 6 3 3 5 5 2 4 7 5 3 2 5 5 7 3 5 5 4
M[180] : 4 3 4 3 4 5 4 5 2 5 3 7 5 7 6 5 3 3 4 0 5 6 4 6 5 3 6 3 6 6 3 4 5 3 5
M[181] : 4 2 5 7 0 4 2 5 5 6 2 6 4 4 4 7 5 4 4 5 3 4 2 3 4 7 4 2 2 3 4 2 6 3 5
M[182] : 3 4 6 5 4 4 5 6 3 4 3 3 7 3 5 4 6 6 2 4 5 4 0 2 4 6 5 7 4 2 3 6 7 4 2
M[183] : 3 4 2 5 5 2 6 5 3 5 0 4 5 5 6 5 7 4 6 4 4 5 2 3 4 6 4 0 5 6 7 3 7 1 5
M[184] : 4 4 4 5 4 5 4 4 5 6 4 4 5 2 5 2 0 3 5 6 7 4 4 6 4 6 5 3 3 3 5 7 5 5 4
M[185] : 2 4 3 3 2 5 6 2 8 3 4 3 3 4 4 5 6 4 4 0 4 6 3 4 7 6 6 5 7 5 3 5 5 1 4
M[186] : 4 2 4 4 2 4 4 2 5 4 3 5 0 6 6 4 6 4 5 5 2 4 6 1 6 5 4 6 2 4 5 4 4 5 4
M[187] : 0 3 3 6 3 6 7 3 7 6 5 5 7 6 4 3 4 6 5 4 3 5 2 2 5 6 7 3 6 3 4 4 3 4 4
M[188] : 1 4 4 6 6 7 4 4 5 3 5 3 6 6 4 5 3 3 4 4 4 5 3 3 7 4 4 6 5 4 0 4 3 4 3
M[189] : 4 2 5 4 4 2 6 5 3 5 3 4 5 4 3 3 7 5 4 4 4 7 2 5 4 6 6 2 4 4 5 0 6 6 5
M[190] : 6 4 3 4 5 3 0 4 2 4 2 5 4 4 3 6 3 6 5 5 5 4 5 4 5 8 5 5 2 8 3 4 6 4 4
M[191] : 1 3 2 4 4 6 5 4 5 4 6 5 5 5 6 4 6 3 3 1 0 5 6 4 2 2 6 7 3 5 3 4 2 5 4
M[192] : 6 4 4 2 1 5 0 4 3 4 5 5 6 5 1 4 3 3 5 5 7 4 4 4 4 7 5 3 6 4 3 4 6 4 2
M[193] : 4 4 2 2 7 2 2 2 5 4 1 2 5 3 4 7 4 1 4 4 4 4 3 3 5 5 0 5 8 5 5 6 3 3 4
M[194] : 6 5 4 5 4 5 6 5 4 5 7 3 4 6 4 5 3 3 3 0 4 4 3 6 3 2 5 4 5 7 4 3 5 6 4
M[195] : 4 3 4 3 5 6 5 3 3 4 5 4 3 3 5 5 6 3 0 3 4 2 2 4 3 3 5 3 4 5 3 4 6 4 4
M[196] : 4 4 0 5 4 4 5 0 6 4 5 5 3 3 4 5 6 1 6 4 7 4 4 2 5 5 7 3 5 3 6 5 6 5 4
M[197] : 7 4 3 4 2 5 5 3 5 3 4 0 2 3 5 1 6 3 5 2 6 4 5 4 6 6 4 4 5 6 3 5 4 3 4
M[198] : 1 4 2 4 4 7 4 6 5 5 0 4 5 5 3 8 3 1 5 3 5 3 5 4 6 6 4 2 3 5 2 5 3 3 6
M[199] : 5 6 6 3 4 1 5 5 3 4 4 0 7 3 9 4 3 4 5 2 3 3 5 5 4 4 5 2 2 4 6 6 6 1 4
M[200] : 4 5 6 5 4 3 4 6 4 5 6 5 6 4 5 3 2 4 3 3 3 3 4 4 5 5 6 6 4 2 4 4 4 3 0
M[201] : 5 3 4 1 4 3 4 0 4 7 4 4 2 5 1 4 4 2 3 2 5 3 3 3 5 3 2 5 3 8 2 5 6 8 4
M[202] : 5 5 3 0 3 7 5 5 5 5 4 3 4 5 3 5 4 2 5 3 4 3 4 3 8 4 5 6 3 6 3 3 7 6 5
M[203] : 7 5 3 4 4 6 5 3 4 4 4 4 2 4 6 5 0 3 6 5 2 5 5 6 4 7 3 3 3 6 4 4 5 6 3
M[204] : 4 1 3 1 4 7 3 3 5 5 5 1 4 7 4 7 3 6 6 3 5 3 3 0 2 2 4 3 6 4 2 7 5 2 3
M[205] : 4 5 3 5 5 3 5 0 4 7 3 5 4 3 5 6 4 4 6 3 2 4 4 4 4 5 6 4 2 5 6 5 6 6 5
M[206] : 4 2 5 4 5 5 1 7 3 6 4 6 4 0 4 5 3 4 6 6 5 4 4 3 4 5 3 6 3 7 3 3 6 5 3
M[207] : 4 8 3 5 2 4 0 5 4 1 4 6 3 5 5 2 6 5 3 4 5 5 3 3 3 3 4 5 6 4 4 5 6 4 4
M[208] : 7 5 2 4 2 0 4 7 5 4 3 4 5 3 5 7 4 6 5 5 6 6 6 1 5 3 5 1 4 3 5 3 6 5 6
M[209] : 7 4 5 2 3 7 4 2 7 2 4 5 4 3 5 4 7 3 6 5 3 0 6 5 4 8 6 4 2 4 1 5 5 3 6
M[210] : 4 5 4 4 7 4 3 3 5 3 5 5 5 5 6 2 7 4 6 4 5 3 3 4 3 8 3 6 3 5 6 6 0 4 5
M[211] : 4 3 2 6 5 2 6 5 6 4 4 7 6 3 5 5 5 5 6 1 5 4 3 4 5 5 2 6 2 0 5 4 4 4 3
M[212] : 4 1 4 4 7 6 5 5 5 5 4 5 4 7 3 4 0 4 6 2 5 6 6 3 4 4 4 1 2 6 5 3 7 5 7
M[213] : 0 2 4 7 4 5 4 4 3 6 4 4 5 1 5 3 6 4 4 4 3 3 4 3 4 4 6 5 7 6 4 5 2 6 4
M[214] : 4 2 5 3 3 4 4 5 4 6 2 3 2 3 4 3 4 5 4 4 6 7 5 2 4 5 3 3 6 0 4 3 2 5 5
M[215] : 5 4 4 4 0 4 5 2 4 5 3 2 5 2 5 4 3 4 6 2 4 2 3 3 5 7 3 4 5 6 4 3 5 4 4
M[216] : 2 3 4 3 4 5 5 5 4 4 7 5 3 3 4 4 0 2 1 3 6 4 4 4 3 3 7 6 4 4 5 3 7 5 5
M[217] : 2 4 6 6 7 3 2 3 2 5 5 1 2 3 2 6 0 2 3 4 5 4 6 4 5 6 5 5 7 6 3 7 6 6 3
M[218] : 3 3 4 2 5 6 5 3 4 7 4 7 6 0 5 5 2 1 5 4 5 3 3 6 6 5 5 5 4 3 4 4 4 5 3
M[219] : 4 3 4 4 6 5 5 2 5 2 4 3 3 4 6 0 4 5 3 1 3 5 5 1 3 2 5 6 7 5 4 6 1 3 1
M[220] : 4 4 0 7 5 5 5 5 5 3 4 7 5 7 2 2 3 5 6 5 5 4 4 3 6 3 2 5 4 3 2 4 1 3 6
M[221] : 3 3 5 5 3 5 4 8 5 4 7 5 4 6 0 3 3 4 4 4 6 5 4 4 2 3 4 4 4 6 2 2 6 5 4
M[222] : 5 4 5 4 3 4 4 2 7 2 6 4 5 1 4 7 8 4 7 4 4 3 2 3 5 4 4 4 6 3 0 6 3 7 2
M[223] : 2 5 4 5 8 4 4 2 5 4 4 3 3 5 4 4 2 1 5 4 6 0 3 4 5 7 8 3 4 5 5 4 5 4 4
M[224] : 4 4 2 6 5 6 2 5 1 5 4 4 3 3 4 3 4 6 7 4 3 3 0 2 5 4 3 3 6 6 2 4 7 4 5
M[225] : 3 4 4 5 5 5 5 6 2 4 2 0 3 4 5 3 1 4 6 4 6 5 3 3 5 4 4 5 4 6 2 8 2 5 4
M[226] : 7 3 2 0 7 3 6 5 4 5 3 3 4 4 3 7 4 3 6 3 1 4 3 1 5 5 5 4 4 5 2 4 3 3 5
M[227] : 0 2 5 4 6 5 4 3 3 4 3 5 2 5 3 4 4 3 5 4 3 5 3 3 5 3 6 6 3 5 3 4 5 8 3
M[228] : 6 3 5 4 5 6 5 3 3 7 3 4 4 3 2 1 4 5 5 4 4 4 4 5 6 2 3 6 4 3 4 2 0 3 5
M[229] : 4 5 2 4 4 6 7 6 5 6 3 3 5 6 6 8 3 5 5 4 4 0 4 3 4 4 5 3 2 4 2 2 2 4 4
M[230] : 4 4 5 7 7 4 7 2 3 1 3 4 4 8 4 5 5 2 5 0 4 6 2 4 3 4 6 5 4 4 6 6 5 6 4
M[231] : 2 3 4 4 3 4 4 5 5 6 2 6 4 2 6 5 4 3 2 2 4 5 5 5 5 2 2 5 6 1 5 5 5 3 0
M[232] : 4 4 4 3 4 6 6 2 4 3 3 6 6 4 5 4 0 3 6 1 5 4 5 3 5 4 6 3 5 5 5 5 4 5 2
M[233] : 3 3 5 4 1 4 4 2 5 6 5 6 3 7 4 6 5 4 4 3 3 4 0 4 4 7 3 2 5 5 4 4 4 8 6
M[234] : 3 6 4 4 4 6 3 5 0 6 3 2 4 4 4 3 6 5 4 4 6 4 6 3 3 6 3 3 5 6 2 4 3 7 6
M[235] : 4 3 4 0 3 3 3 4 6 4 4 5 6 5 5 5 5 4 4 4 6 3 3 5 4 4 6 6 5 5 1 5 4 6 4
M[236] : 0 3 4 4 3 5 5 3 1 7 3 5 4 5 4 4 3 5 4 3 3 3 1 6 3 3 6 5 2 4 2 7 4 4 4
M[237] : 6 3 5 7 5 3 4 5 4 6 3 5 4 3 0 7 2 3 4 3 2 4 3 3 6 4 6 7 5 3 6 4 5 8 5
M[238] : 3 5 1 5 4 2 7 5 3 3 4 5 5 4 3 0 5 5 3 4 7 1 4 4 6 3 3 4 2 6 6 5 0 4 4
M[239] : 5 6 3 5 5 4 5 0 4 4 5 5 5 7 6 2 4 3 4 3 3 3 5 6 4 4 4 3 2 5 4 4 5 6 3
M[240] : 4 4 2 4 4 5 4 2 2 3 4 4 4 5 5 5 4 4 3 0 7 4 5 6 4 7 4 2 2 2 5 4 3 3 2
M[241] : 4 1 4 1 6 4 5 2 3 5 5 6 3 2 0 5 4 6 3 7 5 3 5 4 4 5 4 4 6 7 5 3 5 2 5
M[242] : 7 2 5 6 5 5 3 5 4 4 6 2 3 4 4 3 5 3 4 2 3 4 4 5 4 4 5 3 5 0 3 5 4 4 5
M[243] : 4 5 5 5 7 6 4 3 0 5 2 3 8 0 4 7 5 3 4 6 6 3 2 4 4 4 6 4 6 4 3 2 7 5 3
M[244] : 5 6 5 3 3 4 3 5 4 4 5 7 3 0 7 0 6 3 6 3 5 3 4 2 2 0 5 3 5 3 4 4 5 5 7
M[245] : 3 6 2 5 5 6 5 2 1 2 5 3 4 3 7 3 4 2 5 3 6 2 6 5 5 5 4 3 0 5 6 5 6 5 8
M[246] : 5 4 3 3 5 5 5 1 0 5 4 4 2 6 6 3 4 3 7 2 0 3 4 6 6 3 6 4 5 5 7 6 4 7 5
M[247] : 6 3 3 7 4 4 5 5 4 4 5 6 4 3 2 2 5 1 6 5 5 3 5 3 7 3 6 5 4 5 3 2 4 6 0
M[248] : 4 3 4 1 5 5 5 3 4 4 5 5 2 5 0 3 2 4 8 1 5 3 5 3 5 6 5 6 5 2 4 3 4 5 4
M[249] : 6 3 4 7 7 6 6 3 5 4 5 4 4 4 4 4 3 2 6 6 2 6 3 3 0 4 5 3 4 4 5 3 2 5 5
M[250] : 1 5 0 3 4 3 6 1 5 5 5 6 7 4 5 4 5 3 4 3 5 5 2 2 4 5 6 2 5 4 4 6 5 3 4
M[251] : 4 3 2 3 6 3 5 5 4 4 4 4 6 6 7 1 5 4 3 5 4 3 3 4 0 4 6 3 5 3 5 2 5 6 6
M[252] : 4 2 6 5 6 7 4 4 3 2 3 3 4 4 6 4 7 2 5 5 5 5 3 5 7 4 0 5 5 3 5 4 5 3 4
M[253] : 3 1 4 3 4 5 4 5 4 6 2 6 7 3 4 6 3 4 5 3 3 3 3 3 7 3 3 5 5 5 0 5 4 7 4
M[254] : 3 4 2 6 4 7 4 7 5 6 3 6 3 3 5 0 6 3 7 6 1 5 3 6 3 2 5 4 4 7 4 4 5 6 4
M[255] : 3 5 0 5 8 5 5 3 3 2 1 6 3 5 6 2 4 3 6 5 3 3 4 2 3 5 3 6 2 5 6 3 4 5 3
M[256] : 7 3 0 3 6 3 6 5 4 3 4 7 1 3 7 3 5 4 3 3 3 5 4 5 4 6 3 1 2 4 5 3 7 5 5
M[257] : 4 5 5 4 4 7 5 2 6 5 5 4 5 3 7 3 3 0 4 3 6 5 4 4 2 4 3 3 3 4 4 5 2 6 5
M[258] : 5 6 4 4 4 4 4 4 5 6 5 4 3 4 7 4 2 6 4 4 3 2 4 0 2 1 3 7 4 3 2 4 6 6 5
M[259] : 5 6 4 1 5 6 5 5 5 5 3 7 6 5 3 2 5 3 6 2 5 5 6 5 5 7 5 5 3 7 4 0 4 7 5
M[260] : 3 5 4 6 5 5 2 5 6 7 3 5 5 4 4 3 4 3 7 3 3 3 3 4 0 6 5 5 5 6 5 5 5 4 3
M[261] : 6 4 5 7 6 4 5 4 2 4 4 3 4 5 4 2 4 4 0 6 3 4 6 3 6 7 4 5 3 5 4 4 2 2 2
M[262] : 4 3 3 4 6 2 6 3 5 0 4 5 5 7 7 4 4 0 4 2 5 2 4 3 5 2 3 3 3 7 4 3 5 2 7
M[263] : 5 3 0 3 3 5 3 3 5 3 4 3 3 1 5 3 6 4 6 4 3 7 5 5 6 6 5 4 5 5 3 3 6 6 4
M[264] : 6 3 4 4 4 0 6 2 6 4 4 3 2 6 4 3 5 4 5 5 6 4 6 5 5 6 3 4 4 6 4 1 3 6 4
M[265] : 0 6 1 2 5 6 3 7 3 6 3 6 3 4 5 4 2 1 1 5 4 4 6 6 6 2 4 4 2 6 3 3 5 5 2
M[266] : 5 2 5 3 6 4 3 3 4 2 5 4 6 5 0 5 5 3 3 5 9 2 6 1 5 3 6 7 4 4 2 4 3 3 3
M[267] : 5 3 4 4 5 4 2 4 4 2 5 1 4 4 4 9 4 4 6 4 4 5 3 3 4 6 4 5 0 4 2 3 3 4 6
M[268] : 4 4 5 4 3 4 2 3 3 5 5 3 4 3 5 5 0 5 6 3 4 2 5 1 2 1 3 5 4 5 5 5 7 3 6
M[269] : 3 5 4 6 4 3 4 4 5 4 5 3 4 4 6 6 2 6 2 3 4 5 3 4 4 5 3 3 2 6 3 4 5 0 5
M[270] : 3 3 4 1 6 5 5 3 6 3 6 3 4 4 3 3 2 3 3 4 5 6 5 3 6 0 7 5 5 7 2 4 2 6 3
M[271] : 2 3 4 6 3 7 6 6 5 3 3 1 4 4 2 6 5 4 6 4 7 2 4 4 0 8 4 5 4 4 4 6 7 5 3
M[272] : 3 6 5 2 5 5 3 5 6 3 3 2 2 2 3 3 7 1 5 5 4 4 6 5 4 5 2 2 5 4 7 5 6 0 4
M[273] : 6 2 8 2 4 4 3 4 6 0 4 6 4 3 3 3 4 5 5 5 4 5 4 4 5 6 5 4 3 4 5 7 3 2 5
M[274] : 6 3 5 3 4 5 5 3 6 4 7 4 4 4 5 5 5 3 2 4 5 5 3 4 6 4 7 5 3 2 0 4 5 5 7
M[275] : 6 5 5 3 5 3 4 3 6 6 6 4 7 2 6 5 3 4 4 3 3 1 4 7 4 6 3 4 0 6 6 5 4 6 3
M[276] : 4 4 3 5 6 4 7 6 4 2 4 3 5 2 5 5 5 4 5 4 3 4 2 3 8 6 4 3 4 3 6 4 2 0 6
M[277] : 6 5 5 4 4 5 6 2 5 6 5 5 3 6 6 5 2 5 2 6 4 7 5 5 5 3 5 0 3 5 5 2 8 3 2
M[278] : 5 4 2 4 3 8 3 4 4 0 5 5 5 3 5 3 3 6 3 4 4 4 4 2 4 1 6 6 3 5 2 7 5 3 7
M[279] : 2 5 3 2 4 5 3 5 4 5 5 4 4 4 3 5 7 4 4 3 4 3 3 2 4 2 6 5 6 6 0 5 7 4 4
M[280] : 5 2 4 4 5 4 3 4 0 5 1 3 3 1 7 4 5 3 3 5 1 6 2 3 3 6 6 4 5 4 5 5 6 4 4
M[281] : 1 7 6 3 6 5 5 5 5 3 4 5 6 2 6 7 7 5 5 5 4 3 0 4 5 7 6 3 5 5 1 5 3 3 5
M[282] : 7 3 3 5 2 4 5 2 2 7 2 7 3 5 6 4 2 4 4 3 4 5 3 3 6 5 5 0 1 5 4 5 4 2 5
M[283] : 4 5 4 4 6 5 4 1 4 4 4 5 7 3 4 2 7 4 5 6 5 5 5 4 6 0 4 5 5 3 5 5 5 3 3
M[284] : 4 4 3 6 5 3 4 3 2 4 5 4 5 4 0 4 4 4 2 4 4 6 4 5 6 4 3 1 5 5 2 5 6 5 5
M[285] : 1 0 3 7 5 3 5 3 7 5 3 4 4 2 2 6 4 1 3 3 2 6 6 3 5 7 5 1 5 2 3 6 7 5 4
M[286] : 3 4 5 7 3 0 4 2 5 5 5 4 4 3 5 3 2 4 5 4 5 5 3 3 4 3 3 6 6 6 5 4 5 5 3
M[287] : 5 3 4 5 4 4 6 1 3 5 4 2 5 4 5 4 5 0 3 6 8 4 4 3 4 3 5 6 2 3 5 5 4 8 3
M[288] : 4 4 6 5 6 5 4 4 4 5 2 3 5 3 6 5 0 0 4 4 1 3 5 6 4 4 4 1 3 3 4 4 3 3 5
M[289] : 7 3 4 4 3 6 3 3 6 4 6 5 5 4 3 5 3 5 4 6 5 5 2 5 0 5 4 3 2 6 4 4 2 5 6
M[290] : 5 2 7 4 5 4 5 3 3 5 5 4 0 4 2 6 3 4 4 5 6 3 4 3 6 4 2 3 2 5 5 5 5 4 6
M[291] : 7 2 5 3 6 3 8 3 5 2 4 4 7 2 2 4 7 5 5 4 2 0 3 4 5 7 4 5 1 4 4 3 4 6 4
M[292] : 7 6 5 5 3 4 6 3 4 6 0 4 5 5 3 5 3 5 5 6 4 5 3 5 5 4 2 4 6 5 4 6 4 3 3
M[293] : 1 3 5 6 6 5 8 6 5 6 6 0 5 3 6 4 5 4 5 3 2 5 4 4 4 3 3 7 1 5 5 4 4 5 6
M[294] : 6 4 5 5 2 5 7 4 5 2 4 5 5 6 7 6 6 2 2 6 5 3 6 2 5 4 4 4 0 3 2 4 5 6 6
M[295] : 3 3 0 5 6 5 5 5 6 6 3 6 6 5 5 3 3 2 2 3 3 3 4 4 3 7 4 4 6 2 2 7 5 4 5
M[296] : 3 5 3 4 3 4 7 3 3 2 5 7 5 4 4 4 5 4 5 4 6 0 6 4 4 4 5 6 5 4 4 5 2 4 6
M[297] : 2 4 3 6 4 4 1 3 4 5 0 4 4 5 5 5 5 4 5 4 7 4 4 6 3 4 2 5 5 6 6 4 3 6 7
M[298] : 3 6 5 5 3 7 6 1 3 4 0 4 5 3 7 6 4 5 5 5 3 4 2 3 4 6 5 2 6 5 5 6 5 6 6
M[299] : 6 3 5 4 5 7 6 5 5 5 3 6 0 6 4 2 5 6 5 3 4 6 4 5 5 6 6 6 3 4 2 4 1 3 6

