 Execution de l'algoritme BITS sur le fichier flat300_28_0
=====================================================================
 Partitions  : 
Vk[0] : 158 205 232 283 270 20 162 277 -->  8 éléments.
Vk[1] : 69 172 40 208 179 183 16 285 -->  8 éléments.
Vk[2] : 217 52 115 38 132 184 203 33 -->  8 éléments.
Vk[3] : 185 122 235 108 255 219 228 8 -->  8 éléments.
Vk[4] : 161 114 198 60 180 26 36 111 -->  8 éléments.
Vk[5] : 70 239 48 75 195 250 262 101 -->  8 éléments.
Vk[6] : 66 125 58 276 121 54 215 138 -->  8 éléments.
Vk[7] : 137 207 294 287 45 252 141 76 -->  8 éléments.
Vk[8] : 135 266 146 88 25 278 5 272 -->  8 éléments.
Vk[9] : 251 99 245 105 254 176 261 210 -->  8 éléments.
Vk[10] : 194 150 165 296 110 67 289 244 -->  8 éléments.
Vk[11] : 290 41 103 93 78 143 65 -->  7 éléments.
Vk[12] : 129 77 213 171 160 145 22 2 -->  8 éléments.
Vk[13] : 90 182 10 269 113 130 200 87 -->  8 éléments.
Vk[14] : 263 197 284 95 23 234 50 178 -->  8 éléments.
Vk[15] : 47 298 30 273 230 154 170 224 -->  8 éléments.
Vk[16] : 233 29 107 6 214 202 74 12 -->  8 éléments.
Vk[17] : 68 153 57 83 81 139 189 -->  7 éléments.
Vk[18] : 104 24 188 80 152 292 227 253 -->  8 éléments.
Vk[19] : 279 280 43 201 112 159 142 64 -->  8 éléments.
Vk[20] : 97 44 136 240 174 11 242 186 -->  8 éléments.
Vk[21] : 225 131 98 79 14 59 61 265 -->  8 éléments.
Vk[22] : 0 264 119 223 286 238 32 4 -->  8 éléments.
Vk[23] : 187 118 71 13 260 295 166 149 -->  8 éléments.
Vk[24] : 237 193 257 96 116 192 218 49 -->  8 éléments.
Vk[25] : 151 293 288 259 243 62 236 -->  7 éléments.
Vk[26] : 89 281 9 175 156 140 212 -->  7 éléments.
Vk[27] : 3 229 73 133 181 28 134 191 -->  8 éléments.
Vk[28] : 56 222 177 27 91 19 299 148 -->  8 éléments.
Vk[29] : 275 206 291 15 157 268 209 127 -->  8 éléments.
Vk[30] : 53 31 297 173 100 21 163 128 -->  8 éléments.
Vk[31] : 106 164 231 18 1 167 220 117 -->  8 éléments.
Vk[32] : 271 35 168 247 37 241 7 248 -->  8 éléments.
Vk[33] : 204 124 92 123 226 196 199 282 -->  8 éléments.
Vk[34] : 169 55 63 211 267 39 258 109 -->  8 éléments.
Vk[35] : 190 256 144 42 46 86 17 51 -->  8 éléments.
Vk[36] : 147 221 249 72 102 120 85 34 -->  8 éléments.
Vk[37] : 155 94 274 216 82 246 126 84 -->  8 éléments.
Matrice M
M[0] : 4 4 5 6 4 4 4 7 5 3 3 1 3 2 3 6 5 4 4 5 1 5 0 6 6 2 1 3 5 2 3 4 2 4 3 3 4 2
M[1] : 3 3 6 5 4 4 6 3 4 4 2 3 2 3 2 6 3 4 3 4 6 5 4 5 4 3 2 1 3 5 5 0 3 4 5 4 5 4
M[2] : 2 5 4 5 3 3 3 4 6 2 2 5 0 4 2 2 6 4 5 3 2 2 5 7 6 3 3 2 3 3 8 3 4 3 6 5 4 4
M[3] : 3 4 6 6 4 4 5 4 4 4 4 4 3 2 6 5 3 6 5 6 3 4 3 4 5 3 1 0 5 5 3 4 3 5 4 6 6 3
M[4] : 4 4 1 5 6 3 4 2 6 3 5 4 4 2 4 5 4 4 4 2 4 2 0 4 4 3 4 3 5 4 3 6 5 2 4 4 3 4
M[5] : 4 3 5 5 4 3 2 7 0 1 2 4 4 2 5 4 5 4 5 3 7 2 6 4 4 4 4 4 4 4 5 4 4 5 4 5 6 5
M[6] : 6 3 4 6 4 1 4 2 4 4 6 5 4 2 5 1 0 4 6 4 3 3 3 4 5 4 4 1 2 7 6 6 3 4 3 4 4 6
M[7] : 6 5 4 5 1 4 5 4 4 4 2 5 5 5 3 4 3 3 3 1 5 4 6 2 7 6 2 3 3 3 4 5 0 3 3 3 3 3
M[8] : 4 3 5 0 5 5 2 3 2 5 4 1 4 4 4 4 5 5 4 5 3 3 6 4 4 4 4 5 4 5 5 4 5 3 6 4 4 5
M[9] : 4 1 4 5 3 2 4 5 3 2 2 5 7 5 5 2 6 2 6 2 3 6 6 1 5 4 0 4 4 3 6 3 5 1 3 6 5 3
M[10] : 4 4 4 3 3 5 3 4 5 4 5 6 3 0 3 4 6 3 6 3 4 3 4 3 6 5 2 3 3 5 6 3 4 5 5 6 3 1
M[11] : 3 6 4 5 5 5 4 5 6 4 4 3 4 4 4 1 5 5 3 3 0 4 5 7 4 2 6 4 4 1 4 6 3 2 3 4 4 4
M[12] : 3 3 6 6 3 2 4 4 6 4 6 4 3 4 1 4 0 3 4 5 2 5 4 3 4 4 3 4 7 6 3 4 4 0 4 4 1 7
M[13] : 5 3 7 5 4 6 3 6 3 4 3 5 4 5 6 4 4 2 1 5 6 3 3 0 7 2 3 2 2 4 3 5 5 4 5 6 4 3
M[14] : 6 3 4 3 5 2 6 2 3 5 3 7 5 3 4 3 5 2 4 3 5 0 3 1 3 5 5 6 5 6 4 6 2 5 6 4 5 3
M[15] : 2 3 2 3 3 3 5 5 3 7 4 4 3 5 4 5 7 3 6 6 4 7 5 2 2 4 3 6 5 0 6 5 6 4 4 4 4 6
M[16] : 3 0 3 6 6 4 7 3 0 4 2 5 4 5 5 4 4 3 4 3 6 3 4 5 5 5 3 4 4 4 1 4 4 1 2 4 5 8
M[17] : 5 4 5 4 3 2 3 3 2 3 6 4 5 6 3 6 5 5 3 3 4 7 6 4 3 3 4 4 4 1 3 2 4 4 4 0 4 4
M[18] : 4 3 3 4 4 6 3 5 6 5 5 4 3 5 2 4 3 3 3 4 5 3 3 4 4 4 5 3 4 3 3 0 4 3 4 2 2 6
M[19] : 5 4 3 5 4 3 5 3 7 3 5 6 4 5 2 7 5 3 3 5 2 4 3 4 5 4 5 5 0 5 5 3 3 4 1 4 2 1
M[20] : 0 2 6 3 5 3 3 4 4 5 4 4 0 4 8 3 4 3 4 1 5 6 6 5 3 2 5 3 5 5 5 3 4 2 3 3 3 2
M[21] : 4 6 4 3 8 4 3 4 5 3 5 3 6 4 4 6 3 2 4 3 7 5 3 3 3 3 4 3 5 4 0 4 4 4 3 4 4 2
M[22] : 5 2 7 6 6 3 2 3 2 5 6 2 0 3 4 5 4 2 3 5 3 5 4 5 6 5 6 3 3 3 5 4 6 2 4 4 5 4
M[23] : 3 3 3 5 3 6 4 5 3 5 4 4 3 4 0 6 5 3 6 5 3 3 4 5 3 2 5 2 5 3 2 5 5 2 4 3 6 3
M[24] : 1 6 5 3 6 3 5 1 3 5 4 4 4 4 6 5 6 0 0 4 5 4 1 4 6 2 6 2 4 2 3 4 5 3 4 5 3 2
M[25] : 4 5 3 2 3 3 3 5 0 4 7 3 7 4 4 4 7 2 0 4 5 3 6 4 4 5 4 4 2 3 3 6 2 3 3 4 5 3
M[26] : 3 0 5 2 0 4 2 5 6 4 3 1 2 3 2 5 4 4 5 3 4 5 5 7 4 2 1 4 1 6 3 8 3 4 2 3 2 4
M[27] : 5 4 3 2 3 5 2 2 3 5 2 2 5 2 6 4 3 5 5 2 5 5 5 4 3 6 4 5 0 6 7 5 4 6 6 6 3 4
M[28] : 3 6 1 5 3 3 3 4 6 2 3 5 4 6 4 5 2 4 5 3 3 3 4 5 2 4 2 0 5 4 3 4 5 4 2 5 5 3
M[29] : 5 3 3 5 3 2 6 4 5 1 3 3 3 5 4 3 0 5 4 6 4 3 5 3 3 3 7 4 5 3 5 3 3 4 4 3 5 3
M[30] : 3 4 3 5 5 6 2 4 3 3 5 3 2 3 2 0 3 2 5 4 4 6 1 4 4 2 3 1 4 2 3 8 5 5 5 6 5 3
M[31] : 4 2 5 2 3 4 5 1 4 2 3 5 2 1 4 7 5 3 3 4 4 5 5 3 5 2 6 3 4 4 0 4 4 5 6 3 4 4
M[32] : 6 2 4 5 4 2 3 4 4 3 4 2 4 3 4 2 4 3 4 4 4 3 0 4 5 4 4 2 4 6 5 4 4 2 3 5 7 4
M[33] : 5 4 0 5 4 2 4 4 5 5 3 3 6 3 3 4 4 2 5 3 5 4 5 5 6 3 3 4 4 4 3 4 4 6 4 2 4 3
M[34] : 3 3 5 1 1 4 5 6 6 6 2 4 3 5 3 5 3 4 4 6 4 4 5 4 3 5 4 4 1 3 4 4 6 3 4 4 0 3
M[35] : 4 6 2 5 5 4 3 6 4 6 5 5 5 4 4 5 3 4 2 5 1 3 1 4 5 6 3 4 5 3 2 4 0 3 6 1 5 3
M[36] : 2 3 5 4 0 3 6 5 4 5 2 5 5 3 6 6 5 5 5 4 2 7 1 4 6 5 2 4 4 1 3 5 2 4 4 1 4 4
M[37] : 4 4 5 4 3 3 3 5 6 2 3 2 3 4 6 5 2 2 4 4 6 3 3 3 4 3 3 4 1 4 5 6 0 5 4 5 3 4
M[38] : 4 2 0 5 4 5 4 3 5 4 6 4 7 2 5 1 4 2 4 2 4 5 4 6 2 4 3 4 5 3 4 5 4 3 4 3 6 5
M[39] : 4 2 5 4 4 3 5 2 4 3 4 2 6 2 3 5 4 4 3 4 4 4 3 4 4 3 4 4 3 4 4 4 8 5 0 4 6 1
M[40] : 3 0 5 3 2 3 5 6 5 3 4 4 6 4 5 5 2 2 4 5 5 3 3 4 3 4 5 3 2 3 4 3 7 4 3 6 5 3
M[41] : 5 3 5 1 5 3 7 4 6 3 3 0 3 5 3 3 4 4 4 1 3 3 4 6 3 4 3 4 4 5 4 3 0 3 4 5 6 3
M[42] : 3 4 2 3 3 3 5 3 6 5 4 3 4 3 2 3 1 5 1 5 4 4 7 4 1 5 4 5 5 6 1 4 4 4 6 0 5 3
M[43] : 1 4 6 3 4 7 4 4 3 5 4 3 3 6 5 4 2 5 3 0 4 6 4 5 6 3 3 3 4 5 3 1 3 5 4 5 4 5
M[44] : 4 3 2 4 5 4 4 4 7 3 6 2 3 3 3 3 5 4 6 5 0 4 3 3 4 4 4 3 6 4 2 4 2 4 3 3 5 3
M[45] : 7 2 3 3 3 3 4 0 3 4 2 4 7 3 3 5 6 3 2 6 4 5 2 6 4 5 3 5 3 2 5 4 6 5 4 3 4 3
M[46] : 5 4 4 3 3 4 4 2 4 5 3 1 7 2 5 4 3 5 5 5 2 4 6 4 6 4 4 4 5 4 2 4 2 5 6 0 3 4
M[47] : 4 6 2 4 5 2 5 5 3 3 2 2 4 4 5 0 3 6 4 4 2 3 3 7 5 3 3 4 5 7 5 4 3 6 5 3 3 4
M[48] : 4 4 6 3 5 0 3 6 4 6 4 3 3 4 2 4 3 4 4 7 4 4 3 6 3 4 2 4 5 3 3 5 4 4 6 3 3 3
M[49] : 4 1 4 4 4 4 5 1 3 3 6 5 4 2 4 4 7 1 4 3 2 3 6 5 0 3 4 2 6 5 5 4 5 1 4 5 3 0
M[50] : 6 6 2 3 4 5 4 3 4 4 1 4 4 5 0 4 4 1 6 5 5 4 4 4 2 1 2 6 5 5 4 2 4 5 3 4 1 6
M[51] : 4 3 6 4 3 5 5 3 5 6 3 5 3 6 4 6 4 4 4 4 3 5 3 3 5 3 5 5 5 6 3 3 2 4 3 0 2 4
M[52] : 3 2 0 5 2 5 5 4 4 3 3 4 5 3 3 3 4 4 7 1 4 7 4 4 4 2 6 3 4 5 3 4 5 7 5 3 4 4
M[53] : 7 6 7 5 2 5 3 5 5 4 3 3 3 3 4 4 1 3 3 4 3 3 4 5 6 3 3 4 2 5 0 5 2 5 5 5 2 4
M[54] : 5 3 5 2 3 4 0 5 3 3 7 3 5 4 4 6 3 4 2 4 3 2 5 3 5 4 2 4 3 2 4 4 4 1 5 1 6 4
M[55] : 1 4 2 3 4 3 4 6 6 4 3 3 3 3 5 3 4 4 4 4 2 4 5 4 5 5 3 4 4 5 5 7 6 4 0 2 3 3
M[56] : 6 2 4 6 4 3 4 3 2 4 3 3 5 4 2 5 4 3 6 4 5 3 3 4 6 5 3 4 0 5 4 4 2 3 5 3 2 3
M[57] : 5 5 3 3 4 3 5 3 6 5 4 1 4 3 4 3 4 0 4 2 3 3 4 5 3 5 4 5 4 5 2 4 5 1 5 5 3 5
M[58] : 2 3 3 5 6 4 0 5 3 2 4 2 3 3 4 4 5 6 6 3 3 4 3 6 5 3 7 5 3 3 2 4 3 5 3 1 6 2
M[59] : 4 3 4 4 3 5 4 4 1 4 2 3 5 2 5 2 4 5 5 6 4 0 5 6 3 2 3 5 5 5 3 5 6 5 4 3 3 7
M[60] : 1 7 5 5 0 5 3 5 6 4 3 1 5 4 4 5 2 1 3 3 8 6 4 6 3 4 4 4 3 4 4 3 1 4 5 4 4 5
M[61] : 4 7 7 5 6 3 3 4 3 5 5 3 2 3 5 7 3 2 4 4 7 0 6 5 2 4 5 6 1 2 5 5 3 7 5 6 2 5
M[62] : 3 5 3 5 5 2 3 4 1 4 3 5 5 3 3 3 5 4 4 5 2 7 1 6 2 0 4 6 6 5 5 4 6 3 2 2 4 3
M[63] : 5 4 4 5 4 4 4 3 3 4 6 3 4 4 2 5 3 4 5 5 4 5 2 4 5 4 3 3 5 3 6 4 3 6 0 4 3 4
M[64] : 1 5 4 5 2 4 3 5 5 6 2 3 6 4 6 3 5 2 3 0 2 4 7 5 6 3 3 2 3 4 4 4 4 2 4 3 6 5
M[65] : 5 4 6 3 5 6 5 6 5 5 4 0 4 4 3 5 4 4 4 2 5 6 4 3 4 4 1 2 4 3 4 4 2 5 5 4 4 6
M[66] : 3 1 3 2 5 2 0 4 3 7 6 6 4 5 5 7 6 4 6 2 5 3 1 5 5 3 5 2 3 4 3 7 4 4 4 4 5 5
M[67] : 5 3 6 3 4 4 6 5 6 3 0 5 3 2 6 3 4 3 3 4 2 3 4 4 3 3 2 4 4 2 7 5 5 6 5 4 4 2
M[68] : 6 3 4 5 3 5 4 4 0 7 4 4 7 2 3 3 6 0 4 5 4 4 5 0 2 4 3 7 4 5 5 3 5 6 4 7 5 1
M[69] : 3 0 4 4 5 3 4 2 5 6 5 4 3 2 4 6 3 0 5 5 4 5 5 5 2 4 4 7 4 4 5 3 5 2 4 5 5 5
M[70] : 4 5 2 5 1 0 3 6 4 3 3 4 4 5 4 4 0 4 4 3 4 2 2 4 3 2 2 4 4 2 3 3 2 6 6 5 3 6
M[71] : 2 5 4 2 5 5 1 5 4 5 2 2 7 2 3 4 5 1 6 4 3 5 4 0 6 4 1 6 1 5 4 4 3 3 3 3 4 4
M[72] : 5 3 3 2 5 4 4 4 5 3 4 4 4 4 4 4 4 1 6 2 7 4 3 5 3 3 3 5 5 3 3 6 5 5 5 5 0 5
M[73] : 3 4 6 6 6 5 3 3 4 3 3 2 6 5 5 3 3 4 5 4 4 6 3 5 5 3 3 0 4 6 2 2 6 4 4 5 4 2
M[74] : 4 3 4 5 5 1 4 3 7 7 3 2 0 4 3 3 0 3 7 7 3 5 5 4 6 3 5 4 4 4 4 4 4 5 3 5 3 3
M[75] : 4 4 4 2 6 0 5 7 2 5 3 4 7 6 4 2 5 3 3 3 7 5 2 6 3 2 2 4 4 6 4 3 4 2 5 3 5 3
M[76] : 5 4 3 4 5 4 4 0 1 7 4 3 4 6 5 2 3 3 5 2 5 2 5 1 4 5 4 4 2 4 6 4 5 3 4 3 5 3
M[77] : 6 5 7 2 5 5 5 1 5 5 6 2 0 4 4 2 3 4 4 5 2 5 4 3 2 4 5 5 4 7 4 6 3 5 2 5 2 4
M[78] : 2 4 5 5 3 1 5 7 2 5 4 0 4 2 3 3 4 1 4 5 4 6 2 4 2 3 5 3 5 4 6 1 5 4 4 4 5 5
M[79] : 2 8 4 3 3 3 2 4 2 4 4 3 4 6 4 3 5 5 2 4 5 0 3 3 4 4 5 4 4 6 6 4 5 1 2 4 5 4
M[80] : 4 5 4 3 4 4 5 1 4 5 5 4 4 5 4 4 5 1 0 3 2 3 5 2 5 1 3 5 5 8 3 5 5 5 2 2 5 4
M[81] : 3 4 4 4 1 5 4 3 2 3 4 2 4 4 3 4 5 0 2 6 2 4 5 3 4 4 5 5 1 4 3 6 3 4 4 5 1 3
M[82] : 6 6 4 3 5 4 2 4 3 3 3 3 5 5 2 4 6 3 5 3 2 4 4 2 4 2 2 5 5 6 5 6 2 6 6 6 2 0
M[83] : 4 2 6 5 7 3 3 2 3 1 2 3 2 3 3 4 4 0 4 5 2 6 7 5 2 5 2 6 4 4 4 5 4 7 3 5 3 6
M[84] : 4 3 4 5 3 5 2 2 5 4 4 2 3 4 5 3 4 4 5 5 4 3 1 3 6 6 3 4 5 2 2 3 4 2 1 2 5 0
M[85] : 6 5 3 4 5 6 5 4 3 4 3 6 4 4 3 5 4 1 6 3 4 6 4 6 4 3 3 4 2 5 5 2 1 5 5 2 0 2
M[86] : 6 4 7 3 3 2 3 6 5 5 3 5 5 4 5 6 5 6 3 0 4 5 5 3 4 3 3 7 6 3 4 4 3 5 3 0 2 6
M[87] : 6 4 4 4 4 5 2 3 3 4 3 2 3 0 7 4 2 1 5 1 4 4 3 5 7 3 3 4 6 1 5 2 4 4 4 6 6 7
M[88] : 4 3 5 4 3 4 3 4 0 5 4 4 6 4 7 4 4 5 6 3 3 1 4 3 7 3 4 4 3 2 6 5 6 4 4 5 6 5
M[89] : 2 4 3 6 3 4 7 4 6 4 6 4 4 4 4 5 5 5 2 2 5 5 3 2 3 2 0 5 4 4 6 4 3 2 2 5 5 7
M[90] : 6 1 3 4 5 6 6 3 5 5 4 2 5 0 2 5 3 3 3 4 5 4 5 3 5 3 5 5 6 6 4 5 7 6 2 4 3 2
M[91] : 5 2 4 2 5 5 3 3 3 3 4 5 4 4 6 3 6 5 3 3 3 4 4 2 3 4 2 1 0 6 6 3 6 3 6 4 5 5
M[92] : 5 2 5 4 5 6 4 6 5 3 5 1 5 3 3 4 5 2 4 2 4 3 4 1 3 3 2 4 5 2 4 5 4 0 4 1 3 4
M[93] : 3 3 4 5 5 4 4 3 5 4 4 0 2 2 3 4 3 2 6 2 5 2 3 3 2 5 6 6 5 3 4 5 6 3 4 5 4 4
M[94] : 2 5 3 3 5 3 7 3 2 6 5 4 5 3 3 3 5 2 3 5 3 6 3 4 1 3 5 3 4 4 4 4 5 3 3 4 3 0
M[95] : 5 5 4 5 2 3 2 4 4 4 4 3 4 4 0 6 3 5 4 3 3 4 5 6 5 4 4 5 3 3 4 3 5 5 5 6 3 4
M[96] : 6 4 3 2 6 3 4 5 6 3 4 4 5 5 3 5 5 3 3 3 3 4 4 4 0 4 3 3 4 3 4 4 4 2 4 2 4 6
M[97] : 4 3 3 1 4 4 1 3 2 5 6 3 4 3 4 3 3 3 6 5 0 4 4 2 4 3 4 2 5 4 5 2 5 2 4 4 7 5
M[98] : 5 5 3 4 5 5 4 3 2 4 4 4 3 4 4 4 4 1 4 6 2 0 5 1 4 4 2 4 3 5 6 4 4 4 3 3 7 4
M[99] : 4 5 4 6 4 3 2 6 5 0 3 4 4 3 4 2 3 2 4 5 4 4 0 5 4 3 2 2 5 4 2 5 4 5 1 4 5 3
M[100] : 3 2 1 5 4 5 6 7 3 5 6 5 5 4 2 4 6 3 4 5 4 2 2 4 2 4 4 2 3 2 0 5 5 4 3 4 4 4
M[101] : 2 4 4 3 4 0 2 2 3 3 5 2 2 5 5 4 6 6 5 2 1 1 5 3 1 4 2 3 4 6 5 4 2 5 3 4 3 6
M[102] : 5 3 5 6 5 2 5 4 5 6 3 3 3 2 4 5 2 4 5 3 2 1 3 4 7 3 4 8 4 3 1 1 2 6 3 2 0 2
M[103] : 5 6 2 3 2 4 5 2 4 5 6 0 2 2 4 4 4 2 5 4 1 3 4 4 4 3 5 4 1 1 3 4 5 3 2 5 5 6
M[104] : 7 4 4 2 5 5 4 2 3 4 4 4 3 2 2 5 6 3 0 4 6 2 3 3 4 4 6 5 6 5 4 2 5 2 5 5 5 4
M[105] : 4 3 6 6 5 1 0 5 5 0 4 4 3 1 2 2 5 3 4 3 3 7 3 6 2 2 1 5 4 5 3 5 3 3 3 4 6 5
M[106] : 4 4 3 3 5 2 5 3 7 1 3 5 2 4 6 5 4 6 4 6 3 2 3 7 5 2 3 3 6 7 3 0 5 6 2 3 5 3
M[107] : 2 3 4 4 6 5 5 1 5 4 3 2 6 3 0 3 0 6 5 3 4 5 5 6 5 6 4 3 5 5 2 2 5 5 3 2 5 3
M[108] : 5 4 5 0 2 3 6 4 5 7 5 2 5 4 5 3 6 4 1 4 5 2 5 5 3 4 6 5 4 4 2 3 0 4 5 6 4 3
M[109] : 5 4 5 4 6 6 1 1 2 4 4 6 3 3 4 5 2 4 3 4 4 6 4 5 3 5 4 4 3 5 3 2 5 5 0 6 5 5
M[110] : 6 6 3 3 3 3 3 3 4 4 0 5 4 4 4 2 7 3 4 4 6 2 4 3 3 1 4 2 4 3 3 3 5 5 4 2 5 4
M[111] : 4 2 3 3 0 3 5 5 2 3 4 3 5 4 1 2 5 1 4 3 1 5 5 6 5 3 5 5 5 4 4 4 1 4 4 3 4 2
M[112] : 1 3 4 3 6 3 4 5 2 5 7 4 5 3 5 3 5 3 4 0 4 4 3 3 1 3 5 5 1 5 5 7 4 7 5 5 4 5
M[113] : 4 5 3 4 4 6 3 3 3 5 5 3 4 0 4 6 4 6 4 5 2 3 2 6 3 3 5 5 1 1 1 5 3 5 5 2 6 5
M[114] : 2 3 4 4 0 4 3 4 5 4 4 5 3 6 1 4 2 5 3 5 2 3 5 6 5 5 4 8 2 3 8 6 4 5 4 3 3 4
M[115] : 5 5 0 3 5 5 2 1 5 4 3 4 5 7 3 4 4 3 4 4 3 5 6 3 5 5 4 4 5 3 4 5 6 4 3 5 2 5
M[116] : 5 2 3 2 3 2 4 2 3 3 2 5 4 7 3 4 5 2 5 3 4 3 5 3 0 6 3 3 2 6 2 3 6 5 5 5 5 2
M[117] : 4 6 4 4 6 3 5 3 4 3 4 1 3 2 6 5 3 3 2 5 4 6 5 6 2 6 3 8 3 5 4 0 5 4 2 4 4 2
M[118] : 4 5 4 3 7 2 5 1 4 4 5 4 3 3 7 4 3 2 3 5 3 3 7 0 3 6 6 4 2 5 6 5 4 4 2 4 6 4
M[119] : 4 5 4 5 6 4 3 5 6 4 6 5 7 5 4 2 4 4 5 1 4 4 0 2 4 3 5 4 3 4 3 4 2 4 4 5 4 4
M[120] : 2 5 4 5 4 2 5 3 2 6 5 3 5 5 3 4 4 3 4 4 5 4 7 6 2 1 3 4 4 6 4 4 3 1 4 4 0 3
M[121] : 4 6 2 6 4 6 0 4 5 4 5 5 5 1 3 5 3 2 3 1 3 3 3 4 4 4 3 2 3 4 3 5 3 4 4 4 1 4
M[122] : 4 5 5 0 5 4 3 4 2 5 4 4 4 3 2 5 4 2 5 4 4 7 6 5 4 6 2 6 4 4 5 3 6 2 3 3 6 5
M[123] : 5 3 4 5 5 3 4 5 2 4 4 1 4 6 5 4 4 3 3 6 2 3 5 4 2 6 2 4 6 3 4 6 5 0 6 4 5 3
M[124] : 4 6 5 5 4 3 2 6 5 3 1 4 4 4 4 3 5 7 5 4 5 4 6 2 4 4 4 4 5 3 5 2 4 0 4 3 4 7
M[125] : 2 4 3 4 5 2 0 3 2 2 4 4 2 6 5 3 6 3 5 5 5 4 4 5 4 6 5 3 5 4 2 6 5 4 6 3 4 3
M[126] : 5 2 7 3 3 4 3 4 4 3 5 2 2 5 4 2 3 5 4 6 3 3 3 2 5 4 3 3 3 3 4 6 5 3 2 7 4 0
M[127] : 3 3 2 3 2 5 6 7 2 5 1 2 3 4 4 6 4 2 4 1 5 6 5 5 6 3 2 6 5 0 6 6 3 3 6 4 6 3
M[128] : 3 5 2 2 4 3 3 3 5 1 2 4 6 3 4 5 4 5 5 2 2 4 3 3 2 4 4 4 4 3 0 4 4 6 3 4 6 3
M[129] : 6 4 4 3 3 4 3 4 7 3 6 4 0 4 6 3 4 3 3 6 2 3 3 5 3 2 4 5 5 4 2 2 4 6 2 6 4 4
M[130] : 1 3 5 2 4 6 7 5 1 7 3 1 4 0 5 2 4 2 5 4 4 2 4 4 7 4 5 4 3 4 2 3 2 6 4 3 4 4
M[131] : 4 5 5 5 4 6 5 3 3 4 3 2 3 3 2 4 5 2 3 5 2 0 2 5 6 4 2 5 3 7 3 4 4 4 4 4 4 4
M[132] : 4 2 0 6 4 5 3 5 1 2 5 4 3 5 5 7 5 4 5 7 2 6 5 3 3 2 4 3 6 4 4 2 3 3 3 5 3 3
M[133] : 5 4 6 2 4 3 4 3 5 5 3 3 6 3 4 3 0 5 3 3 4 5 0 4 4 4 5 0 3 5 2 5 5 7 5 5 4 3
M[134] : 6 0 2 3 8 4 1 6 5 2 5 3 2 2 3 2 6 3 3 6 4 5 5 2 5 2 4 0 3 4 3 3 2 4 4 6 4 3
M[135] : 5 1 4 3 6 5 3 4 0 5 8 5 1 3 4 2 7 3 3 5 5 2 3 2 4 3 2 4 5 4 6 6 4 3 1 4 3 4
M[136] : 5 3 4 4 2 4 5 6 5 7 2 4 1 4 7 5 5 3 3 5 0 6 3 3 3 4 3 1 4 4 4 4 3 3 4 3 4 4
M[137] : 5 3 4 2 4 6 5 0 7 2 2 4 2 3 6 5 2 4 4 6 5 0 6 5 4 3 6 3 4 3 6 4 3 4 3 3 6 3
M[138] : 6 5 6 4 2 4 0 3 4 5 2 6 3 4 4 5 6 3 3 6 2 6 4 4 3 1 4 2 5 6 4 5 0 6 1 4 3 5
M[139] : 2 2 2 4 3 5 5 6 5 2 4 5 3 3 5 3 6 0 3 2 5 2 3 1 3 1 6 4 6 4 4 5 4 3 4 4 3 5
M[140] : 3 5 6 4 4 1 2 5 2 6 5 5 3 4 4 4 3 1 4 4 2 7 6 3 3 4 0 2 6 3 5 4 3 3 4 3 6 2
M[141] : 4 3 3 4 4 7 5 0 4 4 6 4 2 4 4 6 2 3 0 2 3 3 3 3 5 4 3 4 4 5 1 4 3 3 3 5 4 4
M[142] : 6 5 5 2 5 3 3 3 4 5 5 2 5 2 3 5 4 5 3 0 2 7 3 5 2 5 2 4 5 1 3 4 3 3 6 5 4 4
M[143] : 3 3 3 0 4 7 4 4 5 2 6 0 3 6 5 4 2 4 3 3 2 2 3 6 6 1 5 3 6 5 3 3 5 4 6 3 5 3
M[144] : 5 5 3 4 4 5 3 4 5 4 6 4 5 4 4 1 4 2 3 5 4 3 4 4 5 4 6 3 5 5 5 2 3 3 2 0 3 7
M[145] : 3 7 4 5 2 5 5 3 4 4 4 2 0 4 5 3 3 5 5 4 4 4 4 5 4 4 4 4 5 5 4 2 3 4 5 3 5 2
M[146] : 4 6 2 5 3 5 3 2 0 3 6 6 4 5 3 5 5 3 3 2 4 1 4 5 0 4 2 6 4 3 4 3 6 5 4 4 4 5
M[147] : 4 5 6 7 2 2 3 4 3 3 7 5 3 3 5 3 5 4 4 4 6 5 3 4 5 3 2 4 4 5 5 5 4 5 6 3 0 3
M[148] : 4 6 5 3 3 4 5 4 6 2 0 2 4 4 2 6 4 1 1 4 3 3 2 3 3 3 4 4 0 3 2 4 2 5 3 6 2 8
M[149] : 7 5 3 2 7 6 4 4 4 6 4 3 3 5 6 4 3 2 4 5 2 6 6 0 5 5 2 6 2 4 3 3 4 1 3 4 6 3
M[150] : 4 3 4 4 2 4 5 4 6 3 0 3 4 6 4 3 4 4 7 6 5 4 5 3 5 3 5 3 1 5 3 3 5 3 5 6 2 4
M[151] : 4 3 4 6 3 3 4 6 4 3 2 2 4 3 6 5 5 5 3 4 3 3 3 4 4 0 6 2 6 1 5 7 6 5 5 3 2 4
M[152] : 5 4 5 3 4 4 2 4 3 4 3 5 4 4 4 3 5 3 0 7 5 4 3 3 1 4 4 5 4 4 1 5 3 4 5 3 4 2
M[153] : 5 4 4 3 4 3 4 6 1 4 6 2 1 3 5 5 2 0 1 5 5 3 6 5 3 3 1 3 3 6 3 3 4 5 3 4 4 5
M[154] : 3 3 6 5 2 5 5 6 4 3 4 4 5 6 5 0 3 4 4 5 4 2 2 3 5 2 3 6 3 4 4 2 6 2 4 5 2 3
M[155] : 4 5 3 3 4 5 5 1 3 6 4 4 5 4 3 2 5 3 4 4 5 5 1 6 4 5 3 4 3 6 5 3 4 5 3 2 2 0
M[156] : 4 2 2 3 6 2 5 4 5 1 3 4 5 1 3 4 2 6 6 3 7 4 2 3 5 4 0 6 7 6 5 5 5 4 6 6 2 4
M[157] : 6 5 4 6 3 4 4 6 4 2 3 4 4 5 4 4 6 6 6 3 3 3 2 4 1 6 3 5 5 0 2 7 3 2 4 5 4 4
M[158] : 0 1 3 5 3 3 4 4 5 3 3 2 4 3 3 6 6 5 2 3 4 3 2 6 5 3 3 4 5 3 4 3 6 5 4 6 6 3
M[159] : 2 4 3 4 6 2 1 5 5 5 4 2 4 5 3 3 2 2 4 0 3 6 2 5 4 5 3 6 4 4 4 5 5 5 5 2 3 5
M[160] : 2 6 6 5 5 3 4 6 1 4 5 3 0 4 3 4 4 3 5 4 4 5 5 5 5 5 5 3 5 2 6 1 3 4 4 4 2 4
M[161] : 5 1 4 4 0 4 2 3 5 4 1 4 5 2 6 5 4 3 5 4 4 5 4 6 4 3 4 4 3 3 5 5 4 5 4 5 2 4
M[162] : 0 3 7 3 4 3 4 4 3 3 3 4 4 3 4 5 0 5 5 2 3 7 4 4 6 4 3 4 3 4 4 4 3 4 3 3 5 7
M[163] : 6 6 5 5 7 5 1 4 5 1 5 4 6 5 5 6 6 2 3 6 3 5 4 4 4 2 4 2 5 3 0 4 2 2 3 1 4 5
M[164] : 3 2 2 3 3 5 5 3 3 4 6 4 4 5 4 3 5 3 6 4 4 4 3 3 0 5 3 4 5 6 5 0 7 5 6 5 1 1
M[165] : 4 5 3 6 1 5 5 4 2 4 0 4 4 2 3 7 5 5 6 4 2 6 5 2 5 2 2 2 4 5 2 4 2 4 4 4 3 3
M[166] : 4 2 2 4 6 5 6 4 3 7 5 2 6 3 4 3 5 5 1 5 5 2 3 0 1 4 2 1 6 3 5 6 2 2 2 3 3 4
M[167] : 5 3 6 2 6 5 7 7 3 5 6 2 3 2 3 5 4 5 5 2 5 6 3 4 4 3 3 5 4 2 5 0 5 3 6 4 5 6
M[168] : 3 6 4 3 2 2 5 2 1 3 5 5 3 5 2 3 5 3 6 3 3 4 3 3 6 6 2 4 5 2 4 5 0 8 5 3 4 3
M[169] : 3 3 3 6 3 5 5 4 4 1 5 6 3 5 7 4 3 5 4 4 1 4 4 4 5 2 4 6 4 3 2 2 3 4 0 4 5 3
M[170] : 5 3 4 2 4 4 5 2 6 4 6 5 1 2 5 0 1 1 4 2 5 4 6 3 4 2 2 4 7 1 6 5 4 5 4 4 5 4
M[171] : 4 3 5 5 5 7 3 4 4 3 2 1 0 2 2 3 5 2 7 4 4 4 4 5 5 2 6 6 5 3 6 5 5 3 4 4 5 4
M[172] : 3 0 3 5 1 6 4 4 5 4 4 5 8 4 5 3 3 3 6 3 3 3 3 4 4 2 2 4 2 4 3 3 6 5 4 4 3 3
M[173] : 2 3 2 5 5 4 3 4 5 3 3 1 5 6 2 4 3 3 3 4 5 3 4 5 4 7 7 5 7 5 0 2 3 3 5 4 2 4
M[174] : 4 6 6 3 4 6 2 5 4 2 4 3 2 4 4 5 1 3 6 2 0 5 4 3 4 3 3 5 6 3 5 3 4 3 4 6 3 5
M[175] : 5 7 6 3 3 3 5 3 3 4 4 5 5 3 4 1 3 5 6 6 5 2 5 3 2 5 0 4 3 5 4 3 1 5 7 5 3 5
M[176] : 2 6 2 7 3 5 5 3 5 0 3 4 4 5 5 6 3 4 6 4 3 5 4 4 5 3 3 4 1 6 3 3 5 3 2 6 3 4
M[177] : 3 5 5 4 2 4 4 3 4 3 2 3 3 5 5 4 3 2 5 5 4 3 3 3 5 5 5 3 0 5 3 4 3 6 3 7 4 6
M[178] : 2 2 3 4 1 3 4 4 5 6 3 3 6 2 0 3 3 2 2 2 2 4 3 6 2 4 5 6 3 4 4 4 2 4 5 5 3 4
M[179] : 3 0 3 6 2 5 4 5 1 7 5 2 3 4 3 3 7 2 3 5 4 5 4 2 5 2 3 4 5 7 4 4 4 4 4 4 3 6
M[180] : 3 4 4 4 0 3 3 7 2 7 4 5 3 5 3 5 5 1 4 3 3 4 6 4 5 3 3 5 5 5 5 4 5 2 5 3 6 4
M[181] : 4 4 3 6 4 6 3 3 1 6 6 2 3 2 3 5 4 5 3 5 4 4 4 4 0 1 3 0 2 3 5 4 5 3 3 3 6 7
M[182] : 4 4 7 4 3 5 5 3 6 4 6 5 2 0 5 2 3 3 3 6 5 2 3 2 3 2 4 4 6 5 4 3 5 7 3 2 4 4
M[183] : 2 0 4 5 3 3 1 6 5 6 5 4 3 7 2 1 4 5 5 4 3 5 3 3 2 4 3 5 6 5 5 3 6 3 7 2 2 6
M[184] : 4 2 0 3 5 3 5 5 4 5 3 2 7 5 4 7 2 5 5 6 4 2 4 4 4 1 3 6 3 2 3 4 5 4 6 5 6 4
M[185] : 4 5 5 0 5 2 3 5 5 5 6 1 6 5 5 3 4 5 2 3 4 1 4 3 5 2 3 3 5 2 4 5 5 3 4 5 5 4
M[186] : 6 4 3 6 6 6 3 4 4 4 4 1 5 6 2 5 2 1 4 2 0 3 2 5 5 5 6 2 1 7 4 5 4 4 3 2 2 3
M[187] : 4 5 5 4 5 5 5 4 5 5 4 4 4 3 3 4 4 4 2 3 5 3 3 0 4 5 3 3 5 6 5 6 3 5 4 3 5 4
M[188] : 3 5 4 3 4 3 4 5 1 3 5 5 5 4 3 2 4 4 0 3 5 4 6 2 3 5 4 4 3 5 6 4 6 2 4 5 4 4
M[189] : 6 2 4 5 2 5 2 7 7 3 4 4 6 3 5 2 4 0 1 4 4 3 4 4 3 3 4 6 4 4 3 6 5 4 3 5 4 3
M[190] : 6 2 2 4 5 4 2 5 5 3 4 4 5 5 4 5 3 4 5 5 5 3 3 3 3 2 5 6 4 4 3 5 6 4 4 0 5 3
M[191] : 4 7 5 3 4 1 4 4 4 3 2 3 4 6 5 4 6 3 1 3 2 5 4 4 2 4 5 0 2 4 2 5 4 4 3 4 5 5
M[192] : 4 4 3 3 3 3 5 4 4 4 5 2 5 7 2 7 1 4 4 3 4 2 5 4 0 3 2 6 5 5 4 4 1 4 4 4 5 3
M[193] : 4 4 3 2 3 1 3 4 3 5 3 1 2 5 2 3 4 3 3 4 5 3 4 6 0 4 6 4 5 3 5 1 5 4 3 4 3 5
M[194] : 4 6 6 4 2 2 3 4 6 3 0 4 7 5 3 4 3 4 1 5 3 5 4 6 2 4 3 5 2 5 5 6 3 3 6 5 4 5
M[195] : 4 4 4 4 4 0 3 3 4 4 2 4 3 3 4 4 4 2 6 1 3 3 4 5 4 2 4 4 6 3 6 5 2 5 4 1 2 3
M[196] : 3 2 3 1 3 4 5 2 7 3 5 6 3 3 4 4 2 6 4 4 4 6 3 5 2 2 4 5 6 5 4 3 7 0 3 5 6 5
M[197] : 6 4 6 4 4 1 4 3 4 6 5 4 5 6 0 4 2 5 2 4 4 5 4 3 4 4 4 3 2 4 1 4 2 2 3 4 6 3
M[198] : 5 3 2 3 0 5 4 2 1 3 6 3 5 4 5 3 4 4 3 5 4 1 6 5 3 4 4 3 3 2 7 2 4 3 6 5 4 5
M[199] : 4 2 6 5 4 4 3 3 1 5 4 5 3 5 4 4 2 1 3 4 3 5 2 2 3 5 2 6 6 4 3 4 5 0 6 8 4 3
M[200] : 2 6 2 6 3 4 5 2 6 3 6 4 4 0 6 5 4 1 2 5 2 3 5 4 5 5 2 3 4 4 3 4 2 2 5 6 3 6
M[201] : 2 7 4 2 2 2 3 4 4 3 4 1 6 4 3 3 4 6 4 0 5 3 1 7 0 3 3 6 4 2 5 3 2 2 5 3 5 4
M[202] : 4 6 8 5 4 4 6 5 3 4 5 2 6 4 5 3 0 2 5 1 2 5 4 4 3 2 3 4 4 4 5 5 4 3 4 4 5 4
M[203] : 3 7 0 4 4 4 2 2 7 7 6 2 6 5 3 3 6 4 4 4 5 4 3 4 3 4 4 4 3 4 3 1 5 3 4 5 3 5
M[204] : 3 5 4 2 5 4 4 6 2 4 3 2 5 5 3 4 4 2 1 5 2 3 5 1 5 5 2 4 5 4 6 3 3 0 3 5 2 2
M[205] : 0 4 5 5 4 5 4 6 4 5 4 3 6 5 4 1 3 5 5 3 4 5 4 2 4 2 4 4 7 3 5 4 1 5 3 7 4 3
M[206] : 5 4 3 5 3 5 3 3 2 3 3 4 6 3 3 3 4 5 3 5 4 4 7 6 4 4 5 5 5 0 5 5 2 4 4 3 2 4
M[207] : 4 5 3 2 6 3 3 0 3 4 6 5 6 3 4 3 3 5 4 3 4 3 2 7 3 7 2 4 6 4 3 5 1 4 3 3 3 4
M[208] : 4 0 5 4 2 5 2 3 5 4 5 5 6 4 5 5 2 2 6 5 6 5 4 3 3 5 3 4 4 4 6 4 3 4 3 3 4 5
M[209] : 3 6 5 5 6 4 1 2 0 3 5 2 6 3 5 4 4 4 5 4 4 6 5 4 6 3 6 4 3 0 4 4 2 3 5 5 6 4
M[210] : 7 7 5 4 4 4 4 3 3 0 5 2 6 5 4 1 3 3 6 6 5 4 4 5 3 5 5 3 1 2 2 3 4 4 5 5 6 7
M[211] : 5 3 4 2 4 3 4 2 5 6 2 3 4 3 5 5 4 1 5 4 4 5 4 4 2 6 5 2 5 4 5 4 4 6 0 3 5 4
M[212] : 5 3 4 5 2 5 5 6 3 2 4 0 6 6 6 7 7 3 5 6 4 4 3 5 4 5 0 2 5 5 5 3 5 2 3 3 1 4
M[213] : 2 3 5 5 4 1 5 7 5 4 5 3 0 2 5 2 3 4 2 5 5 4 3 5 3 2 3 3 2 6 3 4 5 7 5 6 3 4
M[214] : 5 2 3 5 4 5 4 5 4 4 4 4 5 4 2 3 0 4 5 2 3 5 4 3 4 4 4 4 1 4 3 1 5 5 3 2 3 2
M[215] : 4 4 2 4 2 4 0 6 5 4 2 6 3 5 0 4 2 3 4 1 3 3 4 4 2 3 5 4 5 2 6 6 4 2 4 7 4 2
M[216] : 5 5 3 6 4 3 3 2 5 5 4 5 3 3 4 4 4 3 3 6 3 4 6 2 1 1 5 4 5 3 5 5 1 4 3 6 3 0
M[217] : 3 7 0 5 4 5 3 5 4 6 5 5 3 1 5 3 6 3 3 6 2 3 3 4 1 1 3 5 4 4 5 4 3 6 5 6 3 2
M[218] : 3 6 3 2 5 6 4 4 4 4 3 3 4 3 6 7 4 5 3 3 4 3 3 4 0 4 2 5 4 1 3 3 4 5 7 4 5 3
M[219] : 3 6 6 0 4 3 4 4 2 3 2 4 4 4 5 2 6 3 1 1 3 3 6 1 3 4 4 3 3 6 4 2 4 2 4 4 4 3
M[220] : 3 3 4 4 6 4 6 5 3 2 3 4 4 5 3 5 6 2 3 3 5 3 5 2 6 6 4 3 2 4 4 0 1 5 3 2 6 5
M[221] : 5 3 3 5 3 3 3 7 5 4 4 3 4 6 2 5 3 3 3 5 2 5 3 5 4 6 3 4 3 4 4 3 3 4 5 4 0 5
M[222] : 2 4 6 4 4 3 6 3 2 6 3 5 5 4 5 6 1 4 4 3 4 3 3 4 5 2 4 2 0 5 4 3 6 6 3 5 4 3
M[223] : 5 7 3 4 4 2 4 2 5 5 3 1 1 4 6 6 5 4 3 6 4 4 0 4 4 2 4 4 3 3 4 4 2 4 5 5 4 5
M[224] : 5 3 4 3 5 2 3 4 5 5 4 2 4 5 2 0 3 3 3 2 5 5 5 4 5 3 3 2 5 3 4 4 5 1 5 6 6 1
M[225] : 5 2 5 1 6 2 3 3 1 4 6 3 4 3 3 5 5 4 3 4 5 0 5 6 4 4 4 5 3 7 3 3 2 3 6 5 3 1
M[226] : 4 5 5 1 3 6 4 5 3 6 4 4 4 5 3 4 5 5 2 5 1 3 2 5 3 3 1 3 2 2 5 5 3 0 5 4 4 2
M[227] : 4 5 6 5 2 5 6 5 4 5 4 2 4 5 5 5 4 3 0 1 5 3 5 2 7 1 3 2 4 3 1 4 4 3 2 3 3 4
M[228] : 5 4 3 0 2 5 2 5 4 5 4 1 2 5 4 3 4 2 5 5 3 4 5 5 0 3 4 4 1 5 4 2 6 7 5 2 3 4
M[229] : 6 5 4 3 4 4 3 3 4 5 3 3 3 4 3 2 3 6 4 5 4 7 4 2 4 3 4 0 3 3 7 3 6 2 4 4 4 3
M[230] : 6 2 4 3 5 4 5 4 4 2 4 3 4 5 5 0 4 1 5 5 5 4 7 2 4 4 4 3 5 6 6 4 5 3 2 6 5 3
M[231] : 3 1 1 4 3 2 4 5 5 4 5 3 6 2 5 4 2 6 2 4 2 6 3 3 4 3 4 3 3 6 5 0 5 3 3 2 3 5
M[232] : 0 2 3 3 2 3 6 4 7 4 5 6 6 3 5 4 4 4 4 2 1 3 3 6 4 3 4 4 4 3 3 4 6 3 3 4 4 5
M[233] : 4 4 3 3 2 3 4 3 7 4 5 1 5 5 7 3 0 4 4 2 5 4 5 6 4 4 3 3 3 4 4 5 5 4 4 6 2 3
M[234] : 5 6 4 4 5 6 4 6 5 1 3 0 3 5 0 3 4 2 3 4 3 4 5 4 7 3 3 3 6 3 4 4 5 5 4 3 4 4
M[235] : 4 7 3 0 2 3 4 4 4 6 1 4 7 4 3 5 5 5 3 5 3 3 1 5 1 5 3 5 4 3 4 7 4 4 3 4 5 5
M[236] : 2 4 3 3 4 5 1 6 4 3 3 0 2 4 3 2 3 5 3 3 4 1 5 3 4 0 3 1 5 7 3 5 1 7 5 6 5 4
M[237] : 5 3 4 5 5 5 3 7 4 4 3 4 4 3 5 4 2 0 5 5 6 4 4 4 0 3 4 3 5 6 4 6 5 4 4 1 5 5
M[238] : 5 4 8 3 4 4 4 2 3 1 2 3 5 2 2 3 5 5 5 4 5 5 0 3 5 2 3 5 2 1 3 2 3 5 5 5 4 3
M[239] : 3 5 5 2 3 0 5 5 4 2 5 6 4 8 5 4 0 3 3 3 6 4 4 5 4 5 4 2 3 6 4 5 6 3 3 3 3 1
M[240] : 4 6 4 2 1 1 5 2 5 4 3 4 5 4 3 5 2 3 4 3 0 2 4 4 4 3 2 5 3 5 5 5 4 3 2 2 6 3
M[241] : 2 4 6 3 2 5 3 4 4 3 4 2 4 3 2 6 5 6 5 4 4 5 4 3 3 4 4 6 5 3 5 3 0 3 5 3 3 3
M[242] : 4 4 3 5 1 3 3 2 5 3 3 1 2 3 1 5 3 3 7 3 0 8 4 3 4 3 5 6 4 6 4 5 3 5 4 6 4 2
M[243] : 3 3 2 6 4 3 6 5 2 4 3 3 2 4 2 2 3 2 4 3 8 2 5 5 5 0 3 5 7 4 3 4 6 5 6 3 6 6
M[244] : 3 4 4 4 3 4 6 2 6 5 0 4 4 5 4 4 3 3 3 3 3 3 3 5 4 4 4 3 4 1 3 3 2 6 3 5 4 5
M[245] : 3 5 5 3 5 2 5 3 3 0 6 4 3 5 2 4 5 3 4 5 3 3 4 7 5 2 4 3 6 2 4 2 5 6 4 4 3 5
M[246] : 2 6 3 5 6 5 4 6 7 5 5 4 4 6 4 3 3 2 4 3 4 3 4 4 3 4 4 3 4 3 3 3 5 4 5 3 2 0
M[247] : 2 5 7 4 3 5 2 3 3 4 5 2 6 4 3 4 6 4 5 1 5 6 4 4 4 3 4 5 2 2 3 4 0 4 5 3 3 6
M[248] : 5 6 2 5 3 4 3 5 5 5 2 2 3 4 7 6 4 2 5 5 0 2 2 5 4 4 3 4 1 5 3 5 0 3 4 5 2 3
M[249] : 4 4 2 4 4 4 4 3 5 2 3 4 4 3 5 4 3 3 4 6 5 3 5 5 5 4 3 5 5 4 4 6 4 5 3 3 0 3
M[250] : 4 2 5 5 3 0 3 2 4 3 3 5 2 7 5 5 1 5 5 4 5 4 4 5 3 2 0 6 3 5 5 3 3 3 4 4 3 6
M[251] : 6 5 5 4 4 4 7 5 4 0 0 2 3 5 5 2 4 4 5 6 5 2 2 2 4 5 3 4 5 3 4 4 4 3 3 3 3 4
M[252] : 6 4 5 7 2 4 4 0 4 5 5 2 4 4 5 4 4 3 3 4 3 2 5 4 2 4 3 4 3 3 3 4 8 6 4 3 4 5
M[253] : 6 3 4 2 3 5 6 4 2 4 3 3 3 5 5 5 5 1 0 3 6 4 5 3 2 2 4 1 4 5 6 1 6 4 2 3 6 6
M[254] : 3 6 5 5 6 6 4 5 4 0 4 3 4 6 5 5 4 2 3 5 5 4 3 6 4 3 3 3 5 4 4 3 2 6 5 3 3 2
M[255] : 2 5 4 0 4 2 5 3 4 4 4 4 4 4 5 3 5 3 5 3 5 4 3 1 3 5 4 3 4 6 3 3 3 4 5 2 3 3
M[256] : 4 4 5 5 3 2 5 2 3 3 4 2 3 4 4 6 5 4 6 6 4 4 1 4 5 3 4 4 5 6 4 2 3 4 2 0 3 4
M[257] : 3 5 5 3 6 1 3 2 6 4 4 3 6 7 3 5 6 2 4 2 4 4 5 3 0 3 3 1 4 5 3 4 6 2 3 7 3 4
M[258] : 2 5 6 6 5 4 4 5 3 2 3 4 4 4 3 2 3 3 3 6 6 4 2 2 7 4 2 4 5 5 4 3 2 3 0 3 4 4
M[259] : 3 6 4 3 3 5 5 3 6 5 3 4 8 6 2 5 4 3 3 3 5 5 3 6 6 0 3 5 4 4 4 4 5 5 6 4 4 5
M[260] : 7 2 4 3 6 6 7 6 5 3 1 6 6 5 5 4 5 4 2 6 4 4 3 0 4 1 1 4 6 4 3 3 1 1 7 2 5 5
M[261] : 3 3 4 5 3 3 3 4 4 0 4 2 3 4 7 5 5 4 5 5 4 3 4 5 3 2 2 6 2 5 2 3 4 3 4 5 5 5
M[262] : 1 4 4 3 5 0 4 1 4 2 3 1 6 4 4 4 4 2 4 3 3 4 4 5 4 5 4 3 4 4 4 3 6 3 3 4 5 5
M[263] : 4 4 3 4 5 4 3 4 3 4 5 6 3 6 0 7 4 6 5 3 4 1 2 5 2 4 5 3 4 4 6 5 3 2 4 3 3 2
M[264] : 5 0 4 3 5 5 2 6 4 4 4 1 5 5 3 4 5 5 4 3 2 7 0 7 4 4 5 2 3 6 5 3 4 4 2 5 3 4
M[265] : 5 2 4 2 4 1 4 3 3 2 5 3 6 2 4 5 4 4 3 5 6 0 6 4 0 0 4 4 4 5 2 4 3 3 6 6 3 4
M[266] : 4 4 5 3 4 4 2 3 0 6 3 4 2 5 4 4 4 3 2 6 5 3 4 5 3 1 3 4 5 3 3 4 2 6 5 6 2 4
M[267] : 5 4 5 5 4 6 5 4 3 3 4 1 5 7 3 3 5 1 2 7 2 4 5 3 3 3 4 2 2 4 3 5 4 2 0 4 4 2
M[268] : 3 4 2 5 3 6 4 3 4 4 5 2 5 4 3 3 1 4 3 4 5 5 3 3 4 2 4 3 7 0 4 3 4 3 4 4 2 2
M[269] : 4 6 3 6 5 5 2 7 3 2 3 3 2 0 4 3 5 2 4 4 5 5 1 3 3 6 2 2 4 4 4 3 5 2 3 5 3 6
M[270] : 0 4 2 2 2 2 3 5 3 5 5 0 3 4 4 4 6 3 3 5 6 4 6 5 5 1 3 6 2 4 4 4 2 4 4 5 5 5
M[271] : 4 3 5 4 5 2 3 5 4 4 4 4 4 3 2 2 5 6 6 4 4 2 4 3 3 3 6 6 6 5 4 3 0 5 3 4 5 6
M[272] : 5 4 6 3 3 3 5 3 0 5 7 1 6 4 3 6 3 3 4 3 4 4 4 4 4 2 4 1 4 1 5 3 4 2 5 3 5 3
M[273] : 5 4 3 3 4 4 5 3 2 3 5 4 3 4 7 0 3 3 4 4 2 6 3 4 6 4 2 5 6 3 5 5 3 5 2 3 6 4
M[274] : 5 6 4 4 2 4 4 6 4 3 5 6 3 5 3 5 1 6 3 2 5 4 7 5 4 4 4 3 4 6 3 2 5 2 3 5 5 0
M[275] : 5 6 4 5 4 4 3 4 5 3 4 5 3 4 5 3 4 4 5 5 5 5 3 5 5 2 2 3 4 0 3 4 6 2 2 5 5 6
M[276] : 5 6 4 2 1 2 0 4 2 3 5 3 5 5 4 2 6 2 6 5 3 6 5 2 3 3 2 4 3 4 6 4 4 3 5 6 5 5
M[277] : 0 4 1 5 2 4 3 5 4 3 7 3 3 3 2 5 4 4 7 3 7 4 6 5 2 5 4 6 5 4 5 4 5 3 5 4 4 5
M[278] : 4 4 5 3 5 2 6 1 0 4 2 5 4 5 2 3 6 1 3 5 5 2 5 5 7 5 3 6 3 4 3 4 3 2 4 4 3 4
M[279] : 5 5 4 5 3 2 4 4 5 6 2 1 5 4 3 5 4 3 2 0 5 4 5 5 4 2 3 4 4 6 3 4 2 3 4 6 2 4
M[280] : 4 2 3 6 2 3 5 3 3 4 4 3 2 4 1 4 4 3 5 0 3 3 3 4 3 0 3 5 6 5 4 4 4 7 5 4 5 2
M[281] : 5 4 5 4 6 3 5 3 4 4 3 4 6 5 7 2 7 3 3 2 7 2 5 4 5 3 0 4 2 3 6 5 5 3 4 7 3 4
M[282] : 2 0 4 6 2 1 3 4 5 5 4 3 6 6 5 5 3 4 3 4 5 5 3 4 5 3 3 3 3 2 2 5 3 0 4 3 6 3
M[283] : 0 6 4 5 3 3 4 6 4 4 3 5 4 6 5 6 6 2 5 3 4 3 4 3 5 2 2 3 5 6 3 3 3 4 5 6 3 3
M[284] : 4 4 6 4 4 5 4 4 4 4 6 1 3 4 0 3 2 4 3 3 4 6 4 3 3 1 5 5 3 5 4 4 3 6 4 3 3 2
M[285] : 5 0 4 6 2 3 5 4 4 6 7 1 2 3 5 4 2 5 3 5 4 6 3 3 5 4 3 3 5 5 4 1 4 2 2 2 4 2
M[286] : 2 3 5 5 3 4 5 4 3 1 6 5 3 4 5 3 3 5 3 3 5 5 0 4 4 3 4 4 5 6 3 2 5 5 3 3 4 3
M[287] : 4 5 3 5 7 2 5 0 4 4 3 5 3 4 3 3 3 6 3 6 4 4 4 3 2 1 4 5 2 6 3 5 3 5 4 3 5 4
M[288] : 3 2 3 6 3 4 4 5 6 2 6 3 2 5 3 1 5 5 3 3 3 5 2 3 4 0 4 2 3 3 3 5 5 2 4 4 3 3
M[289] : 4 5 2 3 7 4 2 5 2 3 0 3 5 6 2 6 6 3 6 3 5 6 4 3 4 3 3 6 3 3 4 4 5 1 3 3 5 5
M[290] : 4 7 3 4 3 4 5 5 5 1 4 0 4 5 4 5 2 4 6 2 1 6 2 5 6 2 2 3 5 4 5 6 4 4 3 2 3 3
M[291] : 5 5 7 3 4 4 3 1 4 4 3 2 3 2 3 3 7 4 5 4 4 7 2 6 6 4 4 2 5 0 2 4 1 4 4 5 4 4
M[292] : 5 4 5 5 4 5 3 3 6 7 5 5 7 3 2 3 5 4 0 3 5 4 4 3 3 4 2 5 3 5 4 3 2 2 5 4 6 5
M[293] : 4 7 3 4 7 4 4 4 4 4 3 5 4 6 4 4 5 1 3 3 2 4 4 5 5 0 4 3 4 4 6 3 6 4 4 5 4 4
M[294] : 3 7 5 5 5 3 4 0 3 4 4 4 4 3 3 4 4 4 4 4 3 7 5 5 5 4 5 1 3 4 5 4 5 7 2 5 4 2
M[295] : 3 2 4 6 4 4 2 4 4 6 3 5 7 4 2 4 4 3 3 6 2 5 5 0 3 5 3 4 5 4 3 2 5 4 4 4 6 1
M[296] : 4 5 6 3 5 2 5 5 7 4 0 3 5 5 5 6 3 3 3 3 6 3 4 1 4 3 4 4 3 4 4 6 3 2 1 4 4 7
M[297] : 4 2 3 4 6 4 6 4 3 5 4 4 5 3 4 1 4 3 3 3 5 5 4 5 4 4 5 4 3 6 0 6 6 4 4 0 4 5
M[298] : 3 6 6 3 5 4 6 4 5 4 5 5 1 2 5 0 3 4 3 4 5 3 4 4 6 2 5 4 5 5 4 5 4 5 5 4 3 4
M[299] : 6 5 4 3 1 6 1 6 3 3 6 4 2 5 3 5 5 3 6 5 7 3 7 5 5 6 4 3 0 4 2 4 2 5 4 4 6 3

