 Execution de l'algoritme BITS sur le fichier flat300_28_0
=====================================================================
 Partitions  : 
Vk[0] : 99 251 254 72 286 258 153 281 212 -->  9 éléments.
Vk[1] : 237 273 166 224 115 215 129 230 8 -->  9 éléments.
Vk[2] : 59 235 128 197 42 101 76 219 185 -->  9 éléments.
Vk[3] : 175 96 174 49 91 98 89 146 164 -->  9 éléments.
Vk[4] : 278 81 5 25 127 263 210 245 -->  8 éléments.
Vk[5] : 207 100 191 52 260 176 157 23 -->  8 éléments.
Vk[6] : 79 142 104 116 133 137 45 31 95 -->  9 éléments.
Vk[7] : 233 243 208 40 69 284 26 57 6 -->  9 éléments.
Vk[8] : 290 241 55 162 43 296 122 160 -->  8 éléments.
Vk[9] : 171 223 272 141 159 16 199 268 -->  8 éléments.
Vk[10] : 114 150 70 50 240 276 120 178 -->  8 éléments.
Vk[11] : 277 33 39 265 106 62 269 58 -->  8 éléments.
Vk[12] : 222 36 283 94 247 169 188 270 20 -->  9 éléments.
Vk[13] : 187 147 13 77 236 198 229 126 -->  8 éléments.
Vk[14] : 155 63 287 203 156 32 170 295 -->  8 éléments.
Vk[15] : 17 239 53 246 34 102 119 56 66 -->  9 éléments.
Vk[16] : 149 253 267 92 136 204 54 144 231 -->  9 éléments.
Vk[17] : 121 10 294 200 113 83 206 105 24 -->  9 éléments.
Vk[18] : 298 110 61 271 143 193 255 213 151 -->  9 éléments.
Vk[19] : 274 216 173 192 117 262 22 48 -->  8 éléments.
Vk[20] : 232 145 214 112 182 86 297 87 225 -->  9 éléments.
Vk[21] : 275 140 181 3 266 293 189 259 -->  8 éléments.
Vk[22] : 165 249 148 7 244 111 28 51 1 -->  9 éléments.
Vk[23] : 299 60 2 221 138 261 124 125 161 -->  9 éléments.
Vk[24] : 67 252 80 93 90 218 71 139 131 -->  9 éléments.
Vk[25] : 196 201 209 202 279 180 288 227 -->  8 éléments.
Vk[26] : 186 177 21 257 29 73 65 107 194 -->  9 éléments.
Vk[27] : 256 88 75 46 220 250 167 78 -->  8 éléments.
Vk[28] : 18 47 109 264 11 168 172 130 12 -->  9 éléments.
Vk[29] : 68 82 38 217 135 4 97 280 195 -->  9 éléments.
Vk[30] : 14 226 163 248 35 108 291 238 -->  8 éléments.
Vk[31] : 118 211 132 242 85 37 19 27 -->  8 éléments.
Vk[32] : 134 30 44 103 15 285 64 123 205 -->  9 éléments.
Vk[33] : 0 184 289 234 41 190 228 74 -->  8 éléments.
Vk[34] : 9 292 152 158 84 183 154 179 282 -->  9 éléments.
Matrice M
M[0] : 3 7 5 4 4 1 5 6 5 6 2 3 3 4 5 5 5 4 5 4 4 3 3 5 4 4 3 2 5 4 1 6 5 0 3
M[1] : 4 6 7 4 4 4 2 4 2 4 4 4 4 5 6 2 4 5 5 2 4 2 0 5 3 5 5 3 5 7 5 5 4 5 2
M[2] : 3 7 5 5 5 4 4 6 4 1 5 3 5 2 5 6 5 3 4 4 7 3 4 0 5 4 7 4 3 6 4 2 2 2 4
M[3] : 5 6 7 4 6 4 4 5 4 4 5 3 5 3 2 5 4 5 4 5 3 0 4 6 8 6 3 4 5 5 4 4 3 5 5
M[4] : 4 5 3 8 7 2 2 3 4 2 4 3 5 4 3 2 4 7 2 5 2 3 7 6 4 6 7 4 4 0 3 4 4 4 3
M[5] : 2 3 9 6 0 6 5 3 3 4 4 4 3 3 4 6 5 4 5 5 5 6 4 7 4 5 5 3 5 3 6 6 2 2 6
M[6] : 3 4 4 3 7 5 6 0 3 3 3 3 6 4 2 4 5 3 5 4 5 4 4 6 5 5 3 4 4 6 5 1 6 4 8
M[7] : 2 8 6 8 4 4 6 4 4 3 3 5 5 3 3 5 3 7 5 2 4 3 0 1 5 5 3 4 4 4 3 5 5 2 3
M[8] : 6 0 4 5 3 3 3 6 3 1 2 5 4 6 5 6 4 6 6 3 5 4 6 4 4 7 4 4 1 8 6 4 5 4 5
M[9] : 2 6 5 4 5 3 7 2 4 1 4 2 7 4 3 5 3 4 7 6 6 3 5 3 4 4 4 5 3 3 4 5 6 4 0
M[10] : 6 6 8 6 5 5 3 4 5 3 5 2 3 6 2 6 4 0 1 4 7 5 5 2 5 3 6 4 4 3 2 7 5 4 3
M[11] : 7 5 5 7 6 4 2 8 3 4 2 5 3 6 2 5 2 4 6 3 5 3 4 5 4 4 4 7 0 4 2 5 3 5 6
M[12] : 2 5 4 6 5 6 3 2 5 4 4 4 6 2 6 3 3 5 5 2 7 5 4 4 4 3 4 2 0 7 6 3 4 5 4
M[13] : 4 4 2 5 2 7 6 6 4 2 6 7 4 0 4 3 6 2 7 7 5 3 3 7 5 5 3 6 6 2 4 5 3 4 3
M[14] : 4 3 3 6 5 3 4 4 7 5 4 5 6 3 3 6 6 7 4 4 3 6 4 6 3 2 6 3 5 1 0 5 8 4 4
M[15] : 5 3 3 5 2 6 5 5 4 6 4 3 4 5 4 8 7 7 4 2 6 4 3 5 5 7 7 5 6 4 4 3 0 4 5
M[16] : 5 4 7 4 1 4 2 4 4 0 3 6 3 6 6 2 3 6 5 5 3 5 7 6 4 4 4 3 3 6 5 4 5 4 4
M[17] : 3 6 5 4 4 3 6 4 4 3 4 5 3 6 4 0 2 3 4 4 3 3 5 5 6 3 4 4 6 5 4 4 5 5 6
M[18] : 3 6 4 5 5 6 4 6 5 4 3 5 2 4 2 3 3 5 4 5 5 5 5 5 4 4 2 3 0 4 4 4 6 3 3
M[19] : 5 7 6 6 3 3 3 3 6 6 2 3 2 1 4 4 4 6 4 2 7 5 5 4 4 3 4 4 2 7 4 0 8 4 6
M[20] : 2 5 4 6 5 3 6 3 1 4 4 5 0 4 2 5 6 4 3 3 5 3 5 4 5 3 6 3 5 3 5 6 3 6 3
M[21] : 3 6 3 6 4 3 4 5 5 3 5 4 5 3 4 5 6 4 4 2 4 4 5 5 4 3 0 5 5 7 1 6 4 6 6
M[22] : 4 7 7 3 3 3 5 3 4 5 6 5 5 5 4 6 3 4 3 0 3 6 3 5 5 5 3 5 6 3 4 7 4 4 4
M[23] : 4 5 4 3 4 0 5 5 6 2 3 4 6 4 5 3 6 6 6 5 2 3 3 4 5 3 3 5 3 5 3 5 5 4 6
M[24] : 3 3 5 5 4 4 3 4 5 3 5 4 5 2 6 3 4 0 4 2 3 3 5 6 7 2 5 4 5 3 3 4 7 5 4
M[25] : 5 4 3 3 0 3 2 7 4 4 3 3 2 3 6 4 3 5 5 3 4 7 5 5 7 5 7 3 4 4 3 2 6 7 2
M[26] : 5 5 3 5 4 6 5 0 2 2 0 3 4 3 3 4 6 5 3 6 3 4 2 1 4 2 6 5 4 5 5 5 4 5 2
M[27] : 8 5 3 4 4 6 5 7 4 4 2 4 4 5 5 2 6 6 4 7 5 3 3 4 5 6 3 4 6 4 5 0 3 5 3
M[28] : 5 3 5 5 5 5 5 4 4 4 4 5 5 4 4 3 4 6 5 6 2 5 0 4 4 0 4 5 2 3 2 6 3 4 5
M[29] : 3 4 7 7 4 3 5 5 4 1 3 5 2 3 3 4 6 5 6 1 5 4 5 6 4 1 0 3 5 6 6 4 4 4 5
M[30] : 4 2 6 6 3 3 3 3 5 3 3 6 6 3 1 4 5 6 3 7 1 2 7 4 3 5 5 6 4 2 4 6 0 2 5
M[31] : 5 5 3 8 5 3 0 3 4 3 6 5 5 5 2 4 5 1 5 7 4 2 5 5 4 3 4 2 3 7 3 5 4 3 2
M[32] : 5 5 6 4 5 3 4 2 7 4 6 3 4 4 0 5 6 4 4 5 6 0 5 4 3 4 4 3 3 3 4 4 5 4 3
M[33] : 7 5 3 4 4 2 6 6 6 5 3 0 7 6 5 0 3 3 6 3 4 4 4 5 5 4 6 4 6 4 6 2 3 3 3
M[34] : 4 6 5 4 3 4 5 2 3 5 4 3 3 2 6 0 5 5 4 5 3 6 3 6 3 4 4 6 5 5 5 3 3 5 5
M[35] : 6 5 4 4 4 2 5 4 4 5 1 2 5 7 5 2 5 4 6 4 5 6 2 5 6 4 5 4 6 2 0 3 4 5 5
M[36] : 6 8 4 6 3 4 5 4 1 3 4 6 0 4 4 3 3 5 7 3 5 4 4 5 5 5 5 5 1 4 4 3 5 5 3
M[37] : 4 6 5 5 3 2 6 5 4 6 4 2 3 3 4 2 6 2 5 4 5 4 4 3 5 3 5 5 5 5 0 0 5 6 4
M[38] : 4 4 5 3 2 5 5 3 4 5 3 3 5 4 4 9 5 4 4 5 6 3 5 7 3 5 6 5 1 0 5 4 4 4 3
M[39] : 4 5 2 3 5 5 5 3 2 6 2 0 3 4 4 5 3 2 5 4 6 6 5 4 7 7 3 4 4 2 7 4 4 4 3
M[40] : 5 6 6 5 4 3 3 0 5 4 6 3 6 6 3 5 6 4 5 3 4 4 3 4 6 6 4 3 4 5 4 2 3 5 1
M[41] : 3 5 2 4 4 7 5 2 3 4 7 2 5 5 5 5 4 6 3 3 6 4 4 5 3 4 2 4 5 4 3 4 2 0 5
M[42] : 6 5 0 2 5 3 4 3 4 4 3 3 5 5 4 3 5 6 3 3 4 7 5 5 4 3 3 6 4 5 4 5 4 3 2
M[43] : 5 6 5 5 3 4 7 2 0 3 3 5 3 5 7 4 4 7 6 4 2 3 5 5 4 1 5 5 3 5 6 5 6 4 2
M[44] : 5 6 2 4 7 2 5 4 7 2 5 3 4 4 3 5 6 3 4 2 6 5 4 5 3 4 5 5 2 2 4 5 0 3 5
M[45] : 5 4 4 5 2 4 0 2 6 2 2 8 5 3 2 4 6 3 5 4 7 4 4 6 5 5 5 4 2 5 2 4 7 5 5
M[46] : 6 5 2 4 5 4 4 7 3 4 6 2 6 4 5 6 4 4 4 5 4 6 6 2 1 4 3 0 3 5 6 3 5 4 5
M[47] : 4 4 2 0 6 6 6 6 2 7 3 2 5 4 2 7 6 6 5 4 5 3 6 3 5 4 3 2 0 4 4 6 5 6 5
M[48] : 4 5 2 5 4 4 8 2 5 6 2 3 5 5 5 3 5 5 3 0 6 1 7 5 5 3 4 4 5 5 3 4 3 7 5
M[49] : 4 5 2 0 3 3 3 3 4 1 2 1 6 2 4 4 7 3 6 4 6 5 7 2 3 4 7 7 4 3 4 4 6 5 2
M[50] : 4 3 5 3 2 4 4 4 3 6 0 1 9 4 2 5 3 5 4 2 5 3 2 7 4 6 3 5 7 6 4 6 6 2 3
M[51] : 4 5 5 6 3 4 3 1 4 4 6 3 4 4 4 5 2 7 5 4 3 4 0 6 8 4 5 3 6 6 3 4 6 4 6
M[52] : 5 3 5 6 2 0 4 1 6 1 4 4 6 6 4 6 5 6 4 4 4 4 3 5 6 5 6 5 6 3 4 4 4 2 5
M[53] : 5 6 4 5 5 4 5 3 4 5 3 3 5 3 7 0 5 3 3 6 3 5 1 4 3 5 2 5 6 5 4 4 6 3 6
M[54] : 5 4 2 5 4 5 6 6 4 3 3 1 6 2 5 5 0 3 4 5 5 4 3 3 6 3 6 5 4 4 2 3 5 5 1
M[55] : 3 5 4 5 7 8 6 5 0 6 4 3 4 4 3 3 4 4 4 5 6 3 3 4 2 5 3 3 5 3 7 3 5 3 2
M[56] : 5 7 6 4 2 6 5 4 3 4 0 5 6 2 5 0 5 3 7 3 6 4 5 6 4 3 5 3 4 4 2 3 4 3 3
M[57] : 5 4 7 5 2 4 2 0 2 4 1 6 4 8 6 4 4 4 4 1 5 5 5 7 2 5 6 5 5 2 2 5 3 2 6
M[58] : 6 4 7 6 4 4 7 4 4 3 6 0 6 5 5 5 4 3 5 4 3 3 8 1 4 4 3 4 4 2 4 3 1 1 4
M[59] : 6 3 0 1 3 1 4 2 5 5 4 5 6 6 5 2 5 4 3 5 5 5 6 6 4 3 4 4 5 6 6 5 5 6 4
M[60] : 2 6 6 3 6 1 5 3 5 6 3 3 3 3 6 6 5 6 5 4 4 4 5 0 4 2 6 4 5 6 6 3 6 2 4
M[61] : 2 6 4 5 4 4 5 5 6 4 5 3 5 6 7 4 6 3 0 3 6 3 4 6 2 5 5 7 5 4 6 4 7 3 7
M[62] : 4 5 4 4 2 2 8 4 6 7 3 0 4 7 2 2 3 7 4 4 6 2 7 5 3 3 5 1 3 3 4 5 6 3 5
M[63] : 5 3 5 6 5 2 5 5 3 2 5 4 2 6 0 3 5 6 5 4 3 3 3 5 5 2 6 5 3 6 4 4 7 5 7
M[64] : 5 6 3 5 5 3 4 4 4 4 4 4 2 2 6 5 6 3 5 7 1 4 5 6 4 1 3 5 5 3 7 4 0 4 6
M[65] : 5 5 5 7 6 5 3 6 4 5 3 4 7 2 4 7 6 4 3 2 7 5 3 7 5 2 0 5 2 7 4 3 4 2 5
M[66] : 8 3 4 4 4 8 2 5 4 4 4 3 6 5 4 0 4 4 5 4 4 1 8 3 8 4 5 7 3 5 2 3 5 5 5
M[67] : 5 3 3 7 5 7 6 5 3 4 5 3 6 4 4 5 4 4 3 5 4 3 4 4 0 4 4 5 3 5 4 3 6 5 2
M[68] : 4 4 5 3 2 5 7 4 5 3 5 5 4 4 5 6 4 4 8 3 5 3 6 6 5 5 6 4 6 0 3 1 6 3 4
M[69] : 4 3 1 3 5 4 4 0 6 5 6 7 3 6 5 5 3 4 6 5 4 6 5 3 4 5 5 4 6 1 5 5 4 4 5
M[70] : 4 4 6 5 3 2 5 4 4 4 0 2 2 3 4 4 5 3 3 5 4 5 3 4 7 3 2 3 4 6 3 3 3 4 5
M[71] : 3 4 3 4 5 3 8 7 0 3 5 4 3 5 4 5 2 6 5 6 5 3 3 2 0 4 5 6 5 3 4 2 3 3 4
M[72] : 0 4 4 5 4 2 7 6 2 4 6 7 5 3 5 3 9 3 3 2 6 5 5 3 4 4 7 4 2 4 3 6 3 6 4
M[73] : 3 5 5 5 5 4 7 5 4 4 5 7 4 3 3 2 5 2 6 2 7 3 3 6 6 5 0 4 2 4 6 5 6 4 4
M[74] : 8 5 4 6 5 5 6 5 1 3 2 4 4 3 5 3 4 3 3 4 5 4 4 4 6 6 7 5 3 6 4 3 4 0 5
M[75] : 6 7 4 6 1 6 4 3 4 5 4 2 7 5 2 5 5 6 3 5 4 4 5 7 5 6 3 0 5 4 3 4 5 2 2
M[76] : 7 4 0 1 4 6 3 5 3 4 6 4 5 5 3 8 4 5 5 5 4 2 6 5 3 5 4 3 2 2 5 2 4 4 5
M[77] : 3 4 5 4 7 7 3 6 3 4 5 7 3 0 4 5 4 4 3 4 4 4 5 6 4 5 5 3 4 4 5 1 5 5 7
M[78] : 3 2 5 5 4 6 6 5 4 1 2 2 6 4 5 6 4 4 5 4 5 5 1 5 3 4 5 0 5 4 5 4 5 3 4
M[79] : 5 3 4 6 2 6 0 5 4 4 4 4 3 3 5 5 4 5 4 3 5 5 2 2 4 6 4 7 6 5 3 5 4 4 3
M[80] : 5 4 2 8 3 5 4 5 4 4 3 3 4 1 4 4 3 5 4 5 4 2 8 6 0 5 2 3 6 6 4 3 5 5 5
M[81] : 5 3 2 5 0 4 4 4 4 3 4 6 3 4 3 3 3 5 6 3 4 3 3 3 3 4 3 4 6 4 6 2 4 4 6
M[82] : 5 4 4 5 5 4 6 4 4 6 5 3 5 4 4 3 5 3 4 3 6 3 5 3 5 6 5 4 6 0 3 4 5 3 4
M[83] : 1 4 6 3 3 6 4 4 4 3 2 4 6 6 7 6 5 0 2 4 5 4 2 5 5 5 4 5 5 5 4 1 6 5 5
M[84] : 5 4 3 5 7 4 3 5 1 5 4 5 4 3 3 1 2 3 4 2 3 4 5 7 6 6 4 4 4 3 2 3 4 4 0
M[85] : 6 4 3 3 2 4 5 2 5 5 3 4 3 6 5 4 4 7 4 5 5 4 5 4 3 5 2 4 5 3 5 0 4 7 7
M[86] : 5 7 6 6 6 5 5 7 2 6 5 6 6 5 1 4 5 5 4 4 0 4 3 6 2 2 6 2 4 5 4 5 5 4 4
M[87] : 4 3 4 5 2 5 5 3 2 5 6 3 8 1 5 5 7 3 4 5 0 3 3 6 4 4 6 4 7 2 2 4 5 5 5
M[88] : 7 4 6 6 4 3 7 7 3 3 4 3 4 3 3 7 6 6 5 5 5 2 5 5 6 4 6 0 2 4 3 6 5 5 3
M[89] : 4 5 2 0 6 4 7 5 4 3 4 3 4 4 3 4 4 3 8 5 5 2 6 6 5 4 7 5 6 5 4 2 4 3 5
M[90] : 4 7 3 6 6 5 5 1 4 6 5 3 8 3 2 5 6 3 5 5 3 4 8 5 0 3 8 4 2 3 7 3 3 4 6
M[91] : 5 7 5 0 5 4 6 4 6 4 2 5 5 4 4 3 3 1 3 4 1 2 6 6 6 4 5 3 5 7 4 5 5 3 3
M[92] : 3 3 4 4 2 1 4 5 6 5 5 4 3 4 3 3 0 5 6 4 5 1 5 3 4 1 5 4 4 8 3 4 5 6 3
M[93] : 4 3 3 6 2 2 5 3 4 2 5 6 3 5 6 5 3 7 7 2 2 6 7 4 0 4 6 3 5 6 5 3 2 2 5
M[94] : 7 4 6 4 2 2 5 6 4 4 3 5 0 4 3 3 7 4 5 3 5 0 5 7 3 2 5 6 4 2 4 5 4 3 3
M[95] : 4 6 6 7 4 4 0 5 4 3 3 4 6 4 5 5 6 2 7 3 5 5 4 5 6 0 1 5 3 3 6 5 5 4 6
M[96] : 6 6 0 0 5 1 5 2 6 5 5 4 4 6 5 5 3 3 4 5 6 3 5 3 6 4 4 4 6 2 4 4 4 5 4
M[97] : 8 3 4 2 5 5 2 5 5 4 5 4 3 4 4 7 4 2 5 4 4 4 3 4 5 3 4 3 6 0 3 4 2 3 3
M[98] : 4 4 3 0 2 3 5 6 4 5 3 3 6 3 2 6 2 5 5 4 7 3 7 4 4 5 6 4 3 2 4 4 5 4 6
M[99] : 0 4 5 4 3 4 2 2 2 6 5 1 6 3 5 5 5 2 7 2 6 4 5 2 4 3 2 6 5 3 3 4 4 4 7
M[100] : 7 6 4 5 2 0 4 4 5 3 5 3 3 7 3 3 5 6 3 3 5 2 5 4 6 3 3 8 4 5 3 5 4 3 2
M[101] : 3 2 0 3 4 5 2 6 5 5 4 2 2 6 4 6 5 3 1 1 4 6 5 3 3 6 5 4 7 3 4 1 3 4 4
M[102] : 5 5 6 4 7 5 6 5 3 2 3 1 5 3 3 0 3 1 1 5 3 4 4 7 3 3 4 5 3 6 4 3 8 3 3
M[103] : 6 6 4 5 4 5 3 4 3 1 4 4 4 2 3 5 2 4 3 2 5 5 6 4 3 4 2 3 4 7 5 2 0 4 6
M[104] : 6 4 1 5 3 4 0 4 6 4 5 5 6 3 5 5 3 6 5 3 6 5 2 2 5 4 6 4 5 6 3 5 5 4 4
M[105] : 4 4 6 1 4 6 4 4 1 6 3 2 4 4 4 3 5 0 6 3 2 4 5 3 5 4 4 5 4 6 4 4 5 2 5
M[106] : 4 6 3 4 6 6 4 7 5 5 4 0 2 6 1 5 4 7 4 3 4 3 4 5 7 4 5 3 3 5 4 5 5 2 5
M[107] : 6 2 3 6 5 3 3 4 2 4 1 5 4 6 3 3 4 5 6 3 2 4 6 6 6 4 0 4 3 5 6 5 8 4 4
M[108] : 8 3 5 5 6 2 0 3 5 6 5 5 2 5 5 3 3 6 4 4 4 5 4 5 5 5 6 4 4 4 0 6 5 4 4
M[109] : 2 4 4 4 4 4 5 5 4 6 5 3 7 6 5 6 2 5 7 4 5 5 4 6 4 1 3 3 0 5 5 5 2 5 5
M[110] : 5 5 1 6 3 1 3 6 4 4 6 2 5 5 3 5 1 4 0 3 5 2 2 2 7 4 5 3 6 7 6 5 4 3 5
M[111] : 3 2 2 5 2 3 2 2 5 6 0 7 3 5 4 5 3 5 5 4 4 4 0 6 6 4 6 5 3 3 2 4 3 5 4
M[112] : 5 4 4 4 5 5 3 7 4 4 3 3 3 7 4 3 6 3 4 5 0 4 6 5 5 5 3 5 3 5 5 4 6 6 3
M[113] : 6 3 6 3 2 3 2 4 3 5 6 3 5 6 3 2 4 0 4 5 4 6 6 6 5 5 2 5 7 2 3 4 2 6 6
M[114] : 6 5 4 2 5 5 4 3 3 4 0 3 3 5 4 3 4 6 6 5 5 5 5 2 6 3 5 6 6 6 5 4 4 5 4
M[115] : 2 0 4 5 6 3 4 5 5 4 2 3 4 6 2 6 4 6 7 4 7 4 4 4 6 2 4 6 5 5 6 3 5 4 6
M[116] : 6 3 2 4 3 2 0 5 4 4 3 2 5 4 2 5 5 5 4 3 4 3 5 5 5 3 5 4 4 4 6 1 5 6 6
M[117] : 4 5 6 4 4 4 3 6 3 5 3 6 5 7 3 4 3 3 6 0 4 5 5 3 3 5 4 4 3 7 4 5 4 5 4
M[118] : 6 3 3 3 7 5 4 6 4 4 4 4 3 2 3 4 1 5 7 4 4 6 4 7 2 7 6 4 7 6 5 0 3 5 4
M[119] : 4 4 6 3 5 3 5 6 2 4 5 4 5 6 2 0 5 6 6 7 4 7 6 5 4 2 3 4 4 5 3 3 4 6 4
M[120] : 6 4 5 3 3 6 5 5 4 5 0 5 4 3 4 2 3 4 7 2 3 3 4 6 5 4 5 3 4 5 4 3 6 4 4
M[121] : 3 4 4 3 6 3 2 5 3 6 5 3 4 3 3 3 6 0 6 4 4 2 6 2 6 3 2 4 6 4 4 6 5 3 2
M[122] : 4 4 4 6 2 5 8 5 0 5 4 5 7 7 1 7 4 3 4 6 3 6 7 6 4 2 4 2 6 2 5 4 5 3 5
M[123] : 6 5 3 4 2 4 6 6 4 2 4 7 5 5 5 5 4 5 7 2 5 5 6 5 3 2 3 4 4 5 5 6 0 4 2
M[124] : 6 3 6 3 6 2 5 5 3 3 4 1 7 5 6 5 2 6 4 3 6 8 3 0 4 5 5 3 5 5 5 7 5 4 4
M[125] : 4 5 3 6 4 4 5 5 5 3 5 4 4 4 3 5 4 4 3 1 7 4 5 0 6 4 4 4 6 3 6 4 5 5 4
M[126] : 3 4 8 2 4 4 5 3 7 2 3 4 3 0 5 5 4 6 4 6 5 5 7 3 1 3 5 6 5 5 3 3 1 2 3
M[127] : 6 8 6 6 0 3 5 2 4 2 5 3 5 6 3 6 4 4 4 4 3 3 6 5 6 2 4 4 4 5 3 6 5 2 5
M[128] : 4 4 0 3 2 2 5 5 5 3 5 3 3 5 3 5 6 6 5 4 3 3 3 5 4 3 4 5 2 3 2 5 3 5 6
M[129] : 6 0 8 4 6 6 5 4 3 2 2 4 7 4 4 5 2 4 1 3 6 5 6 4 3 5 6 4 4 2 3 3 5 4 6
M[130] : 9 4 4 6 3 5 4 5 1 4 6 3 2 6 4 7 6 3 3 5 4 3 2 4 3 4 4 5 0 2 3 5 4 2 5
M[131] : 1 4 5 3 4 4 5 3 4 4 4 5 7 2 4 3 7 7 4 5 4 5 5 5 0 4 3 3 4 6 4 6 5 3 1
M[132] : 6 5 6 4 3 1 6 5 4 3 4 4 4 4 1 5 1 5 7 3 6 4 4 4 4 6 7 4 4 2 4 0 5 5 6
M[133] : 6 7 3 5 5 3 0 3 4 5 5 4 4 1 3 4 4 1 6 5 3 5 4 3 8 2 2 5 5 4 3 6 5 4 7
M[134] : 3 2 5 5 3 3 5 3 3 5 4 3 5 2 7 4 4 3 3 5 5 2 5 4 3 6 6 5 2 6 2 2 0 4 6
M[135] : 2 6 4 5 3 7 7 6 4 2 5 3 4 2 2 6 4 2 3 4 5 3 6 5 7 5 6 3 3 0 2 4 4 6 2
M[136] : 8 4 5 3 5 6 6 5 3 3 3 6 5 2 7 4 0 7 4 4 4 3 4 5 3 5 5 4 2 3 2 3 5 4 2
M[137] : 7 5 4 5 4 4 0 4 6 3 3 4 6 3 2 6 8 3 3 1 2 5 3 6 6 6 4 5 4 6 4 3 5 3 4
M[138] : 4 3 6 5 6 5 5 3 5 5 3 4 6 3 3 5 5 4 4 3 5 2 3 0 2 7 4 5 3 6 4 5 5 3 5
M[139] : 4 4 7 5 5 4 5 4 6 1 2 4 5 4 3 5 3 4 4 6 5 4 3 5 0 3 5 5 3 4 3 4 1 4 3
M[140] : 5 6 5 2 4 3 7 5 3 3 2 7 5 3 3 4 3 4 7 3 4 0 4 7 3 3 5 3 4 2 5 7 5 4 1
M[141] : 5 5 5 4 6 4 2 2 6 0 5 3 2 3 2 6 1 4 9 5 1 4 4 5 2 2 3 5 7 5 1 3 4 6 4
M[142] : 3 4 5 3 4 2 0 5 4 3 5 7 6 5 4 3 5 4 4 4 4 5 3 4 5 2 4 4 5 4 3 5 4 5 6
M[143] : 5 5 2 7 3 5 6 1 4 5 6 4 7 3 2 5 2 6 0 7 4 5 6 5 5 1 3 3 5 5 3 6 3 1 2
M[144] : 4 2 5 7 5 2 5 5 3 5 4 1 3 6 6 4 0 5 5 5 6 6 5 4 3 7 5 4 3 5 3 4 6 2 3
M[145] : 4 2 4 5 4 4 6 7 5 5 5 4 4 6 3 4 6 5 4 4 0 3 4 3 5 4 7 5 7 4 3 2 3 2 5
M[146] : 4 5 2 0 1 1 4 6 5 3 4 4 4 6 3 4 4 3 7 4 2 3 4 5 5 3 7 5 4 3 6 4 8 3 7
M[147] : 2 7 8 7 6 5 4 6 4 4 2 5 5 0 4 2 4 3 3 5 4 5 4 3 6 3 5 5 4 3 5 6 5 5 5
M[148] : 3 6 1 7 5 2 3 3 2 6 4 5 4 5 4 5 4 1 2 5 4 5 0 3 3 3 3 3 7 3 1 3 6 4 5
M[149] : 5 5 4 4 5 6 5 6 3 5 6 5 4 3 4 4 0 5 4 4 6 4 6 6 4 3 4 2 5 4 4 3 6 5 3
M[150] : 7 3 4 4 5 3 4 5 5 4 0 5 4 3 5 5 7 7 5 4 5 5 2 2 4 7 2 4 4 6 3 3 6 3 5
M[151] : 6 6 6 5 5 4 6 3 5 4 3 5 5 2 4 5 6 5 0 5 5 1 3 3 2 2 7 2 5 1 6 7 5 4 5
M[152] : 5 1 2 4 3 3 3 6 2 5 5 5 6 4 4 3 4 3 6 4 3 2 4 4 3 6 7 5 5 5 4 4 5 5 0
M[153] : 0 3 8 4 4 4 8 3 5 3 5 2 3 4 4 5 2 5 4 4 4 4 2 2 2 3 1 1 6 5 5 5 5 6 6
M[154] : 4 6 5 3 4 5 7 2 6 6 4 4 3 2 3 7 3 5 5 6 6 3 4 3 6 3 2 3 4 4 5 4 4 3 0
M[155] : 3 6 4 6 4 5 2 5 4 3 5 3 4 5 0 3 8 4 5 5 5 4 2 6 4 4 3 5 5 3 2 2 6 5 3
M[156] : 2 3 3 6 4 5 3 3 3 6 5 5 4 6 0 6 6 4 5 4 6 4 5 6 4 5 5 3 5 4 6 5 4 3 4
M[157] : 4 4 6 4 5 0 3 7 4 4 4 6 5 5 6 3 5 6 6 2 7 4 4 5 4 6 3 6 5 4 0 5 3 5 2
M[158] : 5 7 5 6 1 3 5 5 3 3 2 5 2 5 4 5 6 3 3 6 4 5 3 4 5 2 5 2 1 6 6 6 5 5 0
M[159] : 6 3 4 3 4 3 6 6 4 0 4 4 5 5 3 2 5 7 6 6 2 5 1 4 6 4 3 2 2 5 5 3 6 5 3
M[160] : 5 5 6 5 3 6 3 3 0 3 3 3 3 2 6 3 7 4 6 5 5 5 3 4 5 4 7 4 3 5 6 4 4 3 6
M[161] : 5 5 7 5 3 5 3 3 5 5 2 4 3 5 5 2 6 2 3 4 5 4 2 0 4 4 6 3 5 6 4 5 5 6 4
M[162] : 6 5 5 5 4 3 6 3 0 5 4 4 3 7 4 5 5 5 6 4 3 5 1 7 5 1 1 3 6 5 3 5 5 3 2
M[163] : 2 8 5 4 4 2 4 7 6 4 4 4 6 6 5 2 3 3 7 2 7 3 4 4 5 4 7 3 2 7 0 5 4 1 6
M[164] : 4 5 5 0 4 4 5 3 3 3 3 4 5 2 4 5 4 5 4 2 5 5 6 6 5 4 4 2 6 3 5 4 7 2 6
M[165] : 2 7 7 4 3 4 4 4 3 5 1 3 3 3 6 7 7 5 4 3 4 2 0 2 5 4 4 3 7 6 1 2 7 3 5
M[166] : 5 0 4 3 4 2 2 3 6 4 5 5 4 4 3 4 3 6 2 5 4 4 5 5 3 4 4 4 6 4 3 4 3 5 4
M[167] : 6 5 4 5 4 3 5 6 2 3 7 5 6 8 6 6 4 4 4 6 2 4 6 5 7 1 5 0 3 5 4 5 3 4 6
M[168] : 4 3 4 5 1 4 3 7 5 2 3 7 5 3 4 4 6 6 5 3 5 5 4 4 7 6 4 3 0 5 2 2 4 3 3
M[169] : 4 4 5 7 3 2 4 6 4 2 5 2 0 5 3 3 4 5 5 6 3 4 7 4 8 4 4 5 5 5 2 1 4 6 2
M[170] : 5 6 5 3 5 4 3 4 4 4 2 5 4 1 0 5 4 5 2 5 5 4 6 4 6 3 7 4 2 4 3 6 2 6 3
M[171] : 7 4 6 3 2 3 6 3 5 0 4 4 3 3 4 5 6 6 3 5 6 2 6 2 3 3 6 7 5 6 5 4 6 3 5
M[172] : 3 3 5 4 6 4 5 3 7 5 5 2 4 2 3 4 4 6 7 4 3 5 5 7 5 4 5 3 0 4 3 3 3 3 2
M[173] : 4 3 3 8 4 1 4 5 3 4 5 2 3 7 6 3 5 5 7 0 5 8 4 2 5 4 2 5 5 5 3 3 6 4 2
M[174] : 6 2 1 0 1 4 8 5 4 6 2 4 5 5 5 5 4 3 6 3 5 2 5 5 5 4 7 6 3 7 3 4 3 3 4
M[175] : 5 2 2 0 4 3 5 5 5 5 3 5 3 4 5 6 6 4 6 4 5 5 5 4 5 3 5 4 5 5 3 5 4 4 7
M[176] : 1 5 6 2 5 0 4 5 5 4 5 1 3 5 3 6 4 6 3 6 4 7 3 2 6 6 5 5 8 4 5 0 4 5 6
M[177] : 4 4 6 6 2 4 3 3 2 6 4 5 4 2 4 2 4 5 7 5 4 6 5 2 5 6 0 5 3 8 5 3 3 3 6
M[178] : 7 3 6 4 5 6 4 5 2 2 0 3 5 3 4 3 5 1 5 3 5 5 2 3 4 5 3 3 2 4 4 4 3 3 4
M[179] : 7 2 6 6 3 5 4 4 4 3 4 3 6 1 3 6 3 5 2 5 3 4 5 7 3 5 6 4 5 3 7 5 5 3 0
M[180] : 6 4 2 6 4 4 5 6 5 6 3 6 7 2 6 6 4 5 4 3 6 4 1 4 4 0 6 3 5 3 4 4 5 7 2
M[181] : 4 4 5 3 5 1 4 5 5 4 6 1 4 4 6 7 2 5 3 5 5 0 4 3 3 4 4 4 4 5 4 5 4 4 3
M[182] : 6 6 3 4 5 4 4 2 5 3 4 3 2 4 4 7 4 3 5 3 0 4 5 8 3 5 7 3 6 5 3 2 7 5 4
M[183] : 6 4 6 6 5 5 6 4 5 2 2 2 6 2 4 5 4 7 4 4 4 6 4 4 4 7 5 2 6 2 4 6 2 3 0
M[184] : 6 5 5 5 4 4 3 3 7 4 4 1 6 5 5 5 4 4 3 6 5 6 5 5 4 6 4 3 5 4 6 3 1 0 6
M[185] : 6 4 0 3 5 6 2 5 6 4 6 3 7 2 2 4 4 6 4 4 5 3 4 7 6 2 4 3 3 6 3 3 4 5 5
M[186] : 3 6 4 2 5 2 4 5 2 5 5 3 6 5 6 3 1 3 5 6 4 5 3 5 5 3 0 3 6 4 4 4 4 4 6
M[187] : 3 5 2 4 5 5 3 7 3 2 2 5 7 0 4 7 4 7 5 5 6 4 5 5 2 6 6 4 6 3 6 4 4 6 2
M[188] : 4 3 4 4 3 7 3 6 8 2 2 3 0 3 2 8 3 5 4 3 4 6 3 5 7 3 4 6 6 3 5 6 3 4 4
M[189] : 4 4 7 4 5 5 5 3 6 5 5 5 7 4 2 3 2 2 6 6 5 0 7 3 3 5 5 6 3 3 5 3 4 3 3
M[190] : 4 5 3 3 4 4 7 5 2 4 5 4 4 4 5 4 4 5 4 6 3 3 5 5 5 5 7 3 6 2 5 6 5 0 4
M[191] : 3 2 2 1 2 0 3 7 5 5 6 5 2 4 3 6 3 5 6 5 9 6 2 3 6 5 1 1 8 6 4 2 2 5 5
M[192] : 3 3 5 1 6 3 4 3 6 6 4 3 4 7 3 6 2 6 4 0 4 5 6 4 6 3 3 6 4 3 1 4 4 3 7
M[193] : 5 3 4 3 3 3 4 3 3 4 2 4 3 4 1 5 5 4 0 3 3 6 5 5 4 5 4 3 6 4 6 4 5 3 3
M[194] : 5 4 3 8 2 4 4 5 5 1 2 3 5 8 6 3 5 5 6 6 7 4 3 2 3 6 0 5 4 6 4 5 5 5 3
M[195] : 4 7 3 5 4 4 4 4 1 5 5 3 3 3 4 1 5 4 3 4 2 3 2 4 5 4 6 4 4 0 6 6 6 1 4
M[196] : 5 4 4 4 5 4 2 1 3 3 6 2 3 3 2 5 4 4 7 6 6 4 6 7 8 0 4 3 4 7 3 6 5 4 5
M[197] : 7 5 0 5 4 4 4 3 6 5 5 4 4 5 4 5 4 6 5 3 5 5 4 3 4 5 3 2 3 1 3 3 4 3 5
M[198] : 6 5 6 4 2 3 3 6 6 3 2 3 6 0 5 6 5 6 4 7 4 3 3 3 4 3 4 2 6 5 3 3 4 3 3
M[199] : 4 2 4 4 2 6 3 3 4 0 4 5 5 2 4 5 4 4 6 3 6 3 6 5 4 4 5 6 6 5 4 4 4 4 3
M[200] : 3 8 4 1 7 4 4 5 6 4 3 3 3 2 3 6 4 0 6 5 2 3 6 4 1 4 5 6 4 5 5 2 4 5 7
M[201] : 5 4 2 3 3 6 5 5 2 2 5 3 2 5 3 3 5 4 2 1 5 4 4 7 4 0 4 3 5 3 1 6 5 4 6
M[202] : 4 4 5 5 3 7 5 3 1 4 4 7 6 4 2 5 4 5 5 2 1 2 5 5 5 0 4 4 4 6 5 6 5 5 9
M[203] : 6 4 4 5 5 5 4 8 6 4 3 4 4 6 0 5 5 3 5 3 4 4 5 3 5 5 5 4 4 5 3 4 4 2 4
M[204] : 5 4 3 3 2 3 7 6 2 1 3 4 6 4 6 3 0 5 4 1 6 3 5 4 7 1 5 5 5 4 3 4 2 4 3
M[205] : 5 4 3 7 4 4 8 5 3 5 4 3 2 4 4 4 6 6 2 4 6 3 7 7 4 4 5 5 3 5 4 5 0 4 3
M[206] : 5 4 3 4 3 5 5 6 4 5 1 6 4 5 5 4 2 0 4 5 4 5 5 4 6 4 7 4 4 3 5 7 3 2 5
M[207] : 5 5 2 3 3 0 4 7 4 1 3 4 5 5 4 7 6 1 3 2 6 6 6 4 4 5 4 4 5 4 3 2 7 5 4
M[208] : 2 4 5 4 5 4 6 0 3 2 6 6 4 6 3 4 6 5 4 4 5 5 5 3 4 3 6 6 4 6 7 3 6 4 2
M[209] : 6 6 6 5 1 4 3 9 2 3 5 6 4 7 3 2 5 3 4 4 7 3 4 5 5 0 5 4 3 6 4 4 5 5 3
M[210] : 4 5 4 3 0 1 4 7 6 4 5 5 7 3 6 5 4 7 3 6 6 5 2 5 4 4 5 5 3 7 4 2 4 3 7
M[211] : 5 4 2 5 4 5 6 3 4 3 2 4 8 3 6 6 5 4 5 3 2 3 5 7 4 3 6 2 5 5 5 0 4 3 5
M[212] : 0 6 8 4 4 6 5 6 3 4 2 4 7 4 3 4 3 7 6 4 5 3 1 2 5 5 5 2 5 4 4 7 5 4 6
M[213] : 3 4 2 6 4 4 5 3 3 5 6 3 6 1 5 4 5 5 0 3 4 4 4 4 5 5 5 4 5 6 6 5 1 5 5
M[214] : 6 5 6 4 4 5 5 1 5 2 2 2 6 5 3 4 6 5 4 4 0 3 1 6 3 6 3 4 4 3 4 2 4 2 5
M[215] : 6 0 3 6 2 3 2 4 3 4 3 6 4 2 4 4 5 3 5 4 5 4 5 5 4 2 5 5 5 3 4 5 3 4 3
M[216] : 3 2 3 4 3 5 3 3 6 4 4 1 7 3 3 5 3 5 3 0 4 6 4 5 5 4 5 5 4 4 5 3 6 4 7
M[217] : 5 2 3 1 6 2 6 6 3 5 4 3 4 4 3 5 7 5 4 5 4 6 4 5 3 4 4 7 5 0 4 5 2 5 5
M[218] : 5 5 4 1 3 5 7 6 6 4 3 4 4 5 6 6 5 6 2 2 3 4 2 6 0 4 5 4 8 3 3 3 4 3 5
M[219] : 4 3 0 2 2 4 2 4 4 4 4 4 3 4 4 6 2 5 2 4 2 5 5 4 2 3 6 5 5 6 4 4 4 3 5
M[220] : 4 5 5 3 2 5 6 4 3 6 3 3 5 2 3 5 5 7 4 4 4 5 2 3 6 5 6 0 5 4 3 3 6 6 2
M[221] : 2 4 5 5 4 5 3 3 4 5 3 6 3 6 5 6 4 5 5 3 7 4 3 0 5 6 4 5 3 5 1 2 7 2 6
M[222] : 6 5 4 3 3 4 5 1 5 5 7 5 0 5 4 3 2 4 7 4 4 4 5 4 4 4 4 5 4 7 4 2 6 2 5
M[223] : 4 5 6 5 5 3 3 6 3 0 6 4 5 0 4 5 4 5 3 5 5 5 4 5 4 3 4 4 6 3 3 5 3 4 6
M[224] : 3 0 3 4 5 2 6 2 5 3 4 5 5 4 5 6 3 6 3 3 4 4 5 5 4 4 7 2 5 3 3 7 1 5 3
M[225] : 5 5 2 3 3 6 3 5 6 2 1 5 6 3 5 1 3 6 2 5 0 7 5 7 5 6 6 2 4 2 2 6 2 5 5
M[226] : 2 5 4 3 5 4 6 7 3 3 2 6 2 5 4 7 1 4 6 4 3 4 3 5 5 1 5 4 5 5 0 3 4 3 3
M[227] : 3 5 5 3 4 3 4 5 2 2 5 5 5 2 2 4 3 5 4 5 5 1 4 5 4 0 4 5 6 7 2 5 3 6 6
M[228] : 4 5 4 3 3 6 0 2 0 3 3 5 5 2 6 3 4 7 5 5 3 3 4 3 4 6 3 5 6 4 3 3 7 0 8
M[229] : 2 3 3 6 3 4 4 5 4 3 5 6 7 0 4 4 2 5 0 3 7 2 6 3 6 4 3 5 5 6 6 3 4 6 5
M[230] : 3 0 3 4 3 4 5 4 6 4 5 5 6 2 4 3 5 4 3 4 5 6 5 6 5 3 5 6 5 5 5 5 5 6 4
M[231] : 5 4 5 3 7 5 4 5 8 2 4 0 3 4 4 5 0 4 3 3 4 4 5 2 5 4 3 3 5 6 4 1 4 3 3
M[232] : 5 6 3 5 4 5 3 4 3 3 5 4 3 4 5 4 7 4 7 2 0 4 6 3 3 3 3 4 4 6 4 5 4 4 5
M[233] : 5 3 2 4 6 4 3 0 3 3 6 5 6 2 4 2 4 9 3 3 6 5 3 5 6 3 3 6 7 5 5 5 4 4 3
M[234] : 6 4 7 5 1 1 7 5 1 5 3 5 6 4 2 5 5 4 4 4 6 3 6 6 4 5 5 6 1 4 5 5 4 0 3
M[235] : 6 5 0 2 3 5 6 6 3 7 2 4 3 2 6 3 4 6 3 3 6 3 3 9 4 3 6 5 5 3 3 4 4 3 8
M[236] : 5 3 6 4 4 4 3 4 4 4 2 3 3 0 6 4 4 3 2 6 2 4 6 8 4 1 4 3 4 5 3 4 4 1 5
M[237] : 4 0 4 2 6 5 7 3 4 6 5 5 5 3 7 4 5 4 8 5 2 3 5 4 3 4 4 2 6 6 3 4 5 4 6
M[238] : 1 4 4 5 2 4 4 5 6 2 3 4 6 3 2 3 6 4 5 5 3 4 3 7 5 3 4 2 4 5 0 4 7 4 2
M[239] : 7 4 2 6 5 3 3 2 5 3 3 4 4 6 2 0 5 5 5 2 5 4 6 2 7 3 6 3 8 5 4 4 5 3 5
M[240] : 5 4 5 4 4 2 6 5 2 6 0 5 4 3 5 5 4 2 5 5 3 2 4 6 3 3 4 2 4 4 3 1 4 4 4
M[241] : 5 4 5 4 2 5 6 4 0 3 4 8 3 3 5 5 3 2 4 5 7 5 2 3 6 3 7 3 3 7 2 4 4 3 4
M[242] : 6 4 4 6 3 2 4 5 2 2 4 5 5 5 4 3 4 4 7 4 4 6 4 4 3 5 6 5 2 3 3 0 4 1 7
M[243] : 8 4 6 4 4 4 4 0 2 4 4 5 4 3 6 6 6 5 3 6 3 3 3 3 3 5 6 4 7 2 5 5 4 4 4
M[244] : 2 4 2 8 4 1 2 6 4 4 4 5 3 5 2 5 6 3 7 5 7 5 0 5 4 2 4 3 2 5 5 2 7 2 4
M[245] : 4 3 6 3 0 5 6 5 3 3 2 3 5 4 5 5 7 4 5 4 6 4 6 5 3 3 3 1 5 7 6 5 5 3 3
M[246] : 5 4 4 8 3 3 4 6 6 4 6 3 4 3 2 0 3 7 6 2 4 7 4 8 3 5 2 4 6 4 2 3 4 4 5
M[247] : 3 5 2 6 4 5 4 4 3 3 4 4 0 6 4 4 5 4 5 6 5 4 1 3 7 4 6 2 7 5 2 3 3 5 7
M[248] : 5 3 5 4 5 4 6 7 2 6 5 6 5 3 3 4 3 4 6 3 5 3 2 4 5 2 2 5 2 3 0 1 4 4 7
M[249] : 2 5 6 4 4 3 5 5 5 2 2 4 6 5 1 5 5 3 4 5 4 6 0 3 7 7 4 4 3 5 5 3 6 4 5
M[250] : 3 4 6 4 3 6 3 4 4 3 2 4 3 3 3 3 7 6 3 3 4 6 4 4 6 1 6 0 5 6 3 3 7 4 5
M[251] : 0 5 2 6 4 3 4 6 4 3 5 5 7 4 2 5 5 5 2 5 6 4 3 5 6 4 4 4 1 4 3 3 6 4 4
M[252] : 6 3 4 4 3 7 3 4 4 4 5 4 7 3 3 3 5 4 6 5 4 4 5 2 0 6 5 5 6 3 4 3 3 5 7
M[253] : 2 6 4 3 3 7 5 6 4 4 5 4 5 4 4 5 0 2 3 2 6 3 3 7 3 3 3 4 3 5 4 6 6 3 5
M[254] : 0 6 5 7 2 3 5 6 5 4 4 5 3 3 5 6 5 3 4 3 3 3 3 5 6 4 3 4 5 6 5 6 8 3 5
M[255] : 2 4 3 6 4 5 2 4 3 6 3 4 3 2 4 4 4 4 0 5 4 7 6 2 6 5 5 2 6 4 1 3 5 4 5
M[256] : 3 6 5 7 2 5 5 6 4 5 2 3 5 5 4 3 1 5 5 3 4 4 4 4 4 5 6 0 2 6 2 4 4 4 5
M[257] : 5 5 3 5 6 2 2 7 6 4 2 4 6 3 3 6 3 6 2 2 7 1 5 7 5 4 0 6 3 3 6 4 3 4 4
M[258] : 0 1 5 5 4 2 6 5 4 5 6 4 3 2 4 7 3 4 4 1 4 4 1 4 2 5 5 7 3 6 4 5 4 4 8
M[259] : 3 5 4 5 6 5 6 7 3 5 2 2 2 7 5 8 5 7 6 6 6 0 4 5 4 2 6 6 6 5 4 3 6 1 5
M[260] : 4 3 7 3 7 0 5 4 6 4 4 6 6 3 5 5 4 5 3 4 5 5 4 5 5 2 5 4 5 5 3 5 4 2 4
M[261] : 3 5 6 4 3 3 4 3 3 5 4 0 4 5 5 6 3 2 5 2 6 6 5 0 3 5 4 3 7 4 5 5 5 6 4
M[262] : 5 5 1 6 4 5 3 5 3 4 1 3 4 5 3 5 5 4 5 0 5 4 4 4 6 2 3 2 2 5 6 5 4 5 3
M[263] : 4 7 1 3 0 3 2 7 5 4 2 4 5 4 2 5 5 6 4 5 7 3 4 5 5 5 5 3 6 5 4 2 5 4 4
M[264] : 3 5 4 5 4 5 5 5 4 3 4 2 6 7 3 6 5 5 4 5 5 5 5 4 6 5 4 2 0 5 3 3 2 5 3
M[265] : 5 7 2 4 2 5 5 6 7 5 4 0 4 2 3 5 4 3 1 3 2 1 4 2 2 5 6 3 5 4 2 5 7 3 7
M[266] : 4 3 2 3 2 5 3 5 5 3 3 3 3 3 5 4 4 6 4 3 6 0 6 5 2 3 3 4 5 6 5 4 5 6 7
M[267] : 4 4 7 5 2 3 4 2 2 4 5 5 4 4 3 4 0 5 6 3 7 3 2 5 3 5 4 5 6 5 4 3 3 2 5
M[268] : 3 0 5 7 5 0 6 2 5 0 4 5 3 2 5 4 5 4 4 5 6 2 4 4 4 2 5 2 6 4 5 6 4 2 4
M[269] : 2 3 6 5 5 4 4 7 6 3 3 0 6 4 4 6 4 3 4 2 4 4 3 4 3 5 6 1 4 3 4 2 3 6 6
M[270] : 3 4 4 4 3 4 6 5 2 4 4 2 0 5 5 6 4 2 3 4 6 5 3 4 5 5 4 4 3 4 4 5 3 4 7
M[271] : 7 5 5 4 4 3 6 5 6 4 4 5 5 3 5 7 5 2 0 4 2 5 6 4 5 4 4 3 4 3 2 4 5 5 6
M[272] : 3 8 4 5 3 1 3 4 3 0 5 4 6 3 6 5 4 4 5 6 4 3 6 4 5 3 3 1 4 4 4 4 2 6 4
M[273] : 4 0 2 8 2 5 7 5 3 3 4 4 5 4 3 7 5 3 7 4 3 4 5 6 5 4 2 5 2 5 3 3 6 5 4
M[274] : 3 5 5 4 4 6 3 7 5 6 5 3 3 4 6 6 5 3 7 0 5 5 3 2 6 2 5 4 6 5 5 1 4 3 6
M[275] : 6 5 6 3 3 6 4 6 5 3 5 1 5 4 5 4 6 3 6 7 4 0 4 5 5 2 5 4 6 6 3 4 3 3 5
M[276] : 4 6 4 3 3 6 4 4 4 4 0 5 4 3 4 5 7 5 4 4 5 6 6 3 4 5 6 4 4 2 4 1 4 4 4
M[277] : 6 7 5 3 6 5 4 5 3 1 4 0 4 6 7 3 5 2 4 3 5 2 6 2 5 6 6 4 4 6 7 4 5 6 4
M[278] : 5 4 1 2 0 5 4 6 4 4 5 6 1 6 7 4 4 5 3 2 4 5 4 4 4 3 7 2 7 3 3 4 5 3 6
M[279] : 5 4 3 3 5 5 3 2 2 4 6 5 3 3 6 4 3 4 5 4 6 6 4 3 1 0 4 3 5 4 5 3 6 5 8
M[280] : 6 6 4 5 4 2 5 1 3 6 3 2 5 4 1 5 6 3 3 4 2 5 4 6 2 3 6 4 5 0 4 3 6 3 4
M[281] : 0 4 6 3 5 5 6 6 4 7 5 5 3 2 6 7 4 5 5 7 5 3 3 5 4 5 5 4 7 5 3 4 3 5 1
M[282] : 6 4 6 5 5 3 4 1 3 4 2 4 2 6 4 3 2 7 6 3 5 4 5 5 6 4 5 1 6 1 3 4 4 4 0
M[283] : 5 6 5 2 5 5 8 5 3 5 2 4 0 2 3 6 5 5 4 4 5 5 4 3 3 3 5 6 5 5 7 1 6 5 4
M[284] : 8 3 5 6 4 6 3 0 3 3 3 4 3 5 1 3 6 3 4 2 6 6 3 4 4 2 6 5 6 4 4 5 4 3 3
M[285] : 6 4 6 5 6 3 5 4 4 6 4 1 5 3 3 4 2 6 7 4 4 3 4 5 4 3 5 2 3 5 4 3 0 3 2
M[286] : 0 6 6 4 5 4 4 5 3 1 5 5 3 3 4 4 5 2 5 2 5 4 4 5 4 4 5 6 3 5 2 6 7 3 4
M[287] : 4 4 4 3 5 5 4 3 4 4 3 3 4 6 0 3 7 4 6 4 4 4 2 8 4 2 2 5 5 3 6 3 5 6 6
M[288] : 3 4 6 6 6 2 4 5 5 1 2 4 3 4 4 3 4 3 4 3 4 4 6 5 6 0 3 5 3 5 2 4 2 5 2
M[289] : 5 5 6 2 3 3 5 7 3 5 3 4 7 5 3 7 4 5 4 3 5 3 2 3 4 5 5 4 6 4 3 6 4 0 4
M[290] : 2 4 7 6 5 5 5 4 0 3 2 4 4 3 5 5 3 6 6 1 6 3 8 3 6 3 3 4 5 2 4 6 4 1 5
M[291] : 4 5 4 6 4 4 4 5 3 1 6 6 5 3 5 3 2 2 4 5 2 5 5 3 4 5 7 4 4 6 0 4 3 5 6
M[292] : 5 7 6 5 6 3 4 5 5 4 6 7 2 6 6 7 1 4 3 2 4 4 4 5 1 4 5 6 2 5 2 5 5 7 0
M[293] : 3 5 3 6 5 8 6 6 7 2 6 3 4 2 2 6 5 4 3 5 4 0 3 6 7 3 5 5 6 1 6 5 3 3 6
M[294] : 5 6 5 4 6 5 3 6 5 5 3 3 4 2 4 4 7 0 3 3 8 4 2 5 6 3 4 5 6 3 4 4 6 6 4
M[295] : 8 6 4 2 3 4 5 3 6 7 3 4 4 2 0 5 1 7 4 3 3 7 6 8 5 3 4 2 4 2 4 4 3 5 4
M[296] : 2 5 5 5 7 5 1 3 0 6 3 7 4 4 6 2 5 5 5 5 5 8 4 7 3 3 4 3 5 4 3 2 4 2 7
M[297] : 4 3 6 6 6 3 6 5 5 3 4 4 4 2 6 3 5 5 1 4 0 5 3 7 4 5 6 3 5 4 5 8 3 4 2
M[298] : 5 4 4 7 5 5 6 7 7 5 4 3 4 2 5 2 5 3 0 5 2 6 6 7 4 4 7 6 4 2 6 5 3 3 2
M[299] : 4 5 3 5 2 3 4 5 5 2 4 3 4 5 6 5 5 5 5 6 4 5 5 0 6 4 6 4 5 5 4 4 5 6 7

