 Execution de l'algoritme BITS sur le fichier dsjc1000.1.txt
=====================================================================
 Partitions  : 
Vk[0] : 260 596 716 719 438 744 314 272 236 474 342 687 186 259 679 261 752 502 345 932 710 530 662 225 620 179 571 331 748 115 193 126 975 178 909 269 851 245 764 466 838 337 431 38 241 360 -->  46 éléments.
Vk[1] : 650 264 675 904 962 190 189 73 534 532 451 378 972 599 256 54 749 586 993 548 747 133 389 425 592 20 781 82 316 632 88 602 139 460 284 368 933 866 704 547 44 772 171 837 956 -->  45 éléments.
Vk[2] : 856 661 631 619 950 96 243 878 213 433 850 584 916 827 291 266 359 920 570 793 339 93 954 860 891 735 985 472 926 545 453 946 128 162 94 756 475 121 270 19 554 325 986 221 366 268 -->  46 éléments.
Vk[3] : 240 86 684 575 626 884 390 758 90 539 948 4 481 733 439 967 968 403 557 262 982 111 81 931 633 191 742 344 232 724 501 361 795 848 792 861 426 125 216 957 872 727 163 410 18 -->  45 éléments.
Vk[4] : 417 281 134 821 965 370 786 853 885 503 381 229 841 180 47 953 468 887 255 999 517 537 803 514 978 577 699 844 157 654 976 854 668 898 562 304 753 386 897 187 549 623 522 119 110 912 -->  46 éléments.
Vk[5] : 738 888 881 826 118 462 58 79 974 150 859 944 715 174 283 407 143 397 405 456 947 102 494 900 855 941 288 942 745 479 69 35 607 832 39 612 768 519 373 616 836 588 750 914 476 -->  45 éléments.
Vk[6] : 703 698 906 816 7 399 566 324 971 791 36 732 883 773 297 858 422 369 794 358 274 203 765 489 212 777 210 524 987 568 351 17 997 251 271 356 579 606 734 702 285 372 294 533 782 587 -->  46 éléments.
Vk[7] : 375 964 629 576 165 355 682 643 621 717 265 540 649 805 380 823 488 521 808 382 582 447 683 411 77 544 815 659 224 847 387 728 743 427 233 760 774 435 563 99 746 57 600 877 364 -->  45 éléments.
Vk[8] : 585 48 754 112 24 138 983 706 30 490 482 404 75 142 560 299 814 817 367 424 109 830 114 376 590 33 87 34 783 508 671 667 151 11 658 289 984 531 958 470 709 464 295 720 713 723 -->  46 éléments.
Vk[9] : 903 664 729 641 429 248 437 636 335 899 831 718 635 492 53 495 247 736 124 41 929 938 441 989 685 31 644 737 491 917 45 901 384 617 341 46 597 979 393 219 217 263 313 835 741 -->  45 éléments.
Vk[10] : 564 561 651 761 542 995 278 807 214 444 423 303 516 176 461 771 677 136 652 64 129 711 670 669 624 76 412 567 402 980 153 970 608 1 104 23 340 29 930 50 527 493 886 123 445 -->  45 éléments.
Vk[11] : 478 346 630 228 601 868 497 829 802 22 800 449 639 40 61 27 419 660 277 315 135 648 28 580 204 740 541 939 500 634 74 655 392 448 546 43 553 116 840 593 333 559 504 536 864 799 -->  46 éléments.
Vk[12] : 513 428 91 966 730 237 446 935 551 865 810 430 200 871 177 197 804 511 71 839 924 6 467 759 101 959 653 506 778 509 471 117 574 845 374 776 52 824 164 201 37 327 436 910 209 -->  45 éléments.
Vk[13] : 473 66 156 973 895 604 507 857 512 611 996 779 693 5 627 406 155 969 663 695 751 172 152 487 106 105 92 273 377 691 206 443 78 595 676 945 992 550 469 418 63 680 708 523 796 846 -->  46 éléments.
Vk[14] : 940 183 457 218 215 310 83 231 98 350 103 181 394 202 440 770 610 806 146 234 628 275 949 415 937 158 307 173 485 766 15 338 222 85 113 822 332 681 227 140 9 258 656 192 244 -->  45 éléments.
Vk[15] : 385 208 763 870 97 955 721 828 499 981 614 400 657 452 882 317 0 122 3 498 312 107 347 672 578 583 484 421 55 235 825 137 697 357 696 463 318 280 383 594 416 42 371 149 603 -->  45 éléments.
Vk[16] : 226 223 852 876 863 875 396 239 960 365 319 167 598 413 166 328 862 160 72 605 459 184 477 308 196 923 198 282 609 991 801 238 408 892 130 147 293 306 712 89 148 279 879 700 921 -->  45 éléments.
Vk[17] : 188 211 296 797 2 458 665 809 302 401 928 692 434 254 249 790 833 646 757 705 686 990 348 505 287 336 311 518 14 515 977 820 62 161 943 67 867 13 450 8 913 84 321 420 132 589 -->  46 éléments.
Vk[18] : 326 819 780 131 349 454 613 673 242 144 379 725 159 666 934 16 100 363 918 520 767 286 690 731 911 618 529 915 329 59 301 496 290 615 558 205 12 169 480 893 95 922 813 442 637 108 -->  46 éléments.
Vk[19] : 784 812 873 65 195 354 818 362 80 543 199 334 755 775 678 925 252 722 526 510 789 581 694 194 701 919 880 70 141 257 330 352 936 298 896 127 787 185 572 145 483 267 56 769 707 154 -->  46 éléments.
Vk[20] : 908 569 961 175 182 843 905 842 565 622 555 538 60 398 834 951 207 26 927 32 573 292 300 902 869 591 250 535 798 647 890 688 465 230 811 788 170 894 528 320 994 689 309 674 556 -->  45 éléments.
Vk[21] : 907 353 21 726 849 455 323 68 305 49 395 525 552 246 343 638 253 785 963 276 168 322 625 640 414 714 998 51 952 120 874 645 25 388 220 432 10 988 642 391 739 762 486 889 409 -->  45 éléments.
Matrice M
M[0] : 5 6 5 2 8 3 4 8 5 2 8 4 8 4 4 0 9 6 7 5 4 5
M[1] : 4 5 1 6 1 3 4 3 1 3 0 5 5 5 3 5 4 5 6 6 3 4
M[2] : 5 5 1 5 4 7 3 15 7 5 5 5 7 7 3 5 5 0 4 4 3 2
M[3] : 7 3 4 2 7 2 6 8 6 5 4 5 3 7 3 0 3 4 4 7 2 2
M[4] : 5 3 5 0 5 6 7 5 6 8 6 5 4 5 2 4 3 2 5 6 4 8
M[5] : 6 8 4 7 6 4 6 5 6 3 6 8 3 0 6 4 3 7 2 7 6 6
M[6] : 7 3 2 4 6 6 5 5 5 6 2 1 0 5 7 4 2 4 4 8 3 6
M[7] : 6 4 2 3 6 4 0 2 9 6 6 6 4 2 4 8 7 6 8 4 5 4
M[8] : 6 5 7 3 5 4 7 3 6 5 9 6 2 6 6 4 4 0 8 3 1 2
M[9] : 4 8 3 3 4 4 4 6 4 3 4 4 8 8 0 4 2 5 4 5 2 7
M[10] : 5 2 1 6 6 5 5 7 5 3 1 7 9 5 3 6 7 4 1 8 4 0
M[11] : 4 2 4 5 8 4 3 1 0 5 7 8 3 4 4 6 5 5 6 3 7 3
M[12] : 11 3 5 4 5 5 6 7 8 2 1 8 5 5 3 4 4 9 0 4 5 6
M[13] : 7 8 7 2 4 4 4 5 4 5 4 8 6 9 4 7 2 0 4 7 3 7
M[14] : 4 5 5 3 5 4 4 5 6 5 5 5 1 2 3 4 3 0 4 4 3 6
M[15] : 3 9 8 3 3 4 3 6 4 2 5 1 4 5 0 4 8 4 5 4 1 6
M[16] : 4 3 3 8 5 3 4 6 5 5 5 2 3 8 5 10 3 4 0 3 8 5
M[17] : 9 5 3 2 2 2 0 5 6 4 0 8 1 9 4 2 5 3 3 6 3 4
M[18] : 2 6 4 0 7 2 7 3 6 0 4 8 1 7 4 10 4 10 8 8 4 1
M[19] : 4 2 0 6 3 7 2 0 6 3 11 5 1 7 5 4 5 5 7 10 1 5
M[20] : 4 0 7 4 4 8 2 6 3 5 4 6 5 2 7 7 3 5 6 6 7 4
M[21] : 4 6 6 4 4 5 3 9 3 4 6 5 8 7 5 7 5 7 8 6 4 0
M[22] : 6 3 7 4 9 12 3 8 2 3 5 0 9 4 7 10 5 5 3 8 4 3
M[23] : 5 5 1 2 5 9 2 7 5 6 0 4 9 1 7 12 4 3 4 3 4 6
M[24] : 3 3 6 8 5 3 6 3 0 4 4 4 3 2 4 6 3 3 3 6 6 6
M[25] : 4 6 4 3 6 7 2 10 2 12 11 3 1 3 9 3 6 3 5 2 2 0
M[26] : 7 2 5 4 3 4 6 10 2 5 5 3 5 5 7 6 6 5 6 2 0 6
M[27] : 3 5 6 6 5 4 6 4 7 1 4 0 3 6 7 5 1 5 3 5 5 8
M[28] : 3 3 8 6 3 3 6 5 7 4 1 0 5 2 6 2 2 8 7 2 4 2
M[29] : 5 3 4 5 4 3 4 6 2 4 0 5 9 2 3 6 2 3 2 6 4 5
M[30] : 2 3 6 7 3 6 3 6 0 6 4 5 6 7 5 7 5 1 10 3 6 5
M[31] : 8 5 4 5 1 2 3 1 1 0 1 6 3 6 6 2 5 7 7 6 5 4
M[32] : 6 4 3 2 3 3 4 4 6 3 9 4 5 3 2 3 8 4 2 7 0 2
M[33] : 4 7 3 5 4 3 2 7 0 3 3 5 2 1 7 4 3 4 7 6 2 3
M[34] : 4 6 6 2 8 6 5 4 0 4 4 7 5 4 3 4 6 4 7 5 3 4
M[35] : 5 6 1 4 6 0 6 7 7 3 3 3 4 9 3 3 5 7 4 3 3 3
M[36] : 6 5 6 8 5 4 0 9 7 6 7 6 9 10 4 5 8 4 3 3 3 7
M[37] : 2 6 10 7 5 3 7 6 3 5 2 5 0 8 7 7 4 5 3 6 8 3
M[38] : 0 8 7 5 5 5 7 2 7 3 4 6 1 5 3 5 3 5 5 3 4 5
M[39] : 7 2 7 5 1 0 6 6 3 4 6 7 4 5 4 5 5 6 6 4 7 5
M[40] : 2 7 4 5 5 2 4 2 5 3 4 0 5 6 3 6 4 3 3 4 3 4
M[41] : 9 7 3 2 2 2 3 4 6 0 4 4 6 3 5 4 3 6 5 4 5 5
M[42] : 6 4 6 8 1 3 6 4 6 6 5 5 5 4 7 0 4 6 3 7 2 7
M[43] : 4 9 2 2 2 2 5 6 3 9 6 0 2 7 4 4 3 4 3 5 5 5
M[44] : 4 0 8 3 3 4 3 5 5 8 3 4 4 9 0 4 3 4 4 4 4 4
M[45] : 4 7 5 7 7 5 1 2 8 0 5 4 7 3 6 6 4 3 3 2 5 4
M[46] : 3 4 6 5 5 8 3 9 5 0 6 5 10 2 6 3 5 5 5 3 2 5
M[47] : 5 5 5 4 0 9 4 6 4 3 6 4 2 4 10 4 5 5 5 4 4 5
M[48] : 6 6 5 5 4 6 2 4 0 6 8 7 6 9 5 5 3 7 4 5 9 9
M[49] : 6 3 3 6 5 3 2 9 10 3 5 4 8 7 3 6 1 8 2 6 9 0
M[50] : 6 4 5 3 6 5 3 5 5 4 0 3 6 3 1 3 3 1 4 4 4 3
M[51] : 2 4 3 4 8 4 5 8 7 5 7 4 5 2 6 2 7 6 4 3 2 0
M[52] : 0 7 4 11 3 5 5 7 3 4 2 7 0 3 3 2 7 4 4 5 7 5
M[53] : 4 6 4 8 3 1 7 4 9 0 5 6 7 4 8 4 4 5 3 4 5 7
M[54] : 9 0 5 4 9 6 5 2 3 6 4 6 4 3 5 5 3 5 5 4 3 3
M[55] : 3 5 3 6 5 3 3 6 6 5 3 5 4 6 6 0 6 4 2 4 2 2
M[56] : 9 5 3 6 7 4 5 3 2 5 6 7 5 3 7 6 8 8 0 0 2 0
M[57] : 4 1 3 5 5 5 5 0 4 4 7 6 7 4 1 5 4 9 3 2 4 2
M[58] : 3 3 3 7 2 0 4 4 5 6 2 5 5 5 9 4 4 6 3 7 3 7
M[59] : 5 6 4 1 5 5 4 5 4 3 4 4 3 5 6 5 2 7 0 3 5 6
M[60] : 5 4 5 4 6 8 3 3 6 5 7 9 6 4 4 4 6 1 6 4 0 6
M[61] : 6 3 7 3 7 3 2 3 5 7 5 0 5 5 3 3 6 5 5 5 3 4
M[62] : 4 3 1 4 5 4 6 2 4 7 4 5 5 7 7 3 1 0 6 7 8 4
M[63] : 4 2 3 7 6 5 3 7 2 2 7 5 5 0 1 5 4 3 5 9 4 2
M[64] : 4 4 5 5 5 5 5 6 7 6 0 3 2 7 8 6 6 6 5 3 9 4
M[65] : 5 8 3 4 4 4 4 5 4 4 2 3 7 5 6 6 2 4 4 0 2 6
M[66] : 3 6 5 5 5 10 8 2 3 6 11 4 6 0 8 5 4 5 5 4 5 3
M[67] : 8 7 4 5 4 3 6 7 3 2 3 3 4 1 4 4 4 0 6 5 2 6
M[68] : 3 3 2 7 9 7 4 2 3 4 3 4 7 2 8 5 5 3 4 7 5 0
M[69] : 5 3 6 2 3 0 2 7 3 9 4 5 3 8 8 3 4 2 1 4 2 1
M[70] : 6 4 4 5 3 7 5 4 2 11 8 6 5 10 4 5 3 6 7 0 8 3
M[71] : 7 3 3 3 5 4 3 5 8 4 7 4 0 5 2 6 5 7 5 6 2 9
M[72] : 3 7 3 1 5 3 4 6 5 6 4 3 4 6 1 4 0 4 4 4 7 5
M[73] : 2 0 3 6 6 3 9 6 6 4 6 7 4 6 5 5 8 4 2 4 2 5
M[74] : 5 9 7 4 4 5 8 6 3 6 6 0 5 4 3 2 6 9 7 3 6 2
M[75] : 5 7 1 6 7 4 9 3 0 5 5 4 2 1 8 6 5 4 3 2 4 3
M[76] : 2 4 4 6 7 4 8 6 4 3 0 6 2 10 5 5 3 8 4 3 6 4
M[77] : 4 5 6 5 5 3 7 0 3 4 8 3 4 5 2 7 5 3 3 9 6 3
M[78] : 3 5 5 2 4 2 7 6 2 3 1 5 4 0 6 3 9 8 7 7 7 6
M[79] : 5 8 6 7 5 0 2 7 2 4 3 5 10 7 4 6 5 3 3 4 3 7
M[80] : 2 2 6 8 7 4 4 4 5 6 7 6 8 4 6 5 6 3 3 0 4 4
M[81] : 5 6 5 0 4 4 5 3 5 4 3 6 5 5 6 2 3 4 4 5 7 3
M[82] : 4 0 5 3 6 5 3 3 1 3 3 2 4 5 8 3 4 6 3 3 2 5
M[83] : 4 2 6 6 2 8 2 4 5 5 4 7 5 3 0 3 3 7 3 2 6 6
M[84] : 10 2 6 6 5 5 4 6 2 4 5 4 7 7 8 3 2 0 1 3 2 6
M[85] : 2 2 2 3 5 3 4 3 1 5 4 4 4 2 0 6 2 8 7 4 1 8
M[86] : 8 5 4 0 5 2 7 7 5 7 3 9 6 3 4 5 8 3 5 4 8 3
M[87] : 4 5 7 5 4 4 3 9 0 2 2 4 4 4 7 6 4 3 2 4 6 5
M[88] : 5 0 7 5 10 3 3 8 2 5 3 5 8 4 2 5 7 4 5 2 8 8
M[89] : 6 1 6 5 6 9 3 6 6 5 6 4 7 6 4 3 0 3 7 0 6 1
M[90] : 2 5 4 0 5 5 5 6 5 4 8 2 5 6 5 6 7 7 4 3 2 3
M[91] : 5 2 4 9 6 4 3 6 8 3 4 4 0 2 6 1 2 5 6 4 4 3
M[92] : 3 0 3 4 3 6 10 9 7 2 4 5 4 0 2 4 3 5 3 6 6 3
M[93] : 5 6 0 2 9 3 4 7 4 2 5 7 5 2 4 3 6 6 3 5 3 4
M[94] : 3 5 0 7 3 3 4 3 0 1 4 5 5 6 4 2 3 6 3 8 6 7
M[95] : 2 5 4 4 2 5 7 3 3 4 4 5 3 7 6 3 2 4 0 10 2 2
M[96] : 3 4 0 8 9 5 3 2 4 4 7 10 6 5 8 5 4 2 5 3 6 2
M[97] : 3 6 5 3 7 5 5 5 3 3 8 2 5 6 5 0 5 6 4 6 5 3
M[98] : 6 4 4 4 7 5 8 9 5 8 3 4 9 5 0 9 3 8 5 4 4 7
M[99] : 7 5 5 0 5 3 7 0 7 4 3 6 8 4 4 6 2 7 8 2 6 3
M[100] : 4 5 6 2 7 2 4 4 6 3 3 5 2 7 1 4 9 7 0 3 2 5
M[101] : 4 3 3 6 4 5 6 1 6 3 2 5 0 3 6 7 7 5 3 3 5 6
M[102] : 6 5 5 6 2 0 5 4 3 8 2 6 3 5 2 4 4 3 5 4 5 4
M[103] : 2 4 7 6 3 3 6 3 8 2 5 4 4 6 0 2 6 5 8 4 7 4
M[104] : 7 5 8 7 6 5 3 4 8 8 0 5 3 7 3 3 6 7 3 1 6 4
M[105] : 2 1 6 5 5 6 4 5 4 3 6 6 4 0 6 6 7 7 4 4 4 5
M[106] : 5 6 2 2 7 4 4 6 5 2 6 3 4 0 4 3 6 7 3 5 4 7
M[107] : 6 4 4 2 3 4 4 8 3 8 4 8 5 8 4 0 4 1 5 4 4 1
M[108] : 2 3 3 0 8 2 5 7 9 10 3 3 3 5 4 3 6 5 0 7 3 10
M[109] : 5 1 2 4 4 4 4 4 0 3 4 4 6 8 4 6 4 4 5 10 2 5
M[110] : 5 8 1 5 0 3 3 3 2 2 6 2 4 9 7 6 0 5 2 5 5 5
M[111] : 8 6 8 0 2 5 6 4 6 3 4 2 3 3 6 6 2 7 5 10 3 5
M[112] : 7 2 7 4 4 6 6 3 0 6 2 7 1 6 6 4 2 6 4 7 4 2
M[113] : 5 3 5 7 9 3 4 6 4 7 5 8 8 2 0 7 5 6 5 4 4 2
M[114] : 6 8 3 10 4 8 5 8 0 4 7 5 6 3 4 3 6 5 5 4 3 5
M[115] : 0 1 4 7 7 4 3 7 8 6 3 2 3 3 6 6 3 2 6 7 3 3
M[116] : 3 3 6 7 2 2 2 3 8 5 5 0 4 4 3 6 6 2 8 4 8 3
M[117] : 7 5 2 6 3 6 2 8 1 7 11 9 0 6 4 6 5 10 6 4 2 2
M[118] : 1 4 7 5 9 0 5 4 7 5 6 4 5 4 7 4 6 3 5 5 6 7
M[119] : 6 7 7 5 0 4 2 4 7 6 3 4 7 6 3 2 8 7 5 3 9 12
M[120] : 3 7 6 6 3 4 7 7 4 7 3 7 7 4 5 1 8 4 2 6 2 0
M[121] : 4 3 0 5 6 6 10 7 5 2 7 5 3 4 6 4 7 9 1 6 4 2
M[122] : 6 4 8 5 7 6 7 8 5 6 5 2 5 9 6 0 5 5 6 3 5 4
M[123] : 4 4 2 4 5 4 6 3 11 2 0 5 3 3 5 5 5 5 6 4 4 1
M[124] : 7 11 8 2 10 5 6 4 8 0 7 2 3 2 9 3 3 4 0 6 4 7
M[125] : 5 2 3 0 3 4 0 5 4 8 4 6 1 5 7 5 5 3 4 7 1 0
M[126] : 0 6 5 6 5 4 7 3 1 4 3 6 3 5 3 4 5 4 5 1 3 5
M[127] : 5 5 4 6 8 3 8 4 6 4 6 5 7 4 10 9 8 5 3 0 0 6
M[128] : 6 6 0 2 9 2 8 4 6 3 3 6 2 6 5 3 7 3 1 3 5 4
M[129] : 0 6 8 5 3 6 6 6 4 6 0 0 6 8 5 5 5 5 3 5 4 4
M[130] : 4 5 0 5 6 4 5 4 5 4 6 5 3 6 6 10 0 4 4 7 1 9
M[131] : 6 4 4 3 5 4 2 3 2 6 4 5 7 3 5 3 3 6 0 5 5 5
M[132] : 8 3 4 4 8 0 1 10 4 3 7 4 4 8 4 2 2 0 7 1 6 2
M[133] : 2 0 2 2 4 8 1 6 6 9 4 5 7 6 2 5 10 2 5 5 5 8
M[134] : 4 7 5 5 0 5 4 8 5 2 6 5 5 7 7 4 3 2 6 6 2 9
M[135] : 2 6 5 4 5 3 7 5 6 2 3 0 4 5 4 5 3 4 4 5 2 4
M[136] : 4 4 5 8 7 7 3 4 6 4 0 8 3 7 1 6 4 4 6 3 5 5
M[137] : 7 3 4 7 3 1 7 7 8 5 8 4 3 3 1 0 4 2 2 2 5 3
M[138] : 6 7 3 2 3 3 3 5 0 7 11 1 3 6 6 3 6 5 10 7 8 4
M[139] : 6 0 4 7 3 7 3 5 4 3 3 6 7 5 7 6 5 2 4 2 5 8
M[140] : 4 3 4 3 2 7 8 4 12 4 1 6 5 5 0 7 4 6 5 8 4 6
M[141] : 6 3 4 6 5 8 5 3 9 3 8 5 4 2 3 4 5 4 6 0 3 3
M[142] : 6 10 3 7 6 2 3 6 0 4 7 6 4 4 6 6 8 7 5 4 5 5
M[143] : 5 6 2 2 2 0 9 1 6 7 6 6 5 4 6 4 4 3 2 4 4 6
M[144] : 5 3 8 6 6 10 9 5 5 5 7 5 5 3 3 5 6 6 0 2 6 6
M[145] : 7 8 5 5 7 4 3 5 2 3 6 4 5 2 2 3 8 1 2 0 3 3
M[146] : 5 5 3 1 6 4 5 5 5 3 7 8 2 7 0 7 12 3 2 6 3 5
M[147] : 6 7 5 6 8 7 2 6 2 2 6 7 9 6 4 3 0 2 1 6 1 3
M[148] : 2 4 6 3 6 2 3 3 5 4 4 4 1 8 6 5 0 3 4 2 4 6
M[149] : 3 5 4 1 3 3 6 5 3 6 6 4 2 4 6 0 5 7 4 3 3 2
M[150] : 4 3 4 6 5 0 7 3 7 4 7 3 2 6 5 1 2 3 6 3 5 4
M[151] : 5 5 5 4 4 4 4 1 0 4 6 5 2 4 6 6 3 3 4 3 9 5
M[152] : 4 4 5 3 7 10 4 2 4 6 6 1 2 0 7 7 6 3 3 2 2 8
M[153] : 7 5 2 7 9 4 4 3 3 8 0 3 9 3 6 8 5 3 2 7 6 3
M[154] : 2 1 3 8 1 8 4 6 3 3 5 3 8 2 5 5 3 3 2 0 3 4
M[155] : 4 2 6 2 4 4 4 5 5 5 4 2 6 0 5 7 2 2 5 2 4 5
M[156] : 4 6 9 2 6 4 7 6 7 4 1 2 6 0 3 8 5 5 3 9 8 6
M[157] : 4 7 6 5 0 3 4 7 2 6 2 6 4 4 5 9 5 5 3 3 2 2
M[158] : 3 6 6 3 6 4 6 5 8 13 7 5 3 6 0 8 2 4 5 7 2 6
M[159] : 3 9 8 3 6 7 6 5 5 7 7 6 6 4 9 3 5 3 0 3 9 2
M[160] : 3 2 6 3 4 7 7 3 3 3 6 6 7 7 4 6 0 6 2 5 7 4
M[161] : 2 6 5 8 3 7 4 3 3 2 3 10 2 4 4 1 3 0 3 6 3 3
M[162] : 6 8 0 3 3 6 4 7 4 3 3 6 7 6 3 1 3 5 3 2 4 3
M[163] : 2 5 6 0 3 2 9 1 4 1 6 7 4 3 2 11 1 6 5 4 4 6
M[164] : 10 7 4 2 6 4 1 2 5 4 2 2 0 3 4 8 3 4 5 5 5 5
M[165] : 8 4 3 7 6 5 5 0 3 4 7 4 3 4 6 4 7 5 6 1 10 5
M[166] : 2 9 2 7 5 4 2 2 4 1 2 6 7 7 7 6 0 4 6 3 2 3
M[167] : 6 9 5 4 3 4 5 3 4 1 5 10 7 9 4 7 0 4 4 3 5 4
M[168] : 5 8 0 3 5 6 4 9 4 6 3 6 4 6 5 2 5 6 8 7 6 0
M[169] : 7 4 4 5 3 9 5 5 6 4 5 9 3 4 9 1 5 0 0 5 10 5
M[170] : 0 6 6 7 3 1 4 5 6 10 5 6 3 5 4 4 7 8 5 6 0 3
M[171] : 4 0 10 6 7 2 2 5 4 5 5 7 4 4 1 7 3 6 1 4 4 6
M[172] : 4 8 4 5 5 2 6 9 1 3 7 1 3 0 3 3 8 7 3 5 5 2
M[173] : 4 4 6 7 4 8 4 3 6 9 6 7 5 6 0 7 3 2 6 7 5 7
M[174] : 5 9 6 3 5 0 6 2 5 4 5 4 5 6 4 3 4 5 6 2 2 6
M[175] : 7 6 4 7 5 3 5 3 8 5 2 4 4 6 1 8 7 10 7 4 0 5
M[176] : 8 1 5 3 8 4 5 3 5 3 0 5 2 9 5 3 6 5 8 10 5 6
M[177] : 6 6 3 3 3 4 3 4 7 1 7 4 0 7 9 3 3 5 3 7 8 8
M[178] : 0 5 5 6 3 3 2 3 5 5 1 6 2 3 5 7 6 7 4 5 4 7
M[179] : 0 3 2 3 5 2 5 5 2 4 7 5 4 3 3 7 4 3 1 7 5 2
M[180] : 5 5 4 3 0 3 6 2 6 4 8 5 9 4 5 5 6 5 5 6 5 4
M[181] : 5 3 2 5 5 4 4 8 5 2 1 2 8 4 0 7 5 6 4 7 5 7
M[182] : 11 3 5 4 6 6 5 7 3 1 4 7 6 4 4 3 2 6 4 5 0 8
M[183] : 6 7 6 7 6 5 8 8 5 4 4 7 4 6 0 4 4 4 3 8 4 3
M[184] : 7 3 1 3 4 6 4 2 7 7 2 4 7 6 5 2 0 3 7 4 3 6
M[185] : 5 5 4 3 4 5 4 3 6 2 4 1 6 3 6 6 6 4 1 0 6 2
M[186] : 0 4 5 7 4 6 4 6 6 6 1 5 6 8 6 6 4 9 3 10 1 8
M[187] : 3 5 7 4 0 1 7 2 7 3 5 2 7 2 3 5 1 5 8 7 2 7
M[188] : 7 6 3 10 3 1 7 4 1 4 10 3 3 4 4 6 4 0 4 4 4 6
M[189] : 14 0 3 7 3 6 3 5 6 6 3 6 3 4 5 2 5 4 5 2 3 5
M[190] : 4 0 3 2 10 4 4 3 1 3 8 3 3 6 5 5 4 3 3 8 6 6
M[191] : 10 3 6 0 3 6 3 4 6 4 4 5 2 5 5 5 6 4 7 8 3 7
M[192] : 3 1 9 5 2 5 5 4 4 5 5 2 6 5 0 0 6 6 4 7 8 9
M[193] : 0 1 4 6 9 4 4 3 7 3 3 1 5 5 3 5 5 3 8 5 3 9
M[194] : 8 6 8 3 6 2 4 3 5 7 3 3 5 5 6 4 2 2 4 0 1 7
M[195] : 2 5 5 6 4 9 6 4 3 4 5 5 9 5 9 8 3 9 1 0 5 4
M[196] : 3 1 7 2 6 4 2 4 4 5 4 7 4 5 4 2 0 5 5 3 2 5
M[197] : 3 4 3 5 6 6 3 5 3 6 1 3 0 4 6 3 8 4 4 5 6 6
M[198] : 3 4 5 7 4 6 4 1 6 9 7 3 4 3 4 0 0 2 4 10 6 6
M[199] : 3 5 4 3 5 8 7 5 4 4 8 3 5 2 4 6 5 3 3 0 2 6
M[200] : 5 4 4 4 3 6 3 1 2 3 6 5 0 6 3 4 6 4 6 5 5 4
M[201] : 7 5 1 3 9 1 3 4 4 2 7 1 0 3 4 4 5 4 2 8 9 7
M[202] : 3 3 9 5 4 7 7 3 6 7 5 6 3 2 0 7 6 4 5 3 5 7
M[203] : 9 3 4 4 4 4 0 5 6 4 1 3 3 4 8 4 7 5 4 3 2 6
M[204] : 6 5 3 7 5 8 10 2 4 7 4 0 1 8 7 5 4 9 1 5 3 4
M[205] : 5 5 4 3 1 12 6 4 3 5 2 7 4 4 6 7 6 7 0 5 3 5
M[206] : 2 4 2 7 8 3 3 5 2 4 2 4 6 0 5 5 7 7 4 6 7 4
M[207] : 6 6 3 8 6 1 4 5 3 4 4 4 1 3 8 2 5 3 4 5 0 5
M[208] : 6 4 2 6 5 4 5 3 5 4 5 3 7 6 11 0 5 7 4 2 11 9
M[209] : 10 4 3 3 4 3 7 8 6 3 6 3 0 1 5 6 6 4 5 4 8 6
M[210] : 6 7 3 5 5 5 0 9 8 3 4 5 4 4 3 3 9 9 3 2 5 3
M[211] : 5 5 2 3 7 4 8 5 5 3 1 6 10 6 3 4 4 0 7 9 4 6
M[212] : 6 2 5 3 4 6 0 3 2 3 5 0 3 4 7 6 3 5 7 7 3 2
M[213] : 4 5 0 6 2 6 4 6 6 2 5 7 7 9 3 8 4 4 6 3 3 5
M[214] : 3 4 3 5 4 6 6 6 8 3 0 4 4 3 6 4 3 3 7 6 2 3
M[215] : 6 1 5 4 2 1 2 6 5 5 8 6 6 6 0 4 7 6 8 3 6 3
M[216] : 9 7 4 0 5 6 5 3 7 2 5 8 5 3 5 1 3 9 3 4 4 4
M[217] : 2 3 3 4 5 8 3 4 8 0 4 4 5 4 3 5 4 5 2 5 9 0
M[218] : 5 5 5 6 8 3 6 4 7 7 5 5 7 7 0 1 2 3 6 4 3 5
M[219] : 4 5 1 5 2 7 4 5 4 0 5 3 5 5 5 4 5 4 2 4 5 3
M[220] : 4 2 5 6 3 3 6 3 4 9 2 3 3 6 6 1 5 6 5 2 6 0
M[221] : 5 4 0 4 4 4 4 7 3 5 5 7 6 5 3 4 3 6 5 5 8 1
M[222] : 4 5 2 7 8 7 6 4 8 5 6 2 2 5 0 6 5 5 3 9 6 2
M[223] : 5 4 3 8 6 3 4 4 5 5 5 5 3 5 7 3 0 7 4 5 6 3
M[224] : 2 2 5 6 5 2 7 0 9 2 1 4 6 2 2 7 7 5 8 9 5 3
M[225] : 0 5 3 6 7 2 3 5 9 3 2 5 4 3 1 3 6 5 5 9 3 7
M[226] : 5 2 7 9 10 2 5 5 6 6 4 3 11 7 2 4 0 5 5 6 4 7
M[227] : 8 9 1 6 7 0 5 4 4 6 3 5 5 5 0 7 4 2 5 7 2 5
M[228] : 5 8 5 3 3 5 5 3 8 6 8 0 4 2 3 4 6 8 4 8 3 8
M[229] : 8 3 4 3 0 8 5 7 5 6 8 5 5 8 5 5 5 5 4 1 5 5
M[230] : 5 3 5 4 5 7 3 3 6 4 7 6 9 7 3 3 5 5 11 4 0 1
M[231] : 3 7 2 7 7 6 4 4 2 1 6 3 2 6 0 3 3 7 3 3 5 6
M[232] : 5 6 6 0 1 3 4 6 4 6 7 3 5 3 10 3 4 2 3 5 3 4
M[233] : 4 4 3 3 5 5 6 0 4 1 4 5 3 7 3 6 3 4 8 2 7 9
M[234] : 5 7 6 5 4 4 4 5 5 5 3 6 4 2 0 5 5 5 5 3 4 5
M[235] : 4 3 2 3 5 3 5 3 6 10 5 5 7 6 3 0 7 3 2 9 6 4
M[236] : 0 10 7 5 2 2 8 4 4 5 6 1 6 3 1 6 4 5 9 9 8 4
M[237] : 7 9 2 5 5 3 5 9 5 6 4 7 0 4 3 7 3 1 6 4 7 6
M[238] : 6 9 3 5 7 3 3 1 5 6 7 5 7 4 9 4 0 2 7 5 4 5
M[239] : 5 5 3 2 6 3 4 4 7 8 4 8 3 5 5 5 0 4 6 5 4 6
M[240] : 7 5 5 0 4 3 5 5 7 5 7 3 4 5 3 4 6 4 6 4 2 6
M[241] : 0 6 6 5 3 8 7 5 2 8 4 6 5 8 7 4 5 7 4 6 1 3
M[242] : 5 3 5 4 4 7 5 3 5 5 6 5 2 8 7 4 4 3 0 1 4 5
M[243] : 4 5 0 3 2 3 3 3 6 9 8 2 3 6 5 4 6 6 5 3 6 4
M[244] : 4 2 8 6 6 6 5 4 4 8 0 7 5 2 0 5 3 2 6 8 4 4
M[245] : 0 4 3 4 2 3 1 4 3 6 2 8 5 5 3 3 7 3 8 5 11 6
M[246] : 6 6 5 2 2 2 3 3 3 5 4 4 3 5 5 4 6 6 4 8 4 0
M[247] : 4 6 8 4 6 5 8 8 8 0 3 3 7 5 8 2 5 7 8 2 4 5
M[248] : 3 1 4 3 4 5 2 1 2 0 8 3 6 2 4 7 5 4 6 3 6 5
M[249] : 5 8 9 5 8 5 6 3 4 4 5 10 3 4 4 2 7 0 9 3 3 6
M[250] : 6 2 5 5 4 2 6 5 5 5 2 2 4 2 2 3 5 7 7 3 0 5
M[251] : 5 4 2 3 6 6 0 7 5 4 5 5 3 3 3 5 5 1 4 5 5 5
M[252] : 7 5 3 2 4 2 8 4 8 5 8 6 3 4 8 2 8 8 7 0 11 8
M[253] : 4 6 5 5 4 4 4 5 3 9 4 3 8 6 5 3 2 5 8 2 3 0
M[254] : 1 3 5 4 5 2 7 3 6 3 5 4 6 2 6 3 4 0 4 3 1 4
M[255] : 4 7 5 2 0 3 5 6 4 7 5 4 5 7 4 10 6 5 5 7 7 4
M[256] : 3 0 3 3 4 7 5 3 9 2 3 1 6 6 8 4 10 6 5 4 4 4
M[257] : 8 5 3 3 6 3 6 5 5 3 5 5 2 3 5 8 4 5 1 0 8 6
M[258] : 6 2 4 5 5 3 2 0 6 5 4 3 4 4 0 4 7 3 7 3 3 5
M[259] : 0 5 3 5 3 5 4 6 5 2 3 7 4 2 7 2 7 4 4 4 3 5
M[260] : 0 1 6 6 6 7 6 5 5 7 2 2 2 4 5 2 4 6 3 6 3 7
M[261] : 0 2 9 3 4 3 7 6 3 1 4 3 7 2 3 4 7 6 5 2 6 5
M[262] : 7 3 3 0 5 2 7 5 3 4 2 7 4 3 4 4 5 6 5 5 5 7
M[263] : 4 8 5 5 6 4 4 6 6 0 5 7 5 9 4 6 5 5 6 4 5 2
M[264] : 3 0 6 8 4 7 2 3 9 8 3 4 5 4 6 3 2 3 4 6 7 7
M[265] : 4 3 7 5 4 3 6 0 2 6 5 3 7 4 5 4 3 3 6 9 6 4
M[266] : 3 2 0 2 5 3 4 0 3 4 5 3 5 2 3 3 4 5 1 4 6 2
M[267] : 8 3 5 9 4 6 2 6 5 3 2 1 3 8 5 5 4 4 5 0 8 8
M[268] : 4 6 0 6 2 2 6 6 7 7 5 6 3 4 2 1 3 4 2 7 4 1
M[269] : 0 6 6 4 4 2 5 2 5 2 2 2 3 3 3 5 7 6 8 7 6 10
M[270] : 3 3 0 4 9 2 7 6 4 3 7 3 6 4 4 8 2 6 7 6 3 6
M[271] : 8 1 3 5 3 2 0 3 3 2 5 5 5 5 7 7 2 3 3 5 7 10
M[272] : 0 3 4 4 4 5 11 5 5 6 5 5 4 7 6 2 3 4 3 9 3 2
M[273] : 9 5 6 7 5 5 4 3 5 6 9 6 1 0 5 4 4 6 4 5 4 5
M[274] : 2 3 4 4 3 12 0 3 5 3 3 3 11 10 1 9 5 6 3 6 3 4
M[275] : 6 3 7 8 4 6 4 3 7 6 4 4 5 6 0 3 4 7 4 4 6 6
M[276] : 4 7 3 4 5 5 5 3 3 3 1 6 4 3 8 3 4 7 8 1 6 0
M[277] : 3 12 7 3 5 3 9 4 8 6 5 0 9 5 2 3 5 9 5 4 6 4
M[278] : 4 3 4 3 3 7 3 3 11 4 0 6 5 2 4 3 4 4 6 5 9 2
M[279] : 2 6 3 4 5 3 3 6 6 4 5 2 9 8 1 4 0 7 7 3 7 3
M[280] : 5 3 6 3 3 3 4 2 6 4 10 6 6 4 5 0 2 6 3 6 4 3
M[281] : 10 9 5 1 0 4 5 4 3 5 4 4 3 6 6 7 4 6 6 6 8 4
M[282] : 2 6 7 2 4 2 6 5 5 2 7 7 3 3 4 1 0 3 7 7 2 3
M[283] : 3 3 7 2 2 0 7 4 6 6 8 5 5 8 4 2 4 4 2 8 2 5
M[284] : 1 0 3 4 7 5 0 4 4 8 5 6 7 7 5 5 6 6 11 5 4 4
M[285] : 4 2 7 8 4 1 0 5 4 4 5 5 0 6 8 5 3 1 2 1 3 2
M[286] : 6 5 4 7 4 4 1 7 4 3 5 5 3 1 4 4 2 9 0 7 4 4
M[287] : 3 7 4 4 5 6 3 4 6 8 4 6 7 7 6 3 4 0 5 4 6 6
M[288] : 4 5 5 4 3 0 4 3 4 4 3 5 2 2 3 1 5 3 9 5 6 8
M[289] : 4 6 1 5 5 4 6 6 0 6 1 7 5 7 7 8 5 6 3 3 8 3
M[290] : 7 6 6 0 5 9 6 6 8 1 4 6 5 7 4 4 6 5 0 3 9 3
M[291] : 4 7 0 5 3 2 7 6 3 7 6 6 4 6 5 6 5 8 6 5 4 3
M[292] : 6 6 2 5 4 9 3 6 8 5 9 6 6 6 3 4 2 1 7 7 0 3
M[293] : 4 2 5 7 1 3 4 6 6 1 7 2 4 5 4 3 0 4 2 9 2 4
M[294] : 5 0 5 1 5 2 0 5 6 8 2 6 3 3 1 5 5 4 7 7 7 4
M[295] : 5 6 3 8 5 5 5 7 0 3 2 11 9 5 4 5 2 10 7 2 0 7
M[296] : 3 2 5 2 5 4 3 6 4 3 6 7 9 10 8 7 5 0 4 3 4 9
M[297] : 7 3 5 5 4 3 0 5 3 3 3 7 5 4 4 8 3 5 3 5 10 5
M[298] : 7 5 6 10 6 5 3 5 2 8 2 4 3 6 0 8 2 7 3 0 8 2
M[299] : 5 4 8 6 5 4 8 4 0 2 4 1 2 4 6 5 4 3 7 2 3 4
M[300] : 4 9 2 5 3 5 6 5 7 4 4 5 4 6 5 3 2 7 3 5 0 4
M[301] : 6 5 5 1 5 5 5 6 6 1 3 6 7 5 3 5 8 6 0 5 9 7
M[302] : 4 5 5 4 1 3 6 4 5 3 6 5 8 5 7 6 5 0 6 5 7 5
M[303] : 4 4 5 5 2 6 4 7 7 7 0 5 2 3 6 6 1 5 2 4 4 4
M[304] : 4 7 4 5 0 6 6 2 4 9 4 2 5 3 3 4 8 5 8 4 4 5
M[305] : 2 6 6 7 6 4 5 2 4 5 2 5 4 5 3 3 3 5 7 5 8 0
M[306] : 4 4 5 3 5 2 4 2 4 6 3 9 6 6 4 5 0 2 2 3 2 6
M[307] : 6 7 2 2 6 7 7 6 5 6 7 5 10 7 0 7 5 6 5 6 8 6
M[308] : 5 6 3 7 6 4 5 3 6 4 7 11 7 3 5 2 0 2 5 4 5 2
M[309] : 6 5 5 2 3 1 4 4 8 6 3 7 7 5 2 4 5 2 8 5 0 6
M[310] : 6 3 6 3 4 6 4 4 5 4 6 6 6 5 0 7 7 1 5 4 3 4
M[311] : 6 3 5 2 6 3 6 4 5 3 8 4 4 3 5 1 7 0 6 2 10 6
M[312] : 7 9 4 7 7 2 2 5 5 11 7 4 4 3 6 0 7 5 3 7 4 5
M[313] : 3 8 3 5 3 7 5 8 3 0 7 0 5 1 6 4 5 4 10 4 6 9
M[314] : 0 5 2 4 2 3 3 3 4 3 9 5 2 4 3 5 4 3 5 5 5 3
M[315] : 6 5 6 3 1 3 5 3 3 3 1 0 3 7 7 4 5 4 1 5 1 7
M[316] : 5 0 6 6 4 3 3 5 5 6 7 7 2 6 3 6 4 8 5 8 4 3
M[317] : 8 7 5 5 5 2 7 5 7 2 4 4 5 5 3 0 8 4 1 8 4 5
M[318] : 3 6 4 6 5 7 4 0 6 4 7 1 5 5 3 0 3 3 5 6 3 10
M[319] : 3 4 8 6 6 4 8 1 4 5 2 3 4 6 7 6 0 7 4 3 1 4
M[320] : 3 2 2 5 7 3 6 5 6 5 4 6 3 4 3 13 4 3 4 8 0 3
M[321] : 5 1 9 3 7 8 8 6 7 5 6 3 3 3 6 5 6 0 4 0 4 5
M[322] : 2 6 5 6 4 5 2 3 2 9 3 7 4 6 7 3 2 5 4 7 4 0
M[323] : 4 6 4 6 5 3 2 6 9 4 7 2 1 6 3 4 8 7 7 4 4 0
M[324] : 3 4 3 5 6 9 0 3 5 4 4 5 2 6 9 5 7 2 4 4 5 6
M[325] : 4 7 0 2 4 2 6 5 4 7 5 1 6 1 4 2 6 6 7 4 4 5
M[326] : 3 4 5 6 6 7 5 3 3 8 4 4 4 3 6 2 5 7 0 4 9 6
M[327] : 3 5 4 0 6 1 4 5 6 8 5 6 0 6 5 4 4 7 4 3 5 2
M[328] : 4 5 7 3 9 7 7 4 6 3 3 2 2 4 4 5 0 2 4 3 5 4
M[329] : 4 2 5 5 3 4 3 2 3 0 4 3 4 3 3 1 10 7 0 3 4 5
M[330] : 7 1 2 7 9 8 6 7 4 6 6 10 6 4 2 0 1 8 7 0 5 2
M[331] : 0 4 7 8 8 3 7 5 3 1 2 5 7 4 4 4 3 5 5 2 8 5
M[332] : 6 4 5 6 5 8 9 9 5 4 5 5 8 6 0 4 3 9 5 4 5 2
M[333] : 6 6 4 6 7 9 4 4 2 4 3 0 4 7 6 5 2 3 8 6 2 5
M[334] : 4 5 10 4 5 5 4 6 2 9 4 7 7 3 4 4 7 3 6 0 3 3
M[335] : 7 8 5 3 3 7 8 2 4 0 10 4 10 3 9 3 5 2 5 4 3 10
M[336] : 2 3 3 7 8 2 4 7 2 4 3 2 7 5 5 5 3 0 7 7 7 3
M[337] : 0 4 2 8 5 4 1 3 4 4 7 5 4 2 5 10 5 2 6 3 1 2
M[338] : 4 4 6 4 6 5 3 2 7 7 8 6 3 8 0 3 3 8 3 6 3 4
M[339] : 8 6 0 3 4 6 6 8 6 6 4 5 7 1 4 5 3 5 3 6 7 5
M[340] : 1 3 1 4 6 1 3 3 11 5 0 7 4 7 7 5 4 6 2 6 3 4
M[341] : 2 7 3 3 10 3 1 3 1 0 5 6 3 3 6 5 7 6 3 7 6 3
M[342] : 0 3 7 4 8 4 3 2 2 3 5 2 5 5 4 4 8 5 3 8 5 4
M[343] : 3 4 2 7 5 2 2 3 1 4 2 1 2 7 2 4 4 3 2 4 4 0
M[344] : 4 4 4 0 5 9 1 5 5 4 2 2 2 3 4 4 4 4 6 1 5 7
M[345] : 0 8 10 6 3 4 6 4 3 1 3 8 7 1 11 8 1 7 7 6 7 5
M[346] : 7 8 6 7 5 2 7 6 9 5 8 0 3 4 6 5 5 7 5 5 3 7
M[347] : 5 3 5 3 5 2 1 3 6 7 3 6 3 7 4 0 5 4 3 4 6 5
M[348] : 4 4 7 4 6 3 3 5 5 4 7 6 8 6 6 6 4 0 3 8 3 5
M[349] : 5 0 7 6 6 8 3 1 3 4 3 3 4 3 4 5 2 6 0 6 5 8
M[350] : 3 6 3 3 2 3 7 9 6 7 7 4 3 6 0 5 9 3 5 5 7 3
M[351] : 3 6 1 5 3 4 0 2 8 3 3 7 1 8 4 4 9 1 5 8 3 5
M[352] : 3 4 2 4 8 6 6 9 3 5 1 5 9 3 4 5 4 4 6 0 5 5
M[353] : 4 4 4 4 5 3 7 5 7 2 3 6 5 5 7 3 3 4 6 4 2 0
M[354] : 6 2 9 3 0 3 5 6 7 3 4 2 5 5 5 8 5 4 5 0 4 4
M[355] : 6 7 4 5 4 6 10 0 4 3 2 6 5 9 6 7 3 4 3 6 5 4
M[356] : 6 7 5 2 6 7 0 3 5 5 4 6 2 6 7 4 6 5 1 3 7 1
M[357] : 3 3 4 3 3 1 10 3 9 6 3 7 6 8 6 0 3 7 6 7 3 5
M[358] : 3 5 6 4 2 4 0 5 5 3 4 4 6 3 5 9 2 2 6 5 8 6
M[359] : 7 5 0 6 7 2 5 6 3 5 3 4 6 4 4 2 7 6 5 5 5 6
M[360] : 0 5 5 9 8 9 2 4 3 8 3 6 1 3 4 3 3 4 3 2 4 1
M[361] : 7 7 4 0 4 6 2 1 2 3 5 5 4 5 2 6 2 5 4 5 2 2
M[362] : 4 3 5 6 5 6 4 5 5 4 2 3 2 10 2 7 7 2 2 0 6 7
M[363] : 8 3 4 3 6 3 9 3 7 9 4 5 5 6 5 7 4 7 0 5 3 7
M[364] : 4 6 2 5 9 3 6 0 7 8 1 4 4 5 1 2 2 3 4 7 7 3
M[365] : 5 3 5 6 7 5 8 6 4 7 3 3 3 4 5 4 0 5 5 4 4 6
M[366] : 6 11 0 5 7 10 5 4 3 4 6 8 3 4 3 7 8 5 4 5 6 1
M[367] : 4 5 4 2 5 5 6 6 0 2 0 2 3 1 5 10 4 5 6 3 5 2
M[368] : 7 0 6 6 5 5 4 4 3 4 4 8 3 8 6 4 3 5 9 1 3 3
M[369] : 3 4 5 6 4 6 0 5 2 5 5 7 4 6 7 7 7 9 5 5 6 4
M[370] : 3 8 7 4 0 7 9 7 4 4 1 6 5 7 9 7 3 4 7 7 6 5
M[371] : 9 4 1 5 4 2 6 7 4 3 5 4 8 4 4 0 3 10 9 8 6 3
M[372] : 1 6 7 3 6 7 0 5 4 1 8 5 3 7 3 1 4 10 8 3 7 4
M[373] : 3 7 2 1 7 0 10 2 7 5 3 3 5 5 1 4 7 3 9 4 3 2
M[374] : 6 2 5 4 4 6 0 2 6 8 5 2 0 4 0 1 5 10 3 5 3 4
M[375] : 5 3 5 7 4 9 4 0 5 3 4 5 6 5 7 5 4 5 6 4 4 4
M[376] : 2 3 6 5 3 4 4 4 0 6 11 2 3 2 4 6 7 2 8 4 8 5
M[377] : 2 2 2 2 6 3 6 4 4 4 4 5 5 0 4 8 8 3 2 5 2 8
M[378] : 5 0 5 11 11 3 4 4 4 5 1 11 1 3 6 3 6 4 1 5 2 3
M[379] : 4 5 6 3 3 3 4 4 5 4 3 3 4 3 4 2 6 1 0 3 5 4
M[380] : 5 6 3 3 5 6 4 0 6 7 3 3 5 3 5 6 4 4 4 8 5 6
M[381] : 8 6 3 4 0 5 5 3 5 9 8 4 5 5 7 4 5 5 1 7 5 4
M[382] : 3 2 6 7 1 3 3 0 5 3 2 4 6 4 4 7 3 5 5 4 6 5
M[383] : 3 4 4 7 4 1 3 3 5 2 9 3 1 5 2 0 4 5 0 3 9 6
M[384] : 3 1 6 3 4 2 6 6 8 0 4 7 3 5 6 5 3 6 7 7 7 5
M[385] : 8 3 5 4 5 4 6 5 7 2 3 8 5 7 4 0 2 5 4 5 3 5
M[386] : 5 4 8 4 0 3 0 6 5 7 7 8 7 3 8 6 3 6 8 5 4 6
M[387] : 3 3 5 2 5 8 2 0 4 4 6 3 4 6 2 5 1 3 3 6 7 4
M[388] : 4 9 7 3 6 2 4 7 6 2 4 3 2 7 3 7 5 8 7 1 4 0
M[389] : 4 0 6 3 7 6 2 6 6 4 5 6 5 6 3 8 4 4 5 5 6 5
M[390] : 6 7 7 0 5 3 4 1 8 3 2 4 3 3 3 4 5 5 5 2 2 7
M[391] : 7 0 4 8 3 4 4 10 4 5 7 6 5 7 6 4 1 7 3 4 4 0
M[392] : 7 5 7 8 2 2 2 3 2 8 5 0 3 6 9 7 3 4 5 6 5 6
M[393] : 6 3 7 5 3 6 7 2 4 0 7 8 2 4 6 3 8 6 3 3 4 9
M[394] : 8 4 1 6 11 4 5 3 7 7 4 6 1 9 0 1 2 3 2 4 5 3
M[395] : 8 3 5 5 5 5 7 3 4 6 4 4 5 8 4 3 2 4 8 4 4 0
M[396] : 5 7 5 2 7 6 9 4 7 4 3 4 7 4 5 6 0 2 8 7 7 7
M[397] : 4 6 3 5 4 0 5 2 5 4 7 4 6 6 5 6 6 6 3 7 4 3
M[398] : 1 4 3 4 3 4 8 2 2 4 5 2 4 5 4 4 9 4 5 5 0 7
M[399] : 1 7 4 5 5 6 0 5 6 3 4 5 7 9 4 5 4 5 6 6 3 1
M[400] : 4 5 6 9 3 4 4 9 5 2 7 3 3 3 10 0 4 6 5 8 5 2
M[401] : 6 3 7 8 8 8 3 4 6 7 5 4 6 8 3 4 6 0 8 9 3 6
M[402] : 7 5 4 7 3 9 7 5 3 4 0 5 4 6 3 4 4 6 3 4 3 7
M[403] : 6 0 6 0 6 3 4 3 4 8 6 3 5 5 5 5 4 5 2 6 6 1
M[404] : 9 2 2 4 3 6 11 4 0 7 4 6 4 4 7 2 5 5 4 2 5 4
M[405] : 3 7 3 6 4 0 2 7 4 4 5 2 2 3 6 1 4 5 7 7 2 3
M[406] : 5 4 7 5 4 8 8 3 4 4 7 3 1 0 5 5 7 4 6 3 3 4
M[407] : 5 2 7 5 2 0 5 9 9 6 4 3 6 3 4 6 5 2 3 3 4 4
M[408] : 4 5 5 2 3 6 4 1 7 5 5 4 2 6 4 3 0 5 6 2 7 3
M[409] : 9 6 3 1 4 9 6 9 7 4 4 2 5 3 5 3 2 1 3 4 8 0
M[410] : 6 4 4 0 12 7 2 9 7 4 6 6 5 4 6 4 4 5 1 2 5 5
M[411] : 7 4 7 3 4 4 3 0 1 4 4 6 3 8 4 4 5 6 3 6 7 4
M[412] : 3 2 13 4 7 9 4 5 6 5 0 4 5 6 2 4 3 5 1 1 4 4
M[413] : 3 4 6 2 2 6 4 2 4 4 5 8 6 5 9 5 0 5 6 6 5 4
M[414] : 8 4 6 5 5 1 3 6 1 10 1 6 5 5 8 5 3 3 5 5 8 0
M[415] : 6 8 5 3 8 5 2 8 4 7 2 9 5 6 0 3 9 5 8 4 2 5
M[416] : 3 4 3 3 9 4 5 6 6 5 6 9 9 7 4 0 1 3 4 7 5 7
M[417] : 5 5 7 2 0 5 5 5 4 6 3 4 2 8 5 7 3 5 5 6 5 3
M[418] : 3 6 5 3 7 5 3 6 1 3 5 7 5 0 0 6 6 4 3 6 2 6
M[419] : 4 4 8 6 6 6 2 11 2 6 5 0 7 3 5 4 2 7 7 1 3 2
M[420] : 6 4 5 3 6 2 2 7 2 10 4 4 7 7 4 10 4 0 3 4 6 3
M[421] : 4 5 3 0 5 3 8 3 3 5 4 5 6 3 5 0 4 7 3 3 5 5
M[422] : 5 1 4 4 6 5 0 3 3 6 2 6 7 6 5 3 4 5 8 5 7 2
M[423] : 1 2 6 3 5 7 5 3 4 8 0 4 9 4 5 6 4 3 6 7 6 10
M[424] : 3 8 4 5 8 5 6 5 0 4 5 5 7 4 6 5 7 5 3 6 5 7
M[425] : 4 0 6 8 3 7 4 4 4 1 3 1 7 6 10 7 2 2 6 4 2 7
M[426] : 1 4 6 0 4 5 1 5 5 6 1 3 2 4 6 5 9 3 5 6 4 4
M[427] : 4 3 7 5 4 5 4 0 7 5 5 5 5 8 8 2 3 8 8 6 4 4
M[428] : 3 7 12 3 5 2 7 7 1 8 6 4 0 3 8 2 6 4 5 8 7 6
M[429] : 6 5 3 5 4 8 4 5 2 0 4 9 7 1 7 4 4 7 5 4 6 8
M[430] : 8 5 8 4 2 2 6 4 3 4 3 3 0 1 4 6 8 8 4 5 6 5
M[431] : 0 8 2 3 4 7 7 8 6 3 6 4 4 4 5 1 0 6 5 8 2 4
M[432] : 4 4 4 1 6 4 4 4 7 8 6 6 5 1 2 2 7 2 7 7 4 0
M[433] : 7 3 0 7 2 4 5 5 5 3 6 9 5 5 3 7 4 5 4 8 3 6
M[434] : 2 2 4 6 4 6 2 7 6 1 4 5 5 1 7 5 7 0 8 8 6 9
M[435] : 6 6 2 5 5 4 5 0 3 7 8 5 4 4 8 2 5 4 4 6 4 7
M[436] : 10 7 4 0 5 3 4 7 6 4 3 2 0 5 6 5 3 0 5 4 4 6
M[437] : 5 2 2 6 5 6 4 3 7 0 4 6 5 2 2 5 4 6 6 9 6 4
M[438] : 0 4 7 3 6 6 4 5 5 6 5 3 4 6 10 4 5 7 5 4 3 4
M[439] : 3 8 2 0 3 6 2 6 6 3 7 7 5 2 5 3 3 4 3 2 5 4
M[440] : 7 8 6 4 5 8 5 7 6 4 6 9 9 8 0 7 3 6 4 3 4 8
M[441] : 4 2 6 2 5 7 1 7 3 0 6 5 3 5 5 4 6 6 2 5 4 3
M[442] : 3 6 2 4 4 10 5 4 5 5 6 7 4 4 2 2 3 4 0 4 2 5
M[443] : 8 8 2 2 5 6 8 4 2 3 4 3 3 0 7 6 8 1 3 4 4 4
M[444] : 7 7 5 2 3 11 3 5 7 5 0 2 6 2 5 3 7 5 8 4 6 3
M[445] : 6 3 4 3 4 7 8 2 2 11 0 6 3 8 8 5 7 8 2 5 3 4
M[446] : 3 5 3 5 2 4 6 7 4 5 7 5 0 4 6 3 3 2 3 6 5 7
M[447] : 6 4 5 3 5 5 5 0 7 3 2 9 5 3 8 2 5 9 4 6 7 3
M[448] : 6 6 4 4 6 5 3 2 3 3 5 0 1 3 2 6 8 4 5 2 5 7
M[449] : 6 5 5 3 5 4 4 4 3 2 5 0 3 4 1 7 5 3 2 5 7 6
M[450] : 9 4 4 7 6 5 6 5 4 4 5 6 2 7 7 2 4 0 1 4 6 4
M[451] : 2 0 8 5 4 3 3 3 6 5 3 5 6 4 3 6 5 6 5 7 3 9
M[452] : 4 6 2 2 5 5 3 7 4 5 5 6 3 4 5 0 5 8 4 9 7 5
M[453] : 6 3 0 5 4 4 5 6 6 3 2 4 6 3 3 2 4 1 6 0 4 4
M[454] : 8 8 3 2 4 3 6 4 4 9 3 8 3 4 8 2 5 3 0 3 6 2
M[455] : 0 3 3 4 6 5 8 7 6 6 3 4 3 5 7 3 5 4 7 3 2 0
M[456] : 0 4 4 5 4 0 4 6 7 3 6 6 2 7 4 7 1 2 3 5 6 2
M[457] : 8 7 5 1 4 3 9 5 3 11 5 8 8 3 0 3 5 3 5 5 4 4
M[458] : 3 6 3 2 6 1 4 3 6 6 9 4 4 7 3 4 5 0 4 6 3 12
M[459] : 5 5 1 4 5 3 8 6 9 3 1 5 3 5 5 5 0 5 4 8 7 4
M[460] : 6 0 5 4 6 1 1 4 9 5 3 7 8 8 6 4 4 5 4 4 9 5
M[461] : 5 2 4 4 8 3 5 5 4 6 0 1 2 4 2 4 4 6 2 6 5 7
M[462] : 6 5 3 5 4 0 2 6 3 7 6 4 2 7 3 5 5 6 8 4 4 6
M[463] : 6 8 4 3 2 6 7 4 2 2 4 7 1 5 4 0 4 7 3 8 5 2
M[464] : 5 2 3 4 7 5 4 3 0 8 5 4 5 7 6 1 10 8 8 5 5 8
M[465] : 6 5 6 3 3 4 2 6 5 5 5 3 4 8 6 5 3 6 6 6 0 5
M[466] : 0 6 1 5 7 0 4 4 6 5 3 9 7 9 4 2 3 6 2 5 4 3
M[467] : 5 10 3 4 5 6 5 4 4 2 9 3 0 2 6 6 7 5 6 3 5 6
M[468] : 2 3 4 8 0 2 3 9 3 4 8 4 4 3 6 9 4 5 3 7 0 3
M[469] : 4 6 1 6 5 6 4 6 6 4 3 4 7 0 9 5 4 5 7 4 5 9
M[470] : 5 7 2 6 1 7 3 3 0 5 4 5 8 9 6 4 5 3 5 3 6 4
M[471] : 3 7 4 5 5 3 2 1 3 3 7 4 0 4 2 9 5 4 4 6 5 4
M[472] : 3 5 0 6 3 8 6 2 5 8 3 6 7 5 2 3 7 10 4 2 5 5
M[473] : 5 5 2 4 5 7 6 5 9 6 2 4 6 0 4 5 5 4 4 3 8 4
M[474] : 0 4 2 4 5 6 6 2 7 4 5 6 5 5 6 8 4 3 5 3 4 3
M[475] : 5 7 0 2 6 1 6 6 4 2 3 9 7 1 2 5 2 7 3 9 5 9
M[476] : 4 3 3 4 6 0 6 5 4 6 5 2 4 3 1 4 3 5 6 5 5 4
M[477] : 10 5 4 4 5 8 7 3 3 5 1 1 5 4 5 5 0 4 6 4 6 6
M[478] : 7 4 6 9 6 3 6 5 7 7 4 0 3 3 8 6 8 5 5 3 6 3
M[479] : 3 1 4 8 3 0 2 8 9 6 7 5 4 7 10 3 9 0 6 7 7 4
M[480] : 5 8 5 2 1 6 8 5 5 6 3 3 4 4 4 7 5 9 0 3 4 8
M[481] : 5 6 3 0 4 6 10 2 5 9 5 6 5 6 9 5 3 9 5 8 8 1
M[482] : 4 1 4 4 5 4 10 7 0 6 6 4 4 5 2 7 7 6 8 5 5 4
M[483] : 7 9 7 3 4 4 4 4 2 5 1 7 7 4 5 3 8 6 3 0 5 6
M[484] : 2 11 4 5 5 4 5 3 2 5 7 5 5 3 11 0 5 4 6 2 3 3
M[485] : 4 4 1 5 3 5 4 5 4 2 3 3 3 3 0 3 3 5 2 1 3 5
M[486] : 4 5 6 3 6 8 1 1 8 4 4 6 4 3 2 6 4 4 7 5 5 0
M[487] : 6 5 4 5 3 4 7 3 5 3 3 3 7 0 6 4 6 5 5 7 7 8
M[488] : 6 3 6 5 6 5 3 0 6 6 1 4 5 5 6 5 4 3 2 3 7 4
M[489] : 5 4 6 2 7 5 0 1 5 11 3 7 3 4 6 4 5 7 6 8 1 4
M[490] : 3 4 3 4 2 3 2 6 0 2 5 3 5 4 4 4 3 3 6 7 5 8
M[491] : 7 6 2 6 2 6 3 5 4 0 7 7 8 5 5 5 5 7 7 4 4 7
M[492] : 5 3 8 7 5 2 1 4 3 0 5 7 3 3 2 10 5 3 2 6 4 7
M[493] : 4 2 4 5 5 6 7 5 5 8 0 4 2 6 9 3 6 10 4 8 3 4
M[494] : 4 10 2 8 2 0 4 3 5 11 5 6 6 5 7 5 2 3 6 5 6 4
M[495] : 5 6 6 6 2 6 4 4 3 0 4 5 3 6 1 2 5 4 5 3 3 5
M[496] : 8 4 4 6 4 5 8 1 4 9 2 4 6 6 7 7 4 6 0 2 2 5
M[497] : 3 6 5 10 1 3 5 6 4 8 4 0 4 3 12 3 3 6 4 6 1 2
M[498] : 9 3 3 6 11 3 5 5 3 7 3 5 3 4 4 0 6 5 7 7 9 3
M[499] : 4 9 4 12 2 3 2 7 8 1 3 4 2 3 7 0 2 4 5 9 3 4
M[500] : 4 7 4 4 9 3 6 2 12 4 6 0 6 3 6 2 6 2 9 5 2 5
M[501] : 3 7 7 0 4 7 2 4 5 6 5 6 1 2 3 5 4 6 3 6 4 8
M[502] : 0 8 6 5 5 4 5 6 1 4 8 3 9 3 2 4 4 6 3 3 5 5
M[503] : 4 4 3 5 0 2 4 5 9 4 8 5 3 3 6 3 6 5 5 3 0 7
M[504] : 6 3 7 2 4 3 4 6 1 4 3 0 5 9 6 3 9 5 5 5 9 4
M[505] : 2 5 3 4 5 5 5 4 4 5 6 5 3 5 6 8 4 0 5 4 6 5
M[506] : 4 5 1 4 2 4 2 6 5 4 5 2 0 3 4 5 7 5 1 8 4 8
M[507] : 5 3 8 4 7 3 3 4 5 4 4 6 7 0 3 7 5 6 9 4 8 4
M[508] : 5 7 7 2 1 3 4 6 0 2 5 5 4 7 4 5 5 4 0 8 2 4
M[509] : 6 2 4 6 6 3 1 7 2 4 6 4 0 2 9 5 5 5 6 3 5 6
M[510] : 1 5 7 6 3 5 6 4 5 7 6 2 6 8 2 4 3 1 6 0 5 4
M[511] : 5 3 9 4 9 3 6 6 1 5 2 5 0 7 4 6 7 4 6 6 5 4
M[512] : 3 4 6 2 6 7 4 3 5 10 2 6 4 0 6 1 5 5 7 2 10 9
M[513] : 5 6 8 3 7 3 5 5 4 4 3 12 0 7 6 3 7 5 6 2 4 3
M[514] : 7 8 4 7 0 3 5 4 3 3 3 5 5 11 4 4 6 4 6 3 6 3
M[515] : 5 4 6 3 6 3 5 3 4 6 5 6 3 6 7 4 1 0 3 5 3 3
M[516] : 3 3 5 6 8 9 3 5 6 3 0 3 5 2 6 3 2 5 4 3 5 1
M[517] : 3 4 5 5 0 1 8 5 8 3 8 6 4 6 6 3 5 3 3 3 8 8
M[518] : 4 4 6 5 3 3 7 9 2 6 3 5 9 6 5 10 3 0 3 6 4 6
M[519] : 6 1 5 4 7 0 8 7 1 3 5 6 4 5 5 6 6 3 5 1 4 3
M[520] : 4 5 5 3 3 6 6 4 5 5 3 2 4 4 8 8 5 6 0 4 6 6
M[521] : 4 3 4 8 1 4 5 0 4 5 5 2 4 3 6 3 2 5 7 3 2 8
M[522] : 4 9 5 5 0 1 6 4 7 5 4 5 7 6 4 2 3 3 6 6 4 11
M[523] : 0 5 5 1 4 0 3 5 5 4 3 8 4 0 6 4 5 6 6 4 1 6
M[524] : 5 0 7 4 4 4 0 10 2 2 2 5 3 3 4 7 3 5 4 5 7 7
M[525] : 1 3 5 4 4 8 3 2 5 7 7 9 6 5 8 6 3 5 4 3 2 0
M[526] : 6 8 5 1 2 5 7 6 7 9 6 7 5 5 3 5 3 2 11 0 6 5
M[527] : 5 1 6 2 3 3 5 5 7 6 0 6 6 6 8 4 5 2 4 5 3 4
M[528] : 3 4 6 3 6 1 0 5 7 3 7 4 5 5 8 3 6 5 8 5 0 4
M[529] : 1 3 4 6 9 5 1 4 9 3 6 7 4 4 3 2 7 3 0 1 6 3
M[530] : 0 10 2 5 5 10 3 2 4 1 7 7 6 5 8 1 7 9 1 7 4 4
M[531] : 3 7 6 10 5 6 5 5 0 5 4 3 3 1 5 4 3 5 3 4 5 6
M[532] : 10 0 2 3 9 6 6 5 4 6 3 6 6 4 4 5 4 8 5 5 3 4
M[533] : 3 3 2 1 8 4 0 2 8 1 3 4 8 4 2 6 4 4 3 8 1 4
M[534] : 7 0 4 5 5 5 5 4 3 8 5 4 3 3 4 4 4 2 3 4 6 3
M[535] : 5 6 4 3 4 3 5 6 3 6 6 5 7 4 5 6 1 4 9 5 0 6
M[536] : 4 10 3 5 3 5 5 4 3 10 3 0 4 5 4 1 4 2 5 6 5 6
M[537] : 8 6 5 2 0 1 4 5 5 4 9 3 4 6 5 8 8 6 6 5 4 4
M[538] : 7 3 3 1 12 4 3 4 3 9 8 5 4 5 4 6 4 7 4 4 0 6
M[539] : 7 4 4 0 3 8 6 5 5 4 4 5 6 6 4 3 7 5 7 8 4 6
M[540] : 2 5 5 4 8 5 2 0 5 4 2 3 6 6 4 5 4 8 3 3 9 6
M[541] : 6 7 8 5 4 5 6 1 5 4 3 0 3 5 5 5 3 5 3 9 9 2
M[542] : 4 2 3 2 7 4 10 4 3 4 0 6 3 5 3 9 5 5 6 9 6 4
M[543] : 2 5 6 5 3 2 3 1 5 5 7 5 4 3 8 7 6 2 2 0 7 4
M[544] : 4 5 7 4 6 5 9 0 6 4 3 3 3 2 2 6 3 7 5 4 3 2
M[545] : 0 7 0 4 8 5 3 5 2 1 5 6 6 5 9 4 2 9 6 2 6 4
M[546] : 7 6 9 0 6 5 4 5 5 7 6 0 5 10 4 1 6 0 4 3 4 6
M[547] : 6 0 1 6 7 4 6 5 4 2 5 5 7 4 6 4 7 6 4 8 5 5
M[548] : 4 0 6 3 5 4 3 5 4 5 3 5 4 4 5 7 3 5 2 3 8 7
M[549] : 6 7 3 5 0 1 10 11 4 9 1 5 3 6 2 7 8 4 4 4 4 2
M[550] : 4 7 7 2 4 3 4 3 4 6 6 2 3 0 4 5 4 9 5 2 1 9
M[551] : 8 7 4 5 4 5 4 6 3 5 6 6 0 6 9 5 3 4 3 3 5 5
M[552] : 7 4 6 5 6 9 2 4 4 3 3 3 6 3 4 6 7 4 6 2 5 0
M[553] : 2 10 3 3 5 4 6 5 6 1 3 0 4 9 4 5 4 12 3 4 6 0
M[554] : 4 6 0 2 4 6 6 3 5 5 4 5 3 5 3 2 8 6 5 6 6 4
M[555] : 4 3 3 5 2 6 4 5 2 3 3 3 6 7 5 3 6 7 6 5 0 5
M[556] : 1 7 8 4 1 5 2 6 6 6 3 3 9 4 3 4 3 3 5 7 0 5
M[557] : 3 6 5 0 8 7 4 2 4 2 3 5 4 2 5 6 2 6 5 1 5 4
M[558] : 12 2 3 8 5 2 5 4 3 7 6 1 3 5 2 5 6 5 0 6 7 6
M[559] : 6 5 6 5 4 6 3 5 5 8 10 0 4 6 6 4 7 6 5 4 1 7
M[560] : 4 3 7 7 4 2 4 3 0 4 3 7 5 6 3 3 2 6 3 3 5 3
M[561] : 7 4 6 7 5 2 4 9 3 5 0 10 3 2 4 7 4 5 7 7 8 6
M[562] : 4 1 6 4 0 4 1 3 10 2 5 4 2 7 7 3 6 4 4 7 4 3
M[563] : 7 4 6 1 2 4 7 0 7 9 4 6 6 4 1 3 4 1 5 6 3 3
M[564] : 6 5 5 7 2 5 5 9 3 4 0 6 7 3 8 7 7 6 4 2 9 6
M[565] : 5 6 2 7 8 3 4 9 8 5 2 5 5 3 3 8 4 4 4 4 0 1
M[566] : 8 4 3 1 3 5 0 7 2 2 2 6 5 3 2 8 3 4 6 7 8 6
M[567] : 4 8 4 6 5 4 2 6 7 4 0 5 3 4 5 5 3 2 1 3 2 6
M[568] : 5 3 7 6 4 6 0 2 6 2 4 2 0 2 8 1 3 5 1 9 5 7
M[569] : 6 6 5 6 6 4 6 7 3 3 4 9 4 5 4 3 6 4 8 4 0 7
M[570] : 3 3 0 3 4 7 4 5 5 2 3 8 4 5 6 4 3 3 1 5 2 6
M[571] : 0 4 6 1 6 2 7 7 1 7 4 9 7 5 5 9 3 4 3 4 7 9
M[572] : 1 6 4 5 7 2 7 5 2 1 8 6 4 6 2 6 9 10 3 0 4 3
M[573] : 6 2 5 2 7 5 6 1 2 1 9 4 2 6 6 5 2 3 3 3 0 3
M[574] : 3 3 7 4 5 2 4 6 2 3 8 3 0 4 3 2 1 7 5 8 8 8
M[575] : 5 5 4 0 6 1 6 5 7 4 5 7 6 8 8 3 6 1 8 6 5 5
M[576] : 6 6 6 4 8 3 7 0 2 2 3 3 1 3 4 5 2 4 5 8 9 6
M[577] : 5 5 5 8 0 2 6 1 4 4 3 6 5 3 5 5 4 6 8 5 5 5
M[578] : 9 9 3 7 5 3 8 7 4 3 4 9 7 3 4 0 3 4 4 3 6 2
M[579] : 6 6 3 4 9 4 0 5 2 4 3 6 7 5 5 1 4 3 4 6 6 5
M[580] : 4 3 7 7 5 3 8 5 4 9 7 0 5 2 5 3 2 6 3 9 6 7
M[581] : 2 7 6 6 4 5 7 5 2 5 4 6 7 4 2 8 10 6 3 0 3 8
M[582] : 2 7 3 3 4 4 4 0 8 4 7 6 4 4 8 7 4 4 4 9 2 6
M[583] : 2 5 3 2 7 3 6 2 8 3 4 6 6 3 3 0 4 3 6 3 0 6
M[584] : 4 3 0 6 6 4 6 6 6 5 2 2 6 8 8 8 6 3 8 7 3 4
M[585] : 5 3 6 5 6 5 6 3 0 3 4 4 3 7 6 9 6 5 2 6 6 4
M[586] : 6 0 9 7 3 5 4 3 3 5 6 4 1 4 4 4 4 3 8 5 7 5
M[587] : 4 3 7 6 5 7 0 1 4 4 2 4 3 4 6 5 4 5 6 4 9 6
M[588] : 3 5 2 7 4 0 6 5 5 5 6 6 0 8 4 4 1 5 5 6 4 4
M[589] : 4 6 5 4 5 4 3 4 4 8 3 2 4 1 4 4 3 0 2 6 0 4
M[590] : 3 5 5 5 1 4 2 5 0 3 5 5 2 5 6 4 5 1 3 7 2 5
M[591] : 7 9 4 5 4 4 4 6 5 5 3 8 5 2 4 6 4 3 4 2 0 4
M[592] : 4 0 6 5 7 4 4 4 4 5 2 2 10 6 4 8 2 3 3 3 5 2
M[593] : 3 4 3 4 3 4 2 8 5 2 5 0 5 1 4 6 6 3 6 4 6 4
M[594] : 1 4 4 9 3 3 2 5 2 6 7 6 0 2 6 0 3 7 9 5 3 2
M[595] : 7 6 4 2 0 7 4 3 3 4 4 6 3 0 4 2 1 10 2 5 3 8
M[596] : 0 5 4 2 5 7 7 1 5 7 3 4 10 4 4 6 4 7 7 5 4 3
M[597] : 3 5 3 4 4 5 7 8 3 0 6 4 6 4 6 3 9 5 6 5 7 2
M[598] : 5 4 8 7 4 4 4 4 3 3 8 7 7 5 3 5 0 6 2 7 4 6
M[599] : 10 0 4 7 3 2 2 3 6 6 4 3 3 4 7 4 3 3 3 6 3 9
M[600] : 2 5 4 4 3 7 4 0 5 1 1 6 5 3 2 5 3 5 4 5 8 10
M[601] : 8 3 7 2 5 4 4 4 8 6 6 0 5 6 5 7 5 2 3 6 3 5
M[602] : 4 0 4 3 6 6 3 6 6 6 5 2 7 3 4 4 2 3 2 2 2 2
M[603] : 3 3 4 6 4 7 8 5 8 3 3 5 2 3 1 0 7 4 3 3 3 6
M[604] : 3 2 2 6 8 5 6 7 7 6 7 3 9 0 7 5 7 4 2 9 6 4
M[605] : 5 6 3 3 6 2 4 2 4 2 4 1 4 7 4 3 0 3 4 6 6 8
M[606] : 4 1 3 4 7 10 0 4 2 6 3 5 2 5 1 2 4 8 5 2 1 4
M[607] : 2 3 2 3 1 0 6 8 2 2 2 2 0 7 4 3 5 7 7 3 6 5
M[608] : 8 4 5 4 7 5 5 3 3 3 0 5 3 3 6 3 2 3 5 6 6 5
M[609] : 8 4 4 2 3 3 5 4 5 6 4 2 6 1 2 5 0 6 2 1 1 4
M[610] : 6 6 4 6 2 4 3 4 6 6 5 2 2 2 0 6 4 7 4 4 6 3
M[611] : 5 5 5 3 8 7 7 8 6 5 6 7 6 0 6 5 6 5 2 6 6 5
M[612] : 7 6 3 5 9 0 5 7 5 2 5 3 2 4 6 0 4 4 4 3 3 5
M[613] : 5 1 3 7 5 3 2 5 5 5 7 5 7 3 9 9 5 6 0 9 3 5
M[614] : 3 1 6 5 4 3 7 3 6 4 2 3 4 6 7 0 5 4 3 2 3 4
M[615] : 3 6 7 6 3 5 5 4 4 2 5 7 2 4 6 0 4 5 0 1 5 4
M[616] : 3 7 4 4 5 0 9 4 7 4 5 4 4 5 3 2 6 1 6 3 3 5
M[617] : 5 6 4 4 8 4 6 2 7 0 7 8 1 8 7 3 3 3 4 4 7 6
M[618] : 2 5 1 4 8 4 6 9 7 10 3 3 4 7 4 4 6 2 0 5 6 7
M[619] : 8 6 0 6 7 3 5 3 8 4 3 6 1 5 5 2 4 7 6 3 3 5
M[620] : 0 5 2 2 5 6 4 6 5 2 4 7 8 5 2 6 4 4 4 3 3 4
M[621] : 2 2 5 4 5 4 5 0 8 4 8 3 6 4 2 4 3 5 3 7 3 10
M[622] : 6 4 10 1 5 6 8 3 7 5 3 4 6 1 5 5 3 4 8 2 0 7
M[623] : 2 3 1 5 0 7 6 3 2 8 3 7 6 2 10 5 4 7 10 4 5 6
M[624] : 3 4 5 4 6 5 4 4 4 5 0 8 5 1 5 9 5 6 2 6 2 5
M[625] : 6 4 7 4 5 5 3 6 8 8 6 4 5 5 7 3 7 4 8 8 4 0
M[626] : 8 7 7 0 5 4 7 3 9 10 6 2 6 3 6 4 5 5 2 6 7 4
M[627] : 8 3 6 4 3 3 5 5 4 3 8 8 4 0 9 3 4 2 8 6 4 4
M[628] : 5 2 7 6 7 3 7 3 3 8 4 7 6 3 0 5 4 6 3 9 6 2
M[629] : 6 8 2 5 2 5 7 0 6 4 8 6 6 7 7 3 7 4 7 3 6 6
M[630] : 3 7 5 7 5 3 5 2 4 8 4 0 5 5 4 3 6 3 10 2 6 2
M[631] : 5 4 0 4 7 4 5 7 6 7 5 3 4 7 9 5 4 7 7 5 4 4
M[632] : 0 0 6 4 2 5 3 6 4 5 4 4 4 5 3 4 5 1 4 7 4 3
M[633] : 3 4 3 0 5 11 2 7 6 3 4 7 3 5 6 2 4 7 6 8 6 3
M[634] : 5 2 5 5 6 7 3 3 4 4 7 0 2 3 4 7 5 7 1 2 4 1
M[635] : 2 6 3 2 8 6 1 5 5 0 4 1 3 5 3 7 4 3 3 5 7 4
M[636] : 1 7 8 3 7 7 7 1 4 0 7 7 3 7 8 5 2 7 3 2 6 3
M[637] : 4 10 6 10 8 6 5 3 5 7 4 1 10 7 5 6 6 4 0 7 5 5
M[638] : 5 2 5 5 6 3 7 5 5 3 4 6 4 10 5 5 0 2 3 6 5 0
M[639] : 8 4 4 5 4 6 5 5 4 6 3 0 9 7 1 9 3 3 7 3 5 4
M[640] : 5 6 6 6 8 7 6 5 7 4 5 1 5 8 4 7 10 4 5 1 2 0
M[641] : 5 5 4 2 6 6 4 1 4 0 4 4 4 5 5 4 6 5 5 4 10 4
M[642] : 6 1 2 3 6 7 6 3 2 4 4 7 4 8 9 4 7 4 2 5 2 0
M[643] : 3 7 6 7 9 3 1 0 4 2 7 5 9 5 5 5 4 7 3 6 8 3
M[644] : 4 4 3 1 1 5 4 5 6 0 7 6 9 4 5 5 4 4 4 3 3 3
M[645] : 2 2 3 7 3 2 2 0 7 4 6 5 5 7 6 6 6 6 9 5 5 0
M[646] : 1 4 6 7 5 4 3 7 8 5 7 4 3 3 4 7 5 0 4 1 3 4
M[647] : 5 2 8 3 6 5 6 3 7 0 5 4 3 6 6 0 6 4 6 8 0 4
M[648] : 4 5 6 6 7 2 6 4 2 6 2 0 5 4 3 7 3 8 5 3 5 5
M[649] : 4 4 7 2 5 4 6 0 8 6 5 5 6 5 6 7 3 6 2 7 5 2
M[650] : 7 0 6 5 8 6 2 2 7 5 4 5 10 8 7 3 4 2 7 4 2 5
M[651] : 8 7 5 0 6 2 5 3 5 2 0 7 6 3 3 5 4 6 6 3 4 6
M[652] : 6 5 2 6 3 3 4 2 2 7 0 2 3 6 1 4 4 6 3 2 3 3
M[653] : 4 5 6 1 9 9 7 2 6 7 8 5 0 4 3 9 5 8 2 8 4 6
M[654] : 2 8 6 3 0 2 6 8 3 6 5 5 5 4 2 3 3 2 6 7 1 5
M[655] : 3 3 4 2 3 6 5 6 4 5 6 0 4 7 6 10 2 6 5 6 2 5
M[656] : 4 4 5 3 4 6 3 1 7 5 2 1 2 3 0 5 5 7 1 5 8 5
M[657] : 4 10 3 4 6 6 4 8 5 4 3 9 8 3 7 0 6 5 3 6 3 5
M[658] : 7 4 3 3 1 4 6 5 0 3 5 4 7 7 5 6 3 4 6 4 7 5
M[659] : 4 7 5 4 5 6 4 0 7 3 2 2 6 4 4 4 1 7 7 6 4 7
M[660] : 2 5 4 3 6 3 6 6 5 4 5 0 5 4 6 6 6 9 11 4 7 4
M[661] : 5 3 0 6 8 8 8 6 2 4 2 4 3 4 8 3 3 5 5 4 8 4
M[662] : 0 4 2 2 10 4 5 2 6 5 7 5 3 6 3 8 6 9 3 5 6 4
M[663] : 8 2 3 9 3 2 7 8 4 2 7 8 6 0 2 8 8 3 5 2 6 4
M[664] : 6 4 2 4 5 5 5 2 5 0 2 7 5 3 9 7 3 7 5 4 5 3
M[665] : 3 4 5 4 4 1 4 10 3 4 4 5 6 6 4 8 8 0 4 6 5 5
M[666] : 8 5 7 7 4 1 2 5 8 6 7 9 4 3 2 3 3 4 0 2 4 5
M[667] : 2 5 4 4 7 4 3 3 0 2 2 5 1 6 7 4 4 4 2 5 5 7
M[668] : 3 5 5 7 0 1 5 6 7 2 7 5 5 2 3 4 4 8 3 2 9 7
M[669] : 3 6 4 1 7 6 5 4 5 7 0 5 8 3 4 4 6 8 6 5 5 5
M[670] : 4 3 8 5 3 3 4 0 5 8 0 3 4 4 2 7 4 9 4 9 3 2
M[671] : 1 4 6 5 6 6 4 5 0 5 7 2 3 4 3 5 7 4 4 4 1 2
M[672] : 6 3 4 4 5 6 5 6 3 8 4 4 4 8 3 0 5 3 8 3 6 5
M[673] : 8 7 3 3 9 0 4 3 7 3 4 5 1 6 7 9 5 4 0 7 5 7
M[674] : 4 6 5 2 6 5 8 3 7 8 1 3 6 6 3 3 1 5 2 6 0 4
M[675] : 9 0 4 4 5 6 4 4 3 5 6 4 5 10 6 6 9 7 6 11 7 5
M[676] : 4 10 2 5 0 6 7 7 5 5 6 8 6 0 5 3 7 7 2 5 5 4
M[677] : 3 4 3 4 2 8 4 5 4 2 0 6 6 4 2 4 4 6 3 8 2 10
M[678] : 3 4 1 5 1 3 5 7 3 8 4 6 5 4 5 5 2 5 5 0 7 6
M[679] : 0 3 9 3 4 2 2 5 6 7 8 2 2 5 7 6 8 4 3 2 6 6
M[680] : 4 5 0 11 4 10 3 4 3 2 4 5 8 0 4 8 4 3 6 6 7 7
M[681] : 5 6 4 6 3 3 5 3 6 7 5 7 6 5 0 6 6 7 2 4 6 9
M[682] : 4 6 4 6 4 5 5 0 3 6 4 5 4 8 6 3 7 7 3 5 2 5
M[683] : 6 2 5 3 6 2 4 0 7 4 3 4 4 5 7 6 3 5 6 4 5 4
M[684] : 3 4 7 0 6 1 6 6 7 6 5 6 3 6 4 4 4 7 4 2 5 5
M[685] : 6 4 2 4 5 5 3 8 9 0 3 5 4 6 4 2 6 2 2 8 1 8
M[686] : 8 6 5 4 6 8 5 4 7 3 3 3 6 9 3 7 6 0 9 8 9 3
M[687] : 0 7 2 6 6 2 2 1 5 2 5 5 4 3 3 7 4 4 1 6 8 4
M[688] : 1 7 8 4 5 3 3 8 5 5 10 7 5 6 6 3 3 6 5 3 0 0
M[689] : 4 3 5 4 0 3 7 6 3 4 6 2 6 3 5 4 2 6 5 4 0 5
M[690] : 1 3 3 7 9 6 5 4 1 4 1 10 4 6 4 6 3 2 0 9 4 4
M[691] : 3 4 7 6 5 3 3 5 4 3 7 5 4 0 3 2 4 3 7 4 4 5
M[692] : 8 3 4 7 5 7 6 2 7 6 2 4 6 6 5 2 4 0 9 6 1 8
M[693] : 4 2 3 6 4 4 2 3 7 4 5 4 7 0 2 2 9 9 6 5 5 2
M[694] : 2 2 2 2 5 1 5 4 5 5 3 3 6 5 5 5 3 2 10 0 4 11
M[695] : 6 5 5 4 4 6 1 5 4 2 3 5 5 0 3 6 4 3 3 7 4 3
M[696] : 6 7 8 7 6 4 4 4 6 0 3 1 6 11 6 0 4 6 7 8 2 4
M[697] : 6 9 3 5 2 5 5 6 4 2 6 2 5 5 4 0 4 2 4 4 2 4
M[698] : 6 3 8 4 9 6 0 2 9 2 7 3 2 3 4 5 6 4 4 9 6 5
M[699] : 4 7 8 3 0 4 1 6 5 4 6 3 2 8 5 3 3 5 7 6 3 6
M[700] : 4 5 5 3 6 1 5 4 5 5 5 4 4 9 2 4 0 6 1 5 3 3
M[701] : 3 6 6 6 4 3 6 10 8 1 6 12 4 6 3 1 5 6 6 0 0 3
M[702] : 1 3 6 8 4 2 0 7 7 7 5 6 4 4 6 6 8 3 3 6 4 8
M[703] : 2 3 5 5 5 4 0 5 7 6 6 3 4 6 5 9 4 4 6 7 3 4
M[704] : 8 0 2 6 5 1 8 8 3 7 5 5 6 4 2 8 9 6 4 3 5 2
M[705] : 5 8 2 6 3 3 5 3 6 7 2 5 3 3 3 9 5 0 4 3 4 1
M[706] : 2 3 5 5 6 2 4 4 0 2 8 7 4 3 7 3 10 7 6 4 5 8
M[707] : 8 5 4 5 3 8 9 6 0 0 6 7 6 5 3 1 11 5 4 0 3 4
M[708] : 4 4 5 4 5 8 7 7 9 7 3 3 2 0 5 8 1 4 6 3 2 5
M[709] : 3 0 3 4 7 4 9 5 0 6 4 6 4 1 10 10 6 7 8 3 1 7
M[710] : 0 8 4 4 3 4 5 3 2 4 5 3 8 4 6 6 9 6 5 2 6 4
M[711] : 4 8 6 5 7 7 3 1 5 7 0 4 4 5 6 6 9 2 5 6 10 3
M[712] : 5 5 5 6 5 5 3 7 3 3 5 6 3 4 6 4 0 6 4 2 6 7
M[713] : 4 8 7 4 5 1 7 5 0 10 8 3 2 6 3 5 5 7 6 3 6 3
M[714] : 0 2 5 4 7 5 7 5 6 2 5 9 3 9 4 4 2 2 3 5 4 0
M[715] : 8 5 4 7 3 0 7 4 5 4 8 4 4 3 5 5 5 4 4 6 4 4
M[716] : 0 3 10 5 4 5 6 6 5 2 4 3 5 4 8 4 4 3 9 5 5 1
M[717] : 7 4 6 3 5 7 7 0 7 4 3 4 4 8 4 12 3 3 4 4 2 5
M[718] : 2 4 2 8 7 8 6 4 4 0 4 5 4 4 12 7 3 5 4 5 5 7
M[719] : 0 6 2 2 5 2 3 5 5 6 6 5 7 4 8 2 1 2 5 4 4 2
M[720] : 6 3 6 8 7 5 3 10 0 4 8 2 5 8 5 3 5 4 7 0 5 6
M[721] : 4 5 6 7 8 4 8 5 6 6 4 6 8 5 7 0 6 3 4 3 6 3
M[722] : 2 3 5 4 3 5 8 2 7 3 4 1 4 7 5 6 4 3 5 0 5 0
M[723] : 5 5 0 7 2 5 4 5 0 2 7 9 5 4 3 3 5 5 3 6 0 4
M[724] : 6 5 1 0 4 4 5 3 8 2 5 5 2 4 8 7 4 5 4 6 5 3
M[725] : 5 4 5 5 4 6 4 8 5 2 5 9 7 3 2 7 2 7 0 4 4 4
M[726] : 3 3 2 7 4 3 3 2 2 4 5 3 2 4 7 4 3 3 3 6 8 0
M[727] : 4 4 3 0 5 4 5 7 5 8 8 2 0 5 4 4 4 4 8 3 5 8
M[728] : 4 8 5 3 1 3 3 0 2 7 4 8 7 2 3 7 4 3 4 4 6 4
M[729] : 2 6 3 5 3 6 8 5 6 0 7 5 6 6 2 7 5 3 7 6 8 6
M[730] : 9 7 1 5 6 8 2 5 6 2 4 4 0 4 5 6 4 9 10 7 5 4
M[731] : 1 6 7 2 6 2 1 5 6 7 4 3 4 5 4 3 3 3 0 7 8 3
M[732] : 3 5 4 3 3 9 0 5 7 5 5 8 2 4 8 9 1 6 4 5 4 3
M[733] : 3 9 5 0 4 5 5 6 4 1 4 3 3 5 10 9 8 1 4 3 4 2
M[734] : 6 7 4 2 2 3 0 3 2 2 6 4 2 6 6 5 4 3 4 5 5 3
M[735] : 5 6 0 7 5 7 5 4 1 2 2 6 2 4 3 5 9 4 4 2 6 6
M[736] : 5 7 6 5 8 3 8 8 5 0 3 7 5 4 5 3 8 5 5 3 3 4
M[737] : 2 7 6 6 6 8 5 2 5 0 6 2 3 4 5 2 2 4 4 2 3 10
M[738] : 5 5 4 6 2 0 8 7 7 4 6 5 7 3 4 6 4 6 5 8 6 4
M[739] : 3 4 4 5 4 3 4 3 3 5 4 5 6 4 1 5 6 7 4 6 2 0
M[740] : 5 6 5 6 8 9 8 8 8 2 5 0 1 4 8 8 7 5 8 8 2 5
M[741] : 5 4 8 10 6 4 4 1 4 0 4 7 10 7 5 6 6 1 4 4 6 6
M[742] : 6 4 3 0 5 2 4 2 4 4 2 5 3 3 4 4 4 6 5 5 4 4
M[743] : 4 1 4 7 5 5 2 0 2 6 6 4 4 6 5 3 5 6 5 2 6 2
M[744] : 0 5 6 2 4 3 3 7 4 4 4 6 8 2 4 6 2 4 5 6 6 3
M[745] : 3 6 4 10 3 0 6 6 2 5 7 8 7 1 3 5 5 9 7 6 2 5
M[746] : 6 1 7 2 4 10 7 0 2 5 5 4 6 8 2 7 4 4 0 3 3 4
M[747] : 8 0 2 8 3 6 2 3 5 5 5 6 8 3 6 8 5 4 4 9 6 1
M[748] : 0 3 4 6 5 9 3 10 1 3 3 3 5 3 3 4 4 6 1 4 2 7
M[749] : 7 0 5 8 6 6 6 3 3 5 4 7 3 9 5 9 7 6 3 5 7 2
M[750] : 5 3 3 6 5 0 3 4 2 7 4 4 3 9 6 4 9 5 3 8 2 2
M[751] : 2 8 6 2 5 6 6 5 4 6 5 5 6 0 4 7 6 4 2 9 6 2
M[752] : 0 5 6 4 4 5 9 8 4 1 4 4 6 9 6 7 2 4 9 5 4 6
M[753] : 4 7 2 2 0 3 5 5 6 6 6 3 3 9 7 1 8 4 6 3 4 7
M[754] : 8 4 4 4 7 5 5 4 0 3 5 7 2 7 4 2 8 8 2 5 2 6
M[755] : 6 4 4 4 7 6 5 5 3 9 2 1 6 7 8 5 3 4 4 0 3 5
M[756] : 9 5 0 5 6 2 2 4 4 5 5 5 7 4 5 4 2 5 1 6 3 2
M[757] : 5 2 7 5 4 4 2 5 3 4 6 8 7 6 7 10 7 0 4 2 9 7
M[758] : 1 2 0 0 9 4 3 4 4 6 4 4 2 6 4 4 4 2 4 7 2 2
M[759] : 7 5 5 4 4 7 5 4 5 3 8 6 0 5 5 8 3 3 0 3 6 4
M[760] : 6 9 8 1 2 3 2 0 5 7 6 5 6 6 5 3 5 7 10 7 4 4
M[761] : 4 6 7 5 5 5 4 4 7 8 0 6 7 8 3 8 8 4 2 6 6 3
M[762] : 6 4 5 5 7 3 6 7 5 9 6 5 5 7 1 4 4 7 6 6 4 0
M[763] : 4 4 2 5 3 8 2 8 3 4 4 11 5 4 11 0 4 5 5 4 8 5
M[764] : 0 5 4 3 9 4 6 7 5 6 5 9 3 6 4 6 3 3 5 7 6 2
M[765] : 2 3 5 6 6 8 0 8 2 4 2 7 6 3 4 3 4 3 8 10 2 5
M[766] : 6 2 4 9 3 3 7 1 5 6 4 6 3 4 0 3 2 6 8 6 5 3
M[767] : 4 1 3 2 6 6 2 3 1 4 2 2 5 3 4 2 7 6 0 3 4 10
M[768] : 2 2 6 0 5 0 4 1 4 3 4 4 8 1 3 4 5 8 4 6 5 5
M[769] : 4 3 11 8 10 0 4 6 5 3 1 6 6 5 6 7 0 7 4 0 6 5
M[770] : 7 7 5 5 5 6 5 3 3 6 4 5 6 3 0 5 7 4 7 7 7 1
M[771] : 3 2 8 2 5 3 5 3 10 3 0 3 6 7 3 5 3 6 3 5 8 2
M[772] : 5 0 4 5 8 2 4 4 5 3 7 3 4 5 1 3 3 6 7 7 6 1
M[773] : 4 3 8 5 5 7 0 6 4 4 8 5 6 7 7 5 2 5 4 10 5 3
M[774] : 3 6 4 6 4 4 4 0 1 4 6 5 5 5 7 5 0 5 3 8 3 9
M[775] : 4 4 9 3 1 4 5 4 5 2 6 4 4 4 2 5 2 6 6 0 5 6
M[776] : 5 5 8 3 2 3 5 7 3 5 6 6 0 7 5 5 3 7 3 13 4 4
M[777] : 10 4 1 7 4 3 0 7 7 10 7 2 3 6 7 4 2 2 8 4 7 6
M[778] : 3 3 4 2 2 4 5 9 1 9 4 4 0 5 7 7 7 4 9 9 1 4
M[779] : 4 8 4 1 7 6 3 5 5 1 5 6 2 0 6 5 2 8 5 6 1 5
M[780] : 3 7 4 3 6 8 3 5 3 3 3 4 5 4 4 2 4 6 0 5 4 5
M[781] : 3 0 6 3 7 3 3 2 2 6 4 4 3 8 3 5 6 5 6 4 5 3
M[782] : 3 2 8 1 7 5 0 6 10 6 2 6 1 5 4 4 6 5 3 4 7 0
M[783] : 4 8 3 6 8 3 5 8 0 5 4 8 3 1 7 7 2 3 4 9 4 5
M[784] : 3 3 4 6 7 7 5 8 4 3 5 8 6 2 7 3 5 6 6 0 4 5
M[785] : 3 4 3 4 6 3 8 4 6 5 3 7 6 2 7 5 4 6 8 6 2 0
M[786] : 4 8 5 3 0 5 5 5 6 6 4 8 5 6 3 7 4 8 3 5 4 3
M[787] : 4 4 7 2 3 4 5 4 6 5 4 5 8 9 7 2 3 7 4 0 1 4
M[788] : 4 3 6 5 4 2 7 3 1 7 2 4 5 2 6 4 4 9 3 2 0 4
M[789] : 4 5 5 3 7 2 4 3 3 3 4 2 5 8 8 6 3 3 2 0 6 8
M[790] : 8 5 5 10 2 8 4 5 3 3 5 1 6 6 7 5 3 0 2 3 3 5
M[791] : 5 4 9 6 2 6 0 8 7 6 2 3 2 10 3 3 3 6 3 4 7 5
M[792] : 9 4 1 0 2 8 4 3 4 4 2 3 7 4 6 6 6 6 3 8 2 2
M[793] : 2 6 0 3 4 4 5 5 6 8 5 5 5 5 3 3 7 4 4 5 3 4
M[794] : 6 7 7 6 3 3 0 8 3 3 4 3 8 7 5 7 7 4 3 5 3 2
M[795] : 1 6 9 0 5 5 6 5 7 5 4 6 6 4 1 3 3 8 1 4 4 5
M[796] : 3 8 3 5 8 3 5 3 5 4 2 7 7 0 5 4 6 6 3 2 7 6
M[797] : 4 3 6 4 4 4 3 6 1 2 3 5 4 4 11 3 3 0 4 5 5 4
M[798] : 6 8 2 5 3 8 4 7 5 7 6 4 3 6 3 4 5 3 3 4 0 1
M[799] : 5 0 4 5 5 5 6 3 3 4 5 0 7 7 2 3 3 3 0 1 9 7
M[800] : 5 5 5 8 5 5 3 8 10 4 3 0 4 5 8 5 3 3 10 4 5 3
M[801] : 4 4 6 4 4 4 6 6 8 4 9 3 7 6 3 8 0 3 2 8 3 4
M[802] : 5 3 9 2 5 7 2 6 5 4 4 0 2 3 5 1 2 7 5 4 4 5
M[803] : 6 4 3 5 0 5 3 4 3 2 7 4 8 9 4 2 6 8 3 3 4 9
M[804] : 3 9 3 2 2 8 2 4 3 3 4 1 0 3 6 2 3 3 4 8 4 2
M[805] : 6 5 3 3 8 3 10 0 10 1 4 3 3 7 8 6 4 9 2 4 4 3
M[806] : 4 5 9 6 7 4 5 6 7 9 1 4 0 3 0 9 2 7 9 4 5 7
M[807] : 4 5 2 6 7 6 2 7 3 6 0 4 8 9 3 8 8 9 7 3 3 4
M[808] : 5 5 4 4 6 8 4 0 2 4 6 4 4 5 5 3 3 8 5 7 5 3
M[809] : 7 5 8 6 4 6 3 7 4 4 4 8 5 2 6 6 7 0 9 5 3 7
M[810] : 1 5 4 8 5 4 7 6 3 4 4 4 0 3 3 1 9 6 5 4 5 7
M[811] : 6 6 4 4 6 6 4 5 6 5 1 7 8 7 4 7 7 2 3 3 0 4
M[812] : 7 5 6 6 7 5 9 5 6 5 4 6 10 5 4 9 5 2 5 0 7 6
M[813] : 4 1 9 3 9 6 6 4 6 2 3 6 8 4 8 3 4 5 0 2 5 3
M[814] : 4 4 4 1 6 3 6 2 0 4 6 7 4 5 1 2 4 3 6 4 7 5
M[815] : 7 4 6 2 1 9 5 0 3 4 3 2 5 3 5 9 4 1 6 5 4 7
M[816] : 2 3 4 5 2 8 0 8 6 7 7 3 7 4 5 7 6 6 7 6 6 5
M[817] : 5 4 4 6 6 6 4 4 0 9 8 3 6 2 8 6 2 7 3 4 3 7
M[818] : 8 4 6 3 6 6 6 7 6 5 7 1 12 3 5 9 5 5 7 0 5 2
M[819] : 4 5 8 3 6 2 5 6 4 5 5 5 5 2 3 6 3 4 0 1 5 8
M[820] : 2 5 2 7 5 3 3 5 4 6 3 4 4 7 5 4 6 0 6 4 7 3
M[821] : 5 9 7 6 0 2 2 3 4 6 4 4 4 7 6 2 6 6 11 4 6 3
M[822] : 7 4 6 4 6 4 5 3 3 3 7 7 8 5 0 6 5 2 2 1 2 6
M[823] : 2 5 5 7 7 3 6 0 5 4 4 8 4 6 4 4 4 5 4 2 7 8
M[824] : 4 3 7 3 3 4 4 4 8 5 1 3 0 9 7 0 5 10 5 7 5 3
M[825] : 4 2 5 2 6 5 6 3 7 4 4 1 8 4 4 0 3 2 7 4 6 2
M[826] : 5 5 6 6 5 0 5 4 4 6 7 3 3 2 5 2 1 5 6 3 3 5
M[827] : 6 5 0 6 6 4 3 4 2 8 3 5 6 9 9 4 7 3 7 4 5 5
M[828] : 5 6 5 5 3 4 4 6 4 3 6 4 7 3 3 0 3 6 8 4 3 1
M[829] : 6 3 5 1 2 5 5 3 4 7 5 0 4 5 4 3 4 7 9 7 3 4
M[830] : 2 2 5 5 3 4 3 5 0 4 4 7 5 2 3 8 3 3 6 3 6 5
M[831] : 4 6 3 5 8 2 5 3 4 0 6 4 2 8 5 3 5 2 5 6 4 3
M[832] : 0 6 5 6 4 0 5 4 6 4 4 6 6 7 2 6 3 5 3 2 4 5
M[833] : 4 2 6 4 7 6 3 4 7 2 11 5 2 3 4 6 6 0 5 5 7 4
M[834] : 3 5 4 5 3 2 4 5 4 5 5 6 4 6 2 6 1 7 2 8 0 8
M[835] : 5 3 4 2 5 4 3 5 1 0 6 8 1 3 5 1 8 2 12 6 3 5
M[836] : 5 5 5 3 1 0 3 5 5 5 7 5 4 4 6 7 3 6 7 4 5 4
M[837] : 4 0 6 2 4 6 5 7 6 4 0 10 3 4 6 5 8 3 4 5 8 0
M[838] : 0 3 2 4 5 7 3 3 5 4 7 3 3 6 6 8 2 5 5 3 4 3
M[839] : 5 7 3 3 8 7 4 5 6 7 6 6 0 1 3 7 8 3 6 2 4 4
M[840] : 5 3 2 6 4 5 6 6 5 3 3 0 5 6 4 6 7 4 1 3 2 4
M[841] : 5 4 4 4 0 4 5 3 4 5 1 3 4 2 2 7 6 9 5 3 8 5
M[842] : 5 3 5 4 7 7 4 5 5 4 3 4 1 3 6 3 4 5 3 6 0 5
M[843] : 3 4 2 4 6 3 5 6 7 3 4 4 6 2 8 10 4 2 6 6 0 3
M[844] : 5 6 5 2 0 5 6 5 7 4 3 5 2 7 6 1 8 6 3 4 4 3
M[845] : 3 6 7 2 4 5 1 4 5 4 4 6 0 6 3 5 1 5 3 7 4 4
M[846] : 7 4 6 3 1 7 5 2 4 1 5 8 0 0 3 8 6 1 4 5 4 5
M[847] : 2 7 2 3 5 5 4 0 5 3 7 5 8 6 3 4 1 4 3 6 3 5
M[848] : 5 7 1 0 8 8 4 4 4 3 6 3 10 6 3 1 4 5 5 2 6 5
M[849] : 9 7 3 3 5 3 9 4 8 3 4 1 5 8 7 3 8 7 6 5 3 0
M[850] : 3 3 0 6 2 4 3 4 2 4 6 3 6 4 7 2 4 5 2 6 5 4
M[851] : 0 10 9 5 10 0 11 6 4 4 4 8 6 3 9 4 8 5 6 1 4 3
M[852] : 6 9 5 7 7 6 5 5 8 4 5 5 3 5 6 7 0 4 6 3 3 3
M[853] : 8 6 6 4 0 7 2 4 4 3 6 2 5 4 2 4 4 6 5 5 2 3
M[854] : 4 5 7 2 0 5 3 3 6 4 3 7 5 3 5 5 7 7 4 7 5 4
M[855] : 6 6 3 5 2 0 6 4 4 7 6 6 5 10 6 1 4 3 4 2 3 6
M[856] : 6 8 0 5 5 5 6 7 7 4 3 7 6 3 5 5 3 5 5 7 4 3
M[857] : 2 3 8 7 3 1 6 3 3 2 3 5 4 0 4 3 5 3 4 4 3 6
M[858] : 5 4 5 7 2 6 0 3 3 8 3 6 7 2 4 6 2 5 6 3 1 6
M[859] : 7 5 8 6 5 0 5 2 1 3 7 4 5 4 4 2 3 4 3 10 8 5
M[860] : 3 2 0 6 4 3 2 5 4 5 4 3 6 7 6 7 3 2 7 5 9 8
M[861] : 1 7 8 0 4 5 9 2 5 4 2 8 8 5 3 6 3 3 3 5 1 3
M[862] : 6 5 2 6 2 3 4 2 6 8 1 6 2 2 6 6 0 6 9 2 4 5
M[863] : 5 4 8 3 7 4 6 1 1 6 5 5 5 6 5 8 0 4 7 6 5 5
M[864] : 3 4 4 3 9 4 4 1 6 5 7 0 4 6 7 6 6 7 5 6 2 5
M[865] : 2 3 3 8 4 7 4 4 2 5 7 3 0 5 2 4 7 7 6 9 7 4
M[866] : 4 0 4 3 8 5 5 6 4 8 2 5 6 8 2 3 3 7 6 6 1 2
M[867] : 6 6 8 3 2 2 5 4 4 1 4 6 7 2 3 5 4 0 4 5 6 8
M[868] : 7 5 5 5 4 4 3 2 5 3 4 0 5 2 5 3 7 1 3 3 5 6
M[869] : 9 3 14 5 6 7 4 6 4 6 5 5 10 5 7 5 2 4 7 2 0 5
M[870] : 5 4 4 2 3 7 5 2 8 3 7 5 5 9 3 0 7 5 7 7 6 3
M[871] : 6 2 5 6 1 2 5 4 4 5 6 5 0 4 4 4 5 5 7 4 2 2
M[872] : 1 2 6 0 4 3 0 1 5 3 5 4 4 11 1 3 7 5 4 5 7 6
M[873] : 7 8 8 9 5 7 7 7 3 4 4 6 2 5 4 5 4 5 10 0 4 4
M[874] : 4 2 3 3 7 6 4 2 6 5 4 4 6 2 6 2 2 6 2 4 6 0
M[875] : 7 1 6 4 2 1 5 3 4 9 5 3 5 8 4 5 0 9 7 5 5 4
M[876] : 4 3 5 7 5 5 2 6 4 6 6 4 9 6 4 6 0 5 6 2 4 5
M[877] : 1 4 5 1 6 4 4 0 2 1 4 5 6 4 6 6 3 4 4 4 5 2
M[878] : 2 5 0 2 3 5 6 5 4 4 6 7 5 5 4 2 2 5 3 5 7 5
M[879] : 3 5 7 6 4 4 6 3 4 5 3 3 4 6 7 4 0 6 3 9 0 3
M[880] : 8 5 3 7 7 4 4 7 5 2 3 4 3 3 5 5 5 5 4 0 5 4
M[881] : 10 2 5 1 4 0 3 4 1 5 4 4 5 4 4 8 1 5 9 6 3 6
M[882] : 6 3 3 10 2 3 6 3 6 4 5 8 5 3 7 0 6 4 4 5 2 4
M[883] : 9 3 5 4 6 3 0 4 5 7 7 6 5 4 8 4 5 5 5 7 1 3
M[884] : 7 3 4 0 5 5 3 6 5 5 2 4 5 6 5 5 5 5 5 4 3 5
M[885] : 9 5 10 7 0 8 4 3 5 2 4 5 3 2 4 2 6 2 6 5 3 6
M[886] : 5 3 2 8 5 3 3 3 1 5 0 1 4 5 3 4 2 2 5 1 0 6
M[887] : 3 4 5 6 0 5 2 5 6 4 5 6 3 2 2 4 4 6 5 4 3 3
M[888] : 5 7 3 6 3 0 10 3 3 3 3 5 5 7 8 6 5 7 3 7 2 1
M[889] : 7 5 5 2 4 5 5 1 3 4 7 3 1 8 7 6 3 8 6 8 1 0
M[890] : 2 9 5 6 6 3 4 9 6 5 4 3 5 4 3 3 5 0 5 6 0 3
M[891] : 6 7 0 5 5 7 5 1 2 4 7 3 6 2 6 3 5 3 7 4 7 7
M[892] : 4 8 4 5 4 4 6 4 3 6 3 5 4 11 6 5 0 6 5 7 4 4
M[893] : 5 2 5 5 2 4 4 9 4 7 8 4 7 4 5 3 1 3 0 4 4 4
M[894] : 4 8 5 7 4 1 7 8 7 5 7 5 3 7 4 2 2 8 4 7 0 4
M[895] : 5 6 9 2 3 5 7 3 4 2 4 4 3 0 7 2 6 6 5 8 5 2
M[896] : 4 5 4 4 2 3 7 6 6 5 7 3 5 4 9 5 2 4 5 0 4 3
M[897] : 7 7 6 6 0 2 1 7 1 5 7 7 6 6 5 5 9 7 6 8 8 2
M[898] : 7 5 4 5 0 6 7 3 5 7 6 8 4 2 1 4 3 6 2 5 5 5
M[899] : 4 3 2 7 2 4 2 4 3 0 6 4 3 1 8 6 2 5 3 7 2 5
M[900] : 4 5 6 6 4 0 7 6 3 3 8 6 3 4 3 1 2 5 8 1 3 4
M[901] : 1 6 2 3 5 3 2 4 7 0 3 6 4 3 4 4 2 5 5 6 3 3
M[902] : 3 1 3 5 2 4 9 4 5 3 5 3 6 7 2 2 4 5 4 3 0 4
M[903] : 7 3 8 4 4 3 9 4 2 0 5 4 3 5 8 6 3 3 8 5 2 6
M[904] : 7 0 6 3 10 2 6 3 6 5 4 5 5 5 5 4 4 4 4 3 10 7
M[905] : 2 2 3 6 2 4 6 4 3 8 5 4 6 7 5 6 2 4 3 4 0 6
M[906] : 6 3 6 3 7 6 0 5 2 2 8 1 3 5 4 4 9 4 4 3 7 7
M[907] : 3 4 9 3 3 5 1 3 5 4 7 5 4 3 3 4 3 5 3 4 4 0
M[908] : 3 5 5 3 4 5 5 9 3 2 3 4 3 9 5 7 4 3 6 6 0 4
M[909] : 0 5 7 5 4 5 6 1 6 2 7 4 4 2 6 1 8 2 6 3 4 1
M[910] : 6 8 8 1 4 5 6 6 2 6 4 5 0 5 6 9 4 6 5 5 5 4
M[911] : 5 5 5 4 4 6 4 3 5 5 2 6 3 4 1 4 5 7 0 8 6 4
M[912] : 5 2 5 5 0 5 6 3 6 2 5 6 4 0 3 9 5 7 6 3 1 5
M[913] : 2 3 4 3 8 4 8 2 6 2 7 7 6 3 3 4 1 0 3 4 7 3
M[914] : 4 5 6 3 4 0 8 3 2 6 9 8 4 6 6 3 5 4 4 1 5 6
M[915] : 3 7 4 3 4 4 3 6 4 6 4 10 3 5 2 5 6 7 0 5 4 7
M[916] : 9 2 0 5 2 4 3 2 3 4 3 3 3 2 8 3 4 3 5 5 3 3
M[917] : 3 4 3 4 4 7 7 4 2 0 7 7 6 2 5 4 8 1 10 3 2 3
M[918] : 9 8 4 4 9 3 4 5 4 2 5 5 5 1 4 6 5 3 0 4 3 2
M[919] : 8 8 4 5 4 7 5 6 6 2 4 5 2 6 4 7 4 3 4 0 5 6
M[920] : 6 7 0 4 4 4 8 4 4 2 8 5 6 4 4 7 5 1 9 8 2 2
M[921] : 1 10 3 3 6 4 8 3 8 4 5 7 1 3 7 6 0 5 5 7 7 4
M[922] : 3 1 4 2 2 3 4 3 6 2 4 2 5 7 1 6 2 4 0 9 4 2
M[923] : 10 2 3 4 3 5 5 3 2 4 4 1 2 3 3 3 0 5 5 6 5 3
M[924] : 2 4 5 5 5 4 5 4 2 6 5 5 0 8 6 5 5 4 7 4 6 3
M[925] : 5 2 6 2 6 4 4 4 5 7 5 2 6 2 6 2 6 4 5 0 5 7
M[926] : 7 2 0 5 7 4 7 8 8 1 5 7 1 5 4 7 4 5 7 8 7 7
M[927] : 5 5 6 3 6 4 5 1 2 3 2 3 7 6 2 6 5 9 6 8 0 2
M[928] : 4 4 3 7 11 3 6 3 9 5 2 4 8 5 2 4 3 0 7 4 5 4
M[929] : 2 2 5 5 6 4 5 4 2 0 2 5 4 2 4 2 3 2 2 5 3 7
M[930] : 5 8 7 4 8 6 2 3 5 3 0 4 3 6 6 5 9 10 4 1 3 4
M[931] : 3 5 7 0 4 5 3 3 8 4 5 5 5 1 3 7 4 4 3 4 6 5
M[932] : 0 4 4 7 7 5 4 3 6 4 3 4 6 5 4 1 1 4 11 8 4 7
M[933] : 2 0 5 4 9 3 7 4 3 4 5 6 3 1 4 6 6 3 7 2 6 4
M[934] : 1 3 3 5 3 3 4 2 3 2 6 5 5 2 2 5 2 2 0 5 2 5
M[935] : 5 4 4 2 4 3 3 5 5 4 1 2 0 4 7 8 7 7 3 4 6 4
M[936] : 4 3 9 4 4 4 4 4 5 5 2 3 2 4 3 7 2 4 5 0 8 1
M[937] : 8 4 6 7 8 5 3 2 5 9 5 5 6 6 0 4 6 7 3 6 2 2
M[938] : 2 5 10 4 2 5 4 4 2 0 9 2 5 2 5 5 4 7 3 6 7 5
M[939] : 6 6 1 4 3 3 6 4 3 6 4 0 4 5 7 6 4 4 11 4 7 6
M[940] : 7 4 5 3 4 9 3 7 4 4 4 5 5 4 0 5 5 5 2 7 5 8
M[941] : 5 3 8 5 3 0 4 4 5 8 3 7 3 6 8 0 4 2 6 6 4 8
M[942] : 7 3 5 1 3 0 0 4 2 3 7 4 9 4 4 6 7 2 7 6 4 3
M[943] : 8 4 8 5 7 5 3 2 5 2 4 3 2 3 6 4 7 0 3 3 3 0
M[944] : 5 2 4 5 4 0 7 4 8 3 3 5 6 1 2 4 3 4 3 10 7 5
M[945] : 5 5 10 7 7 3 4 9 5 0 3 3 3 0 7 3 3 5 4 1 5 4
M[946] : 4 4 0 6 6 3 4 3 4 3 1 3 2 7 2 7 6 4 2 6 6 6
M[947] : 5 5 7 2 5 0 4 8 6 8 2 2 3 2 8 4 3 1 5 4 6 2
M[948] : 3 4 8 0 5 2 6 2 3 3 6 7 4 5 5 7 3 2 2 8 7 4
M[949] : 4 4 6 2 4 4 6 3 4 5 5 5 5 7 0 9 5 5 5 5 4 7
M[950] : 4 6 0 7 7 4 6 7 3 7 3 6 3 10 6 4 4 2 5 6 4 3
M[951] : 5 6 6 5 3 7 5 4 2 10 2 3 8 9 5 3 6 3 1 4 0 5
M[952] : 10 6 3 6 5 3 6 4 5 7 4 4 5 3 3 5 5 5 8 3 6 0
M[953] : 3 5 3 4 0 4 3 7 4 5 4 4 7 4 4 4 6 4 2 8 4 2
M[954] : 5 4 0 3 5 3 7 3 5 9 6 9 6 4 7 2 3 4 9 10 2 5
M[955] : 5 4 3 6 2 8 6 6 3 4 5 7 7 3 2 0 4 6 3 10 6 3
M[956] : 4 0 7 5 8 4 8 6 7 6 6 7 5 5 6 5 5 8 6 1 3 2
M[957] : 3 6 9 0 3 2 2 6 4 7 2 0 7 1 7 7 9 3 2 3 7 5
M[958] : 4 6 4 4 4 9 8 4 0 5 5 4 5 3 4 3 5 2 2 2 5 2
M[959] : 3 4 11 5 9 2 4 3 6 7 6 7 0 4 8 6 1 6 3 6 7 2
M[960] : 2 7 9 7 6 5 3 2 3 3 6 4 5 5 6 5 0 4 3 4 4 5
M[961] : 5 11 5 7 4 2 5 5 4 4 2 3 2 5 9 4 4 5 2 2 0 4
M[962] : 5 0 5 10 3 3 3 7 3 4 4 3 8 7 6 2 6 8 3 7 10 1
M[963] : 5 4 6 2 5 4 9 4 6 6 6 2 9 4 7 2 1 6 8 5 2 0
M[964] : 6 1 7 2 6 4 3 0 1 3 7 6 5 7 2 6 5 3 5 4 4 8
M[965] : 7 3 5 8 0 3 5 2 2 8 4 2 2 10 7 2 7 3 6 5 4 5
M[966] : 4 3 7 5 2 6 3 7 4 6 4 6 0 8 2 5 6 3 3 5 3 4
M[967] : 3 6 4 0 5 4 5 2 3 4 5 2 4 7 4 4 4 2 3 6 3 7
M[968] : 6 6 4 0 2 10 6 4 5 7 5 4 5 6 5 8 4 6 1 6 6 4
M[969] : 3 10 6 3 6 4 5 8 6 6 5 3 2 0 4 2 7 4 3 2 9 6
M[970] : 4 4 6 6 8 3 2 5 5 2 0 9 9 3 7 3 2 3 5 5 4 4
M[971] : 8 6 8 4 4 6 0 5 3 7 8 8 3 4 4 3 1 2 5 4 2 5
M[972] : 3 0 7 3 3 7 4 6 7 3 7 15 6 5 2 2 6 3 5 2 5 3
M[973] : 4 5 5 5 11 5 7 4 6 9 3 9 3 0 6 6 5 8 6 4 6 3
M[974] : 6 7 2 4 9 0 4 5 4 7 5 1 5 7 6 4 3 5 8 4 3 5
M[975] : 0 3 8 5 2 6 3 3 6 1 1 5 4 3 8 7 4 2 2 3 9 5
M[976] : 13 8 4 10 0 6 8 2 6 5 5 6 3 3 3 4 7 4 2 3 5 4
M[977] : 2 4 2 6 5 1 5 1 5 5 7 8 4 8 4 2 3 0 5 3 5 4
M[978] : 3 5 7 5 0 2 6 6 5 2 5 7 7 3 4 1 3 8 5 5 4 8
M[979] : 2 6 4 6 4 5 6 5 4 0 4 5 1 5 10 7 4 1 4 5 9 4
M[980] : 1 7 5 5 3 3 4 7 5 13 0 6 4 6 3 2 4 5 7 7 5 5
M[981] : 7 3 10 4 7 2 6 6 3 5 7 1 5 4 5 0 3 8 5 9 7 4
M[982] : 7 4 3 0 7 1 3 3 2 5 7 5 3 3 4 4 7 10 3 4 4 7
M[983] : 4 3 3 7 9 5 4 3 0 6 3 6 2 2 4 4 4 2 5 8 6 7
M[984] : 9 2 2 4 4 4 2 1 0 4 5 1 4 6 5 5 6 7 2 3 2 1
M[985] : 5 4 0 5 3 5 1 6 5 5 3 4 4 4 5 4 3 7 6 6 6 2
M[986] : 8 6 0 2 7 4 0 6 0 3 5 4 4 5 4 4 9 5 5 3 4 1
M[987] : 2 1 4 5 5 3 0 4 3 3 4 4 2 3 2 4 5 4 2 4 7 6
M[988] : 2 6 5 1 5 6 5 8 4 3 7 7 6 3 4 6 3 6 5 6 5 0
M[989] : 2 4 2 7 5 5 5 3 4 0 4 7 4 4 5 4 2 5 7 8 3 6
M[990] : 3 8 6 3 6 5 4 4 6 3 3 7 4 1 4 3 6 0 8 3 6 4
M[991] : 3 5 4 7 7 5 4 3 6 4 4 5 4 2 3 0 0 5 2 3 5 0
M[992] : 5 7 6 7 7 4 2 2 1 9 6 6 1 0 4 2 6 4 5 1 3 3
M[993] : 2 0 5 4 8 7 4 2 8 2 7 8 2 3 3 5 5 5 2 8 2 4
M[994] : 3 5 5 6 2 5 9 6 1 6 7 2 7 1 4 5 5 3 8 5 0 2
M[995] : 4 4 5 2 8 4 5 3 4 2 0 6 8 6 4 3 6 1 3 2 3 4
M[996] : 5 10 5 6 4 7 4 4 6 2 3 6 6 0 6 8 4 5 7 2 4 5
M[997] : 6 6 5 8 3 4 0 5 1 3 5 5 3 4 5 5 5 6 4 6 5 3
M[998] : 9 1 5 5 2 2 6 6 8 1 2 4 5 4 1 3 8 6 4 4 8 0
M[999] : 6 6 5 6 0 4 7 3 5 3 11 3 4 4 6 5 4 3 3 4 4 1

