 Execution de l'algoritme BITS sur le fichier dsjc1000.1.txt
=====================================================================
 Partitions  : 
Vk[0] : 18 241 222 494 353 320 218 900 327 856 183 373 364 64 571 513 669 860 597 481 403 961 534 237 542 554 322 995 1 412 466 79 924 886 282 314 305 299 988 200 739 278 806 417 112 -->  45 éléments.
Vk[1] : 791 393 43 530 9 269 413 224 711 841 70 934 933 930 994 371 635 354 219 817 415 201 186 253 550 840 436 344 718 369 441 797 261 129 570 153 813 712 216 583 920 615 898 949 706 -->  45 éléments.
Vk[2] : 626 730 106 709 263 908 339 157 657 454 396 821 823 11 980 951 907 32 232 773 696 525 788 426 439 779 298 107 795 814 623 532 733 97 936 75 196 835 205 579 799 590 881 325 963 754 -->  46 éléments.
Vk[3] : 211 140 677 820 50 903 384 133 130 53 641 977 443 421 727 528 707 993 209 523 996 311 468 551 832 573 811 280 401 234 256 266 644 260 991 292 812 729 444 911 884 927 338 471 790 808 -->  46 éléments.
Vk[4] : 643 649 409 108 540 103 610 517 82 931 724 548 763 160 638 596 139 452 584 989 13 998 336 918 469 722 423 634 537 402 781 682 191 997 801 206 293 917 100 607 938 922 488 356 699 608 -->  46 éléments.
Vk[5] : 195 449 859 563 284 498 660 741 645 233 940 504 281 58 751 605 617 435 315 508 716 637 428 715 48 642 34 833 90 28 713 772 726 47 868 193 970 956 474 138 815 558 72 277 967 688 -->  46 éléments.
Vk[6] : 505 288 746 230 514 285 538 86 161 867 62 124 673 433 872 937 827 142 397 300 737 355 495 850 312 342 942 204 974 483 19 118 892 999 8 659 350 555 491 490 894 386 199 178 163 119 -->  46 éléments.
Vk[7] : 252 953 869 627 141 2 876 202 117 147 239 858 744 552 521 861 389 89 919 803 708 190 574 406 313 262 830 862 587 873 368 710 448 203 372 784 74 91 329 346 968 390 979 923 633 87 -->  46 éléments.
Vk[8] : 721 507 769 304 105 702 945 836 780 267 621 223 486 509 915 904 348 969 914 56 676 482 254 208 896 152 568 818 875 215 546 887 352 837 182 984 599 383 337 149 438 116 294 343 446 766 -->  46 éléments.
Vk[9] : 166 76 674 650 516 73 23 175 932 569 98 857 929 764 319 593 647 192 952 445 65 250 620 309 527 154 214 60 842 20 247 126 473 846 244 689 361 93 99 518 169 899 418 416 547 -->  45 éléments.
Vk[10] : 164 440 296 950 666 943 636 49 465 95 198 279 906 213 928 189 629 422 120 880 333 324 789 407 591 693 42 221 94 613 69 7 168 365 734 652 503 248 238 871 697 330 738 10 297 -->  45 éléments.
Vk[11] : 631 122 143 852 870 732 834 6 910 136 966 459 242 557 611 125 101 588 395 912 549 962 272 567 768 162 114 44 577 782 419 992 826 589 719 753 561 485 602 81 909 177 692 762 879 -->  45 éléments.
Vk[12] : 54 66 289 236 559 345 661 334 52 145 430 71 843 639 80 665 771 515 939 25 67 128 619 705 228 33 63 358 683 612 947 888 379 404 499 535 925 520 544 194 671 694 497 971 375 798 -->  46 éléments.
Vk[13] : 749 425 165 159 291 376 720 580 0 717 701 492 104 582 594 889 849 656 121 700 864 628 275 102 21 560 240 987 349 728 747 363 770 259 455 429 225 955 796 524 377 519 394 270 750 -->  45 éléments.
Vk[14] : 61 600 180 545 366 854 604 662 31 723 897 36 458 4 442 318 793 96 464 85 24 844 286 480 472 566 249 268 893 681 457 902 424 431 231 111 184 658 758 273 506 848 595 678 654 -->  45 éléments.
Vk[15] : 960 740 450 496 478 913 15 462 150 890 777 874 467 543 672 786 35 55 57 839 310 489 640 630 805 188 197 756 603 137 916 714 243 341 258 616 257 767 703 985 800 331 77 510 986 -->  45 éléments.
Vk[16] : 5 127 420 975 347 565 326 487 456 944 651 983 414 622 207 17 973 614 976 511 59 866 470 255 556 12 179 632 381 624 774 648 819 493 146 367 529 283 824 822 340 787 564 399 725 -->  45 éléments.
Vk[17] : 926 675 954 22 181 668 378 670 26 585 807 680 500 539 229 935 173 408 461 302 382 387 362 392 30 536 748 132 176 731 755 592 704 274 380 113 761 109 451 541 144 476 88 131 838 957 -->  46 éléments.
Vk[18] : 410 301 251 328 360 978 572 853 212 759 323 391 245 210 972 134 958 776 110 679 646 411 883 14 321 434 816 526 581 246 512 941 45 437 276 792 601 332 865 374 606 686 156 151 562 16 -->  46 éléments.
Vk[19] : 460 351 41 982 479 235 785 609 227 891 765 405 295 187 851 68 27 463 303 667 148 618 685 828 265 78 778 453 687 135 578 965 484 170 829 698 783 475 804 84 990 39 359 663 855 -->  45 éléments.
Vk[20] : 794 863 427 576 742 575 905 752 964 307 123 531 308 736 522 167 226 981 38 357 264 477 171 921 51 885 948 878 40 655 502 174 847 946 690 220 83 760 29 757 306 385 743 877 287 -->  45 éléments.
Vk[21] : 809 388 625 370 653 691 37 684 317 92 735 745 447 432 398 664 802 217 598 316 810 158 155 895 46 775 501 185 290 845 400 959 335 115 825 553 831 271 3 586 172 695 882 901 533 -->  45 éléments.
Matrice M
M[0] : 3 7 6 5 3 5 6 2 8 7 7 5 5 0 5 5 5 6 4 5 9 4
M[1] : 0 0 5 7 3 4 3 4 3 5 5 6 5 5 7 2 4 2 4 1 5 2
M[2] : 5 6 8 5 9 4 7 0 8 5 0 4 4 4 7 5 2 3 0 6 10 5
M[3] : 2 3 3 5 6 7 3 3 8 4 3 10 3 3 6 4 4 7 8 2 0 0
M[4] : 5 4 3 4 2 3 5 4 9 1 2 8 5 3 0 9 4 7 6 6 6 8
M[5] : 8 9 4 8 7 3 4 6 5 4 7 7 3 2 5 4 0 7 10 2 3 5
M[6] : 3 9 7 3 4 3 5 8 3 6 4 0 6 0 3 4 4 5 8 1 5 4
M[7] : 6 3 5 5 6 3 5 8 2 6 0 6 5 6 2 7 4 8 3 5 5 6
M[8] : 5 7 3 4 5 4 0 3 7 3 6 7 3 7 8 4 5 5 5 2 2 7
M[9] : 4 0 5 5 2 7 4 3 4 4 2 5 6 7 1 3 7 6 4 5 5 7
M[10] : 0 4 4 8 4 6 4 9 4 2 0 8 4 7 3 4 5 4 6 3 6 5
M[11] : 5 5 0 4 4 3 6 3 5 8 2 4 2 2 7 7 7 3 5 3 5 7
M[12] : 5 7 6 4 3 4 5 6 6 6 5 2 11 7 8 4 0 5 5 3 5 3
M[13] : 3 8 6 1 0 5 2 2 8 5 8 8 8 7 7 1 3 7 3 6 4 9
M[14] : 1 3 4 6 1 4 3 4 5 1 6 4 3 3 7 5 4 6 0 4 7 5
M[15] : 4 6 4 5 5 3 0 3 4 4 5 4 9 7 1 0 3 4 3 7 4 7
M[16] : 4 5 7 4 6 6 2 7 3 5 8 2 4 3 3 5 8 4 0 3 7 6
M[17] : 5 5 3 4 5 6 4 4 8 1 5 4 5 6 4 4 0 2 4 2 3 2
M[18] : 0 6 1 5 4 8 3 8 9 6 2 3 7 6 8 6 6 5 5 4 1 3
M[19] : 8 9 7 6 5 3 0 5 4 5 3 8 4 9 1 2 3 1 5 6 3 2
M[20] : 3 6 6 3 8 7 10 8 2 0 2 4 8 5 1 7 7 4 1 8 3 2
M[21] : 2 6 4 5 4 7 7 7 3 2 5 8 7 0 2 9 5 8 9 1 9 6
M[22] : 7 9 4 3 6 4 10 10 5 4 4 6 6 4 6 3 8 0 4 5 6 6
M[23] : 5 3 9 3 5 3 3 4 11 0 8 4 3 5 5 9 4 5 2 4 3 6
M[24] : 3 3 9 1 5 4 6 3 4 4 3 9 6 1 0 6 6 1 5 5 3 4
M[25] : 6 8 4 4 12 6 5 4 3 5 3 1 0 7 8 1 5 6 3 3 5 5
M[26] : 3 3 2 5 9 4 6 5 7 5 8 5 5 5 6 4 3 0 9 5 2 3
M[27] : 4 5 4 6 3 1 6 4 4 5 4 3 6 5 5 4 6 4 5 0 8 7
M[28] : 5 4 3 4 3 0 4 3 3 3 5 3 5 6 4 1 1 5 9 7 9 2
M[29] : 2 2 4 5 7 3 4 3 7 3 6 6 6 3 2 4 5 5 4 4 0 2
M[30] : 6 2 5 6 7 7 5 2 5 5 5 4 8 5 3 4 2 0 6 8 6 5
M[31] : 2 5 4 8 3 4 3 4 2 5 7 6 8 3 0 2 4 1 5 4 5 3
M[32] : 2 7 0 2 5 7 4 4 7 3 3 3 2 3 1 5 7 4 8 2 5 3
M[33] : 6 6 1 2 9 5 1 4 4 2 5 3 0 7 2 5 1 6 6 1 7 2
M[34] : 4 5 6 6 3 0 5 5 5 2 6 5 1 6 6 6 5 6 10 3 4 2
M[35] : 1 4 3 1 5 5 7 4 7 4 5 4 5 6 8 0 7 3 7 1 3 5
M[36] : 8 6 3 4 9 3 5 7 6 7 6 6 5 5 0 6 7 7 7 4 9 5
M[37] : 4 2 6 9 9 1 8 4 5 10 6 1 2 2 8 3 5 5 6 8 8 0
M[38] : 3 6 5 4 5 4 10 4 3 5 3 7 3 6 3 4 3 5 1 10 0 4
M[39] : 5 3 7 4 5 7 7 10 1 7 6 4 2 2 5 5 3 7 5 0 4 6
M[40] : 4 8 6 0 3 3 5 5 1 5 1 4 5 3 8 3 5 5 5 4 0 1
M[41] : 4 2 4 4 3 4 7 3 6 2 3 4 6 4 3 3 5 5 7 0 7 6
M[42] : 6 11 7 5 4 4 6 6 4 4 0 4 4 4 3 7 2 4 6 3 7 4
M[43] : 3 0 3 6 8 4 5 4 5 7 3 4 3 4 4 7 2 2 4 3 4 7
M[44] : 6 3 5 4 4 8 5 5 3 2 3 0 6 4 8 3 2 2 2 5 4 6
M[45] : 6 3 8 8 4 5 1 3 4 5 2 6 9 2 4 6 6 9 0 4 2 1
M[46] : 4 0 7 5 6 6 3 8 2 2 5 8 9 7 6 3 4 2 8 6 4 0
M[47] : 3 4 7 10 2 0 1 4 1 5 5 5 1 6 4 7 7 8 5 6 6 6
M[48] : 8 8 2 6 8 0 4 2 6 7 7 8 6 5 8 3 5 5 5 5 5 8
M[49] : 4 6 7 5 5 8 2 4 5 4 0 2 5 5 4 6 9 5 5 7 5 6
M[50] : 5 2 2 0 4 5 4 5 6 3 2 4 7 2 4 4 3 3 3 3 5 5
M[51] : 5 6 6 4 4 7 5 6 4 5 5 3 3 3 6 7 4 5 6 2 0 2
M[52] : 6 6 8 7 4 4 4 5 3 4 7 3 0 3 4 4 2 6 3 4 5 6
M[53] : 5 5 4 0 5 6 7 1 6 3 6 6 5 7 4 5 5 5 9 8 2 4
M[54] : 4 8 6 2 4 2 4 3 4 2 5 3 0 4 6 9 2 6 5 8 3 9
M[55] : 5 2 1 4 4 6 4 5 4 5 5 1 6 5 2 0 6 5 6 5 5 3
M[56] : 11 9 4 5 4 5 4 3 0 4 6 7 4 2 2 2 3 6 2 7 5 6
M[57] : 3 2 6 6 6 2 3 4 3 7 2 5 6 7 4 0 3 3 6 4 4 4
M[58] : 2 7 9 7 3 0 2 4 4 2 4 5 2 4 6 3 3 3 8 3 5 11
M[59] : 5 3 2 5 6 1 2 5 4 8 6 3 4 8 5 2 0 3 6 5 3 6
M[60] : 4 8 6 8 6 14 6 5 5 0 2 4 4 2 2 1 4 6 4 7 4 4
M[61] : 5 6 7 4 5 6 3 4 4 5 5 2 4 4 0 7 4 4 5 1 6 4
M[62] : 3 4 7 10 1 9 0 7 4 3 4 4 3 4 7 2 6 4 5 2 1 7
M[63] : 4 3 5 2 4 5 7 5 4 6 4 6 0 5 3 5 5 2 4 6 4 2
M[64] : 0 3 7 10 4 5 10 9 4 8 7 6 4 6 3 2 4 4 5 3 3 4
M[65] : 3 5 3 5 7 9 3 3 10 0 4 5 1 2 2 2 6 4 4 2 5 7
M[66] : 9 5 7 10 6 3 6 6 4 4 6 7 0 3 4 6 2 5 7 4 5 4
M[67] : 5 4 3 2 4 2 4 4 8 10 2 4 0 7 7 6 2 1 6 2 3 5
M[68] : 4 5 5 4 1 7 8 5 6 6 5 5 8 2 1 2 5 3 5 0 7 3
M[69] : 2 2 1 6 4 4 6 5 5 7 0 5 1 3 3 3 5 5 4 3 5 6
M[70] : 6 0 5 8 3 11 5 2 5 7 5 3 4 6 5 3 5 10 8 2 7 6
M[71] : 5 5 3 3 7 6 6 6 7 3 5 6 0 1 4 3 6 5 7 4 8 3
M[72] : 5 2 7 9 3 0 0 6 3 5 4 3 2 4 3 3 4 3 3 8 6 6
M[73] : 5 5 6 7 3 6 6 5 3 0 2 3 3 5 10 7 7 3 7 4 4 2
M[74] : 10 5 7 4 4 5 5 0 8 5 8 5 3 4 3 1 8 5 4 2 7 7
M[75] : 4 4 0 5 4 10 6 1 7 6 6 6 5 5 5 2 3 3 6 4 1 1
M[76] : 3 4 4 6 2 1 7 7 10 0 7 4 5 3 4 6 4 5 3 9 6 4
M[77] : 2 5 8 5 3 5 7 6 2 7 4 6 4 7 3 0 5 4 5 1 3 8
M[78] : 2 5 2 2 5 5 1 8 8 3 9 7 3 6 3 11 4 4 2 0 7 5
M[79] : 0 3 5 5 8 2 1 13 9 5 3 7 6 6 4 4 5 5 6 0 6 3
M[80] : 4 3 8 3 7 5 9 2 2 5 2 4 0 3 9 3 4 5 7 7 5 7
M[81] : 3 1 5 2 3 3 8 6 3 3 11 0 5 9 4 7 4 4 4 5 4 0
M[82] : 6 1 2 4 0 4 6 4 2 3 1 6 4 4 2 4 6 2 3 9 4 4
M[83] : 6 3 0 5 5 6 6 4 2 5 6 5 6 5 1 6 4 4 4 5 0 5
M[84] : 6 6 3 5 8 3 6 0 3 7 5 3 3 7 5 2 6 5 4 0 3 8
M[85] : 2 5 5 2 5 3 3 4 7 4 6 1 3 3 0 1 3 3 5 4 6 5
M[86] : 5 5 5 3 4 6 0 8 5 5 5 4 7 6 5 4 7 5 5 2 6 9
M[87] : 7 3 4 4 5 5 1 0 5 5 4 1 5 3 2 8 8 5 5 3 7 4
M[88] : 6 4 5 4 4 10 3 5 6 4 7 7 5 6 5 3 6 0 6 2 7 4
M[89] : 4 7 3 6 6 8 3 0 3 1 5 2 7 5 5 5 2 5 5 7 4 7
M[90] : 5 3 3 6 6 0 4 3 5 7 4 4 5 4 4 4 6 8 4 6 3 5
M[91] : 5 6 4 5 4 5 4 0 1 6 3 5 5 8 2 6 7 7 5 1 1 1
M[92] : 8 5 4 5 3 8 5 2 1 3 4 3 2 3 2 5 5 5 6 5 8 0
M[93] : 2 3 5 5 7 6 5 6 9 0 1 5 1 6 1 3 3 5 3 5 8 6
M[94] : 3 3 3 4 2 3 2 7 3 2 0 7 4 6 2 6 3 6 3 2 9 8
M[95] : 4 7 3 4 4 5 4 4 8 1 0 3 5 4 4 4 4 5 4 2 4 4
M[96] : 3 5 7 5 4 5 6 4 7 5 4 10 5 5 0 4 6 5 1 3 5 6
M[97] : 5 5 0 4 5 5 3 4 3 5 7 7 4 8 2 6 6 7 0 2 5 7
M[98] : 4 3 11 4 4 7 9 5 7 0 5 5 4 8 4 4 6 3 10 3 8 7
M[99] : 3 3 5 1 4 7 7 8 2 0 5 6 3 2 5 2 4 7 5 11 4 8
M[100] : 6 0 4 3 0 8 6 4 2 3 3 5 4 8 3 1 2 4 6 9 4 6
M[101] : 2 4 5 6 4 5 4 4 4 3 5 0 6 6 5 6 6 2 2 4 3 7
M[102] : 3 3 7 7 3 5 6 3 4 3 6 3 7 0 4 5 4 3 4 4 3 4
M[103] : 3 7 10 4 0 5 3 3 3 6 6 5 5 3 4 9 5 1 3 3 7 4
M[104] : 3 4 4 5 5 7 7 5 1 4 8 2 7 0 4 3 6 5 5 9 7 8
M[105] : 2 3 3 7 6 4 9 2 0 7 7 2 6 5 5 7 5 6 2 4 4 4
M[106] : 6 5 0 5 4 5 9 8 6 3 3 1 7 6 4 3 3 1 4 4 4 4
M[107] : 3 3 0 7 5 5 4 2 4 6 2 4 6 8 7 3 4 5 4 7 1 4
M[108] : 6 1 5 5 0 6 3 6 3 4 3 6 3 4 5 5 5 7 7 9 5 3
M[109] : 2 2 3 5 4 3 3 6 7 6 4 5 7 2 7 5 5 0 4 3 4 6
M[110] : 7 5 4 5 5 4 1 0 3 6 3 7 8 6 2 6 5 3 0 3 1 4
M[111] : 3 6 6 6 4 3 4 6 2 6 10 2 9 4 0 5 2 4 6 4 8 4
M[112] : 0 4 4 5 3 4 8 4 9 3 1 5 4 6 5 2 3 3 8 6 4 5
M[113] : 2 7 6 3 6 4 7 6 4 5 7 6 4 1 9 4 8 0 2 10 3 5
M[114] : 6 3 4 7 8 7 7 5 2 1 6 0 10 3 5 3 4 7 6 5 9 4
M[115] : 2 2 6 4 1 7 6 5 4 5 5 2 4 2 6 4 7 5 7 5 5 0
M[116] : 6 1 8 7 4 6 3 7 0 10 4 2 4 3 3 4 3 5 3 4 5 2
M[117] : 6 7 5 10 6 4 3 0 8 8 4 2 5 6 1 4 5 3 4 5 9 7
M[118] : 6 7 7 6 10 4 0 11 1 5 3 5 5 3 6 3 3 8 6 3 2 5
M[119] : 5 5 6 6 5 6 0 6 7 7 5 2 3 9 3 1 7 10 5 6 9 4
M[120] : 6 4 4 5 5 8 10 7 6 6 0 4 4 3 6 3 2 3 5 5 5 2
M[121] : 5 1 5 7 10 4 9 7 8 4 3 3 5 0 5 5 1 3 5 5 7 4
M[122] : 4 3 6 7 9 3 9 6 6 8 8 0 6 8 3 3 6 7 5 3 3 4
M[123] : 6 5 4 4 5 3 2 4 7 2 1 7 7 6 4 9 1 3 4 4 0 3
M[124] : 8 4 6 1 1 7 0 3 5 4 9 7 5 5 8 4 5 8 9 4 4 4
M[125] : 7 6 3 1 5 3 2 5 1 3 4 0 1 6 7 4 4 6 2 3 3 6
M[126] : 2 2 6 4 4 7 3 7 3 0 9 4 5 3 2 4 5 1 3 5 4 5
M[127] : 6 5 7 4 6 8 4 5 8 2 3 6 7 6 4 5 0 8 6 3 9 4
M[128] : 4 9 6 1 2 9 4 3 4 5 4 8 0 2 1 2 5 7 7 3 6 2
M[129] : 3 0 6 3 2 4 5 4 3 3 8 6 6 8 7 5 3 3 5 6 3 7
M[130] : 3 3 7 0 6 4 3 6 7 6 6 3 5 12 4 3 3 5 4 4 5 4
M[131] : 5 4 6 4 6 10 4 6 6 5 2 1 2 2 5 5 7 0 3 3 0 4
M[132] : 4 6 3 3 5 4 8 3 2 4 4 6 4 7 3 3 7 0 8 4 1 3
M[133] : 8 8 5 0 6 4 6 5 2 6 7 3 6 4 2 3 5 4 3 7 5 5
M[134] : 4 6 4 4 5 11 3 7 7 6 2 1 6 6 6 6 7 2 0 5 4 5
M[135] : 5 7 3 4 3 4 2 6 9 4 5 3 5 3 3 1 3 6 4 0 4 4
M[136] : 9 6 5 2 7 9 5 3 6 6 4 0 2 6 3 2 3 6 9 4 3 4
M[137] : 3 4 4 2 8 3 5 1 6 6 5 3 3 7 4 0 3 3 6 3 5 5
M[138] : 3 7 3 6 4 0 5 3 1 11 4 4 4 7 6 2 7 4 4 5 8 11
M[139] : 5 4 7 1 0 6 5 2 2 6 4 7 8 2 8 5 6 7 3 6 5 3
M[140] : 8 4 5 0 7 2 6 5 8 4 6 2 5 9 3 4 6 3 6 5 6 4
M[141] : 4 3 2 2 5 6 7 0 3 5 3 5 6 3 8 5 7 7 5 4 5 4
M[142] : 7 4 6 8 3 4 0 3 10 7 4 7 3 6 5 3 5 7 7 4 5 6
M[143] : 2 7 5 3 2 4 3 5 6 4 6 0 3 5 6 6 4 8 4 3 4 4
M[144] : 5 6 10 12 5 4 3 6 2 2 9 7 6 2 3 2 5 0 9 5 9 4
M[145] : 3 6 4 3 5 3 5 5 3 5 4 5 0 3 6 4 3 5 5 3 4 4
M[146] : 6 3 6 4 1 5 7 10 3 6 2 7 5 6 3 5 0 7 3 5 5 5
M[147] : 4 4 1 1 8 6 5 0 3 4 6 4 8 3 4 6 2 5 6 5 7 7
M[148] : 3 6 4 6 4 2 1 5 5 6 5 3 2 3 4 1 6 4 6 0 3 6
M[149] : 4 1 6 7 5 1 3 6 0 6 3 1 6 6 4 2 3 6 1 6 3 5
M[150] : 4 6 3 2 7 2 3 3 4 3 6 4 3 6 7 0 2 6 6 4 5 4
M[151] : 0 3 5 3 6 4 8 5 2 7 5 3 7 3 8 4 4 4 0 2 5 4
M[152] : 4 6 9 5 2 6 3 1 0 4 7 2 4 4 6 6 6 6 2 6 4 3
M[153] : 5 0 2 11 6 4 7 6 7 3 5 7 6 7 4 0 1 6 8 7 3 2
M[154] : 5 5 7 1 3 4 7 4 2 0 6 0 3 1 5 6 4 1 2 3 5 8
M[155] : 2 3 4 5 2 5 3 4 3 6 6 5 2 4 4 5 5 3 5 5 4 0
M[156] : 8 3 5 6 10 5 10 6 1 4 7 6 2 6 5 5 6 5 0 4 2 5
M[157] : 2 4 0 5 4 5 6 1 3 4 5 6 5 8 6 9 3 4 3 2 4 5
M[158] : 4 4 10 3 6 4 7 8 7 9 4 3 3 5 2 4 9 5 2 9 7 0
M[159] : 5 6 5 3 4 6 8 5 5 4 4 9 7 0 5 3 8 5 7 9 4 4
M[160] : 5 4 5 6 0 4 1 2 5 5 4 3 4 6 6 6 6 3 10 7 6 3
M[161] : 5 3 3 7 5 4 0 3 4 3 5 2 2 7 3 2 3 7 3 5 2 7
M[162] : 3 4 8 3 4 6 7 3 3 2 5 0 6 5 2 4 2 4 5 3 4 7
M[163] : 2 4 6 3 4 1 0 4 6 3 5 2 5 5 7 11 6 3 4 5 4 2
M[164] : 2 6 2 5 1 4 3 3 5 6 0 6 4 8 3 4 3 6 4 4 7 5
M[165] : 4 12 6 3 5 8 8 6 3 8 5 3 4 0 5 5 4 4 5 2 2 5
M[166] : 5 4 7 6 4 4 3 3 5 0 3 3 3 5 5 5 7 3 4 5 3 4
M[167] : 3 5 4 8 3 7 6 4 6 6 5 4 6 8 12 7 1 6 1 1 0 3
M[168] : 1 6 7 5 5 5 3 6 5 9 0 3 6 4 5 7 2 11 5 4 4 5
M[169] : 6 5 5 9 5 5 4 5 10 0 5 5 8 6 2 7 5 4 2 1 5 4
M[170] : 4 2 5 2 6 6 5 6 8 4 6 0 5 9 3 5 4 7 4 0 4 9
M[171] : 6 2 5 4 7 7 6 4 4 3 7 6 3 6 4 4 4 4 3 3 0 5
M[172] : 3 5 5 6 6 7 6 5 2 4 4 5 5 3 4 2 8 3 3 3 5 0
M[173] : 7 4 1 1 7 10 11 3 7 8 6 3 5 5 7 3 10 0 7 6 2 3
M[174] : 3 6 4 6 2 5 2 8 1 7 4 7 2 8 3 5 5 5 6 2 0 6
M[175] : 5 5 4 3 7 8 4 4 6 0 5 4 10 6 3 8 5 6 4 5 4 5
M[176] : 5 5 4 6 5 7 7 5 6 2 3 4 8 6 7 5 4 0 5 5 3 7
M[177] : 9 9 4 7 4 5 2 5 4 3 7 0 6 4 4 2 5 7 8 2 4 3
M[178] : 3 2 4 4 4 3 0 8 6 8 3 7 7 6 3 3 0 2 5 8 4 4
M[179] : 2 6 3 5 4 5 6 2 4 4 5 1 4 3 2 6 0 4 5 3 4 4
M[180] : 7 8 4 3 3 4 7 2 5 3 8 2 5 2 0 3 4 10 9 8 3 5
M[181] : 2 3 4 3 5 7 5 5 4 4 7 4 5 4 4 4 6 0 5 5 7 6
M[182] : 8 6 5 5 5 1 5 6 0 3 4 3 3 4 5 6 7 4 6 4 5 9
M[183] : 0 7 3 7 5 4 8 4 4 3 7 2 9 4 11 3 7 6 5 6 4 4
M[184] : 3 7 2 2 5 7 8 8 3 3 1 1 3 4 0 3 5 6 7 3 3 9
M[185] : 5 3 5 7 4 6 8 4 3 2 4 1 3 4 1 2 7 7 4 1 5 0
M[186] : 5 0 12 3 5 1 6 9 5 3 8 8 7 4 6 3 3 5 5 7 8 2
M[187] : 6 6 6 3 2 4 3 3 6 4 4 3 5 6 2 7 5 6 6 0 1 5
M[188] : 7 4 1 3 5 6 3 7 1 6 5 3 3 6 1 0 6 3 8 5 9 6
M[189] : 9 9 7 1 4 5 6 3 7 3 0 1 2 4 8 4 1 4 6 8 5 3
M[190] : 8 9 4 9 6 2 4 0 2 7 4 2 6 4 5 3 1 4 4 3 4 3
M[191] : 3 6 5 3 0 3 8 4 6 9 7 4 2 8 4 8 4 4 5 2 7 4
M[192] : 5 3 4 4 2 4 3 6 9 0 7 6 2 3 5 5 2 7 9 7 4 4
M[193] : 5 4 9 4 5 0 1 8 4 4 4 5 3 1 7 6 7 1 5 5 4 4
M[194] : 2 7 3 5 3 7 5 4 3 2 3 1 0 7 7 6 3 6 4 5 6 5
M[195] : 4 4 5 5 7 0 5 4 5 8 5 7 2 2 6 7 4 7 7 5 3 9
M[196] : 1 4 0 4 5 6 4 6 4 6 7 2 1 2 5 3 6 7 2 5 2 2
M[197] : 1 4 8 1 7 5 5 7 4 1 3 2 3 6 4 0 4 5 4 6 6 8
M[198] : 4 6 3 9 2 6 7 8 4 3 0 8 2 5 2 3 3 4 5 6 3 5
M[199] : 0 2 4 3 5 1 0 2 2 5 5 2 8 6 12 4 5 6 5 8 6 4
M[200] : 0 5 5 4 4 6 4 5 8 1 4 3 4 1 8 5 2 7 4 3 4 2
M[201] : 2 0 9 6 5 9 4 7 4 8 5 2 3 1 2 2 6 6 4 1 3 4
M[202] : 5 4 3 4 10 5 4 0 6 6 7 3 4 5 5 7 4 5 7 4 6 3
M[203] : 7 6 1 4 2 5 7 0 2 4 3 2 3 6 10 3 2 3 1 8 8 6
M[204] : 7 4 3 8 5 7 0 7 5 1 7 6 4 10 4 5 2 4 8 3 6 2
M[205] : 5 5 0 5 4 7 5 6 2 4 4 7 6 4 6 8 0 4 6 6 3 7
M[206] : 4 5 7 5 0 7 3 4 2 7 5 4 0 3 4 2 5 6 8 3 5 8
M[207] : 8 2 5 2 6 5 5 4 3 5 4 3 3 6 4 2 0 4 4 3 8 4
M[208] : 7 6 6 7 6 4 3 3 0 5 6 6 6 5 8 4 5 7 5 3 4 8
M[209] : 3 5 6 0 4 4 4 4 8 3 5 3 7 4 7 3 6 5 6 6 8 4
M[210] : 3 5 4 6 9 9 7 3 4 7 3 5 7 2 1 4 3 5 0 6 8 4
M[211] : 4 5 6 0 4 7 4 7 10 3 3 8 4 6 3 4 4 5 6 3 4 7
M[212] : 5 5 4 5 5 1 5 4 4 2 2 5 6 5 3 2 6 6 0 3 5 3
M[213] : 3 5 3 3 7 6 6 3 6 4 0 8 4 6 6 3 9 6 3 3 4 7
M[214] : 5 6 5 5 3 7 2 6 4 0 4 5 6 4 5 2 4 1 3 4 9 3
M[215] : 6 7 7 5 5 1 6 6 0 7 4 7 1 2 6 5 5 5 3 5 4 3
M[216] : 3 0 2 7 4 6 7 7 6 9 3 4 2 5 5 8 4 10 4 3 0 3
M[217] : 5 3 2 6 2 5 3 5 9 1 7 5 6 3 5 5 6 0 4 4 4 0
M[218] : 0 7 9 3 3 5 6 5 5 5 6 5 5 5 3 4 5 5 6 4 4 4
M[219] : 7 0 4 8 2 2 5 5 3 4 4 4 4 3 4 5 3 4 4 5 3 4
M[220] : 1 11 6 4 4 2 6 2 3 6 5 3 8 3 6 4 4 5 1 2 0 4
M[221] : 4 5 4 4 6 5 7 7 4 4 0 5 4 2 3 7 4 4 4 6 6 3
M[222] : 0 4 6 5 9 4 3 8 8 6 4 4 9 2 3 4 5 5 7 2 5 4
M[223] : 10 7 4 4 3 5 5 4 0 6 7 3 3 4 4 6 2 7 5 4 4 3
M[224] : 6 0 9 4 3 3 5 5 6 3 2 6 7 4 12 5 3 2 6 3 3 2
M[225] : 1 3 4 3 8 2 2 5 8 2 7 8 4 0 4 4 5 4 6 5 5 6
M[226] : 6 6 6 4 4 5 2 4 7 5 4 6 9 5 6 10 8 5 5 4 0 4
M[227] : 1 4 4 7 4 5 3 3 8 2 3 9 7 4 4 3 4 8 5 0 4 8
M[228] : 10 3 3 5 7 6 6 2 5 6 6 8 0 4 5 3 2 5 3 7 7 6
M[229] : 7 4 8 4 4 2 9 5 2 6 6 11 5 6 3 3 6 0 4 3 8 4
M[230] : 6 5 3 6 4 7 0 5 5 6 7 2 3 7 6 4 4 9 8 3 1 5
M[231] : 6 9 4 6 2 1 5 7 6 2 5 4 3 2 0 3 4 3 6 3 5 4
M[232] : 9 5 0 6 4 5 3 5 1 3 6 5 4 5 4 1 2 8 2 3 8 4
M[233] : 5 3 5 2 7 0 4 6 8 1 2 2 3 3 3 4 5 9 6 7 6 5
M[234] : 6 3 6 0 7 3 9 1 5 3 7 4 5 8 5 1 3 4 4 10 1 2
M[235] : 6 5 5 8 7 6 4 6 5 6 3 2 5 3 4 5 3 3 3 0 6 6
M[236] : 4 5 8 5 3 6 8 6 7 8 4 5 0 5 2 7 6 3 3 3 6 5
M[237] : 0 9 8 1 4 9 5 5 2 6 2 8 3 8 5 3 6 6 3 6 7 2
M[238] : 1 8 5 7 8 5 9 2 5 5 0 7 4 2 7 7 4 5 2 3 3 8
M[239] : 4 8 5 4 4 3 5 0 3 7 2 3 3 5 5 8 7 6 6 6 3 5
M[240] : 3 8 3 7 8 4 6 4 2 8 6 6 2 0 6 4 5 4 4 4 4 2
M[241] : 0 3 5 5 1 7 4 6 5 5 4 4 7 5 7 5 5 5 6 9 7 5
M[242] : 5 4 2 3 3 2 3 2 5 3 5 0 8 4 5 5 5 3 6 8 6 8
M[243] : 3 5 6 7 4 1 4 3 3 11 1 3 5 5 2 0 3 6 8 3 10 3
M[244] : 4 4 7 4 4 6 3 6 3 0 5 5 7 3 4 8 2 5 3 7 4 5
M[245] : 3 5 5 2 7 6 8 4 8 9 7 3 3 5 3 2 2 4 0 2 4 4
M[246] : 4 5 2 5 9 3 5 3 3 4 4 4 2 7 2 7 1 4 0 7 2 7
M[247] : 6 4 6 2 6 7 6 3 6 0 7 6 6 6 9 8 5 5 1 7 5 5
M[248] : 8 5 5 3 1 3 4 4 4 5 0 1 5 3 5 5 3 7 3 2 2 6
M[249] : 2 7 8 5 6 9 6 4 3 1 3 7 5 6 0 4 7 11 7 2 4 6
M[250] : 4 3 8 4 4 2 5 1 4 0 4 5 5 3 7 5 5 5 7 0 5 1
M[251] : 5 5 5 5 6 3 4 3 3 5 6 1 5 4 3 5 3 5 0 4 2 9
M[252] : 9 7 3 6 9 3 6 0 6 6 9 5 3 5 6 3 8 6 6 5 5 5
M[253] : 3 0 5 8 6 10 4 2 6 5 4 6 2 7 7 3 5 2 4 5 2 2
M[254] : 2 4 5 6 2 2 4 5 0 4 2 5 2 5 8 3 2 7 2 5 5 1
M[255] : 4 6 5 6 9 6 5 10 6 9 1 5 4 7 5 6 0 2 4 5 3 4
M[256] : 4 2 2 0 8 3 9 2 6 4 3 5 8 5 6 3 7 1 7 7 5 3
M[257] : 1 3 3 2 6 6 4 4 3 7 5 6 5 5 4 0 3 6 9 8 4 5
M[258] : 5 4 3 7 2 3 1 6 7 5 3 5 3 4 5 0 2 4 3 3 7 3
M[259] : 2 1 5 4 4 6 5 8 1 1 3 4 6 0 7 6 6 4 5 5 4 3
M[260] : 4 1 8 0 2 5 7 4 4 5 5 6 7 4 6 2 3 8 3 5 5 1
M[261] : 4 0 3 4 6 2 5 5 9 1 5 6 5 6 3 6 5 4 4 5 3 1
M[262] : 6 4 3 4 4 5 5 0 4 2 6 7 3 2 5 6 5 6 7 3 3 6
M[263] : 2 3 0 3 7 5 8 5 9 7 4 8 3 6 4 10 4 2 8 7 3 3
M[264] : 7 5 5 7 2 4 8 4 2 4 6 4 6 3 5 6 4 4 5 6 0 7
M[265] : 8 8 3 3 3 8 2 7 5 4 4 3 4 6 3 8 6 2 2 0 4 6
M[266] : 4 4 4 0 0 5 3 2 3 4 5 3 4 1 3 3 3 2 5 5 3 3
M[267] : 4 6 7 4 4 4 5 4 0 4 8 6 6 7 2 4 4 4 1 7 8 5
M[268] : 3 4 6 5 3 2 4 5 8 2 4 3 2 6 0 3 6 7 5 0 6 4
M[269] : 4 0 7 5 7 4 2 5 6 4 6 4 5 5 4 5 5 6 6 4 0 4
M[270] : 7 6 4 4 4 3 1 8 3 6 5 3 3 0 3 6 10 5 9 1 3 9
M[271] : 8 7 3 2 6 6 2 3 6 4 3 4 5 4 2 2 5 2 6 9 5 0
M[272] : 5 3 1 7 1 3 4 8 3 2 10 0 6 5 4 6 5 9 7 4 4 3
M[273] : 5 3 2 5 6 3 7 4 1 6 6 3 5 5 0 6 9 6 8 6 8 4
M[274] : 8 3 10 3 2 5 2 4 8 4 3 8 5 3 5 1 3 0 5 5 4 12
M[275] : 3 5 5 6 3 3 5 2 4 2 5 5 11 0 7 5 6 6 3 7 5 9
M[276] : 3 4 3 3 4 1 2 9 1 4 5 4 5 8 8 4 4 5 0 6 5 5
M[277] : 6 2 6 7 3 0 2 4 4 8 7 8 6 9 6 2 5 6 4 11 7 4
M[278] : 0 5 3 0 2 9 4 5 6 4 3 2 4 4 8 7 2 1 5 6 9 6
M[279] : 4 6 4 4 7 6 6 4 3 5 0 5 6 3 7 3 3 7 4 3 3 5
M[280] : 6 6 7 0 6 1 6 4 5 6 4 1 8 2 4 8 4 5 3 2 2 4
M[281] : 5 4 6 5 4 0 2 2 6 7 11 5 2 6 6 7 4 5 3 9 6 5
M[282] : 0 4 0 4 3 5 6 8 2 1 3 3 5 4 3 4 8 4 4 6 5 6
M[283] : 7 7 5 7 3 6 2 3 5 5 4 4 5 2 7 1 0 5 7 5 1 6
M[284] : 4 7 3 5 2 0 7 5 5 4 7 6 5 6 5 3 8 5 2 7 3 8
M[285] : 3 4 4 6 3 5 0 4 3 3 2 1 4 2 8 3 4 6 2 4 4 5
M[286] : 4 5 8 6 6 7 4 5 7 7 3 3 1 2 0 3 2 7 3 5 2 3
M[287] : 4 4 7 5 6 7 3 4 6 7 4 1 5 4 3 9 6 7 5 5 0 6
M[288] : 4 4 5 5 4 3 0 4 4 4 6 4 5 4 5 6 4 5 4 1 5 2
M[289] : 4 6 7 6 4 4 5 3 3 6 5 6 0 4 9 4 4 6 4 6 6 4
M[290] : 4 2 3 5 4 3 5 6 4 9 9 7 5 4 6 7 8 6 2 8 3 0
M[291] : 5 8 5 5 6 3 5 2 6 8 6 3 7 0 5 7 5 7 4 3 6 2
M[292] : 3 8 5 0 5 9 3 7 5 5 6 6 4 7 2 4 3 7 5 4 5 5
M[293] : 7 3 6 5 0 5 2 6 4 2 5 3 6 3 3 3 3 3 5 5 4 2
M[294] : 3 3 3 1 4 7 6 7 0 5 3 4 7 3 5 4 6 2 5 7 5 1
M[295] : 2 4 5 1 4 5 6 7 6 2 3 8 9 3 2 5 7 8 5 0 5 14
M[296] : 7 6 6 4 5 3 3 4 7 3 0 7 8 3 5 5 4 4 6 5 7 7
M[297] : 4 4 3 6 6 5 6 9 3 6 0 3 1 6 7 3 4 3 4 6 4 7
M[298] : 4 5 0 9 4 4 8 5 4 4 4 6 3 4 2 2 3 8 6 7 4 6
M[299] : 0 3 5 6 4 2 3 4 4 1 6 8 4 6 1 6 4 8 8 4 1 3
M[300] : 4 2 6 5 4 3 0 3 1 2 7 3 7 5 5 6 6 8 6 8 5 2
M[301] : 4 5 7 5 1 5 7 3 3 10 3 3 9 6 3 7 6 7 0 8 4 3
M[302] : 2 7 6 6 5 7 3 10 2 6 6 6 4 3 4 1 6 0 6 5 5 5
M[303] : 2 6 4 7 4 9 6 2 9 2 4 4 4 6 5 5 3 3 5 0 2 1
M[304] : 5 3 5 3 6 3 7 2 0 7 5 4 6 4 4 7 6 5 1 7 9 3
M[305] : 0 7 3 0 8 1 4 7 7 7 6 2 4 2 5 3 6 6 6 5 5 3
M[306] : 5 3 3 4 6 3 3 0 7 6 1 3 6 6 3 6 5 3 3 6 0 5
M[307] : 5 5 8 9 8 5 6 9 8 2 8 2 7 10 3 3 10 6 2 5 0 5
M[308] : 8 5 7 5 6 5 3 7 3 7 5 5 3 5 2 4 4 7 5 3 0 3
M[309] : 2 8 1 4 5 6 3 7 8 0 3 4 2 6 7 4 6 3 5 3 5 6
M[310] : 5 4 7 1 4 7 2 5 6 3 5 6 2 3 3 0 8 5 5 6 7 5
M[311] : 2 4 3 0 6 1 4 6 10 6 4 7 3 7 4 1 5 5 6 4 8 3
M[312] : 5 4 8 8 6 7 0 5 2 7 2 6 6 6 6 1 10 7 1 2 6 9
M[313] : 7 5 7 6 7 2 6 0 7 7 3 4 5 3 2 4 4 8 7 3 5 4
M[314] : 0 2 3 7 3 4 4 2 3 3 3 3 5 2 2 5 5 7 4 3 6 6
M[315] : 2 1 6 3 2 0 5 6 6 6 6 6 2 3 4 7 1 5 5 3 3 1
M[316] : 2 5 3 4 5 4 8 4 8 5 6 2 8 7 7 5 3 3 6 4 7 0
M[317] : 5 3 4 2 7 5 3 6 2 2 4 5 7 8 4 7 4 11 5 6 4 0
M[318] : 7 5 3 3 5 6 6 7 5 6 5 9 2 2 0 6 4 3 4 5 2 1
M[319] : 3 3 3 7 4 4 5 5 5 0 3 6 5 9 3 8 2 5 3 5 6 2
M[320] : 0 9 4 4 7 6 3 4 7 2 2 4 4 7 4 3 3 6 7 5 3 5
M[321] : 4 2 4 4 8 3 7 3 5 3 7 6 5 3 6 6 8 6 0 5 3 6
M[322] : 0 8 0 4 7 6 2 5 1 5 4 3 5 6 3 1 5 8 7 8 4 4
M[323] : 3 1 8 5 10 5 3 2 6 2 5 6 2 6 11 3 9 5 0 2 4 4
M[324] : 7 3 4 3 3 8 6 4 5 7 0 4 4 4 4 4 8 6 4 4 5 4
M[325] : 5 6 0 3 4 4 5 4 4 6 0 2 6 3 4 2 7 5 11 3 5 3
M[326] : 3 4 7 9 5 3 7 5 3 5 7 2 4 7 6 5 0 5 6 5 2 4
M[327] : 0 6 5 5 1 4 4 3 4 5 5 7 1 3 6 3 5 7 3 3 8 5
M[328] : 4 3 6 2 5 5 6 1 2 3 8 7 5 5 6 5 5 6 0 3 3 3
M[329] : 6 6 3 2 2 3 5 0 4 4 6 2 3 3 4 5 3 5 3 5 3 1
M[330] : 5 6 2 4 4 9 2 3 7 5 0 3 7 8 7 1 6 4 7 6 6 6
M[331] : 5 5 4 5 3 5 4 5 2 3 3 5 7 6 10 0 8 6 8 1 4 1
M[332] : 6 4 7 7 7 7 10 2 8 5 2 10 5 5 2 6 3 4 0 9 4 4
M[333] : 2 9 4 4 4 9 2 5 4 5 0 5 2 6 3 7 4 3 6 4 5 10
M[334] : 2 3 4 8 5 4 4 7 5 4 2 6 0 7 4 3 7 10 5 5 4 6
M[335] : 10 6 5 5 7 6 6 4 5 3 6 9 5 6 3 6 2 4 5 8 4 0
M[336] : 5 6 6 7 0 3 3 5 7 3 5 2 6 4 2 4 4 5 6 6 4 3
M[337] : 5 4 4 5 5 5 3 4 0 2 4 3 3 9 0 4 2 4 8 5 5 3
M[338] : 4 13 4 0 4 7 0 4 6 4 4 8 7 3 4 6 7 2 4 5 2 5
M[339] : 4 6 0 7 4 7 5 6 4 5 2 6 3 5 1 6 4 5 5 5 9 9
M[340] : 3 5 3 7 1 6 7 6 5 0 3 3 5 2 5 5 0 6 3 3 5 10
M[341] : 5 3 6 6 4 3 1 4 8 4 6 2 10 7 0 0 4 3 1 7 5 4
M[342] : 5 3 4 4 5 2 0 5 5 5 6 5 2 4 10 4 5 4 2 5 2 7
M[343] : 1 4 0 4 3 1 1 5 0 1 3 4 0 4 6 4 6 3 4 5 5 4
M[344] : 4 0 4 3 1 4 4 7 5 2 6 2 3 12 3 4 2 2 3 4 5 5
M[345] : 7 3 4 5 4 4 6 7 6 4 5 4 0 11 4 7 4 8 6 5 4 8
M[346] : 3 9 10 3 4 6 11 0 3 5 7 5 5 4 7 4 6 8 3 5 4 8
M[347] : 2 4 3 4 3 7 3 2 4 3 6 3 6 4 6 7 0 6 5 4 5 3
M[348] : 8 4 3 2 6 1 5 9 0 5 5 7 2 6 9 6 2 6 6 6 4 5
M[349] : 7 6 6 5 2 5 8 5 3 5 4 5 4 0 6 5 3 4 1 3 3 2
M[350] : 10 8 4 5 5 7 0 8 6 4 5 4 5 0 5 3 6 3 5 4 8 1
M[351] : 2 6 6 2 6 7 2 6 2 5 3 4 5 7 2 4 4 5 3 0 5 7
M[352] : 2 3 7 3 9 3 4 6 0 3 7 4 6 9 5 3 6 5 4 4 4 4
M[353] : 0 7 3 3 2 2 2 8 8 4 5 5 4 4 7 3 5 6 2 4 4 5
M[354] : 6 0 4 6 2 3 4 3 2 2 4 3 4 7 7 9 4 5 6 3 7 4
M[355] : 3 5 5 4 10 5 0 4 7 5 7 3 7 5 8 4 5 6 3 4 6 3
M[356] : 2 3 8 8 0 1 7 7 3 3 5 6 5 4 6 5 2 5 7 5 5 1
M[357] : 3 3 5 6 6 4 8 8 4 3 5 4 5 8 5 6 6 2 3 5 0 7
M[358] : 5 6 8 9 0 4 3 6 3 5 6 4 0 4 2 8 3 6 3 5 5 2
M[359] : 5 0 5 7 5 5 8 6 6 4 2 1 6 7 5 5 7 5 6 0 6 2
M[360] : 5 4 4 7 4 4 4 7 4 2 1 3 5 4 6 2 4 4 0 4 7 5
M[361] : 5 3 1 3 5 6 7 8 6 0 2 4 4 3 3 2 4 0 1 7 1 8
M[362] : 5 5 4 4 7 8 5 2 3 4 5 4 4 2 8 3 4 0 5 9 2 4
M[363] : 6 7 4 5 8 6 5 6 8 5 3 6 6 0 4 3 0 5 7 10 4 5
M[364] : 0 6 4 3 3 4 6 9 4 3 5 4 7 2 6 4 5 4 4 4 2 4
M[365] : 1 6 6 7 5 8 11 4 6 1 0 6 5 6 2 6 3 3 8 3 1 4
M[366] : 6 7 2 4 4 6 6 2 6 4 6 5 8 7 0 9 5 10 7 4 1 6
M[367] : 3 4 5 10 7 4 2 5 1 5 4 6 8 2 1 3 0 2 2 3 3 5
M[368] : 8 5 8 5 6 4 8 0 2 3 6 3 8 3 4 2 4 6 5 4 2 5
M[369] : 5 0 4 6 5 2 7 9 1 8 5 4 5 5 6 2 6 7 3 7 7 8
M[370] : 3 8 6 7 6 2 4 7 8 4 6 4 5 8 3 12 6 5 3 8 5 0
M[371] : 4 0 3 5 8 4 4 7 7 4 4 8 7 2 5 5 5 9 6 3 6 3
M[372] : 8 7 4 3 4 7 3 0 7 5 6 6 6 3 6 8 8 1 0 4 3 4
M[373] : 0 3 6 4 5 7 5 4 6 4 6 5 1 3 8 5 3 4 5 2 3 4
M[374] : 5 6 5 6 3 1 5 0 4 3 4 4 4 4 7 2 5 5 0 4 4 4
M[375] : 6 2 3 6 5 5 4 11 5 2 1 7 0 5 5 7 4 8 3 6 4 5
M[376] : 3 8 3 7 6 2 5 8 6 5 4 2 4 0 3 6 8 2 6 3 6 2
M[377] : 2 7 8 6 5 3 0 3 4 1 3 8 5 0 3 4 2 4 6 5 4 6
M[378] : 2 7 5 2 2 5 6 8 6 1 6 6 4 4 5 6 3 0 6 5 5 4
M[379] : 3 2 4 3 3 4 7 5 5 2 3 1 0 4 6 3 3 1 4 7 4 5
M[380] : 3 4 3 5 4 4 5 4 4 4 7 9 3 4 3 7 8 0 5 7 3 5
M[381] : 11 6 4 8 5 6 2 6 4 5 2 4 7 9 5 2 0 6 5 4 3 4
M[382] : 2 4 3 3 7 2 1 4 3 6 5 4 6 4 7 4 3 0 5 7 5 3
M[383] : 7 2 3 4 5 4 6 7 0 2 3 2 6 5 3 1 4 7 3 4 5 0
M[384] : 5 6 6 0 4 3 6 3 4 3 5 4 6 5 11 8 5 6 3 4 5 2
M[385] : 2 9 4 3 4 8 2 2 8 3 4 2 7 7 6 5 2 7 8 4 0 3
M[386] : 7 8 4 2 6 9 0 7 1 6 9 6 5 2 3 5 3 8 2 6 4 10
M[387] : 3 6 3 4 6 3 1 3 4 3 4 0 9 5 6 4 5 0 3 6 3 5
M[388] : 5 4 4 6 4 3 3 5 7 10 5 3 3 5 3 4 3 5 4 8 7 0
M[389] : 5 5 4 6 4 4 2 0 6 4 4 3 5 2 5 7 7 7 6 4 10 6
M[390] : 1 2 5 6 4 1 1 0 8 2 3 6 4 6 6 6 5 3 8 4 5 3
M[391] : 5 5 5 4 5 3 5 4 8 4 4 2 9 4 9 4 4 4 0 6 2 7
M[392] : 7 9 6 10 3 7 4 4 7 3 6 2 4 4 5 3 9 0 2 5 4 1
M[393] : 4 0 2 6 3 3 4 4 3 6 5 7 4 4 6 4 7 9 6 6 6 7
M[394] : 6 4 5 2 4 8 9 4 2 1 2 9 6 0 6 6 2 6 3 5 4 2
M[395] : 2 4 4 5 7 2 3 3 4 5 2 0 4 12 9 4 6 5 8 6 5 1
M[396] : 2 4 0 7 8 5 6 6 6 7 7 6 4 5 7 10 3 6 6 2 4 5
M[397] : 3 3 5 5 4 2 0 7 5 6 2 5 4 6 7 2 6 6 6 8 4 5
M[398] : 4 3 2 7 3 3 2 5 5 4 7 5 4 4 2 5 7 5 7 2 3 0
M[399] : 9 5 5 4 3 6 1 4 4 7 5 4 8 5 4 6 0 1 5 4 5 6
M[400] : 5 3 2 4 6 6 7 4 2 6 6 6 7 3 5 5 9 8 6 4 3 0
M[401] : 8 10 5 0 7 6 7 3 4 8 3 4 9 4 7 6 3 4 7 7 4 6
M[402] : 4 6 4 6 0 3 7 7 6 3 3 3 6 6 7 6 3 2 5 1 10 5
M[403] : 0 5 6 5 0 4 2 4 2 8 5 7 0 4 5 6 3 5 5 5 4 8
M[404] : 3 4 3 4 3 2 5 8 7 8 7 2 0 6 3 5 6 4 9 7 2 2
M[405] : 2 5 8 9 6 4 5 4 3 2 3 4 6 3 3 4 5 4 1 0 2 4
M[406] : 8 7 2 8 3 7 12 0 5 1 2 4 4 4 3 1 7 4 3 3 8 4
M[407] : 6 7 3 3 6 7 3 7 6 1 0 6 3 3 5 3 10 5 4 3 2 4
M[408] : 4 3 6 7 7 5 2 0 8 4 4 5 0 5 3 4 6 0 4 3 7 2
M[409] : 2 8 7 6 0 3 5 3 4 5 5 2 8 5 3 4 5 5 5 2 7 4
M[410] : 7 6 3 2 5 6 6 3 1 2 5 9 7 7 5 5 5 8 0 5 5 6
M[411] : 1 5 3 6 3 6 7 5 6 4 6 1 5 5 7 6 6 6 0 2 2 5
M[412] : 0 2 4 7 4 4 6 5 7 2 5 6 7 3 4 8 5 1 4 4 4 5
M[413] : 4 0 4 3 7 5 6 6 4 5 6 4 3 3 1 7 6 7 7 4 5 4
M[414] : 2 8 1 1 4 1 5 9 6 10 3 3 8 10 4 4 0 3 7 2 4 8
M[415] : 5 0 4 7 5 5 6 8 4 5 4 5 9 5 5 7 4 6 4 3 7 6
M[416] : 6 5 5 6 1 4 4 7 6 0 3 3 9 3 2 6 6 3 9 8 6 8
M[417] : 0 0 7 7 6 7 3 4 10 5 0 6 4 6 7 2 4 7 2 2 5 6
M[418] : 9 2 4 5 5 0 5 4 7 0 3 4 4 8 1 6 2 2 6 5 6 4
M[419] : 6 6 5 6 5 2 3 3 3 3 5 0 3 4 3 5 8 7 6 8 6 4
M[420] : 4 7 7 8 3 5 7 5 3 3 7 4 4 3 4 4 0 4 2 7 9 3
M[421] : 2 3 3 0 2 4 5 4 7 8 1 4 3 4 3 4 6 4 7 6 7 2
M[422] : 4 4 2 10 4 3 4 4 5 4 0 6 2 3 9 3 4 6 3 6 2 9
M[423] : 5 2 7 5 0 6 3 4 3 6 8 7 4 3 8 4 3 7 5 5 5 8
M[424] : 2 6 2 7 8 9 5 5 2 5 8 9 5 0 0 4 8 5 8 2 9 4
M[425] : 7 3 6 3 4 5 4 5 6 3 4 5 3 0 6 5 6 4 2 4 8 5
M[426] : 3 2 0 8 2 2 5 6 4 4 2 1 6 3 4 3 1 9 5 5 10 4
M[427] : 4 3 3 3 8 5 6 9 5 5 3 8 3 3 6 5 7 3 4 9 0 8
M[428] : 6 7 2 3 9 0 2 4 5 7 11 1 3 6 6 6 6 9 3 7 6 5
M[429] : 6 6 4 5 4 9 9 8 6 4 0 4 6 0 3 3 3 9 7 4 4 4
M[430] : 2 7 2 7 9 5 3 4 7 3 8 3 0 6 3 3 3 3 3 8 5 5
M[431] : 3 3 4 6 4 4 7 5 5 2 7 3 6 1 0 5 9 6 6 4 3 4
M[432] : 4 6 4 6 4 7 6 6 3 4 4 4 3 2 4 4 2 5 7 5 5 0
M[433] : 4 7 7 4 5 8 0 5 1 3 1 6 7 10 4 3 3 3 6 9 5 5
M[434] : 9 4 4 3 5 8 8 4 3 2 6 4 5 6 6 3 9 3 0 2 5 6
M[435] : 4 6 4 3 6 0 4 4 7 7 5 4 5 5 6 2 5 7 5 2 5 8
M[436] : 4 0 3 4 7 4 6 3 4 11 6 2 1 4 5 5 2 6 5 6 2 3
M[437] : 11 3 2 4 5 5 8 3 2 4 6 4 3 5 3 6 8 7 0 5 3 2
M[438] : 3 5 5 8 6 6 5 6 0 5 4 4 7 6 9 3 4 2 6 4 4 4
M[439] : 4 3 0 1 3 6 5 4 7 4 2 5 4 5 3 2 4 6 4 7 6 4
M[440] : 6 4 4 3 3 10 4 2 5 8 0 2 12 10 5 8 10 4 8 7 5 7
M[441] : 5 0 5 4 3 4 3 3 6 2 4 4 7 5 6 2 4 8 4 2 7 3
M[442] : 1 3 6 5 2 6 8 4 2 2 3 3 5 6 0 8 4 4 5 7 6 1
M[443] : 8 2 6 0 6 4 3 6 5 9 5 5 5 4 5 5 1 3 4 3 3 3
M[444] : 6 5 5 0 3 7 8 4 7 5 2 3 2 8 3 7 4 8 9 0 5 5
M[445] : 4 4 5 5 7 5 7 4 7 0 4 5 5 5 6 5 7 3 5 6 4 6
M[446] : 9 4 4 2 2 7 6 6 0 4 8 5 5 5 5 4 2 2 3 5 3 4
M[447] : 3 3 3 7 2 7 6 5 3 2 4 6 8 3 2 6 4 7 13 8 4 0
M[448] : 4 2 5 3 7 2 5 0 6 5 4 6 5 7 4 3 3 2 4 4 3 6
M[449] : 5 3 6 3 5 0 6 4 2 7 6 4 3 2 1 4 9 3 4 5 4 3
M[450] : 5 8 7 6 5 3 5 5 4 3 3 4 5 3 8 0 2 3 6 7 5 5
M[451] : 5 8 7 7 4 6 5 3 1 2 5 4 6 4 3 8 0 0 4 7 4 8
M[452] : 6 2 4 3 0 5 2 10 5 5 5 2 6 3 6 3 5 6 4 4 11 7
M[453] : 3 6 5 2 2 1 2 4 4 3 3 4 7 5 4 2 3 3 4 0 6 8
M[454] : 5 3 0 3 4 9 5 5 3 4 5 3 6 7 5 7 5 6 3 1 5 4
M[455] : 4 4 4 5 2 4 8 3 3 5 4 2 3 0 7 5 9 5 2 5 7 3
M[456] : 3 3 4 3 3 5 7 6 0 4 2 5 5 4 5 3 0 5 8 8 2 3
M[457] : 4 10 2 2 6 11 7 5 3 5 4 5 4 5 0 6 1 9 6 6 3 5
M[458] : 5 6 5 5 5 3 2 7 6 7 4 4 5 5 0 2 8 4 8 5 2 3
M[459] : 3 1 2 3 3 8 3 6 8 3 2 0 4 7 5 7 4 6 10 4 4 8
M[460] : 5 4 5 9 4 4 5 5 5 9 6 4 4 3 3 4 6 5 5 0 8 5
M[461] : 6 3 5 8 4 6 5 6 4 1 6 2 7 3 4 4 1 0 7 2 3 2
M[462] : 4 6 2 4 5 7 8 3 5 7 6 4 3 7 4 0 3 3 6 2 6 6
M[463] : 4 5 1 3 2 4 6 4 7 4 7 2 6 5 1 1 6 8 4 0 6 8
M[464] : 6 8 7 7 13 4 6 3 6 7 4 1 1 5 0 5 5 6 5 4 2 8
M[465] : 8 3 6 3 5 3 5 4 4 5 0 7 4 3 5 5 7 4 5 7 7 2
M[466] : 0 3 4 3 4 4 5 13 5 5 4 1 5 5 5 3 4 6 5 4 4 3
M[467] : 5 3 5 1 6 5 5 8 5 5 1 2 6 8 5 0 8 6 4 6 5 7
M[468] : 6 6 6 0 8 5 5 4 4 5 1 6 3 2 3 5 5 4 3 4 5 4
M[469] : 6 3 2 4 0 9 8 2 6 3 5 4 3 8 5 3 5 9 7 3 8 7
M[470] : 7 3 1 5 2 6 2 8 7 5 4 4 3 9 4 7 0 4 4 3 7 6
M[471] : 3 4 3 0 3 5 2 3 8 9 5 6 4 2 3 0 5 5 3 7 5 5
M[472] : 5 9 4 3 3 6 3 7 2 8 6 7 5 5 0 2 2 6 7 4 7 4
M[473] : 2 4 8 3 7 6 2 2 5 0 2 4 1 5 8 2 8 11 6 4 7 6
M[474] : 2 5 5 2 0 0 7 5 7 8 9 6 2 3 4 2 4 5 8 5 4 4
M[475] : 3 1 4 6 6 10 4 7 8 3 1 2 6 4 3 7 8 6 7 0 3 2
M[476] : 4 5 6 4 5 7 6 4 3 6 5 5 5 2 4 4 3 0 3 0 3 4
M[477] : 4 4 4 6 5 2 3 8 6 4 3 6 3 7 7 7 4 4 3 8 0 3
M[478] : 1 5 9 6 5 6 5 9 7 3 5 9 4 6 3 0 8 3 3 6 4 7
M[479] : 6 4 8 9 3 7 4 5 7 6 5 2 6 6 4 6 4 5 3 0 7 6
M[480] : 8 3 7 6 6 3 3 6 5 2 9 7 11 6 0 0 3 3 6 5 4 2
M[481] : 0 8 4 7 8 4 8 7 7 5 4 7 3 9 2 5 8 4 5 8 5 2
M[482] : 7 4 7 3 9 5 1 4 0 4 6 4 5 4 9 6 6 4 6 5 5 4
M[483] : 4 6 8 4 2 5 0 7 5 0 4 3 10 6 1 6 2 7 5 5 7 7
M[484] : 0 5 3 6 7 4 4 4 4 7 5 4 7 7 4 5 4 7 4 0 4 5
M[485] : 1 1 2 2 6 4 1 4 7 6 4 0 4 3 4 3 5 3 2 2 3 4
M[486] : 4 7 6 8 5 4 5 5 0 6 6 3 2 1 6 4 9 5 2 4 2 2
M[487] : 7 4 5 2 7 4 5 2 6 3 5 6 6 6 2 5 0 6 3 8 9 5
M[488] : 6 4 5 6 0 8 2 5 4 0 9 4 4 2 4 4 5 7 3 3 6 4
M[489] : 7 8 6 4 6 3 4 3 6 7 7 3 5 8 6 0 4 2 3 4 6 2
M[490] : 4 1 2 6 7 3 0 3 3 4 5 3 3 9 2 6 3 5 7 5 5 0
M[491] : 4 6 8 6 8 7 0 3 3 5 4 3 3 1 3 7 7 5 5 7 10 7
M[492] : 5 5 6 2 3 5 5 0 6 3 5 7 4 0 4 6 7 5 6 3 4 4
M[493] : 6 4 2 5 2 6 5 3 3 4 9 2 4 3 8 6 0 6 7 10 9 6
M[494] : 0 6 3 7 7 4 3 3 3 5 5 5 6 4 9 7 7 4 5 5 4 7
M[495] : 3 5 5 4 1 2 0 3 5 4 5 4 5 5 5 6 4 4 8 5 3 2
M[496] : 3 3 4 7 8 5 5 7 2 6 5 6 5 4 6 0 6 4 5 4 4 5
M[497] : 3 5 4 5 4 1 6 6 7 6 2 1 0 8 4 1 7 7 3 6 8 5
M[498] : 8 3 6 4 4 0 6 2 5 5 5 6 4 8 6 5 10 8 2 5 4 5
M[499] : 8 4 4 4 2 5 5 6 7 6 4 5 0 4 3 0 6 5 7 3 8 2
M[500] : 3 7 6 4 5 6 6 5 4 3 4 5 7 2 7 5 5 0 6 7 4 6
M[501] : 1 3 7 3 7 4 5 6 3 4 2 5 7 6 3 3 5 8 4 6 6 0
M[502] : 7 4 2 6 9 5 3 5 4 4 5 7 7 4 4 4 4 3 4 1 0 7
M[503] : 4 5 7 1 5 9 3 7 2 2 0 1 4 4 5 7 5 5 5 5 4 4
M[504] : 2 5 8 2 6 0 4 5 5 3 5 5 5 8 5 4 7 5 5 3 5 6
M[505] : 6 8 5 3 3 3 0 5 9 6 4 3 2 2 5 6 5 4 5 7 3 5
M[506] : 5 0 7 8 3 4 5 4 4 5 3 3 3 6 0 4 3 5 4 2 5 6
M[507] : 5 6 3 4 5 4 7 4 0 6 6 5 6 6 3 4 7 6 4 8 6 4
M[508] : 4 2 3 4 6 0 3 6 6 3 9 4 6 2 4 2 3 7 4 3 3 6
M[509] : 3 4 4 6 6 6 4 3 0 5 5 4 5 4 4 4 5 6 4 4 7 4
M[510] : 4 2 5 9 3 8 3 7 6 4 3 5 4 1 7 0 7 5 4 1 4 4
M[511] : 7 8 4 2 2 4 4 7 4 2 8 4 4 3 7 3 0 4 9 5 8 8
M[512] : 1 4 6 9 4 8 3 4 6 4 7 5 3 4 10 7 8 5 0 4 2 3
M[513] : 0 3 2 6 7 10 1 6 7 4 4 8 6 6 4 4 9 7 3 3 5 3
M[514] : 7 4 6 9 7 4 0 4 2 5 5 5 7 2 5 5 3 3 2 5 7 7
M[515] : 3 4 1 4 5 3 4 3 6 2 5 3 0 9 9 7 4 5 6 4 2 2
M[516] : 3 7 4 6 6 5 7 3 6 0 4 3 2 4 3 2 4 5 6 6 3 1
M[517] : 5 4 6 2 0 2 6 5 7 5 6 6 5 6 5 6 3 5 6 3 7 5
M[518] : 0 6 6 7 8 4 7 7 6 0 4 5 6 5 5 4 4 3 8 4 4 6
M[519] : 0 6 3 5 7 4 6 9 7 3 2 6 1 0 1 1 5 8 8 4 7 2
M[520] : 8 6 3 2 7 9 3 6 5 3 5 7 0 2 3 7 5 1 4 3 5 8
M[521] : 2 7 8 4 3 4 4 0 6 5 4 6 1 7 1 3 4 7 1 1 5 5
M[522] : 9 4 3 6 4 6 4 5 4 4 4 8 5 6 3 7 7 6 6 4 0 2
M[523] : 2 4 2 0 3 5 6 5 6 1 5 2 4 8 4 1 5 5 2 3 6 6
M[524] : 5 2 4 5 4 4 4 2 5 5 5 6 5 0 1 7 6 2 3 4 7 7
M[525] : 5 2 0 7 6 5 3 4 6 5 4 3 6 5 5 2 6 3 1 11 4 7
M[526] : 7 6 8 5 5 10 3 2 7 7 6 5 4 6 5 7 5 3 0 2 4 7
M[527] : 3 1 6 3 5 4 3 5 3 0 3 7 1 15 1 3 5 5 5 5 8 5
M[528] : 7 2 8 0 6 5 3 4 5 4 7 2 3 3 5 1 4 6 7 4 5 7
M[529] : 5 3 7 2 5 4 5 7 4 4 4 2 3 3 4 0 0 7 7 4 7 4
M[530] : 7 0 4 5 4 5 3 6 4 6 6 7 7 6 5 2 4 10 4 7 5 1
M[531] : 3 4 6 4 8 4 5 3 6 3 5 3 3 3 6 5 7 3 4 7 0 6
M[532] : 9 5 0 4 7 5 7 6 6 3 4 3 9 3 3 6 3 2 6 8 5 4
M[533] : 3 4 6 3 0 4 6 4 4 5 5 4 8 4 3 4 6 3 3 1 3 0
M[534] : 0 6 6 4 4 5 2 5 5 3 7 5 5 5 5 1 5 2 4 2 5 5
M[535] : 4 2 7 10 4 4 7 1 6 4 4 3 0 4 5 5 9 4 3 7 4 6
M[536] : 7 2 6 5 2 2 6 5 3 2 8 4 3 7 4 3 6 0 4 2 8 8
M[537] : 5 5 0 5 0 3 7 5 5 4 6 6 3 8 7 4 6 10 5 4 4 6
M[538] : 5 6 9 7 4 8 0 2 8 3 6 6 1 4 5 4 8 5 5 2 6 2
M[539] : 8 11 3 6 3 9 3 4 8 3 6 6 4 4 6 4 6 0 4 4 7 2
M[540] : 5 4 5 6 0 2 4 4 9 7 3 4 7 5 6 1 5 6 5 4 4 3
M[541] : 5 5 4 3 4 5 6 8 4 4 1 4 4 4 11 0 9 0 4 7 8 3
M[542] : 0 9 1 6 5 4 4 8 3 6 5 9 5 3 3 8 5 2 2 4 5 7
M[543] : 4 5 4 5 5 3 2 7 5 4 7 6 3 5 3 0 4 1 1 9 3 6
M[544] : 3 8 6 2 1 4 1 0 6 0 5 2 0 9 6 2 5 4 11 7 6 5
M[545] : 2 2 3 4 5 10 5 5 6 5 8 5 4 5 0 3 6 7 5 1 3 5
M[546] : 8 4 2 9 1 4 6 3 0 6 5 3 2 3 3 5 4 6 5 10 10 4
M[547] : 7 4 7 5 2 4 6 6 6 0 5 8 5 4 1 4 4 6 4 7 6 6
M[548] : 4 5 6 5 0 4 9 6 2 2 2 3 4 3 5 8 3 3 5 7 6 3
M[549] : 3 0 6 2 3 6 4 8 7 10 8 0 3 6 6 2 4 6 4 6 7 5
M[550] : 4 0 4 5 7 4 7 3 6 2 7 3 4 7 6 2 3 6 3 6 4 1
M[551] : 3 3 6 0 6 4 8 2 6 5 3 6 4 3 8 4 8 2 6 7 8 4
M[552] : 6 5 4 5 4 5 7 0 2 6 3 7 4 5 3 7 4 2 6 3 6 5
M[553] : 4 4 2 7 4 5 4 4 5 6 7 3 5 2 7 3 8 3 7 7 2 0
M[554] : 0 3 4 0 3 6 10 4 7 7 3 5 3 4 2 4 7 7 5 6 3 5
M[555] : 7 1 4 8 6 6 0 2 3 5 3 0 2 5 1 8 2 7 7 3 6 7
M[556] : 5 5 4 5 8 5 3 5 3 2 6 4 8 3 4 2 0 2 4 6 7 4
M[557] : 4 5 6 4 3 8 3 4 4 2 6 0 3 4 5 4 4 6 2 3 4 5
M[558] : 6 5 4 5 3 0 11 5 1 5 8 3 4 6 3 5 2 4 6 4 7 6
M[559] : 7 1 4 5 5 6 4 4 9 4 5 7 0 5 9 5 4 8 5 6 5 5
M[560] : 2 4 3 3 3 7 6 4 2 4 6 4 2 0 3 10 3 2 3 9 4 3
M[561] : 5 5 5 5 6 5 7 4 9 7 9 0 3 5 13 5 3 2 4 2 3 8
M[562] : 9 4 4 2 3 8 3 2 7 4 2 3 4 2 6 4 6 6 0 4 4 4
M[563] : 5 6 5 6 5 0 3 3 5 5 5 4 6 7 4 3 3 4 2 6 2 4
M[564] : 1 6 6 8 8 7 7 8 2 7 6 3 5 2 7 6 0 7 6 5 4 5
M[565] : 7 2 5 3 2 6 8 7 3 6 6 3 5 3 4 6 0 4 6 4 6 4
M[566] : 5 3 3 3 5 3 10 4 5 4 3 7 8 5 0 4 4 4 2 4 8 1
M[567] : 5 6 6 4 4 2 4 3 5 7 2 0 4 4 4 3 6 3 2 5 5 5
M[568] : 5 4 7 2 1 6 4 1 0 4 4 10 9 4 3 5 5 4 2 4 2 2
M[569] : 5 5 5 1 6 6 5 9 4 0 7 5 5 6 3 5 3 6 6 7 9 2
M[570] : 6 0 6 1 3 2 3 6 5 2 5 6 4 4 2 5 4 7 3 4 4 4
M[571] : 0 6 1 3 3 6 2 4 7 8 9 3 7 5 7 6 10 7 6 4 1 5
M[572] : 4 2 4 8 8 3 6 6 5 2 8 5 3 2 5 4 2 4 0 6 7 7
M[573] : 4 3 3 0 5 1 3 4 4 5 1 4 6 4 7 2 2 5 2 10 4 4
M[574] : 7 3 4 3 4 2 6 0 3 7 9 3 7 4 3 6 6 5 4 2 3 5
M[575] : 5 5 5 4 3 6 5 7 5 6 2 6 3 7 5 9 0 9 8 5 0 6
M[576] : 6 2 5 3 5 4 4 6 10 6 10 4 3 6 4 4 1 2 7 3 0 2
M[577] : 4 5 4 2 3 4 4 4 2 8 4 0 6 3 6 6 3 8 6 4 8 6
M[578] : 8 4 4 6 10 8 4 2 4 4 6 7 4 3 4 4 4 9 2 0 6 4
M[579] : 7 5 0 4 7 5 6 2 2 8 3 5 7 3 7 2 3 5 3 6 4 4
M[580] : 6 7 7 8 5 6 4 2 5 7 4 4 4 0 4 6 6 1 7 3 5 9
M[581] : 2 5 7 6 2 4 10 6 6 3 4 5 3 8 5 5 7 7 0 3 5 7
M[582] : 5 1 5 6 8 8 3 7 2 9 5 6 7 0 4 3 5 4 5 4 2 5
M[583] : 3 0 5 6 6 2 3 4 2 2 2 2 4 5 2 6 7 8 5 6 2 3
M[584] : 4 4 5 5 0 8 8 9 7 4 2 5 7 2 6 4 4 6 4 8 3 6
M[585] : 3 4 6 4 5 5 4 6 4 10 7 6 6 3 4 6 7 0 4 3 2 5
M[586] : 4 2 4 6 5 5 7 2 4 5 4 6 5 4 6 2 7 6 1 8 7 0
M[587] : 5 4 4 4 4 3 4 0 3 6 5 8 6 8 7 6 3 1 4 2 5 7
M[588] : 6 2 7 3 8 4 7 2 3 5 4 0 8 5 4 6 2 3 7 2 2 5
M[589] : 5 3 3 5 4 3 5 4 3 4 6 0 3 7 2 3 1 6 2 3 5 3
M[590] : 6 2 0 5 3 2 1 2 6 5 3 6 7 4 5 4 4 4 6 3 1 4
M[591] : 8 3 3 4 11 4 4 6 8 4 0 4 2 4 3 4 7 5 2 4 4 4
M[592] : 7 9 2 4 1 5 7 3 2 2 6 5 6 2 6 4 6 0 4 4 5 3
M[593] : 4 3 2 4 4 1 8 5 5 0 2 5 4 4 5 6 8 4 4 2 4 4
M[594] : 5 4 9 6 5 3 2 5 5 5 3 2 5 0 3 3 4 5 3 1 5 6
M[595] : 5 5 3 5 5 3 9 1 2 1 8 5 5 6 0 5 2 4 5 3 2 4
M[596] : 4 6 3 6 0 4 4 6 2 7 6 7 7 7 2 6 4 2 9 5 2 5
M[597] : 0 3 10 7 6 4 4 4 9 5 3 7 7 6 3 3 3 7 3 3 6 2
M[598] : 2 6 4 2 8 5 7 3 2 3 2 7 7 7 7 6 9 5 6 5 3 0
M[599] : 2 5 4 6 3 8 4 2 0 7 5 6 3 1 4 5 5 1 3 8 5 8
M[600] : 5 4 4 1 4 5 4 3 6 7 9 2 3 4 0 5 2 3 5 5 7 4
M[601] : 10 5 5 2 1 2 5 7 2 6 6 7 3 4 7 7 6 3 0 7 2 7
M[602] : 8 5 5 3 8 4 2 5 1 2 3 0 4 4 4 4 8 3 0 3 2 4
M[603] : 7 5 8 3 6 3 2 4 2 0 6 6 5 5 4 0 4 5 5 4 4 3
M[604] : 7 4 4 4 8 6 7 4 5 4 8 8 5 5 0 6 6 5 7 4 4 4
M[605] : 2 2 5 4 2 0 7 3 6 3 4 3 5 5 5 2 4 6 9 4 4 2
M[606] : 2 4 8 1 0 6 8 8 3 3 3 7 5 2 3 6 5 2 0 1 3 3
M[607] : 2 5 3 4 0 2 1 4 3 5 3 6 7 6 5 1 4 4 7 1 5 2
M[608] : 10 5 5 2 0 6 7 7 1 1 3 3 5 5 5 5 7 5 6 0 4 2
M[609] : 6 5 5 4 3 6 5 4 3 3 4 3 5 3 3 1 1 5 3 0 3 3
M[610] : 4 5 4 4 0 3 5 6 5 3 5 5 6 3 2 5 3 1 5 6 6 6
M[611] : 6 7 7 6 3 6 5 1 7 1 6 0 8 7 7 7 6 8 3 3 9 6
M[612] : 3 5 5 6 4 4 4 5 5 5 5 2 0 5 4 3 6 5 5 3 8 0
M[613] : 7 5 4 4 5 5 6 7 7 4 0 6 5 4 7 2 5 6 7 4 4 5
M[614] : 4 3 3 5 3 5 6 1 6 4 5 3 2 6 2 5 0 2 6 6 1 7
M[615] : 5 0 2 5 4 4 3 3 4 4 0 6 3 9 8 6 4 3 1 5 6 3
M[616] : 4 5 3 6 2 5 3 6 4 5 7 3 5 4 8 0 0 7 5 2 6 4
M[617] : 3 4 5 3 2 0 7 5 2 3 5 4 7 7 7 5 7 8 7 9 4 3
M[618] : 3 6 6 7 4 4 3 5 6 4 5 4 5 5 3 4 7 5 5 0 8 8
M[619] : 8 5 5 8 3 4 7 6 3 4 2 2 0 2 7 1 3 6 4 3 7 10
M[620] : 3 8 5 7 5 4 1 3 4 0 5 4 4 5 3 8 6 4 3 2 5 2
M[621] : 9 3 5 3 5 2 4 3 0 7 3 8 3 4 3 4 2 7 6 7 3 6
M[622] : 4 4 3 1 3 7 4 4 8 4 7 7 1 5 5 4 0 6 4 10 6 6
M[623] : 2 4 0 6 2 6 10 7 5 5 5 5 7 8 3 1 4 4 8 5 5 4
M[624] : 3 5 3 6 4 7 3 1 2 0 5 6 3 6 6 9 0 7 6 2 7 7
M[625] : 7 1 5 5 6 6 7 3 6 7 8 6 7 4 12 4 5 3 5 7 3 0
M[626] : 6 8 0 8 4 8 6 5 5 5 7 4 5 6 4 9 4 4 4 3 5 6
M[627] : 4 6 2 3 5 5 7 0 9 5 7 4 6 5 4 1 8 7 5 3 4 4
M[628] : 5 5 3 7 5 5 6 6 2 5 8 7 4 0 4 6 9 3 2 5 2 7
M[629] : 5 5 5 5 5 7 2 8 2 7 0 11 4 4 4 2 8 7 9 4 9 2
M[630] : 5 4 2 6 6 5 3 6 3 10 4 7 3 4 2 0 5 6 1 7 6 4
M[631] : 3 3 6 5 5 5 7 7 9 8 5 0 6 6 7 2 7 2 5 4 7 4
M[632] : 2 0 3 4 2 4 4 4 4 5 7 4 4 5 5 3 0 4 6 6 2 5
M[633] : 8 5 2 3 3 5 9 0 5 6 8 4 9 4 4 10 3 1 4 7 1 4
M[634] : 4 2 4 6 0 2 7 3 6 3 3 4 5 6 4 3 3 3 4 8 3 4
M[635] : 3 0 1 1 5 3 4 6 5 3 5 3 4 7 5 4 6 5 2 3 7 5
M[636] : 4 3 3 4 6 3 7 7 5 3 0 5 4 3 7 6 7 7 4 7 7 3
M[637] : 11 6 9 7 5 0 2 6 7 3 7 7 3 1 5 4 4 8 4 4 9 12
M[638] : 3 5 3 3 0 11 8 6 4 2 4 7 2 4 7 8 5 4 0 4 3 3
M[639] : 8 8 8 3 5 5 4 5 2 4 4 5 0 3 7 6 8 0 3 3 6 8
M[640] : 2 4 5 5 4 3 8 12 5 7 6 3 3 2 6 0 8 4 7 6 8 4
M[641] : 2 10 4 0 4 5 5 2 4 7 6 5 1 5 4 3 4 4 7 3 6 6
M[642] : 5 1 4 4 2 0 7 8 5 6 3 2 2 6 4 6 5 6 6 7 5 2
M[643] : 5 4 4 5 0 2 4 10 5 6 2 6 7 4 7 5 8 7 6 5 2 5
M[644] : 2 5 4 0 3 8 9 7 5 2 6 4 0 5 3 5 7 2 4 3 2 4
M[645] : 5 5 5 4 2 0 6 4 6 4 4 1 8 5 4 3 6 6 5 4 7 4
M[646] : 11 2 2 9 6 7 5 3 2 3 3 4 3 5 6 2 4 2 0 3 4 9
M[647] : 6 1 3 6 3 6 3 3 5 0 5 4 5 6 5 9 8 6 2 4 3 4
M[648] : 5 2 6 6 5 6 7 3 7 3 7 3 2 5 6 3 0 3 9 3 5 2
M[649] : 8 4 5 4 0 4 4 3 6 4 5 6 4 4 6 4 7 6 5 7 6 3
M[650] : 3 3 10 5 3 6 6 4 3 0 2 10 3 6 8 4 4 4 9 4 5 7
M[651] : 5 2 7 5 4 6 3 2 5 7 2 4 5 6 2 5 0 4 4 5 4 9
M[652] : 2 5 3 5 4 6 3 5 3 1 0 2 3 3 6 4 4 3 6 2 1 6
M[653] : 6 4 4 7 3 9 6 5 4 9 8 4 7 3 5 4 8 4 8 4 6 0
M[654] : 5 4 6 3 2 2 6 2 4 5 5 4 8 6 0 5 6 2 5 4 2 6
M[655] : 5 6 3 4 4 7 3 4 4 3 3 5 3 7 7 4 7 3 2 10 0 6
M[656] : 9 10 5 6 3 5 2 4 6 5 3 3 1 0 2 2 2 3 3 7 3 2
M[657] : 6 7 0 7 5 7 5 8 3 5 7 2 4 8 2 1 6 7 6 7 4 5
M[658] : 4 3 5 6 1 2 8 4 4 3 6 8 5 4 0 3 4 6 5 5 3 10
M[659] : 8 2 8 8 4 4 0 5 1 2 6 6 6 2 5 5 6 5 5 5 2 4
M[660] : 7 6 8 7 6 0 2 4 6 4 2 5 6 3 6 9 4 6 2 5 6 7
M[661] : 5 4 6 6 3 5 6 3 6 5 8 4 0 5 3 7 5 3 3 8 3 5
M[662] : 5 3 7 5 6 8 7 5 6 2 4 9 5 2 0 2 5 7 3 5 6 3
M[663] : 10 6 9 3 3 2 6 6 4 4 4 10 1 3 3 6 6 3 3 0 8 7
M[664] : 4 5 7 5 3 5 5 4 3 8 3 4 7 3 8 5 3 6 1 5 4 0
M[665] : 4 7 6 3 7 7 5 4 5 4 7 5 0 2 6 3 4 9 3 5 4 3
M[666] : 2 5 2 3 3 7 7 8 4 9 0 4 5 2 6 5 2 8 4 8 3 2
M[667] : 4 1 5 2 1 6 3 7 4 4 2 2 6 8 2 6 4 4 6 0 4 5
M[668] : 3 7 4 6 4 2 9 7 3 3 3 4 5 8 4 3 7 0 1 7 6 4
M[669] : 0 4 3 5 9 4 12 3 4 4 5 5 4 3 3 7 6 2 9 5 6 4
M[670] : 3 7 6 4 4 6 5 6 5 1 1 6 4 5 4 8 4 0 4 3 4 4
M[671] : 1 3 4 7 4 3 3 3 3 4 3 5 0 5 5 6 4 5 2 9 4 5
M[672] : 2 5 8 6 4 3 4 3 3 6 4 4 6 7 1 0 8 7 7 4 6 5
M[673] : 4 5 7 6 8 5 0 7 4 7 3 8 4 4 9 4 1 6 4 2 6 3
M[674] : 3 6 1 6 3 4 3 6 6 0 8 3 6 4 5 4 5 5 3 2 4 7
M[675] : 4 7 8 7 4 5 4 6 11 6 6 7 8 4 10 3 5 0 5 5 4 7
M[676] : 4 6 5 6 2 5 7 7 0 9 5 11 3 7 3 5 5 4 2 3 7 3
M[677] : 3 6 6 0 4 4 3 6 4 4 4 7 6 5 4 4 6 6 6 2 1 3
M[678] : 7 3 5 5 6 5 7 2 6 5 1 2 8 2 0 3 1 9 8 2 1 6
M[679] : 5 6 4 3 7 3 2 3 1 5 9 7 2 3 5 6 7 7 0 6 3 6
M[680] : 6 4 6 2 5 4 6 3 3 5 3 7 6 9 9 7 4 0 4 8 4 3
M[681] : 4 3 11 8 1 7 3 6 6 6 1 7 6 9 0 4 1 6 6 4 3 9
M[682] : 3 5 8 9 0 2 5 6 5 6 8 3 4 2 3 5 2 4 6 5 5 6
M[683] : 5 4 2 3 3 2 0 5 5 7 2 10 0 7 5 8 4 8 3 4 3 5
M[684] : 5 3 5 4 4 4 3 9 7 4 2 4 6 6 5 5 3 6 4 9 3 0
M[685] : 4 4 6 3 4 3 4 3 6 6 3 8 4 5 4 4 3 5 5 0 8 5
M[686] : 3 6 5 2 6 6 10 7 6 5 7 5 2 3 11 9 8 9 0 1 4 7
M[687] : 2 3 6 5 7 6 5 1 5 2 4 2 5 6 4 3 4 3 4 0 2 8
M[688] : 4 3 6 8 7 0 7 4 1 2 1 4 6 7 4 4 3 10 8 1 6 7
M[689] : 5 6 3 6 3 1 2 4 4 0 6 2 8 4 3 7 5 8 3 2 2 3
M[690] : 7 3 3 2 5 1 5 9 9 5 2 4 4 5 2 9 4 5 5 3 0 4
M[691] : 4 6 2 4 3 10 3 3 4 4 5 2 5 1 4 4 8 5 7 3 4 0
M[692] : 4 3 9 2 5 5 7 0 5 5 6 0 4 8 4 4 6 7 8 6 4 6
M[693] : 5 8 5 5 3 5 5 4 7 5 0 4 3 2 6 6 6 4 4 2 3 3
M[694] : 4 3 5 4 4 9 4 0 2 2 3 4 0 3 6 3 3 7 6 7 3 8
M[695] : 4 3 4 1 4 8 3 6 4 2 5 5 3 4 3 5 5 5 2 5 7 0
M[696] : 5 5 0 5 7 5 5 7 7 3 1 2 4 4 8 13 7 5 4 4 3 6
M[697] : 1 8 1 2 3 7 3 8 6 5 0 4 6 1 1 4 6 5 5 2 7 4
M[698] : 3 4 7 7 6 4 3 1 6 6 6 7 4 9 6 4 8 5 5 0 2 4
M[699] : 1 6 5 2 0 6 7 4 9 2 5 1 6 3 4 11 5 3 5 4 3 7
M[700] : 1 7 4 4 4 3 3 7 5 4 4 4 4 0 5 5 5 4 4 5 3 4
M[701] : 3 3 5 4 8 5 5 4 6 6 1 7 7 0 6 7 6 3 2 7 7 3
M[702] : 2 9 4 7 5 4 2 7 0 4 2 7 6 7 9 4 5 4 3 6 7 4
M[703] : 6 5 2 8 3 1 6 3 10 5 4 3 4 3 4 0 5 5 6 9 4 7
M[704] : 6 6 3 5 7 5 6 5 3 1 4 11 5 1 5 4 2 0 8 8 6 6
M[705] : 5 6 6 2 2 4 4 4 3 4 4 8 0 1 2 2 5 5 6 3 6 8
M[706] : 5 0 2 4 5 2 5 5 4 3 8 5 5 8 4 5 10 7 4 3 8 3
M[707] : 5 7 4 0 8 4 3 6 2 7 7 4 4 5 4 4 6 4 5 8 3 3
M[708] : 6 3 6 1 9 6 3 0 4 4 7 5 1 5 5 6 5 6 4 6 3 7
M[709] : 3 6 0 6 6 3 6 3 6 2 7 10 1 7 8 5 4 3 6 5 4 7
M[710] : 4 5 2 8 3 6 6 0 5 4 7 6 4 4 3 5 3 5 6 5 5 5
M[711] : 5 0 3 3 6 5 5 12 6 6 5 4 3 5 11 6 2 8 5 4 3 6
M[712] : 4 0 4 6 4 5 8 5 8 5 7 3 4 5 4 4 6 5 3 3 5 2
M[713] : 5 6 8 5 4 0 7 5 5 5 4 4 4 5 8 3 5 7 4 5 2 7
M[714] : 6 2 4 5 1 6 6 6 8 2 6 5 3 3 6 0 3 3 3 10 2 3
M[715] : 9 6 3 3 5 0 6 7 2 4 3 5 5 6 4 3 5 5 4 6 6 6
M[716] : 3 7 3 5 3 0 5 2 5 2 4 7 9 6 6 6 6 6 9 3 2 2
M[717] : 4 7 6 5 5 6 3 4 2 4 4 8 7 0 4 8 4 5 7 2 7 4
M[718] : 7 0 5 6 1 8 4 3 5 5 5 10 5 9 4 6 7 2 4 5 5 4
M[719] : 8 7 7 6 5 6 6 2 2 4 1 0 2 6 1 1 2 4 5 4 5 2
M[720] : 5 5 5 7 3 11 2 5 7 7 3 7 3 0 3 6 5 3 8 5 6 4
M[721] : 7 2 6 7 6 5 6 9 0 6 8 5 4 4 2 3 2 6 8 5 6 7
M[722] : 7 3 3 4 0 3 3 5 4 7 6 8 4 5 3 3 4 4 4 2 1 3
M[723] : 6 6 4 7 5 4 3 5 5 4 3 3 3 2 0 5 4 3 5 4 3 5
M[724] : 6 6 1 5 0 4 4 8 3 2 7 5 3 3 2 6 7 3 7 6 6 2
M[725] : 9 4 2 4 6 4 6 4 4 10 4 3 6 4 4 4 0 6 4 6 5 3
M[726] : 1 5 6 2 5 0 7 4 3 6 6 2 3 4 4 1 1 5 5 2 5 4
M[727] : 8 4 6 0 6 2 8 2 4 3 1 4 6 6 5 6 4 6 4 5 6 4
M[728] : 6 5 5 6 2 1 1 4 7 6 5 5 3 0 4 6 4 3 2 5 5 7
M[729] : 7 5 7 0 7 8 11 6 7 5 6 4 5 7 0 4 2 6 3 4 4 4
M[730] : 2 6 0 10 7 2 8 3 7 4 6 6 9 7 4 5 4 5 4 5 7 2
M[731] : 4 6 4 5 6 7 5 3 5 5 7 5 7 4 3 4 3 0 1 0 3 3
M[732] : 2 5 7 4 5 4 3 1 6 6 4 0 5 6 2 7 8 8 5 6 6 3
M[733] : 3 4 0 6 6 6 2 5 2 7 5 2 9 6 4 6 8 5 0 4 4 4
M[734] : 10 2 3 7 4 4 1 5 3 7 0 4 1 2 5 3 3 5 7 4 1 3
M[735] : 3 6 5 2 6 4 1 9 2 1 6 8 2 4 7 5 4 5 4 3 8 0
M[736] : 5 8 5 8 5 8 4 7 4 2 4 6 6 3 7 4 5 6 6 4 0 3
M[737] : 6 4 8 5 2 2 0 6 4 4 5 4 2 7 3 3 6 6 3 6 1 7
M[738] : 7 1 7 6 7 2 5 5 6 8 0 7 5 3 7 8 4 5 8 5 4 2
M[739] : 0 7 6 5 6 6 4 5 4 2 8 4 4 2 4 2 2 4 6 0 5 2
M[740] : 7 1 1 2 4 9 8 8 5 4 3 9 8 13 6 0 6 5 7 7 9 4
M[741] : 6 5 8 3 4 0 3 9 5 4 3 7 10 2 7 5 6 2 6 5 5 7
M[742] : 3 2 1 2 5 3 4 4 5 2 2 5 3 3 7 3 3 5 7 10 0 4
M[743] : 3 7 6 5 3 3 3 7 4 5 4 5 3 2 2 7 3 6 5 4 0 3
M[744] : 3 3 5 3 2 5 8 0 2 6 8 3 7 2 5 6 2 4 4 7 5 4
M[745] : 9 4 5 3 8 3 3 7 3 5 5 9 3 4 2 8 4 4 9 7 5 0
M[746] : 4 2 3 8 1 2 0 5 5 5 3 6 6 8 3 3 2 6 5 4 6 7
M[747] : 5 6 9 3 5 9 5 2 3 8 5 7 5 0 2 6 4 3 1 7 8 4
M[748] : 2 5 3 2 5 8 7 6 3 3 2 4 7 4 1 4 4 0 3 5 6 5
M[749] : 8 8 5 6 3 5 5 5 6 5 5 8 2 0 4 9 5 4 4 7 6 6
M[750] : 4 6 5 3 5 4 3 6 4 7 3 4 6 0 3 7 1 2 4 5 9 6
M[751] : 6 3 2 10 6 0 6 5 4 7 3 9 4 3 3 5 6 6 6 4 4 4
M[752] : 1 4 4 5 8 9 5 5 10 11 6 5 5 5 5 7 5 3 1 2 0 6
M[753] : 10 6 6 4 4 3 1 2 6 4 12 0 3 6 4 3 3 7 4 5 4 4
M[754] : 5 7 0 3 4 8 4 4 7 6 3 7 3 6 4 3 1 5 6 6 5 5
M[755] : 12 4 6 3 5 3 5 4 4 7 1 7 7 3 4 3 3 0 2 8 4 6
M[756] : 5 9 3 4 6 6 5 4 3 2 4 4 3 2 6 0 3 5 4 3 6 4
M[757] : 7 4 7 10 7 6 6 5 3 8 5 4 5 8 4 3 11 2 2 3 0 4
M[758] : 2 4 3 5 3 5 8 4 5 4 3 2 6 4 0 3 5 3 3 2 1 3
M[759] : 7 2 1 5 2 11 5 4 4 4 6 7 6 4 6 3 3 7 0 2 6 5
M[760] : 6 4 4 8 6 5 3 9 7 5 5 3 9 5 5 1 6 4 4 6 0 6
M[761] : 3 7 6 3 5 10 8 4 2 7 10 4 3 5 2 7 4 0 9 6 5 6
M[762] : 1 5 4 3 8 8 2 3 5 5 8 0 4 7 5 4 7 5 5 6 8 9
M[763] : 4 8 3 6 0 6 8 3 8 4 5 6 10 4 4 9 3 4 1 3 4 6
M[764] : 5 5 4 9 3 2 6 3 5 0 4 5 5 6 10 4 6 3 4 6 5 8
M[765] : 6 3 2 7 4 10 8 6 3 4 9 5 6 4 2 8 5 2 3 0 3 1
M[766] : 4 8 2 7 7 5 4 4 0 4 2 6 7 1 4 7 7 3 3 2 5 4
M[767] : 2 5 8 2 2 3 5 7 6 6 2 2 5 2 2 0 2 2 5 5 4 3
M[768] : 2 4 4 10 5 3 5 6 4 2 9 0 2 0 1 2 2 3 4 5 4 7
M[769] : 6 7 8 8 3 5 3 3 0 3 2 4 4 7 8 5 4 4 6 5 4 8
M[770] : 4 3 9 6 5 6 9 4 4 5 4 6 7 0 3 9 6 4 5 2 5 2
M[771] : 3 4 5 7 4 3 8 7 4 3 4 5 0 1 11 4 6 5 1 3 5 2
M[772] : 3 3 5 11 2 0 2 3 3 4 0 5 11 5 4 1 4 7 8 6 4 2
M[773] : 6 4 0 3 7 4 4 5 4 8 6 6 5 11 8 4 6 4 6 5 3 4
M[774] : 6 2 6 4 3 4 3 6 3 5 5 8 3 2 2 4 0 4 6 9 4 8
M[775] : 5 2 5 4 4 4 6 3 3 2 4 3 8 4 5 2 8 2 3 10 4 0
M[776] : 7 4 6 8 4 8 3 3 10 9 3 5 4 4 5 6 6 2 0 5 4 3
M[777] : 7 4 6 6 4 5 4 2 4 6 4 5 5 8 4 0 4 3 10 5 6 9
M[778] : 6 4 3 5 3 3 5 4 6 5 6 4 6 6 6 5 5 7 1 0 4 9
M[779] : 6 4 0 4 5 8 5 5 6 4 5 6 3 1 5 3 6 9 4 2 3 1
M[780] : 4 3 2 6 6 4 4 7 0 4 3 2 5 6 4 6 2 5 4 5 4 5
M[781] : 2 5 9 7 0 3 4 11 1 4 2 7 1 4 6 6 4 4 3 2 4 2
M[782] : 4 4 7 4 5 6 4 4 6 5 2 0 5 6 6 5 4 4 3 5 0 6
M[783] : 6 5 3 6 7 3 6 3 6 3 8 5 4 5 5 9 7 4 1 0 3 8
M[784] : 2 2 3 3 10 8 7 0 4 6 8 6 5 4 2 4 7 5 10 6 3 2
M[785] : 5 4 4 4 3 5 12 5 6 5 3 7 4 4 5 4 3 6 4 0 6 3
M[786] : 4 6 7 4 4 3 9 5 3 3 6 5 6 5 4 0 3 2 11 5 7 5
M[787] : 5 4 3 6 3 1 4 5 4 4 7 3 2 5 8 8 0 5 6 3 3 9
M[788] : 3 3 0 5 5 6 3 3 3 5 2 5 5 2 8 4 5 3 4 5 7 1
M[789] : 6 1 3 6 9 5 2 4 4 5 0 5 2 6 5 4 6 5 3 7 2 4
M[790] : 4 6 7 0 2 4 3 8 0 6 5 7 5 3 6 5 4 3 5 2 6 8
M[791] : 6 0 8 2 4 5 5 5 5 2 4 2 9 7 5 2 3 9 4 7 5 5
M[792] : 4 4 5 1 2 4 5 11 3 5 5 5 9 6 2 3 3 6 0 6 4 1
M[793] : 7 6 3 2 6 6 3 4 5 3 5 3 7 3 0 6 4 4 6 2 4 7
M[794] : 5 5 4 8 3 4 4 2 7 4 8 3 4 3 2 7 6 5 7 6 0 7
M[795] : 3 2 0 5 6 4 6 2 7 2 8 5 6 3 4 6 1 6 5 5 7 5
M[796] : 5 2 4 6 5 3 4 2 3 6 5 6 4 0 5 4 1 9 10 6 10 2
M[797] : 4 0 4 4 3 3 4 2 7 1 6 1 6 3 8 4 3 5 5 2 7 6
M[798] : 4 8 3 3 6 4 7 6 6 5 0 4 0 5 3 5 3 4 7 5 4 5
M[799] : 5 2 0 3 7 7 5 5 4 5 4 5 4 4 4 4 1 2 9 3 2 2
M[800] : 4 6 14 5 3 1 4 5 3 5 9 5 2 9 7 0 6 5 6 4 7 1
M[801] : 4 11 4 7 0 6 5 4 7 2 6 3 6 3 5 4 5 9 3 2 3 7
M[802] : 4 3 4 6 3 5 4 3 5 5 5 5 6 7 7 2 5 1 5 4 1 0
M[803] : 7 4 6 5 4 2 2 0 9 3 4 6 3 6 4 4 8 5 5 5 4 6
M[804] : 1 3 4 6 5 4 3 5 1 2 2 3 7 4 5 3 5 9 3 0 3 1
M[805] : 2 8 5 2 7 3 6 4 3 4 9 6 5 5 5 0 8 4 8 6 3 3
M[806] : 0 7 6 4 6 7 8 5 5 4 9 0 5 9 3 8 4 3 10 4 4 2
M[807] : 6 6 3 3 4 4 6 4 8 7 6 5 5 10 5 4 4 0 7 4 5 8
M[808] : 5 2 2 0 7 3 7 6 6 3 2 2 6 7 2 5 3 6 9 5 4 8
M[809] : 4 5 4 5 4 6 8 5 6 5 5 5 7 8 3 7 4 7 5 6 7 0
M[810] : 4 5 3 6 4 7 4 6 4 7 4 2 5 7 5 7 2 5 4 2 5 0
M[811] : 7 7 9 0 3 2 8 6 7 2 2 3 5 3 7 4 7 4 7 2 4 6
M[812] : 6 6 2 0 3 10 5 3 4 8 6 7 6 9 8 4 7 6 4 6 9 5
M[813] : 7 0 5 6 1 7 4 9 4 4 8 1 6 4 3 8 2 2 7 5 4 4
M[814] : 2 2 0 2 5 3 3 5 2 7 3 6 3 2 3 8 6 5 5 7 6 3
M[815] : 5 4 7 1 6 0 4 3 2 4 7 4 6 5 3 4 6 5 8 3 2 6
M[816] : 8 7 5 7 9 8 4 7 3 2 3 5 2 6 8 7 7 2 0 4 6 4
M[817] : 7 0 7 9 2 4 7 7 3 3 4 3 5 5 4 5 5 8 2 5 6 6
M[818] : 8 8 4 6 6 3 3 4 0 10 2 7 7 4 5 4 3 5 9 7 8 5
M[819] : 4 3 4 3 3 6 2 7 4 3 6 10 3 8 4 2 0 5 5 4 3 6
M[820] : 3 7 4 0 1 9 6 4 6 4 6 5 2 7 4 2 6 4 4 4 4 3
M[821] : 6 4 0 7 3 5 6 7 6 3 4 7 4 4 4 5 4 6 4 7 7 4
M[822] : 4 4 4 5 4 7 5 5 1 10 4 4 2 4 2 3 0 5 5 5 6 7
M[823] : 3 4 0 3 5 3 6 5 9 5 3 5 8 7 2 6 5 4 4 5 7 5
M[824] : 2 3 0 5 6 4 4 6 3 4 8 6 5 3 6 2 0 6 8 5 10 4
M[825] : 2 9 3 2 4 6 4 6 4 3 3 5 3 4 4 7 3 3 4 7 3 0
M[826] : 8 6 3 6 2 3 5 5 5 2 6 0 4 6 2 3 3 9 8 3 0 2
M[827] : 3 2 2 7 4 7 0 7 4 3 4 6 9 8 5 4 7 7 6 6 2 8
M[828] : 3 5 4 6 8 2 4 2 2 3 6 6 1 5 6 3 6 7 3 0 5 6
M[829] : 4 1 3 3 2 3 6 5 6 7 9 4 7 3 4 6 3 4 3 0 8 5
M[830] : 11 4 3 5 0 6 4 0 5 1 6 2 7 1 5 5 3 2 3 3 6 6
M[831] : 3 4 10 1 3 2 3 7 3 6 4 7 8 1 6 2 7 6 6 2 2 0
M[832] : 1 2 5 0 3 7 3 6 3 1 9 3 4 8 0 5 6 8 6 4 4 5
M[833] : 6 6 10 7 3 0 4 7 3 2 3 6 7 5 4 4 5 5 5 5 5 1
M[834] : 4 5 4 5 7 9 2 7 7 3 1 0 3 2 2 3 5 7 7 2 4 6
M[835] : 6 8 0 1 5 7 3 3 6 4 0 3 4 3 12 4 5 3 3 4 4 4
M[836] : 4 10 4 9 6 3 4 2 0 9 4 4 7 3 5 1 4 6 3 4 2 5
M[837] : 3 2 7 3 4 8 4 4 0 6 6 4 8 7 4 5 5 3 3 3 6 5
M[838] : 5 11 3 3 4 5 6 1 6 6 6 3 4 6 1 5 5 0 1 6 1 3
M[839] : 8 2 7 3 7 2 7 1 6 7 5 4 4 4 5 0 1 7 6 8 7 4
M[840] : 7 0 6 5 7 3 3 3 3 7 4 2 10 1 3 4 3 5 3 3 5 3
M[841] : 2 0 6 5 5 2 7 5 3 4 7 4 6 3 4 4 3 5 6 4 5 3
M[842] : 7 7 0 1 4 4 6 3 4 0 6 8 4 3 3 2 5 4 5 5 7 4
M[843] : 2 7 4 4 8 8 5 10 6 3 3 2 0 2 6 3 4 5 5 3 3 5
M[844] : 6 4 3 3 7 11 6 7 2 5 3 2 5 4 0 5 5 4 5 4 4 2
M[845] : 4 6 4 2 5 2 4 7 4 5 3 4 6 4 7 3 3 6 2 7 1 0
M[846] : 6 2 3 5 5 5 4 5 4 0 4 4 8 2 4 2 3 6 3 4 5 5
M[847] : 4 4 8 4 4 1 4 4 4 5 4 5 10 4 2 3 6 3 4 3 0 5
M[848] : 7 3 5 3 5 5 3 4 7 5 5 8 8 3 0 3 0 3 5 4 6 8
M[849] : 3 2 5 5 7 8 8 5 6 3 2 7 5 0 7 6 4 5 4 6 8 5
M[850] : 2 1 6 5 2 4 0 7 2 6 2 3 6 2 3 4 6 4 6 5 2 7
M[851] : 5 6 7 3 12 5 4 6 5 6 5 3 4 9 4 9 1 8 9 0 7 2
M[852] : 4 6 7 6 7 2 5 4 6 8 3 0 4 6 7 6 5 8 4 7 2 5
M[853] : 2 6 4 5 2 4 7 7 2 2 3 6 4 6 4 6 5 2 0 4 6 5
M[854] : 7 3 3 4 7 5 5 3 7 6 5 2 5 5 0 4 6 3 9 1 6 5
M[855] : 4 7 5 2 1 5 4 4 4 9 5 7 6 3 6 4 1 6 5 0 4 7
M[856] : 0 3 6 6 7 4 7 9 4 5 7 2 6 3 5 6 5 7 6 2 5 4
M[857] : 2 3 3 3 3 2 4 5 2 0 6 4 2 6 5 5 2 6 6 1 5 7
M[858] : 7 5 3 4 6 3 3 0 4 5 5 9 3 3 4 5 4 5 4 2 6 4
M[859] : 5 4 5 5 3 0 5 4 6 9 5 5 4 6 9 4 2 3 7 2 4 4
M[860] : 0 3 4 6 1 5 3 7 6 5 4 4 3 6 5 2 6 4 5 3 7 12
M[861] : 3 4 5 3 1 3 6 0 8 3 9 4 5 7 5 5 8 2 4 6 1 3
M[862] : 4 7 6 2 4 6 4 0 3 3 8 3 3 5 6 1 3 7 7 4 2 5
M[863] : 2 5 7 8 3 3 6 5 6 5 6 6 3 5 6 4 6 4 7 3 0 6
M[864] : 7 4 6 8 2 1 6 4 4 7 8 3 4 0 6 2 6 5 5 6 5 5
M[865] : 4 5 5 5 2 5 2 7 3 3 6 8 5 1 3 8 7 7 0 4 7 6
M[866] : 4 6 4 5 6 5 3 6 6 5 4 2 5 6 2 6 0 6 4 4 5 4
M[867] : 4 5 2 3 8 4 0 5 5 8 3 2 4 6 5 5 3 2 6 5 6 4
M[868] : 5 4 5 3 3 0 3 7 1 5 5 6 4 6 8 2 4 2 6 4 2 2
M[869] : 8 7 6 6 7 8 6 0 5 6 8 5 2 6 4 6 9 4 4 6 4 4
M[870] : 7 4 4 3 6 7 7 4 6 4 2 0 3 8 7 4 6 7 6 2 6 4
M[871] : 1 1 7 5 4 5 4 7 1 4 0 3 3 4 6 1 6 8 5 1 6 6
M[872] : 5 1 4 5 3 2 0 4 5 5 7 6 8 2 5 3 4 4 4 0 5 5
M[873] : 5 4 6 5 8 1 8 0 5 8 9 4 10 7 4 4 6 8 3 5 3 5
M[874] : 4 5 3 5 2 4 4 5 3 6 6 3 5 4 3 0 2 4 3 4 5 6
M[875] : 7 4 6 5 2 4 6 7 0 1 7 4 10 3 4 4 4 3 5 6 6 4
M[876] : 10 2 7 8 6 3 5 0 4 3 6 2 5 5 4 5 4 2 8 5 4 6
M[877] : 5 4 2 3 5 4 4 0 7 5 7 1 4 4 4 3 6 3 2 5 0 3
M[878] : 4 4 4 4 7 6 4 2 4 7 7 4 2 5 4 3 5 5 1 3 0 7
M[879] : 4 4 7 3 3 5 4 5 10 4 4 0 6 3 1 8 5 5 5 4 0 5
M[880] : 6 6 4 5 2 2 6 3 3 2 0 3 3 9 6 6 7 6 3 7 3 6
M[881] : 6 10 0 8 4 3 4 2 4 2 3 1 2 7 7 8 6 2 3 2 4 6
M[882] : 9 6 7 1 3 4 5 5 3 8 3 3 2 5 4 6 9 5 4 2 5 0
M[883] : 6 6 4 12 3 7 6 6 2 4 2 5 6 5 5 8 5 4 0 2 4 4
M[884] : 1 3 6 0 6 8 6 4 0 4 8 5 4 1 7 4 5 3 7 5 5 5
M[885] : 5 5 3 1 5 7 5 5 3 7 2 1 7 4 3 9 6 8 4 10 0 1
M[886] : 0 3 8 4 6 3 5 1 3 3 1 3 4 2 4 3 2 4 5 4 0 3
M[887] : 3 4 8 2 7 2 2 2 0 4 3 5 1 5 3 8 8 3 2 4 7 4
M[888] : 5 8 5 3 6 2 2 5 6 3 7 5 0 2 5 9 4 8 5 6 2 4
M[889] : 6 3 7 9 5 4 3 3 7 8 2 3 4 0 4 5 4 3 9 7 2 1
M[890] : 4 4 11 5 3 3 4 2 2 5 6 7 6 5 5 0 4 2 4 3 7 4
M[891] : 7 3 6 4 8 8 2 3 8 6 3 6 3 5 3 5 5 3 4 0 3 7
M[892] : 5 6 5 4 5 3 0 7 6 4 3 2 2 5 5 10 8 4 9 7 4 4
M[893] : 5 5 6 6 7 4 5 4 6 4 4 4 5 3 0 5 3 5 1 2 5 5
M[894] : 2 7 2 6 5 3 0 8 5 4 4 3 3 1 10 6 4 9 8 4 8 7
M[895] : 4 1 4 3 5 6 8 4 4 3 7 4 3 7 7 1 3 6 4 8 6 0
M[896] : 4 1 6 7 4 7 4 3 0 6 5 2 6 5 8 2 2 5 4 6 8 2
M[897] : 9 5 7 10 3 9 5 3 5 5 1 8 4 7 0 5 9 4 7 3 5 4
M[898] : 5 0 6 6 5 4 5 6 5 4 4 6 5 0 2 4 6 8 5 4 5 5
M[899] : 8 4 4 4 5 4 4 4 3 0 3 4 7 5 1 9 2 3 2 0 3 4
M[900] : 0 3 5 4 5 3 7 7 5 5 1 5 8 3 3 5 4 2 4 6 5 2
M[901] : 2 6 2 3 3 7 5 3 5 3 2 4 3 6 1 4 5 5 3 5 4 0
M[902] : 4 3 6 2 10 6 4 6 4 4 5 1 4 3 0 5 4 4 3 0 2 4
M[903] : 6 2 9 0 5 3 5 5 2 3 7 2 5 5 11 8 6 8 2 4 2 2
M[904] : 5 3 5 6 5 5 6 7 0 5 5 5 6 5 6 4 5 3 8 4 2 8
M[905] : 8 5 2 4 5 6 6 6 1 3 5 3 2 5 3 3 2 6 2 6 0 9
M[906] : 6 6 4 3 6 4 1 4 4 4 0 5 6 3 3 7 3 6 6 6 8 4
M[907] : 5 6 0 5 3 4 5 3 5 3 3 7 2 2 4 3 1 9 3 6 3 3
M[908] : 6 2 0 3 5 8 5 5 7 6 4 5 5 6 6 8 1 3 3 3 2 5
M[909] : 6 6 3 1 3 2 6 5 3 4 4 0 4 1 2 8 5 6 5 5 5 5
M[910] : 6 4 5 10 2 6 3 6 4 4 5 0 6 2 6 8 3 6 5 10 4 5
M[911] : 3 6 7 0 4 3 6 3 6 5 3 4 3 1 1 8 2 6 5 5 8 7
M[912] : 4 5 1 5 6 6 2 2 6 7 2 0 4 4 9 2 4 3 7 3 7 4
M[913] : 5 3 3 6 5 2 7 7 6 3 3 5 4 6 3 0 3 5 5 3 3 3
M[914] : 5 3 5 6 1 3 4 8 0 8 8 8 7 2 4 6 3 6 4 5 3 3
M[915] : 7 6 7 3 1 8 3 5 0 8 6 7 7 4 2 3 2 3 7 5 3 5
M[916] : 5 1 3 3 4 5 3 3 6 5 4 2 4 5 3 0 2 4 3 4 7 3
M[917] : 3 1 8 2 0 6 4 6 7 5 7 6 2 5 4 6 3 5 3 6 5 2
M[918] : 6 4 3 7 0 3 5 9 2 2 2 5 3 5 7 5 2 7 3 6 6 3
M[919] : 5 6 3 4 5 7 12 0 4 4 5 6 2 5 5 3 7 4 2 6 6 4
M[920] : 8 0 3 4 4 7 4 3 7 2 9 3 7 1 4 5 7 3 3 6 8 6
M[921] : 2 3 2 6 2 7 7 3 6 6 4 3 7 6 3 7 4 8 7 8 0 6
M[922] : 1 5 3 2 0 3 2 4 6 7 3 3 5 4 1 2 4 3 4 5 4 5
M[923] : 3 9 4 2 4 6 6 0 0 2 4 2 5 6 4 3 5 1 3 6 3 3
M[924] : 0 3 8 5 5 1 9 5 0 6 3 3 2 5 5 7 4 7 4 9 2 7
M[925] : 7 6 7 6 5 6 4 5 3 4 3 2 0 5 2 1 5 5 6 4 4 5
M[926] : 5 8 7 4 5 4 5 5 6 4 3 6 8 4 7 6 4 0 7 5 9 4
M[927] : 1 6 6 0 3 4 5 6 3 4 3 6 3 5 4 3 6 6 7 6 5 4
M[928] : 2 2 6 3 5 4 7 12 8 4 0 6 5 3 6 5 5 4 8 3 3 2
M[929] : 9 3 3 2 4 2 2 3 2 0 6 5 3 6 4 3 5 2 4 1 2 5
M[930] : 4 0 3 7 8 9 5 7 4 2 4 5 3 3 7 2 3 5 5 9 6 5
M[931] : 5 3 5 3 0 3 5 5 6 8 4 7 4 3 5 2 3 5 7 5 4 2
M[932] : 5 2 5 3 3 8 3 5 8 0 6 4 5 7 8 7 5 6 2 3 3 4
M[933] : 4 0 5 3 8 4 2 8 2 3 7 6 5 5 5 3 5 3 7 3 2 4
M[934] : 3 0 4 3 2 6 1 4 3 4 2 5 5 3 3 4 2 5 3 2 2 4
M[935] : 3 4 5 5 7 6 7 3 5 7 4 5 4 5 8 2 3 0 1 4 3 1
M[936] : 6 4 0 4 5 4 6 3 2 4 4 5 2 7 3 2 5 4 2 6 4 5
M[937] : 3 5 4 6 10 3 0 6 6 5 4 3 6 6 7 7 7 7 3 7 2 2
M[938] : 8 4 2 6 0 3 5 5 2 9 4 4 6 5 6 5 6 6 2 3 4 3
M[939] : 2 2 3 4 8 3 3 6 3 12 3 6 0 4 5 6 9 4 7 3 4 7
M[940] : 3 3 8 5 8 0 6 5 5 4 5 7 7 6 6 3 4 3 4 5 2 6
M[941] : 5 5 3 7 5 7 3 6 3 7 0 6 7 8 5 3 3 5 0 4 4 6
M[942] : 4 6 3 3 4 2 0 6 2 5 4 3 4 3 5 4 6 4 8 3 7 5
M[943] : 3 6 5 1 5 3 1 6 4 3 0 8 2 6 7 4 5 2 2 8 4 2
M[944] : 3 2 5 4 6 5 10 7 3 3 4 4 3 2 3 4 0 8 6 3 3 7
M[945] : 6 3 4 4 8 7 5 5 0 9 5 2 4 4 4 5 4 2 4 2 7 2
M[946] : 6 2 7 0 9 4 2 3 2 4 2 2 6 9 4 3 6 4 3 4 0 7
M[947] : 4 4 3 5 4 7 5 6 1 5 1 6 0 5 3 5 5 6 7 5 1 4
M[948] : 2 3 2 3 6 2 5 4 10 6 7 4 5 8 3 4 7 5 2 4 0 4
M[949] : 1 0 6 4 9 5 1 3 7 8 7 8 9 6 4 3 1 6 2 3 5 6
M[950] : 3 4 5 4 6 3 5 7 9 3 0 6 6 4 4 5 7 4 4 5 6 7
M[951] : 2 4 0 3 4 9 3 2 9 5 6 8 6 3 3 4 3 5 8 7 2 6
M[952] : 5 6 5 10 4 6 4 2 8 0 4 3 6 4 8 3 2 5 5 5 6 5
M[953] : 4 5 2 4 4 7 4 0 6 4 4 2 3 4 6 4 4 5 5 5 6 3
M[954] : 6 8 5 7 5 7 7 4 5 3 5 3 5 3 2 5 4 0 11 5 4 7
M[955] : 9 8 4 3 4 4 5 5 4 4 6 4 2 0 0 10 2 6 6 5 7 5
M[956] : 7 4 7 2 4 0 9 4 5 7 8 2 7 0 8 6 7 4 4 7 6 6
M[957] : 7 3 6 6 7 2 4 4 4 5 4 5 2 6 1 3 0 0 7 7 8 4
M[958] : 3 5 3 8 2 3 4 5 7 3 3 5 2 8 1 9 6 3 0 4 4 2
M[959] : 4 7 7 6 3 5 7 3 3 10 7 4 3 7 7 7 6 1 4 3 6 0
M[960] : 4 4 4 1 5 6 7 3 7 6 3 5 5 6 8 0 3 3 5 6 3 4
M[961] : 0 3 3 6 6 4 6 6 7 5 3 7 4 6 2 1 3 5 4 3 8 2
M[962] : 4 2 4 6 6 4 6 5 7 9 2 0 5 8 9 9 3 2 5 1 6 5
M[963] : 4 4 0 6 3 5 7 2 8 6 1 6 2 4 6 3 7 10 6 3 4 6
M[964] : 4 5 3 1 8 8 5 3 4 6 5 2 4 7 4 5 6 5 3 4 0 3
M[965] : 2 2 8 9 5 8 5 3 9 5 3 5 4 4 1 7 2 6 4 0 2 6
M[966] : 3 8 4 3 8 3 5 4 6 6 5 0 2 6 3 2 5 5 3 9 4 2
M[967] : 3 5 2 2 8 0 4 5 5 4 7 3 3 7 2 0 7 4 3 4 5 4
M[968] : 4 1 4 9 7 7 4 0 7 4 6 6 8 4 2 8 6 6 4 4 2 7
M[969] : 7 4 10 3 7 6 5 4 0 4 3 4 2 3 5 6 5 8 4 4 5 5
M[970] : 4 8 7 3 8 0 1 7 4 1 3 1 7 8 4 9 4 5 5 4 4 2
M[971] : 5 4 5 3 6 6 2 4 8 6 0 3 0 4 5 5 6 4 5 4 9 6
M[972] : 6 1 5 3 5 5 8 7 2 3 7 5 9 7 9 3 4 7 0 3 4 1
M[973] : 2 6 7 5 5 10 9 3 8 3 4 6 4 5 7 7 0 9 5 4 4 7
M[974] : 4 4 11 6 6 8 0 9 5 6 3 6 2 5 5 3 4 5 5 2 3 2
M[975] : 4 4 4 4 4 4 6 6 6 4 5 6 3 3 2 4 0 5 3 3 5 5
M[976] : 3 1 6 3 6 5 6 4 8 5 4 8 3 3 5 6 0 9 7 6 7 6
M[977] : 7 5 2 0 4 5 5 7 4 3 3 1 3 4 6 1 6 2 8 5 2 6
M[978] : 6 4 3 7 6 5 1 3 2 3 9 4 7 3 9 7 4 4 0 3 3 8
M[979] : 6 2 5 5 7 4 1 0 7 10 4 3 4 4 3 4 5 7 5 4 6 5
M[980] : 2 5 0 8 2 9 6 7 4 4 9 1 6 9 5 6 3 7 4 3 3 4
M[981] : 4 6 9 9 5 3 5 3 4 2 6 9 6 7 4 3 7 4 9 4 0 2
M[982] : 6 5 3 2 5 5 7 1 3 7 4 3 3 4 5 5 8 5 5 0 7 3
M[983] : 4 2 2 3 5 2 6 8 5 6 5 8 6 2 4 2 0 4 5 5 3 10
M[984] : 6 5 2 6 3 1 2 8 0 4 2 5 3 4 2 5 5 3 3 6 2 2
M[985] : 2 3 5 3 5 6 7 7 3 7 5 6 5 7 4 0 2 1 3 6 2 4
M[986] : 9 9 3 1 8 1 1 2 6 4 5 3 3 5 1 0 3 5 5 4 5 6
M[987] : 3 1 4 2 3 5 7 4 4 5 2 4 2 0 3 5 4 2 2 6 5 4
M[988] : 0 3 3 5 5 4 3 8 5 1 5 4 6 3 4 5 3 5 8 8 9 6
M[989] : 4 4 3 2 0 5 3 3 7 3 4 8 1 7 9 2 4 7 4 5 5 6
M[990] : 4 4 6 5 8 7 3 5 2 3 3 3 7 6 3 13 5 4 3 0 2 1
M[991] : 5 4 4 0 3 5 5 6 6 2 1 5 2 4 2 3 3 3 1 4 8 5
M[992] : 4 4 4 8 9 6 2 7 1 7 0 0 3 4 4 5 2 2 6 4 6 3
M[993] : 3 8 5 0 2 9 7 4 6 5 2 1 3 4 4 7 4 5 4 3 6 4
M[994] : 7 0 4 7 3 7 5 1 6 4 4 4 7 9 5 7 3 4 2 2 4 2
M[995] : 0 6 3 1 3 5 6 5 9 4 6 5 4 3 4 4 2 4 5 3 3 2
M[996] : 8 7 3 0 5 3 7 7 6 5 5 5 4 5 6 8 4 5 7 5 2 2
M[997] : 4 1 3 5 0 4 4 4 2 7 5 2 6 7 5 5 4 4 5 5 11 4
M[998] : 4 9 5 4 0 3 8 2 4 2 4 5 4 5 5 3 3 6 3 3 7 5
M[999] : 6 6 3 6 9 3 0 7 4 7 3 4 5 3 6 5 4 4 5 2 2 3

