 Execution de l'algoritme BITS sur le fichier dsjc1000.1.txt
=====================================================================
 Partitions  : 
Vk[0] : 768 989 445 37 280 160 412 480 355 508 278 792 840 257 153 417 920 507 861 442 427 540 712 744 441 1 151 937 786 586 958 901 29 642 994 606 847 525 130 739 923 155 144 762 161 -->  45 éléments.
Vk[1] : 188 718 675 800 755 950 803 253 385 120 315 812 202 299 62 617 211 891 618 174 199 924 214 410 500 451 649 931 514 737 490 991 318 670 787 578 229 963 872 22 877 661 752 224 687 182 -->  46 éléments.
Vk[2] : 332 624 838 239 136 213 765 358 264 261 396 296 138 343 751 360 892 596 906 545 472 980 317 562 928 28 701 609 324 745 233 350 772 890 176 613 725 201 899 746 866 395 169 97 340 -->  45 éléments.
Vk[3] : 528 688 785 796 0 2 511 458 981 180 117 424 203 34 437 255 190 406 733 806 587 57 748 966 993 599 633 979 435 719 273 595 693 619 6 657 291 102 591 15 72 882 379 846 865 -->  45 éléments.
Vk[4] : 106 195 658 502 630 821 383 774 951 793 542 659 240 115 616 747 428 431 346 448 186 879 954 860 604 316 556 67 582 455 4 603 864 857 707 784 990 302 374 779 398 533 799 304 363 -->  45 éléments.
Vk[5] : 724 478 921 790 939 372 783 816 148 743 638 112 364 175 342 23 66 14 722 947 650 126 771 631 699 505 801 173 420 276 421 108 197 520 517 131 378 5 403 626 432 896 667 590 111 -->  45 éléments.
Vk[6] : 597 776 93 927 384 221 429 858 129 971 903 209 16 977 822 237 191 344 336 620 549 842 60 487 109 92 251 807 140 970 782 503 143 833 288 305 457 854 76 163 434 226 260 855 881 523 -->  46 éléments.
Vk[7] : 550 968 957 622 369 333 680 664 436 940 446 518 512 277 51 852 916 212 815 133 481 467 370 497 531 644 711 655 911 926 149 932 654 553 660 272 705 669 934 241 804 967 328 337 283 -->  45 éléments.
Vk[8] : 48 401 823 551 11 338 365 322 592 12 238 414 347 488 870 949 179 641 534 147 862 380 645 452 856 387 311 96 295 439 948 558 960 75 54 647 682 265 690 797 922 529 714 58 281 -->  45 éléments.
Vk[9] : 341 869 713 86 228 397 778 45 905 227 204 354 559 158 300 26 42 684 64 829 477 569 717 563 900 522 984 974 496 791 177 828 689 871 323 750 100 17 9 461 475 367 164 464 653 152 -->  46 éléments.
Vk[10] : 70 876 997 170 753 883 681 817 910 577 122 334 614 692 552 13 232 760 777 885 50 802 386 30 824 293 231 105 878 898 935 443 589 287 495 125 326 632 844 729 381 834 184 84 470 -->  45 éléments.
Vk[11] : 598 575 10 548 225 955 399 353 668 21 731 634 975 80 740 357 759 91 943 247 585 118 47 309 572 388 320 532 31 952 132 20 686 988 721 348 345 568 835 339 418 256 220 263 479 55 -->  46 éléments.
Vk[12] : 312 925 611 836 581 393 608 908 89 956 413 573 930 19 59 371 601 621 259 986 44 438 254 440 640 992 426 651 848 49 146 884 279 99 541 81 837 248 902 294 250 652 567 639 306 -->  45 éléments.
Vk[13] : 172 763 527 570 887 183 246 35 215 154 544 625 290 53 850 788 329 390 56 504 389 284 808 245 918 135 185 726 579 308 33 515 400 735 715 327 289 732 736 349 677 825 95 286 24 -->  45 éléments.
Vk[14] : 764 904 423 972 88 671 493 391 509 538 873 330 275 313 189 392 52 741 449 301 156 978 965 285 605 407 362 819 683 700 830 820 566 708 944 78 476 116 482 915 560 415 178 628 394 38 -->  46 éléments.
Vk[15] : 897 307 663 665 676 537 766 453 610 433 351 969 463 157 694 128 310 262 646 74 168 998 526 913 593 40 506 243 942 471 894 409 710 258 162 94 889 851 798 720 405 101 874 795 41 366 -->  46 éléments.
Vk[16] : 543 249 159 810 422 303 325 352 594 929 404 462 483 678 571 945 141 716 576 602 623 758 321 627 643 612 600 839 516 996 123 886 574 268 373 139 775 845 565 635 192 557 679 235 489 880 -->  46 éléments.
Vk[17] : 973 727 368 98 770 704 849 827 588 450 25 137 554 811 519 473 193 674 223 761 709 547 292 69 375 672 43 868 83 648 703 425 166 832 269 218 242 430 466 983 361 912 468 521 742 607 -->  46 éléments.
Vk[18] : 252 216 809 962 561 499 938 217 73 205 234 79 953 408 200 730 524 103 113 127 274 555 535 134 219 68 210 959 696 987 697 691 266 356 167 706 46 539 673 995 382 695 976 895 853 -->  45 éléments.
Vk[19] : 119 454 104 757 39 376 867 536 8 773 914 498 637 298 486 181 27 171 698 826 3 282 267 702 61 145 187 513 230 666 843 206 893 90 510 142 999 194 32 494 63 794 484 728 165 685 -->  46 éléments.
Vk[20] : 319 447 18 738 107 244 863 335 546 756 564 36 964 580 919 780 456 941 814 465 270 87 982 936 271 754 946 818 888 789 985 734 841 961 85 65 907 150 749 767 831 110 71 875 933 492 -->  46 éléments.
Vk[21] : 236 469 377 222 444 629 656 474 297 584 121 769 124 416 583 419 813 859 491 636 805 402 208 909 77 314 7 359 207 198 411 460 615 331 114 82 662 459 781 530 917 723 196 501 485 -->  45 éléments.
Matrice M
M[0] : 8 2 7 0 2 3 6 12 4 6 9 8 4 1 8 7 6 4 4 5 2 4
M[1] : 0 1 7 4 5 2 4 7 2 2 6 6 6 5 4 2 5 4 3 3 2 2
M[2] : 4 6 1 0 6 6 4 7 4 9 3 4 4 6 4 3 9 4 7 7 4 5
M[3] : 4 2 6 3 2 4 4 5 5 3 4 6 4 6 6 3 4 5 4 0 7 7
M[4] : 5 1 3 4 0 9 4 6 1 7 3 3 7 8 8 4 6 3 2 8 8 4
M[5] : 3 8 5 9 2 0 4 8 6 5 4 6 9 4 4 4 4 4 6 8 6 4
M[6] : 7 6 6 0 4 2 5 5 2 6 7 5 3 5 0 4 5 1 8 5 4 5
M[7] : 7 8 4 0 7 4 6 3 6 7 5 2 2 4 8 2 9 11 3 5 3 0
M[8] : 1 3 8 5 7 2 6 7 2 6 5 6 6 5 4 3 4 2 7 0 5 8
M[9] : 2 7 3 5 4 6 4 7 8 0 4 6 4 5 1 3 8 5 4 2 4 4
M[10] : 4 3 6 3 4 7 6 5 2 1 9 0 4 5 6 5 5 5 7 6 4 3
M[11] : 4 6 3 4 7 6 7 4 0 5 6 3 4 6 4 7 2 4 3 2 4 6
M[12] : 5 5 3 5 6 6 3 8 0 7 4 5 6 1 7 3 7 5 6 6 6 6
M[13] : 4 4 3 2 4 4 5 4 3 3 0 5 3 8 7 6 7 7 3 6 10 13
M[14] : 3 6 6 3 6 0 6 3 2 3 3 3 5 6 3 4 4 6 3 3 4 4
M[15] : 4 2 1 0 4 1 6 4 6 6 6 4 2 7 3 4 6 5 4 3 8 6
M[16] : 3 5 2 7 6 3 0 7 6 4 7 6 7 4 3 1 6 5 4 4 7 5
M[17] : 3 4 3 4 4 8 6 6 2 0 4 1 5 3 3 3 5 5 2 5 5 5
M[18] : 2 6 7 5 8 4 6 4 7 5 5 4 2 2 7 5 8 3 7 4 0 5
M[19] : 4 3 4 1 7 5 3 5 3 6 6 5 0 4 7 3 5 10 2 7 4 5
M[20] : 3 6 5 6 7 6 5 5 3 7 3 0 8 2 4 5 7 2 5 5 4 7
M[21] : 2 7 5 7 6 5 5 11 2 9 3 0 8 8 7 3 5 7 4 5 3 4
M[22] : 4 0 7 7 2 2 9 6 7 7 6 4 3 6 4 5 8 8 7 7 5 6
M[23] : 4 3 2 7 6 0 2 4 2 7 6 6 7 2 6 4 7 3 9 3 8 6
M[24] : 3 6 4 3 5 4 5 0 1 8 3 4 6 0 2 8 3 5 7 5 2 7
M[25] : 8 5 6 2 7 4 4 5 2 4 7 5 8 5 3 2 5 0 5 5 8 4
M[26] : 3 6 4 4 3 6 6 6 3 0 5 3 4 4 5 8 6 3 4 5 7 9
M[27] : 6 3 2 9 7 5 6 4 2 1 5 8 3 4 2 7 4 9 5 0 4 3
M[28] : 4 3 0 1 3 4 9 3 3 7 5 5 4 6 6 4 3 2 4 6 6 1
M[29] : 0 4 4 4 4 4 8 3 8 1 2 4 5 0 1 6 3 5 6 5 3 7
M[30] : 1 7 5 5 8 6 3 5 2 12 0 4 3 5 2 7 8 8 2 7 3 3
M[31] : 4 6 4 3 3 1 3 4 4 9 4 0 5 6 5 3 4 8 4 4 2 2
M[32] : 3 3 4 5 4 5 3 6 4 5 3 4 3 3 6 6 3 3 5 0 6 3
M[33] : 8 3 5 2 6 3 4 2 3 5 2 3 1 0 4 9 5 6 4 8 1 1
M[34] : 4 3 3 0 3 4 4 4 5 4 4 5 6 5 6 3 7 4 10 5 4 8
M[35] : 4 4 2 7 6 3 7 5 5 10 2 9 5 0 5 3 6 2 2 3 1 4
M[36] : 11 12 7 1 3 7 6 7 4 4 8 3 6 4 7 7 4 6 4 4 0 10
M[37] : 0 4 4 4 5 6 4 4 9 5 7 4 4 7 7 5 7 12 3 5 5 1
M[38] : 7 2 4 6 1 4 8 4 2 5 6 5 5 3 0 3 2 5 3 8 9 6
M[39] : 6 7 8 5 4 2 5 5 4 5 4 4 5 4 5 6 7 6 5 0 3 5
M[40] : 4 2 1 2 7 3 4 3 4 4 6 1 5 6 6 0 6 4 3 7 3 3
M[41] : 3 5 5 5 8 7 7 6 4 6 3 0 4 7 8 0 1 3 1 5 2 2
M[42] : 7 8 2 4 4 3 7 4 7 0 6 2 2 7 6 5 5 8 2 7 5 4
M[43] : 3 1 4 4 4 1 4 4 6 4 4 5 6 10 4 6 4 0 6 2 5 5
M[44] : 4 9 4 3 4 5 4 3 2 4 6 3 0 5 5 6 3 2 5 4 3 6
M[45] : 4 6 5 2 2 9 1 4 9 0 5 7 6 4 5 4 1 10 4 3 4 3
M[46] : 2 4 2 8 9 6 3 4 7 6 4 3 2 4 6 5 3 6 0 8 7 6
M[47] : 1 8 7 2 3 7 8 2 7 2 6 0 3 10 6 3 5 3 4 4 4 8
M[48] : 4 6 4 6 7 6 6 11 0 7 4 9 5 2 4 6 3 5 7 6 5 8
M[49] : 3 7 6 4 5 7 3 9 7 5 5 4 0 6 4 1 4 4 3 4 8 10
M[50] : 3 1 4 5 2 5 5 4 2 8 0 3 3 5 6 2 4 0 4 5 2 8
M[51] : 5 3 9 2 10 7 3 0 6 3 6 2 5 6 6 1 3 3 4 4 5 5
M[52] : 6 4 6 0 5 2 5 8 4 9 6 3 7 1 0 2 4 3 8 3 6 6
M[53] : 3 5 3 3 7 6 4 9 4 7 4 6 4 0 6 5 1 8 5 10 3 5
M[54] : 1 7 6 4 4 5 3 3 0 6 3 7 4 3 5 6 6 5 4 5 6 6
M[55] : 8 3 4 2 8 6 5 2 5 6 1 0 0 0 8 5 7 4 4 2 8 1
M[56] : 6 7 2 1 3 6 5 7 7 6 6 2 4 0 1 5 6 6 7 4 3 7
M[57] : 2 3 5 0 2 7 9 9 2 2 2 9 3 3 5 5 6 2 5 4 2 3
M[58] : 6 6 5 3 3 5 4 6 0 5 2 7 7 4 3 4 5 4 10 1 3 4
M[59] : 2 3 4 2 6 4 8 3 5 7 6 5 0 6 5 4 5 5 2 4 3 3
M[60] : 6 6 6 3 3 6 0 4 4 3 4 6 2 5 7 4 5 10 7 6 5 4
M[61] : 2 3 5 4 6 2 7 7 5 3 1 7 6 4 6 2 6 4 4 0 8 3
M[62] : 2 0 2 7 4 2 7 3 6 5 10 4 6 9 2 4 4 5 6 1 4 4
M[63] : 5 9 1 6 4 6 5 4 6 9 3 0 5 3 2 2 5 3 4 0 5 4
M[64] : 4 7 7 10 5 4 5 3 6 0 8 3 9 6 6 5 1 9 5 2 4 2
M[65] : 9 3 1 7 3 2 5 3 6 5 5 4 1 6 4 4 3 5 6 6 0 4
M[66] : 7 2 8 4 7 0 7 8 5 8 5 5 6 4 6 1 5 9 5 1 3 7
M[67] : 7 4 3 2 0 7 2 7 4 5 2 5 3 5 1 5 9 3 4 1 5 7
M[68] : 4 5 3 7 3 2 5 3 4 7 4 7 4 4 5 1 7 4 0 7 6 5
M[69] : 6 8 6 4 3 4 5 2 6 3 6 2 2 2 3 2 5 0 7 1 5 3
M[70] : 3 5 11 7 10 7 8 9 4 5 0 8 8 6 1 2 4 4 2 3 4 5
M[71] : 7 6 3 3 1 4 3 6 8 3 10 5 3 6 5 7 3 3 4 10 0 3
M[72] : 1 6 4 0 4 2 5 3 5 5 3 4 2 7 3 3 3 7 7 5 7 3
M[73] : 7 3 7 7 5 6 4 5 10 2 4 6 3 5 4 3 5 4 0 5 5 3
M[74] : 3 6 3 5 6 8 6 3 6 4 3 4 2 3 5 0 8 5 6 11 6 7
M[75] : 2 1 5 6 2 7 5 2 0 8 3 5 6 5 5 5 1 4 8 7 2 5
M[76] : 4 6 4 7 4 7 0 1 4 3 9 3 7 6 6 6 4 4 6 7 3 3
M[77] : 3 2 8 2 5 7 6 4 4 3 4 5 4 5 2 8 7 4 7 2 8 0
M[78] : 5 3 5 6 5 6 2 9 4 5 10 6 11 4 0 0 4 5 2 4 4 2
M[79] : 5 7 4 7 7 5 4 5 4 3 7 5 3 4 4 4 5 6 0 4 8 5
M[80] : 3 5 9 9 7 2 3 4 6 10 3 0 4 6 5 3 4 4 6 4 3 4
M[81] : 3 3 7 8 4 2 2 2 4 5 1 5 0 2 7 9 4 8 4 6 4 4
M[82] : 2 3 3 4 3 5 5 3 6 5 6 2 5 4 3 5 2 3 7 5 0 0
M[83] : 4 4 2 4 4 6 7 5 6 5 4 9 3 5 2 2 3 0 6 3 3 6
M[84] : 0 3 3 7 4 6 6 8 1 4 0 7 5 2 7 9 3 9 5 2 3 4
M[85] : 5 3 6 2 3 4 6 5 2 3 3 3 5 5 3 1 4 2 3 5 0 7
M[86] : 5 7 7 5 4 2 1 6 8 0 3 6 4 5 8 6 5 7 6 6 1 9
M[87] : 4 4 2 3 4 2 3 4 6 5 4 6 4 4 5 6 4 6 6 6 0 6
M[88] : 2 6 5 5 6 6 4 5 5 5 5 6 7 1 0 8 3 4 7 5 10 4
M[89] : 7 2 3 5 9 6 6 2 6 4 6 2 0 2 5 5 6 6 4 3 3 8
M[90] : 4 5 4 4 7 9 4 4 7 4 4 2 3 7 3 6 5 7 5 0 3 2
M[91] : 3 5 5 6 10 6 4 4 3 2 4 0 1 3 3 7 4 6 7 4 2 2
M[92] : 5 2 5 3 4 4 0 1 4 8 6 8 3 5 5 3 3 5 3 9 3 3
M[93] : 4 5 4 4 4 5 0 5 5 5 10 3 6 6 3 2 2 5 4 5 3 5
M[94] : 6 4 1 4 8 2 5 2 3 6 5 7 4 5 4 0 4 2 3 6 3 4
M[95] : 3 6 4 6 3 4 5 6 1 4 1 7 6 0 6 2 2 4 4 5 5 3
M[96] : 6 7 6 2 4 6 7 1 0 4 10 2 6 4 6 6 4 3 4 7 9 1
M[97] : 6 5 0 1 6 5 7 2 3 6 4 3 3 4 4 4 5 9 4 4 6 9
M[98] : 5 7 5 7 7 4 6 7 8 5 7 9 3 4 3 4 7 0 7 8 3 5
M[99] : 4 2 8 10 9 2 4 6 4 5 5 4 0 5 5 2 4 1 4 6 7 5
M[100] : 6 6 5 9 4 6 3 4 3 0 7 6 3 2 4 3 4 4 5 4 0 3
M[101] : 1 3 8 2 3 6 5 5 7 5 4 5 4 5 4 0 2 10 2 3 3 6
M[102] : 5 6 9 0 5 2 2 7 3 4 8 4 3 5 4 2 4 2 5 5 4 2
M[103] : 4 4 4 5 3 6 5 6 4 8 5 5 11 5 3 2 4 3 0 4 6 2
M[104] : 4 4 6 2 3 7 7 6 5 9 9 6 4 4 3 2 3 6 5 0 7 7
M[105] : 4 6 5 1 5 8 7 5 9 3 0 6 3 7 5 5 3 6 4 1 5 2
M[106] : 6 3 4 3 0 7 2 6 3 4 5 5 8 3 7 3 2 5 7 4 3 5
M[107] : 5 3 4 7 5 2 7 7 3 5 3 6 4 4 3 4 6 7 4 2 0 3
M[108] : 6 3 3 5 3 0 6 3 8 4 6 7 1 5 7 7 7 5 7 5 2 1
M[109] : 6 6 3 6 3 5 0 5 1 7 5 5 2 2 4 3 6 4 2 4 8 6
M[110] : 4 3 1 5 3 4 5 2 5 1 3 5 7 3 3 8 2 5 5 6 0 8
M[111] : 3 3 7 5 6 0 2 7 4 3 4 4 0 7 7 3 9 5 6 7 5 7
M[112] : 4 5 7 4 3 0 5 7 4 5 2 4 5 3 7 3 6 2 4 5 6 5
M[113] : 7 4 6 6 4 4 3 5 9 5 6 7 4 6 4 3 7 4 0 4 2 9
M[114] : 5 7 9 3 6 8 5 8 6 6 4 5 1 4 10 3 6 4 4 6 2 0
M[115] : 5 5 3 6 0 2 3 3 4 6 1 5 7 4 7 8 4 5 4 3 7 2
M[116] : 5 8 5 3 3 6 3 5 9 4 6 3 4 4 0 5 3 6 2 2 6 2
M[117] : 5 6 5 0 5 5 10 7 7 8 3 4 7 6 5 2 8 5 4 3 3 4
M[118] : 7 9 5 8 2 3 5 4 5 5 7 0 3 1 3 6 4 6 10 3 5 8
M[119] : 4 5 7 5 5 6 7 5 5 2 6 6 7 5 6 4 7 9 3 0 4 9
M[120] : 2 0 6 5 6 2 5 5 6 4 9 2 3 5 3 5 9 5 3 4 6 8
M[121] : 5 5 2 5 1 6 8 3 5 6 3 6 10 8 6 3 6 4 4 4 6 0
M[122] : 3 6 6 9 4 6 5 5 7 4 0 9 4 2 5 7 6 9 6 3 6 5
M[123] : 6 4 4 5 2 3 3 3 3 6 4 3 2 9 2 5 0 4 6 5 5 7
M[124] : 9 5 6 10 6 4 4 4 5 6 3 5 4 3 7 1 6 6 5 6 6 0
M[125] : 3 9 4 4 1 2 3 5 4 3 0 6 4 1 8 5 4 2 5 1 4 4
M[126] : 2 3 5 5 1 0 5 9 3 3 5 6 7 4 5 6 3 4 1 3 3 5
M[127] : 5 8 6 7 7 6 7 3 5 3 10 5 2 4 7 5 4 3 0 8 3 8
M[128] : 6 3 7 6 1 5 9 6 7 7 7 4 2 3 6 0 2 2 3 4 1 3
M[129] : 5 3 7 9 7 4 0 9 2 3 4 7 5 3 3 5 4 5 2 4 4 5
M[130] : 0 5 7 9 6 5 0 6 1 3 5 5 3 6 5 7 7 5 3 8 4 3
M[131] : 1 2 8 4 5 0 5 6 4 3 4 5 7 3 3 5 4 4 3 4 6 4
M[132] : 3 5 8 6 5 5 3 6 4 2 8 0 2 3 6 1 4 5 3 5 2 6
M[133] : 3 8 4 5 3 7 3 0 6 10 5 6 4 5 4 2 3 4 5 7 5 5
M[134] : 5 5 6 5 3 6 3 2 7 3 6 4 5 5 6 3 3 8 0 9 7 6
M[135] : 4 5 5 5 3 5 5 7 3 2 2 2 3 0 10 2 1 5 7 7 4 1
M[136] : 5 4 0 3 3 6 6 7 7 6 2 4 3 6 5 6 4 7 10 3 4 3
M[137] : 3 5 3 3 3 4 4 3 3 5 5 5 11 2 6 5 2 0 3 4 4 6
M[138] : 5 7 0 3 5 7 6 3 6 5 6 9 4 5 7 2 7 5 4 3 5 5
M[139] : 5 6 5 2 9 6 5 4 4 7 2 6 8 5 2 5 0 3 2 7 4 5
M[140] : 4 5 4 4 12 6 0 3 7 3 7 5 3 5 5 7 5 2 7 5 4 5
M[141] : 5 5 5 4 4 4 8 4 4 5 4 5 7 5 5 4 0 5 4 5 2 5
M[142] : 9 3 3 3 5 6 4 8 7 1 10 7 8 4 6 4 6 9 8 0 2 1
M[143] : 4 7 4 3 6 1 0 4 6 7 4 7 2 5 2 2 6 6 6 3 6 3
M[144] : 0 8 4 4 2 4 8 4 2 6 6 7 5 6 5 5 7 8 7 3 8 7
M[145] : 6 6 7 6 5 3 2 4 4 4 6 4 6 3 1 4 4 4 2 0 3 4
M[146] : 6 5 2 4 4 10 3 7 8 6 6 2 0 7 6 1 6 7 5 2 4 3
M[147] : 4 6 3 6 1 4 4 4 0 4 3 4 8 4 7 8 4 5 7 5 4 4
M[148] : 4 4 2 2 4 0 5 3 4 3 7 5 5 3 3 4 4 7 5 1 4 6
M[149] : 2 5 5 4 7 2 9 0 3 4 3 4 1 3 6 3 2 2 7 4 4 5
M[150] : 4 3 5 4 3 5 3 6 4 5 6 1 4 5 4 7 2 2 7 5 0 5
M[151] : 0 3 4 3 6 4 5 3 1 3 7 10 7 1 4 4 6 4 2 3 5 7
M[152] : 5 7 6 4 6 5 6 5 11 0 3 2 3 2 3 1 6 2 4 5 5 5
M[153] : 0 5 7 7 5 5 7 2 3 3 6 3 4 6 4 9 5 4 3 10 3 6
M[154] : 6 6 4 5 2 4 4 5 5 5 2 3 3 0 1 5 2 0 4 3 8 5
M[155] : 0 2 7 2 4 1 8 3 5 7 3 2 6 5 2 5 2 4 2 6 6 3
M[156] : 2 7 4 4 5 5 3 3 6 3 8 5 5 3 0 10 8 5 7 6 5 7
M[157] : 3 8 4 6 6 3 6 5 4 4 4 2 6 1 5 0 4 2 4 6 6 5
M[158] : 4 6 5 6 5 3 3 5 10 0 8 4 6 11 6 4 5 6 4 5 5 4
M[159] : 7 8 10 5 3 3 6 5 4 6 4 7 3 4 6 6 0 6 5 8 5 5
M[160] : 0 5 5 7 9 2 10 6 3 4 1 3 3 4 4 3 3 4 6 5 8 6
M[161] : 0 4 4 4 6 3 2 4 3 5 2 7 7 2 1 2 3 5 7 6 4 4
M[162] : 3 3 6 3 5 3 3 4 6 7 1 7 3 7 4 0 4 2 5 4 5 5
M[163] : 5 4 5 5 5 3 0 3 4 8 7 8 2 2 7 4 4 3 4 4 2 3
M[164] : 3 3 5 7 4 4 4 4 5 0 5 7 7 6 0 5 4 5 3 4 3 3
M[165] : 8 7 7 6 1 5 9 5 6 7 3 5 7 3 5 3 6 6 4 0 1 3
M[166] : 3 3 7 8 7 6 3 5 7 0 8 4 1 3 2 5 3 0 2 4 7 3
M[167] : 5 5 6 7 2 3 5 7 6 3 6 5 9 4 1 8 4 7 0 2 5 6
M[168] : 6 5 4 4 6 7 5 3 3 6 3 5 6 5 8 0 5 5 7 4 6 5
M[169] : 1 4 0 3 7 2 7 7 2 3 8 3 9 6 9 4 3 10 4 6 3 7
M[170] : 4 3 5 7 3 7 4 1 6 7 0 3 6 5 7 5 1 6 9 7 5 3
M[171] : 4 4 4 7 6 4 2 5 6 7 3 4 2 6 2 9 2 3 5 0 6 6
M[172] : 3 4 4 6 4 4 5 4 6 6 9 8 3 0 4 2 4 5 4 2 4 3
M[173] : 3 5 5 1 8 0 4 7 4 9 2 7 6 5 5 5 6 6 7 11 4 6
M[174] : 9 0 3 7 3 6 5 6 6 2 3 3 7 9 2 2 3 4 6 3 1 7
M[175] : 9 3 4 5 3 0 6 3 7 2 5 9 8 4 4 5 7 9 3 5 6 4
M[176] : 6 7 0 3 5 3 5 7 1 8 8 7 4 4 4 11 7 5 5 3 1 5
M[177] : 2 7 6 4 5 4 5 5 6 0 4 7 6 5 4 7 4 5 3 3 11 1
M[178] : 3 1 5 6 5 6 3 5 1 3 5 5 7 5 0 5 2 5 4 5 8 5
M[179] : 5 4 1 2 4 2 4 4 0 7 2 3 4 5 8 3 5 4 2 6 3 4
M[180] : 6 7 4 0 5 4 4 4 8 2 6 3 6 1 5 3 8 4 7 10 4 4
M[181] : 4 3 3 6 5 7 3 8 7 4 3 2 5 6 8 3 6 3 4 0 4 5
M[182] : 5 0 6 5 3 1 4 8 7 6 3 7 3 2 6 3 11 4 5 3 5 7
M[183] : 3 10 4 7 12 7 7 7 1 5 8 3 2 0 4 4 7 4 3 4 6 5
M[184] : 4 3 4 4 3 1 3 8 2 9 0 10 3 4 7 5 5 3 6 2 4 3
M[185] : 2 7 5 5 4 5 6 5 4 2 4 6 5 0 5 3 1 6 2 2 2 5
M[186] : 4 6 4 8 0 5 4 0 4 8 8 8 8 7 5 7 7 3 3 8 1 7
M[187] : 2 5 5 4 2 0 3 5 8 4 2 9 6 4 7 3 5 4 5 0 6 4
M[188] : 6 0 9 2 3 8 3 4 4 5 3 5 3 4 7 2 6 9 1 3 3 8
M[189] : 3 4 5 7 5 4 4 5 2 6 5 5 4 3 0 6 5 5 3 9 3 7
M[190] : 6 3 5 0 6 6 4 3 4 3 5 5 5 4 3 4 3 4 7 6 1 7
M[191] : 3 9 6 9 5 2 0 6 4 2 5 1 4 6 3 4 2 12 5 5 7 6
M[192] : 6 6 2 8 4 8 4 7 4 4 4 4 5 0 6 7 0 2 4 6 8 2
M[193] : 4 4 6 5 3 2 5 3 9 1 7 3 6 7 6 5 3 0 7 3 5 2
M[194] : 6 4 5 4 9 4 4 5 2 2 5 5 6 3 5 1 2 5 9 0 3 5
M[195] : 6 6 6 3 0 7 5 6 4 4 8 5 5 2 4 7 8 6 4 4 7 4
M[196] : 3 5 6 4 1 5 6 6 4 5 4 4 1 5 5 6 2 3 3 2 4 0
M[197] : 4 4 3 5 6 0 2 5 6 7 4 5 3 4 5 7 1 5 7 4 4 3
M[198] : 4 6 2 4 5 4 4 2 6 3 6 4 7 6 5 5 6 5 3 4 7 0
M[199] : 2 0 5 5 6 3 6 5 4 1 2 6 5 3 6 10 6 4 3 6 3 4
M[200] : 2 8 7 3 4 6 3 6 3 3 5 4 4 2 2 5 3 3 0 2 5 9
M[201] : 6 3 0 5 5 7 6 3 5 3 1 2 7 5 5 3 6 5 4 6 6 0
M[202] : 3 0 5 4 4 7 5 5 6 5 3 6 6 5 4 9 5 6 5 5 4 5
M[203] : 6 7 4 0 7 1 1 4 2 4 6 6 6 4 3 5 7 3 2 7 6 2
M[204] : 7 3 3 6 2 4 3 3 4 0 5 3 7 6 7 5 8 5 10 4 5 8
M[205] : 3 4 6 7 4 7 10 6 4 2 4 3 4 4 5 4 8 8 0 5 3 3
M[206] : 3 5 1 5 5 3 5 4 7 5 5 7 5 4 6 1 4 5 6 0 7 4
M[207] : 5 4 5 5 4 6 3 2 7 3 4 6 4 2 4 7 2 5 3 4 5 0
M[208] : 5 3 3 5 6 3 6 4 6 6 6 6 5 9 5 8 6 3 10 5 4 0
M[209] : 6 4 9 5 8 4 0 3 6 6 5 4 4 3 4 7 4 4 3 2 8 6
M[210] : 4 4 7 2 3 7 6 8 5 7 3 5 4 5 7 5 5 6 0 3 7 2
M[211] : 6 0 5 6 9 4 5 2 5 7 6 8 3 2 8 5 2 9 3 5 4 3
M[212] : 4 7 4 6 4 5 4 0 4 6 3 4 5 3 3 7 4 2 2 3 2 4
M[213] : 10 4 0 6 8 3 5 4 5 3 4 6 3 4 6 5 7 2 5 4 4 7
M[214] : 2 0 5 4 8 3 5 5 4 7 4 2 3 3 2 3 6 4 5 9 4 5
M[215] : 6 4 6 6 2 4 4 3 7 6 4 3 10 0 5 2 8 4 6 1 3 6
M[216] : 3 4 8 5 6 7 6 6 3 4 7 4 1 8 4 5 2 5 0 7 5 2
M[217] : 4 3 3 3 2 5 4 7 7 4 9 4 3 2 3 6 5 5 0 2 3 6
M[218] : 7 10 2 3 5 7 7 1 5 5 7 7 2 4 7 5 5 0 2 2 9 2
M[219] : 4 3 6 2 3 4 6 4 4 5 3 4 5 3 4 4 9 4 0 6 1 3
M[220] : 1 4 3 4 5 4 9 6 2 7 7 0 6 4 3 2 4 5 3 3 4 4
M[221] : 7 5 4 4 3 6 0 5 5 4 2 3 3 4 6 9 7 4 5 6 3 3
M[222] : 1 7 5 9 6 6 8 5 6 3 4 8 4 4 2 5 5 5 4 3 7 0
M[223] : 2 2 7 5 4 5 9 3 4 2 3 7 6 4 6 6 7 0 3 5 4 6
M[224] : 7 0 3 7 4 4 11 5 3 3 6 5 3 6 6 3 4 0 4 3 7 5
M[225] : 5 5 4 2 2 5 5 4 6 4 6 0 4 8 5 6 3 2 6 4 6 4
M[226] : 7 6 3 8 3 6 0 3 6 5 7 5 7 5 3 8 6 3 6 5 3 10
M[227] : 2 3 5 6 3 5 3 6 1 0 7 9 3 5 7 3 10 5 5 5 3 4
M[228] : 8 4 6 3 2 4 4 5 9 0 7 5 7 5 4 5 2 4 5 8 6 6
M[229] : 7 0 11 5 3 6 9 4 3 5 4 6 4 2 7 3 5 6 5 4 5 6
M[230] : 4 4 7 6 5 6 5 5 6 4 2 5 3 7 10 5 5 5 3 0 6 3
M[231] : 5 3 2 2 5 4 5 3 4 4 0 3 7 1 4 4 2 8 10 6 3 5
M[232] : 4 6 6 8 6 3 3 4 4 3 0 6 1 4 5 6 0 8 4 4 3 5
M[233] : 4 5 0 2 3 5 6 5 2 3 6 7 6 3 8 4 7 4 3 6 5 2
M[234] : 4 3 7 6 2 8 3 6 5 6 5 3 3 5 6 4 3 4 0 4 3 7
M[235] : 2 1 3 4 8 5 5 10 6 5 3 6 5 2 8 3 0 3 7 5 6 4
M[236] : 2 4 6 2 2 3 1 4 4 8 7 9 12 6 4 4 5 5 9 7 5 0
M[237] : 7 7 5 6 6 2 0 7 4 3 4 3 10 5 6 3 12 5 5 0 2 6
M[238] : 3 6 5 4 8 2 5 8 0 10 2 3 4 6 2 6 6 3 12 3 5 4
M[239] : 5 4 0 6 6 5 3 5 2 6 8 6 4 2 8 4 4 6 4 6 2 6
M[240] : 5 6 7 2 0 3 4 4 3 4 3 5 4 7 6 5 4 5 5 5 3 10
M[241] : 5 5 4 7 2 6 3 0 6 7 11 5 6 7 4 4 9 3 2 7 6 1
M[242] : 6 7 6 4 4 3 7 2 4 4 2 3 6 3 8 6 2 0 3 5 5 5
M[243] : 2 4 8 2 6 4 5 3 3 4 5 5 5 4 7 0 7 3 4 5 5 5
M[244] : 4 5 7 3 7 5 6 4 5 4 5 6 6 4 3 2 8 3 3 5 0 4
M[245] : 4 4 8 3 6 4 5 3 1 5 3 5 4 0 4 2 4 7 6 7 8 3
M[246] : 2 6 4 2 9 2 3 5 4 7 5 5 4 0 3 6 4 2 5 5 3 4
M[247] : 5 4 8 4 5 6 7 2 6 8 8 0 6 1 3 6 6 9 5 8 3 6
M[248] : 8 3 5 3 7 2 6 2 3 4 4 4 0 4 3 3 5 6 3 2 5 2
M[249] : 7 3 5 6 11 5 8 5 5 5 6 3 6 8 6 5 0 2 4 2 3 8
M[250] : 1 5 4 6 4 1 7 2 6 4 5 4 0 5 5 6 4 1 3 7 5 2
M[251] : 5 4 5 4 5 3 0 2 6 6 3 4 3 5 3 3 6 8 5 4 4 3
M[252] : 10 6 6 3 6 3 8 5 5 7 8 7 4 5 9 4 3 2 0 2 10 8
M[253] : 4 0 3 4 3 2 10 5 7 3 3 7 4 4 8 3 4 5 3 8 3 5
M[254] : 5 3 3 0 5 4 8 3 4 7 4 5 0 2 3 4 3 4 4 5 3 2
M[255] : 4 5 4 0 5 4 7 4 7 6 4 3 8 5 5 3 11 6 5 3 6 7
M[256] : 6 3 7 8 4 3 4 5 3 3 4 0 6 5 3 4 6 3 6 5 6 6
M[257] : 0 5 9 6 4 8 8 3 5 4 3 4 3 6 6 9 4 2 1 3 3 3
M[258] : 3 6 6 4 4 5 2 7 3 3 5 4 6 4 2 0 2 6 3 4 2 4
M[259] : 4 2 5 5 7 2 1 2 6 13 4 4 0 4 2 6 3 3 5 3 4 5
M[260] : 4 9 7 5 1 7 0 4 2 4 2 9 3 6 2 5 5 2 4 8 1 5
M[261] : 3 2 0 6 1 4 2 1 7 7 5 5 3 2 3 7 4 4 6 6 7 7
M[262] : 3 4 2 4 5 4 2 6 9 5 3 6 4 5 4 0 2 4 6 8 2 8
M[263] : 7 5 2 7 0 5 4 8 3 4 6 0 6 8 6 3 6 10 7 7 5 2
M[264] : 4 8 0 4 4 3 4 4 6 5 5 4 4 6 4 8 3 8 5 5 3 7
M[265] : 6 1 6 6 4 1 4 6 0 9 7 3 3 3 5 7 7 3 4 7 3 4
M[266] : 5 3 5 3 1 2 2 6 1 5 3 3 3 2 2 6 2 2 0 3 4 6
M[267] : 4 6 4 3 3 7 2 3 5 6 5 4 2 10 1 3 8 9 8 0 6 5
M[268] : 3 6 7 3 4 8 4 0 3 4 3 3 5 1 6 1 0 4 6 4 10 3
M[269] : 4 4 2 2 6 5 6 6 6 6 5 7 7 7 5 6 1 0 2 2 5 4
M[270] : 6 5 4 7 5 4 3 4 8 5 6 3 6 5 6 4 6 5 5 3 0 3
M[271] : 6 3 1 4 4 2 5 6 2 1 8 4 7 5 6 9 3 5 3 4 0 6
M[272] : 5 5 1 3 3 9 4 0 4 6 6 7 5 4 7 3 4 4 7 4 7 2
M[273] : 2 8 6 0 3 5 6 4 6 6 6 7 7 7 5 7 3 5 4 4 4 3
M[274] : 3 1 8 7 8 4 5 3 2 7 4 7 7 5 3 2 8 8 0 5 3 3
M[275] : 4 3 5 4 2 6 3 7 6 4 8 4 3 7 0 6 5 5 7 6 5 7
M[276] : 5 4 4 8 10 0 7 4 4 2 7 5 1 2 4 4 2 4 4 5 4 3
M[277] : 2 3 6 5 5 5 9 0 10 3 5 8 4 3 7 6 2 7 7 8 6 6
M[278] : 0 3 2 1 7 5 6 4 3 9 7 1 3 6 5 2 5 1 3 8 9 5
M[279] : 3 3 5 4 4 7 1 5 9 8 3 8 0 3 3 3 5 5 5 7 4 3
M[280] : 0 3 5 5 7 7 3 3 4 5 2 4 5 6 4 6 3 3 6 3 8 2
M[281] : 2 5 7 6 6 7 4 6 0 4 2 9 9 2 7 6 5 4 1 7 3 8
M[282] : 2 2 4 3 6 3 3 4 4 12 5 6 3 3 5 7 4 3 4 0 1 4
M[283] : 5 6 8 4 5 6 3 0 1 4 10 7 5 7 2 2 6 7 3 2 2 2
M[284] : 7 5 2 3 5 1 5 5 3 7 8 5 5 0 4 6 2 10 8 4 9 3
M[285] : 3 5 3 4 4 5 7 4 4 8 2 2 1 4 0 5 3 7 5 0 2 2
M[286] : 1 9 5 1 2 2 3 4 5 5 3 5 5 0 5 3 8 7 4 7 2 7
M[287] : 5 3 8 2 1 7 4 6 3 11 0 3 5 4 5 7 5 7 8 5 4 5
M[288] : 2 6 2 4 3 2 0 5 5 4 1 8 2 6 3 4 5 8 6 4 3 5
M[289] : 3 5 3 6 6 5 5 3 10 4 4 5 7 0 10 8 5 3 5 2 4 3
M[290] : 3 4 3 1 9 5 9 7 8 6 8 3 2 0 4 5 8 4 3 4 7 7
M[291] : 3 4 0 0 6 4 7 3 7 4 6 10 6 2 3 4 5 4 9 5 6 10
M[292] : 8 3 4 8 4 4 3 4 3 7 5 6 6 6 2 7 3 0 8 9 3 5
M[293] : 6 3 6 8 1 2 3 2 6 6 0 1 4 6 3 2 1 4 4 6 7 4
M[294] : 5 8 2 6 5 3 3 4 7 4 5 4 0 2 5 4 1 0 4 8 3 8
M[295] : 6 5 9 6 2 4 4 5 0 7 6 7 7 7 2 6 4 3 4 8 6 3
M[296] : 6 4 0 7 8 8 5 5 6 7 3 8 7 3 4 5 3 2 7 4 1 6
M[297] : 6 7 3 8 6 4 7 3 3 4 7 2 2 8 6 4 6 4 4 5 1 0
M[298] : 2 5 6 4 5 8 8 9 3 5 8 3 7 3 3 3 1 4 5 0 5 5
M[299] : 2 0 4 6 3 5 5 5 3 5 7 5 4 5 4 5 4 5 5 3 2 4
M[300] : 2 5 4 4 5 9 2 3 10 0 3 7 2 5 4 7 6 2 3 8 2 5
M[301] : 5 5 9 2 6 2 4 6 2 6 4 7 7 6 0 5 1 8 7 3 9 5
M[302] : 4 4 5 8 0 1 2 6 8 7 5 2 6 12 5 6 5 6 4 3 5 1
M[303] : 6 4 3 4 7 6 3 5 6 3 5 5 4 4 2 4 0 1 5 4 5 7
M[304] : 1 7 3 0 0 9 6 0 6 7 4 4 6 6 7 4 5 4 6 8 3 6
M[305] : 3 5 4 6 3 4 0 7 3 3 4 2 5 2 6 8 2 4 8 6 8 4
M[306] : 4 3 4 4 6 7 4 4 4 2 3 4 0 3 1 6 5 5 5 6 3 4
M[307] : 2 10 9 8 8 3 4 3 7 9 8 4 5 6 5 0 8 6 5 6 4 6
M[308] : 6 2 5 2 8 3 6 6 3 6 3 3 6 0 7 8 2 6 6 5 3 6
M[309] : 4 3 4 6 2 3 6 5 8 4 5 0 7 2 6 5 5 3 4 4 5 7
M[310] : 2 5 3 6 2 4 3 7 8 2 3 4 3 7 7 0 5 8 3 5 8 4
M[311] : 2 10 4 3 5 4 5 5 0 7 5 5 5 4 6 5 3 7 3 3 2 6
M[312] : 7 6 9 4 6 2 6 8 6 3 5 8 0 7 3 4 5 4 3 6 8 4
M[313] : 4 6 6 2 3 12 5 2 5 8 8 7 5 7 0 2 5 5 4 3 3 4
M[314] : 1 4 6 3 6 2 3 4 3 2 2 2 6 5 5 3 6 5 7 3 4 0
M[315] : 4 0 8 4 2 4 3 4 4 3 2 4 3 5 4 3 3 8 3 4 3 5
M[316] : 2 3 4 4 0 4 7 6 1 6 6 6 3 7 3 10 8 3 5 6 6 6
M[317] : 4 5 0 3 7 4 2 3 8 6 8 6 8 3 5 6 5 2 1 7 3 8
M[318] : 9 0 6 5 2 6 4 4 1 4 5 3 6 2 7 5 3 4 5 5 8 2
M[319] : 2 6 3 3 6 6 4 6 3 4 3 3 5 3 5 7 4 5 6 8 0 4
M[320] : 4 7 6 5 3 3 6 2 4 5 3 0 8 6 5 8 3 3 5 4 7 2
M[321] : 7 6 4 5 2 6 5 4 4 3 8 4 4 7 5 4 0 7 2 7 7 3
M[322] : 3 4 3 7 3 4 10 5 0 4 2 5 8 1 5 5 4 6 4 4 7 2
M[323] : 9 5 4 8 9 2 3 1 3 0 9 7 3 2 6 5 3 6 2 6 3 6
M[324] : 6 4 0 6 5 3 6 8 9 3 4 7 3 4 7 1 3 3 3 10 3 3
M[325] : 3 8 2 3 4 4 4 4 5 3 3 5 5 4 3 5 0 5 6 4 7 5
M[326] : 3 2 2 3 6 3 7 6 4 7 0 5 7 4 2 11 6 5 10 6 2 3
M[327] : 6 7 4 5 3 1 8 5 3 4 4 8 2 0 7 2 4 3 5 3 3 6
M[328] : 2 3 6 5 6 5 5 0 2 3 5 2 3 4 5 7 6 5 5 7 4 3
M[329] : 3 4 6 3 3 3 3 1 5 3 5 4 5 0 5 4 1 5 3 3 5 4
M[330] : 6 4 3 5 8 4 5 7 4 7 3 5 5 4 0 6 6 3 5 10 2 6
M[331] : 5 3 6 8 8 1 8 6 5 5 6 0 3 3 3 6 2 7 7 7 1 0
M[332] : 5 9 0 8 1 6 5 2 6 8 7 8 5 3 3 5 6 6 6 8 5 5
M[333] : 11 3 6 5 7 7 2 0 5 5 4 4 3 8 4 3 3 5 6 4 4 4
M[334] : 4 4 5 4 9 4 6 3 9 6 0 7 6 3 4 5 2 5 4 2 6 7
M[335] : 3 3 8 3 5 8 4 8 5 7 4 4 9 3 9 6 6 5 3 7 0 5
M[336] : 3 5 5 3 6 3 0 5 7 1 4 7 3 6 4 2 4 4 7 4 8 5
M[337] : 5 7 3 5 1 2 3 0 1 6 3 5 7 5 6 4 2 1 5 5 8 3
M[338] : 7 7 6 4 5 8 3 4 0 6 5 3 2 3 2 7 4 7 8 2 4 6
M[339] : 5 9 4 5 4 3 5 1 1 5 3 0 5 8 5 3 4 9 9 7 6 7
M[340] : 3 4 0 5 0 5 5 4 3 8 2 5 5 7 4 8 5 5 6 7 2 0
M[341] : 5 5 4 3 5 5 3 6 5 0 6 2 5 5 5 3 6 3 3 4 4 6
M[342] : 6 5 4 3 7 0 6 3 5 4 4 2 1 6 1 5 9 5 5 6 4 3
M[343] : 1 3 0 5 5 1 2 5 3 5 3 4 4 1 6 2 3 1 4 2 5 3
M[344] : 3 5 6 1 2 4 0 2 6 4 4 5 2 6 4 3 5 2 3 6 6 6
M[345] : 4 5 6 7 6 8 7 0 5 4 3 0 3 5 8 8 6 10 5 2 7 7
M[346] : 4 5 7 4 0 8 8 5 7 6 3 7 6 11 4 3 10 3 4 3 5 7
M[347] : 6 6 5 7 3 3 6 3 0 4 3 4 5 2 2 4 2 4 3 6 7 5
M[348] : 6 9 3 5 5 4 5 7 2 6 2 0 6 4 1 5 7 5 10 4 8 3
M[349] : 3 5 4 6 3 4 3 8 4 9 5 4 2 0 4 6 3 6 4 5 3 1
M[350] : 7 8 0 1 5 6 4 6 4 4 8 4 2 8 3 7 3 6 5 2 7 6
M[351] : 6 7 5 2 7 5 3 5 4 2 3 7 3 3 5 0 1 4 4 4 9 4
M[352] : 4 6 6 5 4 5 6 6 4 6 6 4 1 2 9 2 0 3 8 4 7 3
M[353] : 2 2 4 5 5 6 8 4 5 6 5 0 3 5 7 6 2 4 2 3 6 3
M[354] : 3 4 3 5 3 4 5 6 7 0 1 6 3 6 4 3 9 5 5 5 4 4
M[355] : 0 2 4 9 5 6 4 9 3 6 2 3 7 4 8 4 3 9 8 7 4 2
M[356] : 3 3 4 7 4 2 4 1 3 7 7 5 4 5 7 3 4 8 0 3 6 8
M[357] : 5 6 7 5 5 3 8 3 3 5 9 0 3 3 5 9 2 5 6 2 5 7
M[358] : 5 8 0 7 4 4 4 3 7 8 4 4 2 2 3 3 4 11 3 3 4 4
M[359] : 6 5 2 1 3 5 9 8 7 6 5 5 5 5 7 1 8 2 4 5 4 0
M[360] : 7 4 0 6 1 8 2 2 5 1 3 5 4 7 1 8 2 5 4 3 6 6
M[361] : 5 3 2 3 4 2 1 3 5 4 6 3 6 7 5 4 2 0 3 8 4 3
M[362] : 4 4 5 5 7 3 2 4 3 2 9 5 8 7 0 4 6 6 3 4 3 3
M[363] : 4 6 11 5 0 4 11 1 4 5 6 7 6 4 7 4 3 4 6 7 6 2
M[364] : 4 8 3 7 2 0 3 4 3 5 6 5 5 3 7 7 5 3 3 5 3 2
M[365] : 4 7 4 6 1 6 5 5 0 2 5 7 3 10 5 6 4 4 4 7 3 4
M[366] : 4 4 5 5 7 4 7 10 6 0 7 9 7 6 6 0 4 6 3 2 7 6
M[367] : 3 5 5 4 4 5 3 1 5 0 3 5 2 6 1 1 5 6 9 4 4 4
M[368] : 5 5 2 4 5 7 2 4 4 3 6 4 2 8 7 3 3 0 11 5 4 7
M[369] : 2 7 5 3 8 5 6 0 2 5 7 7 7 6 4 5 5 9 5 4 5 5
M[370] : 2 12 6 8 5 8 7 0 5 8 7 3 2 3 8 8 4 8 3 2 6 5
M[371] : 7 4 6 7 3 8 3 7 6 10 3 2 0 6 9 4 4 2 4 8 2 4
M[372] : 6 3 6 2 6 0 6 10 5 6 7 5 5 5 2 3 3 2 5 3 7 6
M[373] : 5 1 6 6 5 4 5 7 3 3 5 5 7 4 3 2 0 2 8 1 8 3
M[374] : 2 4 4 6 0 2 6 4 5 1 5 4 6 2 1 4 9 3 5 6 5 1
M[375] : 2 5 5 6 2 4 6 7 9 7 5 6 1 7 3 6 7 0 6 5 2 3
M[376] : 7 6 5 3 4 2 5 3 8 7 7 4 4 4 5 3 1 6 5 0 4 6
M[377] : 3 6 7 5 5 4 7 2 5 7 7 2 3 6 3 2 3 2 3 2 5 0
M[378] : 5 5 2 6 7 0 5 9 2 6 3 2 6 5 4 6 3 2 1 6 6 7
M[379] : 2 3 6 0 3 5 7 5 1 7 6 2 5 2 5 4 5 6 2 1 1 1
M[380] : 3 11 7 2 4 3 5 3 0 5 6 6 5 4 5 5 5 3 3 6 5 5
M[381] : 5 3 2 8 8 6 8 8 5 6 0 3 6 1 5 4 8 6 5 5 4 2
M[382] : 0 5 5 6 5 6 3 3 4 11 3 3 7 5 4 4 2 4 0 2 2 4
M[383] : 6 2 4 6 0 5 5 4 2 1 2 3 4 2 4 6 1 5 5 8 6 2
M[384] : 9 6 6 4 4 7 0 3 1 6 8 7 2 6 7 4 6 1 1 1 8 7
M[385] : 9 0 4 2 2 4 1 2 5 8 4 9 4 5 7 5 5 5 2 5 6 6
M[386] : 7 10 6 6 5 3 8 3 4 3 0 6 5 5 3 4 6 5 6 7 3 8
M[387] : 1 4 3 4 4 6 2 3 0 0 5 2 0 5 3 5 7 8 3 9 7 5
M[388] : 4 4 5 7 6 5 4 6 4 6 2 0 4 1 5 4 4 11 3 7 5 4
M[389] : 5 4 7 8 5 10 9 4 4 3 5 8 3 0 4 2 3 5 3 5 6 3
M[390] : 3 4 5 1 5 5 6 4 6 2 5 7 3 0 4 6 3 5 3 2 7 3
M[391] : 4 8 1 8 6 2 4 6 3 8 4 3 7 2 0 5 6 2 1 10 10 3
M[392] : 7 5 8 7 5 3 8 4 4 4 4 6 3 5 0 8 1 4 7 1 4 7
M[393] : 6 8 6 5 3 4 5 8 4 4 8 6 0 5 4 7 6 4 3 1 5 4
M[394] : 3 7 4 8 3 3 3 5 2 3 6 6 3 0 0 8 2 6 5 10 5 4
M[395] : 5 7 0 3 8 3 4 3 5 4 4 3 1 7 5 6 10 2 5 6 5 5
M[396] : 6 2 0 4 9 4 6 3 6 4 9 6 8 5 8 4 2 7 8 3 8 4
M[397] : 4 3 5 7 4 6 3 10 4 0 7 5 2 3 3 5 6 5 4 7 4 4
M[398] : 4 6 3 6 0 5 3 2 6 0 3 5 5 7 8 4 2 7 4 1 3 5
M[399] : 2 2 7 6 7 8 6 5 3 6 4 0 5 4 3 3 5 5 5 5 7 3
M[400] : 8 4 4 4 5 11 5 4 8 4 3 7 5 0 1 4 5 7 2 5 5 6
M[401] : 10 3 6 5 3 4 4 4 0 9 4 6 5 7 4 8 6 7 6 7 6 8
M[402] : 6 2 3 5 11 7 6 2 2 3 5 5 9 5 4 2 11 5 3 5 2 0
M[403] : 6 6 5 4 7 0 2 6 3 2 6 4 5 4 5 2 4 1 11 3 5 2
M[404] : 3 4 6 6 4 4 9 5 5 7 4 8 5 1 3 3 0 2 4 6 7 4
M[405] : 9 7 3 2 3 2 4 3 8 1 1 3 6 4 4 0 4 3 7 3 6 4
M[406] : 6 5 5 0 2 3 8 6 3 10 6 4 2 4 8 5 5 3 3 4 3 5
M[407] : 6 4 6 4 5 1 1 8 6 6 3 4 5 6 0 3 4 3 4 7 4 7
M[408] : 6 3 5 4 2 3 4 2 6 5 5 3 4 4 2 3 6 4 0 7 6 5
M[409] : 4 5 9 3 2 3 5 5 6 5 3 5 3 7 5 0 4 6 5 2 8 3
M[410] : 4 0 5 2 3 6 4 7 4 7 6 4 1 3 3 6 7 7 6 8 7 8
M[411] : 7 4 8 2 7 2 4 6 3 6 3 4 6 2 3 7 4 8 2 3 6 0
M[412] : 0 6 2 7 4 5 4 6 5 5 3 4 7 2 2 7 4 5 2 6 8 3
M[413] : 4 4 6 6 5 7 3 5 4 2 3 8 0 3 9 6 2 9 3 5 4 3
M[414] : 4 6 4 3 4 3 5 5 0 5 4 4 6 3 5 8 5 5 4 7 5 8
M[415] : 4 5 8 6 3 3 4 5 8 6 3 6 0 8 0 7 5 10 7 4 4 8
M[416] : 8 4 3 6 5 3 5 8 3 9 3 5 8 1 3 4 8 3 8 7 6 0
M[417] : 0 2 5 5 2 4 6 3 8 5 1 5 3 10 4 5 4 4 5 4 7 8
M[418] : 3 10 3 3 5 6 6 4 1 8 3 0 3 3 3 4 2 8 3 5 6 3
M[419] : 6 7 4 3 4 3 7 3 6 5 3 5 7 5 4 5 6 6 2 2 8 0
M[420] : 5 5 8 5 6 0 4 2 2 4 4 8 5 1 5 7 5 4 7 4 7 5
M[421] : 3 4 7 4 3 0 7 5 3 6 5 4 5 3 5 3 3 7 2 3 4 3
M[422] : 4 6 3 4 7 4 9 6 1 7 5 3 6 4 4 4 0 3 8 5 2 2
M[423] : 5 5 8 5 7 5 6 6 4 5 5 4 3 4 0 8 1 5 6 4 7 5
M[424] : 4 4 5 0 7 10 4 5 4 6 7 6 10 5 8 3 3 7 3 4 5 3
M[425] : 4 5 5 5 4 4 6 5 4 8 5 6 4 2 4 5 5 0 6 5 2 4
M[426] : 4 4 2 3 4 9 5 7 4 4 6 3 0 4 7 5 3 3 3 4 3 2
M[427] : 0 4 6 5 4 6 8 2 5 3 5 3 5 6 7 12 5 5 5 2 4 8
M[428] : 3 10 5 7 0 4 6 4 3 4 6 6 4 4 6 5 5 4 6 6 6 10
M[429] : 10 9 3 3 4 6 0 10 5 5 2 6 5 6 6 5 4 6 1 7 4 1
M[430] : 9 6 2 4 7 1 4 1 5 5 2 4 7 3 6 5 1 0 5 4 11 7
M[431] : 4 2 5 4 0 3 8 3 7 6 3 1 6 5 7 7 3 3 4 5 4 7
M[432] : 1 3 3 1 5 0 4 6 8 6 5 4 7 7 5 8 5 2 5 3 3 4
M[433] : 4 7 7 11 7 6 5 3 3 3 5 5 5 2 3 0 4 5 4 4 8 5
M[434] : 4 3 5 9 4 2 0 4 7 8 5 5 0 8 1 5 6 6 3 5 8 7
M[435] : 4 3 4 0 5 4 4 6 3 7 9 8 7 6 6 4 1 4 2 3 7 7
M[436] : 8 4 2 3 3 1 3 0 6 3 2 5 3 8 6 4 7 6 4 6 3 6
M[437] : 4 4 1 0 7 9 4 4 5 5 6 5 1 2 7 2 9 6 5 5 4 4
M[438] : 6 8 5 3 3 5 5 5 6 2 5 4 0 1 4 5 13 5 4 8 2 7
M[439] : 3 2 4 2 4 4 1 5 0 6 1 5 10 4 4 4 4 7 5 5 4 5
M[440] : 9 8 3 6 4 6 3 10 8 5 8 5 0 10 7 4 7 6 6 3 5 4
M[441] : 0 3 2 5 5 4 5 3 4 2 5 2 6 2 2 5 6 5 6 4 9 6
M[442] : 0 9 2 7 4 2 4 7 3 4 2 4 3 3 4 6 8 2 4 3 4 6
M[443] : 4 3 8 6 2 5 3 4 1 3 0 2 8 2 5 1 5 7 7 6 7 6
M[444] : 5 6 6 6 4 4 5 5 3 9 4 4 3 7 5 5 3 5 6 3 8 0
M[445] : 0 4 6 4 5 5 4 2 6 10 5 8 6 5 6 4 4 5 6 4 3 7
M[446] : 5 7 5 4 5 4 5 0 1 5 3 5 6 3 7 2 5 4 6 7 3 3
M[447] : 5 7 4 7 4 6 4 9 4 3 4 4 6 5 6 5 5 5 5 6 0 2
M[448] : 2 2 7 4 0 8 5 3 2 2 5 6 4 2 4 6 4 5 5 8 1 5
M[449] : 5 4 8 3 4 5 2 2 5 4 5 2 4 4 0 2 3 5 6 7 4 5
M[450] : 6 5 5 9 3 7 7 4 2 3 6 5 5 5 6 6 4 0 5 4 2 3
M[451] : 4 0 2 4 4 5 4 7 4 8 5 6 5 5 5 7 1 4 4 6 5 6
M[452] : 5 6 7 6 4 4 1 7 0 6 2 6 3 8 3 5 5 7 7 3 7 2
M[453] : 7 2 7 2 4 3 2 3 2 5 5 3 5 4 4 0 2 7 4 5 4 1
M[454] : 3 4 7 6 9 3 4 8 5 3 4 5 2 3 6 1 5 7 4 0 3 6
M[455] : 5 2 1 7 0 4 8 6 5 6 6 3 5 4 3 3 4 5 6 4 4 3
M[456] : 7 5 4 5 5 3 2 5 7 3 3 3 3 6 6 2 5 4 5 2 0 3
M[457] : 8 4 4 3 3 7 0 5 7 6 4 7 7 7 4 1 6 3 6 6 5 6
M[458] : 6 7 3 0 3 6 4 5 5 3 3 7 5 5 5 5 2 7 6 4 6 4
M[459] : 4 6 3 3 6 5 4 6 1 7 0 8 5 7 8 5 5 2 5 7 4 0
M[460] : 6 2 4 6 7 4 5 8 7 8 5 2 6 3 5 8 3 7 6 2 4 0
M[461] : 7 8 6 4 2 2 6 3 5 0 2 4 6 3 6 2 4 4 0 5 4 6
M[462] : 7 4 5 3 6 4 4 6 4 6 6 5 4 4 1 2 0 2 4 6 6 12
M[463] : 6 5 3 3 5 6 3 8 4 3 1 8 5 3 7 0 6 3 3 3 7 2
M[464] : 5 8 5 4 1 4 6 7 6 0 5 9 7 8 6 5 8 4 4 5 1 5
M[465] : 6 4 6 3 7 10 5 7 6 2 7 3 2 2 10 2 10 2 1 6 0 1
M[466] : 4 3 2 8 6 5 3 2 2 7 3 5 3 4 9 3 7 0 6 3 2 8
M[467] : 6 2 7 5 1 4 10 0 2 3 5 8 3 6 7 3 5 2 5 12 7 3
M[468] : 9 8 2 1 6 6 3 3 7 5 10 4 2 4 3 3 2 0 5 3 4 4
M[469] : 5 8 5 6 7 3 3 3 9 5 2 8 2 8 7 2 4 5 5 7 6 0
M[470] : 4 3 7 8 4 1 3 5 2 6 0 5 6 7 4 3 2 9 4 5 6 7
M[471] : 6 4 5 4 5 2 5 3 2 6 7 5 3 2 5 0 2 7 4 5 5 3
M[472] : 4 3 0 5 4 4 8 6 6 5 7 8 5 4 7 3 4 6 4 4 3 5
M[473] : 1 6 5 7 4 8 6 4 4 4 4 6 4 4 5 8 4 0 3 4 8 4
M[474] : 4 5 2 4 5 2 7 2 4 9 8 7 3 6 5 6 1 5 4 3 5 0
M[475] : 4 6 5 5 6 6 5 5 4 0 3 3 6 6 5 4 5 5 3 6 3 6
M[476] : 6 5 4 2 9 4 5 5 3 2 4 2 3 5 0 2 7 4 2 4 5 5
M[477] : 4 0 3 8 6 4 4 5 5 0 6 4 5 4 6 6 4 4 9 5 5 4
M[478] : 4 9 4 5 3 0 4 5 7 5 4 6 8 2 7 3 5 4 9 5 10 5
M[479] : 5 3 1 3 5 10 7 8 7 4 9 0 4 4 10 5 5 7 2 3 6 5
M[480] : 0 3 4 5 5 9 4 4 5 6 6 3 4 6 3 3 9 2 3 7 4 10
M[481] : 6 1 4 6 6 7 7 0 5 8 6 4 4 10 4 6 7 7 6 4 5 7
M[482] : 6 5 7 4 4 7 5 5 5 2 2 7 0 10 0 1 5 8 7 7 4 7
M[483] : 6 5 4 8 5 3 4 4 6 4 3 5 5 5 5 4 0 8 5 3 6 6
M[484] : 8 2 2 4 3 3 3 6 6 3 5 2 6 7 7 4 1 9 5 0 9 5
M[485] : 3 5 3 3 3 5 6 1 1 0 1 9 5 5 2 5 2 5 2 3 2 0
M[486] : 8 3 5 2 5 3 6 3 4 6 7 4 5 7 7 4 3 4 3 0 5 2
M[487] : 5 7 5 5 4 6 0 3 2 3 3 7 7 4 7 4 9 4 3 9 7 2
M[488] : 3 8 4 7 3 5 3 3 0 8 5 3 4 2 5 6 4 6 5 5 3 3
M[489] : 2 5 7 0 6 7 7 6 7 5 6 7 2 2 4 4 0 8 6 4 4 5
M[490] : 3 0 5 5 7 7 5 2 3 3 1 6 5 3 6 6 1 2 2 3 5 6
M[491] : 6 6 4 7 5 7 8 5 8 3 5 3 6 1 8 5 9 2 4 6 4 0
M[492] : 6 4 7 2 1 4 2 5 4 3 9 4 5 5 4 5 6 8 1 3 0 7
M[493] : 6 5 3 2 5 8 4 7 5 6 2 6 4 8 0 7 3 2 3 9 7 8
M[494] : 4 3 5 1 5 5 5 5 6 2 4 4 8 4 8 8 8 4 7 0 6 7
M[495] : 7 2 3 3 9 4 5 3 3 4 0 7 6 1 4 3 7 4 3 5 4 1
M[496] : 8 2 4 5 4 4 3 5 5 0 4 10 7 7 6 6 4 2 6 5 2 5
M[497] : 6 5 2 7 5 6 5 0 2 4 3 8 3 5 9 3 2 2 9 4 5 4
M[498] : 2 6 4 7 4 4 4 7 4 9 9 5 8 5 5 3 6 3 7 0 5 4
M[499] : 7 6 5 3 4 8 4 2 4 2 4 4 5 3 5 5 5 6 0 9 4 3
M[500] : 4 0 5 4 2 3 5 8 7 6 4 5 6 8 4 8 7 2 6 4 4 5
M[501] : 3 10 3 6 3 6 2 1 3 3 4 8 5 4 6 3 5 5 6 3 9 0
M[502] : 4 4 3 7 0 10 8 3 7 6 5 4 4 6 5 4 2 5 3 4 2 3
M[503] : 5 6 5 4 4 5 0 5 2 4 2 5 5 8 5 4 3 7 3 3 4 5
M[504] : 5 6 3 6 5 2 7 2 6 3 5 6 5 0 7 6 7 1 3 9 5 4
M[505] : 9 4 2 6 2 0 4 3 3 6 5 6 4 5 7 6 3 5 4 5 4 6
M[506] : 7 5 0 1 2 5 7 3 8 4 4 7 4 6 5 0 3 3 4 3 7 1
M[507] : 0 6 7 5 4 6 5 2 8 10 2 4 2 4 3 6 3 9 6 5 5 7
M[508] : 0 5 5 3 3 6 4 2 5 5 3 4 8 5 2 4 3 4 4 5 3 7
M[509] : 6 3 3 4 3 0 4 5 6 3 6 9 8 5 0 9 4 3 6 5 1 4
M[510] : 6 5 3 8 6 3 8 5 3 2 4 8 6 5 3 1 0 7 3 0 5 5
M[511] : 7 3 5 0 10 3 6 9 4 6 3 4 3 2 2 2 3 4 11 8 6 6
M[512] : 6 4 6 4 6 6 8 0 6 6 6 5 4 4 6 5 5 7 2 2 6 3
M[513] : 4 6 5 5 5 4 5 5 5 6 7 4 6 6 3 7 4 7 3 0 5 6
M[514] : 8 0 3 3 6 4 4 3 7 2 2 10 2 7 4 3 6 5 4 7 7 7
M[515] : 6 3 2 6 3 3 4 5 5 3 3 3 5 0 6 6 4 3 4 2 6 9
M[516] : 5 8 8 5 4 4 5 3 2 4 3 3 4 3 4 3 0 5 5 3 7 2
M[517] : 7 2 5 5 4 0 5 4 7 10 2 5 4 2 8 8 6 3 6 4 4 4
M[518] : 9 3 5 8 7 6 3 0 2 2 6 4 8 5 4 9 4 3 6 8 5 2
M[519] : 4 8 7 3 4 4 8 8 5 6 6 2 4 3 3 6 1 0 2 5 3 3
M[520] : 2 3 7 4 7 0 4 3 5 4 6 4 5 11 4 4 5 8 3 5 2 6
M[521] : 2 1 6 2 3 5 5 6 3 4 3 10 6 4 5 0 4 0 1 5 8 5
M[522] : 7 4 4 6 2 7 5 7 5 0 6 10 10 1 3 3 6 3 5 3 4 6
M[523] : 1 6 3 4 5 2 0 4 2 4 8 7 3 3 8 4 4 1 5 0 4 7
M[524] : 7 5 6 2 3 4 5 4 4 2 6 4 4 4 3 5 5 4 0 4 7 5
M[525] : 0 10 5 3 1 6 6 3 7 5 5 5 5 5 4 3 8 4 3 5 4 3
M[526] : 8 2 4 7 8 9 6 5 5 3 3 3 5 6 5 0 4 4 12 5 4 6
M[527] : 6 4 5 5 4 2 4 3 3 7 4 5 7 0 5 3 5 3 2 7 6 6
M[528] : 10 5 4 0 3 4 3 4 5 4 1 7 2 7 5 3 4 5 7 5 9 1
M[529] : 8 2 5 4 2 5 14 4 0 3 3 5 5 3 3 3 3 4 4 3 4 4
M[530] : 0 6 2 4 8 3 8 6 7 3 4 4 5 2 8 6 6 8 3 7 8 0
M[531] : 3 6 4 3 5 5 3 0 7 5 5 7 5 4 6 5 6 4 3 5 2 5
M[532] : 6 4 3 3 5 3 6 9 5 6 6 0 3 7 5 12 3 2 5 7 4 4
M[533] : 1 6 5 5 0 6 4 7 2 4 4 3 3 6 1 4 3 4 3 8 2 2
M[534] : 4 3 5 4 2 5 3 3 0 3 2 3 9 3 6 4 8 5 5 4 6 4
M[535] : 4 4 4 7 2 3 4 6 5 5 5 4 4 7 6 3 10 4 0 5 3 8
M[536] : 10 3 3 2 7 4 4 2 4 4 6 6 4 5 7 4 3 5 4 0 5 5
M[537] : 5 6 12 5 5 2 1 5 5 2 6 5 6 6 4 0 6 5 2 6 7 7
M[538] : 5 5 8 2 6 5 4 6 8 4 7 5 4 1 0 8 4 6 6 4 5 3
M[539] : 5 4 5 3 2 5 8 3 9 6 7 6 3 6 8 3 7 12 0 6 1 2
M[540] : 0 3 4 5 3 3 8 9 6 4 5 5 5 5 4 4 6 7 5 4 3 1
M[541] : 1 6 4 8 5 2 7 1 9 3 10 7 0 7 2 7 5 8 2 5 3 1
M[542] : 3 5 4 3 0 4 3 5 2 4 7 5 9 4 3 3 6 6 3 9 8 8
M[543] : 6 6 7 3 5 7 3 6 3 7 4 3 2 3 4 3 0 3 7 3 3 4
M[544] : 5 3 4 5 8 6 4 2 2 7 2 3 2 0 8 6 7 2 6 4 3 4
M[545] : 3 6 0 6 5 7 4 7 9 6 6 5 3 4 6 2 4 4 7 3 1 1
M[546] : 9 3 2 4 5 5 8 7 8 5 4 5 3 2 3 6 4 6 5 4 0 5
M[547] : 5 5 4 6 3 3 3 11 6 2 6 4 8 4 7 3 5 0 9 3 6 4
M[548] : 6 9 4 7 7 5 5 5 2 4 3 0 2 2 3 5 5 6 5 4 3 3
M[549] : 4 4 5 6 8 5 0 4 7 3 1 7 5 3 8 4 4 7 3 4 2 12
M[550] : 1 5 7 4 4 4 4 0 6 5 6 4 3 6 3 5 2 3 8 3 2 9
M[551] : 6 6 5 5 6 4 5 5 0 3 9 4 6 4 3 7 4 3 5 6 2 8
M[552] : 4 5 5 8 7 10 6 5 3 5 0 3 4 3 3 3 3 7 5 3 3 4
M[553] : 2 6 8 5 4 7 3 0 3 5 7 3 8 0 9 6 4 7 3 3 1 5
M[554] : 3 5 6 3 5 3 5 4 3 8 3 5 2 3 6 2 3 0 7 12 3 7
M[555] : 5 4 2 2 4 3 8 3 2 4 7 6 4 3 10 3 3 5 0 4 5 6
M[556] : 7 2 5 0 0 3 2 9 5 6 5 6 6 4 2 4 5 3 5 7 5 4
M[557] : 7 4 4 1 7 6 2 4 2 7 2 7 1 6 5 5 0 4 1 5 2 7
M[558] : 7 5 5 7 5 3 8 5 0 7 4 7 5 2 4 3 3 2 4 6 3 8
M[559] : 6 6 8 4 9 2 5 5 2 0 5 5 8 3 6 6 9 4 2 4 8 6
M[560] : 0 5 5 3 2 1 5 7 2 3 4 9 3 3 0 4 4 9 4 6 3 5
M[561] : 2 9 5 6 4 4 3 11 5 5 3 8 6 4 5 5 7 6 0 7 4 6
M[562] : 4 5 0 3 3 3 4 3 8 4 4 7 3 2 5 3 6 5 4 3 7 5
M[563] : 3 5 5 4 4 3 4 4 4 0 5 6 1 6 8 6 4 3 3 6 4 5
M[564] : 10 5 3 6 9 4 3 3 8 2 5 2 7 4 5 8 4 8 5 7 0 8
M[565] : 6 5 7 4 8 3 3 6 5 5 2 7 2 4 5 6 0 2 5 4 6 5
M[566] : 4 5 5 3 4 9 4 4 5 1 2 5 5 7 0 7 4 3 6 5 6 1
M[567] : 3 4 8 5 3 3 3 3 5 3 6 5 0 4 1 7 3 6 6 5 3 3
M[568] : 5 3 3 2 4 7 6 3 4 2 5 0 4 3 2 7 6 3 4 4 5 6
M[569] : 4 8 4 8 5 4 6 4 4 0 3 6 3 9 5 6 4 3 5 6 3 10
M[570] : 3 4 3 6 3 4 4 4 3 5 3 4 5 0 6 1 4 4 6 5 5 4
M[571] : 4 6 2 6 4 5 3 4 6 5 10 2 6 4 4 5 0 10 4 9 5 6
M[572] : 3 3 5 9 2 6 6 4 6 3 3 0 4 7 9 4 2 4 5 6 3 7
M[573] : 3 3 4 3 5 3 5 5 2 3 2 1 0 6 3 8 4 3 5 5 3 7
M[574] : 4 6 5 4 6 3 7 5 1 1 3 4 5 5 3 5 0 6 5 3 8 7
M[575] : 2 6 9 5 4 6 8 3 8 1 5 0 3 7 5 4 6 6 5 8 7 3
M[576] : 3 6 9 5 6 2 3 4 3 5 3 7 2 5 3 3 0 5 7 5 6 5
M[577] : 2 8 6 3 4 6 4 2 4 6 0 3 5 3 3 4 8 8 4 9 3 5
M[578] : 3 0 7 5 2 4 7 6 6 8 2 5 5 6 7 6 5 4 7 3 3 6
M[579] : 8 4 3 3 3 4 6 8 3 7 5 4 4 0 4 4 7 5 4 2 3 7
M[580] : 7 5 5 2 4 3 8 4 6 4 3 6 3 4 6 6 8 4 7 6 0 9
M[581] : 5 3 4 4 8 8 6 8 4 6 4 6 0 2 3 6 7 2 6 3 10 5
M[582] : 6 8 5 4 0 4 8 0 1 6 4 4 6 6 3 7 5 10 4 5 3 5
M[583] : 3 6 2 4 3 5 6 3 3 2 5 8 3 5 2 6 3 4 3 5 4 0
M[584] : 6 5 5 4 5 7 3 5 3 4 7 8 6 6 5 3 7 3 3 13 3 0
M[585] : 2 4 8 4 6 6 3 4 3 7 8 0 7 3 3 7 4 6 5 5 5 4
M[586] : 0 5 4 6 4 5 2 7 2 1 3 5 4 5 3 10 6 4 7 9 5 3
M[587] : 3 7 2 0 6 5 5 6 2 7 7 6 4 7 3 5 5 3 4 3 6 3
M[588] : 8 4 4 2 5 9 6 9 2 3 4 7 7 3 3 5 3 0 3 5 1 2
M[589] : 6 5 4 4 5 1 2 4 3 2 0 3 3 6 3 4 2 7 3 3 6 4
M[590] : 4 3 4 3 8 0 6 1 3 2 0 4 4 3 6 7 7 4 4 5 2 3
M[591] : 1 7 4 0 4 4 3 3 9 2 6 2 5 4 6 8 10 5 2 5 5 3
M[592] : 5 3 5 5 1 4 4 4 0 5 7 2 6 3 4 8 4 2 6 5 5 5
M[593] : 4 3 6 4 5 4 4 6 7 4 2 4 5 6 3 0 6 1 3 3 4 4
M[594] : 5 5 3 3 5 6 3 4 5 2 3 3 5 4 3 3 0 6 5 6 6 4
M[595] : 5 5 7 0 6 1 7 3 0 5 4 3 4 4 6 5 3 7 5 2 3 3
M[596] : 4 6 0 4 4 4 8 2 5 5 4 6 5 4 8 8 2 3 6 5 7 4
M[597] : 6 3 7 4 4 6 0 4 5 10 9 6 3 4 5 4 4 4 4 7 3 3
M[598] : 2 8 4 6 3 5 5 6 6 7 5 0 7 6 3 6 5 7 4 5 2 4
M[599] : 4 4 6 0 3 6 4 5 7 6 3 6 2 5 3 5 7 5 2 4 3 5
M[600] : 1 7 4 6 0 4 4 2 7 6 4 9 3 5 5 4 0 2 9 5 1 4
M[601] : 6 4 6 5 6 5 4 3 7 2 5 4 0 6 6 6 3 5 3 6 2 10
M[602] : 4 1 2 4 6 2 4 2 5 6 4 4 4 7 2 3 0 5 3 3 4 7
M[603] : 4 3 6 3 0 5 4 7 4 6 3 9 4 2 0 5 5 3 3 6 4 5
M[604] : 6 4 8 6 0 6 3 3 10 5 5 5 7 4 6 4 5 4 6 3 6 9
M[605] : 2 5 5 6 7 3 3 3 3 5 3 8 7 4 0 8 1 4 3 4 2 1
M[606] : 0 5 8 5 1 3 5 4 4 4 0 6 2 4 6 0 6 4 5 4 1 6
M[607] : 4 2 4 1 6 5 5 3 5 2 6 3 7 3 2 1 3 0 5 5 2 6
M[608] : 2 5 7 4 4 2 4 6 8 4 2 5 0 4 5 3 6 5 3 2 7 6
M[609] : 2 4 0 2 3 2 3 2 2 5 4 4 5 6 5 3 3 5 6 4 3 5
M[610] : 5 2 2 3 4 4 4 7 2 5 6 6 7 5 5 0 3 5 3 2 6 6
M[611] : 4 4 6 2 7 6 2 3 3 8 6 5 0 6 8 11 3 7 7 5 10 6
M[612] : 10 1 4 5 4 3 6 6 4 5 5 1 7 2 7 8 0 4 4 1 3 2
M[613] : 7 5 0 4 4 10 4 2 4 5 3 7 5 4 9 5 5 5 4 8 6 3
M[614] : 1 3 6 7 1 3 5 6 4 5 0 4 5 6 4 4 2 4 2 5 4 4
M[615] : 5 3 5 3 5 5 3 4 5 2 4 2 4 1 2 8 3 2 7 5 10 0
M[616] : 2 4 10 4 0 4 4 4 2 2 5 7 7 6 5 3 5 3 4 6 2 5
M[617] : 3 0 9 4 4 3 3 3 2 7 6 2 6 3 11 6 9 6 3 5 6 6
M[618] : 7 0 4 3 3 6 2 3 6 6 8 5 2 7 4 3 6 9 5 4 9 5
M[619] : 10 5 5 0 6 3 8 5 3 3 6 8 5 7 5 3 4 4 4 0 3 3
M[620] : 4 4 4 3 4 4 0 4 7 1 4 2 4 5 6 4 3 11 4 3 4 6
M[621] : 3 3 3 5 6 6 5 5 3 4 6 7 0 9 2 5 1 6 4 5 5 4
M[622] : 3 3 5 3 2 7 8 0 5 4 2 3 5 7 5 10 5 4 5 4 2 11
M[623] : 7 5 5 7 4 6 4 4 2 9 4 3 7 2 8 4 0 2 3 6 9 5
M[624] : 6 6 0 4 8 5 6 5 7 3 5 4 4 5 8 5 2 1 5 3 4 2
M[625] : 6 4 5 9 2 5 8 5 6 5 2 5 5 0 6 7 4 4 5 9 5 10
M[626] : 8 4 4 6 5 0 11 5 7 5 6 8 6 3 5 1 6 4 6 2 5 9
M[627] : 7 7 3 2 3 6 3 3 5 8 6 8 6 6 5 5 0 8 3 1 3 6
M[628] : 6 5 7 6 4 1 7 5 3 7 7 7 4 7 0 4 3 3 4 4 9 3
M[629] : 3 4 6 5 6 4 9 7 4 5 11 3 3 3 9 3 7 8 5 7 3 0
M[630] : 4 4 6 5 0 6 4 8 6 5 4 5 3 7 1 6 5 6 2 2 3 7
M[631] : 3 4 6 5 7 0 5 5 3 4 5 6 6 6 6 7 6 3 8 3 9 6
M[632] : 2 5 3 5 5 5 5 6 6 3 0 0 3 3 8 2 4 3 3 4 4 4
M[633] : 5 6 5 0 2 8 4 3 5 6 2 2 8 7 3 2 7 4 5 9 7 5
M[634] : 6 5 3 3 2 4 5 6 5 5 5 0 5 4 3 4 4 5 2 3 4 4
M[635] : 1 4 2 6 5 4 6 5 2 5 5 4 4 6 3 6 0 3 5 6 2 3
M[636] : 2 4 4 6 5 5 5 8 5 10 9 3 3 3 3 5 3 4 7 4 7 0
M[637] : 5 8 6 9 4 8 5 3 8 9 9 2 2 3 6 6 8 4 6 0 8 5
M[638] : 5 2 2 4 5 0 2 9 4 5 3 3 6 5 6 3 5 4 6 8 6 3
M[639] : 6 6 3 5 6 1 5 4 9 4 3 5 0 3 7 3 9 6 7 6 3 4
M[640] : 2 7 4 5 9 4 8 2 8 6 8 3 0 5 7 3 3 6 5 6 7 4
M[641] : 7 2 3 6 2 4 4 6 0 9 9 1 8 5 5 4 3 4 4 3 2 6
M[642] : 0 7 4 4 6 5 4 4 4 4 5 7 3 1 6 3 7 5 4 4 5 4
M[643] : 6 4 4 3 3 6 6 4 2 9 3 8 6 8 10 6 0 3 3 3 7 5
M[644] : 4 4 8 6 2 3 6 0 5 5 4 4 2 2 8 3 1 8 3 5 4 3
M[645] : 8 5 6 3 6 8 4 2 0 8 4 2 4 4 4 5 1 6 6 6 4 2
M[646] : 5 6 4 1 3 10 6 4 10 6 3 4 6 3 4 0 2 3 5 4 4 2
M[647] : 4 3 7 2 6 4 1 2 0 6 5 5 6 9 5 3 6 5 6 3 4 5
M[648] : 3 9 2 4 4 4 6 2 4 5 2 8 2 11 8 5 4 0 2 5 4 4
M[649] : 4 0 4 4 3 4 4 3 4 6 6 8 9 5 0 7 6 4 5 5 6 8
M[650] : 4 4 8 3 9 0 6 11 1 4 5 5 4 2 3 8 6 3 8 7 2 6
M[651] : 4 3 6 2 3 8 4 5 8 2 2 4 0 5 2 1 9 3 5 7 7 6
M[652] : 8 3 1 4 5 4 1 2 6 2 6 4 0 0 3 3 1 4 6 5 4 5
M[653] : 7 9 5 2 6 8 6 5 1 0 7 10 5 1 7 6 7 3 11 2 5 5
M[654] : 7 5 2 3 5 6 0 0 8 5 1 4 5 6 4 6 3 5 5 6 3 3
M[655] : 8 2 4 6 4 3 3 0 4 5 8 7 8 4 4 7 1 4 4 4 4 6
M[656] : 4 5 2 2 6 8 6 4 6 4 2 7 5 3 0 5 2 2 5 4 4 0
M[657] : 3 7 5 0 3 1 6 2 5 11 6 6 4 3 6 8 5 9 9 7 3 3
M[658] : 4 3 5 7 0 6 4 4 6 2 5 3 7 3 4 5 8 2 7 4 4 6
M[659] : 3 3 4 3 0 4 5 4 5 2 7 7 3 4 5 4 7 8 7 6 4 4
M[660] : 8 5 4 8 4 3 6 0 6 4 5 3 6 6 5 3 4 5 5 7 7 7
M[661] : 5 0 5 8 1 7 3 6 3 4 6 7 4 4 9 6 1 6 1 6 10 1
M[662] : 5 7 5 4 1 4 5 5 8 4 12 6 4 5 5 0 5 7 7 5 1 0
M[663] : 6 7 5 3 6 6 4 11 5 5 7 6 4 2 4 0 4 5 2 1 6 8
M[664] : 5 3 2 3 4 5 7 0 6 3 7 5 2 6 6 7 3 7 4 5 4 4
M[665] : 2 6 5 3 5 1 3 7 10 5 11 7 6 1 6 0 8 3 3 6 3 2
M[666] : 1 9 5 5 6 5 6 7 6 3 5 3 3 4 6 6 6 5 4 0 2 2
M[667] : 1 6 2 1 6 0 6 8 2 5 6 3 5 5 0 3 4 3 4 4 4 8
M[668] : 5 6 6 7 3 5 3 5 2 5 5 0 1 4 4 6 4 7 4 7 4 7
M[669] : 5 3 1 7 3 2 6 0 9 6 8 5 3 4 5 7 6 6 2 8 6 5
M[670] : 3 0 1 2 4 3 3 3 8 3 7 3 2 8 4 9 4 5 7 7 4 4
M[671] : 3 5 5 3 3 6 5 0 8 2 4 2 6 3 0 6 8 1 5 4 7 2
M[672] : 3 7 5 7 4 6 6 6 6 4 3 9 5 5 4 2 7 0 2 4 3 5
M[673] : 3 6 3 10 5 6 4 3 7 5 6 7 10 6 4 5 3 1 0 4 5 4
M[674] : 4 4 5 7 3 5 4 5 4 3 7 3 5 5 5 4 5 0 3 4 5 4
M[675] : 2 0 3 9 7 4 6 7 8 5 3 7 8 7 6 6 2 4 4 9 11 8
M[676] : 3 3 4 9 6 5 6 5 9 6 6 4 5 3 5 0 5 10 5 3 3 4
M[677] : 0 8 3 3 5 8 4 4 6 0 4 3 7 0 4 5 8 4 5 5 3 5
M[678] : 5 8 5 5 4 3 6 5 1 3 1 3 3 10 3 1 0 7 6 7 4 4
M[679] : 5 1 5 4 5 6 4 4 7 8 3 8 4 3 1 4 0 5 6 5 3 9
M[680] : 3 3 4 4 5 3 5 0 7 3 5 3 7 6 9 7 9 3 6 4 9 3
M[681] : 4 4 3 6 8 8 4 5 3 4 0 6 5 6 4 2 7 10 5 3 7 7
M[682] : 3 6 9 5 4 2 3 4 0 1 6 4 7 3 7 5 6 6 6 6 8 1
M[683] : 4 3 1 7 3 7 4 6 6 3 7 3 7 6 0 2 5 4 7 4 2 4
M[684] : 6 11 4 5 6 5 6 3 6 0 4 3 3 3 5 4 5 4 3 6 6 3
M[685] : 4 6 6 3 6 3 6 3 4 4 7 2 4 3 7 6 6 1 1 0 12 3
M[686] : 6 3 6 7 7 2 6 5 6 7 7 0 8 2 9 7 7 4 5 4 9 5
M[687] : 5 0 5 2 4 2 2 3 6 6 2 7 7 4 7 6 0 6 1 5 3 4
M[688] : 2 7 5 0 7 10 8 5 6 4 8 4 3 4 3 6 2 3 5 6 2 3
M[689] : 3 7 3 3 4 4 3 2 8 0 6 6 1 3 3 5 4 4 7 1 4 6
M[690] : 5 7 3 4 5 1 2 5 0 5 3 4 6 3 4 5 4 10 6 5 5 4
M[691] : 7 6 5 5 5 1 3 5 6 0 6 2 7 5 2 5 4 6 0 5 5 1
M[692] : 5 5 2 2 4 5 5 6 2 6 0 6 3 7 7 2 2 6 9 8 10 6
M[693] : 11 2 3 0 5 5 6 6 2 3 5 6 4 2 5 0 4 5 5 5 7 4
M[694] : 3 2 6 5 8 2 2 4 5 5 4 8 2 6 7 0 2 3 3 5 6 2
M[695] : 3 6 3 3 5 1 2 5 1 6 6 7 7 3 5 3 3 4 0 8 4 3
M[696] : 7 6 4 4 2 7 2 6 7 9 5 3 2 8 2 9 8 4 0 7 5 3
M[697] : 4 1 4 4 5 6 9 1 5 4 4 1 5 6 5 3 4 2 0 5 7 4
M[698] : 4 8 7 2 5 5 5 4 5 8 1 5 8 5 7 3 6 4 2 0 7 6
M[699] : 3 2 3 6 6 0 3 5 5 9 6 6 2 3 8 4 5 4 4 6 6 3
M[700] : 3 7 2 8 3 2 4 8 3 6 7 3 5 5 0 5 2 0 3 3 5 5
M[701] : 8 3 0 3 3 3 2 4 7 6 8 8 4 7 6 1 5 6 6 8 3 4
M[702] : 12 5 4 2 7 3 9 5 3 1 2 5 4 4 9 5 8 6 1 0 5 8
M[703] : 3 9 3 2 3 5 6 6 6 7 5 6 4 4 5 6 5 0 7 2 7 2
M[704] : 8 7 7 2 3 3 5 10 3 4 4 6 4 4 5 7 9 0 3 4 4 5
M[705] : 10 3 4 2 8 6 4 0 4 9 3 4 4 4 3 4 2 2 2 5 1 6
M[706] : 3 5 7 8 5 10 6 6 10 2 3 6 3 1 5 6 3 5 0 3 7 1
M[707] : 5 5 6 4 0 5 7 5 7 4 1 3 6 2 8 7 3 5 2 7 6 5
M[708] : 6 7 7 3 5 9 3 3 5 4 2 4 4 5 0 5 5 6 6 4 4 5
M[709] : 5 6 8 5 4 4 8 4 2 7 7 3 9 5 4 5 3 0 4 6 5 4
M[710] : 6 3 5 5 2 6 3 4 1 9 5 6 7 2 6 0 6 8 3 5 5 4
M[711] : 4 8 3 9 2 5 4 0 6 4 2 4 9 8 9 8 5 3 5 6 7 2
M[712] : 0 3 2 7 5 3 5 5 5 3 7 7 4 5 6 7 3 5 4 4 4 6
M[713] : 10 6 5 7 7 9 6 2 5 0 4 3 4 4 5 5 3 3 5 8 3 4
M[714] : 2 5 5 7 5 5 4 8 0 4 7 2 0 5 2 7 2 2 5 6 5 5
M[715] : 3 7 5 6 10 4 2 10 4 5 5 1 1 0 6 4 6 6 5 5 3 5
M[716] : 3 1 2 2 3 4 10 7 5 6 4 2 9 4 7 6 0 6 4 4 5 7
M[717] : 4 4 3 5 6 2 8 4 3 0 7 5 4 5 3 6 8 6 8 6 3 6
M[718] : 1 0 6 5 5 6 6 2 9 4 4 7 3 7 6 6 6 9 5 7 2 4
M[719] : 2 6 6 0 6 2 4 4 7 5 5 4 5 0 2 1 1 4 6 10 4 2
M[720] : 3 8 5 6 7 3 9 4 5 3 4 6 2 9 6 0 7 3 4 4 7 5
M[721] : 8 5 1 7 4 10 5 9 4 4 3 0 1 11 7 3 6 7 6 5 3 5
M[722] : 9 3 3 2 1 0 5 6 2 3 6 5 5 6 3 2 6 1 4 5 4 5
M[723] : 6 8 2 1 4 6 4 6 1 4 3 3 3 5 5 5 3 2 7 8 3 0
M[724] : 7 5 3 3 5 0 4 4 4 3 8 6 2 3 1 4 5 13 4 6 3 3
M[725] : 6 6 0 5 3 1 8 6 3 7 3 1 5 6 8 3 4 6 4 6 6 5
M[726] : 3 2 7 2 3 5 2 5 5 3 2 5 1 0 6 6 4 5 5 2 4 4
M[727] : 5 4 3 3 4 5 3 7 4 6 10 6 3 4 5 4 5 0 4 5 4 6
M[728] : 3 8 2 3 8 3 1 7 5 1 3 4 5 3 7 7 6 6 3 0 4 3
M[729] : 2 6 3 7 2 5 1 4 8 6 0 8 7 5 8 5 3 6 5 9 7 5
M[730] : 7 11 7 4 2 6 4 7 7 2 3 7 5 3 4 4 5 5 0 8 7 5
M[731] : 4 2 4 4 3 4 6 6 3 8 4 0 3 4 6 6 4 5 1 5 2 6
M[732] : 5 8 4 4 10 4 4 3 4 3 3 8 8 0 7 5 2 7 2 3 5 4
M[733] : 7 6 3 0 5 5 9 1 6 3 5 5 4 4 6 6 3 6 5 3 4 2
M[734] : 3 2 4 2 3 3 3 5 5 8 3 2 4 4 10 1 3 6 2 5 0 6
M[735] : 1 3 4 4 3 4 6 4 3 6 7 5 5 0 2 4 7 6 4 10 1 6
M[736] : 7 7 6 6 7 4 7 9 6 3 4 3 4 0 6 2 3 6 3 4 8 5
M[737] : 4 0 7 3 5 3 3 3 4 9 5 3 5 5 2 8 4 9 3 3 2 4
M[738] : 4 4 3 8 7 7 5 2 5 5 5 8 6 4 6 6 2 6 6 8 0 5
M[739] : 0 7 5 2 4 2 7 4 3 6 5 6 4 3 3 5 4 5 4 3 5 1
M[740] : 7 6 4 6 6 7 5 3 8 4 7 0 6 9 7 5 3 5 9 7 8 4
M[741] : 4 5 6 5 7 10 5 6 3 4 9 2 6 5 0 7 6 4 3 7 5 3
M[742] : 2 5 3 6 4 2 7 2 3 3 4 6 1 7 4 3 3 0 6 6 2 4
M[743] : 4 2 2 2 6 0 7 5 4 4 3 4 1 2 7 5 7 6 6 5 5 3
M[744] : 0 5 5 5 4 4 2 8 4 6 2 5 4 1 3 4 5 7 4 5 10 1
M[745] : 5 5 0 3 7 6 7 9 9 4 4 6 4 3 4 8 2 6 5 4 3 6
M[746] : 3 4 0 8 6 6 5 4 4 5 2 5 2 5 4 4 3 5 7 5 3 4
M[747] : 4 5 5 6 0 5 4 10 4 4 2 3 4 7 2 8 8 7 2 5 6 6
M[748] : 6 4 4 0 3 4 8 6 4 6 7 4 4 3 2 5 3 3 4 2 3 4
M[749] : 6 3 3 7 6 6 2 6 4 5 5 10 11 6 5 7 4 6 5 5 0 4
M[750] : 3 4 4 5 3 5 4 5 5 0 7 5 4 2 7 3 7 5 2 6 6 5
M[751] : 4 6 0 5 6 5 3 5 5 5 5 2 3 3 4 9 4 5 10 8 5 4
M[752] : 2 0 4 10 5 2 6 7 6 5 5 6 4 6 4 2 3 9 9 6 5 6
M[753] : 4 6 2 6 4 6 2 5 4 5 0 6 5 6 9 4 2 5 4 4 7 5
M[754] : 7 2 3 7 5 4 5 8 1 6 5 5 4 7 6 3 8 7 3 2 0 4
M[755] : 5 0 3 3 6 5 4 7 5 6 6 3 2 6 7 4 4 5 5 4 8 3
M[756] : 6 10 3 3 3 4 4 2 1 5 2 1 7 2 6 7 6 3 5 7 0 4
M[757] : 4 5 7 14 3 4 9 8 4 6 4 6 8 4 2 8 2 2 3 0 6 5
M[758] : 4 4 2 7 4 2 2 3 6 3 2 2 5 2 4 2 0 2 8 7 3 4
M[759] : 3 6 5 5 3 4 5 8 7 3 6 0 9 5 3 3 2 5 5 4 5 4
M[760] : 6 4 8 8 7 2 10 2 5 2 0 3 5 4 8 6 5 2 7 3 5 9
M[761] : 4 3 9 7 4 2 8 7 3 6 10 8 3 3 7 4 5 0 8 5 3 7
M[762] : 0 11 5 4 7 7 8 3 4 4 6 0 3 3 12 4 5 3 5 5 9 4
M[763] : 7 7 6 8 4 5 3 7 2 6 4 6 7 0 3 6 3 6 5 4 6 4
M[764] : 6 9 3 2 5 2 6 3 4 5 6 2 4 6 0 5 8 4 8 5 11 4
M[765] : 5 9 0 5 4 5 8 3 5 5 3 9 5 4 4 2 3 3 4 2 7 6
M[766] : 6 5 5 2 6 5 5 8 5 2 4 3 3 4 4 0 2 4 7 5 7 4
M[767] : 0 6 4 6 2 5 2 5 1 4 1 5 2 5 4 7 5 6 4 4 0 2
M[768] : 0 4 6 3 2 4 3 7 7 6 3 5 3 3 3 2 2 3 5 2 7 4
M[769] : 2 3 3 2 6 8 4 6 7 7 7 4 3 4 5 9 6 7 7 3 4 0
M[770] : 2 4 8 6 4 3 5 7 5 2 9 8 3 5 4 2 7 0 4 6 6 8
M[771] : 4 4 4 4 7 0 4 5 6 4 8 6 3 5 3 5 5 4 5 2 4 3
M[772] : 6 2 0 4 6 2 2 6 4 3 7 4 6 4 4 5 7 3 8 5 2 3
M[773] : 2 5 5 7 10 6 1 7 4 5 4 5 7 4 5 8 5 4 2 0 7 10
M[774] : 4 4 5 5 0 7 3 7 2 5 3 4 5 2 8 5 4 6 6 2 6 4
M[775] : 5 4 5 5 4 6 3 2 5 4 7 4 3 4 2 5 0 3 4 6 6 4
M[776] : 7 4 6 6 7 6 0 3 3 4 7 4 4 7 3 6 8 4 3 4 4 9
M[777] : 4 5 6 6 4 8 6 7 3 7 0 7 5 6 7 6 4 3 4 1 4 8
M[778] : 4 7 4 7 7 5 4 4 1 0 3 6 3 11 5 2 5 2 7 5 7 4
M[779] : 8 5 7 4 0 4 3 5 5 6 5 1 3 5 7 4 3 6 1 7 5 1
M[780] : 4 2 8 6 4 6 2 3 5 2 7 4 2 3 3 6 6 5 3 8 0 2
M[781] : 5 7 3 5 5 3 3 6 7 4 7 4 0 5 1 4 6 6 4 2 4 0
M[782] : 5 7 5 1 4 5 0 5 4 6 2 2 5 8 3 10 1 4 6 2 5 5
M[783] : 4 7 4 4 5 0 2 7 5 6 4 10 4 2 8 3 6 5 2 7 5 7
M[784] : 5 3 8 7 0 7 6 6 4 8 4 5 4 3 5 5 4 1 3 6 8 5
M[785] : 6 10 3 0 3 4 3 5 6 4 2 6 5 2 4 6 4 6 7 3 9 4
M[786] : 0 7 5 5 3 3 5 5 8 3 3 5 6 3 4 3 7 7 8 5 5 7
M[787] : 3 0 2 7 5 2 5 2 8 3 4 8 5 10 5 6 4 3 4 3 5 4
M[788] : 1 6 4 3 4 4 11 5 5 2 6 5 5 0 4 5 3 2 3 4 3 2
M[789] : 4 3 4 2 8 5 5 2 9 7 3 5 2 5 5 7 3 3 6 3 0 3
M[790] : 5 3 4 8 10 0 8 5 2 5 4 2 3 7 4 6 5 4 5 2 4 3
M[791] : 4 4 5 8 5 3 3 1 8 0 2 3 5 5 5 9 2 6 4 9 8 5
M[792] : 0 4 4 5 4 4 4 4 2 5 4 5 2 4 7 5 5 4 6 4 9 3
M[793] : 7 3 3 3 0 3 2 8 6 5 4 4 4 4 7 7 3 4 6 3 4 6
M[794] : 9 3 4 10 3 5 5 4 6 3 3 5 5 0 7 7 4 3 7 0 7 4
M[795] : 2 12 4 4 4 1 8 1 5 3 7 4 9 4 5 0 8 2 3 5 3 4
M[796] : 5 4 4 0 5 4 7 3 4 3 8 6 4 7 4 6 3 7 4 7 4 3
M[797] : 2 4 6 2 1 3 4 2 0 5 2 4 6 7 4 4 5 3 5 6 7 6
M[798] : 3 4 3 2 5 7 5 3 4 3 2 6 5 4 6 0 7 4 5 4 9 6
M[799] : 2 5 1 8 0 5 4 5 1 8 3 2 4 6 5 5 5 3 3 4 3 5
M[800] : 3 0 6 5 4 8 6 3 6 4 2 7 6 5 7 4 5 6 9 4 5 6
M[801] : 7 1 7 2 7 0 7 3 2 3 7 5 5 9 3 9 4 5 4 7 1 8
M[802] : 4 4 6 8 1 2 7 1 5 1 0 8 6 1 6 4 5 2 3 5 6 5
M[803] : 7 0 8 5 8 4 6 3 4 5 4 1 7 2 5 4 4 2 4 9 7 3
M[804] : 4 5 3 6 6 4 5 0 1 5 3 3 2 5 3 4 7 2 2 4 1 4
M[805] : 4 2 6 2 6 5 9 3 5 2 8 4 5 8 5 8 2 3 4 9 6 0
M[806] : 3 3 9 0 3 3 3 3 6 9 9 5 4 6 6 4 3 5 6 8 6 9
M[807] : 3 3 5 8 11 8 0 3 6 5 4 10 2 6 2 2 2 5 7 14 2 6
M[808] : 8 3 7 6 5 6 6 4 2 3 4 4 1 0 5 7 4 6 4 8 2 5
M[809] : 5 5 5 4 8 6 4 6 14 4 3 6 3 7 6 5 6 2 0 1 7 9
M[810] : 6 3 4 4 4 4 6 3 8 7 6 3 7 4 5 4 0 2 6 8 1 3
M[811] : 5 6 3 4 2 5 4 4 2 2 9 7 5 4 4 6 5 0 8 10 5 5
M[812] : 5 0 7 7 7 2 8 9 6 11 4 6 4 3 5 6 8 3 8 7 5 3
M[813] : 5 2 8 5 7 7 4 7 6 5 4 4 4 4 6 5 4 2 5 2 5 0
M[814] : 3 5 5 2 8 7 4 4 4 4 3 6 6 4 3 5 2 2 3 3 0 5
M[815] : 4 4 2 5 7 6 1 0 2 3 1 8 10 7 3 5 5 9 4 3 2 4
M[816] : 6 7 5 10 5 0 3 4 5 6 2 3 3 9 2 7 5 6 9 4 7 6
M[817] : 7 5 4 10 4 3 6 2 9 5 0 7 5 3 7 9 2 4 5 5 3 2
M[818] : 8 7 8 7 5 4 6 4 3 7 3 6 2 6 5 3 8 9 9 7 0 1
M[819] : 5 8 7 4 8 4 5 2 4 2 7 2 6 2 0 4 4 5 2 7 2 5
M[820] : 4 4 5 5 3 1 5 7 5 10 6 3 8 3 0 2 5 3 3 5 3 5
M[821] : 3 2 7 3 0 4 3 7 6 6 3 8 4 5 10 3 6 4 3 6 6 8
M[822] : 5 3 6 5 3 8 0 5 3 5 3 5 4 5 5 4 3 6 2 7 4 5
M[823] : 5 5 6 5 4 4 3 2 0 5 4 5 5 8 5 8 4 5 7 4 7 3
M[824] : 3 5 5 2 2 4 5 5 3 3 0 3 4 5 7 5 7 4 6 9 7 6
M[825] : 4 7 7 4 6 4 2 4 5 3 5 2 7 0 5 4 1 5 7 2 3 2
M[826] : 4 5 3 4 9 7 4 2 4 3 4 4 5 4 3 4 5 5 5 0 5 2
M[827] : 5 5 6 7 4 5 4 6 6 6 5 4 5 6 2 6 7 0 3 9 5 5
M[828] : 8 3 5 1 7 6 8 5 4 0 5 5 3 2 3 1 3 8 3 1 5 7
M[829] : 5 4 9 8 6 5 4 4 4 0 4 7 4 5 2 3 4 3 4 4 5 2
M[830] : 1 5 4 6 4 4 4 7 4 4 4 5 2 3 0 4 1 7 2 6 4 7
M[831] : 2 3 1 6 5 7 5 4 8 3 9 2 6 4 5 4 2 4 6 3 0 4
M[832] : 9 7 4 6 2 5 2 1 4 5 5 2 5 4 2 8 3 0 8 6 4 1
M[833] : 5 3 7 5 5 7 0 6 3 2 4 1 6 6 3 4 4 6 9 6 6 5
M[834] : 3 3 6 5 3 4 2 6 9 2 0 6 6 4 6 7 3 8 0 5 3 4
M[835] : 7 3 6 1 8 7 3 7 7 4 6 0 5 4 1 5 4 5 2 4 1 2
M[836] : 6 7 6 3 3 7 4 7 3 1 9 3 0 4 7 4 1 6 5 3 4 6
M[837] : 3 5 2 5 3 3 2 4 6 4 4 5 0 5 4 8 6 6 7 9 6 3
M[838] : 5 3 0 4 3 3 6 7 3 5 7 1 5 3 6 7 3 2 7 4 4 3
M[839] : 4 8 8 3 5 11 7 3 7 3 5 6 3 6 2 6 0 2 5 4 3 4
M[840] : 0 2 5 6 2 6 7 3 6 4 3 2 5 3 4 4 3 6 7 2 5 5
M[841] : 6 6 5 8 4 6 2 4 6 4 1 4 3 3 3 8 5 4 3 6 0 2
M[842] : 3 2 3 2 5 9 0 3 4 5 4 7 2 3 2 2 5 6 6 9 5 5
M[843] : 6 7 7 5 4 2 2 6 6 2 6 3 8 6 6 2 6 3 4 0 5 2
M[844] : 3 4 3 6 1 9 6 6 4 4 0 5 5 5 5 3 6 6 3 5 7 1
M[845] : 6 4 3 4 6 3 2 2 6 3 2 6 5 2 5 7 0 5 4 8 1 5
M[846] : 2 2 4 0 2 6 7 4 4 2 5 4 2 6 6 7 1 4 5 5 7 4
M[847] : 0 5 2 6 3 4 8 4 2 4 1 7 6 7 5 3 6 4 1 5 3 5
M[848] : 5 4 2 3 11 3 5 4 4 5 2 3 0 6 5 6 7 6 7 6 4 2
M[849] : 6 3 5 9 5 7 5 5 5 8 5 5 4 1 4 8 7 0 5 3 4 7
M[850] : 5 5 5 4 3 3 5 5 4 4 5 4 5 0 6 4 1 3 4 3 4 3
M[851] : 7 8 1 9 10 7 2 8 6 6 5 3 4 5 6 0 4 5 5 3 9 7
M[852] : 2 5 5 5 5 12 3 0 3 3 6 5 7 7 4 5 7 6 6 7 5 4
M[853] : 1 3 4 5 2 5 3 2 5 7 5 3 3 4 6 6 6 8 0 5 3 6
M[854] : 3 4 2 8 5 6 0 7 5 2 2 9 8 6 4 3 5 7 4 3 5 3
M[855] : 7 4 4 10 4 4 0 4 4 5 4 4 5 6 4 4 6 4 4 3 1 8
M[856] : 1 11 6 4 6 4 4 2 0 3 12 7 4 3 7 2 9 3 3 5 10 3
M[857] : 3 4 6 3 0 4 3 5 2 3 5 3 6 6 5 4 1 2 3 4 8 2
M[858] : 4 2 4 4 5 5 0 9 2 4 5 7 3 4 2 6 7 6 4 3 2 6
M[859] : 8 4 5 5 3 3 7 6 4 6 3 3 7 4 5 3 6 7 5 3 4 0
M[860] : 4 5 2 6 0 4 3 7 4 6 6 7 5 4 4 3 3 5 2 11 5 5
M[861] : 0 2 7 7 5 3 2 5 5 3 7 4 5 2 5 4 2 3 7 8 4 5
M[862] : 5 5 4 3 5 4 2 4 0 5 4 5 6 2 4 3 6 6 5 5 4 6
M[863] : 4 8 6 4 4 4 5 5 3 4 5 8 6 3 6 9 4 4 8 4 0 2
M[864] : 6 5 3 5 0 6 5 2 4 2 7 8 4 7 5 11 5 3 6 5 3 2
M[865] : 5 8 6 0 3 2 5 4 4 6 5 3 7 7 5 6 3 6 5 6 3 4
M[866] : 5 9 0 5 2 4 2 1 4 3 6 7 3 7 3 3 6 9 6 4 3 6
M[867] : 6 4 5 2 4 2 3 3 6 5 1 6 7 6 7 4 4 4 7 0 2 7
M[868] : 4 4 6 5 1 0 5 5 7 3 4 5 4 2 8 5 4 0 3 4 5 3
M[869] : 4 4 4 6 4 4 7 7 8 0 5 6 8 7 5 6 6 7 7 6 3 7
M[870] : 3 7 3 6 6 3 5 6 0 5 2 3 7 4 5 2 5 7 5 9 7 7
M[871] : 5 5 7 3 7 3 5 6 6 0 4 4 4 2 6 1 1 1 5 2 6 5
M[872] : 2 0 2 4 2 8 4 5 6 5 6 4 3 7 4 4 6 6 2 4 2 1
M[873] : 3 5 6 1 7 9 7 6 6 5 6 9 6 4 0 5 2 4 4 9 9 5
M[874] : 4 8 4 0 5 5 2 0 3 6 2 5 4 5 7 0 6 2 6 2 6 4
M[875] : 7 2 6 6 3 1 7 2 5 7 5 5 4 4 5 3 8 5 6 6 0 5
M[876] : 7 3 4 4 4 3 7 5 4 6 0 6 7 5 4 3 3 5 5 8 6 5
M[877] : 4 0 5 3 0 2 2 2 8 9 5 6 1 5 7 4 2 4 4 1 6 1
M[878] : 5 6 4 7 4 3 2 6 6 6 0 3 4 3 3 2 6 4 4 2 9 3
M[879] : 4 2 2 7 0 5 6 1 2 2 3 4 2 5 6 7 5 7 5 6 7 7
M[880] : 7 5 4 5 7 7 2 7 6 2 5 8 1 5 5 5 0 4 1 4 4 4
M[881] : 8 9 2 4 2 3 0 6 3 7 4 5 2 8 3 4 5 6 3 5 1 4
M[882] : 1 6 6 0 6 8 1 5 4 3 3 6 6 3 5 6 0 9 6 2 8 5
M[883] : 3 6 4 7 6 3 9 12 3 1 0 3 3 3 6 4 7 6 3 5 3 9
M[884] : 4 3 6 8 6 2 1 4 6 6 6 7 0 2 6 1 3 5 6 5 2 8
M[885] : 1 6 4 4 3 5 5 6 4 7 0 4 6 5 7 5 4 4 6 6 6 3
M[886] : 7 5 5 1 4 6 5 1 1 2 2 2 6 2 1 5 0 3 3 5 2 3
M[887] : 4 1 5 2 5 3 5 5 9 7 1 6 5 0 2 2 3 4 6 3 6 3
M[888] : 7 4 5 6 1 4 6 5 5 4 5 8 6 5 6 3 6 3 2 6 0 5
M[889] : 4 5 7 3 3 6 3 2 5 3 3 8 5 2 6 0 11 6 3 4 6 4
M[890] : 1 4 0 2 8 7 6 4 5 2 1 3 4 5 5 1 6 6 6 8 6 6
M[891] : 7 0 6 6 3 4 5 7 4 4 5 6 3 3 3 6 6 5 6 1 6 6
M[892] : 4 6 0 5 6 5 3 9 6 5 4 5 6 6 6 5 9 2 6 2 3 5
M[893] : 3 6 2 5 6 6 6 6 7 5 1 2 4 4 5 7 6 4 5 0 2 2
M[894] : 8 8 5 6 6 5 4 5 4 6 4 6 7 7 6 0 2 3 2 1 7 7
M[895] : 8 7 7 3 5 6 1 2 3 7 5 5 6 4 3 7 0 3 0 8 4 4
M[896] : 4 5 6 4 4 0 3 5 8 6 4 6 0 4 4 5 4 4 3 7 7 4
M[897] : 3 7 4 6 7 7 7 7 6 6 4 5 8 6 4 0 7 5 6 3 4 6
M[898] : 5 8 5 4 6 4 4 6 4 5 0 12 3 4 3 3 6 7 4 2 2 3
M[899] : 5 4 0 1 4 5 8 4 5 7 1 4 6 4 5 4 6 2 2 3 1 2
M[900] : 3 4 10 5 5 8 3 3 3 0 3 4 5 7 5 3 3 3 4 1 5 5
M[901] : 0 2 5 3 6 4 4 3 3 7 8 3 2 4 1 3 5 6 1 5 4 2
M[902] : 3 3 1 6 3 3 4 5 2 4 4 5 0 1 8 3 6 3 6 7 2 5
M[903] : 5 5 7 9 2 4 0 7 3 4 7 3 3 1 4 5 6 4 2 8 8 5
M[904] : 5 6 4 9 7 6 8 6 2 5 6 4 2 5 0 7 5 8 3 4 3 3
M[905] : 4 2 5 3 4 5 7 5 5 0 3 5 2 2 5 6 3 3 8 3 6 6
M[906] : 5 6 0 5 4 6 4 4 7 6 5 4 2 2 5 5 7 4 5 6 4 3
M[907] : 0 7 1 3 3 4 5 1 6 6 4 4 8 4 4 2 3 5 3 1 0 11
M[908] : 8 4 4 4 4 2 3 5 5 4 3 6 0 7 4 6 6 3 3 7 7 3
M[909] : 8 5 7 2 4 4 1 2 5 9 7 3 2 3 6 6 3 2 4 3 3 0
M[910] : 4 5 7 5 5 8 3 3 4 6 0 8 3 5 6 6 5 5 8 6 1 7
M[911] : 4 5 2 2 4 9 4 0 4 3 4 7 7 2 3 5 9 3 6 6 4 3
M[912] : 6 6 6 3 9 4 4 1 3 2 6 2 4 5 4 4 5 0 5 7 6 1
M[913] : 4 5 8 7 3 7 4 3 1 5 7 7 2 2 3 0 3 4 5 5 3 2
M[914] : 3 8 8 4 2 6 6 3 4 5 6 2 4 3 5 4 8 7 6 0 4 4
M[915] : 2 5 4 5 10 5 2 7 5 4 5 11 3 6 0 4 6 2 5 5 2 4
M[916] : 1 2 1 3 4 6 1 0 5 2 3 8 4 2 5 3 3 5 7 6 5 3
M[917] : 1 5 3 5 8 5 7 5 5 8 3 1 5 2 3 2 5 5 1 9 8 0
M[918] : 3 5 3 2 8 5 3 8 2 4 3 7 4 0 3 6 6 5 6 3 5 4
M[919] : 3 8 6 7 6 5 4 6 7 3 3 7 9 5 5 8 2 1 2 2 0 6
M[920] : 0 1 6 5 3 5 3 7 4 7 5 2 7 8 2 3 11 2 7 9 5 2
M[921] : 7 10 4 5 2 0 6 2 5 6 4 9 7 6 7 5 4 3 3 4 4 4
M[922] : 4 2 6 0 1 2 1 3 0 7 3 3 6 4 5 5 6 5 3 3 4 3
M[923] : 0 0 5 3 4 6 3 3 2 7 2 4 6 3 6 4 5 5 1 4 3 5
M[924] : 3 0 7 6 8 3 4 3 5 8 4 2 4 5 4 7 4 5 4 8 3 3
M[925] : 4 6 2 5 7 5 5 5 4 1 3 5 0 4 5 7 4 3 6 7 5 2
M[926] : 6 3 4 6 7 9 5 0 7 5 4 6 7 8 7 3 4 1 3 11 3 7
M[927] : 4 6 4 5 3 6 0 3 2 3 6 6 4 4 6 4 5 5 5 4 4 7
M[928] : 5 3 0 7 6 3 7 3 2 6 6 5 4 4 8 7 5 4 6 4 5 3
M[929] : 2 4 2 8 4 5 2 4 7 4 4 1 2 2 5 3 0 4 3 4 5 1
M[930] : 5 7 4 7 4 7 7 7 7 4 4 1 0 2 4 7 5 6 2 9 5 2
M[931] : 3 0 2 8 2 5 4 2 4 2 3 8 5 4 4 9 5 5 5 2 7 5
M[932] : 4 7 1 6 4 7 4 0 4 5 5 5 1 5 4 8 6 4 4 6 9 3
M[933] : 3 7 5 6 6 4 6 2 7 5 7 2 3 4 4 4 4 5 3 6 0 1
M[934] : 0 6 2 6 4 0 5 0 3 2 5 4 1 5 2 3 2 4 3 4 6 3
M[935] : 3 5 5 3 3 4 0 1 6 4 0 2 8 3 6 6 1 8 6 6 5 7
M[936] : 3 7 1 6 4 4 3 3 3 5 8 3 0 5 4 3 5 3 7 2 0 8
M[937] : 0 7 2 5 2 9 3 7 1 5 3 7 5 4 5 8 7 8 7 2 7 5
M[938] : 5 4 4 8 6 5 8 8 4 5 4 6 4 3 3 1 6 7 0 3 2 2
M[939] : 6 5 5 4 3 0 6 6 4 8 7 8 5 3 6 5 8 5 3 4 1 2
M[940] : 3 2 5 6 3 9 7 0 5 5 6 5 7 5 6 2 4 4 4 5 6 6
M[941] : 3 3 1 4 8 2 5 5 4 4 6 8 6 7 3 8 6 5 4 2 0 8
M[942] : 7 6 2 5 2 5 5 4 4 3 5 1 4 6 4 0 6 2 5 6 5 4
M[943] : 6 3 6 2 2 7 2 2 5 5 4 0 4 4 3 5 6 5 5 3 5 3
M[944] : 6 3 5 4 4 5 1 7 2 5 4 7 2 3 0 4 9 6 3 8 1 6
M[945] : 8 6 5 5 5 6 8 2 5 3 1 4 5 2 4 9 0 5 3 3 3 4
M[946] : 4 6 4 4 4 4 4 2 5 1 3 4 3 1 4 8 3 4 8 9 0 4
M[947] : 3 3 5 6 3 0 5 7 6 5 3 5 5 3 5 3 3 4 5 2 5 6
M[948] : 4 6 8 5 7 3 3 3 0 3 1 6 3 6 2 6 5 4 5 6 5 5
M[949] : 4 8 3 3 9 8 6 7 0 5 2 3 5 7 2 7 3 2 4 4 6 6
M[950] : 4 0 4 7 4 6 2 6 6 6 5 4 8 5 5 7 8 3 6 4 4 3
M[951] : 4 4 2 3 0 8 4 4 2 5 4 4 7 4 9 6 7 4 5 4 3 9
M[952] : 5 5 5 2 7 1 7 6 4 6 8 0 3 3 11 1 7 6 4 3 3 9
M[953] : 3 7 4 8 4 4 6 2 4 4 3 7 2 5 6 2 7 3 0 2 5 3
M[954] : 5 7 6 2 0 4 9 2 5 4 7 4 5 8 9 5 6 2 5 6 4 6
M[955] : 2 6 5 4 4 7 7 8 8 8 3 0 4 4 6 3 10 1 3 4 5 1
M[956] : 7 4 7 5 2 8 2 4 4 9 8 5 0 6 4 6 5 5 8 5 4 6
M[957] : 6 4 4 3 3 3 6 0 4 5 4 5 5 3 5 4 6 5 3 5 7 5
M[958] : 0 6 8 3 2 4 1 6 2 3 4 4 8 5 4 2 6 8 2 2 7 3
M[959] : 4 4 3 5 7 5 5 12 4 4 4 8 7 4 6 2 7 9 0 4 1 5
M[960] : 3 4 6 4 5 3 3 3 0 4 3 4 8 6 4 6 4 6 9 2 5 6
M[961] : 3 5 7 6 2 4 4 4 4 6 2 6 4 5 6 4 5 5 4 3 0 5
M[962] : 4 3 7 5 5 9 4 8 5 6 5 5 4 7 5 4 7 4 0 3 4 4
M[963] : 5 0 3 7 5 5 9 3 5 5 4 3 5 3 4 8 4 5 8 5 2 5
M[964] : 8 7 4 6 8 3 2 3 2 5 2 8 4 5 2 7 5 2 2 6 0 4
M[965] : 7 7 9 3 3 3 6 8 3 5 3 5 4 7 0 3 4 4 5 5 3 3
M[966] : 6 6 3 0 7 5 4 5 4 6 7 5 3 5 2 6 2 2 4 3 6 5
M[967] : 5 2 5 4 3 3 6 0 4 1 4 5 2 0 10 5 4 5 5 5 6 3
M[968] : 2 4 6 4 5 5 5 0 3 3 4 7 5 4 7 5 5 9 11 2 2 12
M[969] : 6 7 3 5 2 3 4 4 7 4 6 4 8 5 3 0 0 8 4 6 7 8
M[970] : 5 4 5 5 6 6 0 4 4 7 4 5 3 0 4 7 4 3 4 5 5 9
M[971] : 6 2 7 4 6 3 0 5 1 6 2 6 5 8 3 10 5 5 5 2 3 6
M[972] : 3 5 6 3 4 5 4 7 5 6 4 6 3 4 0 7 7 4 3 4 7 7
M[973] : 5 10 8 6 4 5 3 2 8 7 5 8 5 3 7 6 1 0 4 11 8 4
M[974] : 3 5 7 7 4 2 8 3 4 0 5 4 6 7 4 5 6 5 6 4 4 5
M[975] : 2 7 3 1 3 5 5 7 3 6 3 0 6 4 3 7 4 3 6 6 4 2
M[976] : 6 7 7 7 4 6 5 2 6 3 4 4 6 7 5 7 8 4 0 0 5 8
M[977] : 3 5 7 6 3 2 0 6 4 3 8 4 4 5 7 3 3 2 7 1 4 2
M[978] : 2 4 9 4 8 7 5 4 5 2 4 4 2 11 0 3 7 4 5 2 4 5
M[979] : 7 6 1 0 2 3 1 4 1 12 8 5 6 3 5 6 2 7 4 6 5 7
M[980] : 8 5 0 8 6 4 2 3 5 5 2 3 6 4 5 8 7 5 3 7 6 5
M[981] : 6 6 4 0 3 10 7 7 5 3 5 5 6 4 2 7 3 6 7 4 7 4
M[982] : 6 6 5 3 4 4 6 5 5 5 9 2 5 5 2 4 2 3 4 8 0 3
M[983] : 3 3 2 6 7 6 3 5 3 6 6 3 4 8 2 5 6 0 5 4 3 7
M[984] : 3 4 6 5 3 7 5 2 4 0 3 2 2 1 3 7 6 3 6 1 2 4
M[985] : 9 4 1 4 4 7 6 2 3 7 5 5 1 0 5 5 7 6 6 5 0 1
M[986] : 3 2 2 2 7 4 1 5 6 7 2 7 0 4 5 4 3 3 5 2 11 4
M[987] : 4 3 2 3 5 4 3 3 4 10 1 3 3 2 2 3 6 4 0 6 2 4
M[988] : 6 8 7 8 5 5 4 4 2 5 5 0 7 6 5 5 3 4 3 3 1 7
M[989] : 0 3 3 6 9 3 4 7 6 6 5 2 5 6 7 3 6 0 2 6 4 3
M[990] : 5 3 1 5 0 7 4 2 6 5 5 4 8 5 4 3 7 4 3 3 7 6
M[991] : 3 0 2 6 6 0 6 2 3 4 4 5 6 4 2 2 4 2 6 7 3 4
M[992] : 8 4 3 5 2 2 5 7 6 3 4 7 0 4 2 3 5 3 3 4 6 5
M[993] : 3 7 4 0 10 2 3 5 4 6 4 2 2 1 7 4 4 6 3 10 4 5
M[994] : 0 4 7 0 1 8 10 3 7 5 3 3 3 4 5 2 6 5 7 3 7 4
M[995] : 4 3 7 8 4 2 2 2 1 4 4 9 2 3 7 6 0 6 0 3 5 5
M[996] : 4 4 3 4 5 7 3 5 7 9 5 4 7 0 3 8 0 9 6 5 5 6
M[997] : 9 3 4 3 7 7 6 6 2 3 0 3 3 1 7 5 3 5 6 5 6 3
M[998] : 3 4 3 5 4 6 2 4 7 6 5 6 2 1 3 0 5 10 2 5 5 6
M[999] : 4 2 2 3 6 7 6 3 4 2 5 6 4 5 6 3 7 6 5 0 5 6

