 Execution de l'algoritme BITS sur le fichier dsjc1000.1.txt
=====================================================================
 Partitions  : 
Vk[0] : 962 36 919 197 176 67 985 465 466 133 561 374 347 624 39 479 218 210 234 227 333 567 705 671 44 579 811 529 324 844 780 100 181 440 10 835 936 872 297 941 85 909 702 810 826 -->  45 éléments.
Vk[1] : 239 169 500 779 982 492 155 143 252 902 955 685 861 634 456 438 98 933 483 558 257 200 222 612 394 832 938 460 315 184 813 348 371 209 250 668 53 349 544 833 922 750 546 388 967 -->  45 éléments.
Vk[2] : 161 369 525 368 906 165 375 207 240 426 901 732 425 726 486 6 818 54 50 464 924 474 168 986 583 570 132 587 366 992 743 29 606 538 642 683 751 669 621 254 301 574 576 259 798 -->  45 éléments.
Vk[3] : 973 749 127 295 105 874 940 774 74 363 180 954 499 231 32 550 654 539 917 406 177 768 956 144 889 217 244 785 672 502 202 287 658 834 335 260 518 929 506 65 359 377 273 26 595 -->  45 éléments.
Vk[4] : 939 487 577 904 925 334 854 858 146 522 95 345 86 659 403 380 897 96 423 205 312 761 943 154 741 1 233 853 878 911 477 189 276 663 964 274 728 782 119 687 713 977 747 948 756 -->  45 éléments.
Vk[5] : 688 413 393 849 884 432 70 439 253 627 115 597 469 963 588 400 63 277 340 555 708 170 934 261 951 976 573 441 759 989 291 43 534 407 841 903 846 94 898 123 373 229 192 141 256 718 -->  46 éléments.
Vk[6] : 346 5 873 905 620 921 89 682 323 356 496 139 739 689 604 83 622 435 447 980 512 326 596 666 681 610 656 12 364 167 651 76 454 796 608 532 507 336 317 635 225 412 140 677 461 -->  45 éléments.
Vk[7] : 575 757 237 135 351 268 19 733 307 809 736 235 957 565 679 410 807 13 2 913 799 515 639 740 549 710 188 443 350 171 727 771 729 885 45 379 981 744 17 157 422 116 665 646 722 398 -->  46 éléments.
Vk[8] : 247 452 0 160 808 511 867 647 391 974 178 649 541 776 342 547 372 265 493 427 645 891 972 543 562 514 882 850 866 88 714 245 399 752 594 248 52 928 932 717 998 283 421 821 455 -->  45 éléments.
Vk[9] : 773 392 711 845 592 129 339 467 458 448 510 173 172 243 586 868 411 108 827 434 770 404 661 59 912 524 693 149 99 228 582 62 991 691 644 949 735 338 680 704 201 294 309 362 871 616 -->  46 éléments.
Vk[10] : 64 851 186 46 824 484 8 975 230 91 397 997 444 501 758 241 840 417 795 914 69 988 390 571 890 630 353 21 193 684 320 357 760 607 797 299 978 284 766 415 781 47 101 533 990 508 -->  46 éléments.
Vk[11] : 494 337 272 513 73 613 271 535 430 267 134 9 459 328 125 816 703 450 564 114 194 838 104 664 788 97 979 93 35 944 449 279 330 557 737 527 503 536 106 311 907 215 322 830 599 103 -->  46 éléments.
Vk[12] : 738 745 475 802 662 650 863 80 836 598 993 540 937 893 308 952 554 519 14 71 831 437 505 629 190 343 894 843 498 825 31 734 18 716 560 696 568 319 625 712 187 286 946 883 804 789 -->  46 éléments.
Vk[13] : 226 124 828 999 310 206 942 174 445 476 332 142 526 971 150 163 829 958 775 90 164 855 563 3 15 302 131 531 857 386 960 300 699 754 601 589 111 674 198 395 107 433 968 523 266 746 -->  46 éléments.
Vk[14] : 653 20 49 281 318 875 481 81 365 879 626 580 457 275 24 926 408 282 153 102 409 856 431 401 485 618 305 806 611 61 784 51 670 92 652 678 548 931 966 600 643 803 552 731 314 152 -->  46 éléments.
Vk[15] : 258 686 370 578 38 490 765 296 361 584 292 593 701 545 569 900 249 429 719 251 800 41 468 556 389 278 354 137 815 675 516 602 720 344 777 341 636 987 778 220 794 148 303 126 16 -->  45 éléments.
Vk[16] : 42 138 839 213 805 451 837 384 892 195 862 4 27 418 136 162 58 764 68 196 881 203 880 113 262 793 877 786 191 801 219 378 603 182 566 787 473 641 870 923 242 772 700 293 66 767 -->  46 éléments.
Vk[17] : 358 910 591 637 175 118 208 221 84 790 264 183 87 130 715 852 246 446 158 491 212 355 953 280 40 7 442 55 927 263 304 28 864 56 382 387 585 969 77 329 145 945 869 419 159 -->  45 éléments.
Vk[18] : 122 983 110 633 632 289 959 572 920 37 204 112 709 537 667 822 109 30 994 817 638 965 414 509 147 723 631 428 495 517 690 470 725 791 34 11 590 306 420 528 316 930 605 614 542 -->  45 éléments.
Vk[19] : 673 270 812 648 996 482 290 82 935 321 820 899 640 915 25 236 22 48 325 376 792 692 285 463 331 367 762 896 887 489 117 185 908 707 497 33 57 961 352 405 655 453 860 742 706 -->  45 éléments.
Vk[20] : 224 623 385 676 848 166 553 769 521 60 823 763 721 121 211 753 416 814 199 79 886 396 970 472 876 730 381 214 842 697 619 238 488 916 327 360 179 223 984 615 819 694 402 628 755 748 -->  46 éléments.
Vk[21] : 424 462 156 504 724 23 530 895 698 120 232 695 660 859 151 216 865 783 559 520 918 888 436 78 288 255 947 478 313 551 72 657 950 480 995 75 471 298 609 269 581 847 383 617 128 -->  45 éléments.
Matrice M
M[0] : 8 3 5 3 6 3 3 6 0 3 3 6 6 7 8 7 5 7 8 2 9 4
M[1] : 5 4 1 4 0 2 3 5 6 3 1 5 5 7 4 7 6 7 1 2 3 1
M[2] : 2 6 5 7 3 4 7 0 9 9 6 3 3 7 5 3 5 3 2 6 8 4
M[3] : 5 6 4 4 8 1 6 6 4 6 5 5 3 0 3 3 4 11 3 3 2 2
M[4] : 6 4 5 2 7 5 6 2 7 6 1 7 6 7 3 4 0 8 6 7 2 3
M[5] : 7 4 4 7 3 9 0 6 2 5 4 10 2 5 5 10 3 6 3 6 6 6
M[6] : 5 2 0 3 4 10 6 5 4 4 3 3 7 4 3 6 5 6 3 4 5 3
M[7] : 6 9 2 2 1 2 8 7 8 3 4 6 4 3 1 6 10 0 11 8 3 2
M[8] : 2 5 8 8 3 7 6 4 3 5 0 7 4 3 5 4 3 5 8 3 2 7
M[9] : 3 6 7 4 3 3 6 3 3 4 3 0 8 4 3 6 5 6 3 6 5 5
M[10] : 0 8 9 5 2 1 4 2 4 2 4 7 9 5 0 5 5 10 5 3 5 5
M[11] : 6 9 2 5 5 4 5 4 4 3 7 4 3 5 6 4 8 3 0 2 1 7
M[12] : 5 5 7 4 6 5 0 5 9 9 6 7 4 2 3 7 5 3 1 11 3 3
M[13] : 8 8 6 7 4 7 7 0 2 4 8 4 6 2 7 6 4 10 0 5 3 3
M[14] : 6 6 1 5 7 7 5 7 2 3 3 4 0 3 4 4 1 3 4 4 4 3
M[15] : 3 2 7 4 2 6 6 5 4 5 3 5 7 0 4 4 5 2 5 5 1 7
M[16] : 5 10 4 6 2 4 5 5 8 4 7 1 4 4 2 0 5 2 8 5 9 2
M[17] : 2 3 5 5 6 5 6 0 5 2 2 8 4 2 5 3 5 5 5 3 1 4
M[18] : 3 6 3 4 6 3 7 7 11 6 5 5 0 1 4 5 1 8 7 5 5 4
M[19] : 7 7 5 3 4 10 2 0 2 4 5 6 3 6 5 6 3 3 5 5 4 4
M[20] : 6 7 3 6 4 6 6 5 5 4 3 3 2 7 0 5 5 4 6 7 3 8
M[21] : 11 3 7 6 8 6 8 7 3 11 0 4 1 5 5 5 3 2 5 6 3 7
M[22] : 5 6 5 5 6 5 7 7 5 6 10 7 8 7 2 6 5 5 6 0 4 3
M[23] : 7 4 4 12 6 3 4 4 6 5 8 5 4 5 5 4 1 5 4 3 5 0
M[24] : 7 3 6 2 2 5 4 8 1 6 10 6 2 4 0 3 6 1 2 3 6 4
M[25] : 4 6 2 8 3 6 4 7 5 5 6 4 3 7 6 2 5 2 4 0 7 8
M[26] : 6 8 5 0 2 7 7 6 5 4 2 5 7 6 6 5 6 6 1 2 4 4
M[27] : 2 3 5 7 8 3 2 6 5 10 3 3 7 8 2 2 0 5 8 4 2 4
M[28] : 4 4 9 4 7 3 2 5 5 6 6 3 4 3 6 4 2 0 2 5 2 3
M[29] : 5 5 0 5 1 5 3 3 8 2 4 4 6 2 6 3 5 4 4 4 4 4
M[30] : 10 3 2 3 5 5 9 4 1 8 5 2 6 3 4 5 5 11 0 3 5 7
M[31] : 6 4 3 3 5 4 7 6 2 1 3 8 0 4 5 6 5 4 3 8 1 0
M[32] : 5 3 6 0 4 4 2 4 7 3 3 2 5 4 3 4 4 2 3 4 6 9
M[33] : 4 2 4 4 1 1 9 4 4 3 6 4 4 5 5 5 8 6 2 0 3 1
M[34] : 4 6 4 4 5 4 5 3 8 4 3 10 2 12 3 5 4 3 0 5 4 3
M[35] : 3 3 5 3 5 5 6 5 2 2 7 0 5 8 8 4 4 3 4 3 6 4
M[36] : 0 7 3 4 7 5 9 5 9 5 6 5 4 8 6 7 10 2 6 5 8 4
M[37] : 5 6 1 7 7 7 5 0 9 4 4 3 3 11 5 3 6 7 0 3 12 4
M[38] : 4 5 4 7 6 2 2 8 5 5 5 5 2 5 2 0 7 2 8 5 4 5
M[39] : 0 4 2 7 5 5 6 4 5 7 4 4 7 7 4 5 4 7 1 8 7 2
M[40] : 5 8 3 7 3 4 8 3 6 2 3 3 3 1 2 2 6 0 5 2 4 4
M[41] : 2 2 3 3 6 3 3 5 4 5 6 3 7 6 4 0 5 8 6 3 3 5
M[42] : 6 7 7 3 4 5 1 4 5 4 8 7 2 9 4 5 0 2 5 3 6 8
M[43] : 2 3 4 5 1 0 6 9 5 2 4 5 6 2 3 3 8 5 4 6 6 3
M[44] : 0 2 3 7 4 2 3 2 7 4 2 5 4 6 5 6 6 4 4 4 5 5
M[45] : 4 4 2 8 4 5 2 0 4 5 6 2 5 4 5 7 3 6 4 5 4 9
M[46] : 6 5 3 6 7 1 6 5 3 2 0 5 6 5 7 6 2 4 8 8 4 6
M[47] : 4 4 3 4 3 6 5 3 10 9 0 5 4 5 6 6 9 1 2 3 5 6
M[48] : 8 10 4 9 7 4 5 7 4 7 5 6 8 6 4 4 5 5 6 0 4 3
M[49] : 2 6 2 5 5 7 8 6 3 6 7 6 4 2 0 5 4 4 9 6 6 6
M[50] : 3 3 0 3 4 4 3 3 2 2 3 5 3 8 4 5 3 4 7 5 2 5
M[51] : 7 2 4 4 6 4 4 4 8 5 2 6 5 6 0 2 4 4 4 5 5 7
M[52] : 4 5 4 3 6 9 3 5 0 4 6 3 6 7 6 7 6 3 2 5 3 1
M[53] : 8 0 4 4 4 5 4 5 4 4 11 6 5 4 7 8 3 3 6 6 2 5
M[54] : 4 5 0 6 5 5 4 11 3 9 3 6 7 4 4 5 1 1 4 3 8 1
M[55] : 2 4 7 3 6 4 6 4 2 2 1 4 9 4 4 3 4 0 8 3 2 7
M[56] : 5 4 5 6 6 3 4 5 5 2 7 2 7 4 4 7 7 0 5 4 4 5
M[57] : 2 4 5 1 2 2 6 4 5 4 6 2 4 3 4 9 2 9 4 0 5 7
M[58] : 6 4 5 4 2 10 5 6 2 8 1 3 3 8 7 3 0 5 1 4 5 5
M[59] : 3 2 4 4 3 1 8 6 6 0 3 6 4 4 5 5 3 4 7 6 3 5
M[60] : 3 9 3 6 6 6 10 4 6 4 5 4 3 4 4 6 4 8 2 5 0 4
M[61] : 6 6 5 4 6 4 4 0 4 4 5 4 5 8 0 4 4 2 5 3 5 7
M[62] : 6 4 4 11 6 8 2 6 1 0 1 2 6 1 4 1 7 5 6 6 7 3
M[63] : 6 6 1 2 2 0 4 6 7 4 3 6 5 6 4 4 6 3 4 3 5 4
M[64] : 3 8 7 4 7 6 3 6 5 8 0 12 5 2 2 7 5 4 7 3 3 4
M[65] : 4 4 7 0 2 0 4 6 9 8 6 4 4 4 2 2 2 5 5 5 2 7
M[66] : 10 3 7 8 7 6 8 3 5 4 6 6 3 7 6 3 0 4 5 2 6 4
M[67] : 0 4 5 3 2 2 6 3 6 6 4 4 3 5 8 4 1 6 2 10 5 2
M[68] : 6 8 7 4 6 3 4 8 3 4 6 7 4 2 4 2 0 5 5 4 3 2
M[69] : 4 2 0 4 4 8 4 2 3 5 0 5 3 6 6 3 5 6 3 3 6 3
M[70] : 2 8 2 10 7 0 5 2 9 5 5 4 10 7 4 5 8 5 3 3 2 10
M[71] : 6 3 6 4 3 5 3 7 5 11 8 5 0 5 4 2 1 4 6 5 6 4
M[72] : 7 3 2 7 3 4 3 8 4 7 2 5 3 4 2 4 4 6 2 4 5 0
M[73] : 7 7 7 2 4 5 6 3 5 4 6 0 3 8 5 5 2 7 6 3 4 4
M[74] : 7 5 3 0 5 3 6 6 5 7 9 5 5 4 1 4 6 6 7 5 6 5
M[75] : 5 4 3 3 7 3 4 5 5 0 3 9 4 4 8 3 5 8 4 5 2 0
M[76] : 4 2 10 2 2 5 0 5 7 4 6 2 5 6 5 5 4 7 5 6 7 5
M[77] : 3 6 7 3 3 2 8 4 3 5 5 1 5 12 4 3 8 0 5 4 7 2
M[78] : 7 1 6 2 7 3 4 4 5 3 3 6 5 4 6 7 4 2 8 8 7 0
M[79] : 4 4 7 4 2 8 2 6 8 7 4 6 6 1 2 4 9 7 3 6 0 6
M[80] : 5 5 2 7 3 1 11 6 5 4 5 4 0 7 6 4 2 4 4 6 6 7
M[81] : 4 3 4 6 6 6 3 4 4 3 2 5 5 7 0 4 4 5 3 5 4 7
M[82] : 4 4 3 2 2 3 6 4 6 4 6 3 5 5 5 2 4 4 5 0 3 1
M[83] : 5 4 1 4 6 6 0 5 4 4 5 4 4 5 2 4 3 6 6 4 5 6
M[84] : 7 3 5 3 5 4 4 2 10 4 8 3 4 3 9 4 4 0 5 3 4 4
M[85] : 0 1 4 3 4 3 2 2 3 7 6 3 4 6 2 6 2 5 3 7 7 0
M[86] : 5 3 6 8 0 7 3 8 5 5 3 5 5 2 4 3 6 3 7 11 8 4
M[87] : 3 7 3 4 4 2 7 5 5 4 7 2 8 2 6 3 6 0 1 4 7 4
M[88] : 8 6 3 10 7 3 7 6 0 4 3 1 7 2 4 4 4 6 6 3 7 8
M[89] : 6 6 8 6 4 4 0 6 2 4 6 7 3 5 3 2 2 5 5 5 5 6
M[90] : 8 2 1 2 2 5 4 7 8 8 2 2 5 0 11 3 6 4 4 5 5 5
M[91] : 3 0 4 6 5 1 1 9 2 2 0 4 4 4 4 7 5 4 7 4 6 9
M[92] : 9 1 3 4 7 3 3 5 4 6 6 7 1 6 0 3 1 6 4 5 2 6
M[93] : 2 6 4 2 4 1 4 5 6 5 6 0 6 5 6 4 5 8 7 4 3 2
M[94] : 4 8 1 6 6 0 3 6 1 6 7 2 3 7 5 3 4 5 4 3 1 3
M[95] : 2 3 5 6 0 4 6 3 3 5 3 3 2 7 5 7 3 4 3 2 4 7
M[96] : 1 6 2 3 0 4 6 8 7 7 2 8 4 6 6 2 6 7 9 4 3 4
M[97] : 5 9 6 6 6 4 2 4 2 5 4 0 4 5 6 3 5 5 7 3 8 1
M[98] : 3 0 9 3 6 8 7 5 5 10 9 7 2 4 3 5 5 7 8 6 5 4
M[99] : 5 4 5 2 2 7 4 6 5 0 4 5 5 3 4 10 5 8 8 4 4 2
M[100] : 0 6 3 5 5 4 3 6 5 4 3 3 4 1 4 6 4 5 8 4 2 6
M[101] : 6 9 3 5 8 5 4 3 2 5 0 5 2 4 6 3 1 5 8 3 3 3
M[102] : 5 7 3 2 3 6 4 2 3 5 10 3 5 5 0 4 5 5 6 4 3 1
M[103] : 7 3 5 4 1 5 5 1 3 4 10 0 5 4 4 3 5 3 8 5 8 6
M[104] : 5 4 6 5 6 6 6 7 2 1 5 0 8 10 4 4 4 2 8 8 5 3
M[105] : 4 5 1 0 3 3 5 6 9 5 3 4 5 8 8 2 5 6 4 3 3 8
M[106] : 6 4 7 5 5 4 7 3 3 2 6 0 6 1 4 3 5 6 5 4 6 3
M[107] : 3 3 1 11 6 7 2 6 4 8 3 2 1 0 4 5 7 5 1 5 1 9
M[108] : 5 2 5 2 3 3 7 6 4 0 6 5 2 8 9 5 4 8 5 6 1 5
M[109] : 5 4 4 6 2 10 5 6 5 5 4 3 2 2 6 4 2 2 0 4 7 5
M[110] : 5 7 7 2 3 4 7 4 2 5 8 5 2 2 1 2 5 6 0 2 6 3
M[111] : 9 3 4 6 5 6 4 5 8 6 5 6 5 0 6 4 3 4 3 5 4 3
M[112] : 7 3 3 7 3 3 4 8 3 2 4 6 6 2 4 5 6 5 0 4 8 3
M[113] : 4 1 5 6 4 5 4 8 4 1 10 6 8 5 7 6 0 6 2 7 7 3
M[114] : 5 6 4 5 4 8 4 5 6 2 8 0 2 5 4 8 11 6 5 2 5 7
M[115] : 4 4 5 2 4 0 5 4 2 5 6 7 4 6 6 4 4 4 5 2 4 7
M[116] : 5 8 4 4 4 5 3 0 5 5 6 2 2 6 2 5 3 8 5 4 6 2
M[117] : 3 7 4 5 8 6 7 7 5 2 7 10 4 5 5 7 5 2 4 0 4 5
M[118] : 2 4 5 7 5 6 9 8 5 3 5 3 7 5 6 6 3 0 2 5 9 4
M[119] : 1 8 12 4 0 4 8 5 4 4 7 6 8 3 6 5 5 5 5 4 4 9
M[120] : 3 6 4 6 4 1 4 3 6 1 5 5 8 4 3 6 8 10 4 7 5 0
M[121] : 6 6 4 3 4 2 6 4 5 3 7 7 7 10 6 4 3 1 10 3 0 5
M[122] : 9 5 7 3 11 8 4 6 3 6 4 5 3 7 3 4 3 4 0 5 9 8
M[123] : 1 4 6 4 6 0 1 7 2 5 3 7 4 2 8 4 6 3 6 5 3 4
M[124] : 4 3 7 5 2 5 3 4 8 2 7 5 7 0 9 8 4 5 6 5 7 5
M[125] : 2 5 2 1 8 5 1 5 2 5 4 0 4 3 7 5 3 1 7 3 6 3
M[126] : 3 5 4 5 3 6 4 8 3 2 5 3 6 7 2 0 3 5 2 4 7 1
M[127] : 3 2 7 0 3 3 7 4 5 5 7 6 9 10 4 5 9 7 3 7 3 7
M[128] : 1 2 3 5 5 5 6 4 6 6 0 4 4 6 3 8 5 7 10 2 2 0
M[129] : 6 8 5 8 5 7 2 3 4 0 3 5 7 1 3 6 5 4 3 5 3 7
M[130] : 6 5 6 4 3 3 7 9 5 5 7 2 6 2 6 4 5 0 5 2 4 7
M[131] : 4 7 7 1 4 4 7 4 5 4 4 5 5 0 5 5 6 2 4 2 4 1
M[132] : 6 2 0 3 5 4 7 5 5 6 7 4 4 4 1 3 4 6 3 5 5 3
M[133] : 0 3 3 6 8 5 10 4 4 4 4 4 5 4 7 6 5 3 5 5 4 5
M[134] : 5 4 10 6 4 4 3 1 4 5 6 0 7 7 7 3 6 4 4 4 5 8
M[135] : 2 2 5 4 6 5 4 0 4 2 5 7 6 5 3 3 6 4 5 4 2 4
M[136] : 2 5 4 3 11 9 3 5 5 4 9 5 2 5 3 5 0 4 4 7 4 5
M[137] : 2 2 8 3 3 4 3 10 5 5 6 4 4 4 4 0 3 4 3 4 1 7
M[138] : 6 4 5 4 8 9 10 3 6 6 4 3 9 2 5 6 0 4 2 4 5 4
M[139] : 5 4 5 5 7 2 0 4 2 6 5 4 4 7 8 4 3 4 6 5 6 6
M[140] : 4 4 1 8 8 10 0 8 5 5 6 3 2 3 6 5 4 6 4 9 5 2
M[141] : 3 4 5 4 7 0 3 6 7 6 4 3 6 5 4 3 5 4 6 9 3 2
M[142] : 3 5 5 3 9 9 5 6 5 9 5 6 4 0 4 7 4 5 6 5 5 4
M[143] : 5 0 3 9 5 7 4 2 2 4 6 3 5 4 5 6 7 3 3 3 5 3
M[144] : 8 2 7 0 4 7 2 5 6 4 4 7 7 3 4 8 8 5 6 9 6 4
M[145] : 3 2 2 4 6 5 1 2 5 4 4 2 8 3 5 5 4 0 8 3 3 9
M[146] : 2 4 5 7 0 6 6 4 7 5 4 6 5 3 2 1 7 7 6 4 7 6
M[147] : 10 1 4 6 9 1 10 3 4 7 5 1 7 5 2 4 1 3 0 4 3 9
M[148] : 2 4 3 8 2 5 5 5 4 7 5 5 3 4 0 0 3 2 3 6 5 4
M[149] : 5 6 2 2 4 0 6 8 5 0 3 2 7 3 3 6 3 3 6 3 4 4
M[150] : 3 3 5 7 6 4 5 3 7 7 2 2 1 0 4 7 3 6 3 3 7 2
M[151] : 5 5 2 7 5 4 4 3 3 7 3 3 7 1 7 4 3 4 2 5 8 0
M[152] : 3 5 2 5 1 7 6 1 6 7 1 4 7 6 0 6 4 5 6 3 6 5
M[153] : 6 7 10 3 3 1 2 7 4 5 7 7 3 6 0 5 7 3 4 4 6 7
M[154] : 7 4 2 2 0 1 1 5 7 5 5 3 6 6 3 2 3 1 5 3 7 4
M[155] : 3 0 2 3 5 3 3 2 5 5 2 7 6 4 2 6 8 6 5 3 3 2
M[156] : 3 4 5 8 4 9 3 7 4 5 6 5 7 5 5 2 7 4 6 5 7 0
M[157] : 2 5 4 4 8 5 3 0 4 5 3 3 6 7 9 3 2 5 3 3 6 4
M[158] : 6 5 5 7 4 4 5 7 7 2 4 8 4 10 3 10 5 0 4 4 8 3
M[159] : 10 6 6 3 4 6 4 7 7 7 6 7 5 2 1 5 9 0 8 2 5 6
M[160] : 7 1 4 4 5 7 3 6 0 2 4 3 7 4 8 5 5 4 4 7 3 8
M[161] : 4 8 0 6 3 5 6 4 1 3 1 4 4 3 6 4 3 3 3 4 7 3
M[162] : 3 5 4 5 3 7 5 6 5 5 7 2 5 8 3 2 0 1 4 3 3 4
M[163] : 8 1 1 5 5 5 7 2 5 3 4 3 5 0 3 8 5 6 5 4 3 4
M[164] : 5 6 1 3 3 5 2 4 2 4 8 3 4 0 5 5 2 5 7 8 4 5
M[165] : 3 5 0 2 6 10 2 9 6 4 9 5 3 3 6 5 7 4 5 4 6 3
M[166] : 5 1 3 2 4 3 6 7 6 6 4 2 7 2 6 4 6 4 3 4 0 6
M[167] : 7 5 2 6 3 6 0 5 6 6 5 2 4 4 4 6 6 6 6 4 5 8
M[168] : 5 7 0 5 3 3 3 3 7 6 6 6 5 5 5 5 4 8 2 5 9 6
M[169] : 3 0 7 4 2 4 5 5 6 5 8 5 6 8 10 3 2 4 6 4 4 7
M[170] : 5 2 3 8 6 0 8 5 5 6 3 7 4 7 6 2 3 5 5 2 3 9
M[171] : 2 5 3 3 8 7 6 0 2 5 5 4 4 4 6 2 6 5 4 7 5 4
M[172] : 6 2 6 1 7 8 6 6 7 0 4 6 1 5 8 2 4 3 4 5 1 2
M[173] : 6 3 5 5 4 8 5 2 5 0 7 7 2 6 6 5 7 5 3 6 8 11
M[174] : 4 4 7 3 3 5 7 4 2 3 4 5 2 0 6 7 6 4 7 6 5 3
M[175] : 6 7 8 5 5 9 5 7 4 3 3 6 7 4 3 6 4 0 7 4 5 3
M[176] : 0 3 5 7 5 6 3 7 2 7 5 5 6 5 7 4 4 9 5 7 3 4
M[177] : 4 1 5 0 5 7 7 5 3 3 4 7 3 4 4 4 7 9 8 6 6 2
M[178] : 6 7 3 4 2 1 6 2 0 4 3 11 4 5 4 4 4 6 2 8 3 5
M[179] : 2 2 3 3 5 4 3 3 1 3 5 6 6 6 4 6 4 5 5 4 0 2
M[180] : 10 4 5 0 6 4 3 3 1 5 6 6 6 5 5 3 6 5 6 7 2 7
M[181] : 0 1 7 6 6 6 6 4 6 5 4 4 2 3 4 6 5 10 3 4 3 4
M[182] : 2 9 5 2 5 8 2 5 10 3 8 4 7 1 5 3 0 3 3 6 9 4
M[183] : 3 5 3 8 7 2 2 7 7 5 4 1 9 7 6 5 5 0 8 6 5 8
M[184] : 5 0 1 7 2 7 5 3 6 6 9 2 5 4 3 5 4 3 3 7 5 1
M[185] : 3 5 6 2 6 3 4 3 1 7 7 3 3 3 4 4 6 6 6 0 1 3
M[186] : 2 7 6 5 5 5 9 9 8 3 0 6 2 7 6 4 4 10 3 3 9 2
M[187] : 6 8 4 1 2 0 4 3 5 6 0 5 0 3 4 6 3 8 6 7 9 3
M[188] : 4 4 5 2 4 2 7 0 7 2 10 3 4 4 6 7 4 4 4 4 4 7
M[189] : 5 4 5 2 0 3 5 7 1 6 10 7 4 7 2 6 4 3 4 4 2 9
M[190] : 1 6 4 3 2 7 4 7 4 3 2 7 0 6 2 3 3 9 1 6 4 10
M[191] : 4 3 3 6 2 6 3 1 7 4 3 11 10 6 6 5 0 5 2 6 8 5
M[192] : 4 3 8 6 5 0 2 6 5 4 4 0 5 5 7 7 4 3 9 6 2 6
M[193] : 3 4 4 7 5 5 4 3 6 5 0 5 4 1 2 2 5 5 6 4 11 5
M[194] : 5 2 4 7 5 5 3 5 5 7 4 0 4 4 4 4 5 2 4 4 5 6
M[195] : 4 3 3 2 5 5 4 5 4 8 9 5 5 9 5 7 0 5 8 4 6 5
M[196] : 3 6 1 5 9 5 2 2 6 2 2 9 4 1 5 3 0 2 2 3 4 8
M[197] : 0 3 2 7 6 2 5 8 3 3 9 6 5 2 3 3 2 7 4 4 7 3
M[198] : 5 3 6 9 6 7 4 6 5 5 2 7 4 0 4 1 6 6 2 3 1 6
M[199] : 5 5 3 7 6 3 2 7 6 3 3 6 4 4 6 3 5 4 5 2 0 6
M[200] : 3 0 4 4 2 5 2 6 2 4 2 5 2 5 6 4 8 6 4 4 7 4
M[201] : 4 4 1 4 5 3 5 3 7 0 4 4 5 2 5 5 8 4 4 6 9 1
M[202] : 5 3 4 0 6 5 4 5 6 4 5 1 4 3 5 8 5 8 6 8 7 5
M[203] : 2 5 3 4 4 6 5 5 5 7 7 3 5 5 7 2 0 5 4 3 3 3
M[204] : 7 3 6 7 4 5 8 8 2 5 4 3 5 3 1 7 6 7 0 5 8 4
M[205] : 4 4 8 5 0 6 3 4 2 4 7 4 10 6 6 2 6 4 5 5 5 4
M[206] : 4 5 5 4 4 5 5 6 3 5 4 4 4 0 7 4 6 5 7 1 4 5
M[207] : 4 5 0 1 7 5 7 6 1 2 3 7 4 2 8 4 8 3 3 4 3 3
M[208] : 4 3 4 5 2 2 9 8 3 5 9 6 8 3 5 5 5 0 8 5 8 7
M[209] : 7 0 10 5 6 4 5 7 5 4 3 4 3 3 5 6 6 3 2 3 8 6
M[210] : 0 4 4 1 5 3 7 1 8 7 4 4 7 9 7 4 5 3 7 6 3 6
M[211] : 5 5 6 4 6 3 4 2 4 6 6 6 6 1 3 4 9 6 8 5 0 8
M[212] : 5 5 7 2 4 6 3 6 7 4 3 1 2 4 5 6 5 0 3 1 4 3
M[213] : 3 7 6 6 6 5 7 5 11 2 4 5 5 5 8 0 0 7 2 6 3 2
M[214] : 6 6 5 6 3 3 4 11 3 4 2 4 3 3 4 5 4 4 5 1 0 7
M[215] : 3 6 2 5 0 5 5 3 7 8 4 0 5 6 7 4 4 1 8 5 6 6
M[216] : 5 5 4 5 7 1 6 3 4 6 6 3 4 11 2 5 3 6 7 4 5 0
M[217] : 3 4 4 0 1 5 6 4 5 3 5 2 1 4 5 4 5 6 5 5 7 6
M[218] : 0 4 3 4 6 7 4 5 5 3 8 5 7 3 3 3 2 3 9 6 5 9
M[219] : 7 4 5 3 6 2 5 4 3 2 3 4 5 5 1 4 0 5 4 2 6 7
M[220] : 4 5 6 2 3 9 3 5 6 3 5 2 0 5 4 0 3 2 4 3 7 9
M[221] : 3 6 5 3 7 5 6 4 4 6 8 3 3 4 4 6 4 0 2 8 2 5
M[222] : 5 0 3 6 4 6 5 11 5 3 5 7 4 3 5 3 5 4 8 1 9 5
M[223] : 5 7 5 3 6 5 4 3 7 5 9 7 0 5 5 4 4 4 5 4 0 3
M[224] : 5 2 3 2 6 2 6 4 3 3 5 4 4 6 6 7 6 6 7 8 0 4
M[225] : 4 4 3 5 5 5 0 5 4 3 5 5 5 4 4 0 8 7 5 7 7 1
M[226] : 4 5 5 5 5 3 2 9 5 4 4 9 7 0 6 7 6 4 7 5 9 4
M[227] : 0 4 1 2 3 6 3 5 7 4 4 13 6 5 4 4 8 8 4 1 4 4
M[228] : 8 3 4 6 8 9 3 1 3 0 7 6 5 2 7 4 5 4 6 5 9 4
M[229] : 1 3 2 4 9 0 5 8 9 4 5 5 7 7 3 3 4 7 6 6 10 2
M[230] : 6 5 3 3 5 2 5 2 6 8 0 3 6 6 8 5 6 5 7 3 5 7
M[231] : 4 4 4 0 6 5 1 6 5 1 6 5 6 3 2 4 3 5 3 5 6 6
M[232] : 7 3 7 7 3 2 4 7 3 4 6 3 5 1 5 3 7 5 3 3 5 0
M[233] : 3 5 1 7 0 5 3 8 5 6 3 3 7 3 7 5 3 6 5 6 1 4
M[234] : 0 5 3 4 3 6 2 3 4 8 4 7 8 6 5 3 3 4 6 2 6 5
M[235] : 3 7 3 4 5 6 6 0 4 5 5 4 3 6 7 5 4 6 5 6 1 6
M[236] : 5 4 5 3 5 9 12 2 5 5 6 5 9 3 5 8 2 3 6 0 5 2
M[237] : 4 4 2 4 7 6 8 0 6 4 7 3 3 2 7 8 4 7 6 4 4 8
M[238] : 7 3 1 5 8 4 4 4 5 4 2 6 4 7 4 5 7 6 7 6 0 8
M[239] : 3 0 5 6 5 2 4 7 3 12 4 8 4 4 3 3 2 4 8 6 3 6
M[240] : 4 4 0 4 5 3 8 6 5 5 2 6 7 4 4 3 2 7 3 3 10 5
M[241] : 5 5 5 2 3 9 5 8 4 3 0 3 8 5 8 3 3 5 6 9 4 7
M[242] : 5 2 4 0 8 10 6 6 6 3 3 2 3 6 6 3 0 2 3 5 6 6
M[243] : 4 3 3 3 3 6 6 4 4 0 5 5 6 5 3 3 4 9 6 5 5 4
M[244] : 2 8 8 0 7 4 4 4 4 3 2 8 3 5 4 3 4 6 4 7 6 3
M[245] : 4 6 3 3 2 3 8 2 0 2 3 6 5 9 3 5 10 5 4 3 3 7
M[246] : 5 5 1 2 3 4 7 2 2 4 5 8 4 3 7 10 3 0 6 5 2 2
M[247] : 5 4 7 7 9 5 9 6 0 8 4 4 5 5 6 5 4 3 9 5 3 3
M[248] : 0 3 5 7 3 8 6 5 0 4 1 5 2 4 3 2 6 3 4 1 5 7
M[249] : 4 4 7 5 2 6 8 5 6 6 3 7 8 7 4 0 6 5 5 8 4 3
M[250] : 5 0 2 4 5 4 4 7 5 6 3 7 1 5 4 4 2 5 5 1 4 4
M[251] : 4 6 2 4 3 5 2 3 4 6 7 6 5 4 5 0 3 2 3 2 8 7
M[252] : 3 0 5 6 10 6 10 3 8 6 7 5 4 5 8 6 7 4 5 6 4 3
M[253] : 8 9 2 3 7 0 6 3 2 6 3 4 3 3 4 5 5 8 2 5 6 4
M[254] : 3 4 0 4 7 3 3 3 3 6 1 5 3 3 7 6 2 4 4 6 3 1
M[255] : 5 5 10 5 3 8 6 1 8 1 7 4 7 4 2 6 5 8 5 4 8 0
M[256] : 0 3 5 2 4 0 11 3 3 4 4 4 8 5 3 5 5 5 3 6 8 9
M[257] : 2 0 2 2 9 4 7 7 8 3 4 6 4 2 5 5 6 5 6 5 3 4
M[258] : 2 4 4 5 3 5 5 2 3 3 6 2 3 5 4 0 4 9 4 5 2 5
M[259] : 5 3 0 6 4 3 4 5 5 5 2 4 1 4 3 5 7 7 5 2 4 6
M[260] : 7 7 6 0 5 4 3 8 5 3 2 4 6 5 3 1 5 4 5 5 6 1
M[261] : 3 3 7 4 5 0 6 6 5 5 4 3 4 6 4 2 7 3 1 5 8 1
M[262] : 3 8 8 7 2 5 3 3 6 5 6 6 3 2 8 5 0 4 3 3 3 3
M[263] : 7 5 3 8 3 6 11 5 5 6 1 8 6 5 5 3 6 0 2 7 6 3
M[264] : 5 6 5 4 3 3 2 6 3 8 8 5 6 6 5 6 2 0 5 8 3 5
M[265] : 7 3 8 4 2 7 5 4 0 3 3 7 1 4 5 7 4 6 5 2 7 5
M[266] : 3 1 3 3 5 1 3 4 2 3 6 6 5 0 3 4 5 3 2 4 0 3
M[267] : 7 8 7 6 2 8 3 6 6 3 5 0 7 0 2 7 6 4 5 5 3 4
M[268] : 3 5 2 3 5 3 3 0 7 8 4 4 8 2 5 3 5 4 3 4 4 3
M[269] : 2 7 7 6 6 3 4 6 3 3 0 9 5 4 4 4 7 8 4 2 4 0
M[270] : 5 4 3 4 3 8 5 7 4 9 4 3 3 5 3 4 3 4 8 0 8 6
M[271] : 3 3 5 6 5 5 3 5 5 3 6 0 3 4 4 4 5 6 9 3 4 3
M[272] : 9 3 5 3 5 5 4 2 2 7 4 0 4 4 4 3 6 7 5 5 4 9
M[273] : 2 5 2 0 13 4 5 6 8 5 1 6 2 5 5 6 8 7 8 2 4 4
M[274] : 2 7 8 8 0 4 4 4 7 4 3 3 6 2 7 2 5 8 4 4 6 5
M[275] : 3 6 8 2 5 2 3 6 3 4 7 9 4 6 0 2 5 4 7 9 4 8
M[276] : 5 5 3 10 0 4 5 9 0 6 2 1 3 5 9 3 6 3 5 2 2 5
M[277] : 10 5 3 3 10 0 2 6 7 7 2 8 10 3 5 5 5 6 7 2 6 5
M[278] : 5 4 7 5 6 2 5 4 4 1 4 5 3 8 5 0 2 5 6 6 4 4
M[279] : 2 5 4 5 2 5 8 3 6 5 7 0 4 3 5 6 5 5 5 4 4 5
M[280] : 4 6 1 7 4 4 7 8 5 3 6 6 2 2 2 4 3 0 6 6 5 3
M[281] : 6 4 4 7 2 5 8 6 6 2 9 5 6 3 0 9 2 7 4 4 6 5
M[282] : 5 4 4 1 5 5 6 6 5 4 5 4 3 5 0 4 5 4 6 1 2 4
M[283] : 6 5 5 4 4 4 5 6 0 4 5 4 7 1 3 4 7 4 5 6 4 4
M[284] : 6 5 6 8 1 6 5 4 6 6 0 3 4 4 8 6 4 6 5 8 1 5
M[285] : 2 3 5 6 8 4 4 4 3 5 3 3 2 8 3 3 2 4 4 0 2 2
M[286] : 1 4 6 3 3 7 5 5 4 4 7 2 0 4 2 7 4 4 1 11 5 4
M[287] : 3 6 4 0 7 3 7 3 8 3 1 3 6 6 3 7 11 7 5 4 6 5
M[288] : 6 5 6 3 3 4 7 1 2 4 5 3 4 1 2 6 7 5 5 7 2 0
M[289] : 3 10 4 6 3 7 4 10 6 4 7 7 1 7 7 3 3 8 0 2 3 1
M[290] : 6 4 3 4 11 4 8 4 3 6 6 4 8 6 2 6 3 7 6 0 5 4
M[291] : 5 10 5 4 8 0 5 2 4 7 5 6 2 4 5 5 7 4 7 7 5 1
M[292] : 6 3 3 6 7 5 4 6 5 6 5 7 3 4 9 0 6 6 3 4 3 7
M[293] : 3 3 8 6 3 3 5 4 6 4 3 8 2 0 2 2 0 5 1 3 5 9
M[294] : 5 3 2 4 4 7 8 5 6 0 3 4 1 3 2 3 5 5 7 4 2 8
M[295] : 6 6 8 0 6 3 9 9 4 6 4 6 4 4 4 4 2 5 3 9 4 5
M[296] : 3 5 4 5 6 4 6 5 5 5 7 5 5 6 7 0 3 3 7 8 4 6
M[297] : 0 3 2 2 5 5 5 7 6 2 6 10 7 5 6 5 1 4 5 6 4 4
M[298] : 2 8 0 6 4 6 5 3 4 5 5 4 8 7 9 5 7 5 2 4 3 0
M[299] : 3 2 6 6 5 4 5 2 4 4 0 5 1 8 5 2 7 3 3 6 3 7
M[300] : 6 4 4 2 5 2 3 5 3 3 1 6 0 0 12 8 8 6 7 4 4 5
M[301] : 7 4 0 2 6 6 5 5 6 7 7 6 6 6 2 5 5 7 3 6 7 1
M[302] : 4 6 4 5 5 8 10 1 5 3 3 4 7 0 5 2 7 3 4 6 5 8
M[303] : 6 6 5 3 3 1 3 7 3 4 4 1 5 7 2 0 4 6 7 5 4 7
M[304] : 5 4 4 3 10 5 1 5 4 1 3 4 2 3 4 5 8 0 8 5 7 11
M[305] : 5 8 2 5 6 7 3 4 2 5 5 3 10 3 0 3 8 3 3 4 5 3
M[306] : 3 4 2 2 7 5 3 6 1 5 6 8 4 3 1 6 4 3 0 6 5 3
M[307] : 4 9 4 8 3 7 6 0 10 6 10 7 4 5 3 9 5 6 4 6 7 3
M[308] : 7 4 6 2 5 6 4 8 2 3 5 9 0 5 3 3 5 3 5 6 7 4
M[309] : 4 5 5 4 8 5 8 3 4 0 1 6 5 2 5 3 3 3 6 11 3 4
M[310] : 6 5 5 5 6 3 8 3 4 4 7 3 5 0 6 4 6 5 6 3 3 2
M[311] : 5 5 3 5 1 3 5 9 3 4 8 0 6 6 4 1 5 5 3 7 8 3
M[312] : 4 6 2 6 0 9 9 7 2 3 6 5 5 3 9 4 5 5 7 7 5 5
M[313] : 7 8 7 3 3 2 6 3 5 8 5 3 8 2 9 3 3 6 6 1 8 0
M[314] : 6 4 4 5 5 5 6 2 4 6 1 4 6 5 0 5 4 5 0 1 3 1
M[315] : 3 0 3 5 1 4 2 6 5 5 3 6 6 5 3 5 4 7 1 4 3 2
M[316] : 7 4 5 4 5 4 2 6 5 6 5 6 6 6 2 6 3 8 0 6 5 5
M[317] : 2 7 7 7 6 6 0 7 4 6 5 3 3 3 5 5 7 5 7 3 4 2
M[318] : 5 4 4 5 4 3 3 3 3 4 6 6 7 5 0 6 7 6 5 3 2 5
M[319] : 2 6 6 3 5 3 1 9 4 5 7 3 0 4 5 2 4 7 4 6 7 3
M[320] : 3 6 7 6 6 12 3 6 9 5 0 4 1 2 1 9 2 3 3 2 5 4
M[321] : 6 4 2 6 7 4 9 2 8 5 5 9 9 6 2 3 4 5 2 0 3 3
M[322] : 4 3 2 6 4 9 4 5 4 7 5 0 6 8 7 3 5 4 4 0 3 3
M[323] : 6 5 8 9 6 2 0 4 4 6 4 3 3 6 5 1 8 3 11 3 2 3
M[324] : 0 9 7 6 8 8 4 5 3 4 4 5 2 4 5 4 2 5 4 3 5 4
M[325] : 6 4 4 3 5 4 3 4 6 3 6 5 5 3 8 4 2 6 2 0 5 4
M[326] : 7 5 3 4 10 2 0 4 3 6 6 3 6 5 5 3 4 8 2 9 5 4
M[327] : 1 4 1 3 5 3 4 7 6 6 3 6 4 7 5 5 7 6 3 4 0 3
M[328] : 3 5 4 6 9 2 4 6 3 5 4 0 5 9 3 6 6 2 4 3 1 3
M[329] : 2 7 3 1 5 2 1 3 4 2 8 2 7 4 3 3 2 0 3 5 5 6
M[330] : 9 3 7 6 2 9 5 4 3 5 2 0 5 2 6 7 4 7 8 6 2 6
M[331] : 6 5 8 4 3 7 6 5 5 5 3 5 1 2 5 5 8 4 6 0 4 3
M[332] : 5 5 6 4 2 5 7 7 6 5 13 6 5 0 1 9 5 4 5 7 4 6
M[333] : 0 9 5 7 5 5 8 2 4 5 3 5 4 4 3 5 7 4 5 5 2 6
M[334] : 6 4 3 5 0 6 6 5 4 3 3 3 5 7 5 6 8 5 4 8 5 4
M[335] : 6 7 6 0 7 4 5 5 6 5 7 8 4 2 6 6 2 4 10 4 6 5
M[336] : 1 4 6 4 3 9 0 3 5 7 2 5 4 8 6 0 7 3 8 5 2 4
M[337] : 6 7 4 1 9 4 4 3 4 2 2 0 5 6 3 4 3 2 4 5 4 5
M[338] : 7 6 7 4 2 6 5 4 2 0 7 2 3 3 5 8 7 3 6 6 4 6
M[339] : 8 6 8 5 7 5 5 4 3 0 5 3 8 3 3 8 3 5 5 5 4 5
M[340] : 4 4 3 3 4 0 3 6 9 8 3 3 2 5 10 3 5 3 5 4 4 2
M[341] : 6 7 7 3 2 5 3 6 4 1 7 5 1 1 8 0 3 4 4 6 3 7
M[342] : 6 3 5 3 4 8 5 5 0 4 1 1 3 6 5 3 10 5 2 3 8 4
M[343] : 4 3 2 10 2 2 8 3 3 1 4 2 0 5 3 1 4 0 4 1 3 3
M[344] : 2 4 7 4 5 0 2 2 3 2 3 4 4 4 5 0 3 8 5 11 4 3
M[345] : 6 3 8 6 0 8 8 2 5 7 8 3 5 2 10 4 4 6 3 9 4 5
M[346] : 4 2 5 5 9 2 0 12 11 6 5 6 6 7 6 5 3 5 8 5 4 4
M[347] : 0 6 3 6 5 6 2 2 3 4 3 4 8 2 3 2 8 3 4 6 6 4
M[348] : 6 0 4 8 7 6 7 4 5 4 3 1 5 5 9 6 5 2 1 6 7 6
M[349] : 3 0 6 5 1 4 1 3 8 6 4 4 4 7 5 8 7 3 3 4 3 3
M[350] : 4 7 7 5 6 3 5 0 7 2 5 3 12 2 7 6 4 4 6 1 5 5
M[351] : 4 6 3 3 2 6 6 0 3 5 3 6 7 3 6 3 6 7 5 3 4 2
M[352] : 6 3 2 7 7 5 5 2 8 1 6 5 4 6 7 3 7 1 10 0 4 2
M[353] : 3 3 3 3 6 3 5 4 6 5 0 9 5 4 6 6 1 5 5 0 5 6
M[354] : 4 2 5 4 4 1 3 6 5 3 4 5 7 4 10 0 5 4 2 7 6 4
M[355] : 12 7 4 7 2 5 2 6 8 3 2 6 2 3 4 7 8 0 4 5 5 7
M[356] : 2 4 4 7 6 9 0 5 7 4 3 6 5 3 2 8 3 3 2 7 3 5
M[357] : 4 3 8 6 3 3 6 5 3 3 0 5 4 6 6 5 5 9 9 8 2 3
M[358] : 4 2 3 5 2 5 7 3 3 7 7 3 3 4 9 5 4 0 2 8 4 7
M[359] : 2 5 8 0 6 8 5 4 10 3 4 3 4 5 7 6 7 5 2 2 2 5
M[360] : 2 9 2 6 6 5 3 6 1 3 4 2 5 4 7 8 4 0 5 2 0 6
M[361] : 5 4 4 3 6 7 2 5 4 3 4 6 3 6 5 0 2 2 4 2 3 3
M[362] : 4 7 4 6 3 5 3 4 5 0 6 3 7 9 6 3 3 1 5 3 6 4
M[363] : 5 8 4 0 5 7 6 7 5 1 5 7 3 5 2 14 6 3 5 6 5 4
M[364] : 5 3 6 3 5 3 0 5 6 0 4 1 2 3 8 6 7 7 6 6 2 5
M[365] : 5 8 5 4 7 5 6 2 4 5 9 5 2 3 0 3 4 3 6 5 6 5
M[366] : 13 2 0 2 8 7 2 8 9 7 3 2 6 4 4 3 5 10 2 6 7 5
M[367] : 3 4 1 3 4 5 3 4 3 4 3 4 7 5 7 4 3 5 2 0 7 4
M[368] : 3 4 0 5 7 4 8 2 6 6 6 6 5 1 2 4 5 6 2 6 7 6
M[369] : 3 6 0 7 4 8 5 7 4 5 5 2 3 6 6 3 9 6 3 6 11 3
M[370] : 6 7 7 4 5 4 7 8 5 4 4 10 3 6 4 0 6 3 6 6 9 6
M[371] : 6 0 7 6 7 2 2 5 5 7 6 2 5 1 6 6 6 6 6 3 9 6
M[372] : 5 5 6 5 6 5 6 7 0 4 5 3 5 2 3 5 6 6 4 2 5 8
M[373] : 8 3 3 6 7 0 3 2 5 3 2 7 2 5 6 2 7 5 3 4 4 6
M[374] : 0 7 2 3 2 3 3 4 6 4 6 4 3 5 3 3 4 2 6 4 7 4
M[375] : 8 2 0 7 5 3 4 6 4 3 10 3 2 6 5 4 5 10 4 6 3 4
M[376] : 6 4 4 4 2 1 8 3 0 5 1 5 7 5 5 8 5 9 7 0 7 3
M[377] : 4 5 3 0 5 3 6 6 7 3 1 7 4 6 4 6 2 3 1 4 2 7
M[378] : 3 2 3 4 8 5 4 5 3 2 5 4 5 8 7 8 0 5 5 4 3 5
M[379] : 3 3 2 2 6 4 5 0 3 3 4 4 1 5 3 10 2 3 2 3 6 5
M[380] : 5 5 2 7 0 4 3 6 4 1 6 5 5 1 6 5 8 8 5 3 4 8
M[381] : 6 7 6 4 4 3 5 4 3 7 6 6 3 1 10 5 7 5 7 5 0 4
M[382] : 4 3 3 5 3 7 2 7 6 4 2 6 6 3 5 5 2 0 5 3 3 4
M[383] : 1 3 7 5 6 4 2 4 4 2 3 1 6 3 10 5 3 6 3 2 3 0
M[384] : 8 4 4 5 4 4 3 6 8 6 5 3 6 3 4 5 0 8 4 4 6 4
M[385] : 5 5 4 5 5 3 5 4 6 2 7 4 5 2 6 3 4 7 5 7 0 6
M[386] : 7 8 5 4 3 8 3 6 3 4 3 2 7 0 6 7 7 6 10 5 3 6
M[387] : 5 6 2 7 2 5 4 8 2 4 6 7 4 2 1 5 4 0 1 3 4 4
M[388] : 2 0 6 5 8 7 4 2 3 7 4 6 4 6 3 8 7 1 5 4 5 4
M[389] : 2 7 7 4 1 5 3 6 4 6 6 4 2 10 3 0 6 9 6 5 7 3
M[390] : 5 3 1 4 4 4 5 6 6 5 0 5 5 2 1 7 5 3 5 4 4 5
M[391] : 3 3 4 7 7 2 6 5 0 4 5 6 6 2 14 2 5 6 5 2 6 3
M[392] : 6 4 4 4 7 11 6 4 2 0 5 9 6 6 6 2 5 1 3 4 3 7
M[393] : 3 7 5 5 5 0 5 5 6 5 4 5 6 4 7 4 10 2 6 4 4 4
M[394] : 5 0 1 5 5 5 1 5 6 4 8 7 5 6 5 4 8 2 3 4 3 4
M[395] : 4 7 4 8 2 4 6 5 9 2 2 5 2 0 5 4 5 3 6 6 5 7
M[396] : 5 5 8 1 9 6 6 3 8 8 5 4 3 4 4 6 5 7 8 5 0 6
M[397] : 7 7 8 6 1 4 3 3 3 5 0 5 3 5 5 7 4 5 3 7 5 5
M[398] : 4 4 6 1 5 5 3 0 6 3 2 5 6 4 0 7 3 4 1 6 9 5
M[399] : 6 3 7 9 4 4 5 7 0 9 2 6 5 2 6 4 4 3 2 3 5 5
M[400] : 8 5 4 8 7 0 6 4 1 4 6 4 4 5 4 2 10 3 8 5 4 5
M[401] : 4 5 5 8 4 6 5 3 4 2 11 7 4 12 0 7 5 3 3 7 9 8
M[402] : 1 6 8 3 1 8 5 4 4 6 9 5 5 4 3 5 5 5 3 7 0 6
M[403] : 8 2 4 5 0 4 4 4 6 3 3 6 4 1 2 4 5 6 6 5 7 4
M[404] : 11 4 3 1 4 3 6 8 6 0 6 5 6 4 3 4 1 6 3 2 7 7
M[405] : 10 5 2 4 5 5 5 2 5 5 3 3 4 3 2 4 4 3 2 0 4 7
M[406] : 4 7 3 0 6 4 6 5 4 4 6 2 5 6 6 3 4 3 6 7 6 3
M[407] : 3 7 4 6 2 0 9 3 3 2 6 6 1 3 7 3 7 5 7 3 6 4
M[408] : 2 3 8 5 4 8 6 7 2 5 7 1 4 4 0 2 7 2 3 4 1 4
M[409] : 6 6 8 5 5 3 5 3 6 3 4 7 4 4 0 4 4 4 4 2 5 6
M[410] : 3 5 10 12 5 4 5 0 3 5 4 2 9 4 5 2 8 7 5 4 3 3
M[411] : 4 5 9 6 3 4 7 5 6 0 6 5 6 2 6 4 1 3 4 5 3 3
M[412] : 5 5 3 2 5 5 0 5 2 5 1 4 3 11 6 1 8 6 5 5 8 2
M[413] : 10 3 5 4 3 0 5 6 6 5 3 6 4 3 2 6 10 5 3 5 3 4
M[414] : 4 3 6 7 4 6 5 3 7 9 5 4 4 4 5 6 1 8 0 7 1 4
M[415] : 3 6 7 7 6 3 4 6 1 3 0 6 3 5 6 4 6 13 6 7 6 6
M[416] : 4 4 7 5 7 6 3 4 6 6 4 6 5 6 3 3 4 4 5 10 0 8
M[417] : 9 4 5 4 5 3 7 4 5 7 0 4 6 5 6 2 4 5 3 4 5 3
M[418] : 4 3 8 7 5 3 4 2 5 2 4 3 4 6 2 6 0 5 6 4 6 3
M[419] : 4 0 9 2 5 7 5 6 5 6 2 1 6 8 4 3 4 0 3 8 6 7
M[420] : 4 4 1 5 4 8 2 6 2 4 8 7 7 5 5 6 3 5 0 7 4 6
M[421] : 1 4 4 6 7 2 2 10 0 2 3 7 6 1 4 3 3 9 5 4 5 1
M[422] : 5 6 1 7 5 6 9 0 3 4 5 6 3 5 4 4 3 7 4 5 2 3
M[423] : 2 6 3 10 0 3 5 8 3 5 3 8 8 5 6 4 6 3 4 8 3 5
M[424] : 8 4 3 2 4 11 5 8 8 4 4 6 8 7 5 5 3 4 10 2 2 0
M[425] : 3 5 0 5 3 5 7 9 5 2 5 4 5 4 7 3 7 5 3 3 3 5
M[426] : 4 2 0 6 3 2 6 2 2 4 5 2 7 7 6 5 1 4 4 3 5 9
M[427] : 7 3 3 6 4 5 6 8 0 6 4 7 4 5 5 6 5 6 4 8 4 4
M[428] : 5 3 3 5 5 7 7 5 8 5 6 9 5 5 5 7 4 6 0 5 3 6
M[429] : 8 8 5 3 2 4 6 4 6 10 7 1 6 7 3 0 5 6 3 6 4 4
M[430] : 4 6 7 4 5 1 6 5 6 3 5 0 7 2 8 4 4 4 1 4 8 5
M[431] : 5 2 3 3 3 3 5 7 4 9 3 6 5 6 0 5 4 4 3 3 5 9
M[432] : 1 6 2 4 5 0 7 7 6 5 5 2 5 4 3 4 5 3 3 7 5 6
M[433] : 4 6 3 7 7 4 5 9 4 2 5 3 7 0 6 6 6 3 8 2 3 6
M[434] : 8 7 3 4 2 5 7 4 6 0 7 6 6 7 8 3 5 3 2 2 5 5
M[435] : 5 5 5 2 6 7 0 4 5 4 5 3 6 5 8 4 4 5 5 7 5 4
M[436] : 4 3 1 6 7 2 5 2 11 4 5 5 7 4 4 2 5 7 1 4 4 0
M[437] : 4 5 8 5 5 8 5 5 4 4 2 5 0 3 4 4 6 4 7 3 6 2
M[438] : 5 0 4 4 8 7 4 7 2 6 1 2 9 7 3 8 3 4 6 3 5 8
M[439] : 3 4 5 3 5 0 5 7 4 2 4 5 5 3 3 5 8 5 6 3 2 2
M[440] : 0 3 11 5 8 3 6 5 8 9 5 8 3 5 6 7 3 3 4 9 8 8
M[441] : 5 4 3 4 4 0 3 5 4 4 5 5 4 6 10 3 6 3 4 3 3 3
M[442] : 10 3 2 5 4 6 5 4 4 4 2 3 2 6 1 6 5 0 7 4 5 3
M[443] : 7 4 2 2 3 2 6 0 8 0 3 4 6 7 3 5 3 5 6 5 7 7
M[444] : 2 4 2 11 3 7 5 3 7 4 0 3 7 5 3 4 8 4 7 4 8 5
M[445] : 5 11 6 5 4 5 3 3 4 5 7 9 5 0 5 8 7 4 3 3 5 2
M[446] : 6 3 7 5 2 5 4 4 3 3 3 8 6 5 3 6 4 0 6 2 5 5
M[447] : 8 5 2 3 7 3 0 9 3 4 5 6 5 11 3 4 8 1 4 6 5 4
M[448] : 4 4 4 3 5 3 6 5 4 0 6 5 3 4 4 8 4 2 3 2 5 6
M[449] : 6 0 4 7 3 7 3 4 5 3 6 0 5 3 6 3 5 2 2 2 4 9
M[450] : 6 6 7 5 5 5 6 4 5 4 4 0 8 5 6 3 2 7 2 3 3 6
M[451] : 2 4 8 6 5 5 3 5 1 5 6 7 7 7 3 4 0 3 3 8 3 6
M[452] : 3 4 6 5 6 4 8 8 0 3 5 2 9 2 6 7 5 4 4 9 1 3
M[453] : 4 3 5 2 5 5 4 4 3 6 4 2 6 3 3 4 4 1 6 0 6 1
M[454] : 4 2 4 6 5 5 0 3 4 7 7 6 6 4 3 6 3 4 3 6 4 6
M[455] : 3 4 3 7 9 4 6 8 0 6 2 0 3 8 2 4 5 1 6 3 4 6
M[456] : 5 0 4 6 5 4 3 4 6 6 2 5 1 5 4 4 3 3 5 2 4 7
M[457] : 5 8 4 8 6 6 6 3 3 8 7 5 4 6 0 6 6 2 4 4 3 5
M[458] : 4 5 4 5 6 8 3 4 5 0 4 5 4 3 7 6 10 5 8 2 1 2
M[459] : 7 4 2 3 7 1 5 7 3 7 6 0 6 4 4 5 6 7 4 6 2 5
M[460] : 5 0 2 4 3 7 4 5 5 6 6 2 4 9 5 4 8 11 3 5 5 5
M[461] : 1 3 7 5 5 8 0 6 9 6 3 6 4 3 3 3 4 5 2 4 2 0
M[462] : 2 6 7 6 8 4 4 6 2 4 5 4 6 5 5 5 2 4 6 2 8 0
M[463] : 2 4 7 2 5 4 4 8 5 9 5 4 7 2 4 2 2 4 5 0 6 3
M[464] : 2 9 0 1 3 8 6 5 7 8 4 6 7 5 8 5 5 2 3 5 8 6
M[465] : 0 4 7 6 7 3 6 6 4 6 4 2 3 5 7 6 5 2 5 4 3 7
M[466] : 0 8 3 4 6 2 3 3 5 6 6 2 3 4 2 3 4 4 6 9 4 8
M[467] : 4 6 6 2 6 4 4 7 3 0 6 6 7 6 5 5 4 3 9 5 3 5
M[468] : 4 5 8 7 3 2 4 3 2 1 2 6 5 3 4 0 6 6 8 4 8 3
M[469] : 4 7 5 3 5 0 2 6 8 6 7 9 6 6 6 3 3 6 7 1 4 6
M[470] : 5 6 5 7 1 4 6 3 3 6 8 4 9 6 4 4 4 6 0 4 2 4
M[471] : 3 1 7 8 2 1 4 3 1 7 2 7 5 6 4 4 7 4 4 3 7 0
M[472] : 4 4 3 4 4 4 5 7 7 5 7 2 7 6 5 5 7 3 6 5 0 5
M[473] : 4 5 4 8 4 5 2 2 9 6 3 3 7 8 4 4 0 5 6 5 2 7
M[474] : 4 6 0 5 4 2 3 4 2 5 3 6 8 9 7 6 4 2 6 3 1 7
M[475] : 2 2 5 4 5 6 3 4 8 1 4 7 0 5 4 3 6 9 5 8 4 6
M[476] : 5 2 7 3 5 5 4 2 3 2 7 4 5 0 3 5 4 4 7 3 5 3
M[477] : 9 5 5 5 0 7 6 3 7 1 4 3 5 7 2 3 6 6 2 6 4 5
M[478] : 11 8 3 6 10 5 5 12 5 4 4 6 3 1 6 5 5 2 4 2 7 0
M[479] : 0 3 6 6 5 3 6 4 5 9 3 6 4 6 7 5 6 7 6 4 4 8
M[480] : 9 5 6 1 5 3 7 4 5 6 6 7 7 3 2 3 6 7 3 5 5 0
M[481] : 7 7 10 5 6 7 5 8 7 5 6 3 3 5 0 5 4 5 3 9 6 4
M[482] : 5 4 2 11 3 5 6 4 6 5 3 6 9 3 3 6 8 4 5 0 7 3
M[483] : 4 0 5 3 3 7 4 5 5 8 2 6 4 3 6 3 6 6 5 5 6 8
M[484] : 6 5 3 4 2 3 3 8 6 10 0 6 6 3 5 7 1 7 2 5 2 6
M[485] : 0 4 3 3 4 2 5 3 3 1 2 1 3 4 0 4 3 3 7 1 11 4
M[486] : 3 8 0 5 3 5 6 6 1 4 4 7 8 2 4 5 5 1 4 5 5 5
M[487] : 5 3 6 4 0 4 8 6 6 7 5 4 5 5 6 5 6 1 6 6 4 4
M[488] : 5 2 4 4 3 4 7 6 6 5 6 3 3 3 3 4 4 7 2 6 0 8
M[489] : 7 6 2 5 6 8 5 7 5 4 5 1 4 4 5 4 4 6 5 0 3 8
M[490] : 5 5 5 4 6 4 5 4 6 3 5 5 3 3 4 0 5 2 3 2 3 4
M[491] : 3 3 5 4 7 7 5 9 6 6 5 7 4 10 5 5 6 0 4 4 1 6
M[492] : 3 0 4 2 4 6 5 4 3 3 4 5 4 2 3 7 5 5 7 8 7 4
M[493] : 3 8 4 6 6 7 4 5 0 7 1 3 9 7 6 7 4 9 5 3 2 4
M[494] : 8 3 3 10 9 5 5 5 4 4 5 0 5 3 2 7 6 2 8 6 5 4
M[495] : 4 2 8 7 9 4 2 5 2 2 4 6 3 6 5 2 6 0 0 5 2 4
M[496] : 4 5 7 5 5 2 0 5 10 5 6 6 5 6 5 5 4 5 4 4 1 5
M[497] : 5 9 5 6 4 3 5 6 4 5 5 4 7 2 6 4 4 4 3 0 3 5
M[498] : 5 6 2 7 4 3 4 11 2 7 6 7 0 1 5 10 7 4 3 7 5 5
M[499] : 3 5 2 0 6 1 2 5 5 3 8 7 5 5 5 6 2 5 8 8 4 3
M[500] : 5 0 5 6 4 10 8 5 4 4 4 4 7 5 2 2 5 5 8 4 4 6
M[501] : 9 4 5 2 3 6 3 8 4 6 0 6 3 6 4 5 3 4 5 4 4 4
M[502] : 4 3 3 0 12 5 3 6 6 2 7 4 7 6 4 4 2 3 4 7 4 3
M[503] : 4 3 4 5 3 0 6 8 4 7 5 0 2 4 3 6 3 2 7 4 5 9
M[504] : 7 3 5 4 6 3 7 2 7 4 8 4 3 7 4 5 6 5 4 3 6 0
M[505] : 5 3 7 5 3 5 5 2 4 8 7 5 0 4 3 2 4 6 5 6 5 5
M[506] : 1 0 8 0 7 5 7 2 5 5 7 2 8 4 6 1 4 3 2 4 2 6
M[507] : 6 5 3 6 2 6 0 2 9 5 6 4 6 6 5 7 6 7 4 6 5 3
M[508] : 6 6 3 2 4 10 2 4 3 6 0 5 5 6 6 2 6 1 3 4 5 1
M[509] : 5 8 3 4 2 3 5 4 8 6 7 3 1 3 5 5 2 5 0 4 11 3
M[510] : 5 5 8 4 5 4 6 2 3 0 5 3 4 3 8 3 5 6 7 2 4 4
M[511] : 3 6 6 6 11 5 3 7 0 7 6 2 2 5 5 3 4 8 2 7 4 5
M[512] : 8 6 6 5 8 7 0 6 3 4 4 5 5 4 0 7 4 6 7 4 4 4
M[513] : 3 3 7 10 3 6 4 6 5 6 3 0 3 4 5 5 2 7 8 7 6 5
M[514] : 7 3 6 2 5 3 5 7 0 4 6 3 9 3 4 1 6 5 5 6 7 7
M[515] : 4 7 4 7 4 4 4 0 6 5 5 6 5 1 2 2 3 5 4 5 3 5
M[516] : 6 2 6 0 2 8 2 8 4 7 2 4 4 7 2 0 6 5 3 3 3 6
M[517] : 5 1 8 4 2 2 5 9 6 5 4 4 5 7 7 5 4 4 0 5 5 8
M[518] : 6 6 5 0 9 4 4 1 12 2 8 6 3 6 1 3 6 4 4 7 6 6
M[519] : 2 3 2 3 5 4 4 4 8 5 6 8 0 5 4 1 5 8 5 5 4 4
M[520] : 4 6 3 5 5 6 3 5 4 7 7 6 5 5 1 6 6 6 5 3 4 0
M[521] : 4 3 6 4 3 3 6 5 3 4 6 4 2 4 6 8 2 5 4 4 0 2
M[522] : 7 5 6 7 0 4 4 3 3 3 7 2 4 5 10 5 8 7 7 6 2 2
M[523] : 5 4 2 4 6 1 7 6 0 5 2 6 4 0 4 6 2 2 6 5 7 1
M[524] : 5 3 5 3 3 2 7 6 3 0 7 3 7 7 3 2 3 3 5 9 5 2
M[525] : 8 7 0 5 6 3 3 2 8 2 5 3 4 7 3 7 5 5 6 3 5 3
M[526] : 6 4 4 5 4 7 10 3 5 6 4 5 6 0 4 5 6 7 5 8 5 5
M[527] : 3 3 3 6 3 4 3 1 9 4 7 0 3 5 6 4 6 4 7 7 5 3
M[528] : 4 5 3 4 6 7 8 3 3 7 7 4 2 5 6 4 2 4 0 4 6 4
M[529] : 0 1 4 3 3 4 6 4 4 2 8 1 3 8 5 6 7 5 4 5 3 5
M[530] : 5 5 5 5 3 2 5 4 5 9 7 8 4 8 8 8 4 3 2 4 4 0
M[531] : 5 4 3 2 4 8 2 3 5 4 8 5 4 0 6 8 4 7 3 1 10 2
M[532] : 6 4 1 6 4 7 0 10 6 4 8 7 2 5 3 4 7 3 7 5 6 3
M[533] : 2 2 4 4 5 6 1 4 4 6 0 6 4 4 6 3 3 5 4 1 5 4
M[534] : 4 6 6 3 5 0 6 3 6 2 5 2 5 2 7 4 2 6 7 4 1 5
M[535] : 6 7 5 2 4 3 7 8 5 9 2 0 7 2 5 4 3 5 2 6 5 6
M[536] : 3 4 8 5 4 5 8 4 7 4 4 0 3 3 5 5 5 6 4 5 3 2
M[537] : 7 4 5 8 8 5 7 4 7 4 3 3 4 3 6 2 5 7 0 5 8 3
M[538] : 4 5 0 4 5 3 6 5 5 8 4 7 5 1 8 3 7 5 8 3 7 3
M[539] : 4 6 7 0 6 5 9 4 4 2 8 8 4 3 7 3 3 4 8 6 5 5
M[540] : 2 6 3 5 1 4 4 5 4 7 3 5 0 5 5 5 3 5 5 8 8 6
M[541] : 6 6 5 7 5 3 4 7 0 2 8 5 3 6 7 4 7 3 3 1 5 6
M[542] : 5 5 6 3 4 8 6 5 3 9 5 5 5 4 5 4 1 7 0 3 7 4
M[543] : 6 5 5 7 6 3 2 2 0 4 3 3 4 4 7 5 6 5 4 2 2 7
M[544] : 4 0 4 4 1 6 4 7 4 3 6 2 0 4 2 4 8 5 6 7 5 7
M[545] : 8 1 6 6 6 3 2 1 6 4 5 3 6 6 3 0 3 10 2 6 6 6
M[546] : 1 0 6 8 5 4 5 5 4 3 9 6 2 5 4 7 7 4 8 3 4 3
M[547] : 4 5 5 7 4 5 3 6 0 6 5 5 7 6 2 6 3 6 3 8 5 6
M[548] : 4 1 6 3 6 4 3 7 6 7 4 5 4 6 0 6 4 4 4 4 4 3
M[549] : 3 6 8 7 8 7 4 0 5 5 4 4 7 4 4 5 2 5 3 5 5 5
M[550] : 4 8 7 0 5 4 2 8 2 1 3 4 5 4 4 7 6 2 7 6 2 3
M[551] : 3 7 5 8 5 4 10 7 4 5 8 5 5 6 5 4 2 4 6 0 3 0
M[552] : 6 4 4 1 2 3 6 1 9 11 5 4 5 6 0 4 4 2 4 5 6 7
M[553] : 4 5 3 3 7 4 4 5 4 7 3 6 2 3 5 7 5 5 8 5 0 4
M[554] : 3 4 5 5 3 2 4 5 7 5 2 5 0 6 4 3 8 6 6 5 6 4
M[555] : 1 7 5 3 4 0 3 6 7 4 8 7 6 6 4 4 1 4 4 4 2 3
M[556] : 2 3 1 7 7 4 5 4 4 6 4 3 7 4 8 0 4 7 3 5 3 4
M[557] : 5 3 6 6 2 5 3 6 0 2 8 0 5 6 3 5 4 5 4 3 5 3
M[558] : 3 0 5 5 6 6 4 11 4 2 5 3 3 6 3 6 3 7 6 5 8 2
M[559] : 5 5 6 3 2 7 5 4 8 4 6 5 6 2 7 9 4 6 6 7 6 0
M[560] : 5 3 1 6 3 2 3 8 2 5 8 4 0 1 4 6 3 7 3 8 1 4
M[561] : 0 3 8 3 2 6 9 7 4 5 6 5 8 5 9 6 2 7 6 3 6 5
M[562] : 5 6 2 6 2 6 7 2 0 2 3 3 4 5 5 2 2 8 4 7 4 6
M[563] : 3 6 3 8 2 4 4 4 4 5 5 8 4 0 2 4 3 2 5 5 4 8
M[564] : 7 10 2 8 6 6 5 5 6 4 4 0 7 9 5 4 4 4 5 9 2 4
M[565] : 9 3 3 3 7 5 3 0 8 5 3 4 2 4 2 3 7 9 5 7 5 3
M[566] : 6 7 1 4 6 6 2 8 5 3 3 1 11 2 4 3 0 3 2 7 7 4
M[567] : 0 2 3 5 3 6 4 4 1 7 5 6 6 7 3 5 4 1 4 4 6 3
M[568] : 5 2 6 3 2 7 1 3 4 5 0 7 0 9 4 3 3 2 7 6 5 4
M[569] : 8 2 6 5 3 5 6 8 6 3 5 3 8 3 4 0 5 7 6 5 4 8
M[570] : 5 1 0 3 2 5 3 3 4 5 4 4 3 6 7 4 3 6 3 4 5 6
M[571] : 5 4 5 9 2 5 3 4 4 5 0 7 6 3 7 2 6 8 6 4 7 8
M[572] : 7 4 4 4 6 6 4 6 5 8 5 5 9 3 6 3 5 3 0 1 3 4
M[573] : 1 7 2 5 4 0 9 5 3 7 5 4 1 4 2 3 0 3 3 5 6 4
M[574] : 7 4 0 4 9 5 2 4 5 7 4 1 6 3 8 3 4 7 0 3 5 5
M[575] : 4 5 3 5 6 6 5 0 5 9 3 6 3 4 5 8 9 4 6 3 8 4
M[576] : 5 2 0 6 6 2 3 6 4 3 2 8 3 1 6 10 8 6 4 5 5 2
M[577] : 7 5 4 5 0 4 3 9 6 4 5 5 3 4 3 8 4 3 5 4 7 2
M[578] : 4 5 5 4 7 3 7 7 4 4 5 5 5 7 3 0 6 6 4 4 7 5
M[579] : 0 3 7 7 4 5 5 5 5 2 6 5 3 4 5 6 2 5 1 4 6 8
M[580] : 7 8 6 4 3 4 8 4 2 5 7 6 3 8 0 8 5 5 3 6 4 4
M[581] : 0 6 6 7 9 5 3 3 4 4 6 6 8 7 7 3 6 5 6 4 5 0
M[582] : 6 5 6 3 3 3 9 4 0 0 6 6 3 7 4 4 5 4 5 6 7 8
M[583] : 1 2 0 4 4 6 5 2 3 3 2 6 2 3 4 6 6 8 5 2 2 9
M[584] : 5 4 6 6 4 5 5 3 3 5 8 4 5 10 6 0 6 6 8 4 2 6
M[585] : 4 5 6 7 4 4 5 6 5 5 3 6 4 8 5 2 7 0 2 6 6 4
M[586] : 6 4 4 7 3 3 5 5 6 0 5 6 1 3 1 7 10 5 2 2 10 5
M[587] : 2 4 0 8 4 6 4 6 3 7 3 2 4 3 6 6 3 6 6 4 3 9
M[588] : 4 4 4 5 8 0 4 6 2 5 6 2 4 6 4 8 4 3 3 4 2 7
M[589] : 3 3 3 7 0 4 3 3 9 5 5 3 6 0 4 7 3 3 1 3 2 3
M[590] : 3 1 3 4 2 4 4 1 9 3 4 4 3 7 8 3 4 4 0 5 3 4
M[591] : 4 5 6 6 3 6 6 4 3 6 2 4 3 4 5 5 4 0 5 4 7 6
M[592] : 3 5 5 4 5 9 4 3 3 0 6 2 5 1 6 2 5 4 6 4 4 7
M[593] : 4 2 5 3 3 2 5 2 5 5 3 4 5 4 6 0 3 9 6 7 3 2
M[594] : 7 2 4 3 6 6 7 7 0 5 4 2 2 4 3 4 5 5 1 5 2 5
M[595] : 5 3 3 0 1 3 2 3 9 3 8 3 4 4 2 5 6 4 6 7 2 5
M[596] : 8 5 6 6 5 2 0 3 5 4 5 6 4 4 4 8 3 4 4 2 8 8
M[597] : 5 4 9 5 6 0 5 7 4 5 6 5 3 4 4 3 6 5 4 5 6 4
M[598] : 8 5 5 2 6 6 3 3 7 2 3 5 0 6 7 7 5 4 5 4 7 6
M[599] : 6 6 0 6 5 4 5 3 7 5 9 0 6 5 1 5 6 2 2 3 4 5
M[600] : 1 1 5 2 9 4 2 4 4 5 9 4 6 4 0 4 5 6 3 0 8 6
M[601] : 4 2 4 7 4 6 3 1 4 6 3 7 5 0 8 5 6 3 8 4 8 6
M[602] : 4 2 1 5 4 6 3 4 4 3 4 2 4 2 4 0 3 4 5 3 7 8
M[603] : 5 5 1 3 1 5 3 8 6 3 4 5 5 7 3 8 0 5 3 3 4 4
M[604] : 9 6 2 4 2 4 0 3 7 8 9 3 2 3 5 5 5 9 5 7 13 4
M[605] : 1 4 2 3 6 5 5 6 4 3 2 4 7 3 2 5 2 5 0 4 7 7
M[606] : 1 6 0 3 3 6 3 3 1 6 5 7 3 7 3 3 4 4 4 2 4 5
M[607] : 2 4 5 5 3 5 4 5 1 3 0 2 4 4 3 4 7 6 2 5 4 2
M[608] : 4 5 3 3 6 7 0 3 7 4 4 3 5 4 7 6 2 3 5 5 5 3
M[609] : 7 4 1 2 2 4 0 7 5 3 5 2 5 5 6 3 2 2 6 3 4 0
M[610] : 4 5 4 6 7 7 0 4 1 3 4 2 5 4 2 4 2 9 5 2 4 8
M[611] : 5 5 6 5 5 6 7 10 5 5 5 4 9 5 0 7 3 8 3 4 4 8
M[612] : 3 0 6 7 3 4 5 4 5 5 7 4 1 5 4 3 4 10 2 1 6 3
M[613] : 4 4 5 8 4 7 2 3 4 7 8 0 3 5 10 6 3 1 8 5 8 4
M[614] : 3 5 7 3 0 4 2 3 4 6 3 4 0 5 5 8 6 5 0 5 3 4
M[615] : 6 4 3 5 3 3 4 5 6 4 3 5 6 2 3 8 7 2 1 5 0 3
M[616] : 4 6 11 2 2 9 4 1 1 0 6 1 5 4 7 2 7 5 3 8 4 2
M[617] : 6 3 2 7 9 8 7 7 5 5 6 5 5 0 5 7 1 4 5 6 4 0
M[618] : 4 4 7 7 6 7 5 1 5 3 7 6 4 3 0 6 7 8 4 4 3 6
M[619] : 2 6 4 6 6 4 5 5 5 4 10 3 5 5 5 4 3 4 8 2 0 4
M[620] : 4 4 6 3 2 4 0 4 3 10 3 2 6 2 4 2 4 4 6 4 7 7
M[621] : 4 5 0 5 4 4 4 2 4 4 6 9 5 4 3 4 1 2 9 9 2 7
M[622] : 5 4 5 5 3 2 0 7 4 10 1 2 7 4 7 9 6 3 5 6 1 7
M[623] : 3 10 8 9 3 3 6 5 4 3 3 2 5 6 3 2 4 6 7 6 0 8
M[624] : 0 3 3 4 7 4 2 6 7 5 5 5 6 2 5 4 6 6 3 4 3 8
M[625] : 10 0 4 8 5 4 4 2 4 8 4 8 0 2 8 13 9 5 3 3 6 7
M[626] : 5 2 3 4 9 7 5 3 6 4 6 6 3 4 0 6 5 8 10 5 8 7
M[627] : 5 6 8 1 5 0 7 6 2 4 9 7 3 3 3 7 4 5 5 6 6 2
M[628] : 6 6 4 5 7 3 5 4 6 4 7 4 7 1 3 8 6 1 10 6 0 3
M[629] : 6 1 7 3 6 6 6 10 7 4 6 5 0 5 6 5 3 7 2 6 5 9
M[630] : 3 3 5 4 3 5 5 5 5 6 0 2 7 5 8 8 8 2 5 4 5 1
M[631] : 6 4 3 12 7 4 6 4 2 2 6 4 7 7 7 7 8 4 0 4 5 4
M[632] : 2 4 2 1 6 3 3 2 5 2 3 5 8 6 6 4 4 2 0 3 4 8
M[633] : 4 8 5 3 6 2 3 4 5 5 7 3 6 4 6 4 4 10 0 4 6 6
M[634] : 5 0 3 4 2 5 2 5 5 5 3 7 4 5 1 8 4 5 4 2 6 2
M[635] : 5 5 6 6 2 4 0 4 3 3 3 4 3 8 6 3 1 2 6 4 8 1
M[636] : 5 5 3 4 3 5 7 9 5 6 4 5 1 13 7 0 7 3 5 1 3 4
M[637] : 4 2 8 9 4 8 4 7 9 9 6 7 4 6 9 4 7 0 3 7 3 4
M[638] : 3 6 6 5 4 4 5 7 1 4 5 6 7 2 4 6 6 4 0 5 3 3
M[639] : 3 6 3 2 5 9 7 0 7 3 10 3 3 4 3 8 8 1 4 4 6 6
M[640] : 9 3 3 10 3 4 6 3 6 4 4 7 5 9 5 3 8 3 6 0 6 5
M[641] : 2 5 4 4 1 8 5 6 3 6 5 6 6 7 3 4 0 4 4 4 4 6
M[642] : 2 6 0 6 3 4 6 4 7 5 6 6 4 5 7 4 4 5 3 2 5 2
M[643] : 6 5 6 5 4 4 8 5 6 5 6 5 7 6 0 5 7 1 6 6 3 3
M[644] : 2 11 2 5 4 2 7 2 5 0 4 1 2 4 3 5 5 3 7 5 5 6
M[645] : 5 3 2 4 3 5 7 4 0 5 3 5 4 7 5 7 5 3 3 7 8 3
M[646] : 1 2 9 3 3 2 8 0 4 3 6 5 5 6 5 2 5 6 7 3 5 5
M[647] : 4 6 8 2 5 4 7 3 0 5 6 2 7 5 3 4 5 1 4 8 5 3
M[648] : 5 2 3 4 7 5 5 1 8 3 7 7 7 6 5 4 5 5 2 0 3 4
M[649] : 6 5 3 2 4 5 2 8 0 3 5 11 4 2 4 6 3 5 6 11 4 6
M[650] : 9 3 4 4 10 4 3 5 4 5 4 6 0 6 8 4 6 5 5 4 3 7
M[651] : 3 4 6 1 3 5 0 5 4 6 5 6 9 3 3 4 3 5 3 6 8 4
M[652] : 3 1 6 8 3 5 3 3 3 3 4 0 7 3 0 5 3 5 3 2 2 5
M[653] : 6 5 4 4 9 6 4 9 9 2 4 5 9 1 0 3 6 7 6 4 8 7
M[654] : 4 1 4 0 5 4 7 5 7 4 3 5 6 5 2 6 6 2 3 4 5 4
M[655] : 5 7 2 6 9 6 5 5 3 2 7 5 4 5 1 5 6 4 2 0 7 4
M[656] : 4 2 4 3 2 10 0 4 0 4 4 6 5 2 7 4 4 4 6 4 5 2
M[657] : 2 3 5 5 7 4 4 4 6 6 8 5 4 7 3 7 9 6 4 6 7 0
M[658] : 4 3 8 0 1 6 6 5 4 9 2 2 7 6 6 2 8 3 3 5 3 6
M[659] : 7 6 3 3 0 6 7 5 2 5 6 6 3 2 4 5 7 5 5 4 5 3
M[660] : 5 4 4 6 4 5 4 7 4 6 3 7 8 3 3 6 8 2 10 5 7 0
M[661] : 4 3 4 4 4 4 6 4 1 0 10 6 10 8 3 5 5 3 5 6 3 5
M[662] : 3 4 5 5 4 3 4 6 5 3 6 4 0 5 7 7 9 5 4 9 2 5
M[663] : 4 5 8 4 0 4 5 6 9 4 7 3 4 1 4 6 9 4 5 5 5 5
M[664] : 5 4 3 6 5 3 1 8 2 7 8 0 3 5 5 4 6 5 5 3 6 4
M[665] : 1 7 3 4 4 5 5 0 2 3 5 6 7 8 7 2 6 3 6 6 11 2
M[666] : 2 6 1 6 5 2 0 4 8 5 2 6 4 6 5 8 3 3 6 5 4 8
M[667] : 3 6 4 4 3 7 4 2 4 3 2 7 2 5 5 6 1 5 0 4 8 1
M[668] : 3 0 8 1 1 5 0 5 7 6 6 6 4 7 6 4 8 6 6 3 3 5
M[669] : 4 4 0 7 3 0 10 4 10 5 5 4 6 5 3 6 7 6 6 5 4 3
M[670] : 4 8 6 3 4 6 2 4 2 7 1 4 6 4 0 3 2 6 2 10 2 8
M[671] : 0 3 7 3 5 4 7 2 4 3 1 6 5 6 5 2 4 3 5 4 5 4
M[672] : 4 8 1 0 4 4 4 4 7 6 6 7 2 4 5 4 4 10 7 5 3 4
M[673] : 4 2 4 10 4 7 4 8 6 3 2 1 7 6 10 5 5 4 6 0 6 3
M[674] : 8 1 5 3 4 2 3 6 4 7 1 5 4 0 6 3 6 4 6 2 6 8
M[675] : 11 5 5 8 6 6 10 4 1 7 6 5 6 4 5 0 5 10 5 3 5 9
M[676] : 5 5 5 6 6 5 5 3 4 4 6 4 4 6 6 4 7 7 6 5 0 6
M[677] : 1 4 5 3 3 6 0 1 6 3 4 7 7 8 8 4 5 2 6 3 2 6
M[678] : 6 10 5 4 3 3 3 5 6 5 3 8 4 5 0 1 2 5 3 3 3 7
M[679] : 4 5 5 4 4 6 5 0 6 3 3 3 4 6 7 5 6 8 6 3 3 4
M[680] : 2 11 5 2 1 8 3 5 9 0 10 4 5 4 6 4 5 2 5 5 7 5
M[681] : 4 6 10 4 3 6 0 6 4 8 2 11 6 3 5 2 5 7 4 5 6 4
M[682] : 6 4 2 7 2 9 0 6 5 5 2 3 9 5 3 6 4 4 3 9 5 3
M[683] : 3 5 0 6 3 3 2 4 4 5 4 4 9 3 5 5 4 7 7 5 4 3
M[684] : 3 2 5 3 7 8 4 4 3 5 0 8 8 2 6 6 5 3 5 6 7 1
M[685] : 4 0 6 2 7 5 5 5 4 4 4 4 7 8 5 2 6 5 2 5 4 3
M[686] : 7 8 6 7 7 5 4 5 4 7 5 3 6 6 7 0 6 3 4 6 8 8
M[687] : 4 3 6 7 0 5 2 4 5 5 4 7 3 6 2 3 5 5 2 4 3 2
M[688] : 5 5 5 3 4 0 6 5 5 12 5 5 3 7 4 5 2 3 2 4 5 8
M[689] : 2 4 2 2 3 2 0 7 3 5 6 6 4 5 5 4 4 5 3 5 5 5
M[690] : 4 2 3 7 4 5 5 3 3 5 7 2 5 7 3 6 6 6 0 5 6 2
M[691] : 6 4 4 4 2 8 6 5 9 0 5 3 2 5 3 2 6 3 5 3 3 3
M[692] : 6 7 4 8 7 2 3 3 6 9 7 4 8 2 5 2 3 5 4 0 7 6
M[693] : 2 7 5 4 1 6 3 6 5 0 4 2 7 4 3 4 5 8 5 5 6 3
M[694] : 7 5 8 6 8 2 3 5 3 4 2 5 6 4 5 1 3 3 5 3 0 2
M[695] : 6 3 2 6 5 5 2 2 5 7 7 3 3 3 9 3 4 4 5 3 1 0
M[696] : 5 4 6 0 6 5 2 7 5 7 1 6 0 7 7 7 4 6 5 9 6 5
M[697] : 6 3 4 5 3 3 3 7 3 5 2 3 6 4 2 5 6 5 5 4 0 5
M[698] : 2 5 5 5 4 6 6 6 2 5 5 4 3 7 7 5 6 4 8 3 9 0
M[699] : 2 7 7 4 9 4 6 4 7 3 5 5 7 0 3 4 2 6 4 4 4 2
M[700] : 2 5 3 5 6 9 5 7 1 6 2 4 4 4 2 5 0 7 4 4 2 2
M[701] : 4 6 5 2 6 4 5 7 6 6 3 5 5 4 3 0 3 6 5 7 5 8
M[702] : 0 5 3 10 4 1 3 3 7 7 5 6 5 4 7 5 2 4 6 9 7 5
M[703] : 2 5 4 8 2 4 2 2 6 6 5 0 9 5 6 3 7 1 10 7 5 4
M[704] : 5 3 9 3 9 3 7 3 5 0 6 8 4 6 3 8 4 5 4 5 1 6
M[705] : 0 3 6 2 4 5 3 6 5 6 3 4 6 5 2 4 7 6 7 5 0 1
M[706] : 3 7 3 0 5 8 7 7 5 3 2 7 4 5 8 9 5 4 6 0 3 4
M[707] : 4 4 7 6 6 2 4 2 7 8 5 5 6 4 5 4 8 2 4 0 7 3
M[708] : 4 6 3 3 4 0 4 4 2 6 9 5 4 5 2 6 8 5 7 5 8 2
M[709] : 3 6 3 3 8 6 7 10 8 5 5 5 6 6 5 2 5 4 0 4 4 3
M[710] : 6 5 4 7 8 5 7 0 5 3 3 4 5 4 3 6 5 5 3 8 2 3
M[711] : 6 6 5 9 6 5 7 4 6 0 6 4 4 7 3 6 7 3 4 5 6 4
M[712] : 4 4 8 6 6 6 4 2 5 10 3 3 0 2 5 3 6 5 4 3 6 5
M[713] : 5 9 7 4 0 3 3 4 9 4 7 4 4 2 6 7 3 4 6 6 5 6
M[714] : 2 5 3 4 4 5 6 4 0 3 7 4 4 5 4 1 7 8 4 6 4 3
M[715] : 3 4 7 4 4 3 5 4 8 2 7 8 5 6 5 7 6 0 7 2 3 3
M[716] : 9 4 5 5 10 4 6 2 5 4 1 6 0 5 4 7 3 6 5 2 4 4
M[717] : 5 6 2 6 4 4 1 5 0 3 6 2 4 7 9 9 6 3 2 8 7 7
M[718] : 5 4 9 7 5 0 5 6 4 4 6 8 5 4 8 8 7 5 4 3 3 0
M[719] : 4 6 0 4 5 6 5 6 3 7 9 3 4 6 1 0 4 2 1 3 2 5
M[720] : 4 5 4 4 7 7 7 4 5 4 6 8 6 5 4 0 7 3 6 5 6 3
M[721] : 1 3 7 7 5 5 4 6 5 8 6 10 7 8 6 4 3 3 3 2 0 11
M[722] : 8 6 4 4 5 4 3 0 1 4 3 4 4 2 3 4 4 6 5 4 4 4
M[723] : 4 7 4 6 2 6 4 3 4 6 6 2 6 3 3 4 2 3 0 2 3 9
M[724] : 8 4 5 5 5 2 4 2 4 3 5 4 4 5 1 6 6 5 5 6 7 0
M[725] : 4 7 4 4 4 4 6 3 8 6 6 9 4 8 4 5 2 1 0 4 6 3
M[726] : 6 3 0 3 4 5 7 3 2 5 2 5 2 4 6 3 2 3 2 4 6 4
M[727] : 4 5 4 5 2 5 10 0 9 3 4 5 6 5 1 5 1 8 5 5 5 3
M[728] : 7 1 5 5 0 5 0 4 4 7 6 7 2 2 4 4 5 2 3 11 6 2
M[729] : 4 3 11 6 4 7 2 0 2 7 8 6 7 3 11 4 1 4 4 9 5 4
M[730] : 6 9 5 2 5 2 5 2 8 5 3 9 4 7 8 4 6 9 7 4 0 3
M[731] : 2 1 5 3 4 9 4 1 7 7 6 4 4 5 0 5 3 0 6 6 5 3
M[732] : 4 4 0 6 4 5 2 5 4 6 4 2 1 11 5 4 5 8 5 6 7 5
M[733] : 4 7 2 7 4 5 7 0 5 2 4 3 7 4 2 6 9 5 6 2 4 3
M[734] : 4 5 3 2 2 3 7 3 6 3 6 4 0 3 4 5 4 6 5 3 3 3
M[735] : 5 3 5 1 8 6 3 4 4 0 6 6 0 7 8 2 5 9 3 3 3 4
M[736] : 8 2 6 5 5 10 3 0 5 9 4 4 3 5 4 5 5 9 4 6 6 2
M[737] : 5 4 2 4 2 8 7 4 3 8 4 0 4 7 6 5 4 7 5 2 2 1
M[738] : 6 1 4 7 6 4 5 5 3 6 5 6 0 3 7 4 7 5 10 7 6 5
M[739] : 4 4 4 4 9 4 0 3 4 3 4 4 3 2 6 3 4 5 5 2 6 5
M[740] : 4 5 8 6 13 6 5 0 7 2 2 5 4 6 10 6 8 7 5 5 6 6
M[741] : 7 6 1 3 0 8 4 9 2 9 3 6 3 7 8 3 4 5 4 3 7 10
M[742] : 2 8 4 5 4 4 2 5 3 3 5 6 5 2 4 4 3 5 1 0 4 4
M[743] : 10 2 0 7 4 4 4 7 3 3 6 10 2 2 3 6 4 4 3 1 2 3
M[744] : 3 6 7 3 5 4 5 0 2 5 2 1 5 7 4 9 5 3 8 5 2 3
M[745] : 5 5 8 3 6 3 3 4 8 6 4 6 0 9 3 5 7 4 3 5 4 9
M[746] : 7 5 2 7 1 5 1 7 6 6 6 4 2 0 3 8 6 2 5 3 2 6
M[747] : 6 4 6 6 0 4 4 8 6 3 2 6 5 4 6 7 0 5 6 7 6 6
M[748] : 5 7 5 2 6 1 5 1 2 4 3 3 4 7 7 6 3 7 3 1 0 7
M[749] : 2 3 7 0 7 1 3 8 6 4 10 6 4 8 6 6 2 9 4 4 4 12
M[750] : 2 0 3 6 5 2 8 8 5 4 4 8 5 4 4 3 9 1 5 3 3 5
M[751] : 9 4 0 5 1 6 4 8 7 5 5 7 7 7 2 3 9 0 4 3 5 5
M[752] : 1 8 2 12 5 2 5 4 0 4 4 8 6 8 6 2 9 8 4 7 3 4
M[753] : 4 7 6 3 9 7 5 2 5 4 2 9 7 5 4 3 2 8 3 2 0 4
M[754] : 1 6 3 6 3 7 4 8 3 6 8 5 2 0 5 7 7 5 2 7 3 4
M[755] : 8 9 9 4 7 6 9 3 4 3 5 5 4 3 4 6 0 3 5 1 0 3
M[756] : 4 3 2 6 0 5 3 2 5 2 7 3 3 5 6 9 4 3 4 5 1 9
M[757] : 3 5 5 8 6 6 8 0 8 5 9 5 5 3 5 3 1 5 6 3 7 8
M[758] : 3 4 0 3 4 4 4 2 2 4 0 5 4 7 2 1 4 4 6 5 6 4
M[759] : 4 6 10 4 7 0 1 3 3 6 3 4 3 3 4 6 7 8 4 6 3 5
M[760] : 5 7 4 7 5 6 6 9 5 5 0 5 0 3 6 7 5 5 6 7 6 2
M[761] : 3 7 3 3 0 10 7 5 3 6 2 7 4 13 4 4 5 4 9 4 7 6
M[762] : 4 6 5 10 7 5 5 5 6 6 1 8 3 4 6 6 2 2 4 0 7 10
M[763] : 7 1 8 2 4 10 5 5 3 5 4 6 6 5 3 5 5 8 5 8 0 4
M[764] : 4 7 5 3 7 6 4 5 4 5 4 4 6 6 7 4 0 7 1 8 4 7
M[765] : 5 7 3 4 6 5 2 2 5 4 5 4 4 4 6 0 6 9 3 3 7 7
M[766] : 5 9 4 3 2 8 3 4 3 3 0 5 5 3 7 2 4 5 6 4 4 7
M[767] : 4 1 5 4 5 6 2 3 6 3 2 5 5 1 4 6 0 3 0 5 8 2
M[768] : 5 1 7 0 4 8 2 4 6 3 3 6 3 6 4 1 3 3 3 3 4 5
M[769] : 2 3 5 7 4 9 4 6 9 4 7 4 7 2 10 2 2 3 7 7 0 3
M[770] : 6 6 10 2 5 5 3 3 7 0 7 7 5 8 2 4 2 6 4 4 5 7
M[771] : 3 4 1 10 3 6 4 0 5 7 5 9 3 6 4 4 2 4 4 2 4 5
M[772] : 6 5 5 5 7 7 3 5 2 4 4 4 5 4 2 6 0 5 1 4 4 5
M[773] : 6 8 4 8 5 3 6 7 3 0 4 5 6 9 6 3 4 5 3 6 5 7
M[774] : 5 5 3 0 7 4 6 4 6 5 6 2 2 5 7 4 4 5 3 5 4 5
M[775] : 4 4 5 3 4 5 5 2 4 1 4 5 4 0 3 5 11 5 5 5 4 3
M[776] : 5 6 1 9 6 3 5 4 0 3 3 7 6 5 3 6 5 6 7 8 7 4
M[777] : 4 5 3 7 3 3 7 7 8 0 8 9 7 6 6 0 2 5 4 2 8 7
M[778] : 4 9 6 5 3 3 6 4 2 3 6 5 5 6 8 0 5 4 1 5 4 9
M[779] : 5 0 7 3 7 2 5 6 7 4 4 3 3 5 4 7 4 3 4 4 5 3
M[780] : 0 4 4 6 7 5 3 3 6 7 7 6 5 2 4 2 0 1 5 4 5 5
M[781] : 5 3 0 5 5 4 3 4 0 5 0 4 3 2 8 7 2 6 5 6 5 9
M[782] : 2 5 1 5 0 3 2 6 5 2 6 7 7 3 5 3 5 4 5 6 6 7
M[783] : 6 6 6 6 5 2 6 2 10 4 3 6 5 5 7 8 4 7 4 2 3 0
M[784] : 5 4 5 2 6 4 7 4 6 3 4 5 7 8 0 8 5 4 5 4 6 5
M[785] : 7 7 6 0 5 4 4 2 3 4 4 5 8 6 8 3 4 6 4 4 6 2
M[786] : 5 5 2 1 2 7 4 7 6 9 3 2 3 6 6 8 0 5 3 7 8 8
M[787] : 5 3 1 6 6 4 3 3 5 9 6 6 5 8 5 3 0 3 4 4 2 7
M[788] : 4 2 8 4 9 1 5 5 3 4 4 0 3 4 6 6 5 2 2 1 4 5
M[789] : 4 4 1 4 4 6 5 4 7 1 5 2 0 7 9 3 7 5 4 4 5 3
M[790] : 5 4 4 3 4 6 5 4 6 4 5 5 4 4 7 7 6 0 4 3 5 4
M[791] : 2 5 6 11 5 6 3 3 4 2 5 4 8 8 4 3 4 4 0 6 4 7
M[792] : 4 3 2 5 2 5 4 3 7 5 9 5 4 5 6 3 6 4 6 0 4 2
M[793] : 3 7 4 5 6 2 4 4 5 5 5 5 5 5 3 4 0 4 7 4 5 4
M[794] : 1 6 2 4 3 8 3 4 4 6 5 7 6 5 5 0 6 3 9 7 6 4
M[795] : 5 3 3 1 4 6 3 7 7 3 0 3 5 3 11 8 2 6 6 4 5 3
M[796] : 5 2 5 6 7 6 0 11 4 7 3 6 4 2 7 3 2 4 7 2 5 4
M[797] : 7 3 6 1 4 1 6 2 3 3 0 6 7 5 6 5 3 5 6 5 2 2
M[798] : 4 7 0 5 5 4 6 3 6 2 3 3 0 4 9 3 7 4 8 2 4 8
M[799] : 4 5 7 2 5 6 6 0 7 3 3 3 2 3 5 4 3 3 2 2 7 5
M[800] : 5 9 6 2 4 3 7 5 6 4 8 3 3 5 7 0 6 7 8 5 5 3
M[801] : 6 5 6 3 6 5 4 3 4 3 7 2 3 6 6 3 0 6 9 10 5 4
M[802] : 12 4 3 6 4 4 5 2 2 5 8 3 0 3 2 2 3 2 3 5 6 6
M[803] : 10 0 6 7 4 3 6 3 8 5 5 8 6 2 0 2 2 6 4 6 5 4
M[804] : 4 3 4 5 4 7 2 5 5 4 1 1 0 6 2 4 7 3 2 5 2 3
M[805] : 8 4 7 3 5 5 6 3 5 5 4 7 8 4 4 8 0 3 7 2 6 2
M[806] : 4 6 5 7 6 3 2 6 8 3 2 7 4 6 0 7 4 7 6 8 7 5
M[807] : 4 7 5 6 5 7 5 0 2 6 8 5 10 7 4 7 4 7 5 1 3 6
M[808] : 5 4 3 8 2 5 3 3 0 7 4 7 10 5 5 3 3 4 8 3 4 4
M[809] : 5 3 5 8 6 8 3 0 9 4 3 4 2 5 6 4 8 6 6 11 5 5
M[810] : 0 3 5 6 7 4 6 2 4 3 6 3 4 8 5 5 7 4 4 1 7 4
M[811] : 0 1 4 5 5 6 5 5 7 5 8 2 6 5 6 6 4 7 6 4 5 3
M[812] : 3 3 5 8 6 9 2 5 7 7 5 7 9 5 8 4 6 7 3 0 6 9
M[813] : 5 0 3 7 4 2 4 7 4 5 5 4 8 5 4 3 7 8 3 4 5 4
M[814] : 3 5 2 3 6 3 6 5 5 3 7 1 3 3 5 6 8 3 3 5 0 3
M[815] : 3 4 4 0 6 5 4 6 5 5 4 4 7 7 5 0 2 1 7 6 5 5
M[816] : 6 7 4 7 4 11 5 4 4 3 6 0 5 6 5 5 5 2 5 7 7 6
M[817] : 5 5 3 3 3 1 3 9 2 6 7 4 4 9 9 8 4 9 0 2 5 6
M[818] : 2 6 0 8 2 7 2 6 9 6 5 5 3 6 8 8 5 7 5 5 8 5
M[819] : 4 3 8 3 6 5 4 4 8 6 2 6 4 1 5 5 3 1 6 5 0 6
M[820] : 4 2 6 8 3 3 6 3 5 5 4 4 4 4 4 6 7 3 3 0 7 4
M[821] : 7 7 8 5 6 0 6 6 0 4 11 2 7 2 4 5 6 4 3 5 6 3
M[822] : 1 1 8 4 4 4 3 2 9 6 4 9 6 4 3 7 4 6 0 5 3 3
M[823] : 5 4 10 8 1 5 5 7 6 5 4 4 4 6 6 7 6 5 2 3 0 1
M[824] : 9 4 4 2 7 5 3 6 2 7 0 6 3 5 6 5 3 6 3 3 3 8
M[825] : 3 1 3 5 6 8 8 4 2 4 3 1 0 5 3 4 8 3 6 7 2 3
M[826] : 0 7 2 6 5 6 3 4 3 6 4 5 7 2 4 1 5 5 9 2 2 3
M[827] : 5 8 4 9 3 5 4 7 4 0 5 7 6 7 5 7 2 6 5 6 3 3
M[828] : 3 6 1 5 5 3 7 3 3 5 3 4 3 0 4 6 7 3 5 9 3 5
M[829] : 5 5 7 6 4 3 4 3 4 5 2 5 4 0 6 6 4 2 11 5 3 2
M[830] : 6 3 6 3 4 2 8 4 3 3 6 0 5 3 4 3 6 7 2 1 3 6
M[831] : 2 1 3 10 7 5 7 3 8 4 3 6 0 7 2 1 6 2 4 4 4 4
M[832] : 5 0 7 4 3 4 5 7 6 3 3 3 5 2 1 6 5 6 3 6 4 5
M[833] : 4 0 7 7 4 6 8 2 6 4 3 6 3 6 7 6 1 3 4 5 5 6
M[834] : 2 4 8 0 2 3 4 8 6 8 8 7 3 3 3 2 7 2 5 2 3 5
M[835] : 0 6 2 2 5 7 5 0 4 5 5 1 4 2 6 3 6 7 1 7 6 8
M[836] : 3 3 5 6 7 6 8 2 9 6 4 4 0 3 3 4 4 4 4 4 6 4
M[837] : 3 4 4 5 7 5 4 3 4 4 2 7 2 8 6 5 0 9 4 4 5 5
M[838] : 1 8 5 5 6 7 6 4 3 4 4 0 3 2 3 3 3 3 4 6 6 5
M[839] : 6 8 3 5 3 4 6 5 8 3 2 3 4 9 4 5 0 8 5 4 8 2
M[840] : 6 4 5 3 3 2 4 4 4 4 0 6 3 5 4 3 6 3 7 7 5 2
M[841] : 3 3 3 4 2 0 5 9 5 4 4 2 5 2 7 2 9 2 6 7 4 5
M[842] : 7 1 3 3 5 5 5 3 3 5 4 3 9 3 6 2 3 5 4 6 0 7
M[843] : 6 8 1 2 3 2 7 3 7 2 3 3 0 0 6 1 9 7 9 8 5 6
M[844] : 0 5 1 4 3 3 10 3 6 5 5 8 6 5 5 4 6 6 7 2 2 1
M[845] : 2 7 5 6 5 5 5 1 4 0 2 4 5 6 3 3 5 3 5 8 2 3
M[846] : 4 5 3 2 5 0 1 7 1 5 6 1 6 3 3 5 5 5 9 4 5 4
M[847] : 2 6 4 2 4 6 7 6 4 10 0 6 2 6 6 5 2 2 4 3 4 0
M[848] : 7 5 3 1 4 5 5 8 3 5 5 5 6 4 3 6 3 4 6 7 0 5
M[849] : 7 3 7 3 7 0 8 5 4 4 7 4 7 9 3 3 5 6 7 5 4 3
M[850] : 5 4 4 6 3 2 6 2 0 4 3 1 1 4 3 5 6 6 4 3 6 7
M[851] : 6 3 4 6 7 6 6 8 6 4 0 9 3 5 4 4 8 5 8 6 6 6
M[852] : 5 6 5 6 3 5 4 8 8 7 9 2 8 2 4 5 4 0 5 4 6 6
M[853] : 3 4 5 4 0 8 4 3 3 4 6 4 4 3 5 3 4 6 7 6 4 2
M[854] : 4 4 2 2 0 5 7 5 5 7 5 3 6 6 5 3 7 1 7 3 9 5
M[855] : 6 1 8 6 6 4 3 5 3 3 2 3 5 0 9 7 3 6 6 5 4 4
M[856] : 5 6 4 9 4 6 4 8 11 5 3 7 7 4 0 3 3 5 2 6 5 2
M[857] : 3 4 3 1 5 5 2 3 5 7 3 3 6 0 3 3 4 6 4 6 5 1
M[858] : 4 2 5 3 0 9 2 6 5 6 8 5 6 2 2 3 3 2 5 6 6 4
M[859] : 2 3 3 4 7 5 4 1 4 5 7 6 5 6 11 5 1 5 4 4 9 0
M[860] : 6 3 7 8 4 4 5 5 7 5 3 1 6 6 5 5 6 5 3 0 2 5
M[861] : 9 0 4 2 6 4 2 6 4 4 4 7 3 3 7 4 2 3 5 3 6 7
M[862] : 3 4 7 6 3 3 4 7 6 4 5 5 3 4 5 4 0 4 6 5 2 3
M[863] : 7 2 11 2 2 3 4 5 7 4 5 2 0 2 9 3 6 4 8 6 5 9
M[864] : 4 5 7 5 9 5 3 4 4 3 7 3 6 6 5 2 4 0 6 6 5 5
M[865] : 6 5 4 3 5 9 4 9 3 5 2 3 3 3 8 7 8 1 2 7 6 0
M[866] : 3 10 1 4 4 5 3 3 0 5 5 5 6 3 6 4 7 4 5 1 10 4
M[867] : 3 10 3 4 1 3 2 3 0 4 4 4 6 2 5 3 6 5 6 5 6 10
M[868] : 4 4 2 4 5 1 3 3 4 0 0 6 5 5 6 3 4 3 6 3 9 7
M[869] : 6 7 7 6 5 4 7 7 6 9 8 4 6 2 7 8 1 0 4 4 7 6
M[870] : 2 8 6 6 6 6 7 5 2 6 5 6 7 6 4 2 0 0 4 11 4 4
M[871] : 4 4 1 6 2 5 7 4 5 0 3 6 3 5 6 0 4 4 6 4 6 3
M[872] : 0 2 8 4 3 2 4 3 4 6 3 2 6 4 6 4 6 4 5 4 4 3
M[873] : 11 7 5 3 6 6 0 4 5 9 2 6 9 6 4 4 6 5 4 5 5 6
M[874] : 3 2 5 0 4 4 3 4 3 7 4 7 5 3 6 6 1 3 5 5 3 3
M[875] : 5 5 5 4 4 7 4 7 5 7 5 2 1 5 0 5 5 6 6 5 4 5
M[876] : 9 3 4 5 2 5 5 8 7 4 7 5 6 8 3 4 2 2 1 7 0 7
M[877] : 5 7 4 1 2 2 4 3 4 6 3 3 2 5 3 5 0 5 3 3 6 5
M[878] : 7 4 5 6 0 7 4 3 8 7 4 4 3 3 1 4 1 7 5 2 4 3
M[879] : 7 8 3 4 4 6 6 4 4 7 5 6 3 4 0 3 4 4 2 5 3 3
M[880] : 4 6 3 5 4 5 7 4 6 4 4 1 7 5 6 2 0 7 5 3 4 6
M[881] : 3 5 7 7 3 4 1 5 6 9 4 4 4 3 3 7 0 4 1 3 8 3
M[882] : 6 3 5 6 6 6 5 3 0 7 2 2 8 7 7 3 4 3 7 6 1 2
M[883] : 3 5 4 7 5 9 6 5 5 2 5 3 0 9 2 2 10 4 1 7 5 7
M[884] : 3 4 3 5 6 0 8 6 3 8 5 2 3 4 4 2 6 5 8 1 5 6
M[885] : 4 7 7 1 8 2 5 0 6 2 9 3 3 3 9 5 4 0 7 5 6 5
M[886] : 5 4 2 3 4 2 2 4 6 2 3 4 1 2 3 3 5 5 2 3 0 6
M[887] : 1 0 2 7 4 3 5 4 4 3 5 6 5 8 4 7 6 3 6 0 2 2
M[888] : 3 7 6 3 2 7 4 3 6 3 3 4 3 5 8 10 3 2 6 5 9 0
M[889] : 8 7 4 0 3 6 4 3 5 7 4 6 4 3 5 4 4 1 1 9 4 7
M[890] : 4 4 7 2 9 3 2 0 2 7 0 10 5 7 7 7 5 3 5 1 2 4
M[891] : 6 5 5 4 2 4 8 3 0 5 9 5 3 4 1 8 3 5 9 4 5 4
M[892] : 6 7 6 7 6 4 9 5 8 8 2 3 2 6 4 3 0 8 3 4 3 4
M[893] : 4 2 8 5 6 6 4 4 6 7 4 5 0 1 5 1 3 4 6 3 5 5
M[894] : 5 6 2 5 8 6 5 4 4 6 8 9 0 4 7 6 4 6 2 5 3 4
M[895] : 4 5 9 9 3 4 3 4 8 3 6 5 5 2 2 4 8 3 5 4 2 0
M[896] : 6 2 6 6 3 7 4 10 6 5 3 2 5 3 3 7 5 5 2 0 4 3
M[897] : 7 7 3 9 0 9 7 6 6 7 2 5 5 2 4 3 8 4 8 3 6 7
M[898] : 6 7 8 2 4 0 5 3 1 9 4 6 6 5 3 7 2 4 2 4 5 7
M[899] : 5 2 3 3 8 2 6 1 6 6 4 3 2 6 4 4 4 5 4 0 3 2
M[900] : 3 7 10 5 2 0 4 6 5 2 4 6 1 4 2 0 3 6 2 6 6 8
M[901] : 3 3 0 7 5 5 3 1 2 7 4 3 3 9 4 3 3 4 4 3 3 2
M[902] : 3 0 3 3 6 4 2 5 4 5 5 4 3 4 4 3 3 4 9 3 3 4
M[903] : 3 5 5 3 7 0 8 5 4 6 4 8 3 6 7 1 5 6 2 8 3 3
M[904] : 6 2 3 4 0 9 9 10 6 1 1 2 4 8 5 4 4 5 4 8 6 7
M[905] : 4 8 5 3 4 3 0 3 8 4 4 4 5 3 3 5 4 5 3 5 3 6
M[906] : 3 2 0 7 5 3 9 4 2 10 6 3 3 4 7 4 11 3 4 3 2 4
M[907] : 3 7 4 6 7 5 4 3 1 5 5 0 4 3 3 0 4 4 3 3 5 6
M[908] : 3 3 4 5 9 7 6 5 2 7 3 3 11 3 5 5 6 5 2 0 1 3
M[909] : 0 2 3 3 6 2 3 4 2 8 6 4 4 5 8 3 4 1 6 3 3 9
M[910] : 6 2 4 8 10 7 8 5 8 3 5 3 8 7 1 5 3 0 3 7 4 3
M[911] : 2 5 6 6 0 7 1 6 4 4 5 5 10 4 1 4 6 5 4 3 1 7
M[912] : 2 8 8 3 3 2 2 6 2 0 3 3 12 3 5 4 6 3 3 5 5 5
M[913] : 3 3 3 1 6 7 7 0 3 4 3 7 4 6 1 2 8 10 6 1 2 3
M[914] : 5 3 7 4 6 4 4 3 6 4 0 5 5 3 8 9 3 4 2 7 4 6
M[915] : 7 4 6 4 3 6 2 6 3 1 7 4 8 5 6 6 3 6 5 0 7 3
M[916] : 6 2 3 4 3 2 5 3 1 4 5 2 7 3 8 3 5 3 5 3 0 2
M[917] : 6 4 1 0 6 2 7 2 3 9 4 6 1 7 6 6 5 2 3 3 7 6
M[918] : 6 4 5 4 5 2 2 2 4 8 8 6 5 1 8 6 4 4 5 2 4 0
M[919] : 0 4 1 4 2 7 4 7 4 7 7 7 4 5 10 3 3 3 6 3 5 9
M[920] : 9 3 5 1 8 2 6 8 3 8 7 6 4 6 4 4 3 2 0 5 4 6
M[921] : 9 6 6 3 5 1 0 5 5 3 3 3 8 6 8 5 3 6 3 11 4 4
M[922] : 2 0 3 3 2 2 4 4 2 5 5 4 4 2 3 4 3 6 4 10 3 1
M[923] : 6 7 7 4 3 6 3 3 2 4 3 3 3 2 1 4 0 4 4 5 3 4
M[924] : 3 4 0 6 9 3 7 6 3 5 5 3 10 5 2 9 4 3 3 5 2 3
M[925] : 4 5 4 5 0 3 5 7 3 5 5 4 6 4 2 5 3 6 6 3 6 4
M[926] : 6 5 6 3 3 2 3 9 6 4 9 7 4 7 0 5 3 8 5 7 5 9
M[927] : 5 4 5 6 5 6 3 6 4 1 5 4 3 4 10 5 1 0 7 3 4 5
M[928] : 7 4 3 6 3 6 3 7 0 3 5 3 5 7 6 2 7 6 8 5 5 2
M[929] : 5 1 0 0 9 3 3 3 1 4 3 7 2 5 4 2 3 4 7 3 4 3
M[930] : 3 3 0 4 4 8 7 2 5 7 4 10 2 6 8 7 4 6 0 6 6 4
M[931] : 7 4 5 2 8 4 4 12 2 3 4 4 5 3 0 2 4 6 2 3 5 5
M[932] : 8 5 5 2 4 4 8 4 0 6 3 5 8 5 5 3 3 8 2 5 6 3
M[933] : 4 0 7 2 4 3 6 4 2 7 4 4 3 1 7 4 8 4 2 3 7 8
M[934] : 4 5 2 4 1 0 4 3 5 3 4 3 5 3 4 2 4 2 3 3 4 2
M[935] : 7 4 7 4 5 2 5 4 6 5 3 3 6 6 1 5 4 4 2 0 5 4
M[936] : 0 3 3 3 3 3 2 5 4 5 2 10 1 8 2 4 2 8 6 4 6 3
M[937] : 8 6 4 7 7 4 5 5 7 4 5 3 0 2 3 5 7 5 6 7 3 6
M[938] : 2 0 4 6 6 6 5 6 5 7 0 3 4 3 6 4 1 8 5 4 8 5
M[939] : 6 3 4 8 0 3 12 6 4 3 6 2 2 3 4 3 7 6 5 3 10 4
M[940] : 6 6 2 0 6 7 5 5 5 7 1 10 5 6 4 4 4 4 3 7 3 5
M[941] : 0 5 7 7 2 5 7 7 4 6 4 2 5 3 9 7 9 2 3 7 0 1
M[942] : 3 4 3 3 2 3 8 2 4 6 2 5 4 0 6 2 6 6 6 3 6 7
M[943] : 3 1 5 4 0 2 9 4 4 2 5 5 3 4 7 5 8 1 2 4 4 5
M[944] : 6 5 4 4 3 4 2 7 3 1 4 0 4 9 6 6 1 4 5 9 2 6
M[945] : 3 6 7 3 8 2 5 7 5 7 4 2 3 6 4 2 5 0 9 0 4 4
M[946] : 2 2 4 5 5 5 3 8 8 4 3 8 0 5 5 4 2 4 1 3 4 4
M[947] : 6 2 4 2 5 6 4 3 2 5 7 4 2 8 8 5 3 4 3 3 6 0
M[948] : 6 5 5 5 0 10 3 2 5 2 2 4 0 5 3 8 5 5 3 5 9 4
M[949] : 8 2 4 8 2 4 8 1 4 0 4 3 4 4 11 4 8 3 5 5 6 6
M[950] : 3 6 1 7 7 4 5 10 6 8 5 4 1 4 10 10 3 5 1 4 3 0
M[951] : 6 3 3 2 3 0 5 6 5 2 5 7 6 4 4 7 6 6 6 6 5 5
M[952] : 6 6 9 4 2 6 3 3 8 5 5 4 0 3 5 6 8 5 3 5 4 6
M[953] : 2 5 5 6 5 5 3 5 7 2 5 4 3 2 3 7 5 0 3 5 6 3
M[954] : 2 7 5 0 4 7 5 5 2 5 5 5 5 6 3 7 3 8 8 6 3 10
M[955] : 4 0 0 3 2 6 5 6 9 4 2 5 2 6 9 4 5 5 5 7 7 7
M[956] : 9 3 1 0 6 4 6 7 5 3 9 7 5 5 4 4 2 7 9 6 4 8
M[957] : 1 5 6 6 5 3 4 0 1 6 4 3 8 3 6 6 6 5 2 6 5 4
M[958] : 6 6 8 3 4 4 6 6 3 3 4 4 0 0 6 3 5 2 6 5 2 4
M[959] : 7 2 3 12 6 6 4 5 7 7 6 7 3 5 3 5 2 4 0 5 8 3
M[960] : 3 7 5 10 4 6 2 5 4 5 1 5 6 0 2 6 8 4 5 2 4 4
M[961] : 3 3 5 3 6 5 8 9 8 4 0 4 6 2 4 3 6 7 4 0 3 1
M[962] : 0 4 9 4 4 4 6 4 7 6 6 6 6 3 4 1 5 6 3 7 8 5
M[963] : 5 1 5 8 3 0 8 7 3 6 5 8 4 4 4 6 4 5 4 6 3 4
M[964] : 3 6 6 4 0 7 4 3 6 3 4 1 6 4 5 1 4 3 4 5 7 9
M[965] : 8 9 5 7 4 2 6 5 1 4 4 9 7 5 2 5 3 2 0 2 3 7
M[966] : 2 1 6 3 3 3 5 4 7 8 8 4 2 9 0 3 4 4 5 3 7 5
M[967] : 6 0 3 4 4 9 5 5 2 6 2 5 4 3 6 5 1 5 5 4 1 2
M[968] : 7 7 3 3 5 4 2 2 7 3 5 13 6 0 3 4 6 7 3 8 5 7
M[969] : 5 4 4 5 3 5 5 4 6 6 5 4 5 9 6 3 7 0 5 6 5 2
M[970] : 3 7 4 6 6 7 4 4 3 7 4 3 2 2 4 4 5 5 8 3 0 8
M[971] : 5 2 7 4 1 4 9 5 5 3 7 3 4 0 5 5 7 7 2 9 2 4
M[972] : 2 5 6 7 3 2 6 6 0 5 5 3 6 5 6 4 4 8 3 4 5 9
M[973] : 6 6 6 0 4 5 3 8 4 7 9 8 8 3 6 2 3 8 12 4 6 2
M[974] : 4 4 9 4 8 7 5 3 0 4 4 2 4 6 5 5 6 6 3 6 5 4
M[975] : 4 6 3 6 5 8 3 5 2 3 0 5 6 3 5 4 3 2 5 5 4 3
M[976] : 4 5 3 6 5 0 4 7 6 7 8 3 5 7 5 6 5 5 1 9 6 4
M[977] : 2 4 4 5 0 2 7 2 5 4 7 2 6 3 5 5 4 4 5 6 5 2
M[978] : 5 4 4 6 1 3 4 3 4 4 0 8 6 4 6 7 3 7 5 8 5 4
M[979] : 7 4 1 7 1 5 5 2 5 5 7 0 4 9 8 2 3 4 6 4 6 6
M[980] : 3 4 8 7 5 7 0 8 4 8 4 3 6 5 5 3 1 9 4 5 2 6
M[981] : 8 5 1 5 5 5 0 0 3 6 6 7 5 7 3 8 5 6 6 6 7 7
M[982] : 2 0 2 5 3 4 9 3 5 5 4 8 3 4 7 8 6 2 5 2 4 5
M[983] : 2 10 5 4 8 4 2 4 3 4 7 5 3 4 2 2 5 4 0 9 4 6
M[984] : 5 4 3 4 2 5 4 6 1 5 2 5 5 3 2 7 6 1 1 2 0 6
M[985] : 0 3 3 2 1 4 5 4 4 2 4 4 6 9 8 4 5 4 4 4 10 3
M[986] : 2 7 0 4 7 3 4 0 5 3 7 5 6 3 7 4 6 2 2 4 3 5
M[987] : 2 7 1 6 9 4 5 2 3 3 4 3 1 6 5 0 2 4 2 3 3 2
M[988] : 5 6 5 6 8 1 4 11 1 4 0 3 3 5 4 4 5 5 2 8 8 5
M[989] : 4 2 6 5 8 0 6 8 1 2 5 3 8 5 7 3 4 6 2 4 2 5
M[990] : 5 5 1 8 5 4 1 4 6 5 0 5 5 2 3 6 6 7 3 3 5 8
M[991] : 8 3 1 1 6 3 0 8 1 0 9 2 2 3 6 3 4 4 5 2 5 5
M[992] : 3 5 0 1 2 5 6 5 1 3 8 4 5 4 4 8 4 4 6 3 2 8
M[993] : 6 2 4 3 2 4 4 3 2 9 5 6 0 9 6 5 2 4 5 4 7 4
M[994] : 5 7 3 4 8 3 3 2 4 4 1 8 4 5 4 2 6 7 0 5 6 6
M[995] : 5 2 3 3 4 6 1 4 5 5 3 3 5 4 4 5 3 2 5 6 9 0
M[996] : 8 2 3 6 2 5 5 5 3 5 8 6 7 7 4 8 6 6 4 0 4 5
M[997] : 2 7 3 6 3 3 7 9 3 7 0 5 3 7 3 7 7 4 3 1 4 3
M[998] : 4 2 3 7 3 7 0 3 0 4 4 3 6 4 4 6 5 8 6 5 5 5
M[999] : 7 3 4 5 2 4 4 5 2 6 5 5 7 0 11 5 2 2 8 3 5 2

