 Execution de l'algoritme BITS sur le fichier dsjc1000.1.txt
=====================================================================
 Partitions  : 
Vk[0] : 304 939 764 688 9 400 424 746 492 914 815 613 717 21 412 16 187 212 902 865 336 151 358 977 781 662 180 964 438 311 15 58 389 953 936 998 523 863 663 642 403 571 703 993 560 829 -->  46 éléments.
Vk[1] : 749 440 465 538 860 716 505 270 705 71 752 989 880 946 796 882 988 812 495 793 338 393 801 167 584 830 790 84 919 372 578 485 737 126 107 279 260 995 934 535 699 407 474 602 293 205 -->  46 éléments.
Vk[2] : 309 513 249 641 839 777 797 156 950 113 130 64 623 706 579 479 392 422 583 136 186 856 661 322 967 896 521 320 119 77 857 850 843 497 145 185 591 776 858 768 458 901 197 811 448 714 -->  46 éléments.
Vk[3] : 680 127 175 115 98 472 895 53 898 19 674 208 254 451 272 143 733 154 774 169 671 712 34 637 595 29 222 28 833 551 251 266 17 569 166 605 430 944 713 299 974 792 745 869 65 -->  45 éléments.
Vk[4] : 587 80 386 348 70 679 88 629 192 334 883 707 383 273 666 420 816 868 417 639 196 256 230 795 443 375 265 570 237 35 337 382 875 907 284 766 20 409 181 644 442 7 645 732 418 726 -->  46 éléments.
Vk[5] : 851 467 999 769 74 461 827 11 687 227 581 295 949 561 913 502 201 75 476 522 941 693 209 994 103 922 834 242 6 313 463 965 471 268 778 685 95 359 698 735 67 973 588 462 609 -->  45 éléments.
Vk[6] : 675 216 757 354 63 23 948 593 183 10 261 415 572 331 46 93 958 174 79 739 975 744 62 247 391 38 972 573 597 276 431 963 996 341 668 614 219 1 439 217 244 785 932 933 178 635 -->  46 éléments.
Vk[7] : 628 401 962 104 191 51 533 190 182 879 140 120 835 653 547 956 805 568 40 290 800 89 152 73 905 621 27 411 171 780 892 158 60 374 125 482 303 556 101 68 314 670 378 3 45 -->  45 éléments.
Vk[8] : 959 406 111 405 968 925 281 669 945 360 48 655 912 580 831 408 428 979 884 563 673 911 942 327 47 323 49 100 368 163 153 562 267 343 91 283 434 164 117 436 176 652 525 971 935 -->  45 éléments.
Vk[9] : 582 159 893 289 518 520 770 324 346 624 501 727 658 608 510 836 818 665 425 557 841 600 172 450 262 524 921 241 689 210 486 867 885 606 306 287 179 419 876 550 753 720 646 512 765 -->  45 éléments.
Vk[10] : 118 452 367 36 677 516 503 690 534 226 820 236 345 951 683 592 490 305 981 819 133 264 189 347 966 734 743 511 954 719 866 316 24 447 543 278 4 553 349 758 387 193 441 82 527 847 -->  46 éléments.
Vk[11] : 692 433 622 709 955 446 660 760 206 740 469 894 356 76 114 961 906 488 300 376 640 353 250 97 938 889 990 362 555 838 864 810 909 910 855 647 483 200 718 908 162 194 453 710 862 506 -->  46 éléments.
Vk[12] : 457 377 291 466 42 751 373 980 926 852 682 319 610 585 491 545 886 364 173 643 61 823 599 654 900 225 157 517 542 638 231 649 94 218 366 170 41 983 275 659 155 277 135 398 594 -->  45 éléments.
Vk[13] : 514 807 410 508 784 307 129 651 791 429 86 837 475 310 321 877 333 134 549 817 917 203 620 872 109 596 985 57 139 940 258 615 146 168 822 248 473 632 397 878 269 890 916 274 528 723 -->  46 éléments.
Vk[14] : 416 782 292 25 132 0 432 779 83 308 499 871 952 849 340 625 105 544 987 664 947 821 263 344 564 532 478 52 317 826 832 619 282 221 626 738 701 357 612 918 395 691 686 56 55 519 -->  46 éléments.
Vk[15] : 335 657 122 598 771 684 650 799 937 789 636 351 915 330 736 575 509 355 554 202 144 498 177 301 5 870 874 903 888 2 32 529 565 730 285 329 899 704 326 825 286 590 385 142 840 -->  45 éléments.
Vk[16] : 388 96 204 30 470 399 477 767 235 131 920 255 731 365 298 380 648 72 332 848 722 930 361 526 748 198 844 66 427 137 253 762 106 984 742 102 369 160 116 90 13 480 147 725 500 -->  45 éléments.
Vk[17] : 530 394 696 904 496 454 618 617 460 616 92 759 928 232 296 22 43 667 604 943 711 325 449 695 188 802 678 929 199 788 161 257 813 589 546 846 531 804 381 318 12 108 957 887 775 -->  45 éléments.
Vk[18] : 873 445 437 806 978 81 507 259 435 44 824 245 607 755 8 960 99 288 328 611 239 576 342 224 37 423 390 31 656 586 881 970 694 312 548 234 540 468 297 567 444 123 487 633 809 150 -->  46 éléments.
Vk[19] : 339 754 537 772 26 715 141 676 280 773 828 627 494 854 559 396 803 315 294 672 891 413 426 763 404 124 78 859 630 207 842 982 750 861 897 574 384 252 728 558 536 246 371 421 729 -->  45 éléments.
Vk[20] : 228 798 138 459 379 927 845 238 456 969 853 601 213 489 195 39 552 992 128 87 577 148 215 702 924 302 352 997 756 464 455 240 14 794 783 112 721 814 18 515 724 991 184 85 54 -->  45 éléments.
Vk[21] : 976 741 786 363 229 165 233 211 539 700 631 402 931 220 481 923 350 271 697 493 566 603 541 110 50 370 747 33 149 243 986 504 634 121 414 787 761 59 808 681 69 214 223 484 708 -->  45 éléments.
Matrice M
M[0] : 5 6 4 5 8 6 7 7 7 6 6 6 3 3 0 5 2 9 6 3 4 4
M[1] : 4 6 3 2 5 4 0 3 3 4 5 4 2 1 7 6 4 4 3 5 6 1
M[2] : 4 3 5 7 5 5 5 2 7 3 7 7 2 3 4 0 3 5 9 7 7 7
M[3] : 10 4 5 5 6 3 5 0 7 3 2 4 4 4 5 6 0 3 5 2 5 6
M[4] : 3 4 4 8 3 6 4 4 5 5 0 6 5 3 7 5 2 6 10 4 3 7
M[5] : 7 9 9 5 6 2 6 4 11 4 6 4 7 7 2 0 4 2 4 3 4 7
M[6] : 5 5 7 8 2 0 9 3 4 4 3 4 5 6 1 4 4 3 4 6 4 4
M[7] : 3 6 9 7 0 3 3 8 4 3 5 8 6 5 5 5 6 4 2 7 3 4
M[8] : 8 4 1 6 4 7 4 6 4 7 2 4 5 6 6 5 8 5 0 3 6 1
M[9] : 0 4 6 5 5 2 2 2 4 4 4 5 4 2 7 6 5 4 6 4 6 9
M[10] : 6 2 5 7 5 4 0 4 3 2 4 6 4 4 4 7 3 3 11 7 6 3
M[11] : 3 5 5 5 6 0 4 4 3 2 6 4 3 4 7 3 5 7 7 7 3 4
M[12] : 8 8 6 5 11 1 7 4 4 4 6 4 3 5 7 1 5 0 6 5 7 3
M[13] : 5 6 5 8 5 5 4 6 3 6 6 3 9 1 6 6 0 8 5 5 2 7
M[14] : 4 1 2 7 1 4 3 5 5 5 5 2 4 6 7 5 3 3 4 7 0 3
M[15] : 0 3 4 4 7 2 1 8 3 1 5 5 4 7 2 7 4 3 2 6 5 9
M[16] : 0 5 6 3 9 5 5 1 3 5 5 7 5 5 6 5 5 2 2 5 5 8
M[17] : 4 9 1 0 3 4 3 6 1 7 1 2 5 4 6 2 2 5 6 3 7 5
M[18] : 6 6 4 4 9 3 2 2 4 7 6 3 7 8 5 3 6 5 5 6 0 5
M[19] : 3 3 7 0 6 8 6 6 2 4 6 4 4 4 7 1 6 3 3 5 6 5
M[20] : 6 8 4 5 0 5 5 1 2 5 3 7 6 8 7 3 3 3 8 7 3 6
M[21] : 0 5 12 7 2 9 6 4 8 5 6 6 4 9 3 4 2 4 5 7 5 3
M[22] : 10 3 10 3 7 8 7 4 5 5 7 6 3 6 5 7 6 0 7 6 3 2
M[23] : 7 3 4 4 5 6 0 6 3 2 4 6 7 6 5 6 5 5 3 4 8 5
M[24] : 0 5 2 6 8 5 2 6 4 5 0 6 2 1 5 6 3 6 4 6 4 5
M[25] : 4 5 4 7 6 2 5 3 4 6 4 6 8 3 0 3 8 6 6 5 4 5
M[26] : 5 5 4 4 6 5 6 5 3 4 5 8 4 3 6 8 4 4 5 0 5 5
M[27] : 2 2 7 3 6 3 5 0 8 5 6 5 6 8 4 6 4 7 4 3 4 1
M[28] : 4 2 2 0 4 4 3 5 5 5 5 3 6 4 6 3 6 4 5 2 8 3
M[29] : 5 3 2 0 7 5 3 4 5 3 5 8 6 5 5 3 5 5 2 1 3 2
M[30] : 7 8 6 5 3 4 3 2 2 4 7 7 6 6 8 4 0 5 4 6 4 5
M[31] : 8 7 2 3 4 5 5 4 4 3 4 3 5 5 2 1 5 6 0 3 7 2
M[32] : 5 3 6 8 4 4 2 3 2 4 3 5 0 6 7 0 5 6 5 0 5 4
M[33] : 6 2 4 4 4 3 2 6 4 8 6 2 7 3 2 7 3 4 4 2 2 0
M[34] : 4 4 3 0 5 2 5 4 8 2 8 5 4 4 4 5 6 10 5 3 5 5
M[35] : 3 4 1 7 0 4 5 7 5 7 5 5 4 8 3 3 3 6 7 0 4 4
M[36] : 6 3 9 2 5 4 8 5 4 10 0 2 5 9 7 8 6 6 7 9 4 6
M[37] : 4 4 9 9 5 4 3 4 3 3 11 5 4 3 7 6 5 4 0 6 10 3
M[38] : 5 1 7 4 7 6 0 4 2 4 1 5 2 7 4 6 5 4 4 4 8 8
M[39] : 6 4 4 6 3 4 8 4 4 4 3 2 6 7 5 6 5 6 6 6 0 6
M[40] : 5 5 4 6 2 5 4 0 0 2 3 2 2 6 5 5 8 5 5 1 1 8
M[41] : 4 1 8 5 1 3 4 7 6 5 10 3 0 2 5 8 4 2 5 4 3 2
M[42] : 7 6 5 5 2 6 5 4 5 5 3 8 0 6 6 2 7 6 5 3 6 3
M[43] : 8 3 4 7 6 5 4 4 1 4 4 4 4 2 5 6 3 0 7 6 2 3
M[44] : 5 3 6 3 5 3 3 4 5 4 1 3 4 4 7 2 4 3 0 8 5 8
M[45] : 2 4 5 5 5 11 3 0 6 3 6 5 3 1 7 6 5 3 4 4 5 5
M[46] : 6 2 6 4 6 7 0 5 9 4 8 4 9 3 7 4 4 4 1 5 5 2
M[47] : 5 6 4 2 6 11 5 9 0 4 1 4 8 6 5 2 1 7 2 4 4 7
M[48] : 3 9 10 7 6 5 7 8 0 7 4 6 6 5 6 3 7 5 5 5 5 2
M[49] : 7 7 7 5 6 8 3 3 0 6 4 7 6 4 4 4 3 7 3 7 3 5
M[50] : 5 4 8 7 1 5 6 4 5 2 2 2 3 5 1 3 4 4 2 4 4 0
M[51] : 6 8 5 5 2 5 1 0 4 3 5 3 5 3 4 5 3 6 7 5 5 8
M[52] : 1 7 4 4 5 4 2 4 8 4 4 4 2 5 0 9 4 3 4 8 5 7
M[53] : 4 5 3 0 7 7 4 5 3 9 5 3 8 8 3 2 5 4 6 4 7 6
M[54] : 5 6 0 3 3 6 8 3 3 7 0 5 7 5 4 5 8 5 7 4 0 5
M[55] : 7 2 3 8 5 1 4 8 4 4 3 2 2 2 0 5 2 5 2 6 6 8
M[56] : 1 4 8 4 5 5 6 8 4 4 2 1 6 5 0 3 5 3 7 8 6 6
M[57] : 7 4 3 4 3 5 5 5 3 8 2 5 6 0 7 5 1 1 4 8 2 2
M[58] : 0 7 0 5 7 4 4 4 4 4 2 6 2 7 8 5 4 11 5 3 3 2
M[59] : 7 3 7 5 2 1 5 5 1 6 4 8 7 3 5 4 4 2 3 4 6 0
M[60] : 6 5 3 5 7 3 7 0 6 3 5 4 5 3 1 5 5 5 6 10 5 7
M[61] : 5 6 3 4 5 6 7 6 5 3 6 3 0 4 8 3 4 4 2 3 3 5
M[62] : 8 3 4 7 6 5 0 3 3 6 5 2 4 6 1 5 3 5 3 6 8 4
M[63] : 6 6 2 5 3 6 0 2 3 4 3 5 6 5 3 6 5 6 5 4 2 4
M[64] : 7 9 0 7 2 5 3 9 5 7 5 4 8 4 4 4 4 3 4 8 5 4
M[65] : 4 3 5 0 8 8 5 6 3 1 6 2 2 6 3 6 8 6 3 5 1 1
M[66] : 6 8 2 3 5 7 5 5 2 9 6 5 9 8 7 6 0 6 5 5 3 1
M[67] : 4 3 3 2 8 0 7 8 5 3 3 4 7 5 2 2 3 5 5 2 3 7
M[68] : 2 5 5 6 5 6 4 0 5 6 5 8 0 4 9 5 5 2 5 4 4 2
M[69] : 4 7 8 5 3 0 3 2 3 2 7 3 3 9 2 3 4 4 3 6 4 0
M[70] : 8 5 5 6 0 4 3 10 10 5 6 5 3 4 5 4 7 6 5 4 4 7
M[71] : 3 0 2 5 6 4 5 6 4 6 6 3 6 8 5 4 13 4 3 4 3 3
M[72] : 4 2 5 7 6 4 2 3 3 5 8 7 3 3 5 5 0 5 2 4 3 3
M[73] : 2 3 8 2 5 3 7 0 4 4 7 2 8 7 5 5 9 4 5 4 4 5
M[74] : 2 6 12 6 7 0 7 4 4 2 4 8 6 6 6 6 3 4 2 4 6 5
M[75] : 10 2 5 7 4 0 2 6 8 4 5 4 5 3 4 4 2 3 6 2 5 3
M[76] : 4 6 4 2 7 7 5 6 5 8 6 0 4 3 4 2 4 5 4 4 8 6
M[77] : 6 9 0 5 1 3 6 4 4 8 3 6 4 3 5 3 6 3 6 6 4 5
M[78] : 3 7 6 3 5 3 3 7 7 6 4 6 1 5 3 3 10 6 4 0 4 6
M[79] : 4 4 3 5 5 2 0 6 8 5 5 9 4 4 7 6 2 6 3 5 7 6
M[80] : 7 3 6 6 0 9 7 4 6 7 6 4 4 4 2 6 4 3 3 4 3 6
M[81] : 3 6 2 2 3 8 6 7 3 7 5 9 3 2 6 6 3 7 0 2 2 2
M[82] : 2 3 4 1 3 3 5 2 1 7 0 4 4 8 3 3 1 6 5 6 5 5
M[83] : 5 3 4 3 5 3 7 3 8 5 2 7 3 4 0 3 4 3 4 8 4 5
M[84] : 2 0 4 3 2 3 7 7 3 5 7 4 9 5 6 2 5 3 5 4 3 9
M[85] : 4 3 4 3 3 5 6 4 5 2 0 5 3 4 5 3 2 6 4 3 0 6
M[86] : 5 2 6 5 7 5 4 6 3 4 3 8 6 0 6 4 8 6 6 5 6 6
M[87] : 4 1 8 4 6 3 9 3 2 5 3 3 5 8 6 3 5 4 2 3 0 7
M[88] : 3 5 2 6 0 6 3 5 6 9 4 13 5 3 7 7 4 2 5 6 6 2
M[89] : 4 7 4 8 1 6 3 0 5 6 3 6 7 2 5 4 6 5 3 4 7 4
M[90] : 4 6 3 3 4 6 2 11 2 9 5 4 5 6 4 6 0 7 3 1 3 5
M[91] : 6 1 6 5 5 3 5 4 0 6 1 2 2 6 4 6 4 7 5 2 4 7
M[92] : 4 5 6 5 4 3 5 2 5 5 2 2 4 4 3 6 10 0 4 5 2 6
M[93] : 5 5 3 6 3 5 0 5 7 8 2 4 7 3 5 2 3 3 5 2 5 7
M[94] : 4 2 8 2 5 4 2 5 3 4 5 6 0 4 3 4 4 4 6 3 6 4
M[95] : 3 6 1 5 4 0 3 6 4 4 7 1 4 5 7 0 7 3 7 3 2 5
M[96] : 5 8 4 5 5 6 3 5 6 3 2 8 4 5 3 5 0 4 8 5 7 4
M[97] : 3 4 5 5 7 6 6 6 5 3 2 0 4 6 6 3 4 6 7 3 4 5
M[98] : 8 6 6 0 7 4 7 10 10 5 3 7 7 5 6 5 4 4 6 2 3 6
M[99] : 3 6 6 8 5 3 4 2 5 5 6 4 5 3 6 6 5 6 0 4 5 5
M[100] : 4 3 3 3 6 3 5 2 0 8 4 7 6 5 5 8 4 2 4 2 6 1
M[101] : 4 5 5 5 3 6 4 0 3 2 7 3 4 5 6 5 7 5 1 3 4 6
M[102] : 3 6 7 4 4 1 9 3 3 4 5 3 1 5 4 4 0 6 2 10 5 2
M[103] : 6 3 7 3 1 0 4 4 5 7 5 4 1 5 6 6 5 2 5 5 7 8
M[104] : 4 6 3 4 4 6 3 0 5 7 5 4 4 7 9 9 5 5 2 7 4 6
M[105] : 3 8 10 2 2 4 2 6 7 3 6 7 7 4 0 5 3 4 5 3 3 6
M[106] : 4 5 4 4 3 1 4 5 4 4 1 5 8 9 3 4 0 7 6 5 6 3
M[107] : 7 0 5 3 5 6 7 1 3 4 6 7 7 7 2 6 4 4 3 3 1 3
M[108] : 5 3 6 5 3 8 4 6 4 5 6 6 3 6 5 4 8 0 7 3 2 2
M[109] : 4 3 3 4 4 6 6 4 2 5 4 5 3 0 5 7 4 6 6 4 2 6
M[110] : 6 3 5 5 4 5 3 6 3 3 3 5 3 3 6 7 3 3 3 2 7 0
M[111] : 4 12 7 4 3 7 5 5 0 4 6 4 5 4 4 4 5 7 4 3 4 3
M[112] : 6 6 5 5 2 3 5 6 7 5 4 5 3 4 6 5 2 5 4 4 0 4
M[113] : 6 6 0 7 5 7 6 6 7 2 6 10 2 4 7 8 3 5 2 3 2 5
M[114] : 5 8 6 6 4 4 9 3 4 3 10 0 3 7 7 4 8 3 4 4 7 3
M[115] : 5 5 3 0 5 6 7 3 9 2 4 3 4 7 6 2 5 2 5 4 2 5
M[116] : 4 5 7 6 6 4 5 2 2 3 2 5 8 3 4 6 0 1 5 4 6 6
M[117] : 9 7 2 3 10 3 9 5 0 1 5 4 8 6 6 6 6 5 4 2 4 7
M[118] : 4 5 3 3 7 5 4 6 5 4 0 8 6 6 5 5 9 5 7 4 4 4
M[119] : 7 4 0 5 3 4 10 8 6 5 6 5 6 2 5 7 5 5 7 6 8 3
M[120] : 4 8 6 6 10 1 5 0 6 6 5 8 9 4 4 1 2 2 2 4 9 1
M[121] : 5 6 7 1 7 2 5 5 8 1 3 5 6 4 5 5 7 4 11 3 6 0
M[122] : 6 5 4 8 5 4 5 6 5 7 4 4 4 6 5 0 5 5 9 5 9 6
M[123] : 6 2 6 3 3 7 2 3 6 6 1 4 4 4 8 7 3 4 0 3 5 4
M[124] : 6 3 5 5 9 5 4 8 6 4 8 1 7 5 5 4 3 3 6 0 8 6
M[125] : 5 4 6 4 0 1 4 0 4 6 4 7 4 4 1 3 7 2 4 7 0 5
M[126] : 2 0 6 3 5 5 1 3 9 4 7 5 2 7 3 3 3 4 2 8 2 4
M[127] : 6 7 5 0 6 4 8 8 6 5 7 5 5 1 3 7 5 5 7 6 8 2
M[128] : 6 3 5 6 9 4 3 4 4 5 5 3 6 4 9 2 4 4 2 1 0 5
M[129] : 6 6 4 6 5 2 3 2 2 4 4 8 9 0 6 7 4 5 2 4 4 7
M[130] : 4 5 0 3 5 3 5 4 2 5 5 3 7 6 8 6 2 8 4 6 6 6
M[131] : 8 5 5 5 3 2 4 2 6 7 3 3 7 3 5 2 0 3 3 7 4 3
M[132] : 4 6 5 8 5 4 2 4 3 5 1 6 6 5 0 2 4 5 8 4 2 3
M[133] : 6 5 2 6 4 2 6 3 7 2 0 7 4 4 14 6 11 3 1 3 5 3
M[134] : 7 3 5 7 2 7 3 6 3 5 7 4 8 0 5 6 3 4 8 3 5 6
M[135] : 2 6 4 1 3 1 4 7 4 6 3 5 0 2 5 7 6 1 5 3 6 7
M[136] : 9 4 0 7 5 2 3 3 7 5 2 4 6 5 2 3 7 6 8 6 6 4
M[137] : 7 4 3 7 6 2 2 5 3 7 2 4 4 1 3 5 0 3 6 5 5 5
M[138] : 3 4 4 3 3 5 4 11 4 6 9 2 7 2 7 6 4 4 8 4 0 9
M[139] : 5 2 3 4 5 3 5 9 3 4 8 4 4 0 4 5 11 5 4 7 5 2
M[140] : 3 7 10 6 2 4 6 0 6 6 5 11 7 2 8 4 2 4 1 4 7 3
M[141] : 3 4 4 9 7 6 4 5 4 2 7 2 4 6 2 3 2 9 4 0 8 4
M[142] : 2 6 7 4 8 3 11 3 6 7 5 4 8 5 7 0 4 6 2 3 5 8
M[143] : 3 4 6 0 2 4 7 6 4 4 5 4 3 5 5 2 7 3 6 6 2 6
M[144] : 3 11 3 4 5 7 5 3 9 2 5 4 5 7 9 0 3 5 6 6 6 8
M[145] : 3 5 0 4 5 3 1 3 5 3 5 3 3 4 2 1 10 8 6 9 2 3
M[146] : 4 5 5 5 6 3 3 3 4 5 9 3 5 0 5 7 7 6 4 4 4 7
M[147] : 8 1 5 4 6 8 4 7 4 5 5 3 5 4 6 1 0 2 6 4 6 5
M[148] : 3 4 6 2 2 3 4 3 1 6 4 6 5 7 7 6 5 5 2 2 0 2
M[149] : 8 7 4 4 1 7 5 5 0 4 7 3 2 6 3 4 4 1 4 3 3 0
M[150] : 5 5 0 5 4 4 4 5 2 10 3 6 3 6 4 3 4 3 0 6 4 4
M[151] : 0 4 6 2 5 5 3 7 0 3 4 7 4 4 11 2 1 6 6 4 5 3
M[152] : 4 7 3 2 6 3 6 0 8 3 7 2 7 3 9 5 4 3 5 1 4 4
M[153] : 6 3 7 7 8 5 5 6 0 3 6 8 1 3 6 5 8 1 3 5 6 5
M[154] : 4 1 4 0 2 5 3 5 5 5 2 7 3 4 2 5 2 1 7 9 3 3
M[155] : 8 3 2 9 2 6 2 4 6 5 0 4 0 8 2 5 2 2 4 3 5 3
M[156] : 7 6 0 9 6 2 1 4 5 7 3 9 12 3 3 6 3 3 2 5 6 9
M[157] : 5 4 6 2 4 3 5 8 7 7 1 3 0 3 5 4 4 5 6 1 2 9
M[158] : 2 4 6 6 4 6 7 0 6 7 8 8 4 6 4 6 4 6 6 3 5 7
M[159] : 4 3 2 5 9 10 4 4 2 0 4 7 6 5 7 8 7 2 7 8 8 4
M[160] : 7 7 3 7 3 1 2 6 10 5 8 2 3 7 3 2 0 7 4 4 5 5
M[161] : 2 4 3 3 3 5 4 5 5 6 3 5 4 4 4 2 4 0 5 4 7 3
M[162] : 6 4 1 5 4 2 6 7 7 3 6 0 6 7 5 5 4 3 6 0 2 1
M[163] : 3 3 3 4 2 5 4 5 0 1 3 5 8 4 8 6 3 3 5 3 7 7
M[164] : 2 4 4 3 5 3 3 7 0 9 2 6 6 9 5 4 2 3 5 2 4 3
M[165] : 6 5 4 8 5 3 8 2 4 3 7 6 7 10 3 5 4 6 6 4 1 0
M[166] : 9 4 4 0 2 5 1 3 6 0 2 3 4 5 8 10 6 5 2 6 3 3
M[167] : 3 0 4 7 6 1 6 2 4 3 7 4 2 7 7 5 13 4 11 4 3 3
M[168] : 6 6 8 10 6 2 7 7 5 6 2 6 7 0 5 6 3 5 6 3 0 2
M[169] : 5 6 7 0 5 6 4 9 9 8 2 6 2 6 4 5 4 5 7 2 4 2
M[170] : 6 4 7 4 5 3 5 3 6 6 2 6 0 3 3 6 11 5 3 6 3 7
M[171] : 6 5 6 1 3 5 2 0 8 4 3 8 7 3 5 3 3 6 3 5 4 7
M[172] : 7 4 7 4 4 4 3 6 2 0 7 3 6 4 5 3 7 4 4 3 5 2
M[173] : 7 6 4 5 6 8 8 6 8 4 4 7 0 6 5 2 6 3 2 7 4 8
M[174] : 4 3 3 6 5 3 0 4 6 7 10 3 2 6 1 5 6 6 4 2 5 6
M[175] : 4 4 4 0 8 1 7 5 2 7 5 4 5 5 6 5 8 10 3 6 6 6
M[176] : 6 5 5 8 14 3 3 4 0 4 2 8 5 4 7 8 1 6 3 4 6 3
M[177] : 3 7 3 4 5 5 6 3 7 5 4 6 4 8 4 0 7 3 6 3 9 2
M[178] : 4 8 3 3 4 6 0 2 2 5 4 8 5 2 7 7 5 1 6 4 7 1
M[179] : 4 6 3 7 3 2 3 8 1 0 3 3 4 4 2 7 3 6 3 2 4 4
M[180] : 0 2 5 6 5 4 9 5 11 4 2 10 3 5 1 7 5 5 6 1 8 1
M[181] : 6 3 3 5 0 7 6 4 4 6 7 7 1 7 3 6 2 6 4 5 5 2
M[182] : 5 6 5 8 6 3 5 0 5 5 6 6 5 2 3 5 3 9 4 5 1 7
M[183] : 4 9 4 3 8 4 0 5 8 5 6 3 5 5 5 4 7 10 6 4 3 5
M[184] : 3 2 6 4 4 3 3 6 6 5 5 8 3 7 7 4 0 4 3 4 0 6
M[185] : 6 3 0 5 0 4 5 3 3 1 3 6 6 6 2 3 2 3 8 5 5 7
M[186] : 5 4 0 4 5 6 5 7 6 6 7 1 7 3 10 3 6 4 3 9 6 8
M[187] : 0 3 7 3 3 6 5 5 2 5 7 5 3 6 7 0 6 7 4 3 3 3
M[188] : 7 2 2 4 5 6 5 3 6 9 8 2 3 3 2 8 7 0 3 7 1 5
M[189] : 5 7 3 4 8 7 6 5 3 3 0 6 6 5 4 2 3 5 3 5 7 3
M[190] : 3 6 7 7 5 3 5 0 1 4 3 10 6 3 2 2 6 3 2 7 6 3
M[191] : 3 6 6 9 6 4 4 0 8 5 3 3 2 6 5 5 6 6 4 6 5 4
M[192] : 6 2 8 4 0 6 5 5 3 5 4 8 3 5 4 4 4 5 5 3 4 8
M[193] : 3 2 4 7 3 6 4 4 2 5 0 6 1 7 7 7 5 7 3 4 7 2
M[194] : 4 4 2 6 2 3 11 6 6 2 7 0 7 3 2 2 3 2 6 5 4 7
M[195] : 4 4 7 4 7 7 4 2 7 4 3 8 7 6 6 4 6 4 8 4 0 5
M[196] : 5 3 4 5 0 5 5 3 5 1 3 4 3 2 5 7 3 5 3 5 2 6
M[197] : 5 5 0 0 3 6 2 6 5 3 2 8 5 4 7 7 5 2 2 8 3 6
M[198] : 2 5 8 5 6 6 6 6 5 1 4 2 4 7 5 6 0 2 4 5 5 4
M[199] : 3 2 3 4 3 5 5 4 2 8 4 7 5 2 7 6 4 0 4 5 5 7
M[200] : 2 3 3 7 7 4 2 4 5 5 3 0 3 6 0 6 6 6 5 1 3 8
M[201] : 8 8 4 9 8 0 3 2 2 2 4 4 2 4 2 3 3 4 5 6 4 6
M[202] : 7 6 7 2 3 4 4 4 6 4 5 4 6 5 4 0 9 2 8 5 6 6
M[203] : 6 4 3 5 3 7 5 2 3 3 5 4 3 0 5 3 7 8 3 2 5 7
M[204] : 3 5 5 2 6 4 10 6 3 7 4 5 5 3 7 4 0 2 8 9 5 5
M[205] : 6 0 3 4 1 2 5 6 5 7 4 5 7 5 8 6 4 1 10 6 6 3
M[206] : 4 2 7 6 3 2 5 6 3 5 8 0 4 4 2 6 6 3 8 3 4 6
M[207] : 4 5 6 4 6 6 7 2 2 3 6 6 6 3 2 3 5 2 6 0 2 4
M[208] : 7 8 9 0 7 7 4 7 7 6 4 4 4 6 4 7 4 4 3 5 1 6
M[209] : 3 4 6 7 11 0 7 5 4 7 3 1 5 4 4 6 10 1 2 7 6 2
M[210] : 8 2 4 5 8 8 2 7 6 0 7 3 3 5 2 4 4 6 7 7 6 1
M[211] : 8 4 4 3 7 9 1 5 7 4 3 6 5 5 9 5 6 3 5 2 6 0
M[212] : 0 6 6 6 4 5 3 5 2 7 5 3 7 3 2 2 3 4 2 4 5 2
M[213] : 5 3 7 4 4 1 4 2 9 5 5 8 9 4 5 7 4 5 5 7 0 2
M[214] : 6 2 0 3 3 10 3 5 3 8 3 4 7 4 3 2 3 2 8 10 4 0
M[215] : 4 4 6 7 1 7 6 4 3 4 2 6 2 4 3 6 7 8 6 6 0 4
M[216] : 6 5 3 7 6 5 0 4 7 6 3 5 8 6 3 6 4 4 5 3 4 2
M[217] : 1 4 4 4 2 2 0 8 9 1 2 9 5 6 3 3 6 6 2 3 8 2
M[218] : 1 5 3 4 3 6 6 3 5 5 5 3 0 4 4 9 7 6 6 6 7 6
M[219] : 5 1 6 3 4 5 0 5 5 4 6 2 6 1 3 1 5 6 5 6 4 4
M[220] : 6 5 5 3 2 5 2 4 4 2 3 4 3 4 5 3 4 8 6 7 5 0
M[221] : 7 4 5 6 4 8 5 5 4 6 4 4 4 5 0 3 3 4 5 8 1 3
M[222] : 3 4 4 0 6 3 7 4 7 7 6 5 3 7 7 4 3 4 6 7 6 4
M[223] : 2 3 3 6 3 5 9 5 6 4 7 8 5 6 4 1 6 1 6 6 4 0
M[224] : 6 5 4 5 6 3 4 4 3 10 6 4 3 5 1 7 3 5 0 4 3 8
M[225] : 6 4 4 3 4 2 6 4 4 6 1 5 0 4 6 5 8 4 2 5 7 6
M[226] : 3 2 5 7 6 2 4 5 4 5 0 10 6 9 3 3 6 7 6 4 9 9
M[227] : 3 6 1 6 8 0 4 4 6 5 8 3 3 4 9 6 4 4 5 7 2 2
M[228] : 6 4 4 2 4 4 8 6 5 7 4 6 4 6 6 4 4 6 8 6 0 5
M[229] : 5 3 4 4 3 5 5 2 5 3 4 7 10 8 8 7 7 5 8 5 2 0
M[230] : 4 5 3 7 0 9 2 3 8 4 4 3 6 2 8 4 4 8 5 5 5 7
M[231] : 5 1 6 8 3 2 4 2 3 5 4 6 0 3 2 3 6 7 9 0 5 6
M[232] : 3 5 4 4 3 5 3 4 4 6 8 6 3 6 6 5 3 0 5 1 6 3
M[233] : 4 7 6 2 7 4 3 6 2 4 2 4 3 6 6 5 8 3 2 5 7 0
M[234] : 5 2 4 2 5 5 6 6 5 4 5 7 9 3 5 3 2 8 0 3 5 3
M[235] : 5 2 6 6 4 3 4 1 9 6 4 4 8 6 6 2 0 4 5 6 5 5
M[236] : 4 1 5 5 7 5 3 6 7 3 0 8 3 7 7 7 5 7 6 6 3 4
M[237] : 1 3 5 4 0 6 7 6 6 8 6 8 4 5 3 3 3 6 9 6 6 3
M[238] : 9 5 6 6 6 3 5 6 8 4 5 3 2 5 6 3 8 5 5 3 0 4
M[239] : 8 4 8 4 3 3 8 6 2 2 4 3 2 5 6 6 3 9 0 5 4 7
M[240] : 8 4 4 7 4 7 7 4 3 2 5 7 5 2 7 4 5 3 3 6 0 3
M[241] : 3 8 4 5 7 3 2 5 5 0 5 3 7 5 5 7 6 11 5 5 5 4
M[242] : 6 6 4 4 3 0 5 3 3 3 4 4 4 5 2 4 6 4 9 10 4 2
M[243] : 5 6 3 3 6 5 5 1 5 7 2 10 5 2 3 7 3 4 5 4 5 0
M[244] : 4 7 6 6 3 6 0 5 5 2 2 5 2 6 4 4 5 5 3 8 10 1
M[245] : 3 6 4 6 5 2 4 4 3 3 3 6 3 2 4 9 5 5 0 6 5 8
M[246] : 3 7 5 2 3 2 5 4 2 5 4 5 9 3 4 3 4 7 4 0 2 7
M[247] : 6 7 7 5 9 4 0 7 5 5 1 4 9 10 4 4 4 5 2 8 6 4
M[248] : 3 1 4 4 4 6 2 4 3 7 5 5 4 0 7 5 4 2 3 5 3 3
M[249] : 4 5 0 2 8 4 3 3 8 4 9 5 4 7 5 3 7 6 6 5 6 9
M[250] : 5 1 4 1 5 6 2 4 5 4 6 0 6 3 4 5 7 1 4 5 5 4
M[251] : 8 0 7 0 5 5 4 2 3 4 4 5 3 5 4 4 7 3 4 3 5 6
M[252] : 6 5 7 1 6 0 7 8 5 5 9 4 4 5 11 3 6 7 4 0 10 8
M[253] : 5 3 7 4 8 6 3 8 5 2 6 3 4 2 5 5 0 3 7 6 3 3
M[254] : 4 4 1 0 4 5 4 1 7 3 3 7 4 6 2 5 4 3 2 4 3 5
M[255] : 6 8 7 5 4 4 5 5 7 6 8 3 3 4 4 5 0 7 5 5 7 4
M[256] : 8 4 5 3 0 4 2 5 6 4 6 4 4 4 6 6 2 3 6 6 8 4
M[257] : 2 3 4 4 3 5 6 5 3 4 5 5 9 6 7 6 3 0 1 6 7 5
M[258] : 4 5 6 7 1 2 2 8 1 10 1 1 6 0 3 4 4 6 4 4 5 1
M[259] : 2 5 5 6 1 3 4 3 3 4 7 4 3 5 2 4 5 3 0 11 5 5
M[260] : 3 0 4 5 2 5 5 4 8 5 2 4 4 5 9 6 4 5 7 4 1 3
M[261] : 2 9 4 5 7 8 0 6 4 7 1 3 2 3 3 5 3 2 5 2 4 7
M[262] : 2 7 6 2 8 4 4 3 2 0 3 5 4 2 8 2 5 9 6 3 6 5
M[263] : 8 6 6 8 4 7 5 7 4 5 3 8 7 5 0 5 3 2 7 3 4 4
M[264] : 1 5 7 3 3 10 3 4 9 9 0 7 4 3 5 5 3 4 6 4 5 4
M[265] : 8 3 4 9 0 2 9 5 7 3 4 5 6 6 2 3 5 2 3 3 6 4
M[266] : 4 2 3 0 4 5 2 4 5 5 2 5 2 3 2 3 3 2 7 3 1 2
M[267] : 2 4 6 4 3 8 8 7 0 3 5 7 4 3 4 5 5 5 6 7 2 6
M[268] : 7 5 4 2 3 0 2 8 4 2 3 3 4 3 5 5 3 6 3 6 5 5
M[269] : 4 8 1 3 7 4 3 5 5 4 5 4 7 0 4 4 7 5 3 2 5 8
M[270] : 5 0 9 2 6 4 4 2 4 4 5 3 2 4 8 6 5 6 5 6 6 7
M[271] : 5 6 4 4 4 6 5 3 4 5 4 8 5 5 5 4 3 3 5 5 1 0
M[272] : 4 9 8 0 4 5 5 3 3 3 3 5 4 6 6 5 3 4 9 2 3 6
M[273] : 5 8 5 4 0 5 8 7 7 5 5 4 5 5 7 1 3 7 4 4 5 4
M[274] : 7 3 1 8 6 3 1 5 5 9 4 7 8 0 6 6 3 5 3 5 7 1
M[275] : 3 5 5 3 7 7 2 1 5 6 3 7 0 6 8 0 5 6 6 2 11 9
M[276] : 1 6 2 1 5 8 0 4 4 3 4 5 7 4 4 3 6 8 7 4 2 5
M[277] : 6 10 10 4 7 3 5 6 7 8 3 7 0 4 5 7 5 1 4 5 5 5
M[278] : 5 3 3 6 5 6 2 6 4 9 0 6 5 2 3 8 1 3 3 4 5 6
M[279] : 4 0 5 5 8 5 3 8 3 0 5 6 7 3 1 5 4 4 5 8 6 3
M[280] : 5 3 5 5 1 6 7 4 5 6 2 6 5 6 5 4 2 4 3 0 4 6
M[281] : 7 9 6 7 5 4 4 5 0 3 5 10 4 6 2 7 3 5 2 7 4 5
M[282] : 2 4 3 3 5 6 3 6 4 4 4 5 5 9 0 1 7 5 2 4 4 2
M[283] : 2 2 2 8 9 2 6 10 0 7 1 2 10 5 4 5 1 3 4 5 8 1
M[284] : 2 3 4 7 0 7 2 2 7 6 7 6 4 4 10 9 8 3 3 4 4 5
M[285] : 3 4 3 1 7 2 3 3 6 2 5 2 6 4 4 0 4 3 6 5 3 4
M[286] : 4 1 4 4 4 6 5 3 5 7 4 9 5 3 2 0 8 5 5 4 0 5
M[287] : 5 2 5 10 5 4 2 8 6 0 3 5 6 5 5 4 4 3 4 5 7 10
M[288] : 6 5 6 3 5 4 6 6 1 5 3 4 2 7 5 1 4 4 0 2 3 6
M[289] : 4 5 4 7 8 3 6 4 4 0 6 8 5 5 4 9 6 2 3 4 2 7
M[290] : 6 1 7 5 3 9 3 0 4 9 5 7 8 4 5 5 2 5 5 4 11 2
M[291] : 4 8 10 2 6 2 5 5 5 5 4 5 0 6 7 2 3 5 7 6 5 6
M[292] : 7 3 5 2 7 4 6 3 6 3 9 6 3 5 0 4 6 6 9 7 4 3
M[293] : 7 0 8 5 5 5 5 2 6 4 1 4 3 2 3 6 2 1 4 5 1 6
M[294] : 4 6 6 4 3 6 6 3 3 2 5 4 2 5 1 4 6 5 5 0 8 3
M[295] : 3 3 2 3 4 0 2 6 7 6 8 7 2 9 7 3 4 9 6 5 9 6
M[296] : 8 2 6 2 5 1 6 6 5 3 8 8 5 6 6 4 11 0 5 5 3 4
M[297] : 8 8 4 7 2 4 5 4 9 1 2 2 5 3 3 5 9 6 0 7 4 2
M[298] : 3 2 4 3 4 3 5 8 6 6 7 6 6 7 6 3 0 7 4 5 5 2
M[299] : 2 3 7 0 6 3 5 5 5 3 8 5 3 7 4 5 4 4 4 1 3 4
M[300] : 5 2 9 5 4 3 4 4 3 6 9 0 6 4 3 3 6 6 3 3 5 5
M[301] : 6 5 9 6 4 9 6 4 4 5 3 6 4 5 7 0 6 2 5 4 6 3
M[302] : 6 3 6 2 9 7 4 2 6 4 6 4 7 6 6 7 2 3 6 4 0 5
M[303] : 9 3 3 4 8 0 3 0 4 2 3 6 1 4 2 3 3 9 7 5 8 6
M[304] : 0 4 3 5 5 6 5 10 5 3 7 5 3 6 3 4 6 3 5 5 4 5
M[305] : 6 5 3 4 5 6 5 5 4 4 0 7 3 2 4 6 3 9 6 3 2 5
M[306] : 8 4 5 3 6 5 3 2 5 0 3 6 4 4 6 5 4 5 2 4 3 0
M[307] : 4 5 7 10 7 4 6 5 8 8 9 5 7 0 10 5 3 6 2 7 3 5
M[308] : 4 7 6 3 7 2 4 9 7 6 3 6 5 4 0 5 3 5 2 4 6 4
M[309] : 6 6 0 4 3 7 5 4 8 7 5 5 5 4 2 4 4 8 4 3 1 3
M[310] : 5 4 7 6 4 7 10 2 6 4 4 7 6 0 2 3 6 2 5 2 4 3
M[311] : 0 3 6 6 1 5 2 8 4 12 5 6 6 6 4 6 4 3 4 2 2 4
M[312] : 5 5 6 6 9 4 7 4 3 8 6 3 5 6 6 6 7 3 0 4 5 6
M[313] : 5 3 7 5 5 0 6 5 1 7 6 4 7 5 3 4 4 5 4 8 5 7
M[314] : 5 6 3 4 0 4 3 0 3 6 4 7 1 2 6 2 3 4 3 4 4 8
M[315] : 3 5 2 2 5 4 4 7 6 5 2 7 4 1 3 4 6 3 4 0 2 4
M[316] : 5 7 8 5 4 7 3 3 1 5 0 6 6 4 5 2 5 6 6 7 5 6
M[317] : 4 7 6 2 6 11 1 5 3 7 7 3 4 2 0 3 7 3 6 5 8 4
M[318] : 10 7 2 1 4 3 7 1 4 8 5 3 4 7 2 7 6 0 2 3 9 1
M[319] : 5 5 4 4 3 5 4 9 1 6 4 3 0 7 3 7 2 3 1 5 5 10
M[320] : 7 6 0 6 5 4 6 2 6 5 2 2 4 2 6 7 3 1 6 8 6 5
M[321] : 10 7 3 6 6 3 4 2 6 4 4 8 4 0 5 5 1 6 4 3 7 6
M[322] : 4 5 0 5 2 5 4 7 5 7 2 5 7 5 1 4 4 7 6 6 3 2
M[323] : 3 1 2 7 5 7 5 5 0 6 4 6 3 5 2 2 10 6 8 7 2 6
M[324] : 3 6 5 9 2 5 5 2 4 0 5 5 7 3 4 4 6 7 3 5 5 6
M[325] : 6 2 3 3 4 4 4 7 6 7 4 2 5 4 4 4 5 0 6 4 5 3
M[326] : 5 5 8 4 7 3 4 8 10 3 3 8 1 2 4 0 5 3 8 6 5 2
M[327] : 9 6 4 4 3 2 4 3 0 2 5 10 2 7 2 3 5 6 7 3 2 4
M[328] : 4 7 2 4 4 2 6 2 1 5 6 4 2 6 6 6 4 8 0 5 5 4
M[329] : 3 3 2 3 2 3 5 3 5 0 3 7 4 7 2 0 7 4 4 4 4 3
M[330] : 4 3 7 9 3 3 4 3 8 8 4 3 9 2 5 0 6 7 5 7 5 3
M[331] : 6 3 6 4 5 3 0 3 2 7 10 7 8 2 4 2 1 4 8 4 5 6
M[332] : 7 4 6 6 5 5 4 7 4 8 6 6 4 5 4 8 0 5 8 5 6 4
M[333] : 2 8 1 9 6 5 9 3 8 3 4 3 2 0 7 5 3 5 7 8 3 2
M[334] : 7 5 8 8 0 7 4 5 5 4 8 5 4 3 1 6 3 3 3 6 4 6
M[335] : 7 5 7 4 5 7 7 2 5 4 5 5 3 4 3 0 5 5 9 8 10 5
M[336] : 0 6 4 7 6 7 5 3 5 1 3 3 2 2 3 2 15 3 4 5 3 7
M[337] : 5 2 4 4 0 5 5 3 6 4 3 3 2 1 4 6 4 7 1 6 2 10
M[338] : 3 0 10 6 2 4 7 8 5 7 3 5 2 5 8 5 5 5 3 0 3 7
M[339] : 4 6 5 6 4 6 4 7 11 6 5 10 3 5 4 6 3 3 4 0 2 4
M[340] : 4 4 4 2 2 4 7 3 4 3 5 2 4 7 0 5 5 6 7 10 2 3
M[341] : 3 6 3 3 9 2 0 4 5 2 5 5 6 4 6 3 2 5 7 5 4 4
M[342] : 5 3 5 6 2 3 4 2 5 6 3 4 5 3 3 3 4 8 0 8 3 9
M[343] : 1 5 3 3 3 6 3 3 0 4 4 2 4 0 2 6 5 3 6 2 0 3
M[344] : 0 8 3 6 3 3 6 6 6 2 7 6 3 2 0 5 4 3 2 1 5 4
M[345] : 5 5 8 4 8 5 4 9 3 4 0 6 8 10 9 6 4 3 3 5 4 3
M[346] : 5 3 8 4 8 2 7 7 6 0 11 3 6 8 4 9 4 5 7 4 6 3
M[347] : 4 4 9 3 2 4 5 7 7 4 0 5 6 3 4 2 7 3 4 2 3 2
M[348] : 7 3 5 5 0 8 7 6 6 4 2 4 6 7 5 6 3 4 5 6 4 4
M[349] : 4 5 5 7 5 2 8 4 6 1 0 5 4 3 8 3 6 2 3 2 2 7
M[350] : 5 7 8 6 6 3 6 4 2 3 3 7 7 3 2 5 4 4 8 8 5 0
M[351] : 4 7 6 6 3 3 5 5 2 2 0 7 4 3 5 0 3 6 7 5 6 4
M[352] : 6 7 6 2 1 3 3 4 7 6 9 3 10 5 4 5 6 3 3 5 0 3
M[353] : 3 4 7 7 4 1 4 6 4 3 9 0 4 1 5 6 2 6 5 6 2 4
M[354] : 3 4 5 3 3 2 0 3 5 3 6 4 5 3 2 7 6 5 6 8 6 6
M[355] : 7 3 7 3 5 2 4 5 4 9 3 4 3 7 12 0 7 5 7 5 3 4
M[356] : 6 5 2 5 5 5 4 4 4 4 6 0 7 1 5 10 3 3 3 3 8 5
M[357] : 7 7 5 3 4 6 3 7 4 1 4 11 5 2 0 6 5 11 2 4 4 5
M[358] : 0 5 6 4 4 4 6 4 4 1 4 6 3 6 6 7 3 6 6 3 4 5
M[359] : 4 8 6 6 6 0 8 4 5 4 4 3 5 1 5 3 3 8 3 4 4 9
M[360] : 3 5 3 1 7 6 5 4 0 1 3 3 5 3 6 4 1 1 8 8 6 7
M[361] : 3 5 1 6 1 3 4 2 3 4 6 7 4 3 2 4 0 3 3 6 6 7
M[362] : 6 6 5 6 3 6 3 3 7 2 2 0 2 8 7 3 3 5 7 5 4 4
M[363] : 7 4 5 8 5 9 6 5 6 4 6 7 4 4 3 4 4 5 8 4 5 0
M[364] : 4 3 8 4 3 5 5 3 1 2 4 5 0 3 2 3 6 8 6 7 6 5
M[365] : 11 3 4 4 6 6 7 3 4 5 4 7 3 5 3 3 0 6 8 4 5 1
M[366] : 3 5 5 4 7 3 6 4 7 8 8 4 0 7 4 5 6 6 7 1 8 7
M[367] : 5 5 6 5 7 2 4 3 3 3 0 4 4 3 4 4 3 5 5 4 4 2
M[368] : 5 4 7 1 6 5 10 3 0 8 6 2 6 4 6 8 3 3 0 5 1 8
M[369] : 4 5 4 9 1 7 4 9 0 6 4 5 9 3 4 8 0 6 4 6 6 8
M[370] : 8 7 6 2 5 10 7 7 5 3 1 3 5 10 6 10 3 5 6 3 8 0
M[371] : 4 4 9 4 9 8 0 6 6 7 4 6 4 3 5 5 7 2 3 0 7 6
M[372] : 3 0 7 5 2 4 5 4 1 7 4 5 3 8 6 5 7 7 3 6 5 6
M[373] : 6 5 5 3 4 4 3 5 3 2 7 5 0 1 1 5 8 4 6 6 6 4
M[374] : 7 7 2 4 3 3 6 0 3 3 8 3 4 5 2 5 7 3 1 4 3 2
M[375] : 8 4 3 7 0 3 6 5 6 7 8 5 4 7 5 4 4 4 5 5 3 1
M[376] : 3 2 3 9 2 4 6 8 5 4 7 0 3 6 5 7 2 4 7 3 4 5
M[377] : 3 4 4 2 6 5 6 4 3 3 7 3 0 2 7 3 6 4 2 5 7 3
M[378] : 3 3 7 2 2 6 4 0 5 5 4 3 8 7 5 1 7 1 6 5 6 8
M[379] : 3 2 6 3 5 3 5 5 3 6 4 6 6 1 2 2 2 5 3 3 0 4
M[380] : 4 6 4 2 1 4 4 7 4 5 2 8 5 9 6 9 0 4 3 4 5 5
M[381] : 6 6 7 2 1 3 3 8 3 5 5 6 6 8 9 3 7 0 6 6 6 2
M[382] : 3 3 7 3 0 6 5 5 5 8 4 3 7 2 5 6 4 2 4 1 1 4
M[383] : 3 6 7 4 0 1 5 3 3 4 3 4 10 3 6 3 3 1 3 5 4 2
M[384] : 7 3 6 8 6 4 4 6 2 6 4 8 2 3 6 4 6 7 3 0 7 2
M[385] : 5 6 3 5 10 5 7 5 4 5 8 6 3 3 2 0 2 0 4 5 5 7
M[386] : 8 5 5 8 0 6 8 6 2 2 7 2 4 9 8 6 8 5 6 4 2 2
M[387] : 6 6 8 3 6 3 0 3 1 2 0 2 5 1 7 6 1 6 3 6 6 5
M[388] : 5 6 5 3 3 4 4 8 4 8 3 5 4 5 4 4 0 5 3 5 6 7
M[389] : 0 4 8 8 7 3 3 5 7 2 8 3 7 1 5 5 5 6 9 4 4 2
M[390] : 6 5 3 6 2 9 4 5 3 5 3 3 4 6 6 3 5 1 0 2 4 4
M[391] : 9 1 7 5 4 5 0 7 7 4 3 3 4 4 4 4 5 6 9 5 5 2
M[392] : 9 8 0 5 7 2 5 4 3 3 9 5 8 7 4 2 3 6 3 5 3 4
M[393] : 3 0 12 3 4 4 7 5 5 2 6 6 2 3 3 4 10 7 2 2 8 8
M[394] : 6 3 4 4 5 2 5 6 3 6 6 9 3 4 5 2 4 0 6 5 3 5
M[395] : 3 3 4 3 6 1 8 3 3 10 6 5 8 5 0 3 6 6 5 3 5 5
M[396] : 0 5 7 5 10 5 4 6 3 5 5 9 5 3 6 6 5 2 11 0 7 7
M[397] : 4 6 8 4 1 5 2 3 3 6 3 8 3 0 6 5 6 8 4 5 4 7
M[398] : 5 5 3 4 2 3 4 5 2 5 5 4 0 4 4 4 7 6 5 3 4 5
M[399] : 4 7 5 5 2 8 3 2 5 7 2 2 3 4 7 10 0 9 4 2 6 4
M[400] : 0 5 7 3 6 8 5 6 5 5 5 5 6 8 4 5 5 2 5 3 3 6
M[401] : 6 5 9 9 6 4 9 0 5 3 2 13 4 5 5 4 7 7 5 8 3 3
M[402] : 4 5 5 7 9 6 3 3 6 4 4 5 6 2 5 6 5 4 3 7 4 0
M[403] : 0 7 9 7 6 3 5 1 4 4 1 6 6 2 3 3 2 6 8 4 0 6
M[404] : 8 4 4 5 3 4 3 5 1 6 1 7 4 5 8 7 9 4 5 0 5 2
M[405] : 4 7 4 5 3 4 4 4 0 2 2 4 4 2 6 6 7 5 3 6 2 3
M[406] : 4 3 3 4 5 4 4 3 0 4 5 4 6 10 7 5 5 5 2 6 5 6
M[407] : 2 0 4 8 4 3 4 4 2 11 2 11 3 5 0 6 3 6 3 4 6 6
M[408] : 5 4 6 7 2 4 3 5 0 6 3 5 3 4 3 8 5 2 2 4 5 3
M[409] : 5 1 2 6 0 7 6 4 8 2 8 4 1 7 8 6 3 6 3 2 4 5
M[410] : 4 4 5 4 5 5 7 4 4 4 6 10 7 0 7 8 3 4 4 6 2 5
M[411] : 5 5 4 5 4 4 3 0 4 4 8 5 4 8 4 4 6 5 4 3 2 6
M[412] : 0 4 3 3 5 7 3 7 3 5 4 5 3 3 6 2 7 4 6 4 8 5
M[413] : 2 4 7 7 4 3 2 4 4 8 3 5 8 5 3 6 4 3 2 0 8 9
M[414] : 4 8 4 5 6 7 6 7 4 9 6 5 6 6 3 5 0 1 3 4 4 0
M[415] : 6 5 4 8 6 3 0 4 3 6 8 7 4 5 5 7 4 6 5 9 5 4
M[416] : 8 5 6 3 4 5 7 2 10 8 3 3 4 6 0 8 5 5 5 5 6 2
M[417] : 4 4 4 3 0 3 2 3 5 5 10 7 5 3 12 3 5 5 4 6 4 3
M[418] : 7 6 2 1 0 3 3 5 6 4 5 5 3 3 4 4 2 4 8 5 5 7
M[419] : 1 3 5 2 2 3 3 3 9 0 3 5 6 8 4 10 4 7 8 5 4 6
M[420] : 8 4 3 1 0 7 9 5 3 5 6 5 4 3 4 8 3 2 6 8 4 5
M[421] : 7 2 2 8 4 5 4 7 8 6 3 3 3 5 3 2 7 1 2 0 2 5
M[422] : 9 7 0 6 2 5 5 4 9 5 2 5 2 4 5 4 5 4 3 0 4 7
M[423] : 2 4 3 6 7 6 3 4 11 6 3 7 6 6 5 11 6 3 0 3 2 4
M[424] : 0 13 5 5 8 3 3 4 5 4 4 4 7 3 3 8 11 3 7 3 6 4
M[425] : 5 5 2 6 3 5 10 5 6 0 1 5 5 7 4 4 2 7 4 3 4 5
M[426] : 6 4 2 7 5 6 4 1 3 5 5 6 4 2 4 8 2 2 7 0 4 2
M[427] : 7 5 5 6 5 2 7 4 8 3 5 9 7 2 3 7 0 7 4 2 4 8
M[428] : 7 5 4 7 6 3 6 4 0 6 4 8 7 8 4 6 9 3 5 4 5 3
M[429] : 8 4 7 6 4 6 6 4 4 7 2 4 5 0 4 5 4 4 8 5 3 8
M[430] : 5 6 6 0 6 7 2 8 3 3 6 6 0 7 6 5 2 5 5 4 2 5
M[431] : 4 5 1 3 5 6 0 3 6 3 6 4 3 5 7 4 1 8 9 7 4 3
M[432] : 6 3 6 4 5 5 5 3 5 8 3 2 6 5 0 5 2 2 4 8 4 4
M[433] : 9 6 2 5 8 3 7 5 5 5 2 0 6 5 10 5 4 3 4 6 4 2
M[434] : 8 6 5 6 5 2 3 6 0 1 5 4 2 5 6 8 6 4 5 7 5 6
M[435] : 4 4 5 7 3 4 7 1 7 6 5 4 3 10 4 3 6 6 0 4 6 5
M[436] : 6 4 10 2 9 8 7 3 0 2 2 3 2 6 3 4 2 5 2 5 4 4
M[437] : 7 4 9 5 6 2 2 5 5 6 3 5 5 5 4 4 4 6 0 5 4 3
M[438] : 0 7 6 2 4 6 5 2 3 6 4 0 6 4 4 4 8 7 8 8 4 8
M[439] : 1 1 4 6 3 4 0 10 7 6 2 4 4 3 6 5 4 2 6 3 4 4
M[440] : 11 0 4 5 7 3 5 3 4 7 7 5 6 5 10 7 6 9 5 6 2 10
M[441] : 4 6 4 2 4 3 3 4 4 5 0 8 2 6 7 3 5 2 8 4 5 2
M[442] : 3 2 6 1 0 6 5 4 4 3 4 4 4 7 4 6 4 5 9 6 3 1
M[443] : 7 9 1 8 0 7 5 2 5 5 3 4 5 5 3 3 4 3 3 2 5 6
M[444] : 7 3 2 6 3 5 9 4 6 8 7 2 7 1 4 6 7 2 0 6 4 7
M[445] : 5 7 3 4 4 5 6 4 5 5 5 3 7 6 8 4 5 2 0 7 7 7
M[446] : 7 7 2 3 5 5 9 7 1 1 5 0 3 6 5 5 5 3 2 5 5 4
M[447] : 2 5 9 2 5 7 5 3 4 5 0 8 3 8 3 6 7 4 7 2 9 2
M[448] : 4 4 0 5 2 2 4 4 2 4 4 5 5 5 9 5 3 5 2 3 9 4
M[449] : 7 4 3 4 4 5 4 6 4 5 4 3 2 2 7 3 6 0 5 5 4 2
M[450] : 4 10 2 8 3 4 7 6 5 0 3 5 3 2 3 5 5 2 6 6 8 5
M[451] : 3 3 3 0 6 4 7 3 5 5 4 5 5 6 2 8 5 8 4 2 7 6
M[452] : 5 5 7 6 6 4 5 2 6 6 0 4 3 4 6 6 2 4 5 3 7 8
M[453] : 1 7 1 6 2 3 3 4 7 4 5 0 4 3 2 4 6 1 3 6 6 3
M[454] : 5 5 9 6 6 5 3 3 5 5 6 4 5 4 2 7 5 0 4 3 3 3
M[455] : 3 2 4 6 4 3 4 4 3 4 5 5 4 7 3 5 4 3 8 5 0 8
M[456] : 4 6 2 2 6 4 6 5 5 4 4 2 2 4 2 4 4 6 5 7 0 4
M[457] : 6 3 7 7 5 7 7 7 3 3 4 3 0 5 4 7 5 4 5 5 7 5
M[458] : 5 3 0 3 4 4 9 4 6 7 5 6 5 4 1 8 5 2 4 4 5 7
M[459] : 6 2 7 5 6 6 7 9 5 5 5 3 4 3 5 4 3 2 5 5 0 4
M[460] : 4 6 5 7 4 4 6 7 5 6 5 8 6 3 4 2 6 0 8 3 5 4
M[461] : 5 3 5 6 9 0 4 2 5 3 4 4 3 3 2 6 2 5 1 9 2 6
M[462] : 8 2 1 6 8 0 8 7 3 3 6 5 4 1 2 4 9 8 5 1 5 5
M[463] : 0 6 4 4 6 0 3 4 3 4 5 5 5 2 4 7 7 6 7 2 4 6
M[464] : 4 7 4 8 4 6 5 3 4 4 3 5 6 5 7 6 6 8 7 6 0 5
M[465] : 4 0 4 3 3 7 6 5 5 6 3 5 6 6 5 8 2 2 8 4 3 7
M[466] : 3 5 5 3 4 3 5 1 4 2 6 2 0 4 5 7 6 8 5 7 3 7
M[467] : 2 6 2 4 4 0 4 5 2 6 5 5 7 6 7 6 5 5 7 5 9 4
M[468] : 0 2 4 2 7 2 2 5 5 4 9 9 6 3 2 7 3 7 0 5 8 2
M[469] : 7 3 9 2 7 4 5 4 5 5 6 0 5 7 6 4 7 5 2 10 5 2
M[470] : 3 5 3 5 6 5 4 8 7 6 5 2 7 5 12 3 0 4 4 2 2 3
M[471] : 2 5 4 9 2 0 5 4 9 4 6 2 1 4 4 6 5 3 3 5 5 2
M[472] : 4 4 5 0 6 4 3 6 3 4 6 4 3 6 5 10 8 11 3 4 4 2
M[473] : 10 4 8 4 3 6 3 3 5 1 5 4 3 0 5 7 6 3 7 2 9 5
M[474] : 3 0 5 9 3 6 1 10 6 5 3 7 4 5 6 7 2 4 3 4 3 1
M[475] : 6 3 5 5 8 2 5 6 3 5 7 6 6 0 3 5 6 6 4 3 3 4
M[476] : 7 6 7 7 6 0 3 4 6 5 5 5 2 4 3 4 3 3 2 1 3 2
M[477] : 6 4 3 2 5 7 3 4 2 6 1 11 6 4 4 8 0 2 5 9 6 3
M[478] : 3 4 4 5 9 8 6 6 3 3 5 6 7 9 0 4 1 2 6 11 4 8
M[479] : 7 6 0 3 5 5 3 3 2 5 4 5 6 7 6 6 11 3 3 8 7 8
M[480] : 6 11 6 5 4 4 5 4 3 8 4 6 4 4 4 3 0 4 2 10 7 1
M[481] : 5 9 7 7 9 4 2 5 5 8 5 6 4 6 7 4 6 5 5 7 4 0
M[482] : 5 4 5 2 5 6 6 0 4 2 9 4 6 4 7 8 6 6 4 6 4 5
M[483] : 6 6 4 6 7 4 5 9 4 3 5 0 1 2 4 6 4 3 6 8 5 6
M[484] : 6 4 3 6 3 3 2 4 5 5 6 3 11 5 7 6 7 6 3 4 1 0
M[485] : 6 0 2 4 2 1 2 6 5 1 4 5 2 3 3 5 3 2 3 5 3 4
M[486] : 5 8 3 9 4 5 4 0 1 0 6 6 3 7 3 6 4 4 5 7 3 3
M[487] : 4 7 5 3 6 6 4 6 2 7 4 3 3 4 9 5 6 7 0 3 8 4
M[488] : 3 6 4 3 5 5 3 5 1 3 6 0 3 5 5 7 7 4 7 6 5 2
M[489] : 3 4 4 4 6 5 7 3 4 7 3 8 7 4 4 5 6 7 3 6 0 4
M[490] : 9 3 6 3 6 3 4 3 6 3 0 4 3 2 5 5 2 4 2 3 5 5
M[491] : 6 4 3 5 5 3 6 7 5 6 8 4 0 7 6 5 8 5 4 5 5 5
M[492] : 0 3 2 4 6 9 4 5 2 2 7 4 9 2 6 4 6 5 4 3 2 6
M[493] : 8 9 4 3 5 5 3 7 2 5 9 2 4 6 7 6 5 4 4 6 6 0
M[494] : 1 9 4 4 1 8 7 4 5 2 9 6 4 7 5 4 9 6 7 0 2 5
M[495] : 5 0 7 5 3 3 4 6 3 4 2 4 4 2 3 4 4 5 5 3 4 8
M[496] : 6 4 5 5 7 5 7 4 2 4 7 5 1 2 9 4 7 0 7 6 3 4
M[497] : 8 4 0 7 6 8 6 5 1 1 2 3 6 4 5 10 5 5 3 5 3 2
M[498] : 10 9 4 7 6 6 3 4 4 7 5 6 6 3 3 0 6 3 3 7 3 6
M[499] : 4 6 4 2 3 4 8 4 3 5 3 4 5 3 0 5 8 6 10 3 4 4
M[500] : 5 6 6 5 5 5 5 1 8 6 6 2 2 4 6 5 0 9 2 7 6 6
M[501] : 3 7 2 6 5 5 7 5 4 0 7 5 10 2 2 1 6 4 4 4 3 6
M[502] : 8 4 2 4 4 0 5 3 6 3 5 5 2 5 9 6 3 1 9 3 6 6
M[503] : 2 4 4 6 6 5 5 5 5 6 0 5 5 4 3 3 7 5 2 4 2 6
M[504] : 8 5 7 2 6 4 3 6 3 6 1 6 5 3 5 3 7 4 5 6 8 0
M[505] : 3 0 6 5 4 10 4 5 3 3 5 7 4 2 7 7 4 2 7 4 5 2
M[506] : 5 5 3 4 7 3 5 5 3 3 5 0 6 4 7 5 3 3 4 5 1 3
M[507] : 3 7 4 6 4 6 3 9 5 7 3 6 4 4 9 6 5 5 0 4 4 5
M[508] : 3 6 2 6 3 7 3 5 6 3 2 4 5 0 6 3 6 3 2 7 4 4
M[509] : 7 1 6 3 6 6 2 4 2 5 5 7 5 5 5 0 5 5 6 6 2 4
M[510] : 1 5 3 5 4 5 3 5 7 0 3 3 4 6 6 5 6 3 9 4 6 3
M[511] : 4 7 5 6 6 7 7 4 6 3 0 4 8 3 4 4 8 5 2 5 3 6
M[512] : 6 7 7 5 2 5 2 5 2 0 6 3 5 7 5 7 8 5 5 7 2 6
M[513] : 5 2 0 4 5 3 3 5 4 10 7 4 7 9 3 6 6 5 6 3 7 4
M[514] : 5 4 9 3 8 4 3 4 6 2 9 4 3 0 4 5 7 4 5 5 6 4
M[515] : 3 3 0 6 1 5 4 2 4 5 3 4 6 6 7 5 5 5 4 6 0 7
M[516] : 3 5 5 6 5 8 4 4 2 3 0 4 3 6 1 2 3 8 3 3 8 4
M[517] : 3 4 9 4 4 11 4 9 3 2 7 7 0 5 3 5 6 3 8 2 4 2
M[518] : 6 6 6 4 6 6 4 6 5 0 1 4 5 7 2 5 7 2 5 10 8 4
M[519] : 7 4 6 3 3 1 0 5 9 1 3 7 6 9 0 3 4 4 7 2 4 7
M[520] : 6 4 9 5 3 8 2 4 4 0 6 4 6 5 6 3 6 4 4 2 5 6
M[521] : 4 7 0 2 7 2 5 3 4 1 6 2 1 8 8 7 5 3 3 3 5 2
M[522] : 7 5 3 7 4 0 5 6 9 4 8 3 4 4 4 4 7 6 6 4 4 3
M[523] : 0 6 4 3 5 3 1 2 3 4 4 7 2 3 3 6 5 6 4 1 5 8
M[524] : 6 4 6 3 5 4 3 4 2 0 6 5 6 5 5 6 4 4 6 3 3 3
M[525] : 9 3 4 4 1 8 6 7 0 5 2 6 5 6 3 5 3 4 2 9 6 2
M[526] : 7 9 5 7 5 4 2 7 5 2 4 10 4 3 5 9 0 7 5 3 4 7
M[527] : 5 4 3 1 3 5 5 5 4 2 0 7 8 6 6 6 6 2 6 5 4 3
M[528] : 3 5 5 1 8 3 10 4 7 4 6 2 6 0 5 6 3 2 4 4 6 4
M[529] : 2 0 3 3 2 2 2 4 8 2 6 5 5 5 8 0 3 6 7 6 5 7
M[530] : 5 8 2 7 5 1 4 5 10 6 8 7 6 5 2 2 3 0 4 5 8 5
M[531] : 9 2 5 5 4 2 8 8 5 3 4 1 5 3 5 6 4 0 4 5 5 5
M[532] : 4 4 2 8 6 8 4 5 9 6 6 6 5 4 0 7 2 4 2 4 5 7
M[533] : 1 5 4 7 4 3 3 0 5 5 4 5 4 4 3 2 3 3 1 8 4 5
M[534] : 4 6 2 4 5 3 5 3 3 4 0 5 4 5 3 5 7 4 4 7 3 5
M[535] : 3 0 7 4 7 8 3 3 2 4 9 4 4 2 9 3 1 10 6 4 3 7
M[536] : 2 3 3 3 2 2 8 8 1 5 7 2 7 7 6 5 0 6 6 0 10 4
M[537] : 5 5 5 4 4 4 8 4 8 5 2 2 4 3 8 6 5 2 5 0 8 11
M[538] : 5 0 9 2 3 7 4 2 6 11 1 4 5 5 3 5 3 6 6 7 4 8
M[539] : 7 2 7 6 6 5 9 4 8 2 6 3 8 7 4 6 5 3 7 2 4 0
M[540] : 1 5 5 5 7 5 1 6 7 4 6 4 6 2 8 1 5 6 0 6 4 5
M[541] : 2 5 5 6 7 6 2 4 2 2 5 7 8 4 7 3 5 7 4 6 6 0
M[542] : 5 7 6 3 8 4 6 3 5 8 2 3 0 1 6 6 7 4 6 7 2 5
M[543] : 1 1 4 4 3 9 3 10 3 4 0 6 5 4 9 4 4 4 5 3 5 1
M[544] : 1 4 6 4 3 3 5 5 4 5 9 4 6 7 0 3 4 4 5 4 3 4
M[545] : 5 7 2 5 3 1 3 8 8 6 7 2 0 4 2 5 4 5 8 4 5 5
M[546] : 3 6 6 6 3 6 11 8 4 4 4 6 4 7 2 3 2 0 6 3 4 5
M[547] : 4 6 5 5 5 3 3 0 6 6 4 8 6 5 5 3 4 10 7 4 3 5
M[548] : 2 6 4 2 4 12 4 1 7 3 0 2 4 5 6 8 3 4 0 7 7 4
M[549] : 7 4 7 8 7 7 6 3 1 3 7 4 5 0 6 6 6 6 1 3 4 5
M[550] : 8 4 6 2 4 6 1 7 7 0 3 1 6 3 4 4 4 4 3 7 8 2
M[551] : 5 2 5 0 10 6 11 5 4 5 3 4 9 8 4 2 5 4 2 6 3 3
M[552] : 5 4 5 3 5 7 8 5 6 4 4 4 5 2 7 2 3 7 4 6 0 3
M[553] : 7 6 5 3 4 3 5 7 2 7 0 0 4 5 6 2 4 7 6 8 6 2
M[554] : 2 3 2 8 4 6 4 7 5 7 4 3 5 6 4 0 7 3 3 4 6 5
M[555] : 8 4 6 8 4 4 4 3 3 2 3 0 5 3 3 5 3 5 8 4 2 6
M[556] : 1 3 4 4 7 3 4 0 7 6 3 5 4 8 5 5 3 5 3 9 4 2
M[557] : 4 3 5 4 2 5 1 5 6 0 6 1 6 5 1 6 4 5 4 6 6 4
M[558] : 3 4 6 3 4 4 6 5 8 4 7 4 5 7 8 5 5 3 2 0 3 7
M[559] : 5 7 5 2 3 5 9 6 6 5 2 4 8 10 8 6 3 3 7 0 4 5
M[560] : 0 0 6 8 2 5 5 5 6 3 1 7 4 11 5 2 3 5 4 1 2 2
M[561] : 6 5 5 4 7 0 4 6 6 7 6 8 6 3 9 5 8 4 2 5 4 5
M[562] : 3 1 7 5 6 6 2 3 0 3 5 5 4 2 7 5 4 4 6 3 8 2
M[563] : 6 4 6 5 6 9 3 3 0 7 4 4 3 3 5 9 3 2 4 2 3 2
M[564] : 3 4 10 5 5 8 6 6 6 2 9 7 4 5 0 7 5 4 5 4 7 4
M[565] : 3 3 7 6 4 4 10 4 6 8 7 4 2 5 6 0 3 3 3 2 5 5
M[566] : 4 4 3 2 4 4 7 4 3 8 4 3 10 2 5 6 4 5 5 5 3 0
M[567] : 5 1 4 3 9 5 8 2 6 3 5 2 4 4 2 6 3 3 0 7 4 3
M[568] : 2 5 4 4 3 6 4 0 7 5 2 6 6 3 3 4 2 4 5 6 3 4
M[569] : 7 3 5 0 9 4 7 4 4 4 5 1 5 7 4 6 5 5 6 6 7 6
M[570] : 7 4 5 5 0 4 3 1 5 4 6 1 3 4 3 2 2 5 10 3 3 6
M[571] : 0 2 7 7 9 4 5 4 11 2 4 7 4 4 5 4 9 5 5 4 1 7
M[572] : 8 5 8 2 6 5 0 4 4 6 6 3 1 4 5 4 4 6 6 5 5 4
M[573] : 6 1 5 3 3 7 0 3 6 3 4 7 5 1 6 2 3 3 3 6 3 3
M[574] : 5 6 5 3 5 3 9 5 5 6 6 2 4 5 5 3 3 7 4 0 1 4
M[575] : 5 4 10 6 7 3 3 5 6 5 5 6 3 6 6 0 7 5 2 7 5 5
M[576] : 6 6 7 1 4 3 6 5 5 7 4 1 6 3 8 5 3 4 0 3 6 4
M[577] : 4 5 9 2 4 5 5 5 4 3 7 4 6 6 5 4 6 4 4 5 0 3
M[578] : 7 0 4 6 7 2 5 5 8 1 8 6 5 8 4 2 6 3 2 4 6 8
M[579] : 4 5 0 2 6 6 7 8 2 6 4 3 4 6 4 3 9 4 4 3 4 4
M[580] : 3 3 10 9 5 5 7 5 0 3 5 7 6 5 5 6 3 3 6 7 3 4
M[581] : 5 6 3 6 7 0 3 3 9 6 10 5 5 7 7 5 2 4 4 5 4 4
M[582] : 3 3 2 7 6 4 5 5 5 0 4 3 5 5 7 3 7 4 7 7 4 8
M[583] : 4 4 0 3 6 5 2 10 1 2 5 2 4 4 6 3 4 4 3 5 3 5
M[584] : 3 0 3 5 6 6 7 7 6 6 5 3 5 1 4 5 9 2 10 3 6 9
M[585] : 2 6 5 6 5 3 4 6 6 2 1 6 0 8 8 6 3 5 7 4 9 2
M[586] : 1 8 6 6 5 4 7 3 4 3 2 3 8 7 5 5 3 3 0 5 8 4
M[587] : 3 4 6 7 0 5 7 2 4 8 3 3 4 5 9 7 4 4 4 3 3 4
M[588] : 7 4 3 7 6 0 1 5 2 6 3 3 3 8 2 6 7 4 3 3 4 8
M[589] : 1 5 3 6 5 4 4 3 2 3 2 1 7 2 8 4 2 0 5 4 5 4
M[590] : 3 6 5 3 5 5 1 8 4 2 4 0 7 3 4 0 4 3 3 2 5 6
M[591] : 7 3 0 1 5 6 4 3 5 5 6 2 7 3 4 5 3 4 10 8 1 6
M[592] : 3 3 5 4 4 6 4 7 4 6 0 5 2 2 1 5 3 4 4 6 5 10
M[593] : 2 4 8 1 3 3 0 3 3 3 4 3 6 5 9 7 2 4 7 2 3 6
M[594] : 5 9 4 2 4 4 6 3 5 6 4 5 0 5 3 4 3 1 4 1 5 6
M[595] : 5 3 7 0 5 2 4 6 7 2 3 7 3 6 5 5 2 3 4 2 3 4
M[596] : 2 4 4 3 6 6 10 5 2 5 0 5 3 0 4 10 2 4 7 6 9 7
M[597] : 3 4 3 7 9 6 0 5 2 5 5 6 7 3 6 5 4 3 3 3 7 9
M[598] : 7 5 2 5 3 7 4 3 8 10 2 9 4 3 7 0 4 2 5 6 3 7
M[599] : 2 4 6 7 2 6 5 4 7 4 6 4 0 6 3 4 5 3 6 5 4 2
M[600] : 6 4 3 3 7 7 9 6 1 0 5 3 2 4 7 4 2 5 3 3 5 3
M[601] : 3 7 3 3 4 6 6 4 4 5 9 5 6 3 7 4 6 8 1 5 0 5
M[602] : 6 0 4 4 2 6 4 4 3 4 3 0 7 5 6 6 5 3 3 4 1 2
M[603] : 4 7 1 5 6 3 5 3 3 4 5 7 4 4 5 2 3 2 5 4 9 0
M[604] : 5 9 5 7 3 7 4 8 8 3 4 8 3 6 7 5 6 0 6 4 5 2
M[605] : 6 3 2 0 4 6 2 2 6 3 4 6 1 5 6 3 5 7 3 5 3 5
M[606] : 1 4 3 8 1 6 4 3 5 0 1 1 3 5 6 1 6 5 8 6 3 3
M[607] : 2 4 3 4 8 1 3 3 3 7 4 5 2 3 2 6 3 2 0 4 5 6
M[608] : 4 5 4 3 5 3 5 3 5 0 4 3 5 8 6 2 8 4 3 7 2 5
M[609] : 2 4 3 7 7 0 6 6 3 3 2 3 3 2 2 7 4 0 6 3 3 2
M[610] : 5 3 4 3 4 4 4 4 5 4 3 3 0 3 8 4 4 5 5 7 6 4
M[611] : 6 6 3 10 8 5 2 4 1 6 12 5 8 3 8 8 3 6 0 4 5 6
M[612] : 7 5 2 6 5 1 4 6 3 10 6 8 5 3 0 1 3 2 5 2 3 5
M[613] : 0 3 7 2 3 3 7 3 7 6 5 3 3 4 7 5 7 4 6 9 8 7
M[614] : 6 5 7 7 7 5 0 2 5 3 3 4 2 2 1 1 4 5 4 4 3 5
M[615] : 5 7 3 3 4 5 3 6 2 5 9 7 4 0 0 4 1 2 6 2 5 5
M[616] : 2 4 2 3 3 3 3 10 5 4 4 10 5 6 5 5 4 0 4 2 5 5
M[617] : 8 6 2 2 7 4 4 3 3 8 5 4 8 7 5 3 4 0 4 6 6 8
M[618] : 7 5 6 6 7 4 3 3 2 7 2 6 4 8 5 7 7 0 7 4 4 3
M[619] : 5 7 2 7 4 4 8 1 3 9 7 1 2 5 0 6 4 8 5 4 4 4
M[620] : 3 3 3 3 4 6 5 3 7 6 5 2 1 0 5 6 6 5 3 6 3 6
M[621] : 3 8 4 4 5 6 5 0 10 7 2 7 7 3 5 2 6 4 1 4 2 2
M[622] : 6 7 3 5 3 6 5 6 8 9 2 0 3 9 3 6 2 7 2 5 2 4
M[623] : 1 7 0 6 5 10 3 4 6 5 3 6 3 7 6 10 5 2 5 5 3 4
M[624] : 7 6 7 5 4 4 4 4 3 0 3 5 6 2 5 3 5 7 4 6 3 5
M[625] : 4 8 5 4 5 7 4 6 6 7 7 7 7 3 0 0 6 3 7 4 11 6
M[626] : 6 4 10 8 5 8 5 4 6 4 7 1 6 8 0 4 5 4 6 4 8 3
M[627] : 7 4 4 1 9 5 4 2 2 4 6 4 5 4 4 7 10 6 3 0 5 8
M[628] : 4 4 8 3 8 3 5 0 3 4 7 3 5 6 4 7 5 6 7 4 2 8
M[629] : 3 5 2 7 0 5 9 8 5 7 3 4 5 10 5 3 7 5 6 6 8 2
M[630] : 3 1 2 9 8 2 4 4 3 8 6 6 6 4 4 4 8 3 4 0 6 4
M[631] : 7 8 3 6 6 5 4 3 4 7 10 5 7 4 3 6 4 3 5 6 7 0
M[632] : 6 8 0 6 2 6 1 4 6 1 3 3 3 0 4 5 3 6 3 6 4 3
M[633] : 7 5 4 4 6 7 7 5 3 6 5 7 4 2 3 4 4 2 0 10 7 3
M[634] : 4 3 5 6 2 4 2 5 5 7 3 2 7 4 3 6 3 3 7 3 3 0
M[635] : 3 4 4 5 2 2 0 4 5 4 6 6 3 2 3 6 6 2 2 6 3 9
M[636] : 2 3 4 5 3 5 2 2 3 6 8 9 4 6 4 0 4 7 7 7 6 8
M[637] : 4 8 7 0 10 6 8 4 5 4 4 4 6 6 3 11 6 4 7 7 4 6
M[638] : 10 2 6 4 5 3 4 2 3 6 3 6 0 8 1 6 4 6 4 2 6 5
M[639] : 5 4 9 2 0 4 7 6 6 4 6 5 3 4 5 4 4 6 5 9 2 5
M[640] : 7 3 4 4 2 3 8 8 6 4 9 0 5 7 5 6 4 7 4 4 7 5
M[641] : 5 3 0 6 7 6 3 2 7 6 5 2 3 5 3 5 7 3 8 6 2 3
M[642] : 0 5 8 4 4 3 2 6 5 8 3 5 3 8 4 6 5 1 6 5 1 4
M[643] : 6 7 2 2 8 8 6 2 7 8 6 6 0 7 4 3 1 4 5 3 4 10
M[644] : 6 2 3 6 0 4 3 3 9 0 6 2 3 2 2 4 8 6 5 7 4 5
M[645] : 6 7 4 4 0 5 4 4 4 4 5 2 5 5 8 5 7 5 3 1 5 5
M[646] : 4 6 4 3 2 3 4 10 8 0 8 2 4 2 8 4 5 4 1 5 3 5
M[647] : 1 7 3 7 7 5 1 4 3 2 8 0 4 5 6 4 5 3 5 5 6 6
M[648] : 8 5 7 4 5 2 4 6 3 3 4 2 4 6 3 7 0 4 4 5 7 5
M[649] : 5 3 5 7 5 5 6 6 7 5 6 2 0 7 5 5 2 4 5 5 7 3
M[650] : 4 4 3 7 2 10 3 7 7 4 3 5 6 9 4 0 9 5 2 5 7 3
M[651] : 5 4 7 5 5 4 2 6 8 5 3 5 6 0 5 2 3 5 4 3 4 5
M[652] : 4 8 2 4 3 2 6 0 0 5 4 2 1 3 3 6 5 3 4 4 6 2
M[653] : 8 11 5 7 4 6 6 0 3 3 6 8 7 6 6 4 4 4 5 3 4 8
M[654] : 2 5 3 3 5 3 2 7 6 5 9 3 0 6 5 3 4 4 3 5 3 6
M[655] : 5 5 4 4 6 3 3 4 0 3 8 1 4 6 6 7 4 3 3 9 7 5
M[656] : 1 4 4 4 7 5 5 5 4 4 3 5 5 0 4 3 3 5 0 6 5 4
M[657] : 8 11 6 6 7 4 4 1 4 5 6 4 2 13 2 0 4 4 6 4 4 7
M[658] : 2 10 3 4 6 1 8 6 6 0 3 7 4 4 5 5 2 4 6 5 5 3
M[659] : 3 4 6 5 5 7 5 10 3 3 2 6 0 4 7 5 3 3 2 8 5 3
M[660] : 4 3 7 5 9 3 4 6 4 5 4 0 4 11 6 9 4 8 3 5 4 3
M[661] : 11 5 0 3 4 9 5 1 5 4 5 8 2 4 3 5 5 8 2 4 5 5
M[662] : 0 4 8 1 5 6 6 5 7 3 5 5 2 5 4 7 6 5 5 5 9 2
M[663] : 0 1 7 4 8 2 3 8 3 4 8 8 3 6 2 4 6 5 5 3 7 10
M[664] : 5 3 3 4 8 5 3 2 4 5 3 3 2 4 0 6 6 7 8 7 5 5
M[665] : 1 6 2 6 5 2 5 3 5 0 4 8 6 2 5 6 2 10 9 4 7 5
M[666] : 3 7 3 3 0 4 7 5 7 3 5 7 5 6 5 2 4 3 4 6 5 5
M[667] : 3 3 3 4 3 3 2 5 4 4 6 3 3 4 4 6 2 0 7 4 8 5
M[668] : 4 5 4 5 4 3 0 4 3 12 4 6 6 8 2 8 2 4 2 5 4 5
M[669] : 5 11 5 3 5 6 5 11 0 4 4 2 4 5 5 7 4 7 7 4 2 1
M[670] : 2 5 6 4 6 5 3 0 4 7 2 6 4 4 6 3 4 7 1 9 4 2
M[671] : 2 3 2 0 3 6 2 6 3 6 1 4 7 4 4 5 5 7 7 7 2 2
M[672] : 8 6 4 4 8 4 5 7 3 7 3 5 6 6 5 1 6 3 5 0 2 5
M[673] : 7 5 4 9 8 2 6 7 0 3 8 3 4 5 6 5 2 4 7 1 5 6
M[674] : 2 6 3 0 5 8 4 5 5 6 2 5 2 4 5 1 8 5 5 3 5 5
M[675] : 8 10 7 12 6 6 0 5 3 6 4 5 3 4 4 5 5 7 8 7 7 4
M[676] : 5 4 4 8 4 4 8 2 6 5 4 5 6 7 8 3 5 5 6 0 5 5
M[677] : 5 8 7 4 6 1 4 5 5 3 0 4 3 6 5 3 4 5 2 5 5 4
M[678] : 1 2 6 6 7 3 3 6 6 7 3 4 2 5 5 3 2 0 7 8 4 4
M[679] : 5 3 4 4 0 7 8 4 6 3 3 5 4 4 3 3 6 4 3 6 8 7
M[680] : 3 8 5 0 6 5 5 5 3 5 9 7 4 2 5 4 6 6 9 4 3 4
M[681] : 5 5 6 3 8 5 4 8 7 5 2 5 5 5 5 5 1 2 10 8 7 0
M[682] : 3 4 6 3 5 5 4 4 4 8 3 7 0 5 8 6 3 8 4 2 3 7
M[683] : 3 7 5 3 5 5 1 4 5 7 0 7 3 3 5 6 4 4 4 3 6 5
M[684] : 7 9 6 3 4 3 3 7 5 5 6 4 6 5 3 0 4 8 3 3 3 4
M[685] : 5 2 3 2 7 0 6 6 4 5 7 3 7 5 2 5 7 5 4 1 9 2
M[686] : 6 1 1 6 6 5 6 2 5 5 7 10 3 8 0 11 7 7 7 7 6 6
M[687] : 5 1 3 4 3 0 4 7 8 4 2 5 2 3 5 5 5 1 5 5 7 3
M[688] : 0 7 8 4 5 4 2 2 5 5 5 5 3 5 9 4 4 5 7 7 5 2
M[689] : 5 2 7 2 5 1 5 1 1 0 8 5 4 6 4 6 7 4 3 2 7 2
M[690] : 4 4 3 5 8 4 5 3 5 8 0 2 2 7 7 2 2 3 6 4 4 8
M[691] : 5 5 3 4 6 1 1 3 7 2 5 3 4 4 0 6 6 4 2 5 10 5
M[692] : 6 4 7 6 4 5 8 4 4 5 3 0 3 3 6 7 5 7 5 7 5 4
M[693] : 6 5 3 5 8 0 6 2 5 4 5 5 4 2 2 8 6 4 3 5 3 4
M[694] : 5 4 4 4 2 7 5 5 4 5 4 2 3 4 4 3 6 2 0 5 4 8
M[695] : 5 6 2 7 5 6 5 2 6 2 3 3 4 5 4 4 6 0 5 2 1 5
M[696] : 4 3 3 9 3 4 7 6 4 4 10 3 4 5 3 7 6 0 7 6 8 4
M[697] : 5 4 5 3 5 1 6 9 3 2 7 2 3 4 4 8 3 3 4 4 4 0
M[698] : 3 5 4 11 4 0 4 1 7 4 4 6 8 2 8 3 4 4 5 8 5 7
M[699] : 3 0 5 4 6 5 5 5 3 4 5 1 3 6 4 5 5 7 5 3 8 7
M[700] : 6 4 6 3 3 7 5 1 3 4 5 4 4 6 3 1 5 5 3 6 5 0
M[701] : 6 4 7 4 6 6 6 2 3 2 6 3 6 4 0 5 6 8 4 9 5 3
M[702] : 5 5 3 3 5 11 3 8 2 4 5 4 5 5 6 6 8 1 5 5 0 9
M[703] : 0 5 6 1 4 7 9 7 3 4 5 4 6 4 4 6 5 5 3 4 5 6
M[704] : 3 3 7 4 3 5 3 7 0 5 4 8 7 4 6 0 6 6 9 5 4 8
M[705] : 2 0 5 4 2 6 10 8 7 2 4 2 2 3 4 6 6 2 3 5 4 3
M[706] : 6 6 0 2 5 5 2 5 4 5 5 5 10 4 8 7 5 7 3 1 5 5
M[707] : 5 3 5 5 0 7 4 6 6 6 2 5 4 2 4 4 5 5 7 9 4 5
M[708] : 2 5 3 3 1 4 5 8 0 4 7 5 7 5 7 4 8 4 3 3 14 0
M[709] : 6 5 3 7 3 4 6 7 7 6 6 0 5 4 6 2 4 6 3 7 5 6
M[710] : 3 8 4 6 3 6 6 4 4 2 5 0 5 4 8 5 4 5 3 6 1 9
M[711] : 7 6 2 4 1 6 12 4 6 2 4 3 5 8 6 8 5 0 8 5 6 5
M[712] : 2 3 7 0 1 3 6 4 4 8 7 5 4 6 7 3 4 3 6 5 5 7
M[713] : 5 9 1 0 6 5 6 5 7 6 9 3 4 2 10 8 5 2 4 2 4 5
M[714] : 9 5 0 3 4 1 1 7 6 6 4 6 8 4 2 6 2 4 3 6 5 1
M[715] : 3 9 7 3 4 5 6 9 4 7 3 4 4 4 2 5 2 10 4 0 5 3
M[716] : 6 0 7 3 4 6 3 3 5 5 5 4 3 8 5 3 4 5 6 4 9 3
M[717] : 0 6 5 3 6 6 6 5 4 2 1 4 3 8 7 5 3 5 6 9 3 9
M[718] : 5 4 4 4 5 6 0 4 6 9 8 0 6 2 6 9 5 6 6 5 3 7
M[719] : 4 5 4 6 6 4 6 5 3 1 0 6 3 4 3 4 3 3 3 7 3 3
M[720] : 2 7 7 2 6 7 5 5 1 0 4 2 3 8 3 5 6 5 11 11 4 6
M[721] : 10 7 5 6 4 6 6 1 5 8 5 2 5 4 5 5 6 5 7 7 0 5
M[722] : 3 1 7 5 3 3 4 3 1 4 4 7 4 3 2 5 0 2 7 10 5 3
M[723] : 3 2 3 3 1 4 5 5 5 4 1 6 4 0 9 3 1 3 7 4 8 8
M[724] : 3 5 8 8 2 3 4 4 2 3 3 4 8 4 5 6 9 3 6 0 0 6
M[725] : 6 5 6 6 6 5 7 3 4 3 4 8 4 7 6 1 0 3 4 8 1 5
M[726] : 0 2 5 4 0 4 3 1 4 9 4 7 4 2 2 2 9 4 3 3 1 8
M[727] : 4 5 6 5 3 6 10 2 3 0 3 4 7 4 9 5 4 6 6 2 2 4
M[728] : 1 3 3 1 7 7 6 8 3 4 6 7 4 3 4 7 4 1 4 0 6 3
M[729] : 4 5 6 0 8 7 4 7 8 4 4 11 1 2 9 5 5 4 6 0 6 6
M[730] : 4 5 4 10 7 4 9 4 2 7 7 7 3 4 6 0 2 5 5 8 5 5
M[731] : 6 3 2 2 5 5 5 1 3 7 4 5 5 4 6 6 0 4 5 1 7 4
M[732] : 2 8 1 6 0 4 8 5 0 6 4 7 6 5 2 5 8 3 5 6 6 6
M[733] : 4 9 6 0 4 3 3 6 4 4 6 3 5 2 6 9 4 3 3 6 2 6
M[734] : 5 5 4 5 3 4 3 6 4 2 0 4 4 4 3 3 2 3 7 5 2 6
M[735] : 4 3 7 4 5 0 5 2 7 4 5 2 5 7 7 0 6 2 3 6 5 6
M[736] : 6 9 9 4 4 5 4 3 3 12 9 3 6 4 3 0 5 3 5 4 3 6
M[737] : 1 0 1 5 2 5 3 3 5 6 5 4 9 3 9 3 4 4 7 7 3 5
M[738] : 7 4 4 9 3 3 4 8 3 5 8 5 4 7 0 8 3 6 5 7 3 6
M[739] : 2 2 7 5 5 4 0 4 2 2 2 3 2 7 3 6 6 3 7 7 5 4
M[740] : 7 10 7 7 6 6 4 2 4 7 6 0 7 5 4 4 6 5 7 7 7 8
M[741] : 3 8 3 4 5 3 2 6 6 7 7 3 7 3 7 3 8 7 5 8 7 0
M[742] : 5 2 3 3 10 8 2 1 2 4 4 2 4 3 2 6 0 4 3 3 7 5
M[743] : 3 2 1 5 3 3 5 5 3 8 0 7 4 9 5 5 3 7 2 6 1 3
M[744] : 5 6 2 5 5 8 0 2 5 3 3 6 6 5 8 4 4 7 3 3 1 3
M[745] : 5 5 5 0 3 11 5 8 4 8 4 7 2 10 3 3 4 1 4 5 7 6
M[746] : 0 4 6 4 4 4 6 5 2 4 4 4 5 5 4 5 4 1 6 5 6 6
M[747] : 3 3 6 7 2 5 7 2 7 3 7 4 8 4 5 10 5 10 4 2 3 0
M[748] : 6 5 4 6 3 5 2 6 8 3 5 3 3 4 4 4 0 4 4 4 4 2
M[749] : 4 0 3 9 4 5 8 4 4 4 5 7 4 5 8 4 8 10 7 6 2 5
M[750] : 5 2 5 5 7 7 5 2 5 6 4 5 3 6 7 5 4 4 5 0 2 3
M[751] : 4 5 3 5 3 6 5 8 3 5 9 11 0 7 4 4 2 4 5 4 2 7
M[752] : 6 0 7 9 6 4 1 8 6 4 1 7 4 4 7 4 6 4 5 7 6 6
M[753] : 7 5 6 4 3 3 5 6 5 0 5 6 8 2 4 5 5 6 0 6 5 5
M[754] : 4 3 7 6 6 5 3 5 5 8 5 5 4 6 5 3 8 5 6 0 2 1
M[755] : 6 3 7 4 5 4 8 4 2 3 5 6 6 7 6 5 1 5 0 4 5 5
M[756] : 3 3 1 4 4 6 9 3 6 4 7 6 3 3 3 5 4 6 4 5 0 2
M[757] : 6 5 3 4 3 5 0 3 8 2 6 8 7 8 7 4 6 6 7 5 7 4
M[758] : 4 3 3 4 4 6 4 6 3 3 0 3 4 3 3 4 2 2 6 3 5 3
M[759] : 6 6 10 8 7 3 5 4 2 7 6 2 6 2 2 5 5 0 2 2 5 5
M[760] : 3 6 7 4 5 7 9 6 2 6 7 0 3 5 7 2 6 9 2 6 5 4
M[761] : 6 5 7 2 10 2 7 8 6 1 2 7 2 7 6 7 6 9 4 9 3 0
M[762] : 5 5 0 6 6 12 5 5 4 5 5 4 4 4 4 6 0 11 3 5 4 9
M[763] : 4 7 8 3 7 6 5 5 7 5 1 2 4 6 3 6 7 7 8 0 5 3
M[764] : 0 4 4 5 7 6 4 3 7 4 4 6 4 5 5 5 6 5 5 9 3 7
M[765] : 6 6 5 0 5 3 7 8 5 0 4 7 3 3 8 3 1 8 4 5 6 4
M[766] : 3 4 4 10 0 7 3 2 2 2 4 3 1 3 4 8 3 7 2 10 7 7
M[767] : 5 5 7 4 2 2 6 1 3 3 2 4 2 3 6 4 0 2 4 8 3 4
M[768] : 4 9 0 5 6 1 1 6 9 3 4 3 3 3 5 0 3 3 4 5 3 4
M[769] : 6 2 3 4 6 0 4 5 5 6 3 7 7 8 5 4 1 4 3 7 7 10
M[770] : 6 5 6 4 6 2 2 4 6 0 6 4 5 6 2 9 5 5 10 5 4 6
M[771] : 6 3 3 2 1 9 4 5 5 7 9 7 6 4 1 0 3 5 3 4 2 6
M[772] : 4 7 7 6 7 6 4 4 4 4 8 3 2 2 4 3 3 4 5 0 2 4
M[773] : 4 9 9 7 3 6 4 2 4 2 4 7 6 9 5 5 7 4 6 0 6 4
M[774] : 10 8 5 0 4 5 5 4 5 3 1 4 4 3 4 2 2 5 8 6 4 5
M[775] : 3 10 5 4 4 7 3 3 4 1 4 3 9 5 8 4 3 0 3 4 3 1
M[776] : 6 6 0 8 6 4 5 1 3 9 9 1 7 4 7 6 2 4 4 4 8 5
M[777] : 10 5 0 6 4 2 8 6 7 3 3 8 5 2 4 9 5 5 7 5 3 4
M[778] : 4 3 7 8 8 0 4 4 3 1 5 4 3 6 8 8 6 6 6 4 2 3
M[779] : 9 3 4 2 2 4 4 5 3 2 5 3 4 5 0 6 5 6 6 4 4 9
M[780] : 4 2 3 2 5 4 4 0 4 4 6 4 5 5 6 2 8 3 5 7 4 4
M[781] : 0 1 8 5 2 4 3 6 6 4 4 5 1 3 6 4 7 8 3 4 5 2
M[782] : 4 4 3 4 8 9 1 3 2 3 5 9 7 4 0 4 3 5 3 6 3 5
M[783] : 5 4 4 1 5 1 5 6 6 7 5 6 6 5 4 8 8 7 7 4 0 3
M[784] : 14 5 4 7 7 5 2 8 1 2 4 4 5 0 2 1 7 6 3 6 5 9
M[785] : 5 8 5 3 10 1 0 6 4 8 4 6 4 5 5 1 2 4 8 4 4 5
M[786] : 3 5 6 2 4 6 3 5 5 2 8 4 9 4 8 7 4 7 5 4 6 0
M[787] : 10 5 6 3 6 7 4 6 6 5 8 0 1 3 6 4 2 2 6 1 7 0
M[788] : 5 3 5 1 5 3 4 3 5 6 2 7 2 7 4 2 4 0 5 5 4 5
M[789] : 3 7 8 2 6 10 2 10 5 2 2 4 6 4 4 0 3 2 5 2 2 5
M[790] : 4 0 6 4 4 2 9 6 5 7 8 3 5 5 4 1 4 4 8 3 3 4
M[791] : 7 4 6 4 3 6 6 4 3 6 4 8 5 0 7 9 1 3 3 4 5 6
M[792] : 3 3 3 0 4 6 6 4 6 8 2 1 2 6 5 7 2 2 4 11 7 2
M[793] : 5 0 3 5 4 3 6 5 1 4 3 3 6 6 5 5 8 2 9 8 3 2
M[794] : 6 3 2 6 9 6 5 4 3 4 5 3 5 5 3 5 3 3 8 6 0 10
M[795] : 3 5 7 4 0 2 7 6 3 5 8 2 6 3 5 5 3 6 3 6 4 5
M[796] : 5 0 6 2 5 7 7 7 6 5 3 4 8 2 3 5 8 5 2 7 2 3
M[797] : 2 5 0 5 5 2 5 8 3 7 2 5 5 3 5 4 3 3 3 3 5 5
M[798] : 5 3 4 4 5 3 8 3 2 4 5 4 2 5 3 4 4 3 8 10 0 8
M[799] : 5 6 2 4 3 6 5 5 2 7 2 5 5 3 4 0 5 2 3 2 5 6
M[800] : 6 5 5 5 6 6 6 0 6 6 4 7 5 3 6 6 5 5 6 5 7 1
M[801] : 4 0 5 4 5 3 4 8 6 1 5 6 4 9 6 3 6 6 6 3 6 6
M[802] : 6 5 3 4 5 5 6 5 4 2 7 4 4 4 3 2 4 0 6 3 2 6
M[803] : 7 4 7 3 5 5 6 7 5 7 6 3 4 3 3 5 6 5 5 0 4 2
M[804] : 1 6 5 5 5 1 5 3 2 3 7 4 1 3 1 4 6 0 2 7 4 4
M[805] : 6 7 1 4 6 7 2 0 7 5 11 6 4 4 7 2 4 4 2 4 7 6
M[806] : 6 8 6 5 6 6 6 2 4 2 7 9 3 9 2 5 4 7 0 9 2 5
M[807] : 6 2 4 7 9 2 6 4 5 6 9 4 4 0 8 6 3 5 4 5 7 8
M[808] : 3 4 2 4 5 6 5 5 9 5 4 5 4 5 6 8 1 4 6 5 4 0
M[809] : 7 8 8 4 8 6 4 2 5 6 7 5 7 5 5 4 10 0 0 3 5 7
M[810] : 8 2 5 2 3 4 1 8 4 4 4 0 4 5 6 3 11 3 2 7 3 9
M[811] : 7 7 0 9 1 0 8 5 2 6 6 5 6 2 5 9 6 7 2 5 4 3
M[812] : 13 0 8 5 4 2 4 7 11 6 4 6 3 8 7 6 7 4 5 7 4 3
M[813] : 8 9 4 6 4 9 1 3 7 1 5 4 5 5 4 2 1 0 6 3 9 5
M[814] : 3 0 6 4 5 3 4 9 5 2 4 7 5 5 2 5 2 4 2 4 0 7
M[815] : 0 6 1 2 4 5 6 2 7 5 2 3 4 6 7 3 11 5 7 2 3 4
M[816] : 9 7 4 7 0 9 5 6 4 2 4 10 4 4 6 5 7 3 6 3 3 6
M[817] : 4 5 5 6 4 6 6 9 9 2 9 6 2 0 3 9 4 1 5 4 4 4
M[818] : 6 4 8 10 4 6 6 4 5 0 8 4 5 9 4 5 9 3 5 5 3 5
M[819] : 5 3 2 2 7 4 3 4 2 6 0 6 8 7 5 3 4 3 3 4 7 7
M[820] : 2 5 3 5 3 4 2 5 3 6 0 6 4 8 4 3 8 4 6 3 3 8
M[821] : 4 7 9 5 5 6 5 5 4 5 4 3 7 5 0 4 3 7 7 3 6 3
M[822] : 5 5 5 3 4 4 3 6 7 10 7 3 4 0 3 3 1 2 4 8 4 5
M[823] : 5 5 7 2 3 5 9 3 3 12 5 3 0 3 7 6 5 3 3 2 7 6
M[824] : 8 11 5 4 2 7 6 1 2 9 5 3 5 6 4 2 4 3 0 4 7 2
M[825] : 3 4 3 5 2 4 6 4 8 4 2 8 2 7 3 0 4 6 4 1 5 4
M[826] : 5 9 4 2 5 3 6 1 3 4 3 3 3 4 0 5 9 3 2 4 6 7
M[827] : 7 6 5 2 2 0 8 7 7 4 3 5 6 6 4 3 2 2 8 11 8 5
M[828] : 6 3 3 5 2 7 2 2 3 6 11 4 3 4 3 3 6 3 8 0 5 4
M[829] : 0 5 4 6 8 5 4 0 6 7 2 4 2 6 6 5 2 5 5 3 8 3
M[830] : 4 0 4 4 6 1 2 7 5 4 2 4 6 1 6 7 5 5 3 3 7 2
M[831] : 5 5 2 4 6 5 4 4 0 2 5 2 5 8 5 4 6 3 6 5 4 3
M[832] : 7 6 5 5 3 5 6 5 4 4 6 1 6 7 0 2 6 3 4 1 4 3
M[833] : 2 7 4 0 7 7 6 4 6 3 5 4 5 4 3 5 9 3 5 4 6 4
M[834] : 7 2 1 4 8 0 5 2 9 7 4 7 4 4 5 3 5 4 3 4 2 5
M[835] : 7 8 4 8 5 2 2 0 6 4 7 3 6 3 2 3 7 1 1 4 3 6
M[836] : 2 4 8 2 7 3 7 2 4 0 5 3 7 4 7 8 4 2 6 4 1 9
M[837] : 1 7 3 4 3 9 9 3 4 6 3 5 5 0 2 5 8 5 5 6 3 4
M[838] : 4 2 3 4 6 4 3 5 4 9 5 0 3 6 2 6 4 6 4 6 2 3
M[839] : 7 4 0 5 3 1 8 5 6 4 6 4 6 6 3 7 3 6 5 5 5 6
M[840] : 4 4 6 2 4 7 6 1 8 3 4 3 6 3 5 0 6 0 3 3 6 6
M[841] : 3 3 2 4 6 2 2 5 5 0 5 4 8 7 6 6 4 2 8 2 4 5
M[842] : 4 1 3 4 2 5 5 4 4 7 4 1 7 6 4 4 3 5 7 0 7 5
M[843] : 4 9 0 4 3 1 4 3 4 3 5 4 5 10 2 3 6 3 9 5 6 5
M[844] : 4 6 4 7 5 2 6 4 4 6 5 4 6 3 1 3 0 6 7 6 3 5
M[845] : 3 4 4 2 3 5 2 4 4 5 6 7 4 6 4 3 4 6 3 6 0 4
M[846] : 2 6 3 3 3 2 6 4 2 3 6 7 4 6 2 2 6 0 2 7 6 7
M[847] : 5 2 4 7 3 4 3 2 5 2 0 5 6 4 7 6 2 4 6 7 1 6
M[848] : 5 4 5 6 6 4 5 8 5 1 5 5 8 5 4 4 0 3 4 5 5 3
M[849] : 7 6 2 8 4 5 3 7 4 7 9 6 3 6 0 5 5 6 5 3 8 2
M[850] : 2 2 0 6 3 6 5 10 5 3 4 5 3 3 1 4 1 2 10 4 3 3
M[851] : 5 6 4 7 4 0 3 3 3 5 9 4 10 10 3 6 5 8 6 4 6 9
M[852] : 5 6 7 1 8 6 8 4 4 3 1 6 0 8 11 6 5 2 3 7 3 8
M[853] : 2 6 4 4 3 3 5 7 2 6 5 4 8 4 3 5 3 5 4 6 0 3
M[854] : 3 4 6 3 5 7 7 4 3 4 2 5 4 5 8 4 4 4 5 0 8 6
M[855] : 4 6 7 2 5 0 7 8 5 5 4 0 3 5 4 5 7 8 4 3 4 3
M[856] : 9 5 0 2 2 4 8 6 3 5 9 8 5 8 5 4 5 8 3 2 5 3
M[857] : 1 5 0 2 5 2 3 3 8 4 4 3 3 4 4 5 3 4 5 8 2 4
M[858] : 5 2 0 3 2 2 5 2 2 4 5 8 5 6 4 7 3 5 4 4 7 9
M[859] : 5 3 3 7 7 3 6 6 9 6 2 4 1 6 6 4 6 4 6 0 4 3
M[860] : 6 0 4 3 5 2 2 8 5 6 4 5 2 2 6 8 6 6 4 8 3 6
M[861] : 3 4 3 7 7 3 0 5 3 3 6 7 2 4 7 4 7 4 4 0 4 8
M[862] : 1 2 1 0 9 3 6 3 5 5 4 0 10 9 5 11 1 5 4 5 2 2
M[863] : 0 7 5 2 7 6 5 4 8 5 4 4 5 6 2 4 1 8 3 8 4 8
M[864] : 6 9 4 5 5 6 3 6 7 4 3 0 2 7 4 8 4 4 1 3 6 7
M[865] : 0 3 6 7 4 2 7 6 7 4 3 3 5 7 5 5 6 6 4 4 2 7
M[866] : 4 3 6 3 3 4 4 3 3 6 0 8 5 6 6 4 5 6 3 6 3 7
M[867] : 3 4 7 2 3 6 6 8 4 0 7 11 4 2 6 4 3 3 3 7 1 1
M[868] : 4 5 4 4 0 6 4 5 3 3 8 2 3 8 3 2 5 4 3 5 4 2
M[869] : 4 3 6 0 9 10 11 3 9 1 5 9 7 5 5 5 6 4 6 6 3 4
M[870] : 6 6 6 7 4 3 6 1 4 5 5 8 9 4 2 0 2 9 2 7 6 5
M[871] : 1 5 1 5 5 3 7 4 1 4 5 5 4 6 0 5 6 5 4 3 5 4
M[872] : 5 7 6 7 4 4 2 2 6 6 3 2 6 0 4 3 6 3 3 0 6 2
M[873] : 2 7 6 9 6 3 7 4 4 4 11 6 4 7 5 6 5 5 0 9 5 3
M[874] : 1 9 3 4 4 6 6 1 4 4 6 6 4 7 3 0 2 4 4 5 2 1
M[875] : 3 1 5 6 0 6 5 3 3 4 5 5 3 1 5 7 6 2 10 8 8 6
M[876] : 8 5 7 2 4 4 6 7 2 0 6 6 2 5 4 6 7 3 5 4 8 3
M[877] : 6 5 3 3 2 3 5 1 3 5 7 5 2 0 3 5 5 5 4 3 3 3
M[878] : 4 9 6 5 6 0 3 2 6 4 4 8 2 0 4 0 3 8 3 4 7 4
M[879] : 2 5 6 4 6 8 7 0 2 5 3 4 4 4 2 5 3 8 6 6 3 2
M[880] : 5 0 3 5 4 4 4 3 2 5 3 4 8 4 6 9 4 4 7 4 5 5
M[881] : 4 2 3 4 6 4 7 4 7 3 7 6 2 3 9 6 5 1 0 2 2 7
M[882] : 4 0 4 4 4 3 4 8 4 5 2 2 5 12 6 5 6 7 2 3 5 4
M[883] : 3 4 3 6 0 4 4 7 9 5 8 5 5 5 7 4 2 5 3 7 4 6
M[884] : 3 2 6 2 3 7 5 3 0 3 6 2 6 8 7 9 7 3 3 6 3 3
M[885] : 7 2 3 3 4 3 8 3 3 0 1 6 6 6 4 3 7 3 8 10 6 5
M[886] : 3 3 2 4 2 2 2 5 3 2 1 6 0 5 4 5 2 2 4 7 3 4
M[887] : 7 7 5 4 0 3 8 5 2 2 4 6 3 4 8 3 5 0 2 3 3 3
M[888] : 4 5 4 8 10 4 7 3 4 5 5 3 3 5 5 0 6 6 5 2 3 5
M[889] : 3 7 7 3 9 4 7 5 6 1 5 0 4 3 2 4 6 2 7 5 5 4
M[890] : 4 7 0 2 4 8 0 5 6 4 8 3 2 0 4 3 6 6 7 5 8 4
M[891] : 5 4 2 6 7 5 4 1 3 6 8 8 4 4 5 8 5 3 5 0 6 3
M[892] : 4 5 2 1 5 8 6 0 4 10 3 6 1 5 4 7 6 10 5 9 4 3
M[893] : 5 5 3 2 6 6 5 2 7 0 4 3 5 6 4 5 4 4 6 3 5 4
M[894] : 7 4 6 3 5 2 4 7 5 7 7 0 4 3 7 4 6 6 4 6 6 6
M[895] : 7 6 3 0 3 4 2 4 3 4 4 9 5 5 2 4 4 6 5 7 4 7
M[896] : 6 4 0 4 6 7 2 8 4 4 7 3 3 5 4 5 3 5 3 2 5 7
M[897] : 5 9 5 7 3 6 6 6 7 5 5 4 5 2 8 8 4 9 6 0 5 3
M[898] : 3 8 7 0 2 5 3 6 5 8 9 4 3 2 9 5 4 3 5 4 3 2
M[899] : 2 3 6 2 4 2 5 9 6 3 0 2 8 5 4 0 1 6 4 5 1 5
M[900] : 5 4 2 5 2 5 5 4 6 3 5 3 0 2 4 4 5 4 6 6 4 8
M[901] : 6 6 0 4 4 4 2 4 5 3 3 2 3 4 6 4 3 8 1 3 5 1
M[902] : 0 2 5 4 1 3 4 5 1 4 3 5 2 10 3 7 1 2 6 4 5 7
M[903] : 7 6 6 4 7 4 2 6 6 5 2 4 4 6 2 0 10 7 4 3 3 4
M[904] : 3 7 9 6 3 5 3 6 5 5 8 5 7 6 8 3 3 0 4 2 4 6
M[905] : 5 4 4 3 3 6 6 0 6 3 6 2 4 3 5 3 4 4 3 5 8 5
M[906] : 5 3 9 7 3 6 5 3 3 5 6 0 6 6 4 3 5 5 5 2 2 6
M[907] : 4 3 6 5 0 7 2 1 1 5 2 4 10 7 2 5 4 3 4 6 2 2
M[908] : 6 3 3 7 5 3 5 6 4 4 5 0 6 6 0 7 4 6 5 4 5 4
M[909] : 5 3 1 4 6 6 1 5 7 2 3 0 3 5 3 4 7 3 4 7 8 2
M[910] : 8 2 7 1 4 5 10 5 2 7 8 0 7 6 6 5 4 5 4 6 3 5
M[911] : 1 4 6 6 4 8 4 3 0 8 5 8 4 2 5 3 4 4 5 5 4 3
M[912] : 6 5 2 8 2 7 2 7 0 5 8 1 5 2 6 2 2 4 3 3 9 4
M[913] : 6 6 5 3 4 0 2 4 4 6 2 2 9 4 8 1 5 3 4 3 6 3
M[914] : 0 2 10 6 2 3 8 4 5 6 4 5 4 10 7 2 5 4 4 3 6 2
M[915] : 3 4 4 4 8 5 6 5 3 5 4 6 5 3 9 0 6 2 4 7 5 4
M[916] : 7 4 4 1 5 2 6 3 4 4 6 3 4 0 6 2 3 3 3 2 6 1
M[917] : 3 5 7 2 2 6 3 2 8 3 6 4 3 0 5 1 2 6 9 8 6 5
M[918] : 6 8 2 5 6 5 2 6 7 3 3 0 6 3 0 2 4 5 8 6 2 6
M[919] : 4 0 4 6 6 3 7 3 7 4 9 6 10 4 2 5 3 7 7 3 3 2
M[920] : 7 4 4 3 6 3 3 9 7 8 5 5 4 4 3 3 0 6 8 2 5 5
M[921] : 5 3 5 6 6 5 7 7 4 0 5 5 5 7 4 4 5 3 6 6 6 3
M[922] : 3 2 2 5 3 0 3 3 3 7 1 4 5 3 2 5 6 1 7 6 4 1
M[923] : 1 7 5 5 5 5 5 2 1 4 3 7 4 6 4 4 2 2 4 3 2 0
M[924] : 5 7 7 5 5 6 7 4 3 5 5 4 4 6 5 6 2 2 6 3 0 3
M[925] : 6 6 2 4 2 4 3 8 0 4 5 3 10 3 4 5 3 6 4 5 5 3
M[926] : 3 3 9 6 5 8 7 6 3 7 5 3 0 7 5 7 8 3 5 6 7 3
M[927] : 2 8 5 3 5 7 5 5 3 3 3 3 4 1 4 8 5 6 8 6 0 2
M[928] : 4 4 3 6 5 3 5 9 5 4 5 7 3 7 6 4 4 0 2 6 5 6
M[929] : 2 1 8 2 3 2 3 5 4 3 2 1 2 5 4 6 8 0 4 2 4 5
M[930] : 7 12 3 5 6 7 7 6 6 1 5 5 4 3 7 2 0 3 3 6 5 3
M[931] : 4 2 4 4 6 4 7 3 4 3 2 7 4 3 4 9 4 5 4 6 5 0
M[932] : 4 4 3 7 7 1 0 5 5 11 5 1 5 1 7 5 8 4 4 7 3 5
M[933] : 5 4 5 3 4 5 0 5 0 6 3 4 9 5 6 2 3 4 4 3 10 4
M[934] : 2 0 6 1 4 3 2 2 3 1 5 5 4 1 3 5 3 4 4 5 5 2
M[935] : 6 6 7 7 0 3 6 3 0 6 3 1 4 0 6 5 4 3 10 7 4 1
M[936] : 0 3 1 4 4 7 4 6 5 4 5 4 6 4 4 2 6 7 0 1 6 4
M[937] : 4 6 7 11 4 3 7 5 7 5 2 4 4 6 5 0 3 5 3 5 8 5
M[938] : 1 6 7 5 3 3 3 4 5 2 7 0 7 4 9 5 4 4 4 6 3 6
M[939] : 0 3 6 5 3 6 6 4 6 6 4 3 4 9 6 5 4 5 3 5 4 7
M[940] : 5 5 10 4 4 3 3 1 5 6 6 8 10 0 5 4 3 5 7 4 5 2
M[941] : 4 3 5 5 7 0 2 7 4 5 9 5 4 3 1 7 4 5 6 4 7 5
M[942] : 3 6 6 4 4 2 5 4 0 6 4 7 1 4 3 7 4 6 5 3 4 3
M[943] : 1 7 4 3 6 5 3 6 3 9 2 4 2 4 4 4 2 0 8 5 2 3
M[944] : 4 2 6 0 4 7 2 0 7 3 7 6 7 2 4 9 4 5 2 6 4 4
M[945] : 8 2 6 4 7 6 7 2 0 4 4 4 4 6 2 3 6 2 4 5 6 4
M[946] : 2 0 5 6 2 4 4 4 4 4 4 5 7 3 5 3 3 4 7 6 2 5
M[947] : 2 7 3 4 7 5 8 4 5 3 4 5 6 6 0 4 4 3 4 1 2 5
M[948] : 4 3 5 5 5 4 0 8 3 5 4 3 4 5 6 3 5 5 2 6 6 5
M[949] : 2 5 4 5 3 0 3 8 7 7 4 3 7 6 8 5 2 6 4 5 6 4
M[950] : 9 3 0 5 9 4 5 4 4 6 9 3 8 2 6 2 3 3 6 5 5 6
M[951] : 3 4 7 6 6 3 4 6 4 4 0 3 4 7 5 5 5 6 7 6 3 4
M[952] : 6 12 5 4 4 4 3 6 4 5 13 5 2 4 0 2 2 4 6 7 5 3
M[953] : 0 3 2 6 7 3 5 4 4 6 3 4 5 4 4 6 8 8 2 4 1 2
M[954] : 6 6 6 7 4 8 4 8 4 2 0 5 3 6 8 6 3 8 4 7 5 1
M[955] : 5 5 6 3 4 4 7 7 10 5 5 0 4 6 4 3 6 4 3 3 5 4
M[956] : 6 2 3 8 2 3 11 0 4 5 3 6 8 6 4 6 8 7 4 7 6 5
M[957] : 7 7 8 2 6 9 5 5 2 3 4 3 5 3 4 5 1 0 4 4 4 4
M[958] : 3 3 4 3 3 6 0 2 8 4 4 5 4 4 3 2 5 5 5 5 7 5
M[959] : 5 5 6 3 7 5 5 5 0 4 3 6 4 9 8 6 3 9 7 4 4 2
M[960] : 4 5 2 3 4 5 1 4 6 3 2 6 8 7 6 5 3 7 0 7 3 7
M[961] : 8 2 2 4 6 6 2 10 2 2 6 0 5 3 6 4 7 1 6 5 4 3
M[962] : 2 8 3 7 7 3 4 0 4 6 4 6 6 5 6 3 4 5 11 4 6 4
M[963] : 5 7 5 7 5 5 0 5 5 2 2 8 3 10 1 7 6 5 5 2 4 4
M[964] : 0 6 4 3 3 3 7 1 4 6 4 5 6 3 4 3 6 4 4 6 4 9
M[965] : 5 5 5 5 4 0 9 2 6 1 1 4 2 4 8 6 7 6 6 2 6 6
M[966] : 5 4 3 5 9 5 6 4 3 5 0 6 5 3 3 1 6 6 6 3 4 4
M[967] : 2 3 0 4 8 5 6 4 6 3 4 4 4 4 6 6 5 4 4 1 2 2
M[968] : 6 5 5 6 4 5 8 8 0 5 6 9 4 2 6 2 4 3 4 3 7 8
M[969] : 5 5 5 5 4 5 5 7 8 4 4 4 3 6 2 5 9 2 6 4 0 6
M[970] : 7 4 5 8 2 5 4 3 3 7 2 3 3 7 4 2 7 8 0 3 3 9
M[971] : 4 6 0 8 5 11 3 9 0 1 5 6 8 4 4 4 3 2 3 3 3 8
M[972] : 3 4 6 3 8 1 0 2 4 4 4 6 7 6 5 5 7 4 2 8 8 7
M[973] : 6 2 6 3 10 0 4 8 9 3 7 6 5 13 4 6 5 7 3 5 0 8
M[974] : 0 5 2 0 9 5 5 5 5 6 4 5 4 5 5 6 7 6 7 7 3 3
M[975] : 4 5 3 6 3 5 0 6 6 3 2 4 2 6 6 4 4 7 4 3 3 4
M[976] : 7 4 2 4 6 7 8 6 5 7 5 4 4 3 5 6 6 3 9 6 4 0
M[977] : 0 4 7 2 4 2 3 1 4 5 4 4 10 2 4 6 4 4 5 6 3 5
M[978] : 7 3 5 5 2 2 4 4 9 4 7 5 5 3 5 3 2 13 0 1 5 7
M[979] : 2 2 7 12 5 4 3 6 0 5 2 2 4 3 6 2 9 4 6 7 2 8
M[980] : 4 5 8 6 7 8 5 3 8 8 7 3 0 9 5 2 5 4 1 2 1 6
M[981] : 7 9 6 3 6 5 4 5 7 4 0 8 6 3 4 1 4 8 8 6 3 4
M[982] : 5 6 5 5 4 4 4 7 5 3 3 5 4 3 6 1 5 5 7 0 3 6
M[983] : 4 6 7 8 6 2 4 4 6 6 2 4 0 2 4 2 4 5 3 6 8 4
M[984] : 7 6 3 4 2 11 3 0 2 3 2 4 5 4 2 4 0 3 4 2 6 2
M[985] : 4 3 4 4 4 3 4 6 4 3 1 4 4 0 4 7 5 10 7 6 1 5
M[986] : 8 4 7 5 7 6 2 5 0 3 7 5 4 5 4 4 3 6 1 3 0 0
M[987] : 2 1 5 6 2 2 4 3 3 4 4 6 2 4 0 3 3 2 3 9 4 5
M[988] : 2 0 8 7 4 5 3 2 9 10 3 3 3 4 4 8 3 7 6 2 4 6
M[989] : 4 0 4 3 8 4 3 7 2 7 7 4 3 4 3 3 2 10 3 5 4 6
M[990] : 3 4 5 3 3 3 4 7 3 5 3 0 5 5 5 6 2 6 4 8 6 7
M[991] : 5 2 5 3 1 5 5 4 3 2 6 2 2 7 2 5 8 3 5 4 0 2
M[992] : 2 7 3 2 7 7 7 3 3 4 3 2 4 4 2 5 4 3 8 6 0 5
M[993] : 0 3 7 3 4 7 7 1 3 7 2 6 5 3 3 2 6 7 5 1 8 6
M[994] : 4 5 3 4 3 0 6 4 5 5 5 8 3 3 4 7 2 1 6 7 6 6
M[995] : 4 0 0 4 3 4 4 8 6 5 5 5 2 5 5 4 7 4 0 3 6 3
M[996] : 6 6 4 7 4 3 0 8 7 6 2 7 4 2 7 10 3 5 1 5 6 6
M[997] : 5 3 4 2 1 5 7 6 7 6 3 5 5 3 5 2 10 5 3 6 0 4
M[998] : 0 4 11 3 4 6 3 0 5 4 6 3 8 6 2 5 5 6 2 2 6 3
M[999] : 5 3 3 5 6 0 4 3 5 4 3 3 7 4 5 8 4 7 5 4 3 6

