 Execution de l'algoritme BITS sur le fichier dsjc1000.1.txt
=====================================================================
 Partitions  : 
Vk[0] : 729 877 754 106 216 471 248 903 659 622 499 707 448 447 936 886 82 443 175 123 444 799 54 342 845 253 344 802 388 247 733 722 945 263 648 826 436 928 673 990 765 575 680 572 164 -->  45 éléments.
Vk[1] : 844 464 391 22 49 400 133 438 385 682 68 601 710 100 324 987 484 568 721 316 446 970 935 651 905 374 688 552 879 766 678 943 764 632 356 681 48 428 493 17 502 449 266 353 56 615 -->  46 éléments.
Vk[2] : 416 286 402 30 513 671 737 498 504 21 346 833 267 160 14 974 219 511 547 194 955 152 534 47 357 488 602 596 967 322 243 619 686 997 282 815 989 740 853 409 544 922 741 850 198 634 -->  46 éléments.
Vk[3] : 753 818 839 326 888 366 51 146 724 307 581 590 351 275 822 825 900 244 314 395 132 354 812 584 956 739 227 34 784 569 254 53 167 993 834 977 946 795 529 719 704 909 458 917 313 -->  45 éléments.
Vk[4] : 177 2 750 271 289 959 408 12 369 876 787 212 924 948 122 363 145 786 986 69 268 520 143 280 242 435 454 715 442 466 657 50 383 824 329 525 995 101 731 911 982 55 527 191 405 -->  45 éléments.
Vk[5] : 317 918 783 998 117 251 181 3 898 893 642 472 453 13 273 865 867 882 200 979 570 437 62 165 125 670 631 161 221 738 341 114 398 961 772 19 763 539 245 66 971 414 105 770 494 -->  45 éléments.
Vk[6] : 386 752 410 119 875 240 431 186 582 420 827 580 652 256 39 938 941 578 747 258 679 397 417 709 658 71 497 110 586 644 878 81 126 723 811 179 902 745 479 496 600 908 640 138 52 837 -->  46 éléments.
Vk[7] : 427 380 633 96 728 349 925 83 762 113 452 862 856 0 234 736 32 761 278 323 196 553 11 973 616 842 594 270 701 137 966 102 749 519 794 214 755 294 226 364 792 927 384 288 308 180 -->  46 éléments.
Vk[8] : 881 352 358 284 906 769 716 775 636 630 663 340 279 151 489 851 962 804 44 937 473 613 639 272 530 215 192 779 859 628 521 233 320 343 685 327 612 116 536 382 73 135 298 860 57 -->  45 éléments.
Vk[9] : 514 451 213 430 172 897 490 623 558 800 118 291 134 926 798 218 501 109 564 689 445 646 149 870 868 816 187 241 203 480 838 517 78 887 821 373 1 629 487 577 699 26 606 693 182 162 -->  46 éléments.
Vk[10] : 643 208 801 301 500 423 292 965 277 904 359 485 807 550 238 150 199 141 635 415 224 98 155 115 823 980 557 894 319 984 814 587 645 85 249 334 895 996 503 183 813 668 112 683 725 832 -->  46 éléments.
Vk[11] : 211 302 836 611 80 281 43 20 523 439 675 554 295 459 4 142 411 111 255 401 526 975 339 885 537 393 406 311 375 129 610 595 333 991 404 555 933 315 505 201 387 377 18 425 667 -->  45 éléments.
Vk[12] : 873 969 708 338 210 730 910 260 541 914 637 705 978 156 223 509 700 300 269 562 976 660 524 318 103 829 551 559 207 703 312 573 72 880 930 154 727 535 147 556 124 232 468 574 205 -->  45 éléments.
Vk[13] : 189 477 756 531 131 467 350 563 74 345 173 209 482 92 293 968 461 148 178 714 518 296 592 441 768 921 954 59 866 758 608 144 306 229 560 433 603 6 598 522 913 589 5 120 857 67 -->  46 éléments.
Vk[14] : 355 25 778 139 370 41 797 389 952 720 951 696 852 365 413 321 91 666 846 75 274 394 347 168 964 994 698 252 691 37 940 803 121 481 463 690 426 542 372 261 257 217 190 412 742 664 -->  46 éléments.
Vk[15] : 371 432 507 381 743 36 588 159 785 8 97 702 820 830 773 239 184 470 337 24 29 127 545 950 94 777 735 325 809 287 99 734 947 108 883 170 63 515 418 93 789 793 718 992 929 697 -->  46 éléments.
Vk[16] : 604 757 869 661 732 38 650 744 157 972 434 819 107 378 843 618 759 222 960 171 392 676 840 336 538 348 884 662 299 781 599 362 771 379 593 89 835 169 624 654 571 27 780 899 10 -->  45 éléments.
Vk[17] : 891 465 617 16 788 283 42 87 77 424 84 808 290 335 297 246 158 304 188 847 328 858 193 585 790 923 831 695 706 236 988 508 712 591 540 901 958 767 45 140 796 235 566 665 265 726 -->  46 éléments.
Vk[18] : 653 440 457 305 310 136 46 40 810 849 368 805 626 204 641 828 492 855 163 912 230 237 782 854 748 806 95 999 907 920 185 376 934 332 864 565 231 874 549 60 367 647 746 228 776 -->  45 éléments.
Vk[19] : 981 627 86 621 896 422 949 61 684 625 153 202 7 399 890 774 460 455 456 421 889 478 953 528 931 174 597 546 462 848 963 206 932 33 390 396 309 817 638 28 486 31 476 687 985 -->  45 éléments.
Vk[20] : 579 620 711 491 104 65 532 533 264 330 15 942 677 543 419 88 495 983 516 674 717 692 916 90 450 957 483 694 166 79 176 360 225 548 259 760 583 512 791 285 403 262 614 361 861 -->  45 éléments.
Vk[21] : 915 469 64 751 474 70 939 510 607 863 871 429 331 841 892 76 506 23 672 669 407 276 605 220 561 656 197 35 713 9 944 250 872 195 303 649 609 655 576 567 130 128 58 919 475 -->  45 éléments.
Matrice M
M[0] : 2 8 4 5 7 4 7 0 6 4 6 3 6 10 4 6 6 5 5 6 2 6
M[1] : 8 7 4 5 3 5 2 4 3 0 2 3 6 2 2 6 4 3 5 5 3 0
M[2] : 7 6 3 3 0 1 6 7 5 5 7 8 3 2 3 6 4 5 4 6 8 8
M[3] : 6 7 8 5 3 0 4 3 2 4 6 5 4 6 2 4 6 6 1 3 5 4
M[4] : 5 6 6 5 4 7 6 3 5 5 6 0 5 5 8 4 2 4 3 3 4 8
M[5] : 3 6 9 6 6 4 8 0 5 4 4 4 8 0 9 6 7 6 5 6 3 4
M[6] : 6 5 4 4 3 5 2 5 3 3 7 2 5 0 1 5 7 8 3 8 6 3
M[7] : 4 4 5 3 2 4 7 6 4 8 6 2 3 11 5 3 3 5 7 0 9 5
M[8] : 5 4 6 6 9 4 5 3 11 2 8 3 2 3 5 0 2 6 4 5 2 7
M[9] : 5 10 2 4 5 6 2 7 7 1 5 10 1 5 8 4 1 5 2 3 3 0
M[10] : 5 2 7 7 8 0 5 5 5 4 3 2 9 6 3 5 0 7 3 5 4 5
M[11] : 4 3 2 2 3 2 6 0 5 6 5 2 7 6 3 3 8 6 6 8 3 7
M[12] : 7 7 4 2 0 3 7 7 3 6 6 4 4 4 4 5 4 7 3 8 5 10
M[13] : 5 7 3 9 3 0 7 4 6 7 8 3 7 2 2 6 4 4 7 6 6 5
M[14] : 5 4 0 2 4 5 4 2 6 4 4 1 4 6 10 4 3 4 2 5 2 5
M[15] : 8 3 3 4 7 3 2 3 5 4 4 7 4 4 3 1 5 6 7 4 0 5
M[16] : 6 5 4 5 4 5 5 5 6 4 11 3 4 4 3 5 3 0 2 7 7 4
M[17] : 3 0 5 2 1 5 1 3 4 5 3 7 7 3 5 3 1 5 6 7 3 7
M[18] : 6 7 5 4 6 3 4 3 5 7 8 0 6 3 9 2 7 5 7 3 6 0
M[19] : 6 4 5 4 6 0 5 3 2 5 6 9 2 6 7 2 4 0 7 3 4 9
M[20] : 4 3 4 5 3 6 5 7 3 6 7 0 6 7 6 6 2 6 4 4 4 7
M[21] : 8 5 0 8 5 5 6 4 4 6 3 4 4 7 7 6 7 4 5 6 3 9
M[22] : 6 0 5 8 5 4 7 10 3 4 5 6 7 2 6 7 4 4 8 5 7 7
M[23] : 3 6 1 6 5 3 10 7 8 4 8 2 3 3 7 3 7 5 5 5 3 0
M[24] : 4 5 5 5 4 4 5 3 3 7 6 4 6 2 4 0 4 2 7 2 5 4
M[25] : 2 3 3 2 3 6 6 5 5 4 7 4 7 6 0 6 4 7 4 7 6 7
M[26] : 3 10 6 5 4 7 6 3 4 0 4 6 2 2 1 11 5 6 7 4 2 6
M[27] : 7 5 2 4 6 4 6 6 2 4 3 5 3 6 5 4 0 4 6 8 8 1
M[28] : 3 4 2 5 9 6 9 4 4 3 5 4 1 6 5 5 4 2 5 0 1 2
M[29] : 4 6 5 7 4 6 3 4 5 5 7 2 4 3 1 0 4 4 3 4 2 4
M[30] : 8 4 0 5 2 5 8 7 4 5 4 2 9 5 7 3 4 6 5 4 3 6
M[31] : 4 3 0 7 6 2 7 0 5 4 2 7 8 3 5 5 4 5 4 0 4 3
M[32] : 4 5 5 3 2 5 6 0 7 4 4 4 4 3 4 1 4 4 3 2 5 8
M[33] : 1 4 6 8 5 0 4 6 4 1 7 3 7 6 4 2 3 3 5 0 5 1
M[34] : 7 4 5 0 5 1 2 8 3 7 9 5 3 6 6 5 5 5 4 5 3 3
M[35] : 3 8 4 6 3 3 5 2 1 3 5 7 5 3 8 5 2 9 4 4 5 0
M[36] : 3 8 7 4 7 3 5 5 6 12 3 5 7 7 7 0 3 4 6 11 7 5
M[37] : 3 10 6 2 5 3 8 7 2 7 7 7 4 4 0 5 4 3 10 6 6 3
M[38] : 8 1 7 7 3 5 8 4 4 5 4 4 6 3 6 2 0 5 5 4 1 6
M[39] : 5 4 5 7 6 4 0 5 3 4 6 10 6 5 8 2 3 2 5 5 8 2
M[40] : 3 9 4 3 6 7 3 5 2 3 3 2 5 4 3 2 4 1 0 4 5 6
M[41] : 6 2 8 7 6 4 6 4 6 2 2 1 3 4 0 6 5 5 3 3 8 1
M[42] : 3 3 7 1 3 5 2 7 6 3 5 6 7 7 4 4 10 0 6 4 5 7
M[43] : 9 5 4 6 4 8 3 4 2 3 1 0 1 3 6 2 5 6 5 4 7 4
M[44] : 5 5 8 2 7 4 2 6 0 1 5 4 5 2 2 3 2 8 6 4 5 4
M[45] : 2 3 3 4 4 1 6 9 4 4 7 6 5 5 6 6 3 0 3 8 3 6
M[46] : 5 4 7 3 3 7 8 6 3 3 7 4 4 9 5 5 6 5 0 5 3 3
M[47] : 4 4 0 7 2 6 0 5 1 5 7 5 4 5 5 6 6 4 11 6 4 6
M[48] : 4 0 7 6 3 9 5 2 7 6 7 8 6 4 2 7 5 6 6 10 7 4
M[49] : 5 0 7 4 5 3 5 2 5 2 8 4 8 4 5 5 7 9 3 7 5 6
M[50] : 1 2 3 8 0 3 5 4 4 2 6 5 8 4 1 3 5 6 4 3 2 2
M[51] : 5 4 3 0 5 5 7 3 8 6 8 5 6 4 3 3 5 4 3 6 5 0
M[52] : 7 4 1 6 5 3 0 8 4 3 1 3 3 6 8 6 7 3 5 5 4 6
M[53] : 4 5 5 0 2 6 3 3 4 4 9 7 3 7 8 3 5 5 7 6 8 4
M[54] : 0 2 5 3 5 6 5 4 4 6 5 3 5 2 4 1 6 5 5 9 7 7
M[55] : 2 3 4 5 0 6 8 4 4 4 5 6 6 6 4 4 3 5 2 2 2 4
M[56] : 6 0 6 4 5 4 3 7 5 3 4 6 7 8 6 4 4 6 2 3 4 4
M[57] : 5 3 7 6 4 4 3 5 0 5 4 0 4 6 5 5 6 5 4 4 2 3
M[58] : 8 2 5 9 0 3 4 6 3 4 4 5 3 4 7 4 7 5 10 3 1 0
M[59] : 8 2 5 3 2 3 3 5 3 4 5 3 8 0 3 5 6 7 3 7 5 2
M[60] : 8 0 6 2 5 2 5 3 4 7 6 6 7 4 7 4 4 8 0 7 4 7
M[61] : 4 3 4 6 4 5 5 6 2 2 7 3 5 7 5 3 7 3 7 0 4 3
M[62] : 7 5 3 5 2 0 2 7 2 8 9 4 6 2 5 3 4 2 8 4 2 7
M[63] : 4 6 1 7 9 4 5 6 2 6 6 2 4 3 3 0 3 6 1 1 5 7
M[64] : 4 3 5 7 8 6 4 7 5 9 4 4 9 6 4 6 7 3 2 4 4 0
M[65] : 8 5 5 2 3 7 5 2 7 6 4 4 4 6 6 4 3 4 2 4 0 1
M[66] : 7 7 5 4 5 0 5 5 7 10 6 5 7 4 5 9 5 2 6 1 3 5
M[67] : 2 5 2 3 4 6 4 5 3 9 3 7 1 0 2 5 3 6 10 3 4 4
M[68] : 2 0 10 7 6 2 6 4 5 7 2 4 4 6 6 2 6 3 3 2 7 3
M[69] : 6 5 4 4 0 2 7 5 4 4 5 3 3 3 3 3 2 5 5 5 5 2
M[70] : 6 3 9 3 5 9 3 8 7 6 4 8 4 8 4 4 4 5 9 3 4 0
M[71] : 4 6 7 4 2 6 0 2 5 6 8 5 3 8 7 9 4 3 1 7 4 2
M[72] : 8 5 2 1 3 2 5 6 6 3 5 3 0 3 8 2 8 4 4 4 2 5
M[73] : 6 3 2 5 6 6 6 7 0 5 8 5 6 1 4 6 3 5 4 6 5 4
M[74] : 7 8 4 5 3 7 6 4 2 5 7 8 5 0 2 7 7 3 6 3 6 5
M[75] : 2 8 9 2 5 6 3 5 5 4 2 1 7 4 0 1 3 6 2 4 7 8
M[76] : 6 3 4 6 3 3 3 2 5 9 5 6 7 6 5 9 3 4 5 7 3 0
M[77] : 4 3 5 2 6 3 4 5 1 7 7 6 6 7 3 7 7 0 6 2 6 3
M[78] : 5 10 4 5 5 5 6 6 8 0 1 5 5 5 4 4 7 3 4 4 4 2
M[79] : 5 7 7 5 6 4 3 7 2 8 6 4 5 5 6 5 6 4 4 5 0 2
M[80] : 5 8 7 4 5 7 5 5 6 2 3 0 8 7 3 1 7 4 3 7 2 5
M[81] : 7 7 4 3 1 6 0 4 6 5 3 3 4 6 6 3 4 6 5 2 4 5
M[82] : 0 2 2 4 5 5 4 1 3 6 2 2 5 3 6 5 1 5 8 3 6 3
M[83] : 3 6 4 7 6 4 5 0 4 3 2 5 6 4 4 5 4 3 6 4 5 3
M[84] : 7 6 5 5 6 3 5 6 1 4 7 6 5 4 4 5 2 0 5 2 5 5
M[85] : 2 7 1 3 4 4 2 1 3 6 0 1 5 6 4 5 4 2 5 7 2 6
M[86] : 3 6 7 4 8 5 5 3 6 9 8 2 4 3 6 5 5 8 6 0 3 5
M[87] : 1 3 5 7 8 2 6 7 7 2 5 4 5 5 2 4 6 0 5 3 3 4
M[88] : 8 4 6 7 5 3 3 7 3 2 6 9 9 8 5 4 3 6 3 2 0 6
M[89] : 6 4 3 6 7 6 4 8 3 10 6 2 6 1 4 3 0 5 2 5 4 5
M[90] : 3 7 7 10 3 3 5 3 5 4 5 4 5 4 5 6 4 5 6 4 0 1
M[91] : 2 4 6 4 6 5 5 5 4 5 6 4 3 3 0 1 2 3 7 6 6 4
M[92] : 2 6 9 5 5 4 4 3 6 2 3 4 6 0 2 4 1 6 4 4 9 3
M[93] : 6 7 3 6 2 5 6 5 5 5 4 4 3 6 4 0 3 7 4 4 2 4
M[94] : 3 4 4 2 9 1 4 3 5 3 3 4 3 6 5 0 6 6 7 7 1 2
M[95] : 7 0 8 5 5 3 3 3 3 4 6 4 5 5 1 2 6 6 0 5 5 1
M[96] : 5 7 4 6 6 6 4 0 5 4 5 5 4 1 5 6 5 5 7 9 4 2
M[97] : 5 7 3 4 2 5 4 7 2 5 7 3 3 2 4 0 7 6 7 5 5 7
M[98] : 6 8 3 4 9 7 9 9 1 5 0 10 4 6 5 3 7 8 6 2 3 6
M[99] : 4 7 5 4 2 7 11 4 3 5 5 4 4 4 4 0 6 6 5 6 5 1
M[100] : 4 0 7 3 3 7 9 3 4 3 8 1 2 6 4 9 4 2 2 3 4 3
M[101] : 2 1 4 7 0 7 7 4 5 1 3 3 6 3 5 5 3 2 4 8 6 7
M[102] : 6 5 6 1 5 4 1 0 8 5 6 6 4 3 1 3 7 4 7 4 2 3
M[103] : 3 7 5 4 4 1 5 4 1 3 6 5 0 5 5 6 5 3 6 8 7 6
M[104] : 8 5 5 3 5 4 7 2 6 4 6 3 9 5 4 7 3 5 5 10 0 3
M[105] : 4 3 1 5 5 0 6 4 3 4 5 7 5 5 5 5 3 10 4 4 7 5
M[106] : 0 5 5 2 5 6 5 5 2 7 3 6 5 2 7 4 5 2 3 4 6 6
M[107] : 6 2 3 6 3 4 6 4 3 8 3 4 4 6 2 5 0 7 4 3 4 7
M[108] : 5 4 6 6 4 3 4 5 5 3 4 5 6 5 5 0 7 5 7 3 5 4
M[109] : 6 3 4 8 5 4 3 3 3 0 6 3 7 4 2 4 3 1 5 8 6 5
M[110] : 5 3 4 6 4 2 0 4 8 3 5 2 4 1 6 4 9 4 3 2 7 2
M[111] : 5 4 5 6 2 3 7 9 7 5 7 0 8 3 5 5 3 3 2 5 6 4
M[112] : 4 1 5 3 5 7 1 6 9 6 0 6 7 3 3 5 3 3 4 1 9 5
M[113] : 4 6 7 4 6 9 6 0 6 3 8 5 3 3 8 3 8 2 6 3 5 4
M[114] : 6 5 6 4 2 0 10 8 4 6 9 1 7 7 4 9 6 4 5 4 3 2
M[115] : 3 3 5 4 10 6 5 3 2 2 0 4 7 3 5 4 4 3 6 5 6 4
M[116] : 5 3 5 4 5 4 5 2 0 5 7 4 5 3 6 2 5 4 4 7 4 5
M[117] : 7 6 4 7 9 0 4 1 6 6 9 7 7 7 3 3 6 6 3 4 3 4
M[118] : 5 6 8 5 3 6 7 7 6 0 6 2 5 9 6 6 5 3 6 3 2 3
M[119] : 10 7 4 8 4 5 0 9 3 4 8 8 3 6 8 4 2 4 7 3 6 4
M[120] : 6 6 6 4 2 3 8 10 6 5 5 5 3 0 3 6 3 3 3 0 8 8
M[121] : 3 6 9 4 2 2 7 4 3 6 3 10 6 4 0 4 6 4 7 7 4 5
M[122] : 5 5 5 4 0 7 2 8 5 5 7 2 8 8 4 8 2 8 4 9 5 6
M[123] : 0 3 5 4 7 7 4 3 6 6 1 2 6 4 6 6 2 4 2 6 3 4
M[124] : 1 6 5 5 7 4 8 5 5 6 7 4 0 7 4 3 4 6 8 4 8 4
M[125] : 6 0 6 5 1 0 6 7 3 4 1 1 6 4 6 3 6 2 4 5 2 4
M[126] : 6 6 3 4 4 7 0 2 0 3 4 3 2 6 8 5 4 4 6 7 2 2
M[127] : 2 6 5 3 5 11 7 7 4 6 3 5 6 8 4 0 6 8 3 7 5 5
M[128] : 3 3 5 12 5 2 5 4 0 6 7 1 3 6 6 4 2 6 7 2 5 0
M[129] : 4 4 3 1 5 6 8 4 11 6 4 0 2 5 6 5 6 7 3 3 5 2
M[130] : 7 6 4 3 4 7 6 6 5 6 3 1 4 4 8 6 6 5 2 3 7 0
M[131] : 4 4 7 8 2 5 3 4 9 2 3 2 4 0 6 2 7 2 3 6 3 4
M[132] : 9 3 2 0 6 4 8 2 8 7 3 5 4 0 3 4 4 2 5 4 5 4
M[133] : 5 0 6 4 3 7 5 5 4 6 5 6 9 4 5 6 4 5 2 5 4 4
M[134] : 2 3 7 9 5 7 5 5 4 0 4 5 5 5 5 4 5 3 8 7 6 3
M[135] : 1 4 7 3 3 7 1 3 0 6 4 6 6 5 5 6 2 9 2 3 2 3
M[136] : 4 4 6 3 5 5 8 4 4 9 7 2 7 5 8 4 7 3 0 3 3 3
M[137] : 4 5 3 4 2 5 10 0 7 6 1 6 1 6 5 7 3 6 0 2 5 1
M[138] : 11 4 1 6 4 3 0 6 2 3 6 3 6 6 6 5 6 3 8 6 7 7
M[139] : 2 9 5 6 6 4 5 4 4 3 4 4 5 6 0 3 3 4 7 4 6 8
M[140] : 5 8 9 3 4 4 7 1 5 4 6 5 4 6 3 8 7 0 7 7 2 3
M[141] : 3 5 7 1 6 3 5 4 2 4 0 7 4 7 5 6 6 10 3 4 4 3
M[142] : 4 6 1 7 7 3 8 6 7 8 7 0 5 6 4 6 7 7 6 2 5 2
M[143] : 3 9 4 4 0 4 4 4 4 3 5 3 6 4 6 7 2 6 5 5 3 3
M[144] : 6 3 4 7 5 5 3 11 7 6 6 6 8 0 3 7 4 6 3 8 2 6
M[145] : 2 4 4 2 0 6 6 4 3 5 0 2 9 6 9 4 4 4 3 5 3 3
M[146] : 4 5 5 0 8 3 4 5 3 6 4 4 5 4 5 4 8 4 7 4 6 6
M[147] : 4 6 8 3 7 6 3 7 3 6 2 6 0 7 3 4 4 1 5 4 5 5
M[148] : 4 5 1 8 2 4 3 3 7 3 8 4 2 0 2 7 3 6 4 5 2 2
M[149] : 2 3 3 7 3 4 4 3 6 0 4 4 2 4 3 3 5 7 4 1 6 7
M[150] : 3 3 4 3 3 6 2 5 3 7 0 4 5 2 8 4 3 4 10 2 6 3
M[151] : 4 5 4 6 2 2 5 7 0 2 4 5 3 6 6 5 5 2 9 4 2 4
M[152] : 6 6 0 2 6 2 4 5 9 6 5 4 3 5 6 7 3 2 2 5 3 5
M[153] : 4 7 2 9 7 7 6 4 3 7 6 3 7 5 4 3 6 4 7 0 4 2
M[154] : 5 3 5 2 4 5 4 3 3 1 7 4 0 0 5 1 3 5 10 5 4 3
M[155] : 3 6 2 5 3 3 4 3 1 7 0 5 4 3 5 4 1 5 4 8 5 4
M[156] : 2 7 5 6 8 10 2 4 6 10 5 8 0 5 5 5 3 4 6 2 7 1
M[157] : 4 5 4 5 3 6 7 3 4 4 6 5 4 6 4 6 0 2 6 5 2 3
M[158] : 3 4 12 8 3 4 9 5 3 5 6 2 7 3 5 9 6 0 2 7 6 6
M[159] : 8 7 8 5 5 6 6 7 8 7 5 6 6 2 5 0 2 4 6 6 3 4
M[160] : 5 5 0 6 5 5 8 5 7 6 4 4 7 3 5 3 5 3 6 3 3 3
M[161] : 3 6 7 3 3 0 6 8 1 6 8 4 4 2 5 2 5 2 1 5 2 2
M[162] : 4 6 6 0 3 3 4 5 6 0 6 5 4 7 5 1 6 4 2 4 4 5
M[163] : 6 6 5 2 4 4 3 5 2 6 4 1 7 4 4 4 5 3 0 5 5 7
M[164] : 0 4 4 7 7 1 7 7 3 5 4 1 3 5 4 2 4 3 7 6 3 4
M[165] : 4 4 7 1 4 0 10 3 3 6 6 7 2 3 6 6 6 1 5 8 8 7
M[166] : 7 9 3 5 8 4 2 3 5 1 4 6 3 2 5 3 3 7 3 5 0 3
M[167] : 5 3 10 0 5 3 6 13 2 2 5 8 5 4 1 5 1 5 8 7 3 5
M[168] : 7 2 6 3 3 5 4 5 7 6 10 5 6 4 0 1 6 5 2 7 7 7
M[169] : 6 5 6 4 3 4 10 7 6 3 4 5 8 4 2 4 0 5 3 6 8 5
M[170] : 5 6 6 3 5 9 6 6 5 1 4 5 2 7 6 0 4 3 5 6 5 5
M[171] : 7 4 8 2 1 7 4 6 2 7 3 6 3 4 6 4 0 5 5 9 0 4
M[172] : 9 4 8 2 4 4 3 4 2 0 6 2 5 2 3 6 7 5 6 1 4 7
M[173] : 5 6 7 6 3 5 3 5 7 4 5 5 6 0 10 5 8 6 3 7 3 7
M[174] : 3 2 4 3 5 3 4 6 7 6 4 3 8 4 7 4 4 6 5 0 6 3
M[175] : 0 3 6 5 4 6 6 8 3 4 9 5 6 3 5 6 7 6 3 4 6 6
M[176] : 5 2 9 9 3 4 3 2 6 3 10 8 6 1 5 7 2 9 7 6 0 2
M[177] : 4 4 5 7 0 3 4 3 6 8 4 8 2 4 4 6 5 7 5 6 5 4
M[178] : 2 9 5 5 7 4 7 5 9 5 5 2 2 0 6 1 2 6 0 3 3 6
M[179] : 5 3 3 3 1 5 0 3 0 4 6 2 5 3 6 5 1 5 4 4 6 8
M[180] : 9 4 4 4 8 6 6 0 9 6 5 3 3 4 6 4 4 4 5 0 5 6
M[181] : 3 8 3 3 6 0 4 5 4 4 5 2 5 6 10 8 2 4 4 3 3 7
M[182] : 3 4 5 1 8 7 5 6 4 0 8 2 7 2 6 8 4 2 4 6 6 6
M[183] : 8 7 4 8 1 5 8 6 2 4 0 10 8 4 2 8 1 3 8 8 4 4
M[184] : 2 7 4 3 2 4 7 4 2 6 5 5 5 3 7 0 7 6 4 4 2 4
M[185] : 5 5 0 2 8 6 3 3 4 5 6 6 7 2 2 2 2 5 0 2 6 5
M[186] : 5 5 7 3 7 6 0 9 7 6 4 10 4 6 4 4 7 4 4 6 6 1
M[187] : 3 8 3 3 3 4 4 5 4 0 8 5 5 9 4 4 6 4 3 1 5 2
M[188] : 8 7 4 3 3 3 2 9 2 6 6 5 7 3 5 2 5 0 2 4 7 5
M[189] : 5 5 2 6 5 5 6 2 5 9 3 6 6 0 3 3 4 5 5 9 5 1
M[190] : 11 5 6 4 5 4 5 4 4 6 5 3 1 2 0 5 3 3 4 1 5 8
M[191] : 6 6 3 5 0 6 8 6 6 3 6 5 3 4 2 10 5 5 4 6 5 2
M[192] : 7 7 7 4 3 7 5 3 0 5 3 5 3 6 4 8 2 9 2 8 3 0
M[193] : 3 7 7 5 6 4 5 4 2 5 6 6 7 4 4 4 3 0 6 4 2 2
M[194] : 3 7 0 3 5 6 3 4 2 2 8 6 4 7 4 5 7 4 7 1 4 2
M[195] : 7 4 5 4 7 4 8 3 1 5 5 4 7 7 4 6 5 7 6 6 6 0
M[196] : 5 5 5 4 6 4 1 0 7 4 5 4 2 6 5 7 3 2 2 0 2 5
M[197] : 4 5 6 3 5 5 4 8 4 4 1 2 7 5 5 4 3 10 3 2 4 0
M[198] : 3 1 0 4 4 9 7 6 3 6 6 5 2 4 6 5 5 6 5 4 4 3
M[199] : 3 4 6 5 7 3 5 5 6 3 0 2 3 7 2 6 4 5 4 9 2 4
M[200] : 8 5 2 2 4 0 7 4 9 6 4 2 6 4 1 2 3 4 4 3 4 5
M[201] : 3 5 4 6 4 4 3 5 4 4 9 0 4 4 4 6 3 1 8 0 6 6
M[202] : 7 5 7 5 6 8 5 3 5 4 2 4 5 5 3 7 8 4 3 0 6 5
M[203] : 3 2 3 3 3 4 7 3 6 0 2 4 6 9 6 7 6 5 3 5 2 4
M[204] : 7 5 2 6 5 3 5 8 4 7 5 8 2 7 5 6 6 5 0 4 5 3
M[205] : 4 2 4 6 6 2 9 6 6 6 8 6 0 0 3 5 4 6 8 4 2 7
M[206] : 9 4 5 5 6 3 5 3 4 6 3 4 7 7 6 4 2 8 2 0 3 1
M[207] : 2 6 4 6 6 4 5 6 5 4 7 2 0 6 5 4 3 4 3 0 6 2
M[208] : 5 9 5 5 4 6 8 4 3 4 0 6 6 2 7 7 6 5 8 5 3 6
M[209] : 7 5 3 3 6 4 8 7 6 7 5 7 2 0 5 6 3 6 3 7 2 3
M[210] : 4 5 4 7 3 5 2 2 3 8 6 6 0 7 4 5 2 7 8 2 9 6
M[211] : 3 6 5 5 7 5 4 7 6 5 7 0 4 4 5 3 2 6 8 7 4 4
M[212] : 2 3 4 9 0 5 4 1 1 2 7 3 4 4 3 4 6 3 5 5 4 7
M[213] : 5 3 9 6 5 4 6 4 5 0 8 4 5 4 3 5 6 5 6 6 2 4
M[214] : 6 3 2 5 6 3 3 0 7 4 5 5 5 1 4 5 5 4 2 8 4 6
M[215] : 6 6 1 4 5 3 4 3 0 2 6 6 6 5 8 2 6 4 2 4 10 7
M[216] : 0 7 3 3 3 2 8 6 2 9 5 5 5 5 7 5 6 1 5 4 9 2
M[217] : 1 6 5 3 3 5 8 2 2 5 2 3 9 4 0 5 6 3 5 4 6 3
M[218] : 5 1 5 4 5 6 5 7 8 0 2 4 7 6 8 7 4 2 5 4 3 6
M[219] : 6 7 0 2 3 3 2 3 8 3 1 4 5 4 5 3 3 5 3 5 7 5
M[220] : 2 1 6 5 4 4 5 3 4 4 6 6 4 2 5 8 1 5 5 5 5 0
M[221] : 6 2 2 4 2 0 5 6 1 5 4 4 5 7 7 6 4 4 6 8 7 3
M[222] : 9 8 3 6 6 3 8 6 2 6 5 7 3 4 6 6 0 2 5 3 6 3
M[223] : 7 3 3 6 2 4 3 5 3 5 7 7 0 6 2 5 6 3 7 9 2 5
M[224] : 3 3 6 5 8 3 3 5 3 5 0 4 9 2 8 6 4 8 3 5 1 5
M[225] : 9 9 4 3 4 3 3 1 4 7 4 6 3 5 4 3 2 7 8 3 0 4
M[226] : 4 5 5 9 6 5 5 0 6 10 5 5 5 4 7 7 4 2 5 6 3 7
M[227] : 4 7 4 0 2 5 3 2 4 8 4 4 6 8 4 7 3 4 5 6 8 2
M[228] : 6 4 7 4 5 4 5 5 8 4 6 7 4 3 8 7 1 3 0 7 8 3
M[229] : 10 2 3 4 5 3 3 9 5 3 10 5 5 0 6 6 6 3 5 4 9 4
M[230] : 6 5 5 7 3 5 4 7 4 4 3 4 7 7 5 4 5 4 0 5 4 8
M[231] : 5 6 2 5 3 1 3 5 7 6 7 8 9 4 3 4 4 3 0 2 2 1
M[232] : 2 5 7 3 3 7 4 6 2 4 5 1 0 5 4 6 5 6 5 2 7 4
M[233] : 7 5 6 5 2 4 8 4 0 4 2 6 1 5 1 5 5 2 6 6 4 8
M[234] : 3 5 5 3 2 5 6 0 4 5 4 4 3 7 3 5 7 5 5 4 4 8
M[235] : 10 4 11 4 4 3 6 4 3 3 3 1 5 5 8 2 8 0 4 8 1 4
M[236] : 5 4 5 5 3 4 4 5 4 5 7 4 5 8 5 7 6 0 6 3 11 3
M[237] : 6 5 4 4 6 1 6 3 4 4 10 4 6 6 6 6 4 5 0 7 7 4
M[238] : 7 6 4 4 5 5 5 4 2 7 0 3 9 4 6 4 1 10 6 3 6 6
M[239] : 7 2 4 9 7 4 5 2 6 6 3 3 6 2 6 0 9 6 5 4 1 5
M[240] : 7 1 2 2 5 10 0 3 7 4 6 3 2 2 6 8 8 2 6 6 3 7
M[241] : 4 7 1 5 4 6 6 7 6 0 4 4 7 3 9 7 3 6 4 4 6 7
M[242] : 3 3 3 4 0 6 8 6 6 5 6 3 4 3 6 4 2 5 7 4 4 3
M[243] : 10 3 0 2 2 5 7 5 6 4 6 2 4 3 9 4 4 3 5 4 4 4
M[244] : 5 6 5 0 7 2 5 6 9 5 4 6 4 3 6 2 2 4 3 8 4 3
M[245] : 4 5 4 8 5 0 3 6 6 2 1 3 8 6 3 2 9 4 4 5 5 3
M[246] : 5 3 5 6 5 4 4 4 6 3 4 7 3 5 5 4 3 0 5 2 3 4
M[247] : 0 4 4 4 5 5 12 7 9 5 6 5 2 6 6 6 3 4 6 8 1 8
M[248] : 0 1 3 7 10 3 4 1 6 7 3 1 6 4 3 7 3 3 1 2 3 6
M[249] : 6 8 4 5 7 8 4 2 8 9 0 5 6 8 5 3 3 4 6 3 4 5
M[250] : 7 5 3 4 5 4 2 2 5 4 3 5 3 2 5 3 4 5 9 5 2 0
M[251] : 4 4 8 3 5 0 6 3 4 4 3 5 3 4 4 6 2 2 8 6 3 4
M[252] : 5 7 4 6 7 7 4 2 9 5 6 3 6 11 0 8 4 4 11 4 2 6
M[253] : 0 6 7 4 8 2 6 4 6 7 2 1 4 3 7 3 3 6 7 2 4 6
M[254] : 4 3 3 0 4 4 5 3 1 1 4 6 3 3 7 7 2 3 5 4 3 6
M[255] : 4 4 7 4 4 3 1 7 3 6 5 0 6 7 5 7 8 5 2 7 11 6
M[256] : 3 5 6 8 2 4 0 5 6 2 1 8 7 2 2 5 5 6 5 5 8 5
M[257] : 3 6 6 8 4 6 5 6 5 7 3 3 2 2 0 4 6 5 8 1 5 4
M[258] : 2 4 2 8 4 5 0 2 1 4 8 2 6 4 4 3 5 9 1 4 4 3
M[259] : 5 6 7 7 3 5 5 4 4 4 3 5 2 5 2 5 3 7 3 3 0 2
M[260] : 6 4 5 5 6 4 4 7 4 3 6 4 0 3 7 4 4 1 4 3 6 5
M[261] : 2 3 5 5 4 7 5 6 3 6 4 6 6 8 0 3 4 6 2 4 0 3
M[262] : 7 2 8 4 4 9 4 2 6 2 9 2 6 4 5 6 1 2 3 6 0 4
M[263] : 0 5 5 6 4 6 4 6 8 7 4 3 8 4 5 9 5 2 3 3 5 9
M[264] : 3 3 5 6 6 6 5 3 3 5 5 9 7 4 7 5 7 4 3 5 0 3
M[265] : 4 8 5 5 3 5 3 4 6 4 4 4 9 4 8 5 5 0 0 4 6 3
M[266] : 1 0 2 4 2 5 4 2 3 5 2 1 4 2 7 4 3 4 4 1 5 4
M[267] : 4 3 0 6 8 7 2 9 1 3 5 7 2 7 2 4 5 10 3 7 4 5
M[268] : 8 4 7 2 0 4 4 5 1 2 5 3 5 4 6 5 4 2 6 5 4 2
M[269] : 8 4 10 3 7 8 4 2 3 2 5 4 0 5 5 3 7 9 4 2 2 1
M[270] : 7 8 4 5 6 5 3 0 4 7 7 3 4 6 6 5 3 4 2 3 8 3
M[271] : 6 8 5 3 0 4 5 4 5 3 3 5 6 3 5 3 3 5 6 3 5 4
M[272] : 3 4 2 8 3 3 4 5 0 6 4 5 9 3 2 8 3 9 2 8 4 5
M[273] : 3 5 5 3 5 0 7 7 7 2 6 5 5 7 5 2 5 4 7 7 9 2
M[274] : 6 3 6 6 6 4 6 5 4 7 7 5 5 4 0 2 2 5 7 5 4 4
M[275] : 4 4 2 0 7 10 8 6 5 7 3 3 4 5 6 8 4 4 5 5 3 4
M[276] : 6 5 1 4 2 5 3 5 2 3 1 3 4 6 7 5 4 4 11 6 6 0
M[277] : 5 7 5 4 4 4 9 4 3 7 0 7 8 5 2 4 8 6 9 4 5 7
M[278] : 2 6 6 4 6 5 5 0 5 2 1 1 6 8 3 2 4 3 14 4 4 4
M[279] : 5 7 6 2 4 8 2 3 0 7 3 7 3 3 6 3 4 3 5 3 7 7
M[280] : 5 2 6 3 0 7 6 4 5 7 8 3 6 4 6 1 4 0 2 5 8 2
M[281] : 4 6 4 6 7 4 8 3 9 2 8 0 2 4 2 7 10 5 5 5 3 6
M[282] : 5 10 0 5 0 2 4 3 4 6 7 4 4 3 6 3 2 3 5 3 5 4
M[283] : 6 7 4 5 2 6 2 3 7 6 6 4 6 5 5 8 7 0 3 1 2 2
M[284] : 6 2 3 3 5 7 5 3 0 6 6 6 4 3 10 9 2 7 8 2 4 6
M[285] : 1 4 6 5 4 4 3 5 2 6 1 6 3 7 1 2 3 4 6 2 0 5
M[286] : 5 6 0 7 3 6 3 4 4 4 9 3 4 6 5 6 3 2 5 3 4 1
M[287] : 3 2 8 5 5 3 5 5 9 6 6 1 5 6 5 0 6 9 5 3 6 5
M[288] : 4 4 5 6 5 3 4 0 1 3 3 4 5 4 6 3 8 4 4 1 5 6
M[289] : 5 7 6 5 0 2 7 3 3 3 5 6 8 3 8 5 6 3 5 8 3 5
M[290] : 5 4 5 2 2 7 4 4 5 8 8 8 4 6 5 4 3 0 7 7 5 7
M[291] : 4 3 10 4 5 3 8 5 4 0 9 5 3 5 4 6 7 4 5 3 5 6
M[292] : 7 4 6 4 8 4 4 7 9 4 0 4 6 2 5 4 2 6 2 2 10 8
M[293] : 3 3 4 6 9 8 2 4 2 6 2 1 3 0 6 1 4 4 7 4 2 4
M[294] : 5 4 8 5 5 3 7 0 3 4 3 4 5 3 2 5 5 8 4 3 1 4
M[295] : 7 9 4 7 6 5 3 5 2 6 4 0 4 3 9 4 6 7 6 5 7 2
M[296] : 9 7 3 4 8 5 1 7 6 4 4 8 5 0 7 1 3 5 6 5 6 5
M[297] : 5 9 5 4 4 6 3 6 8 1 5 6 5 1 6 2 2 0 4 7 6 5
M[298] : 4 5 6 7 1 2 7 2 0 6 2 7 2 5 5 11 3 5 3 9 6 4
M[299] : 3 2 3 6 5 5 4 3 1 5 5 5 8 8 3 5 0 5 4 3 3 5
M[300] : 5 8 5 2 5 4 8 6 4 6 4 7 0 5 4 4 3 5 1 3 4 5
M[301] : 6 1 6 3 2 2 5 11 7 6 0 6 4 4 7 7 5 4 6 8 5 4
M[302] : 2 5 3 8 7 5 4 3 8 6 7 0 5 6 4 5 2 7 1 5 5 7
M[303] : 8 4 4 2 5 6 2 3 6 3 2 4 4 4 3 6 3 5 4 8 7 0
M[304] : 5 3 6 2 4 4 6 5 4 1 5 3 4 5 7 6 6 0 4 10 5 7
M[305] : 3 6 6 5 6 5 2 3 3 4 5 4 2 4 7 10 5 5 0 2 5 5
M[306] : 4 1 7 3 2 4 6 3 8 2 5 4 4 0 5 6 3 4 7 2 2 5
M[307] : 4 6 6 0 4 6 8 5 8 4 13 7 10 3 7 6 3 6 3 5 6 6
M[308] : 1 7 7 4 7 3 9 0 7 5 5 4 5 2 4 4 6 3 5 3 8 3
M[309] : 3 7 5 3 5 6 3 4 5 4 7 2 2 5 3 5 6 9 6 0 2 6
M[310] : 5 4 4 5 1 4 5 5 4 5 8 4 4 4 6 6 7 2 0 6 4 6
M[311] : 6 4 3 5 6 7 2 2 6 6 7 0 9 8 2 2 6 2 4 6 2 4
M[312] : 5 5 4 5 2 3 2 6 6 5 5 10 0 7 9 4 9 5 8 7 5 2
M[313] : 1 5 6 0 6 4 6 5 4 6 6 6 4 4 3 5 4 7 6 4 7 7
M[314] : 5 7 3 0 5 3 4 6 4 2 3 6 3 8 4 0 3 5 1 2 5 3
M[315] : 2 9 3 2 3 2 6 6 2 5 3 0 4 6 4 2 7 3 5 1 3 5
M[316] : 3 0 7 4 4 4 6 4 5 4 7 7 9 2 4 7 3 9 3 4 5 5
M[317] : 2 4 4 7 7 0 4 7 4 2 7 8 4 6 5 5 4 5 4 2 7 6
M[318] : 5 4 3 8 1 7 2 3 6 7 4 4 0 3 4 5 6 3 2 4 5 10
M[319] : 1 1 5 10 9 4 3 6 2 3 0 2 6 7 0 5 3 6 8 5 8 2
M[320] : 4 5 4 6 1 9 4 7 0 5 5 4 6 6 5 3 5 4 1 6 3 6
M[321] : 5 6 8 3 4 7 4 6 4 6 3 5 2 8 0 5 2 9 6 2 5 4
M[322] : 8 1 0 3 5 4 4 2 3 6 3 7 6 4 6 5 6 5 5 3 3 7
M[323] : 3 4 5 6 6 7 6 0 1 5 7 7 4 4 4 6 4 2 3 5 6 7
M[324] : 6 0 7 6 7 5 3 5 4 4 4 2 9 4 3 3 6 6 4 6 4 3
M[325] : 8 7 7 4 6 3 4 4 5 6 3 6 5 1 3 0 5 3 5 2 3 2
M[326] : 4 7 2 0 5 4 6 3 7 6 4 5 6 1 3 3 4 8 9 6 4 7
M[327] : 8 3 7 1 3 6 4 3 0 5 4 2 4 7 2 4 6 7 5 4 4 4
M[328] : 4 7 2 5 4 5 3 5 4 9 5 5 2 7 2 8 3 0 4 4 2 3
M[329] : 5 1 7 0 0 6 1 4 4 3 5 5 3 5 3 6 3 2 3 6 2 4
M[330] : 5 6 4 4 6 6 7 6 2 2 4 7 5 2 8 7 8 5 5 4 0 5
M[331] : 4 2 2 4 5 5 8 8 4 8 4 5 7 5 6 6 3 3 4 3 4 0
M[332] : 9 6 8 5 9 6 4 2 3 6 4 2 5 5 4 7 9 8 0 6 1 8
M[333] : 4 4 4 5 7 6 4 7 6 3 6 0 2 5 7 7 6 3 4 3 4 6
M[334] : 5 4 7 9 3 3 5 6 5 6 0 8 5 5 4 3 3 3 3 4 7 7
M[335] : 3 7 7 4 4 4 4 4 6 5 4 6 6 6 6 9 5 0 3 4 11 7
M[336] : 5 3 4 2 7 4 7 4 5 5 4 8 7 2 4 6 0 4 5 6 2 2
M[337] : 2 6 6 8 5 4 3 3 2 3 3 1 3 6 4 0 7 3 4 6 6 2
M[338] : 2 4 9 3 11 4 5 2 4 5 3 5 0 1 6 6 7 4 6 5 5 6
M[339] : 6 5 1 4 5 4 10 5 5 5 5 0 6 3 5 5 6 6 5 8 5 4
M[340] : 3 5 5 5 4 4 3 4 0 3 5 5 5 5 5 5 4 8 6 4 3 2
M[341] : 6 4 4 4 4 0 3 6 4 7 6 6 5 2 5 6 7 5 5 1 1 2
M[342] : 0 7 5 4 5 6 2 5 5 6 4 4 8 3 6 3 3 8 3 2 2 3
M[343] : 3 3 2 5 3 3 2 4 0 0 3 7 2 5 2 2 3 6 2 6 2 3
M[344] : 0 3 4 3 4 2 5 4 5 3 7 5 2 5 1 4 5 5 5 6 3 4
M[345] : 6 4 4 6 7 11 6 4 6 8 5 3 6 0 6 2 6 5 5 9 6 1
M[346] : 6 4 0 7 6 7 3 6 8 6 9 6 3 9 2 6 4 7 5 7 7 2
M[347] : 4 3 9 4 3 5 3 4 4 4 2 1 2 3 0 3 6 4 8 4 5 9
M[348] : 5 6 1 5 5 8 4 5 4 8 8 5 4 5 8 2 0 4 4 9 2 5
M[349] : 7 3 5 5 5 9 5 0 1 5 3 5 6 1 8 2 4 0 4 5 4 5
M[350] : 3 5 6 7 3 2 7 4 4 4 5 5 4 0 5 7 4 10 4 4 6 7
M[351] : 2 3 4 0 4 3 7 5 6 4 8 5 3 2 5 5 5 6 1 6 5 4
M[352] : 4 7 5 5 3 3 7 7 0 5 2 3 7 6 4 2 4 6 5 5 6 5
M[353] : 6 0 4 4 7 4 4 6 5 3 4 6 5 4 4 6 3 7 5 4 2 0
M[354] : 1 4 5 0 4 5 3 9 5 3 4 5 5 7 1 2 3 8 3 5 5 8
M[355] : 6 4 7 4 2 4 10 9 4 6 3 5 8 5 0 6 5 4 4 3 4 6
M[356] : 8 0 2 4 1 7 5 5 5 5 7 7 6 9 4 3 2 5 6 1 2 4
M[357] : 6 4 0 4 2 3 5 6 6 4 5 4 7 4 4 7 5 13 4 4 4 5
M[358] : 6 1 4 7 4 6 4 9 0 2 6 6 5 4 6 4 4 3 5 2 3 6
M[359] : 3 4 6 5 4 4 9 6 3 4 0 6 9 6 3 4 5 4 7 6 2 3
M[360] : 4 0 5 3 2 3 7 7 4 4 3 5 5 4 6 3 8 6 2 7 0 2
M[361] : 2 8 6 5 4 8 6 0 2 3 0 4 4 3 3 4 6 2 4 5 0 4
M[362] : 4 3 7 7 1 3 7 3 5 2 7 6 6 2 7 5 0 4 2 6 5 5
M[363] : 6 5 9 6 0 7 4 4 7 7 11 6 3 6 6 7 5 0 2 5 4 3
M[364] : 2 4 6 4 1 5 5 0 5 10 0 3 8 7 5 4 5 8 3 3 2 3
M[365] : 4 3 4 5 7 2 3 9 5 2 6 3 6 3 0 9 5 2 5 5 8 6
M[366] : 4 9 7 0 3 3 9 8 9 3 5 5 4 5 7 3 4 4 5 3 9 6
M[367] : 2 5 5 5 8 3 3 2 6 3 7 4 4 3 3 6 5 3 0 4 0 4
M[368] : 6 7 5 4 2 6 5 1 5 5 3 6 4 6 5 7 7 4 0 4 5 4
M[369] : 4 4 4 9 0 5 2 4 2 7 8 4 5 5 5 6 6 5 7 7 9 4
M[370] : 3 6 6 8 6 3 5 5 6 2 9 5 7 4 0 8 2 8 4 9 7 7
M[371] : 5 4 9 3 5 5 8 4 6 6 6 5 5 7 2 0 5 4 7 5 3 5
M[372] : 6 7 5 7 3 7 5 7 4 4 8 6 3 8 0 4 4 6 0 1 3 5
M[373] : 5 6 6 5 2 6 1 4 2 0 2 4 7 7 2 5 4 10 5 2 3 5
M[374] : 3 0 3 7 1 3 2 6 5 1 7 5 2 3 4 2 3 5 6 5 7 5
M[375] : 4 3 6 1 6 8 2 7 6 6 4 0 7 4 5 4 6 4 2 6 4 9
M[376] : 6 4 3 4 5 6 3 9 2 4 9 6 6 5 4 2 3 4 0 8 5 1
M[377] : 4 4 6 3 4 4 2 4 4 3 6 0 1 5 0 10 5 6 6 5 1 6
M[378] : 4 1 7 4 2 3 10 6 6 4 4 3 5 6 6 4 0 6 5 5 4 3
M[379] : 3 5 3 2 3 3 6 5 3 5 4 2 4 3 3 7 0 2 5 1 4 6
M[380] : 3 7 5 4 6 7 6 0 1 3 6 7 5 4 3 7 2 7 2 4 6 6
M[381] : 2 2 5 6 7 3 8 8 8 6 4 4 2 3 4 0 5 7 7 2 8 7
M[382] : 1 3 5 4 5 2 5 5 0 3 3 7 2 4 2 6 3 4 3 7 6 8
M[383] : 1 3 4 2 0 4 3 4 2 6 3 6 1 3 5 5 6 2 7 6 4 6
M[384] : 4 6 8 4 4 5 4 0 7 5 6 0 6 5 5 4 6 7 2 6 4 6
M[385] : 2 0 8 7 7 4 3 3 5 3 8 5 5 7 3 7 3 4 2 3 5 6
M[386] : 11 8 4 6 4 2 0 8 8 3 4 4 5 3 7 7 7 7 3 4 3 5
M[387] : 5 6 3 3 2 8 5 6 4 3 6 0 2 4 2 8 5 3 4 3 1 3
M[388] : 0 2 4 5 7 6 5 2 5 5 6 5 7 7 6 3 7 6 2 4 4 3
M[389] : 5 4 5 2 3 3 5 7 2 3 14 7 3 4 0 5 4 8 5 10 5 2
M[390] : 3 3 0 5 4 3 8 3 7 7 1 4 3 9 3 4 4 5 4 0 4 5
M[391] : 7 0 5 5 5 4 4 3 4 6 3 2 4 5 5 3 5 9 5 8 8 3
M[392] : 3 4 4 5 5 9 3 6 9 1 4 3 5 5 2 7 0 5 8 7 5 5
M[393] : 6 4 7 6 5 5 3 3 7 4 7 0 4 6 3 5 6 5 5 6 4 5
M[394] : 11 6 7 4 5 7 4 3 4 10 4 3 4 1 0 3 2 5 2 4 4 3
M[395] : 2 0 4 0 7 3 6 7 3 7 4 8 5 3 7 8 2 4 5 2 7 7
M[396] : 5 6 5 5 6 4 7 7 1 6 8 3 7 7 9 4 5 6 3 0 6 6
M[397] : 3 4 6 3 10 3 0 7 5 4 5 7 2 1 7 3 4 2 7 7 4 7
M[398] : 2 1 4 6 2 0 0 7 2 4 4 7 5 3 8 2 7 8 1 5 4 7
M[399] : 5 2 6 7 6 3 8 5 6 4 4 9 2 6 6 5 4 4 4 0 2 3
M[400] : 5 0 4 7 7 6 6 4 5 3 10 6 3 5 3 3 4 5 4 8 5 4
M[401] : 5 2 7 6 2 10 5 2 10 9 3 0 6 7 3 7 4 2 6 7 11 8
M[402] : 5 7 0 7 6 6 7 6 3 5 5 2 6 4 6 6 7 4 5 2 2 2
M[403] : 2 3 3 9 9 5 3 8 3 3 2 1 5 3 4 8 5 5 8 3 0 1
M[404] : 7 9 6 9 5 6 6 3 4 5 3 0 5 1 1 3 1 5 6 4 8 3
M[405] : 6 2 8 5 0 2 4 4 5 4 4 4 8 4 5 0 1 4 4 5 3 5
M[406] : 6 3 2 4 5 5 5 5 7 2 7 0 3 6 9 3 5 4 5 3 6 5
M[407] : 5 4 9 5 4 6 7 1 4 6 6 2 3 3 4 3 6 4 3 4 8 0
M[408] : 4 2 4 6 0 6 2 4 3 3 2 5 5 4 5 3 10 5 4 5 3 4
M[409] : 4 1 0 5 3 6 4 7 3 5 7 4 4 3 4 5 4 8 3 7 8 3
M[410] : 6 4 6 5 5 5 0 5 5 8 5 9 5 5 2 6 6 2 5 5 4 5
M[411] : 6 4 5 6 8 3 7 2 4 4 2 0 5 4 3 6 2 5 4 6 5 6
M[412] : 2 5 2 4 6 5 7 3 3 8 5 4 5 7 0 5 3 6 8 6 2 1
M[413] : 5 4 7 7 3 4 9 7 7 6 3 6 3 5 0 5 2 4 2 2 4 6
M[414] : 4 6 0 6 5 0 7 4 3 4 6 3 4 4 2 5 7 7 5 6 6 9
M[415] : 4 4 7 7 8 3 4 8 7 4 0 7 5 4 7 4 5 5 7 5 6 3
M[416] : 7 6 0 3 2 4 6 4 4 6 5 4 7 3 7 6 4 4 10 4 4 10
M[417] : 3 6 4 7 5 5 0 6 4 6 6 3 4 4 6 6 6 2 6 4 3 4
M[418] : 1 3 3 2 7 6 4 3 3 5 1 6 7 5 5 0 5 4 3 5 6 8
M[419] : 5 4 3 8 1 7 2 5 2 6 5 4 8 4 8 3 7 6 4 4 0 5
M[420] : 5 5 5 2 4 4 0 3 7 3 7 4 9 5 7 7 6 4 3 3 4 6
M[421] : 4 7 5 5 4 2 2 6 4 4 2 5 4 3 4 1 5 7 8 0 4 3
M[422] : 1 3 5 4 8 5 6 4 7 4 4 4 5 6 3 3 6 6 5 0 4 4
M[423] : 5 4 4 7 5 8 4 10 5 4 0 4 2 9 7 7 2 7 4 5 2 3
M[424] : 4 7 4 4 1 6 5 5 4 5 8 8 6 8 4 6 4 0 3 5 5 11
M[425] : 4 8 4 8 8 2 8 1 1 3 7 0 5 3 3 5 7 6 3 3 4 5
M[426] : 1 3 4 5 5 5 6 6 3 2 2 4 7 7 0 3 4 7 2 3 7 3
M[427] : 6 6 5 6 6 4 3 0 3 6 5 2 6 9 7 3 5 6 7 3 6 6
M[428] : 6 0 5 7 3 3 1 9 3 5 8 4 4 6 7 6 5 9 6 5 4 8
M[429] : 5 2 8 5 4 7 6 6 5 3 6 6 3 5 4 5 4 6 6 7 5 0
M[430] : 1 3 6 10 4 6 6 4 4 0 5 5 4 6 4 2 5 4 5 7 5 3
M[431] : 5 3 4 4 2 6 0 5 7 5 2 3 7 4 3 6 7 8 5 2 5 4
M[432] : 6 8 5 3 2 6 4 4 5 6 6 5 4 2 5 0 5 4 3 2 5 5
M[433] : 9 2 4 6 3 4 2 5 3 4 4 7 2 0 5 3 9 6 8 8 5 7
M[434] : 4 4 8 5 3 5 4 6 4 4 7 5 6 4 5 2 0 6 3 5 8 7
M[435] : 7 8 5 4 0 2 6 7 4 3 6 5 9 2 6 5 2 3 6 6 2 6
M[436] : 0 8 9 5 4 2 2 2 5 4 6 3 2 5 4 4 3 6 2 2 6 9
M[437] : 4 8 6 6 5 0 5 4 5 6 4 5 3 2 3 6 5 5 4 3 5 5
M[438] : 6 0 9 4 3 6 5 5 6 8 7 5 6 2 3 5 3 6 4 6 2 5
M[439] : 3 7 9 4 5 4 4 8 6 3 3 0 5 4 4 2 4 4 3 3 3 1
M[440] : 5 9 8 4 8 9 8 5 4 10 6 8 4 3 5 7 5 6 0 6 4 3
M[441] : 0 0 4 4 4 4 7 6 4 7 6 3 6 0 4 5 6 2 4 6 4 5
M[442] : 5 1 3 7 0 2 4 8 6 6 4 4 1 4 2 4 4 2 6 8 4 6
M[443] : 0 3 1 3 1 7 6 3 7 5 7 2 6 3 6 4 4 6 4 5 7 5
M[444] : 0 6 8 4 8 5 6 5 1 6 4 5 3 4 2 8 3 5 6 6 6 5
M[445] : 5 6 9 8 5 5 4 8 5 0 6 5 8 6 6 6 3 3 3 3 3 2
M[446] : 1 0 4 4 4 3 4 2 9 3 8 9 4 3 4 5 4 3 5 4 5 7
M[447] : 0 6 3 4 3 4 7 5 7 6 7 8 4 5 4 4 8 4 6 3 5 3
M[448] : 0 5 5 5 4 5 5 5 5 5 3 4 2 6 2 8 4 2 4 6 3 2
M[449] : 4 0 4 4 2 6 6 8 4 4 1 3 3 4 5 7 3 3 6 7 2 3
M[450] : 8 5 2 4 4 6 3 5 7 1 5 5 4 5 7 6 5 6 5 5 0 4
M[451] : 5 2 5 4 5 7 5 3 5 0 6 8 4 3 9 5 2 4 5 6 3 5
M[452] : 5 4 5 6 7 3 8 0 9 3 3 3 3 3 11 5 6 5 3 4 1 7
M[453] : 3 3 4 3 3 0 4 5 2 2 4 4 6 3 3 4 6 2 4 6 7 3
M[454] : 8 4 4 2 0 2 4 3 10 6 4 11 5 2 1 6 4 3 3 7 3 6
M[455] : 2 3 4 7 3 2 3 7 2 13 4 5 4 6 3 5 4 3 5 0 5 4
M[456] : 3 5 6 3 3 3 5 4 6 5 2 9 6 3 3 1 4 8 2 0 3 4
M[457] : 2 8 6 5 4 5 5 5 7 5 6 6 6 4 8 4 7 3 0 3 3 7
M[458] : 8 6 0 0 6 3 7 7 3 4 6 7 9 2 4 3 3 7 1 4 5 6
M[459] : 6 7 5 4 4 3 7 2 7 7 7 0 4 6 2 6 5 4 2 6 4 3
M[460] : 7 6 5 4 3 4 2 7 4 6 7 3 5 7 6 6 2 7 9 0 5 3
M[461] : 4 4 7 3 4 5 7 4 3 5 7 4 7 0 3 1 4 4 5 4 1 3
M[462] : 6 5 11 7 4 6 4 2 3 2 4 5 2 5 4 5 6 4 8 0 6 2
M[463] : 7 5 1 3 4 6 5 1 5 4 9 4 5 7 0 6 6 3 4 3 3 3
M[464] : 4 0 7 4 4 4 5 5 11 5 5 4 7 4 7 8 3 2 6 7 7 4
M[465] : 5 5 1 7 8 5 5 3 7 6 3 6 4 4 6 3 5 0 4 4 4 7
M[466] : 5 2 2 6 0 4 4 4 5 2 4 5 7 4 5 7 6 5 5 7 3 3
M[467] : 4 7 5 2 3 6 3 7 7 7 5 3 5 0 4 6 9 4 4 8 6 1
M[468] : 2 4 6 2 6 1 4 3 2 2 7 2 0 6 8 9 2 3 5 8 6 6
M[469] : 4 4 7 6 9 9 6 5 3 6 6 5 2 3 6 2 3 10 3 4 7 0
M[470] : 4 2 7 3 2 9 4 7 4 8 4 5 3 7 6 0 5 6 4 6 2 3
M[471] : 0 3 6 2 5 6 8 4 2 4 1 3 4 6 3 3 5 5 3 4 8 5
M[472] : 5 5 6 3 3 0 2 8 10 4 5 4 4 8 6 6 8 5 5 3 3 2
M[473] : 7 3 4 9 4 7 5 7 0 1 5 4 4 7 3 4 4 3 4 10 5 3
M[474] : 2 6 7 3 6 8 5 4 3 7 4 5 2 8 7 2 2 5 2 2 7 0
M[475] : 6 5 2 5 8 3 7 4 6 8 7 4 7 1 2 2 5 5 4 4 6 0
M[476] : 2 4 6 2 6 4 1 4 7 8 5 7 0 2 2 4 6 3 4 0 3 8
M[477] : 4 7 3 6 5 7 6 3 4 6 4 4 5 0 2 6 3 5 6 7 5 3
M[478] : 6 7 7 6 8 4 3 5 6 2 9 6 6 5 5 7 5 2 6 0 3 6
M[479] : 9 1 2 5 5 2 0 6 7 3 6 4 11 6 6 6 4 6 5 3 7 9
M[480] : 10 3 3 8 5 4 3 3 3 0 10 3 2 3 6 4 8 4 4 7 7 5
M[481] : 7 4 5 4 1 7 8 5 9 3 2 8 7 5 0 7 6 7 11 5 2 7
M[482] : 9 3 7 3 7 7 2 10 5 5 5 6 2 0 9 6 2 3 5 7 3 2
M[483] : 4 6 1 4 4 10 7 5 5 4 2 3 11 8 4 6 4 4 4 4 0 4
M[484] : 4 0 3 9 3 4 5 4 2 4 6 4 5 5 6 3 8 7 4 3 6 5
M[485] : 2 6 3 2 5 3 4 4 2 3 0 3 6 3 2 3 3 2 3 4 5 3
M[486] : 6 5 5 6 2 5 7 1 6 6 3 6 1 6 4 5 3 6 3 0 5 5
M[487] : 5 7 6 5 3 4 6 4 10 0 5 3 2 3 5 1 8 4 7 5 7 6
M[488] : 6 1 0 4 2 4 5 7 3 8 5 2 7 4 2 3 3 11 4 4 6 4
M[489] : 9 3 4 7 4 2 7 4 0 4 4 11 5 4 6 3 3 4 8 4 3 5
M[490] : 2 3 3 4 5 4 7 2 5 0 2 3 5 5 5 2 6 3 5 6 4 5
M[491] : 7 6 5 5 3 8 7 6 6 4 2 5 5 9 4 7 7 1 5 5 0 5
M[492] : 0 5 3 4 8 4 5 4 3 4 7 4 3 4 5 8 5 4 0 5 5 5
M[493] : 1 0 2 9 4 4 8 9 10 7 5 4 1 4 9 10 1 8 5 2 4 3
M[494] : 6 5 6 5 5 0 5 6 7 2 4 5 4 8 7 5 4 6 0 4 8 7
M[495] : 3 2 5 5 3 6 3 2 4 6 5 3 4 3 4 2 5 3 6 8 0 6
M[496] : 2 2 8 9 1 5 0 5 9 4 6 6 6 3 4 5 2 6 6 7 4 4
M[497] : 5 7 2 9 3 4 0 4 4 5 4 5 2 3 8 4 7 2 5 7 3 6
M[498] : 5 8 0 5 4 2 9 9 5 9 4 5 7 2 4 5 6 4 6 3 5 4
M[499] : 0 2 5 4 2 5 9 4 6 3 4 7 4 5 3 4 6 6 5 4 4 6
M[500] : 3 8 4 6 3 6 3 5 6 6 0 7 4 8 3 7 4 7 4 4 4 5
M[501] : 4 4 5 2 3 5 4 3 4 0 7 6 7 5 3 4 4 6 3 6 4 9
M[502] : 5 0 7 2 4 7 2 6 3 4 4 4 4 7 5 6 6 3 5 6 4 5
M[503] : 4 4 4 6 2 4 5 9 2 2 0 1 5 4 4 3 4 6 6 9 4 6
M[504] : 1 4 0 8 4 6 4 8 5 7 4 3 5 4 5 3 10 3 5 7 2 5
M[505] : 5 4 4 3 3 6 4 4 5 4 2 0 3 4 4 8 3 8 6 7 3 9
M[506] : 2 2 2 5 4 2 8 5 7 1 6 3 3 7 4 5 6 3 5 6 3 0
M[507] : 4 8 5 2 4 5 2 5 8 5 5 9 7 2 9 0 3 4 4 4 7 7
M[508] : 4 3 6 3 2 1 3 3 5 6 6 4 7 7 3 3 7 0 4 6 3 4
M[509] : 7 5 4 4 4 9 5 6 5 4 4 4 0 5 4 5 1 4 2 4 8 3
M[510] : 4 7 4 2 4 8 6 6 4 3 4 6 6 3 3 6 5 4 2 3 6 0
M[511] : 3 6 0 4 3 4 6 6 2 6 4 3 3 4 7 9 4 7 6 6 9 5
M[512] : 7 3 6 6 6 3 2 2 6 6 3 3 3 5 4 8 3 6 7 4 0 14
M[513] : 4 8 0 6 9 6 3 3 4 6 5 4 6 8 6 3 2 4 6 5 3 7
M[514] : 7 4 7 2 7 8 4 3 6 0 4 5 2 3 4 5 6 8 7 6 4 2
M[515] : 6 3 5 4 5 2 3 8 4 5 6 6 4 2 6 0 3 3 5 3 3 5
M[516] : 4 7 2 6 0 5 6 3 6 4 1 8 3 2 2 2 4 8 5 6 0 6
M[517] : 7 6 6 7 6 4 2 7 6 0 3 4 4 7 3 2 7 6 7 5 2 4
M[518] : 4 7 9 3 6 9 6 5 7 4 2 5 7 0 7 3 4 6 4 3 3 5
M[519] : 6 7 4 4 1 5 3 0 1 5 4 6 4 6 4 5 1 7 5 4 8 5
M[520] : 6 4 5 4 0 5 3 4 2 2 6 5 6 7 5 6 3 10 3 4 5 7
M[521] : 5 4 2 7 4 1 2 7 0 4 5 7 0 5 3 3 5 3 4 6 6 5
M[522] : 2 6 5 6 6 7 3 2 5 5 5 6 5 0 2 3 5 7 9 8 6 4
M[523] : 3 8 3 3 6 1 4 2 3 6 7 0 4 3 5 1 3 1 5 6 5 6
M[524] : 7 4 6 7 3 3 5 5 2 2 4 5 0 5 2 7 2 3 6 7 5 3
M[525] : 6 6 6 4 0 3 2 6 6 6 7 6 3 3 4 2 5 2 5 7 6 5
M[526] : 2 6 5 9 5 5 6 6 7 5 2 0 4 3 4 11 7 9 6 4 1 7
M[527] : 5 3 4 8 0 4 2 8 1 4 3 3 2 8 3 3 3 5 10 5 3 9
M[528] : 7 7 6 5 4 5 4 4 7 4 3 2 5 7 6 3 8 1 4 0 2 4
M[529] : 6 5 3 0 2 3 5 7 2 5 4 4 3 5 5 5 2 4 6 4 6 5
M[530] : 5 9 4 6 5 7 5 5 0 4 3 9 5 4 6 5 4 0 6 2 6 8
M[531] : 5 3 4 6 8 3 6 2 6 4 8 9 4 0 4 2 4 5 3 5 2 5
M[532] : 7 5 4 8 4 4 5 2 4 9 4 5 9 5 4 3 6 4 3 4 0 9
M[533] : 3 3 5 3 6 2 4 4 4 5 5 3 4 4 3 5 3 2 5 4 0 6
M[534] : 4 4 0 5 5 3 7 6 5 5 4 2 8 3 5 4 3 6 4 3 2 3
M[535] : 6 4 3 3 6 4 4 4 5 10 9 2 0 4 3 2 8 6 6 8 3 3
M[536] : 6 8 1 10 5 2 5 4 0 3 4 4 5 6 6 9 2 4 2 2 5 4
M[537] : 7 6 2 4 5 7 4 7 5 2 8 0 6 7 4 5 5 6 1 5 8 4
M[538] : 8 7 3 3 1 6 7 1 4 9 4 8 6 7 5 3 0 6 5 5 4 4
M[539] : 3 6 7 5 8 0 4 4 8 4 12 3 6 4 5 6 1 1 5 5 8 6
M[540] : 6 5 2 7 2 3 4 4 6 6 2 5 6 4 7 3 5 0 8 5 5 4
M[541] : 2 5 7 5 5 8 4 6 4 6 4 7 0 1 4 4 6 5 7 2 7 4
M[542] : 3 7 5 6 6 5 4 3 2 2 5 4 7 1 0 8 5 9 4 6 3 9
M[543] : 6 1 8 5 3 4 4 3 7 6 1 5 4 4 5 4 3 5 4 3 0 7
M[544] : 5 4 0 4 4 5 2 4 2 6 5 5 5 3 6 8 6 6 3 2 7 1
M[545] : 2 7 3 5 5 6 0 5 6 5 10 5 4 4 4 0 5 7 2 4 3 7
M[546] : 6 4 1 6 8 3 6 7 5 4 4 5 2 5 7 5 5 5 3 0 5 7
M[547] : 6 8 0 4 5 2 4 5 8 4 4 4 6 4 7 7 4 2 9 6 1 7
M[548] : 5 2 7 8 5 5 3 7 2 3 2 4 3 6 5 3 4 1 5 7 0 8
M[549] : 6 5 7 4 1 1 3 8 7 3 6 8 3 3 7 7 5 5 0 7 6 4
M[550] : 5 6 6 4 2 3 4 3 5 3 0 3 3 7 6 9 3 3 6 5 3 5
M[551] : 4 8 0 7 4 2 7 2 7 4 4 5 0 4 3 4 11 5 8 10 4 3
M[552] : 5 0 5 2 6 4 5 7 4 6 1 3 5 6 4 4 4 11 6 3 4 4
M[553] : 3 3 4 7 2 8 7 0 9 4 6 5 6 3 5 4 4 3 3 3 5 5
M[554] : 6 5 6 6 5 3 6 3 5 4 5 0 4 5 3 3 4 4 5 5 6 5
M[555] : 7 1 5 4 6 5 2 3 3 3 5 0 4 6 2 4 3 7 4 5 3 11
M[556] : 1 6 5 4 5 6 7 7 4 4 6 3 0 5 7 4 4 3 3 0 3 8
M[557] : 5 7 6 6 4 4 5 2 1 5 0 5 4 7 2 6 5 5 3 2 2 3
M[558] : 7 4 4 4 3 5 4 7 3 0 3 7 2 4 6 7 7 6 6 4 5 5
M[559] : 5 3 4 6 7 7 9 3 6 3 6 4 0 6 8 10 6 4 3 4 3 6
M[560] : 4 3 5 3 2 2 6 5 3 5 5 1 3 0 4 6 6 4 5 7 3 5
M[561] : 9 8 7 7 1 4 5 7 7 6 10 4 4 3 3 6 6 4 5 6 3 0
M[562] : 6 4 3 4 3 6 0 3 5 6 6 5 0 7 5 2 5 3 3 5 4 6
M[563] : 2 7 5 3 2 3 4 6 3 6 4 4 2 0 4 8 8 1 5 4 5 7
M[564] : 2 6 7 3 5 3 7 7 5 0 6 8 7 9 4 7 5 5 5 5 4 6
M[565] : 3 3 3 1 5 3 11 7 4 5 8 3 5 7 7 4 4 6 0 5 3 3
M[566] : 5 2 5 3 6 4 3 3 10 5 8 1 1 1 4 8 7 0 5 2 2 10
M[567] : 6 1 3 6 3 3 5 4 4 4 2 10 2 3 2 5 5 3 6 8 4 0
M[568] : 2 0 1 5 3 9 3 6 2 4 4 8 4 5 5 4 2 3 8 2 4 4
M[569] : 4 2 4 0 3 7 2 6 9 7 5 5 4 3 6 4 4 6 6 8 6 9
M[570] : 5 2 2 1 1 0 1 5 5 4 2 8 5 4 5 5 5 2 6 4 6 8
M[571] : 6 9 5 2 7 9 2 4 8 5 2 7 2 4 3 8 0 8 6 4 4 5
M[572] : 0 6 7 6 1 4 5 5 3 6 9 7 4 5 5 7 3 2 3 2 5 6
M[573] : 4 3 3 4 6 5 3 2 3 3 5 3 0 3 7 3 4 1 5 5 6 5
M[574] : 1 3 5 4 3 4 5 3 4 10 4 3 0 2 6 3 7 11 4 4 6 4
M[575] : 0 2 3 2 5 11 7 9 4 8 1 8 0 4 6 8 6 4 6 3 9 5
M[576] : 4 2 8 8 6 4 4 6 5 6 1 2 7 2 5 5 5 5 2 4 6 0
M[577] : 5 8 3 2 1 7 4 7 8 0 3 5 5 6 4 8 6 5 3 1 5 4
M[578] : 7 7 8 8 3 3 0 4 9 4 4 6 6 3 6 6 5 1 7 5 2 3
M[579] : 8 2 5 8 3 2 2 3 6 6 8 3 3 5 7 4 5 6 5 3 0 4
M[580] : 6 3 5 6 6 7 0 5 7 4 6 3 2 5 7 5 6 8 6 5 5 3
M[581] : 5 2 4 0 6 4 7 4 3 6 5 6 4 12 7 5 3 3 6 7 6 5
M[582] : 5 6 3 5 7 3 0 6 6 6 7 3 3 3 5 3 8 7 3 4 6 5
M[583] : 3 6 5 5 5 5 4 2 3 6 6 3 5 4 4 4 4 3 4 4 0 0
M[584] : 10 7 4 0 10 5 2 4 6 4 7 6 4 8 3 9 3 4 4 6 2 3
M[585] : 4 5 3 6 2 7 3 6 6 7 3 4 5 6 3 7 5 0 7 3 5 7
M[586] : 5 6 5 3 5 5 0 2 4 4 3 5 5 3 1 6 7 4 5 9 6 7
M[587] : 4 6 5 4 4 4 5 7 0 7 0 2 4 7 10 6 4 4 5 7 0 4
M[588] : 4 4 4 2 8 5 6 5 5 7 3 6 5 3 4 0 5 5 3 2 5 4
M[589] : 3 4 5 2 7 6 6 4 3 1 0 3 5 0 6 4 5 2 1 5 5 3
M[590] : 3 7 6 0 6 2 3 3 7 4 4 2 3 4 3 3 3 4 4 4 4 4
M[591] : 2 5 2 7 6 5 7 4 5 1 7 6 3 6 6 5 4 0 2 6 6 3
M[592] : 3 6 3 7 7 3 6 5 4 4 3 4 4 0 4 3 5 5 4 4 2 7
M[593] : 2 0 5 1 7 4 7 9 5 4 2 5 6 5 2 2 0 5 4 2 7 4
M[594] : 3 3 7 7 7 2 4 0 4 5 6 2 2 6 3 7 2 6 4 1 3 5
M[595] : 4 3 1 5 5 3 7 5 4 1 2 0 6 4 4 5 8 3 2 4 9 3
M[596] : 7 6 0 0 5 5 5 3 3 6 4 8 7 6 6 5 7 4 6 3 4 4
M[597] : 6 6 5 6 8 5 6 3 6 1 3 2 9 9 5 5 3 6 6 0 2 3
M[598] : 5 4 6 3 2 8 9 3 2 8 7 8 6 0 2 2 1 4 6 7 9 4
M[599] : 3 7 2 8 2 2 3 3 5 6 6 2 4 9 6 2 0 4 4 7 6 4
M[600] : 1 6 4 3 4 3 0 8 5 4 6 3 5 7 7 3 3 3 3 7 0 7
M[601] : 5 0 3 6 4 7 9 6 5 2 6 6 4 8 4 5 5 2 5 2 4 6
M[602] : 1 2 0 8 6 6 3 4 6 5 3 5 2 5 1 5 4 4 4 3 4 1
M[603] : 6 4 4 5 3 5 1 5 2 2 5 8 3 0 2 4 4 9 6 6 4 3
M[604] : 7 2 11 6 4 4 6 6 4 3 5 9 5 3 2 2 0 6 6 10 6 8
M[605] : 4 7 3 3 5 4 6 6 1 4 3 5 2 3 5 3 2 6 6 4 5 0
M[606] : 4 1 4 5 2 3 1 2 3 0 8 6 5 2 7 8 2 4 4 5 1 6
M[607] : 3 3 2 3 2 8 6 5 5 3 2 6 4 1 6 3 5 3 5 4 1 0
M[608] : 2 2 4 5 7 4 2 4 5 3 5 6 5 0 10 3 4 4 7 5 4 3
M[609] : 1 6 5 5 2 6 2 6 3 5 5 5 2 2 2 3 8 5 1 0 4 0
M[610] : 2 1 4 1 4 4 7 3 5 4 3 0 9 6 6 5 3 9 4 3 4 5
M[611] : 3 6 5 7 3 3 7 5 7 5 4 0 5 5 7 8 5 9 7 7 4 7
M[612] : 4 6 6 5 3 3 7 4 0 5 1 4 6 4 4 4 8 5 4 4 5 0
M[613] : 3 8 7 10 2 5 4 8 0 6 3 8 6 8 6 5 4 1 3 5 3 4
M[614] : 5 1 5 1 4 2 2 8 5 2 2 4 7 4 5 2 8 5 6 4 0 3
M[615] : 4 0 0 7 3 7 3 7 2 6 5 5 4 5 3 9 1 4 6 2 2 3
M[616] : 3 7 9 5 1 6 2 0 2 4 5 5 4 2 5 6 7 3 6 3 4 5
M[617] : 6 1 6 3 5 2 3 8 3 8 7 2 8 3 4 5 7 0 6 5 8 7
M[618] : 3 4 3 9 3 8 3 5 6 6 3 5 7 3 5 4 0 9 3 8 6 4
M[619] : 4 8 0 3 4 1 5 1 3 8 4 9 5 6 8 4 6 4 6 0 6 5
M[620] : 6 3 3 3 4 3 4 6 6 4 4 5 5 4 3 5 6 4 3 4 0 6
M[621] : 7 4 3 6 4 7 2 5 4 7 2 7 4 5 1 2 3 4 7 0 5 8
M[622] : 0 5 5 8 2 3 7 4 6 5 2 5 5 5 6 5 6 7 5 3 3 6
M[623] : 5 2 7 11 7 4 4 5 4 0 7 4 8 8 6 3 5 3 6 5 1 1
M[624] : 2 7 5 5 9 9 2 3 0 5 1 3 9 6 2 6 0 5 6 3 5 5
M[625] : 5 6 5 2 5 6 6 2 4 4 8 5 5 9 7 5 9 5 8 0 5 6
M[626] : 6 6 4 4 3 7 7 8 8 5 5 5 6 5 7 2 3 4 0 6 9 6
M[627] : 5 6 5 4 7 5 7 5 7 6 7 3 2 5 4 4 4 4 2 0 8 4
M[628] : 5 2 7 3 5 6 6 3 0 4 3 5 3 6 8 8 7 7 6 5 4 3
M[629] : 8 4 2 5 5 4 6 6 1 0 5 5 11 5 4 7 8 5 9 6 2 7
M[630] : 2 4 3 6 9 4 4 5 0 5 4 4 3 7 10 4 5 4 4 2 4 6
M[631] : 5 8 2 7 2 0 0 8 6 4 7 11 6 5 6 5 4 4 8 6 3 6
M[632] : 6 0 4 5 2 1 1 8 5 2 2 3 9 4 4 6 3 7 1 1 4 5
M[633] : 1 1 1 5 4 8 7 0 5 8 6 5 6 5 7 5 5 5 7 2 4 8
M[634] : 2 3 0 6 3 7 5 3 1 8 7 4 1 5 3 6 5 5 0 0 9 4
M[635] : 1 7 5 4 4 7 6 4 2 4 0 3 2 6 4 6 3 4 4 4 4 3
M[636] : 2 11 3 2 2 10 5 4 0 8 6 4 5 9 3 6 4 3 6 4 4 4
M[637] : 3 5 4 8 7 5 7 4 4 9 6 7 0 5 9 5 3 6 8 9 7 3
M[638] : 6 4 5 3 3 3 5 1 4 5 4 7 4 4 8 3 8 6 4 0 3 6
M[639] : 2 4 5 5 9 7 3 8 0 6 6 3 3 4 7 4 5 5 3 5 6 5
M[640] : 4 7 5 3 5 6 0 2 1 7 5 8 6 6 6 8 4 7 1 6 8 7
M[641] : 4 5 4 4 6 5 3 4 3 8 4 4 6 3 3 10 5 2 0 4 5 5
M[642] : 7 4 3 4 2 0 5 6 6 6 2 2 5 5 2 4 5 4 5 7 5 7
M[643] : 5 7 5 5 2 3 7 2 2 8 0 6 6 3 7 2 7 4 7 7 7 7
M[644] : 4 3 4 3 7 6 0 7 8 2 5 3 3 2 5 4 6 0 4 3 4 7
M[645] : 2 3 6 3 4 7 2 3 8 2 0 8 5 8 1 6 7 5 6 6 3 3
M[646] : 4 6 8 1 4 5 4 10 2 0 2 7 2 4 5 2 4 4 8 4 4 5
M[647] : 3 4 3 7 5 3 3 6 5 7 4 5 3 6 5 6 2 6 0 7 2 5
M[648] : 0 5 4 5 4 8 3 4 5 5 3 5 6 4 2 1 8 5 6 6 7 2
M[649] : 7 8 2 6 3 5 3 6 10 7 7 4 5 2 10 5 5 2 1 5 2 0
M[650] : 9 6 2 7 7 2 6 4 5 8 4 3 4 3 7 4 0 2 9 5 5 7
M[651] : 1 0 9 2 4 3 6 4 5 5 5 6 3 4 4 7 8 3 3 4 4 6
M[652] : 3 3 2 3 3 5 0 6 1 1 5 4 3 6 6 2 5 5 4 3 2 5
M[653] : 5 8 5 4 7 6 5 5 7 10 6 5 6 5 4 8 4 4 0 8 2 4
M[654] : 3 5 9 1 4 3 4 6 4 3 2 2 8 5 5 4 0 8 3 4 5 4
M[655] : 1 7 7 1 8 5 4 7 6 5 3 6 2 5 3 8 5 7 4 3 3 0
M[656] : 3 7 3 3 4 6 7 3 6 4 6 6 2 3 6 4 4 3 3 2 1 0
M[657] : 5 1 4 3 0 4 4 3 5 4 3 8 8 4 9 6 6 5 10 5 9 6
M[658] : 7 1 4 7 2 4 0 6 4 4 8 5 5 6 2 3 4 7 5 4 6 5
M[659] : 0 4 6 5 9 4 5 0 5 4 4 4 4 5 6 5 8 4 6 2 6 3
M[660] : 1 9 5 2 4 5 5 7 7 7 4 6 0 8 5 3 10 5 6 4 2 6
M[661] : 6 8 2 4 3 3 5 2 5 5 3 7 6 7 7 4 0 4 7 4 5 6
M[662] : 3 6 8 6 5 3 8 7 5 7 3 6 3 3 6 6 0 2 6 4 5 3
M[663] : 4 3 4 5 10 4 7 8 0 4 6 5 6 5 4 7 1 4 5 4 7 4
M[664] : 1 6 2 7 6 7 3 10 7 4 4 6 6 4 0 5 5 3 3 3 5 1
M[665] : 2 9 4 3 5 6 2 3 6 5 12 7 5 4 4 8 5 0 1 4 5 3
M[666] : 7 5 5 7 2 6 6 5 5 5 4 2 2 5 0 3 7 1 5 6 5 6
M[667] : 3 5 4 5 2 1 3 6 3 8 8 0 2 4 5 5 2 4 3 3 5 5
M[668] : 7 5 1 4 7 4 5 2 5 4 0 5 7 2 9 4 4 5 5 7 4 4
M[669] : 2 5 4 7 6 2 10 5 5 5 3 6 6 5 2 7 6 5 6 2 8 0
M[670] : 3 3 8 3 7 0 4 6 3 3 2 8 6 1 8 6 4 2 2 3 5 7
M[671] : 3 1 0 5 4 3 3 6 3 3 4 7 5 7 3 5 6 6 4 4 2 4
M[672] : 10 3 4 2 4 5 7 4 5 4 4 6 4 2 3 7 7 6 7 6 3 0
M[673] : 0 4 5 10 3 7 5 4 1 6 7 3 5 4 4 4 8 4 6 7 6 4
M[674] : 5 7 4 3 5 3 8 0 6 2 5 3 5 5 5 6 5 6 5 4 0 2
M[675] : 4 9 6 6 8 6 6 3 6 5 8 0 11 10 5 5 5 6 5 5 3 4
M[676] : 3 7 3 3 6 4 5 3 7 3 6 6 6 5 8 3 0 6 6 5 7 7
M[677] : 5 6 5 3 6 7 4 1 3 3 6 7 4 2 5 5 5 3 4 6 0 4
M[678] : 5 0 3 1 4 7 4 6 7 7 3 4 7 3 5 3 4 5 1 7 4 4
M[679] : 3 3 6 5 5 5 0 7 5 6 6 3 3 9 2 6 3 2 1 5 10 5
M[680] : 0 5 5 6 4 4 6 8 8 5 6 5 6 4 7 2 4 2 8 6 3 4
M[681] : 4 0 2 4 5 7 7 4 4 6 4 7 4 3 8 4 8 8 6 6 4 6
M[682] : 6 0 6 5 2 6 9 3 4 4 1 5 7 7 4 6 7 3 4 6 3 4
M[683] : 2 5 4 4 5 9 3 7 6 6 0 7 4 4 6 1 1 7 7 0 3 4
M[684] : 4 2 5 4 5 5 5 2 7 8 4 8 4 3 8 9 7 5 2 0 3 1
M[685] : 5 4 2 2 2 3 5 5 0 3 5 7 3 6 6 4 6 6 10 5 1 7
M[686] : 3 8 0 4 8 2 7 5 7 5 5 6 7 12 5 7 7 2 6 4 3 9
M[687] : 3 11 2 3 5 5 3 1 3 3 4 6 6 4 5 1 3 5 5 0 5 4
M[688] : 6 0 5 5 5 6 5 4 4 6 2 10 3 5 5 6 5 4 6 3 5 3
M[689] : 8 6 4 2 3 1 3 6 3 0 6 4 3 3 5 7 5 5 4 3 3 3
M[690] : 2 2 3 5 5 2 7 5 5 11 5 2 6 1 0 5 2 4 7 6 8 3
M[691] : 8 6 5 3 6 2 7 3 5 4 2 7 2 6 0 4 2 3 6 4 4 2
M[692] : 5 2 4 3 7 3 8 10 5 5 4 4 6 9 5 3 7 1 7 6 0 4
M[693] : 5 4 4 4 6 4 6 3 3 0 6 5 6 9 4 3 4 8 1 4 3 3
M[694] : 7 11 2 4 6 10 2 2 2 4 1 5 1 4 6 4 4 5 4 3 0 3
M[695] : 2 3 9 4 4 3 6 4 5 5 3 4 3 7 8 6 3 0 2 2 1 4
M[696] : 5 3 6 6 6 4 3 3 3 6 7 6 5 6 0 7 6 4 7 6 7 4
M[697] : 4 5 3 5 1 5 4 4 3 3 4 5 4 3 7 0 5 5 9 2 5 3
M[698] : 5 7 4 5 8 4 8 10 5 6 4 6 3 4 0 4 4 4 1 3 5 7
M[699] : 6 7 4 4 4 5 3 1 5 0 6 3 5 6 2 9 3 7 4 6 6 3
M[700] : 3 8 3 6 5 2 2 3 3 2 2 8 0 4 7 7 3 6 3 5 6 1
M[701] : 4 4 8 5 5 3 2 0 8 6 7 5 2 6 4 5 5 6 3 6 4 7
M[702] : 5 6 6 6 2 2 7 8 4 2 5 8 3 9 10 0 1 3 9 5 3 4
M[703] : 5 7 4 3 7 6 1 5 4 7 4 4 0 9 7 3 5 4 3 5 7 3
M[704] : 5 6 4 0 7 7 1 4 6 5 7 2 5 7 10 2 6 7 2 3 5 6
M[705] : 5 7 2 2 2 5 5 5 3 4 6 3 0 6 3 5 5 7 2 3 8 2
M[706] : 2 6 7 5 8 2 6 4 6 9 6 6 2 4 7 4 5 0 4 6 3 3
M[707] : 0 3 5 2 3 4 5 5 5 4 7 7 2 6 6 3 5 4 8 7 3 9
M[708] : 4 6 4 4 4 5 5 7 6 9 7 3 0 4 4 6 2 5 3 6 4 4
M[709] : 5 7 4 6 7 6 0 7 4 7 4 4 1 2 7 5 6 4 10 5 2 5
M[710] : 5 0 4 6 4 4 4 5 5 4 6 4 4 6 8 6 3 3 6 3 4 7
M[711] : 3 8 3 6 4 5 6 7 4 5 9 6 7 4 6 3 7 6 4 5 0 5
M[712] : 3 6 4 4 4 6 4 4 2 8 4 6 4 9 3 6 5 0 5 5 2 6
M[713] : 5 6 7 7 3 5 6 4 6 2 6 7 4 1 3 10 5 4 5 6 6 0
M[714] : 4 8 5 6 4 2 1 2 5 11 4 4 8 0 3 3 4 3 4 3 5 4
M[715] : 6 6 7 4 0 8 7 2 1 2 4 3 4 5 10 3 3 4 2 3 10 9
M[716] : 4 4 5 3 5 2 6 3 0 2 9 5 5 3 7 6 3 8 6 1 6 8
M[717] : 2 4 7 6 6 9 3 3 11 2 7 3 5 5 7 4 3 5 5 3 0 6
M[718] : 1 9 7 7 5 5 3 8 4 5 2 8 3 5 6 0 4 5 4 2 9 8
M[719] : 7 5 6 0 6 4 3 2 3 5 2 4 4 3 4 2 3 2 8 6 3 4
M[720] : 3 6 3 3 5 4 6 6 7 3 6 8 7 3 0 5 4 10 6 8 4 3
M[721] : 7 0 3 4 8 6 3 5 4 9 6 4 7 6 8 2 3 5 6 5 4 9
M[722] : 0 5 2 3 8 7 2 5 3 9 1 2 3 3 4 7 2 4 3 5 5 3
M[723] : 5 5 3 1 7 6 0 3 2 3 6 4 3 6 6 2 8 0 5 5 4 5
M[724] : 4 6 2 0 7 4 3 7 8 4 3 5 6 3 3 3 4 8 1 4 6 5
M[725] : 3 1 8 4 3 3 5 4 6 5 0 7 5 4 4 4 7 9 4 4 8 4
M[726] : 4 4 4 2 2 5 7 2 2 1 9 2 3 3 6 5 0 0 5 3 7 5
M[727] : 10 2 7 6 3 4 5 4 2 5 6 1 0 7 3 3 6 7 5 8 5 1
M[728] : 6 4 7 4 7 4 5 0 1 4 2 5 2 6 6 5 4 2 3 4 4 7
M[729] : 0 8 5 4 3 4 7 6 4 3 5 8 5 4 4 6 6 5 6 8 4 7
M[730] : 6 3 7 5 5 8 8 4 6 4 7 6 0 5 6 5 5 5 3 5 9 1
M[731] : 5 3 3 6 0 0 3 4 8 9 5 5 3 5 4 5 4 1 3 3 5 6
M[732] : 4 5 4 5 2 4 6 7 4 6 3 8 5 3 6 5 0 3 7 5 5 6
M[733] : 0 5 7 5 5 4 6 7 6 4 3 2 5 8 3 2 4 4 2 5 7 4
M[734] : 4 6 2 3 4 7 6 4 7 6 6 3 4 2 1 0 6 3 3 3 1 3
M[735] : 4 9 7 1 4 4 3 4 5 3 6 4 8 3 5 0 2 3 6 4 6 4
M[736] : 2 7 5 6 5 3 10 0 8 3 5 5 5 5 3 6 2 9 4 8 2 7
M[737] : 3 8 0 3 5 1 4 5 2 7 6 5 2 6 7 5 2 5 4 4 7 3
M[738] : 7 8 3 2 4 0 6 5 4 7 3 4 8 4 8 7 4 5 8 6 4 5
M[739] : 6 6 2 0 1 3 6 3 4 3 4 5 4 7 4 3 4 5 3 8 4 3
M[740] : 7 8 0 8 11 10 2 9 9 5 4 4 4 5 4 5 5 5 3 8 6 4
M[741] : 6 4 0 7 7 8 4 5 6 0 3 5 6 5 3 11 2 9 4 6 7 4
M[742] : 2 4 8 2 6 5 2 2 4 2 2 3 4 2 0 6 7 5 8 5 3 1
M[743] : 3 7 1 4 7 5 2 4 5 3 9 3 3 4 1 0 5 6 6 3 2 7
M[744] : 7 1 6 1 2 4 8 4 2 3 4 5 5 4 5 3 0 5 5 5 10 5
M[745] : 4 5 7 7 7 5 0 5 6 8 4 7 6 7 8 2 4 4 2 4 3 5
M[746] : 2 4 1 5 7 7 5 6 5 6 7 0 6 4 5 6 5 2 0 4 1 6
M[747] : 7 5 4 7 7 3 0 6 4 4 7 5 2 5 4 6 7 4 8 5 3 4
M[748] : 5 2 7 7 4 4 6 3 4 6 2 2 2 5 6 3 3 2 0 7 7 2
M[749] : 13 3 4 9 6 8 5 0 4 6 7 7 6 5 4 5 4 4 3 6 6 1
M[750] : 7 6 4 5 0 6 3 5 1 5 5 7 2 6 4 5 3 1 5 2 9 6
M[751] : 4 4 8 7 4 8 3 6 5 8 5 6 7 6 5 3 4 4 1 4 4 0
M[752] : 3 4 6 2 9 8 0 8 6 5 6 5 2 8 6 5 4 4 5 3 5 8
M[753] : 8 5 5 0 5 3 2 3 3 7 6 5 8 5 8 4 4 5 3 1 5 6
M[754] : 0 5 7 5 6 4 5 4 4 4 6 5 4 6 7 4 4 2 3 4 10 3
M[755] : 3 3 6 5 6 6 4 0 5 5 7 5 5 6 6 4 5 1 7 5 4 3
M[756] : 7 8 4 5 4 2 4 7 5 4 2 5 5 0 5 2 5 2 3 6 3 3
M[757] : 4 6 8 7 7 2 2 6 3 9 4 5 4 5 2 6 0 7 6 7 6 8
M[758] : 2 2 2 5 3 2 2 3 4 7 7 6 8 0 1 3 3 2 5 5 2 4
M[759] : 3 6 5 4 3 7 5 3 5 8 6 2 2 6 4 3 0 6 7 5 7 3
M[760] : 3 7 5 4 5 1 9 9 9 1 3 5 5 6 7 7 9 8 2 4 0 2
M[761] : 3 6 6 3 3 9 7 0 6 4 5 6 4 7 7 4 6 7 8 6 5 4
M[762] : 4 4 7 4 2 5 7 0 2 6 6 8 7 8 5 10 3 3 5 7 2 7
M[763] : 5 4 4 7 6 0 10 2 8 4 3 7 3 3 6 3 4 11 6 6 2 5
M[764] : 8 0 3 4 7 2 6 4 5 8 6 7 7 1 4 5 3 4 11 7 3 3
M[765] : 0 8 6 8 4 3 2 1 4 0 7 4 4 7 5 5 5 6 7 7 4 4
M[766] : 4 0 2 7 6 4 2 2 7 1 3 5 5 7 5 8 5 3 3 8 5 4
M[767] : 4 2 5 5 5 5 3 0 5 6 3 4 5 3 5 3 2 0 1 8 3 3
M[768] : 6 3 2 1 6 4 4 2 3 5 4 3 5 0 4 3 8 5 5 5 2 4
M[769] : 6 2 5 6 4 5 5 2 0 6 5 6 7 1 3 9 5 6 9 6 5 4
M[770] : 4 2 5 2 8 0 3 4 12 7 7 3 5 6 2 6 9 8 0 3 8 4
M[771] : 5 9 4 4 2 3 4 3 2 8 6 5 6 6 5 5 0 3 4 4 7 0
M[772] : 5 5 3 9 4 0 3 3 5 4 2 4 8 8 2 6 6 3 4 1 6 2
M[773] : 6 3 7 5 4 5 9 7 6 6 3 4 10 8 2 0 2 5 4 5 7 5
M[774] : 3 3 4 8 5 3 4 6 3 3 7 3 4 4 8 5 3 4 4 0 8 5
M[775] : 3 3 8 7 3 5 6 2 0 6 4 2 4 0 7 6 5 4 6 2 4 4
M[776] : 6 2 5 11 5 1 5 2 7 6 6 8 4 4 5 7 2 4 0 4 8 7
M[777] : 6 3 3 8 7 4 7 2 6 4 7 5 2 6 4 0 7 7 9 3 6 5
M[778] : 4 4 9 5 7 2 6 4 5 4 5 3 7 3 0 5 5 7 3 6 4 5
M[779] : 1 5 5 4 5 5 4 4 0 8 4 3 4 4 6 5 6 4 3 6 3 6
M[780] : 4 3 5 2 3 4 5 3 2 8 4 5 6 6 8 7 0 0 3 5 3 5
M[781] : 4 6 2 1 3 5 5 4 3 7 4 7 6 5 4 5 0 5 5 4 4 2
M[782] : 4 4 2 3 3 5 6 1 5 5 5 4 2 7 9 7 5 9 0 5 1 3
M[783] : 3 5 6 7 3 0 7 7 4 5 2 5 6 4 6 4 3 5 3 8 9 5
M[784] : 0 5 10 0 6 3 7 3 6 3 3 6 5 4 5 8 7 5 5 5 6 5
M[785] : 5 4 8 3 5 4 6 3 3 7 5 6 7 2 7 0 4 3 7 3 6 4
M[786] : 12 3 3 5 0 3 7 7 2 2 9 6 5 4 8 7 4 5 3 4 7 1
M[787] : 2 4 5 4 0 6 5 8 6 2 4 7 4 4 5 6 5 4 6 5 3 3
M[788] : 3 5 5 7 3 3 6 4 2 3 4 2 7 4 4 3 8 0 4 6 2 2
M[789] : 4 7 7 5 2 1 4 7 6 6 3 3 5 3 5 0 3 7 6 3 4 3
M[790] : 4 9 5 4 1 4 4 2 4 5 6 4 6 6 7 2 1 0 6 8 6 5
M[791] : 5 2 2 6 2 6 3 6 7 7 5 6 5 6 4 3 6 8 7 2 0 6
M[792] : 4 9 2 7 2 6 5 0 3 6 5 2 5 5 3 7 4 4 4 4 3 4
M[793] : 2 3 5 4 3 3 4 5 4 7 9 5 4 6 4 0 5 6 2 4 8 3
M[794] : 3 2 2 6 6 6 7 0 4 7 5 4 8 4 4 6 6 8 5 6 2 3
M[795] : 7 7 4 0 2 2 3 5 3 6 5 5 6 5 2 6 4 8 7 4 4 3
M[796] : 2 2 6 7 4 5 5 5 5 7 4 5 2 3 4 8 7 0 7 2 4 8
M[797] : 2 5 3 4 3 7 4 4 4 6 3 4 5 4 0 3 7 1 11 3 2 3
M[798] : 3 4 8 3 5 3 6 6 2 0 5 4 5 3 5 5 2 6 4 6 7 5
M[799] : 0 4 7 6 3 4 3 4 2 6 3 4 3 2 2 2 3 6 3 6 5 9
M[800] : 4 5 3 4 4 5 8 11 3 0 7 5 6 4 4 7 10 3 8 5 3 2
M[801] : 6 8 2 5 4 3 6 3 5 5 0 4 6 4 5 3 5 4 7 5 12 4
M[802] : 0 5 5 5 7 4 5 6 3 4 2 7 2 5 3 5 6 3 5 1 4 3
M[803] : 5 3 6 9 2 5 6 8 6 3 1 2 6 6 0 5 4 7 3 2 6 7
M[804] : 2 4 4 2 5 7 3 7 0 3 6 5 4 3 1 2 5 3 2 3 5 3
M[805] : 2 6 3 4 2 6 6 3 6 8 4 5 5 10 4 11 6 5 0 4 4 2
M[806] : 7 3 8 2 4 4 4 8 4 9 3 2 9 2 6 8 3 5 0 8 9 5
M[807] : 7 5 7 5 3 7 4 3 4 12 0 8 7 6 7 6 6 3 3 2 6 3
M[808] : 4 5 4 7 3 8 4 4 6 5 4 5 1 8 4 6 7 0 2 3 6 4
M[809] : 3 8 6 5 4 5 7 9 6 6 2 6 6 6 6 0 2 7 5 4 5 8
M[810] : 3 4 8 5 5 6 2 12 2 5 2 6 5 3 7 3 6 1 0 5 6 2
M[811] : 5 5 2 3 3 7 0 4 5 7 4 10 7 4 5 5 8 7 5 6 1 2
M[812] : 4 9 3 0 6 6 10 6 6 7 4 2 8 10 5 1 3 6 4 9 6 9
M[813] : 6 3 2 7 3 2 7 6 7 6 0 8 8 7 3 6 3 6 3 4 0 4
M[814] : 6 6 3 3 5 2 3 5 5 4 0 2 5 4 5 1 5 7 2 6 4 5
M[815] : 4 2 0 3 5 5 7 7 6 5 2 6 5 2 7 3 5 4 4 7 4 2
M[816] : 6 5 6 8 2 8 2 7 3 0 6 4 4 5 10 6 3 5 4 11 2 7
M[817] : 6 5 3 10 7 9 2 8 4 2 2 3 4 4 2 4 6 6 11 0 6 3
M[818] : 4 5 2 0 9 11 4 10 8 7 3 4 3 5 6 8 3 2 3 8 8 5
M[819] : 6 4 2 3 2 10 3 8 3 8 7 4 5 1 4 4 0 4 5 6 3 3
M[820] : 3 4 4 4 7 2 4 4 6 8 5 5 4 7 5 0 2 3 6 6 2 4
M[821] : 5 5 3 6 7 6 3 5 5 0 7 7 8 2 5 4 7 4 6 5 1 6
M[822] : 3 7 6 0 7 7 6 5 2 5 3 3 2 5 2 2 6 6 2 6 6 5
M[823] : 3 5 4 5 5 5 8 3 4 5 0 6 5 9 3 5 4 5 7 7 3 3
M[824] : 5 3 4 13 0 3 5 4 8 6 3 3 4 6 5 9 3 5 4 1 2 4
M[825] : 3 4 3 0 4 5 8 7 2 3 1 3 3 6 6 5 3 4 4 5 2 8
M[826] : 0 4 6 3 4 4 8 4 5 3 2 3 4 3 4 5 5 7 3 6 6 2
M[827] : 5 4 7 6 6 10 0 3 4 6 3 6 7 4 6 5 7 5 6 5 4 2
M[828] : 6 4 3 2 3 4 4 8 7 5 4 4 6 4 5 5 5 1 0 4 3 6
M[829] : 6 1 3 4 2 6 6 3 5 4 8 6 0 9 7 7 3 4 3 4 2 3
M[830] : 8 5 2 3 6 5 5 5 3 3 4 6 3 3 3 0 3 4 6 5 2 4
M[831] : 2 8 3 4 2 3 2 8 5 6 6 7 5 5 7 3 2 0 1 7 5 2
M[832] : 3 3 3 3 0 8 5 3 6 5 0 5 7 6 5 9 3 9 1 1 5 3
M[833] : 5 6 0 5 3 4 6 2 4 5 8 3 8 5 4 2 3 7 7 6 6 4
M[834] : 3 6 6 0 2 7 2 4 8 6 2 7 3 1 2 3 8 4 3 4 7 7
M[835] : 4 1 5 3 6 6 6 8 1 5 5 2 2 4 2 5 0 5 5 7 2 8
M[836] : 4 6 7 5 4 7 4 3 3 1 9 0 6 6 5 4 5 3 7 3 4 3
M[837] : 9 4 2 4 3 5 0 8 3 3 3 7 5 6 4 7 6 7 4 1 3 6
M[838] : 5 4 2 3 6 3 4 2 2 0 3 4 6 7 8 4 2 8 6 3 5 4
M[839] : 9 5 3 0 5 8 2 5 6 5 6 5 3 2 5 6 7 2 2 9 5 5
M[840] : 4 2 5 3 4 4 4 5 4 2 5 3 3 6 6 9 0 2 5 4 7 3
M[841] : 8 5 5 4 4 2 5 7 5 6 1 5 3 1 8 5 5 4 3 6 1 0
M[842] : 5 6 2 4 2 6 5 0 3 5 3 5 3 5 8 7 3 2 4 4 4 6
M[843] : 4 5 7 3 3 6 3 5 6 5 7 2 7 3 6 3 0 7 5 4 4 3
M[844] : 2 0 6 5 3 6 4 5 2 4 5 7 3 5 5 6 6 5 2 7 6 3
M[845] : 0 1 5 5 5 3 6 5 7 3 3 4 2 5 5 3 5 5 4 2 6 5
M[846] : 5 2 2 1 9 5 3 7 3 5 3 3 5 2 0 4 6 2 5 5 2 10
M[847] : 6 2 4 2 3 5 2 4 6 6 4 7 4 4 9 3 4 0 6 4 3 3
M[848] : 5 4 2 4 7 4 3 3 8 5 4 1 5 4 9 1 9 6 7 0 4 5
M[849] : 5 7 6 8 4 6 4 2 9 5 4 5 3 9 5 5 4 6 0 2 5 7
M[850] : 3 2 0 1 6 2 4 4 4 1 5 5 4 5 4 4 6 7 3 2 8 5
M[851] : 10 3 6 3 5 3 4 7 0 9 3 5 6 6 4 9 3 7 6 7 9 5
M[852] : 6 4 7 5 3 7 6 5 7 3 6 5 6 4 0 8 7 5 4 3 4 7
M[853] : 2 5 0 6 5 5 2 2 5 6 5 5 4 3 4 5 4 4 4 6 7 3
M[854] : 8 6 9 6 3 2 3 4 4 6 8 3 5 5 6 1 8 3 0 6 4 1
M[855] : 5 2 6 4 4 5 6 8 4 2 7 5 5 5 5 2 4 6 0 2 8 4
M[856] : 6 6 4 4 4 5 4 0 7 5 7 1 4 6 5 7 9 7 3 6 7 2
M[857] : 3 6 3 4 5 2 6 4 3 4 5 2 2 0 6 5 4 6 2 6 4 0
M[858] : 4 6 3 4 5 5 4 4 7 3 1 6 6 5 9 6 6 0 2 2 3 3
M[859] : 3 4 5 4 2 5 6 7 0 6 3 7 5 6 5 4 3 1 9 6 8 2
M[860] : 5 7 5 5 6 4 3 5 0 7 2 3 7 6 4 3 4 9 1 7 5 3
M[861] : 2 5 8 4 4 6 4 5 7 4 5 6 7 3 2 6 0 4 3 6 0 4
M[862] : 5 3 3 5 4 6 5 0 4 5 3 2 4 4 7 4 3 3 4 7 6 6
M[863] : 4 6 3 6 9 3 3 6 2 4 3 7 9 6 6 3 3 7 6 6 4 0
M[864] : 1 5 7 7 4 3 4 4 6 7 7 6 5 5 7 5 5 4 0 3 4 5
M[865] : 3 5 5 3 6 0 4 7 2 4 2 5 3 4 5 6 9 7 5 4 6 8
M[866] : 4 3 11 4 4 3 5 4 5 3 7 8 8 0 3 7 1 5 2 1 7 3
M[867] : 5 7 5 6 3 0 7 9 6 5 2 4 6 2 4 6 2 2 3 4 1 6
M[868] : 3 5 6 5 2 4 4 3 2 0 2 2 5 5 4 4 6 4 5 7 5 4
M[869] : 6 6 10 5 6 7 5 4 6 3 6 12 3 6 3 7 0 7 8 3 6 2
M[870] : 5 2 2 6 6 6 4 6 7 0 6 7 4 3 5 4 6 6 7 4 5 6
M[871] : 2 7 4 6 4 3 6 4 4 3 4 5 2 4 4 5 4 5 4 2 6 0
M[872] : 8 1 3 8 4 8 4 6 1 4 6 5 5 4 3 6 3 2 1 1 4 0
M[873] : 2 6 7 6 3 7 7 7 5 7 6 7 0 3 4 8 10 6 6 7 4 0
M[874] : 3 3 3 5 4 2 8 0 3 2 5 5 7 3 6 3 3 6 0 5 2 8
M[875] : 7 5 6 5 6 4 0 7 4 10 4 5 7 3 6 5 5 4 3 2 2 2
M[876] : 4 4 8 3 0 3 4 8 2 7 2 9 5 4 4 5 6 8 7 4 4 3
M[877] : 0 2 3 5 4 5 2 2 6 4 4 3 8 5 4 2 5 2 3 3 4 5
M[878] : 2 6 2 4 6 6 0 5 4 3 5 4 5 5 3 2 4 8 5 3 6 4
M[879] : 5 0 3 9 5 8 3 1 2 4 5 5 4 2 5 7 9 2 2 2 6 6
M[880] : 5 7 3 4 4 3 4 8 4 5 6 5 0 1 6 2 5 7 5 5 2 7
M[881] : 2 3 6 4 4 7 4 6 0 3 3 5 2 6 4 5 5 4 3 7 4 7
M[882] : 3 5 1 5 5 0 5 4 7 1 1 10 3 5 6 6 9 2 3 5 8 5
M[883] : 6 7 2 6 6 4 2 3 4 4 6 5 8 6 4 0 3 6 9 2 3 10
M[884] : 3 7 5 4 2 7 8 7 6 4 3 3 5 6 6 2 0 6 2 3 5 3
M[885] : 2 6 5 4 4 3 5 5 6 4 4 0 4 2 7 3 4 4 2 9 9 9
M[886] : 0 2 3 4 4 5 6 1 2 5 2 3 4 5 2 4 3 3 5 2 2 4
M[887] : 4 3 5 5 5 1 1 6 3 0 6 4 2 4 8 4 4 4 9 2 5 2
M[888] : 4 5 10 0 5 6 7 6 6 3 7 3 2 5 4 3 9 3 5 4 3 2
M[889] : 6 4 5 5 3 1 5 5 6 2 8 7 7 1 2 7 8 3 2 0 5 7
M[890] : 6 4 0 3 6 5 6 6 4 5 7 7 5 5 4 6 2 3 5 0 1 6
M[891] : 4 6 5 7 6 2 4 8 3 7 5 2 5 4 5 6 4 0 6 6 4 3
M[892] : 3 8 1 8 6 3 6 5 5 3 8 3 3 9 5 6 5 4 5 6 6 0
M[893] : 6 7 2 3 5 0 9 7 4 8 5 3 1 4 7 3 2 2 4 1 5 6
M[894] : 6 4 6 3 2 2 3 5 6 4 0 11 4 5 5 8 6 9 4 8 5 3
M[895] : 3 8 3 6 10 5 4 3 4 7 0 3 4 4 1 7 6 3 6 3 2 6
M[896] : 4 3 6 4 4 3 4 3 7 3 5 2 5 7 11 5 7 4 2 0 4 4
M[897] : 8 6 8 5 5 4 2 8 5 0 6 3 6 6 5 3 10 7 5 3 5 8
M[898] : 5 6 7 7 3 0 3 5 6 2 5 5 2 4 6 3 4 5 5 5 9 3
M[899] : 4 2 6 3 5 7 5 6 2 4 0 6 5 4 5 0 0 7 3 3 2 4
M[900] : 7 3 8 0 5 7 2 6 3 1 4 2 1 8 4 5 2 3 7 6 4 4
M[901] : 1 5 4 2 2 2 7 4 5 2 2 7 4 3 1 3 3 0 5 6 9 4
M[902] : 6 5 8 2 5 4 0 3 5 3 3 2 3 4 3 6 4 1 3 7 1 6
M[903] : 0 5 5 4 9 7 1 6 4 7 7 3 5 4 3 3 6 4 4 5 4 6
M[904] : 3 6 6 2 7 8 5 7 4 6 0 5 4 1 5 5 4 9 6 5 7 3
M[905] : 3 0 6 4 3 6 2 4 3 4 3 5 5 6 9 3 1 9 2 5 7 2
M[906] : 3 5 4 6 1 5 8 9 0 7 4 3 3 7 4 2 5 7 4 3 5 4
M[907] : 4 2 4 4 3 2 1 4 6 6 5 5 4 3 3 4 6 4 0 3 5 7
M[908] : 2 1 4 5 4 3 0 7 7 6 4 5 4 6 4 5 8 7 2 5 3 6
M[909] : 3 3 5 0 5 5 6 0 3 8 4 6 1 4 4 3 8 0 3 8 4 6
M[910] : 6 5 7 5 4 1 4 5 5 6 5 4 0 8 5 3 9 7 4 5 5 7
M[911] : 6 0 6 4 0 3 5 4 5 6 2 2 3 7 7 7 5 4 4 9 1 6
M[912] : 4 5 5 5 5 5 5 3 3 2 1 2 4 6 6 7 6 3 0 8 4 4
M[913] : 2 2 4 4 6 5 4 5 1 10 7 2 4 0 5 4 3 5 5 2 3 7
M[914] : 7 5 2 3 6 4 4 3 6 6 5 5 0 5 7 3 7 3 4 3 6 8
M[915] : 10 3 6 3 3 6 2 3 7 3 5 8 5 4 9 5 4 3 4 4 5 0
M[916] : 2 1 5 2 3 4 5 4 4 4 3 5 3 3 9 5 5 3 2 3 0 4
M[917] : 0 6 2 0 6 3 8 10 6 4 5 1 4 4 2 6 11 4 6 4 1 3
M[918] : 4 6 8 5 5 0 6 3 2 9 5 5 2 3 6 2 3 5 4 5 5 2
M[919] : 5 4 7 3 1 4 5 8 8 3 6 11 3 5 7 3 6 3 3 5 5 0
M[920] : 2 4 6 4 5 4 6 3 10 3 3 3 5 5 6 7 6 6 0 5 6 5
M[921] : 2 7 6 8 2 5 9 5 5 7 5 8 3 0 5 5 4 4 6 6 3 2
M[922] : 3 5 0 0 5 2 2 5 4 6 2 3 6 2 3 9 3 2 3 2 6 3
M[923] : 5 4 2 5 3 2 4 2 8 5 5 5 3 0 2 3 2 0 2 4 6 9
M[924] : 6 2 2 5 0 8 10 2 5 2 3 3 6 10 3 7 3 5 6 7 3 2
M[925] : 3 3 6 3 5 2 4 0 3 7 7 6 6 4 4 4 5 7 4 5 3 4
M[926] : 7 3 8 7 3 5 5 4 5 0 2 5 5 5 2 7 6 12 5 7 7 6
M[927] : 3 3 3 8 5 2 6 0 7 4 5 9 2 3 9 4 4 5 6 3 2 3
M[928] : 0 7 5 4 5 4 12 3 4 3 4 6 9 8 3 5 7 0 4 4 5 1
M[929] : 3 4 3 3 6 6 3 3 1 4 7 2 1 2 3 0 1 5 4 6 5 4
M[930] : 3 4 9 6 5 8 4 7 5 6 7 3 0 5 5 6 2 8 4 5 0 4
M[931] : 3 5 2 5 5 5 5 4 7 3 4 2 5 6 1 6 3 6 3 0 6 8
M[932] : 4 4 3 4 5 8 5 3 3 3 6 10 3 4 3 6 8 4 5 0 7 4
M[933] : 1 0 7 3 4 6 3 2 3 12 6 0 7 4 2 4 5 5 9 4 2 5
M[934] : 0 6 3 0 6 4 4 6 3 3 3 2 2 5 3 2 4 3 0 3 5 3
M[935] : 1 0 3 3 1 5 4 6 4 4 11 6 2 5 2 8 6 4 3 4 7 3
M[936] : 0 6 3 3 6 7 3 2 3 4 5 5 6 4 2 2 3 7 4 6 4 2
M[937] : 6 6 1 5 7 3 7 3 0 4 9 9 7 6 5 3 5 4 5 2 5 7
M[938] : 5 2 5 6 5 3 0 7 2 3 3 4 6 5 10 7 2 4 3 6 4 6
M[939] : 2 10 3 2 8 5 4 4 5 2 5 2 4 5 5 2 6 7 8 8 7 0
M[940] : 5 6 4 2 7 5 8 3 3 6 2 6 5 6 0 7 7 5 4 7 2 5
M[941] : 5 8 5 4 5 3 0 6 1 2 3 6 4 6 4 5 3 6 7 8 2 9
M[942] : 2 3 2 4 6 7 6 2 1 2 6 2 6 5 6 2 11 4 4 2 0 8
M[943] : 2 0 4 2 3 2 8 7 1 9 1 1 2 4 7 2 5 7 6 3 1 10
M[944] : 1 3 8 4 7 3 6 5 6 8 4 5 1 6 7 4 3 4 4 2 4 0
M[945] : 0 6 3 6 2 4 5 4 3 5 4 8 2 4 5 4 10 3 7 4 1 6
M[946] : 3 1 6 0 2 6 6 4 3 5 5 2 7 8 3 7 2 2 4 6 6 1
M[947] : 7 3 4 4 4 6 4 2 3 3 3 8 4 5 6 0 1 5 8 4 6 2
M[948] : 5 4 8 3 0 6 3 6 5 4 6 5 5 5 3 6 9 5 0 3 2 3
M[949] : 4 6 4 9 7 4 7 8 1 5 3 4 5 6 4 5 4 5 3 0 7 3
M[950] : 6 2 9 4 5 6 6 8 8 2 5 4 7 5 3 0 5 6 5 5 3 3
M[951] : 2 5 8 4 3 5 6 4 9 4 4 4 8 1 0 1 5 8 5 6 4 6
M[952] : 5 8 3 4 2 4 8 5 4 5 10 3 8 5 0 4 7 7 2 1 4 7
M[953] : 5 3 5 7 3 3 5 7 3 4 7 4 4 5 0 5 5 3 6 0 3 4
M[954] : 4 7 5 4 6 5 5 5 7 2 8 3 8 0 7 1 6 6 7 7 4 4
M[955] : 8 5 0 4 7 3 1 3 7 5 3 4 4 6 8 3 6 3 6 5 5 7
M[956] : 10 8 3 0 2 3 2 2 8 7 5 6 4 6 4 9 7 4 5 3 9 7
M[957] : 3 5 2 7 4 8 4 5 8 5 9 2 3 4 3 2 4 6 3 2 0 6
M[958] : 7 4 4 2 7 1 6 7 6 2 7 2 1 7 2 4 2 0 2 6 7 4
M[959] : 9 2 3 5 0 3 8 7 5 3 5 7 5 5 3 8 3 7 8 6 4 4
M[960] : 4 2 6 7 5 6 7 4 6 4 4 4 5 4 8 6 0 5 3 2 4 2
M[961] : 5 5 5 2 4 0 3 7 8 4 0 3 5 8 5 3 6 2 4 5 6 4
M[962] : 4 7 2 4 3 7 8 6 0 2 4 6 5 4 4 6 3 7 6 7 8 5
M[963] : 1 8 5 8 2 8 6 4 2 5 3 7 7 10 2 2 4 8 3 0 4 4
M[964] : 3 6 7 2 6 5 5 5 3 5 4 2 3 10 0 5 8 1 5 2 5 3
M[965] : 6 2 7 4 4 4 4 7 6 3 0 4 10 4 3 6 4 6 5 3 3 5
M[966] : 4 6 3 7 3 7 5 0 7 4 4 4 5 3 3 5 6 5 6 1 2 6
M[967] : 4 4 0 2 2 3 4 7 3 4 5 8 1 2 8 5 6 3 2 4 4 6
M[968] : 2 3 7 8 4 3 7 4 4 2 7 6 6 0 5 7 2 10 4 5 8 6
M[969] : 7 4 5 5 5 4 9 6 6 5 4 6 0 5 5 6 7 4 4 2 4 1
M[970] : 6 0 5 6 5 3 5 6 4 3 3 6 3 6 5 4 6 4 6 6 2 5
M[971] : 6 5 10 5 5 0 5 1 6 4 4 1 5 6 7 5 5 3 4 4 4 5
M[972] : 8 1 5 6 7 2 4 5 6 8 4 4 5 6 4 3 0 4 5 6 7 4
M[973] : 3 4 7 5 8 7 8 0 4 5 8 8 2 4 8 4 8 5 8 4 5 5
M[974] : 5 4 0 5 7 5 3 3 3 10 6 8 3 3 4 3 4 4 7 5 6 6
M[975] : 3 3 6 3 3 6 6 7 7 4 6 0 3 6 0 1 5 5 4 4 1 7
M[976] : 7 6 1 2 7 7 3 3 8 5 8 5 0 9 5 6 7 0 7 6 7 2
M[977] : 6 3 5 0 2 5 3 4 1 5 4 7 5 5 6 6 7 4 5 2 3 1
M[978] : 2 8 10 3 1 6 2 3 5 2 7 5 0 5 3 10 3 6 6 5 3 6
M[979] : 4 8 8 6 5 0 4 5 3 7 4 2 4 5 3 8 5 4 1 5 5 5
M[980] : 5 1 8 6 5 6 6 3 8 4 0 4 4 7 6 3 4 10 7 3 2 5
M[981] : 4 4 6 5 5 5 8 4 4 10 5 7 6 5 2 5 4 7 5 0 3 7
M[982] : 3 10 7 5 0 2 4 6 3 8 0 5 2 7 7 1 5 2 6 5 4 4
M[983] : 5 4 6 5 6 5 5 7 2 3 7 5 2 0 4 3 5 4 3 7 0 9
M[984] : 2 3 1 4 5 3 5 4 2 4 0 5 1 6 5 3 4 2 4 4 4 8
M[985] : 6 5 4 2 6 3 0 4 10 2 4 3 9 5 3 5 5 4 5 0 7 1
M[986] : 0 4 6 6 0 3 5 6 2 8 5 2 5 7 6 2 4 3 4 3 4 4
M[987] : 3 0 5 2 4 3 3 2 3 6 3 3 3 4 3 4 4 1 8 5 3 5
M[988] : 3 8 4 3 5 5 4 4 4 8 6 6 2 8 3 3 9 0 4 6 3 5
M[989] : 4 2 0 0 6 7 3 4 7 2 3 3 6 6 8 6 6 4 5 7 3 4
M[990] : 0 3 7 7 6 2 5 5 4 3 4 8 5 4 2 6 3 5 4 4 6 4
M[991] : 4 4 5 7 5 2 5 7 5 1 2 0 1 5 6 1 5 2 3 4 5 2
M[992] : 5 3 8 5 4 2 6 4 4 5 4 2 6 1 6 0 5 4 4 7 2 4
M[993] : 3 4 5 0 0 5 9 3 4 3 5 6 5 5 1 5 6 2 4 6 5 10
M[994] : 3 6 2 2 11 6 3 5 6 4 3 2 4 2 0 3 5 1 6 5 9 9
M[995] : 1 10 5 5 0 6 3 2 2 3 5 5 1 4 8 3 6 1 4 3 6 4
M[996] : 3 5 8 10 3 2 7 4 5 5 0 7 7 6 7 3 7 7 5 3 1 4
M[997] : 2 4 0 4 6 2 4 6 1 6 2 4 1 9 8 4 11 5 4 3 4 7
M[998] : 4 6 2 4 2 0 6 6 1 6 6 5 8 10 5 3 2 6 2 3 5 2
M[999] : 5 6 5 5 4 3 5 6 1 5 5 3 7 2 4 8 7 1 0 5 5 5

