 Execution de l'algoritme BITS sur le fichier dsjc1000.1.txt
=====================================================================
 Partitions  : 
Vk[0] : 97 99 955 969 372 247 349 665 457 362 133 444 855 830 811 831 194 280 103 529 548 338 132 157 471 677 136 275 374 983 589 36 810 189 440 650 690 236 429 660 560 461 649 437 287 261 -->  46 éléments.
Vk[1] : 968 669 597 470 355 673 657 515 542 950 359 107 954 168 939 67 404 94 514 698 545 343 263 877 484 78 554 694 385 485 828 219 32 262 439 138 409 549 92 793 870 897 86 421 159 -->  45 éléments.
Vk[2] : 973 226 238 472 39 534 891 18 0 538 98 298 273 961 772 573 988 90 299 306 85 972 924 739 19 464 228 838 260 754 987 808 866 557 583 495 781 200 780 847 4 812 155 738 344 393 -->  46 éléments.
Vk[3] : 488 848 480 902 467 13 929 621 111 130 191 743 198 862 96 12 223 268 921 250 681 990 216 452 522 445 827 295 765 916 603 469 177 718 341 608 1 135 336 609 229 720 746 792 77 -->  45 éléments.
Vk[4] : 249 20 647 153 941 151 535 493 406 741 569 335 127 853 930 536 541 928 160 244 817 717 920 907 919 804 259 849 544 185 122 960 688 330 319 11 447 450 126 233 242 751 607 505 110 899 -->  46 éléments.
Vk[5] : 62 415 588 528 390 977 317 571 906 655 348 322 871 376 279 638 300 166 342 199 178 483 724 331 908 622 760 882 209 602 51 148 576 901 47 38 33 989 733 644 737 974 283 567 128 -->  45 éléments.
Vk[6] : 411 876 791 21 304 491 758 87 234 289 449 586 504 715 692 526 543 48 203 220 91 251 854 552 370 574 675 387 252 43 66 803 903 371 858 388 256 527 277 833 753 443 937 800 347 946 -->  46 éléments.
Vk[7] : 326 292 860 269 346 186 459 403 217 386 512 547 934 431 699 980 121 115 975 843 340 729 674 241 430 144 672 797 605 398 767 208 841 315 195 696 466 868 615 953 301 240 888 895 596 192 -->  46 éléments.
Vk[8] : 626 525 170 235 75 473 879 633 625 994 454 193 732 496 661 762 892 706 695 981 375 598 508 668 441 83 171 290 17 101 509 748 25 829 57 109 321 270 533 635 712 813 759 88 777 -->  45 éléments.
Vk[9] : 662 113 307 489 118 771 6 957 775 351 297 786 426 507 294 845 757 23 102 890 933 993 381 37 418 271 143 566 368 210 475 282 727 925 523 360 196 761 29 951 553 337 284 782 683 474 -->  46 éléments.
Vk[10] : 502 458 53 992 713 940 308 134 883 774 763 726 728 180 58 427 56 735 517 585 666 167 72 400 55 477 531 632 794 501 755 684 885 129 131 463 867 410 889 433 59 978 81 714 850 -->  45 éléments.
Vk[11] : 392 875 324 71 546 623 274 169 104 721 796 798 221 402 764 749 664 701 205 41 564 556 424 412 905 766 846 628 641 874 618 769 16 100 323 884 361 676 998 624 436 991 451 915 568 -->  45 éléments.
Vk[12] : 332 776 366 852 789 60 610 117 14 840 642 722 237 565 442 54 206 594 591 384 367 425 24 145 230 327 896 3 69 606 640 369 80 880 149 570 215 599 918 943 705 139 254 391 667 663 -->  46 éléments.
Vk[13] : 725 291 917 869 272 158 910 510 175 711 539 296 581 944 396 213 962 787 965 995 521 931 747 819 316 894 982 856 26 893 108 947 172 551 34 671 809 162 685 395 70 112 693 506 358 -->  45 éléments.
Vk[14] : 584 22 353 558 397 680 582 779 423 578 863 963 182 656 682 278 465 773 801 590 820 174 561 592 784 861 825 837 179 265 293 814 120 399 723 419 357 938 770 922 958 190 532 979 248 -->  45 éléments.
Vk[15] : 851 482 619 612 405 156 966 932 164 309 453 873 842 106 834 365 468 511 28 997 516 314 246 687 881 141 146 613 303 577 859 31 805 832 704 807 520 382 752 494 350 785 634 462 481 -->  45 éléments.
Vk[16] : 637 417 904 165 218 651 540 745 629 750 10 948 818 257 658 202 616 448 815 204 487 311 373 911 652 40 949 593 799 971 413 95 119 563 614 394 84 329 9 266 428 188 334 659 654 518 -->  46 éléments.
Vk[17] : 686 736 816 52 318 703 679 956 719 478 408 935 476 460 173 310 562 887 416 617 967 214 380 305 500 438 434 731 985 524 225 231 125 572 379 140 639 824 595 914 245 790 631 420 378 -->  45 éléments.
Vk[18] : 648 123 503 364 826 49 455 401 996 630 363 821 414 356 486 499 183 479 176 945 653 959 492 288 181 886 864 253 264 383 689 700 197 802 224 984 50 645 519 716 702 670 744 555 636 456 -->  46 éléments.
Vk[19] : 580 627 222 243 697 105 137 498 89 312 912 42 313 152 708 550 82 839 339 756 691 604 976 497 73 124 513 926 258 63 116 74 878 559 333 740 201 207 587 328 923 27 730 286 212 986 -->  46 éléments.
Vk[20] : 678 142 147 68 163 435 537 579 150 709 114 35 952 255 46 161 575 913 643 211 76 422 611 710 530 320 302 239 835 377 806 93 30 79 5 432 742 154 490 857 909 285 227 783 788 -->  45 éléments.
Vk[21] : 601 389 999 795 61 872 936 15 970 276 646 600 7 768 352 2 778 45 407 836 187 281 865 44 822 232 942 707 900 446 354 65 620 8 964 325 345 898 823 734 184 267 64 927 844 -->  45 éléments.
Matrice M
M[0] : 5 6 0 3 5 8 6 4 6 10 9 6 2 2 2 4 11 4 6 5 5 3
M[1] : 7 3 7 0 2 6 6 2 0 3 7 5 2 4 4 6 3 4 3 2 5 1
M[2] : 6 4 6 9 2 9 2 3 3 9 5 9 6 4 7 2 5 3 5 4 4 0
M[3] : 2 2 2 5 11 4 9 4 3 7 4 7 0 2 5 4 4 5 1 7 1 5
M[4] : 3 3 0 3 10 11 3 5 3 4 10 4 3 6 5 7 4 3 5 4 5 3
M[5] : 5 3 10 4 5 5 10 6 6 2 6 5 6 7 5 3 5 4 3 4 0 9
M[6] : 4 3 2 3 3 5 9 7 7 0 1 3 3 4 7 3 6 3 3 7 5 7
M[7] : 6 9 5 4 5 7 5 12 6 2 4 5 4 4 6 5 2 2 5 6 2 0
M[8] : 3 3 7 3 5 5 6 11 3 5 5 7 3 4 4 7 2 8 3 4 4 0
M[9] : 5 4 2 4 4 4 4 8 6 4 5 0 8 3 4 3 0 2 7 3 12 4
M[10] : 4 2 1 6 6 6 6 9 4 3 3 3 4 8 4 5 0 5 5 5 5 6
M[11] : 6 5 1 6 0 7 4 7 5 2 2 6 3 4 4 2 2 6 5 7 6 7
M[12] : 5 5 4 0 5 11 6 5 4 8 5 4 5 3 8 5 7 8 4 3 2 3
M[13] : 7 6 5 0 6 2 7 6 6 6 5 4 5 7 4 9 5 4 5 3 5 4
M[14] : 2 3 3 2 1 3 3 5 5 3 7 7 0 2 3 11 8 3 4 3 1 7
M[15] : 5 4 5 4 10 2 4 4 6 2 5 3 6 4 2 5 2 6 4 5 4 0
M[16] : 2 8 5 4 3 6 3 4 4 4 5 0 5 9 7 3 1 4 12 6 4 3
M[17] : 4 5 3 1 12 5 2 4 0 1 3 3 7 5 4 3 6 5 3 5 3 2
M[18] : 6 2 0 6 4 6 11 4 4 2 5 3 8 2 7 6 5 5 10 4 3 3
M[19] : 6 5 0 5 9 5 1 6 5 2 4 7 7 4 3 8 6 0 7 2 3 4
M[20] : 3 7 3 3 0 8 4 5 4 4 6 8 2 6 11 5 7 6 3 4 2 4
M[21] : 8 5 3 6 4 8 0 5 9 5 7 5 5 7 5 4 9 4 5 7 2 3
M[22] : 5 2 6 9 4 7 6 8 3 9 8 4 7 4 0 6 2 5 4 8 6 7
M[23] : 2 2 5 3 4 7 7 3 6 0 6 3 5 9 4 1 6 7 10 8 2 4
M[24] : 5 4 2 2 5 3 3 4 7 6 2 4 0 4 4 4 4 6 6 7 4 5
M[25] : 7 5 7 9 5 3 1 5 0 5 7 4 1 5 6 3 3 5 4 6 8 5
M[26] : 9 5 3 9 2 3 3 4 3 6 1 9 3 0 6 4 5 4 5 3 9 8
M[27] : 7 6 4 1 4 5 7 2 7 5 8 0 4 3 1 4 10 5 3 0 7 6
M[28] : 6 2 6 4 2 3 3 3 6 2 3 4 10 1 4 0 3 8 3 3 6 7
M[29] : 6 4 3 5 4 3 4 1 1 0 2 4 2 9 5 9 3 6 3 5 4 4
M[30] : 8 4 3 3 2 6 2 6 5 5 6 6 6 6 5 6 9 5 9 1 0 3
M[31] : 4 3 5 1 2 2 5 5 4 5 5 3 6 9 4 0 6 4 6 3 4 2
M[32] : 3 0 4 2 5 4 6 6 3 2 3 7 2 7 5 6 4 7 2 2 2 5
M[33] : 4 8 2 4 2 0 3 7 3 5 3 5 5 1 6 2 5 2 4 4 2 8
M[34] : 3 4 3 3 4 3 6 8 8 4 7 6 3 0 6 2 4 4 8 6 4 5
M[35] : 2 3 5 5 4 5 8 3 7 3 3 7 4 5 5 4 4 5 2 5 0 6
M[36] : 0 5 3 12 8 4 6 5 6 4 6 6 5 10 8 5 6 7 4 7 6 2
M[37] : 4 7 9 9 2 1 3 5 7 0 5 7 6 4 7 7 5 3 4 7 5 5
M[38] : 3 5 4 5 6 0 6 7 2 5 6 5 4 3 5 6 5 6 4 5 3 3
M[39] : 3 6 0 2 8 7 11 4 6 6 5 5 5 2 4 6 2 3 6 7 3 4
M[40] : 3 6 10 5 5 5 2 3 5 4 2 3 5 4 3 2 0 1 3 4 3 6
M[41] : 1 6 7 2 6 6 2 5 3 7 3 0 4 5 5 4 6 3 3 8 3 3
M[42] : 1 1 8 6 9 8 7 2 6 8 5 7 5 3 1 4 2 6 3 0 6 7
M[43] : 7 4 7 2 5 4 0 6 2 4 5 5 3 3 2 8 4 4 5 3 4 5
M[44] : 7 4 4 2 8 4 4 1 3 1 6 4 5 5 3 6 2 7 6 6 2 0
M[45] : 4 8 3 8 3 4 7 7 5 6 4 3 3 3 10 8 2 4 1 3 2 0
M[46] : 8 8 6 2 3 1 4 3 9 5 3 4 3 7 2 8 8 5 4 4 0 8
M[47] : 5 7 7 3 5 0 3 3 3 5 5 3 4 3 3 7 11 4 7 3 7 5
M[48] : 6 3 6 5 4 7 0 6 3 7 4 2 6 8 9 9 7 4 5 9 5 6
M[49] : 5 7 6 5 4 5 7 4 4 9 2 6 3 6 4 4 4 11 0 6 3 4
M[50] : 2 7 2 4 3 4 2 4 4 5 3 1 2 7 4 5 4 4 0 4 4 6
M[51] : 2 4 8 6 11 0 5 4 3 4 3 5 2 3 3 3 9 7 5 4 6 1
M[52] : 6 5 4 6 5 2 5 4 3 5 3 4 3 6 4 7 5 0 4 3 7 7
M[53] : 6 6 8 4 3 5 5 7 7 5 0 4 7 3 7 5 5 3 5 6 3 4
M[54] : 6 3 2 5 5 6 5 5 3 5 8 5 0 5 2 6 6 4 2 7 3 6
M[55] : 5 3 3 4 5 5 4 4 5 2 0 1 6 3 3 4 5 7 1 7 8 4
M[56] : 3 5 6 5 3 4 9 9 3 6 0 3 4 1 2 9 5 4 8 7 2 3
M[57] : 6 4 2 5 1 4 5 8 0 2 5 4 6 8 6 1 4 6 4 3 2 4
M[58] : 4 4 4 5 4 6 5 2 8 3 0 3 5 5 4 1 6 9 5 6 5 3
M[59] : 3 4 4 4 7 2 5 3 6 1 0 2 10 6 3 6 5 6 4 2 5 4
M[60] : 4 6 5 2 5 4 7 8 1 7 6 5 0 2 8 7 3 6 9 2 2 7
M[61] : 6 3 6 4 5 6 3 4 5 3 6 5 6 4 5 2 3 3 5 6 5 0
M[62] : 3 4 7 2 8 0 4 5 4 5 5 3 5 5 3 4 2 7 6 5 4 6
M[63] : 2 7 3 2 5 6 6 2 4 6 4 6 2 6 6 2 4 3 5 0 4 6
M[64] : 6 0 7 5 7 5 5 3 4 6 3 3 7 6 10 6 4 8 5 6 5 0
M[65] : 5 7 1 6 2 5 7 1 4 4 7 4 7 3 4 7 4 4 5 1 4 0
M[66] : 10 6 6 6 3 5 0 8 5 5 7 4 2 2 3 7 12 2 7 7 2 4
M[67] : 1 0 3 7 8 5 2 3 4 4 6 7 7 2 4 5 3 6 3 3 3 5
M[68] : 7 4 6 3 3 10 4 4 6 4 7 2 3 4 3 7 4 4 5 2 0 5
M[69] : 4 2 1 6 6 3 8 5 2 2 2 5 0 3 6 7 2 4 6 5 1 5
M[70] : 10 5 3 9 4 5 4 5 3 5 7 5 5 0 6 8 5 5 9 1 7 5
M[71] : 5 7 4 5 3 3 6 5 3 5 6 0 4 5 6 8 3 4 6 3 5 7
M[72] : 3 4 5 6 5 2 6 7 7 4 0 4 1 8 2 1 5 4 4 2 5 4
M[73] : 4 8 4 6 3 4 8 6 5 7 6 3 5 3 7 2 7 3 5 0 3 4
M[74] : 4 7 7 5 3 6 6 5 3 10 7 4 3 7 7 3 4 6 4 0 5 4
M[75] : 6 3 2 2 3 4 6 5 0 8 5 6 6 6 0 3 8 5 5 3 3 5
M[76] : 2 4 4 4 5 5 6 2 7 6 5 5 5 10 3 3 1 4 7 8 0 8
M[77] : 6 8 2 0 9 5 3 2 6 6 5 2 10 5 5 3 4 3 5 5 0 6
M[78] : 5 0 2 5 7 7 5 3 5 3 6 8 7 4 4 3 4 3 6 7 4 4
M[79] : 7 3 4 5 4 2 7 4 7 8 4 8 7 3 6 2 6 6 3 6 0 4
M[80] : 2 4 5 9 6 5 3 3 2 5 5 5 0 7 4 6 5 6 5 3 8 6
M[81] : 4 5 5 7 1 7 4 6 4 2 0 6 7 2 3 1 6 3 5 6 5 5
M[82] : 5 7 5 1 3 2 3 3 4 4 6 4 2 2 1 5 6 3 4 0 6 5
M[83] : 7 7 4 3 8 6 3 3 0 5 1 2 2 5 7 4 7 2 3 4 5 5
M[84] : 6 5 4 3 8 4 4 6 4 7 1 2 4 4 4 5 0 6 5 4 7 5
M[85] : 2 6 0 4 4 5 4 4 5 2 3 1 7 3 1 5 3 5 5 2 4 5
M[86] : 5 0 3 8 2 6 4 8 6 3 6 6 6 10 3 2 5 6 4 9 8 1
M[87] : 1 1 2 7 4 4 0 2 5 8 3 4 3 5 5 4 4 7 9 7 5 4
M[88] : 5 8 3 8 6 7 6 1 0 5 6 8 1 6 8 1 5 2 8 3 6 6
M[89] : 6 4 6 4 2 4 7 10 6 5 4 4 3 4 5 6 2 4 5 0 3 6
M[90] : 6 3 0 5 6 5 3 2 4 4 4 5 6 1 5 11 7 5 3 6 4 4
M[91] : 3 4 1 4 6 2 0 5 3 5 2 5 3 8 4 5 4 3 7 3 10 4
M[92] : 5 0 6 4 7 2 3 7 5 4 5 5 5 0 6 4 6 4 3 3 4 4
M[93] : 7 2 4 8 3 3 3 2 4 5 6 3 6 7 6 5 5 5 6 1 0 4
M[94] : 3 0 3 5 3 5 3 3 5 5 7 6 3 7 3 1 5 5 4 2 3 7
M[95] : 2 5 5 5 1 6 7 4 3 4 1 4 5 3 4 7 0 5 5 6 3 2
M[96] : 7 9 6 0 6 4 3 4 4 4 9 6 2 6 3 8 3 6 4 4 4 3
M[97] : 0 4 7 4 4 6 4 4 6 4 5 2 3 3 8 4 5 5 10 3 5 4
M[98] : 3 5 0 5 4 5 8 4 7 5 7 7 6 3 9 3 12 5 7 5 5 6
M[99] : 0 6 4 5 5 3 4 5 7 4 5 3 5 8 6 5 6 4 6 6 3 2
M[100] : 5 7 8 5 4 2 4 3 5 4 2 0 2 3 5 4 1 10 3 2 6 6
M[101] : 8 2 6 5 6 5 4 4 0 1 2 4 4 7 4 5 9 5 3 2 4 3
M[102] : 6 1 7 3 6 4 2 7 4 0 2 6 7 9 6 3 3 4 4 3 1 3
M[103] : 0 3 4 2 4 3 9 6 5 4 5 3 4 7 5 5 4 4 5 8 6 3
M[104] : 9 3 9 7 7 3 7 5 7 5 6 0 5 3 6 6 3 4 1 7 3 3
M[105] : 10 6 2 6 6 8 5 4 4 3 3 3 5 4 7 3 4 5 5 0 5 2
M[106] : 3 8 7 4 1 2 9 2 0 3 3 4 7 8 3 0 7 5 8 3 3 5
M[107] : 9 0 4 7 1 3 6 6 2 5 2 4 1 7 5 4 5 4 5 4 4 6
M[108] : 3 7 5 4 6 4 8 5 5 2 3 5 2 0 4 6 4 4 4 6 9 5
M[109] : 5 5 5 4 8 1 4 2 0 4 7 3 2 6 2 5 5 3 5 4 7 6
M[110] : 5 3 9 2 0 1 2 6 3 4 5 9 4 2 4 5 5 4 7 2 4 2
M[111] : 10 4 4 0 6 2 4 5 5 4 7 2 5 8 4 7 5 5 6 2 5 4
M[112] : 6 3 8 8 4 3 7 4 7 7 0 8 3 0 3 2 1 3 5 5 4 5
M[113] : 3 3 6 9 4 9 7 3 4 0 3 5 6 5 4 4 3 8 7 7 2 7
M[114] : 3 5 4 4 4 7 6 7 3 7 8 7 5 12 7 4 4 6 4 4 0 1
M[115] : 8 3 3 5 7 6 3 0 5 5 4 6 4 2 4 4 6 3 3 4 6 3
M[116] : 1 5 6 4 6 7 4 3 1 2 1 5 7 7 5 4 7 9 5 0 3 2
M[117] : 7 4 2 4 5 8 5 4 5 7 4 5 0 3 5 7 9 5 6 3 8 6
M[118] : 4 2 9 8 6 4 3 4 6 0 5 7 7 4 6 6 2 6 6 4 7 3
M[119] : 9 4 6 5 4 7 9 4 2 6 3 5 4 4 10 5 0 7 7 5 6 5
M[120] : 4 6 4 6 1 4 9 7 3 5 6 4 8 3 0 3 6 5 4 4 3 8
M[121] : 5 3 5 4 6 11 5 0 2 4 5 3 4 4 4 6 8 2 5 7 9 4
M[122] : 7 8 8 6 0 5 2 3 6 10 1 6 4 7 8 4 4 4 5 6 6 7
M[123] : 4 5 1 4 5 3 3 3 7 4 7 2 6 3 2 4 6 5 0 9 4 4
M[124] : 5 6 6 5 10 3 4 4 6 4 5 8 8 6 5 0 8 10 4 0 2 2
M[125] : 7 3 3 7 5 1 2 3 4 2 2 4 3 4 2 8 2 0 2 7 4 7
M[126] : 5 6 4 3 0 4 4 2 4 7 6 4 7 1 4 5 5 0 3 6 2 6
M[127] : 7 7 5 5 0 4 8 5 4 3 8 5 4 3 6 7 5 8 7 5 4 6
M[128] : 4 1 3 1 6 0 6 3 9 3 8 3 1 4 7 6 6 6 3 7 3 4
M[129] : 2 3 8 4 7 5 1 2 5 6 0 5 3 6 8 5 6 3 6 6 4 5
M[130] : 3 7 2 0 3 4 5 6 6 3 6 8 7 6 6 5 7 2 7 3 5 2
M[131] : 5 1 3 2 7 3 3 2 2 7 0 5 4 8 6 5 7 5 4 4 4 3
M[132] : 0 5 4 2 5 3 2 8 3 6 3 6 5 9 5 4 6 2 2 2 7 3
M[133] : 0 5 6 5 4 6 4 5 6 5 6 4 4 4 7 6 4 4 6 3 5 5
M[134] : 7 7 7 6 5 3 6 5 3 6 0 2 6 3 4 5 5 8 5 6 5 3
M[135] : 2 5 2 0 4 5 3 4 3 5 4 5 6 10 3 2 7 2 4 2 6 4
M[136] : 0 6 4 6 5 6 9 6 5 4 4 7 4 4 4 4 4 4 2 6 4 6
M[137] : 4 7 3 5 6 5 3 3 5 5 4 4 3 2 2 6 5 4 3 0 4 6
M[138] : 9 0 4 4 4 5 3 4 1 4 4 6 8 8 6 8 5 7 6 6 5 2
M[139] : 4 9 5 7 7 4 5 1 6 3 3 2 0 3 8 6 4 6 4 4 5 6
M[140] : 2 5 7 5 10 7 4 5 3 4 6 5 5 5 8 4 7 0 5 4 5 2
M[141] : 4 4 7 8 7 5 0 3 7 10 7 4 3 4 3 0 5 5 2 4 1 6
M[142] : 2 4 6 7 4 5 4 7 2 4 4 6 5 3 6 4 7 8 10 8 0 8
M[143] : 4 3 5 5 8 1 3 3 5 0 5 6 5 3 5 3 3 2 5 11 2 7
M[144] : 2 5 10 4 5 8 7 0 5 7 6 5 4 6 7 4 1 6 9 4 6 5
M[145] : 1 5 5 3 7 4 4 4 5 4 3 3 0 6 10 2 2 1 3 5 6 5
M[146] : 3 6 6 4 7 6 6 5 5 4 3 5 4 4 3 0 5 8 6 3 6 5
M[147] : 6 5 7 4 5 2 5 5 5 3 3 4 5 6 4 5 3 5 7 4 0 6
M[148] : 4 2 4 6 5 0 5 6 4 4 4 2 4 3 2 6 5 2 3 4 8 2
M[149] : 5 4 7 6 1 1 5 5 3 2 1 4 0 6 9 4 4 1 4 3 7 3
M[150] : 6 4 2 6 3 1 2 5 3 4 5 5 7 10 6 3 5 3 3 2 0 5
M[151] : 4 5 5 2 0 5 4 5 5 8 3 3 3 6 5 5 1 6 6 5 4 2
M[152] : 2 5 5 6 2 3 6 6 5 5 7 4 2 4 4 7 8 3 5 0 4 3
M[153] : 4 5 8 6 0 4 5 8 4 4 11 7 7 4 1 4 3 4 5 4 6 3
M[154] : 3 4 7 5 4 5 1 1 2 3 3 3 4 7 3 8 3 0 6 6 0 4
M[155] : 3 5 0 4 4 3 7 5 3 1 5 8 0 7 1 6 2 4 5 2 3 7
M[156] : 3 5 6 2 7 5 11 9 3 8 5 5 7 3 5 0 3 3 5 6 5 5
M[157] : 0 6 5 9 4 4 3 4 1 6 4 3 6 3 5 3 5 5 7 6 3 2
M[158] : 5 6 4 7 5 3 7 7 3 6 5 7 5 0 12 3 3 4 6 6 7 4
M[159] : 5 0 12 3 8 6 9 4 8 5 2 6 4 6 7 5 2 7 7 4 4 2
M[160] : 6 4 1 4 0 3 6 7 5 5 2 8 4 5 5 6 5 5 3 5 4 8
M[161] : 3 4 5 1 2 3 2 4 5 5 3 12 3 4 3 6 7 1 6 2 0 4
M[162] : 6 2 5 3 4 2 6 8 7 7 4 1 3 0 6 2 5 6 3 4 5 1
M[163] : 7 4 1 3 6 2 6 3 4 4 5 5 5 5 6 3 4 4 5 5 0 5
M[164] : 7 3 5 2 4 4 4 6 5 5 8 3 6 4 5 0 3 5 2 4 3 3
M[165] : 8 10 2 5 7 9 6 6 4 5 8 4 1 3 4 4 0 3 3 5 5 5
M[166] : 4 8 7 3 1 0 8 3 4 2 2 4 6 2 1 5 2 7 3 10 4 5
M[167] : 8 1 6 5 8 6 9 5 5 6 0 4 4 5 3 5 3 3 5 6 5 4
M[168] : 6 0 4 6 4 7 4 8 5 3 6 8 0 5 4 6 5 8 7 3 6 3
M[169] : 4 7 2 4 4 6 2 7 4 3 4 0 6 8 5 5 5 7 6 7 7 5
M[170] : 4 2 2 6 6 4 6 6 0 6 7 9 2 4 5 6 4 6 6 2 5 6
M[171] : 1 6 4 2 5 7 4 5 0 5 7 8 5 3 6 6 4 5 0 7 5 2
M[172] : 3 2 3 5 6 4 7 5 7 5 2 2 6 0 4 3 5 5 1 4 8 7
M[173] : 5 6 4 2 5 13 3 6 6 3 9 3 4 3 2 10 8 0 4 11 4 5
M[174] : 10 2 2 3 3 2 6 6 11 4 4 2 3 3 0 1 1 10 2 9 7 6
M[175] : 6 7 7 6 5 4 2 5 7 7 5 5 4 0 6 3 10 2 5 8 3 4
M[176] : 4 4 4 1 4 6 4 7 5 7 5 2 8 6 5 3 6 8 0 8 8 4
M[177] : 6 8 5 0 7 6 3 5 1 6 3 5 6 9 4 4 8 1 4 3 7 3
M[178] : 7 5 4 4 8 0 8 6 1 0 4 7 4 3 4 4 3 4 4 5 5 4
M[179] : 3 2 2 4 3 5 8 5 8 2 1 4 3 3 0 6 4 1 3 4 3 8
M[180] : 7 3 3 7 2 6 4 2 7 3 0 3 6 3 4 6 8 8 5 9 4 5
M[181] : 7 6 6 7 5 2 4 9 7 3 3 1 6 4 0 5 6 2 0 4 7 5
M[182] : 5 3 9 4 2 4 4 4 4 11 3 1 6 6 0 2 8 6 5 5 6 6
M[183] : 2 7 5 4 3 8 6 6 2 2 7 8 9 6 4 3 6 7 0 5 5 8
M[184] : 4 3 5 1 3 5 4 4 7 3 5 5 2 6 3 5 5 3 6 5 9 0
M[185] : 2 5 4 4 0 7 4 4 3 0 2 3 2 7 4 5 4 3 6 7 8 2
M[186] : 5 5 6 4 4 5 9 0 4 7 5 3 5 3 4 6 3 7 6 10 7 7
M[187] : 4 6 6 4 5 4 5 6 6 6 5 2 6 4 3 3 4 7 3 1 3 0
M[188] : 4 5 7 0 5 5 7 6 4 5 5 2 4 4 7 6 0 2 8 5 3 4
M[189] : 0 6 8 2 6 2 4 6 4 7 3 4 5 3 5 6 4 5 3 2 8 7
M[190] : 6 4 4 9 7 4 4 4 3 5 7 4 4 5 0 2 2 3 6 3 4 4
M[191] : 2 5 5 0 9 8 5 9 4 3 5 4 5 3 3 7 4 6 7 5 4 3
M[192] : 1 4 6 2 7 7 6 0 2 4 2 7 11 7 8 4 2 8 4 5 4 0
M[193] : 1 6 2 11 7 1 5 4 0 4 5 5 2 7 2 5 3 5 2 7 3 9
M[194] : 0 2 7 7 4 2 7 6 4 6 5 2 4 4 4 3 5 2 4 6 8 2
M[195] : 7 2 3 5 9 5 4 0 2 8 5 7 6 5 7 4 7 10 5 4 4 2
M[196] : 5 5 3 3 7 5 4 4 1 0 1 6 5 4 4 3 4 3 3 2 8 4
M[197] : 5 8 5 5 4 1 8 6 5 3 7 5 5 4 2 3 2 5 0 4 3 4
M[198] : 6 3 6 0 7 3 4 7 4 3 3 7 1 4 6 3 9 7 4 2 2 7
M[199] : 8 6 5 5 3 0 2 5 5 5 2 2 5 7 3 7 3 6 5 3 4 4
M[200] : 4 5 0 6 4 5 8 2 2 7 4 6 1 4 4 4 5 4 2 6 4 2
M[201] : 5 2 4 4 6 9 5 2 5 5 7 6 3 3 5 4 1 2 7 0 1 7
M[202] : 4 8 4 3 5 4 5 6 3 2 7 7 5 3 5 6 0 5 8 6 5 6
M[203] : 6 3 6 9 7 6 0 4 4 4 5 2 4 5 2 6 6 2 4 2 2 4
M[204] : 3 6 7 4 6 2 8 5 2 9 5 7 4 4 1 10 0 4 9 3 5 4
M[205] : 6 3 3 5 6 3 9 6 4 8 4 0 6 5 2 6 3 8 3 7 3 4
M[206] : 7 2 1 8 5 4 7 3 2 5 6 5 0 4 4 4 4 7 7 4 4 4
M[207] : 5 2 3 3 5 1 8 6 8 3 4 7 5 2 5 2 4 4 4 0 6 3
M[208] : 5 6 3 4 4 6 2 0 9 7 4 6 6 5 6 6 6 4 8 4 6 7
M[209] : 2 4 8 6 6 0 3 4 5 11 4 8 2 5 3 5 7 6 4 4 6 2
M[210] : 6 6 2 5 7 5 6 5 7 0 3 6 1 3 6 3 8 6 5 2 8 5
M[211] : 6 5 7 2 4 2 4 7 8 4 4 4 7 5 7 8 6 8 3 5 0 1
M[212] : 4 5 3 2 6 4 4 2 4 6 3 6 4 6 4 4 4 5 5 0 2 3
M[213] : 6 4 4 6 4 5 4 4 6 6 3 5 5 0 4 5 6 6 2 8 9 3
M[214] : 4 7 3 6 4 7 1 5 3 3 5 0 2 3 6 6 6 0 5 6 4 7
M[215] : 2 4 6 7 10 7 4 2 10 4 2 6 0 5 4 5 3 2 4 6 4 3
M[216] : 6 5 2 0 6 1 6 6 3 3 6 4 3 3 4 6 8 12 3 4 5 6
M[217] : 7 6 4 4 1 4 3 0 4 2 5 6 5 4 4 5 5 4 2 5 6 4
M[218] : 2 3 3 5 4 6 4 4 7 8 9 3 3 3 7 3 0 5 9 5 6 5
M[219] : 6 0 2 5 1 1 6 5 2 3 2 7 5 3 4 6 5 6 6 3 4 5
M[220] : 1 7 6 3 2 6 0 6 4 5 2 4 6 4 2 5 6 7 4 5 2 3
M[221] : 4 4 1 4 3 3 4 3 12 4 8 0 5 4 3 4 8 3 3 5 4 9
M[222] : 8 4 1 1 7 3 7 3 3 7 8 5 8 2 7 5 4 3 7 0 7 7
M[223] : 8 6 6 0 3 7 7 5 4 3 3 4 5 3 3 6 4 6 7 3 5 2
M[224] : 4 4 5 6 3 5 6 5 3 5 4 5 9 5 4 3 2 4 0 2 7 8
M[225] : 3 6 2 5 4 3 0 5 5 1 6 5 8 5 7 4 5 0 4 6 7 5
M[226] : 6 3 0 4 7 6 3 3 6 8 6 4 6 8 5 4 4 4 6 8 7 7
M[227] : 3 9 3 0 4 4 7 8 6 5 8 7 7 3 4 6 2 6 3 2 0 3
M[228] : 6 6 0 8 6 3 3 5 4 4 5 7 4 3 3 8 3 3 10 5 5 8
M[229] : 5 3 6 0 9 4 5 4 4 8 1 1 6 5 11 6 4 4 6 4 8 6
M[230] : 6 7 5 0 6 1 5 5 4 5 9 9 0 7 3 5 2 10 7 4 5 1
M[231] : 3 5 3 3 3 7 1 3 6 4 7 4 6 6 3 4 4 0 4 3 7 4
M[232] : 4 2 7 2 4 1 3 6 6 6 2 8 4 5 6 4 5 5 2 4 7 0
M[233] : 3 4 6 7 0 4 6 2 5 3 5 4 4 2 5 6 1 6 6 7 5 5
M[234] : 6 3 3 6 4 1 0 5 4 3 8 4 3 9 4 8 5 6 1 6 5 3
M[235] : 5 4 4 5 4 5 6 7 0 3 7 7 7 6 3 6 4 1 4 4 2 7
M[236] : 0 6 7 3 6 4 3 3 6 7 8 7 3 7 5 5 4 2 8 4 6 5
M[237] : 5 6 6 7 2 7 6 5 8 2 3 2 0 7 9 6 4 3 6 2 9 3
M[238] : 7 7 0 5 3 5 5 3 5 6 4 10 3 7 2 3 3 7 6 4 6 6
M[239] : 5 4 3 5 8 4 2 6 5 7 2 6 8 7 4 6 4 4 5 3 0 4
M[240] : 7 3 6 8 5 6 2 0 2 5 5 7 2 7 5 5 3 1 5 5 8 3
M[241] : 7 4 5 5 2 1 7 0 10 5 4 7 3 2 4 7 9 6 4 5 4 9
M[242] : 6 7 8 5 0 4 3 5 5 2 3 7 10 1 0 5 4 4 6 3 2 5
M[243] : 8 4 3 4 5 3 1 5 2 2 5 4 3 7 5 5 5 5 10 0 4 6
M[244] : 4 3 5 8 0 3 5 5 4 6 6 8 4 4 4 6 4 4 4 4 5 3
M[245] : 2 3 5 6 6 5 5 3 4 1 4 3 8 7 4 7 4 0 4 9 5 1
M[246] : 4 0 5 7 4 4 3 6 5 1 3 7 3 5 1 0 3 3 8 7 6 5
M[247] : 0 8 5 5 2 3 6 10 10 5 3 5 5 8 4 4 9 5 3 5 6 5
M[248] : 6 3 4 10 2 3 3 9 5 2 0 5 5 7 0 3 2 3 2 6 4 0
M[249] : 5 4 6 4 0 3 6 6 8 3 8 2 9 5 4 4 2 7 8 8 4 7
M[250] : 7 4 3 0 5 2 6 3 5 3 6 5 4 5 1 6 2 4 3 4 5 4
M[251] : 5 4 5 5 8 4 0 7 5 3 2 3 0 2 4 6 4 4 6 4 5 5
M[252] : 3 3 7 7 8 7 0 6 5 12 6 7 8 1 10 7 5 4 6 4 3 2
M[253] : 8 1 2 6 4 3 4 5 2 5 4 8 8 2 7 3 8 6 0 5 3 4
M[254] : 10 5 3 3 4 1 6 1 2 2 2 4 0 1 6 2 7 5 2 7 4 4
M[255] : 4 4 7 8 7 10 7 6 7 6 2 5 3 4 2 3 4 4 5 7 0 7
M[256] : 1 4 9 5 4 2 0 2 4 4 9 6 8 4 2 4 5 1 4 5 7 10
M[257] : 4 7 6 5 6 5 7 3 6 4 2 4 5 5 4 8 0 5 4 3 3 3
M[258] : 2 1 6 1 3 6 7 10 7 1 4 6 3 6 3 4 5 4 3 0 1 2
M[259] : 5 5 6 6 0 3 6 2 2 2 3 5 4 8 4 8 6 2 3 5 2 3
M[260] : 4 3 0 4 2 7 7 1 4 8 5 4 6 3 6 9 1 5 4 2 6 4
M[261] : 0 1 4 7 4 2 6 3 3 5 6 6 7 5 6 5 5 3 3 6 3 2
M[262] : 5 0 6 2 5 9 2 4 4 5 7 2 4 3 1 4 4 7 7 4 3 8
M[263] : 4 0 6 7 6 6 6 5 7 5 5 5 6 5 3 5 1 4 5 6 7 7
M[264] : 3 6 6 8 6 4 5 7 0 6 6 4 1 3 4 4 13 2 0 4 8 4
M[265] : 3 5 4 4 1 5 5 6 4 3 9 8 9 4 0 6 5 1 4 5 4 4
M[266] : 1 2 2 2 2 7 5 1 5 5 7 5 3 3 1 3 0 1 4 4 2 4
M[267] : 4 3 3 8 1 6 4 6 6 2 5 6 4 7 5 3 7 1 6 6 11 0
M[268] : 5 1 4 0 5 5 5 4 3 3 1 6 5 6 6 3 4 4 6 4 4 4
M[269] : 3 5 2 3 5 4 4 0 2 4 6 5 7 3 6 3 12 3 6 6 4 5
M[270] : 4 4 4 6 3 3 7 7 0 2 5 2 3 8 6 7 4 4 10 4 5 5
M[271] : 5 4 6 3 2 4 3 4 4 0 4 5 5 2 5 7 6 3 3 5 9 5
M[272] : 4 6 12 2 4 5 8 2 7 7 3 3 2 0 4 6 4 7 4 2 3 5
M[273] : 6 4 0 6 7 4 7 6 3 7 9 4 3 7 2 6 5 8 6 4 1 3
M[274] : 8 4 7 3 3 3 7 8 7 4 4 0 4 6 4 9 4 3 6 2 4 3
M[275] : 0 6 4 11 5 5 4 1 6 10 4 3 3 6 5 5 4 4 6 4 4 7
M[276] : 5 4 4 4 3 2 4 4 5 5 6 3 4 5 3 4 10 4 5 3 6 0
M[277] : 9 5 4 1 7 5 0 3 6 7 4 7 5 9 5 4 5 11 7 4 6 3
M[278] : 6 4 3 3 7 5 4 5 5 4 5 3 8 5 0 4 7 2 2 6 4 3
M[279] : 4 3 6 3 2 0 6 6 4 6 6 1 3 6 5 6 5 4 5 6 3 8
M[280] : 0 7 3 2 4 6 2 9 5 3 3 7 3 4 5 5 6 4 2 6 4 4
M[281] : 5 8 6 6 6 6 2 7 8 8 5 5 3 6 3 9 3 4 5 2 3 0
M[282] : 6 5 3 5 4 2 6 3 5 0 5 4 5 3 6 5 7 1 4 3 1 5
M[283] : 7 4 6 3 4 0 7 4 7 6 4 2 3 6 6 3 1 7 3 3 5 6
M[284] : 7 4 1 4 7 4 3 11 5 0 6 6 3 8 4 7 3 3 8 8 1 4
M[285] : 5 6 4 6 5 3 5 4 5 5 4 3 4 3 2 2 3 4 0 3 0 4
M[286] : 3 5 3 3 3 6 7 4 2 7 1 4 7 4 6 9 3 2 4 0 4 6
M[287] : 0 2 7 2 7 3 3 6 8 6 6 6 7 5 5 7 5 2 3 10 5 3
M[288] : 4 3 5 1 4 2 7 4 6 5 3 7 4 4 6 3 3 5 0 3 6 3
M[289] : 5 7 5 8 5 5 0 6 5 4 4 7 7 5 2 6 3 5 5 5 3 4
M[290] : 7 4 5 4 8 4 4 8 0 3 3 5 6 3 5 6 7 2 6 6 6 8
M[291] : 4 5 7 2 6 5 8 4 4 4 6 3 4 0 5 7 7 6 6 6 4 5
M[292] : 7 5 2 7 5 3 6 0 4 12 7 4 3 6 4 5 4 5 4 3 6 6
M[293] : 2 4 7 4 7 6 2 2 3 4 3 4 3 5 0 5 7 2 2 4 2 7
M[294] : 6 6 3 4 3 4 3 2 2 0 4 5 2 7 4 3 7 7 3 7 5 4
M[295] : 5 7 2 0 6 3 5 0 11 9 6 5 3 5 6 9 4 5 7 4 5 4
M[296] : 4 1 5 4 3 3 5 5 11 6 4 5 4 0 3 5 5 5 10 6 4 11
M[297] : 3 4 4 8 9 2 7 4 2 0 6 2 6 5 4 2 5 5 8 3 4 7
M[298] : 6 9 0 5 4 9 6 3 3 5 3 6 2 3 5 5 1 8 5 4 5 5
M[299] : 9 5 0 3 1 4 3 4 3 1 4 2 5 3 3 8 3 9 7 7 3 4
M[300] : 3 6 5 3 4 0 6 2 2 7 8 5 3 5 5 3 3 6 9 3 5 5
M[301] : 7 6 7 3 4 6 3 0 5 7 4 5 1 3 4 4 9 3 9 6 4 9
M[302] : 5 4 4 7 9 8 9 4 6 6 4 4 1 6 4 3 5 2 4 7 0 3
M[303] : 9 2 6 5 4 3 4 5 1 4 3 2 7 4 3 0 6 5 5 3 5 7
M[304] : 4 8 6 5 3 7 0 4 4 5 3 3 6 4 2 8 2 5 6 6 7 4
M[305] : 4 8 3 6 8 3 4 4 1 7 1 9 5 7 4 3 4 0 3 4 1 8
M[306] : 3 6 0 2 3 3 7 6 3 2 3 5 5 2 4 4 3 5 4 7 5 5
M[307] : 4 3 4 5 8 9 6 10 6 0 3 9 7 5 8 8 6 6 9 1 5 4
M[308] : 6 6 1 4 3 3 7 6 2 7 0 6 5 4 5 4 8 3 4 6 5 7
M[309] : 6 5 5 7 4 6 7 5 6 5 3 3 4 4 3 0 6 2 4 5 5 3
M[310] : 3 3 5 6 4 7 3 8 4 5 7 5 1 6 4 5 4 0 6 5 6 2
M[311] : 6 6 5 8 3 3 5 6 5 3 3 4 5 7 6 9 0 2 8 2 2 1
M[312] : 8 5 6 3 8 6 3 10 5 6 6 8 5 4 1 5 4 5 8 0 5 3
M[313] : 6 5 3 3 4 5 6 5 5 6 6 9 5 4 2 3 4 8 9 0 4 4
M[314] : 4 5 3 3 3 8 3 5 2 1 5 2 5 4 4 0 7 2 5 4 2 5
M[315] : 3 5 5 4 7 2 2 0 5 3 5 8 4 3 1 3 4 5 4 4 4 2
M[316] : 5 5 3 7 6 7 7 4 4 5 6 8 6 0 1 4 5 6 1 8 5 3
M[317] : 5 4 5 8 3 0 4 4 6 5 7 1 6 2 5 6 4 5 5 4 9 6
M[318] : 4 4 6 3 3 2 4 4 5 7 4 4 7 6 8 5 2 0 3 4 4 7
M[319] : 3 5 4 5 0 3 5 5 4 9 5 2 5 1 6 3 7 8 3 7 1 5
M[320] : 4 4 4 4 4 10 4 6 2 6 4 7 3 6 2 3 5 6 6 4 0 5
M[321] : 7 5 6 8 7 7 3 5 0 5 6 6 4 2 3 4 4 4 5 5 4 4
M[322] : 6 4 5 8 5 0 6 3 5 3 3 4 3 5 5 2 4 5 3 4 5 8
M[323] : 5 4 2 7 4 7 0 6 2 5 7 0 4 7 7 3 7 2 5 4 8 6
M[324] : 2 6 7 5 3 5 2 2 3 5 6 0 10 4 4 5 8 9 1 6 4 4
M[325] : 4 1 6 4 7 4 6 3 2 5 7 3 5 4 5 5 5 4 7 3 2 0
M[326] : 9 5 3 8 5 3 5 0 3 5 3 5 9 5 6 4 4 5 2 3 6 6
M[327] : 10 6 4 1 5 5 3 6 5 8 4 2 0 3 7 3 4 4 2 2 4 5
M[328] : 2 4 3 5 5 6 3 4 2 6 6 2 4 6 5 6 8 6 4 0 3 3
M[329] : 2 3 2 6 6 5 3 5 1 4 6 1 1 3 3 2 0 5 4 4 5 7
M[330] : 5 5 5 4 0 2 9 6 6 5 4 10 4 5 2 2 8 7 6 6 3 4
M[331] : 6 6 5 2 5 0 5 5 6 6 7 5 8 7 3 5 3 1 5 5 3 2
M[332] : 6 7 8 7 5 6 2 6 4 5 6 4 0 6 6 4 6 9 7 4 7 2
M[333] : 1 3 4 6 4 6 5 5 5 10 7 7 2 3 5 5 6 5 3 0 6 5
M[334] : 6 5 7 5 6 4 6 7 8 8 2 4 3 8 3 2 0 0 5 8 3 5
M[335] : 5 6 3 4 0 12 4 5 6 7 5 5 8 7 5 4 7 4 3 3 8 4
M[336] : 4 5 8 0 3 7 7 4 3 3 4 5 6 6 2 2 2 7 4 4 6 4
M[337] : 4 3 3 7 4 3 2 5 3 0 4 4 8 9 3 1 5 2 6 6 2 3
M[338] : 0 5 3 5 9 3 9 6 3 6 2 8 8 7 2 3 2 5 5 4 4 4
M[339] : 9 6 6 8 5 6 3 3 8 6 5 3 6 5 2 4 5 5 5 0 2 6
M[340] : 5 7 4 2 5 4 9 0 6 4 4 5 2 3 3 1 3 5 5 6 5 5
M[341] : 9 3 5 0 3 4 0 2 8 4 3 4 7 5 5 4 4 6 6 3 5 3
M[342] : 3 4 5 8 4 0 4 5 7 5 2 3 6 4 3 3 5 4 3 8 3 5
M[343] : 1 0 6 3 6 3 4 5 1 2 4 3 0 4 3 3 4 2 1 3 9 1
M[344] : 5 2 0 4 3 6 3 4 2 8 2 4 1 5 6 5 6 3 9 2 4 1
M[345] : 4 7 7 2 2 7 8 3 14 4 5 10 7 4 1 9 5 4 6 5 2 0
M[346] : 8 6 1 4 4 7 6 0 6 6 6 2 8 6 6 9 6 4 5 6 11 3
M[347] : 1 8 5 3 4 5 0 2 4 5 4 2 7 5 3 6 1 6 4 10 2 3
M[348] : 3 9 4 9 1 0 6 7 3 3 5 5 4 5 7 4 4 6 5 5 4 8
M[349] : 0 5 7 4 6 4 3 2 5 2 2 3 6 5 2 6 5 2 2 3 10 8
M[350] : 7 4 5 2 4 6 2 6 5 2 6 3 7 7 9 0 5 4 2 9 4 7
M[351] : 4 1 5 2 7 2 6 6 3 0 6 6 3 5 9 3 6 2 4 5 7 1
M[352] : 10 2 2 4 7 5 4 6 2 8 5 1 3 6 8 4 4 9 2 6 3 0
M[353] : 10 4 7 9 3 1 4 4 4 1 2 3 4 2 0 4 9 4 4 3 4 7
M[354] : 4 4 3 4 3 6 4 4 4 5 3 3 1 3 6 5 1 9 4 11 8 0
M[355] : 5 0 4 4 3 5 2 4 8 5 7 8 8 3 6 7 5 7 3 7 4 4
M[356] : 3 4 7 2 2 6 3 3 4 4 7 3 6 4 5 12 4 4 0 4 3 8
M[357] : 6 3 4 2 5 4 6 5 6 6 2 6 6 9 0 5 3 4 7 5 7 5
M[358] : 4 6 4 3 5 5 6 4 9 7 4 1 4 0 6 6 2 5 5 3 4 4
M[359] : 5 0 5 7 7 4 3 4 4 5 3 4 6 3 0 2 4 10 6 8 3 10
M[360] : 3 6 5 6 5 7 6 0 6 0 2 3 3 4 5 5 3 5 3 5 3 5
M[361] : 4 1 5 2 6 2 2 5 3 3 7 0 4 5 4 6 4 1 4 7 3 5
M[362] : 0 5 4 6 6 4 3 6 3 6 3 2 4 6 6 5 4 5 4 3 7 5
M[363] : 2 8 7 5 5 7 7 7 7 5 2 4 4 5 4 8 5 4 0 5 4 8
M[364] : 6 5 3 6 4 5 9 2 4 4 3 5 4 7 2 2 4 4 0 5 6 3
M[365] : 7 4 4 6 1 10 5 2 9 7 4 5 3 4 4 0 5 7 1 3 6 5
M[366] : 4 4 6 3 7 6 7 8 5 7 4 7 0 5 5 4 9 1 7 8 3 5
M[367] : 3 6 1 1 6 5 4 8 3 5 3 1 0 5 1 5 4 6 6 4 5 3
M[368] : 6 6 5 4 3 7 6 7 3 0 4 4 6 6 5 4 4 2 2 8 3 6
M[369] : 6 11 6 3 4 6 4 9 3 2 3 6 0 5 10 4 6 2 2 7 4 9
M[370] : 8 3 5 2 3 7 0 4 4 8 5 8 5 2 6 4 7 9 7 7 8 8
M[371] : 3 1 4 8 4 4 0 5 5 6 5 8 4 7 3 9 4 5 7 8 6 3
M[372] : 0 3 3 9 5 4 4 9 7 2 4 5 7 6 6 2 6 0 3 5 8 5
M[373] : 8 2 4 8 6 4 4 4 2 4 2 4 4 7 4 3 0 5 4 6 5 3
M[374] : 0 8 6 2 5 4 4 5 3 1 3 4 4 3 4 4 6 3 7 2 3 4
M[375] : 7 3 3 8 2 7 6 6 0 2 7 5 4 6 3 7 7 5 7 3 2 4
M[376] : 6 3 6 8 3 0 5 8 4 2 6 5 1 4 7 6 5 3 6 5 2 4
M[377] : 4 6 6 6 5 4 2 2 4 2 3 2 5 4 5 6 5 3 6 2 0 7
M[378] : 4 5 5 5 1 6 6 7 4 3 8 4 4 3 3 6 5 0 2 8 3 6
M[379] : 5 3 2 8 4 3 7 4 3 5 3 4 5 1 1 1 3 0 7 1 4 5
M[380] : 3 6 2 5 2 5 9 8 3 4 6 4 4 7 6 4 2 0 7 2 10 2
M[381] : 7 3 4 1 7 5 5 4 7 0 3 5 3 8 7 5 7 4 7 6 5 5
M[382] : 4 3 1 7 4 3 4 4 2 4 2 6 3 7 3 0 2 5 2 6 10 6
M[383] : 2 1 4 4 6 2 5 2 2 8 3 7 6 6 5 3 4 4 0 1 6 2
M[384] : 7 2 5 6 6 6 5 3 6 6 6 6 0 5 5 5 6 3 3 5 3 5
M[385] : 4 0 5 5 9 6 4 3 8 3 5 1 5 2 3 4 3 3 7 10 2 8
M[386] : 7 7 4 4 8 3 6 0 8 4 2 6 5 5 8 8 4 3 5 6 5 5
M[387] : 7 6 7 1 7 0 0 9 3 2 2 5 5 5 3 2 2 1 4 8 5 2
M[388] : 4 5 6 7 3 4 0 9 5 3 5 6 7 3 6 5 6 2 3 6 4 2
M[389] : 4 2 10 5 2 5 4 6 6 7 7 2 5 6 4 4 3 5 6 5 8 0
M[390] : 5 5 5 6 6 0 5 3 3 3 7 6 2 2 6 4 4 7 2 3 2 3
M[391] : 6 3 1 4 5 6 3 3 2 6 6 5 0 5 4 5 11 7 8 2 4 7
M[392] : 8 5 5 6 9 2 3 7 6 3 3 0 8 2 3 4 4 8 2 7 4 6
M[393] : 5 2 0 6 6 6 5 1 6 5 4 5 3 6 5 7 7 9 8 2 6 2
M[394] : 3 6 4 6 5 5 2 5 3 5 6 1 3 3 2 5 0 5 7 7 6 7
M[395] : 6 6 3 9 4 6 4 1 4 1 9 2 7 0 2 5 3 13 5 5 5 1
M[396] : 8 3 6 8 7 4 7 8 7 7 7 2 8 0 3 2 5 4 4 7 6 3
M[397] : 7 5 7 7 7 4 3 4 3 3 4 4 6 5 0 7 4 4 4 5 3 5
M[398] : 4 6 2 5 1 2 5 0 4 4 5 10 3 4 5 5 4 5 3 4 4 4
M[399] : 6 4 4 7 4 1 4 7 5 6 5 7 5 5 0 1 6 4 6 5 6 3
M[400] : 8 7 5 5 2 3 3 4 6 2 0 6 6 5 5 5 6 11 3 5 6 4
M[401] : 6 4 7 6 5 11 5 7 3 4 8 4 7 10 2 4 4 4 0 5 4 12
M[402] : 6 5 4 4 6 3 6 6 4 6 8 0 5 3 3 3 6 8 3 3 5 6
M[403] : 5 3 3 4 8 2 3 0 6 8 9 2 4 2 3 6 3 2 7 4 6 3
M[404] : 7 0 6 4 8 5 9 3 4 4 2 4 5 1 2 3 6 6 4 4 8 5
M[405] : 6 3 5 4 7 7 4 6 2 2 7 4 2 3 6 0 5 2 2 5 3 2
M[406] : 4 3 3 4 0 4 7 5 8 3 8 4 2 7 6 7 6 4 3 4 3 5
M[407] : 4 7 3 2 8 3 2 7 4 1 7 5 5 5 7 4 6 4 6 4 3 0
M[408] : 5 5 6 5 2 7 3 5 6 3 3 5 5 5 4 3 1 0 3 6 2 5
M[409] : 5 0 6 3 6 7 10 2 7 6 5 3 2 3 5 5 5 3 2 3 8 2
M[410] : 7 7 4 7 7 5 5 6 3 4 0 3 4 4 3 6 7 4 8 3 7 4
M[411] : 10 3 3 4 5 5 0 4 3 5 5 3 8 5 5 5 4 1 3 9 4 3
M[412] : 4 3 5 6 4 6 4 4 2 4 3 0 4 3 7 4 6 4 6 5 6 7
M[413] : 7 2 2 3 10 4 9 6 3 6 3 6 8 4 3 2 0 4 3 5 8 3
M[414] : 9 2 9 6 6 5 2 6 5 3 6 4 2 5 4 4 8 4 0 7 2 4
M[415] : 4 7 3 10 6 0 5 5 7 5 5 5 3 4 5 6 6 6 1 9 7 5
M[416] : 5 7 6 2 5 2 7 7 6 7 5 6 5 4 5 4 6 0 5 3 3 10
M[417] : 7 1 10 5 3 4 5 4 4 3 6 7 4 3 7 5 0 3 4 5 5 5
M[418] : 6 5 4 5 5 6 5 3 3 0 4 8 4 1 2 4 6 3 5 5 3 5
M[419] : 6 4 7 6 3 6 4 3 6 6 5 6 1 2 0 5 4 7 4 5 7 4
M[420] : 8 3 2 5 4 9 6 4 8 8 4 0 3 6 5 6 0 0 5 11 4 2
M[421] : 2 0 2 3 4 2 7 2 4 6 2 5 7 4 3 3 5 6 8 7 0 7
M[422] : 6 5 6 5 7 6 3 6 5 4 5 3 2 6 3 3 6 4 4 5 0 3
M[423] : 4 6 5 6 4 6 5 6 6 4 10 8 3 7 0 5 3 7 2 2 5 4
M[424] : 4 4 9 3 6 5 11 7 1 5 8 0 5 5 3 3 3 7 9 4 7 4
M[425] : 3 7 3 6 1 4 4 2 7 3 5 2 0 6 4 5 9 3 9 3 7 5
M[426] : 4 2 5 6 9 3 6 3 3 0 6 3 7 4 3 4 4 4 4 4 3 2
M[427] : 6 5 2 6 2 4 7 6 4 4 0 5 4 6 6 6 9 6 7 6 3 6
M[428] : 5 3 5 10 8 3 2 4 2 6 6 7 7 8 8 3 0 9 5 4 3 6
M[429] : 0 5 4 6 3 6 8 5 8 4 1 4 7 4 4 5 5 11 7 3 3 5
M[430] : 5 5 4 4 7 5 3 0 4 5 6 9 4 4 8 4 2 5 3 3 6 3
M[431] : 6 3 2 2 7 6 3 0 6 7 2 10 3 4 1 6 5 8 3 4 6 3
M[432] : 1 4 7 5 5 4 6 3 3 3 7 7 2 5 3 7 5 4 3 6 0 5
M[433] : 3 3 5 2 12 5 4 6 6 7 0 6 3 5 5 6 5 4 7 3 3 6
M[434] : 2 3 10 4 5 5 4 5 6 3 9 6 3 4 3 8 5 0 4 1 8 7
M[435] : 4 9 5 3 4 6 7 4 7 8 2 2 5 7 5 6 3 6 3 4 0 4
M[436] : 6 5 5 7 3 4 6 8 5 4 6 0 3 1 8 4 3 3 3 3 3 3
M[437] : 0 5 3 3 8 8 4 8 4 3 6 5 3 6 3 3 5 2 5 7 5 3
M[438] : 6 4 6 8 5 5 7 6 3 8 2 5 4 4 4 4 5 0 7 5 6 2
M[439] : 1 0 5 6 4 3 3 4 4 4 4 5 4 8 2 4 3 5 3 7 5 5
M[440] : 0 6 5 4 7 6 13 9 9 6 5 1 5 2 7 7 5 7 6 10 2 5
M[441] : 5 5 8 2 5 4 3 4 0 6 4 7 3 3 4 5 2 4 6 4 4 3
M[442] : 4 5 6 1 2 4 3 3 4 3 5 6 0 1 6 5 6 7 6 5 6 3
M[443] : 5 4 6 2 8 6 0 6 1 4 5 5 4 5 2 1 2 6 6 5 7 5
M[444] : 0 8 3 8 9 2 4 3 5 3 8 5 7 2 8 4 6 5 6 3 3 4
M[445] : 7 5 8 0 3 6 6 2 4 7 8 4 2 5 8 6 2 5 4 9 2 6
M[446] : 4 4 5 5 4 5 4 7 4 8 2 3 2 9 4 4 3 5 1 5 7 0
M[447] : 2 4 0 2 0 10 7 8 5 9 6 2 7 4 3 2 6 4 5 6 6 8
M[448] : 5 5 7 3 4 4 3 4 4 3 7 6 6 6 4 3 0 4 2 2 3 5
M[449] : 4 2 2 5 4 7 0 6 4 9 6 7 2 4 4 4 2 2 4 5 1 5
M[450] : 7 5 6 6 0 8 3 3 7 3 4 3 2 7 1 8 4 5 3 2 6 9
M[451] : 6 7 6 5 7 6 6 4 4 4 3 0 4 3 5 1 9 2 3 7 5 4
M[452] : 3 7 2 0 7 7 4 3 1 10 3 4 5 5 6 6 7 5 5 1 6 7
M[453] : 2 2 9 1 6 0 3 2 5 5 3 5 4 4 6 0 4 6 3 5 3 3
M[454] : 10 4 4 2 4 4 4 5 0 4 2 5 3 4 6 5 8 4 7 3 6 4
M[455] : 5 4 2 10 6 2 5 3 7 5 7 1 4 5 2 1 7 5 0 3 7 3
M[456] : 3 7 8 5 8 4 4 2 5 2 3 5 2 4 4 2 4 4 0 7 4 1
M[457] : 0 4 2 6 7 5 4 11 4 2 8 5 6 4 5 5 2 10 4 3 6 6
M[458] : 6 4 5 6 5 1 10 6 4 7 0 6 4 4 3 3 2 3 5 7 6 4
M[459] : 3 3 4 6 4 2 8 0 4 6 2 5 7 7 3 6 6 8 6 4 4 3
M[460] : 5 9 6 5 5 6 6 4 2 6 4 4 5 6 5 8 4 0 6 4 5 3
M[461] : 0 1 10 3 5 3 6 0 2 5 3 1 7 6 4 4 8 3 6 8 2 2
M[462] : 5 4 7 5 5 3 5 4 7 0 4 4 7 4 4 0 8 3 6 4 6 6
M[463] : 2 0 7 2 8 7 4 3 4 6 0 5 9 5 4 5 3 3 9 2 1 5
M[464] : 7 5 0 2 5 2 6 4 4 3 8 6 7 6 6 6 5 8 3 2 11 7
M[465] : 4 10 2 7 4 4 6 7 4 3 4 4 4 5 0 7 6 4 2 3 6 6
M[466] : 6 1 2 4 3 5 9 0 5 3 5 5 4 5 2 5 6 3 6 8 5 3
M[467] : 5 5 4 0 5 7 3 5 11 2 5 5 6 5 3 5 3 3 10 2 6 6
M[468] : 3 3 7 5 7 3 6 5 3 5 3 4 2 4 4 0 6 5 3 4 7 5
M[469] : 2 2 5 0 4 5 8 6 7 5 7 3 4 7 7 7 6 8 4 1 5 7
M[470] : 3 0 3 4 3 6 5 7 5 7 5 10 6 2 7 3 4 4 6 5 3 3
M[471] : 0 4 1 4 5 2 3 9 8 4 1 5 3 4 6 2 4 4 6 4 3 8
M[472] : 6 6 0 3 10 5 4 6 7 7 3 3 5 3 7 5 3 4 5 2 5 6
M[473] : 5 3 7 6 3 5 4 2 0 6 9 7 4 4 7 6 3 6 5 2 6 3
M[474] : 4 5 4 5 8 5 3 4 4 0 7 5 1 6 4 3 5 4 4 8 2 6
M[475] : 6 4 6 1 5 3 7 6 3 0 5 5 6 3 5 3 4 9 3 8 4 5
M[476] : 6 6 5 3 3 4 4 7 7 1 3 4 5 4 2 3 7 0 2 2 5 5
M[477] : 4 8 8 5 5 5 6 5 4 3 0 6 5 5 1 7 3 5 6 3 5 2
M[478] : 7 7 3 9 8 5 2 6 2 5 5 4 2 9 3 7 5 0 7 3 8 7
M[479] : 9 6 3 3 7 5 4 5 6 8 9 7 4 7 7 7 3 1 0 4 3 5
M[480] : 4 7 8 0 3 4 7 4 1 4 4 4 5 6 9 5 2 4 11 4 5 4
M[481] : 10 4 3 3 6 8 5 2 5 2 10 5 12 3 11 0 5 6 7 5 5 3
M[482] : 5 5 7 6 2 4 5 4 5 5 7 3 1 9 6 0 7 8 6 5 5 3
M[483] : 2 5 6 2 3 0 3 5 6 3 3 4 5 5 8 9 4 5 6 9 6 5
M[484] : 6 0 2 6 7 2 7 5 3 3 5 7 9 4 9 3 5 6 3 3 1 4
M[485] : 5 0 2 6 2 2 6 1 6 1 2 5 5 2 4 2 2 7 3 2 4 2
M[486] : 7 1 5 6 6 3 7 5 8 3 3 3 1 5 6 5 5 1 0 6 3 7
M[487] : 6 3 6 3 6 7 6 3 9 5 3 5 8 6 5 3 0 7 6 2 4 3
M[488] : 2 7 7 0 4 1 2 6 9 3 7 2 3 5 6 5 1 8 6 4 4 3
M[489] : 2 10 3 6 8 3 8 8 4 0 6 2 6 3 7 2 8 3 4 4 3 4
M[490] : 3 2 3 5 3 6 3 4 1 6 1 4 9 6 3 4 4 5 6 4 0 4
M[491] : 7 7 7 8 3 4 0 2 5 11 4 5 5 4 6 7 5 4 4 6 4 4
M[492] : 4 3 3 6 3 4 11 6 7 4 5 6 4 4 2 4 3 5 0 4 2 5
M[493] : 3 6 7 4 0 2 6 4 5 6 6 3 6 6 4 6 6 8 5 5 6 6
M[494] : 4 5 8 13 5 5 8 2 3 6 1 5 3 4 7 0 4 6 3 4 3 10
M[495] : 6 2 0 6 5 0 5 6 4 6 3 3 1 4 2 6 4 5 6 6 3 5
M[496] : 8 5 3 4 8 3 6 3 0 7 4 1 3 7 6 6 5 3 5 5 7 5
M[497] : 9 2 5 4 4 5 7 3 2 5 6 5 1 5 7 2 9 5 4 0 6 3
M[498] : 6 3 7 4 4 5 2 10 2 9 4 6 1 4 6 8 4 9 4 0 7 6
M[499] : 6 2 8 2 4 6 7 3 1 6 5 1 6 7 3 6 5 6 0 3 6 5
M[500] : 4 4 6 7 4 2 6 3 6 6 8 6 7 7 2 4 2 0 2 9 5 7
M[501] : 5 2 4 5 5 5 5 1 6 3 0 4 6 4 7 6 4 7 6 5 6 2
M[502] : 4 8 5 4 6 5 4 3 4 3 0 8 7 3 6 7 2 6 3 3 4 4
M[503] : 6 6 5 6 6 3 0 4 7 7 7 3 3 4 7 7 3 3 0 2 2 3
M[504] : 6 3 4 2 5 5 0 3 4 3 7 11 10 6 6 3 5 5 4 2 6 3
M[505] : 5 4 4 5 0 3 2 4 6 7 6 7 5 4 4 7 6 5 5 5 3 2
M[506] : 5 1 3 2 4 5 2 1 6 3 5 3 7 0 10 6 4 4 6 4 4 4
M[507] : 4 9 6 3 5 5 4 10 5 0 6 4 5 7 5 6 2 6 5 4 3 5
M[508] : 5 2 3 7 9 4 2 2 0 6 3 3 7 3 5 3 6 4 2 9 2 3
M[509] : 5 4 1 8 2 7 4 4 0 1 9 4 4 6 7 2 3 5 5 3 6 7
M[510] : 4 2 7 2 3 3 7 5 5 4 4 9 3 0 6 5 7 6 2 4 5 3
M[511] : 1 7 3 7 6 4 4 10 7 6 3 3 3 6 5 0 7 4 2 4 5 10
M[512] : 11 6 3 4 6 5 6 0 4 5 5 6 5 2 2 6 5 5 7 3 4 7
M[513] : 7 4 5 5 5 3 10 5 3 3 5 6 5 8 5 6 6 7 3 0 2 5
M[514] : 10 0 4 4 5 1 4 4 5 10 3 4 8 4 5 7 5 2 5 7 4 3
M[515] : 5 0 4 9 4 3 4 6 2 6 1 7 6 3 4 3 2 7 5 5 2 3
M[516] : 1 4 8 5 4 4 4 2 6 2 3 4 5 3 5 0 6 6 5 3 6 4
M[517] : 6 3 5 6 8 8 6 3 8 6 0 4 3 3 6 7 2 3 4 7 3 4
M[518] : 8 7 7 5 3 4 8 5 9 3 4 6 7 6 4 6 0 3 4 4 2 4
M[519] : 4 5 6 6 0 5 9 4 1 3 5 4 2 5 4 5 6 8 0 5 4 4
M[520] : 3 2 3 8 4 6 6 4 9 2 6 5 3 6 6 0 6 2 8 6 5 2
M[521] : 3 3 4 2 3 10 2 2 5 6 8 4 3 0 2 7 5 5 3 2 6 3
M[522] : 2 3 5 0 6 3 9 2 1 4 2 9 10 4 6 5 3 9 8 4 6 6
M[523] : 6 2 2 2 0 4 7 2 6 0 3 8 4 6 3 2 9 5 6 0 5 3
M[524] : 2 4 3 5 5 9 5 4 3 7 4 6 6 1 4 5 5 0 4 4 3 4
M[525] : 8 4 5 4 5 4 5 4 0 5 8 5 3 3 6 4 2 6 4 3 5 7
M[526] : 6 5 6 7 6 7 0 8 8 6 4 6 3 6 7 5 2 2 4 6 5 5
M[527] : 5 2 3 3 4 8 0 6 4 6 6 4 4 8 6 4 2 1 3 5 6 6
M[528] : 3 5 7 3 8 0 7 8 2 4 5 6 4 3 5 4 4 2 4 4 4 6
M[529] : 0 7 3 8 7 5 5 2 5 2 4 5 3 5 6 5 3 4 2 6 2 2
M[530] : 8 5 5 3 7 5 5 5 2 1 7 4 4 7 9 9 2 6 2 3 0 9
M[531] : 2 6 7 5 2 3 7 4 8 4 0 5 6 6 2 4 2 4 6 3 2 10
M[532] : 9 6 0 7 5 6 3 5 2 4 5 6 9 6 0 5 8 5 4 3 7 3
M[533] : 2 4 2 1 5 4 7 2 0 5 5 2 6 9 2 3 4 3 3 8 1 5
M[534] : 3 3 0 4 5 6 3 6 3 4 8 4 3 4 4 5 4 7 2 5 5 3
M[535] : 6 4 3 10 0 6 3 4 7 5 4 3 3 3 3 7 4 5 9 2 5 7
M[536] : 4 9 6 6 0 4 3 4 8 3 2 5 7 3 6 6 2 2 5 3 6 3
M[537] : 3 6 8 3 7 6 3 5 6 5 9 3 3 5 5 5 3 4 5 7 0 7
M[538] : 6 4 0 6 7 2 4 5 2 3 5 8 2 6 4 4 8 7 4 5 8 6
M[539] : 5 5 4 7 5 3 7 8 7 10 5 3 3 0 4 5 5 5 5 3 6 6
M[540] : 10 4 2 4 2 7 6 9 3 2 3 4 11 4 1 5 0 4 5 5 6 2
M[541] : 11 3 5 8 0 6 5 5 3 3 5 4 7 3 6 5 5 4 4 1 7 3
M[542] : 3 0 4 4 4 8 6 3 7 2 4 4 5 5 6 9 2 4 5 10 6 3
M[543] : 5 6 3 5 5 6 0 8 4 4 3 4 2 7 5 6 4 2 0 5 5 3
M[544] : 3 6 7 6 0 3 2 4 9 4 4 0 3 5 4 2 3 6 6 4 7 5
M[545] : 6 0 4 3 5 7 6 8 2 2 6 2 4 4 7 2 7 10 4 4 1 5
M[546] : 1 4 5 6 2 6 4 7 8 7 4 0 4 3 4 5 4 5 5 7 7 5
M[547] : 8 6 6 2 4 5 6 0 4 4 7 5 8 5 6 5 6 4 3 1 5 7
M[548] : 0 8 5 6 4 5 3 3 4 4 2 3 5 3 3 9 5 3 6 5 4 5
M[549] : 5 0 3 7 7 4 3 6 4 5 5 5 5 5 4 7 5 4 2 11 5 4
M[550] : 7 9 4 3 5 6 4 3 4 2 3 7 3 1 5 5 7 6 5 0 2 3
M[551] : 3 2 6 6 4 3 6 5 4 4 9 5 8 0 4 5 8 3 2 7 6 6
M[552] : 1 3 4 6 5 7 0 6 7 7 7 2 2 5 3 4 4 4 7 8 4 3
M[553] : 5 4 3 2 4 5 6 5 3 0 7 2 5 10 6 8 5 5 0 1 7 6
M[554] : 6 0 2 3 2 6 5 2 6 7 5 4 3 9 1 6 5 5 5 6 3 7
M[555] : 7 4 4 1 5 5 4 5 7 5 4 3 2 4 5 5 6 7 0 4 4 2
M[556] : 5 8 2 4 4 3 9 7 3 5 4 0 4 4 4 5 7 3 4 6 2 2
M[557] : 4 2 0 6 2 1 3 7 3 5 4 4 3 7 5 3 4 6 3 5 7 5
M[558] : 5 5 4 6 4 6 5 5 5 4 7 4 2 3 0 5 3 8 5 6 6 5
M[559] : 5 6 5 3 5 4 4 6 8 6 5 10 1 2 11 6 1 5 9 0 6 5
M[560] : 0 4 2 2 4 3 4 3 9 3 9 2 1 5 1 7 4 3 2 8 4 7
M[561] : 3 9 4 7 3 7 6 7 5 6 6 8 5 4 0 4 4 4 5 7 4 7
M[562] : 5 4 8 3 2 4 5 3 4 2 3 4 6 3 3 6 5 0 4 6 7 4
M[563] : 4 5 3 5 3 2 2 4 9 2 5 7 7 7 7 4 0 5 2 1 4 5
M[564] : 7 6 5 4 4 4 5 8 11 5 3 0 8 5 4 6 3 3 8 7 5 5
M[565] : 5 6 9 6 2 1 4 7 8 3 6 3 0 3 4 6 8 5 4 4 1 5
M[566] : 2 10 3 4 1 4 5 4 4 0 2 5 8 6 7 3 6 4 5 2 4 6
M[567] : 4 5 1 0 6 0 5 5 4 4 6 3 6 3 3 6 7 1 4 6 6 4
M[568] : 4 9 7 3 9 1 4 3 6 6 4 0 2 2 2 4 4 1 2 2 9 4
M[569] : 8 8 6 2 0 4 6 7 4 4 4 4 6 3 9 4 2 4 5 5 9 6
M[570] : 4 3 3 2 5 2 3 4 3 5 1 3 0 5 5 3 4 2 8 4 6 11
M[571] : 4 4 2 5 6 0 3 2 5 5 5 8 7 7 2 4 6 9 6 7 3 10
M[572] : 2 8 6 7 6 1 4 4 3 5 8 3 2 5 8 5 3 0 4 6 5 6
M[573] : 4 7 0 4 1 4 3 2 4 4 4 5 1 6 4 3 4 7 4 3 6 3
M[574] : 4 4 3 6 5 2 0 8 5 7 6 4 4 8 6 3 7 5 2 0 3 4
M[575] : 3 5 7 7 5 6 6 6 6 3 3 9 4 5 4 2 2 6 5 10 0 7
M[576] : 1 7 5 5 8 0 3 2 1 6 3 7 4 4 8 5 3 6 6 3 2 8
M[577] : 9 4 5 3 3 4 6 3 6 4 7 5 6 4 4 0 1 6 6 2 8 4
M[578] : 6 5 4 2 5 6 4 6 3 7 7 4 8 4 0 4 2 4 7 7 6 6
M[579] : 6 7 7 6 8 4 2 6 5 4 3 4 4 2 3 3 5 5 5 4 0 5
M[580] : 6 3 7 7 1 4 8 4 4 6 3 5 8 10 8 2 2 4 5 0 7 6
M[581] : 4 9 3 3 6 3 8 6 4 7 7 3 2 0 5 5 9 4 5 6 7 4
M[582] : 8 5 6 3 3 5 6 2 6 8 2 5 5 5 0 5 4 3 5 5 5 8
M[583] : 0 3 0 3 3 1 6 3 4 1 3 2 3 7 6 5 7 6 6 8 6 2
M[584] : 4 5 5 6 6 8 3 4 4 7 3 2 8 5 0 3 4 8 11 6 3 6
M[585] : 4 6 5 5 6 8 5 8 5 3 0 2 7 7 3 5 6 1 4 4 5 5
M[586] : 6 8 4 3 4 7 0 5 4 5 7 5 7 7 6 4 4 3 6 2 1 2
M[587] : 2 5 3 2 3 4 4 6 4 6 5 4 5 6 8 5 7 4 3 0 5 8
M[588] : 5 2 5 9 4 0 7 2 3 3 5 3 5 3 5 4 9 5 3 6 5 2
M[589] : 0 3 7 1 5 8 7 3 4 5 5 5 5 1 3 3 3 2 3 1 3 3
M[590] : 3 2 7 2 5 3 2 2 7 4 2 5 5 5 0 5 4 5 3 4 1 7
M[591] : 4 2 3 9 1 4 5 6 2 5 7 5 0 3 8 4 5 6 7 6 4 2
M[592] : 2 6 5 2 8 8 2 5 3 2 5 7 6 5 0 5 5 3 4 5 1 4
M[593] : 5 3 2 9 1 4 2 1 4 4 6 5 6 4 6 5 0 4 5 5 5 2
M[594] : 3 7 5 7 3 3 4 4 3 3 5 3 0 7 3 6 8 2 3 1 2 7
M[595] : 5 8 5 5 4 7 4 2 6 1 0 3 3 6 2 6 2 0 6 5 4 4
M[596] : 1 5 10 5 7 4 8 0 1 6 4 8 6 4 1 2 10 5 4 6 3 4
M[597] : 7 0 7 3 6 4 5 3 5 6 5 5 5 3 5 4 4 10 5 5 2 6
M[598] : 3 5 6 3 7 10 4 7 0 2 6 6 3 3 2 5 5 5 9 6 2 7
M[599] : 4 6 3 2 5 4 6 1 6 5 9 3 0 9 4 7 7 3 3 3 4 1
M[600] : 2 3 4 3 3 5 4 2 6 5 6 6 10 3 6 6 3 4 2 5 4 0
M[601] : 7 6 4 5 4 4 3 5 4 6 4 2 5 5 9 5 5 5 2 6 8 0
M[602] : 3 4 2 10 6 0 2 2 3 1 6 2 6 3 3 3 4 5 2 3 9 3
M[603] : 9 2 7 0 2 6 1 4 3 2 3 2 4 3 12 6 4 4 5 4 5 3
M[604] : 6 3 6 4 9 12 10 4 4 4 4 5 2 8 4 8 4 3 6 0 5 4
M[605] : 3 5 7 5 3 4 6 0 6 4 2 7 5 4 5 4 1 4 2 1 4 5
M[606] : 2 3 3 4 5 4 6 4 2 1 1 4 0 5 2 9 5 2 3 7 6 5
M[607] : 4 2 0 4 0 1 7 5 2 4 4 6 7 2 3 3 6 5 4 3 5 3
M[608] : 4 2 7 0 2 4 4 2 8 2 4 5 5 5 5 3 10 6 1 6 6 3
M[609] : 1 6 9 0 1 3 5 5 3 6 2 0 4 3 4 2 7 3 5 1 5 3
M[610] : 5 7 2 4 5 4 5 4 2 6 5 3 0 5 7 5 8 5 1 3 4 2
M[611] : 6 3 8 5 6 5 1 10 4 10 7 9 6 8 5 5 4 6 4 2 0 5
M[612] : 7 2 6 3 4 4 3 8 4 5 4 4 5 4 2 0 8 3 2 6 2 6
M[613] : 3 5 7 4 4 8 6 5 4 5 7 4 3 1 4 0 8 9 3 5 7 7
M[614] : 2 2 4 3 2 9 4 1 5 6 4 5 7 6 1 7 0 5 3 4 4 1
M[615] : 10 2 11 6 2 3 7 0 2 4 1 3 2 9 4 3 5 1 4 2 2 5
M[616] : 6 3 5 8 5 8 4 3 5 3 3 7 7 4 3 1 0 3 5 7 1 3
M[617] : 5 7 6 2 4 4 6 7 5 7 7 4 3 6 4 6 4 0 5 5 2 8
M[618] : 2 2 4 6 7 8 5 5 3 7 6 0 3 8 8 7 5 4 3 4 4 6
M[619] : 5 3 6 4 6 5 7 3 4 7 4 8 6 5 4 0 5 4 5 3 3 3
M[620] : 3 6 5 2 3 1 4 3 2 6 2 3 7 10 3 3 6 4 6 6 6 0
M[621] : 4 7 6 0 4 6 4 2 5 2 6 4 4 5 8 4 4 5 2 4 5 6
M[622] : 5 7 3 2 1 0 4 4 6 4 10 6 5 3 5 6 6 7 10 5 2 2
M[623] : 4 5 6 3 4 5 5 7 5 3 4 0 5 5 2 6 8 5 4 11 6 3
M[624] : 6 4 5 5 6 7 3 3 4 5 5 0 6 5 4 3 5 2 5 2 7 6
M[625] : 6 4 10 9 5 7 6 4 0 3 6 7 3 7 6 8 5 3 3 5 5 5
M[626] : 2 3 7 8 5 3 9 6 0 4 7 7 8 9 4 2 3 4 9 7 3 6
M[627] : 6 4 3 6 5 5 5 6 1 6 2 7 7 3 6 3 5 9 4 0 5 6
M[628] : 4 5 5 10 7 3 7 7 4 6 4 0 6 4 5 4 6 1 5 4 4 5
M[629] : 5 4 5 3 3 4 6 9 6 10 4 5 8 5 3 11 0 8 5 4 3 4
M[630] : 4 2 3 4 8 2 3 3 6 7 7 7 7 6 5 3 5 4 0 4 3 6
M[631] : 6 3 6 2 7 5 4 6 4 6 8 11 8 3 6 3 7 0 6 2 3 7
M[632] : 6 6 3 3 6 4 3 3 1 6 0 7 1 2 6 3 2 5 5 3 6 2
M[633] : 3 5 9 8 3 4 6 7 0 1 3 5 6 3 5 4 6 3 5 4 9 6
M[634] : 3 7 4 4 6 4 6 4 2 5 3 5 2 7 8 0 2 5 1 1 3 5
M[635] : 3 4 5 7 4 3 4 2 0 2 9 2 7 8 2 4 2 4 4 4 2 5
M[636] : 7 5 4 5 4 7 7 2 4 7 5 7 4 5 6 6 4 3 0 8 4 1
M[637] : 6 9 11 2 3 8 6 7 3 5 8 6 6 5 4 7 0 4 7 8 4 5
M[638] : 4 4 3 5 2 0 5 5 5 5 7 5 4 2 6 4 6 3 5 7 5 4
M[639] : 2 7 5 8 7 5 4 10 8 7 5 5 2 2 5 3 5 0 3 7 2 3
M[640] : 5 5 4 2 2 5 9 4 7 6 9 6 0 6 6 4 5 4 6 3 6 8
M[641] : 4 4 4 6 6 5 3 5 4 7 3 0 3 5 1 5 5 6 6 3 6 6
M[642] : 6 3 5 5 3 4 6 6 4 5 3 6 0 3 4 7 3 4 3 8 4 4
M[643] : 9 4 7 5 4 2 8 2 3 7 7 6 5 7 4 3 4 9 3 5 0 5
M[644] : 3 2 9 4 8 0 8 6 3 6 3 2 4 2 2 5 3 3 7 3 5 2
M[645] : 9 8 7 2 4 4 4 5 5 6 3 4 7 5 3 1 1 3 0 8 6 3
M[646] : 4 4 6 7 6 4 4 2 3 6 2 6 3 4 4 2 7 10 3 2 6 0
M[647] : 5 3 5 5 0 4 7 5 7 5 5 3 4 5 5 4 5 7 1 5 5 2
M[648] : 3 8 2 3 6 6 4 4 5 6 5 5 5 2 5 2 7 8 0 4 3 5
M[649] : 0 9 3 0 3 2 2 6 7 8 2 4 3 4 4 5 7 9 6 6 7 8
M[650] : 0 2 3 3 3 5 8 9 5 7 6 4 4 4 8 4 5 8 6 6 5 4
M[651] : 5 4 4 2 5 5 5 4 5 6 5 4 4 6 5 2 0 5 8 4 4 4
M[652] : 6 4 8 1 2 2 4 9 8 2 2 3 3 1 3 3 0 2 2 4 4 4
M[653] : 5 8 5 3 9 6 6 5 3 7 6 3 7 3 4 3 7 6 0 3 7 12
M[654] : 7 5 6 5 5 4 4 5 8 4 4 0 2 5 3 2 0 3 6 7 2 5
M[655] : 5 7 4 6 8 0 8 4 3 5 4 6 2 4 2 7 7 2 2 3 6 5
M[656] : 3 5 5 4 6 2 7 3 5 4 1 3 9 3 0 5 2 3 4 5 4 3
M[657] : 6 0 3 5 4 2 7 5 6 8 8 5 8 4 9 5 7 2 5 5 5 3
M[658] : 4 7 6 4 5 8 2 3 4 7 6 6 5 4 3 5 0 3 4 7 2 4
M[659] : 5 5 4 4 5 4 5 5 3 5 6 2 5 7 6 9 0 3 2 3 8 3
M[660] : 0 7 6 3 5 3 4 5 11 4 9 8 4 5 7 3 7 3 4 6 5 2
M[661] : 7 3 7 3 7 8 5 6 0 10 5 7 2 4 2 2 4 4 3 4 6 4
M[662] : 5 9 4 6 2 5 7 7 4 0 4 3 7 3 6 6 4 4 3 3 8 5
M[663] : 5 8 4 1 2 7 7 8 5 5 6 3 0 7 5 6 2 9 7 3 6 1
M[664] : 5 4 6 3 5 3 7 4 4 6 6 0 4 5 3 4 5 6 3 5 5 5
M[665] : 0 6 5 7 6 5 7 4 4 2 5 4 6 4 4 7 3 3 5 6 5 5
M[666] : 7 3 5 6 3 6 4 3 5 3 0 1 4 5 6 7 7 6 5 2 7 4
M[667] : 3 3 4 5 4 0 6 6 2 3 2 5 0 3 7 5 3 7 8 3 1 6
M[668] : 7 8 4 8 9 5 5 4 0 6 6 3 5 6 2 0 2 1 3 7 6 3
M[669] : 6 0 6 7 4 2 5 3 8 5 7 5 5 3 8 4 2 4 4 4 6 9
M[670] : 1 3 7 4 6 5 8 4 7 5 7 2 5 6 3 0 7 2 0 7 2 3
M[671] : 7 5 1 6 5 2 6 2 5 5 5 4 5 0 1 4 1 4 6 6 6 2
M[672] : 5 3 3 4 2 5 9 0 8 4 3 7 3 5 9 6 3 5 7 1 6 5
M[673] : 5 0 3 5 6 5 4 4 5 3 5 4 4 5 7 3 5 10 8 7 6 3
M[674] : 6 7 1 4 3 6 5 0 1 6 4 7 5 5 6 4 9 1 2 7 3 2
M[675] : 10 7 7 3 5 2 0 9 3 8 6 6 4 9 0 10 8 2 7 7 2 11
M[676] : 6 7 5 1 5 6 5 7 6 6 4 0 6 6 5 5 8 6 3 2 5 5
M[677] : 0 2 3 6 6 3 3 6 6 6 3 4 2 6 7 2 3 5 5 2 7 7
M[678] : 5 6 1 3 3 6 5 7 5 3 3 6 6 4 8 4 3 2 7 5 0 2
M[679] : 5 7 4 5 4 5 4 4 3 5 6 4 6 4 6 2 4 0 6 6 6 4
M[680] : 6 4 7 8 6 4 5 6 3 7 6 3 4 4 0 5 4 8 7 3 5 3
M[681] : 5 3 4 0 5 9 5 6 8 11 7 6 5 6 3 2 3 5 4 3 6 5
M[682] : 3 5 2 5 4 6 5 3 2 6 2 5 5 8 0 7 5 2 5 12 4 6
M[683] : 2 1 3 7 6 2 4 1 5 0 7 3 6 6 4 5 3 6 6 2 9 7
M[684] : 4 9 4 4 3 4 8 5 9 3 0 8 8 4 5 0 5 3 3 5 4 3
M[685] : 7 6 4 4 5 4 2 5 4 6 5 6 5 0 5 2 7 4 5 3 6 2
M[686] : 6 11 8 6 7 3 5 8 5 9 3 4 3 10 3 6 7 0 7 2 5 4
M[687] : 4 3 7 7 7 3 7 4 6 2 4 5 6 4 1 0 2 4 3 3 3 2
M[688] : 10 5 2 4 0 8 2 7 5 3 7 7 3 4 4 2 5 5 5 6 5 4
M[689] : 7 5 5 5 0 4 4 8 3 4 1 3 4 5 3 2 5 5 0 6 3 5
M[690] : 0 3 5 2 5 3 7 6 1 6 4 7 4 6 3 8 7 3 2 8 2 4
M[691] : 2 5 4 2 7 4 4 8 5 3 2 6 2 3 3 6 6 7 5 0 4 3
M[692] : 3 2 6 7 5 4 0 6 5 5 8 6 6 5 6 4 9 5 5 3 3 5
M[693] : 2 4 4 5 2 4 6 7 10 4 1 4 6 0 4 4 6 5 1 4 7 5
M[694] : 4 0 3 4 7 2 3 5 6 4 4 3 6 2 6 5 7 6 4 2 3 4
M[695] : 5 8 4 3 5 1 4 8 0 6 6 4 4 5 2 2 5 3 3 3 1 6
M[696] : 7 5 5 8 5 4 6 0 3 10 3 3 10 6 6 2 6 5 4 4 5 3
M[697] : 4 3 4 2 3 1 9 3 5 4 4 5 5 5 6 4 2 7 3 0 5 5
M[698] : 5 0 10 4 3 4 1 5 3 6 5 9 3 7 7 2 7 6 5 3 8 4
M[699] : 5 5 4 2 5 4 3 0 8 3 4 6 5 4 6 4 8 4 6 9 2 2
M[700] : 3 6 2 3 6 2 11 1 6 3 6 3 4 3 4 7 5 2 0 3 5 4
M[701] : 4 6 4 6 4 9 5 4 9 2 7 0 2 4 9 2 4 5 4 5 5 5
M[702] : 2 6 4 9 8 5 4 6 11 1 5 2 9 3 4 8 4 6 0 4 6 1
M[703] : 5 10 11 5 3 2 5 3 5 3 4 6 5 6 3 5 5 0 6 3 2 6
M[704] : 3 4 12 10 2 8 7 2 5 4 7 5 6 4 3 0 2 5 4 4 6 4
M[705] : 3 4 4 7 4 4 3 2 6 5 6 4 0 3 6 1 10 4 4 3 5 2
M[706] : 3 6 5 6 6 6 6 6 0 7 2 6 4 4 4 5 3 5 7 4 7 3
M[707] : 2 3 5 3 7 5 5 5 2 5 5 6 3 6 8 5 1 5 7 10 5 0
M[708] : 2 9 4 4 3 7 3 4 8 1 3 6 5 9 9 4 3 5 4 0 4 5
M[709] : 7 5 2 7 2 7 4 11 6 7 3 7 4 4 5 2 5 4 6 4 0 6
M[710] : 5 5 6 6 9 0 3 9 3 3 7 4 5 2 5 6 4 6 7 2 0 4
M[711] : 7 8 8 1 6 6 5 5 3 1 6 5 10 0 7 8 4 6 5 4 2 6
M[712] : 5 4 1 2 1 6 6 4 0 7 4 9 6 4 5 7 7 4 6 7 2 3
M[713] : 6 5 9 7 6 5 6 3 6 3 0 5 2 4 8 2 4 12 3 3 4 5
M[714] : 4 5 5 2 3 3 2 7 8 4 0 4 3 7 5 3 2 5 3 7 4 7
M[715] : 4 4 4 7 5 6 0 7 6 5 4 6 4 4 5 6 8 0 5 2 5 6
M[716] : 4 4 5 8 6 1 4 6 5 5 4 5 4 6 3 7 7 0 0 9 6 2
M[717] : 1 9 4 4 0 5 7 7 8 8 5 5 4 6 4 5 2 4 3 9 3 3
M[718] : 6 1 5 0 8 4 6 5 3 10 4 3 5 2 4 8 7 8 4 8 7 2
M[719] : 6 4 5 5 4 2 2 2 2 2 3 2 3 6 8 2 7 0 3 8 5 5
M[720] : 2 1 8 0 5 3 5 5 9 4 7 3 5 5 6 6 7 7 5 6 8 3
M[721] : 4 7 7 3 3 2 6 8 6 4 5 0 10 3 6 9 5 4 4 7 6 5
M[722] : 3 7 5 3 1 3 4 3 4 4 1 3 0 4 5 7 8 4 1 6 5 5
M[723] : 6 2 6 5 4 6 3 7 3 4 2 7 6 4 0 1 4 2 5 4 3 5
M[724] : 1 2 4 3 4 0 4 2 8 5 7 3 7 6 4 3 9 4 5 5 6 4
M[725] : 5 4 6 8 3 6 2 2 8 7 2 6 8 0 6 5 4 2 4 5 3 6
M[726] : 4 3 2 5 5 6 2 5 3 3 0 5 2 6 3 7 5 1 4 4 3 3
M[727] : 4 8 3 1 4 7 1 6 5 0 6 9 4 1 2 5 2 3 12 9 5 3
M[728] : 7 7 4 7 7 7 3 1 5 2 0 5 2 4 4 4 4 5 3 6 2 3
M[729] : 3 4 5 5 7 5 6 0 7 4 5 9 2 5 3 2 4 4 9 8 7 8
M[730] : 7 4 7 2 6 7 6 7 3 6 5 4 7 6 12 5 4 6 3 0 2 4
M[731] : 2 6 6 3 6 3 2 5 5 4 4 5 7 5 4 3 2 0 6 4 1 7
M[732] : 5 7 5 4 3 5 2 5 0 4 5 3 4 4 5 9 6 4 5 6 6 6
M[733] : 9 2 7 5 8 0 6 5 8 1 4 3 6 3 5 4 8 3 1 6 2 2
M[734] : 1 1 5 5 4 3 3 4 3 2 5 5 3 4 7 6 4 3 7 5 4 0
M[735] : 2 3 9 6 3 2 5 4 5 4 0 7 3 3 4 9 4 2 6 3 6 5
M[736] : 8 4 4 4 8 3 8 5 3 7 4 5 4 10 7 5 5 0 3 7 4 2
M[737] : 6 5 3 5 4 0 6 6 4 5 4 0 2 5 5 5 4 4 5 3 5 8
M[738] : 6 5 0 8 5 2 6 8 6 2 2 11 2 9 6 1 4 8 4 5 5 7
M[739] : 2 6 0 2 7 4 6 3 3 1 5 3 4 4 6 4 6 3 3 7 5 4
M[740] : 5 13 6 4 9 4 8 4 3 6 8 4 9 5 5 3 9 4 6 0 7 4
M[741] : 2 6 9 2 0 5 6 4 7 6 3 5 3 6 9 4 3 4 10 4 8 6
M[742] : 7 4 2 5 2 1 3 2 3 3 4 8 4 4 3 6 2 10 5 4 0 1
M[743] : 3 6 5 0 4 1 5 6 8 2 4 3 5 4 4 4 5 2 3 6 4 6
M[744] : 5 5 3 4 6 9 4 6 4 3 4 3 6 2 7 3 5 6 0 4 1 4
M[745] : 7 5 7 7 4 2 3 6 5 7 6 7 5 10 7 5 0 4 2 4 2 5
M[746] : 8 5 4 0 4 5 10 6 5 4 3 1 1 8 3 5 2 5 4 2 4 5
M[747] : 7 3 5 8 8 4 4 7 6 6 4 3 7 0 2 3 8 4 3 3 9 3
M[748] : 4 5 2 2 6 6 9 3 0 3 3 1 2 7 7 5 8 3 2 4 5 2
M[749] : 4 7 5 4 5 7 7 5 8 4 4 0 4 5 6 3 5 8 4 8 7 6
M[750] : 5 6 6 5 9 1 5 8 3 6 5 4 4 2 4 4 0 3 2 7 4 4
M[751] : 7 6 7 8 0 5 6 3 5 6 7 5 4 5 4 5 4 1 6 6 2 4
M[752] : 4 2 3 10 3 2 8 5 11 5 3 6 8 4 3 0 8 2 5 9 7 4
M[753] : 6 6 4 2 9 2 0 2 2 4 5 9 8 4 2 7 6 3 5 7 5 3
M[754] : 3 3 0 6 5 7 7 6 7 4 4 5 3 1 4 7 3 7 4 6 4 6
M[755] : 1 5 4 5 5 4 3 7 5 5 0 3 4 6 5 4 5 3 7 7 5 8
M[756] : 6 2 6 4 2 5 6 4 7 4 5 3 3 6 2 6 4 5 1 0 5 5
M[757] : 4 7 5 6 5 3 3 10 5 0 5 5 5 10 3 5 6 5 6 6 4 6
M[758] : 1 4 4 3 3 3 0 4 2 4 2 2 5 5 2 3 4 4 8 5 8 2
M[759] : 4 2 6 3 2 5 4 8 0 5 5 4 6 7 3 3 7 5 7 3 4 7
M[760] : 4 4 4 6 3 0 5 6 6 8 2 12 4 8 6 6 5 7 3 7 3 2
M[761] : 7 8 7 4 6 6 1 5 6 0 6 4 5 4 3 6 10 4 6 7 8 3
M[762] : 5 4 3 8 6 4 4 6 0 4 5 5 4 8 6 7 7 9 6 3 4 4
M[763] : 3 5 4 4 4 7 6 4 8 4 0 8 5 5 3 7 8 2 4 7 7 4
M[764] : 5 4 5 4 4 4 7 7 5 4 5 0 5 6 4 4 3 6 5 9 7 5
M[765] : 1 3 7 0 2 7 6 5 3 2 8 4 4 3 9 5 7 5 4 8 3 5
M[766] : 5 3 3 7 4 6 3 6 3 4 5 0 0 7 4 6 4 3 4 9 7 3
M[767] : 5 5 1 3 4 5 6 0 3 1 5 4 4 6 2 3 5 3 5 3 3 4
M[768] : 3 5 10 5 3 2 3 2 3 4 1 4 6 5 3 3 5 5 7 4 1 0
M[769] : 1 7 7 2 5 6 6 7 6 8 4 0 3 6 4 2 4 6 8 8 2 5
M[770] : 3 9 5 4 6 6 6 6 2 7 5 2 3 3 0 8 4 7 5 6 5 6
M[771] : 5 3 7 7 8 3 6 4 2 0 4 4 4 2 2 7 5 4 4 4 5 5
M[772] : 7 4 0 6 8 7 4 4 4 3 4 6 3 1 4 5 6 3 3 3 3 5
M[773] : 4 6 4 7 2 7 8 5 4 7 3 4 6 6 0 8 4 7 2 6 7 6
M[774] : 3 5 3 1 5 7 3 3 7 6 0 7 3 7 5 5 2 4 2 6 6 7
M[775] : 4 6 5 2 5 6 4 3 5 0 4 5 5 2 6 6 5 6 2 5 2 3
M[776] : 6 4 6 4 5 3 8 6 2 5 3 4 0 8 3 4 11 4 2 5 7 9
M[777] : 9 4 0 2 7 7 4 6 0 7 4 6 5 3 5 6 5 7 6 5 9 4
M[778] : 8 6 2 3 4 6 2 4 6 8 5 5 3 3 4 1 7 8 6 6 6 0
M[779] : 6 4 6 7 5 2 5 3 5 4 5 5 6 4 0 3 6 4 6 2 2 5
M[780] : 5 2 0 7 6 3 6 4 3 4 2 2 2 8 2 8 6 6 2 4 2 7
M[781] : 3 5 0 3 5 1 9 1 9 4 2 5 1 4 4 4 4 4 3 6 8 6
M[782] : 6 7 5 5 7 2 6 4 7 0 3 6 1 7 4 1 6 3 1 3 8 3
M[783] : 6 3 4 5 10 8 9 1 5 3 5 8 4 2 5 4 8 5 3 3 0 6
M[784] : 3 2 4 7 9 5 6 8 7 3 3 4 4 5 0 2 5 5 5 6 6 8
M[785] : 6 3 6 1 5 8 8 5 7 4 5 5 9 4 3 0 2 6 2 4 4 5
M[786] : 6 5 4 5 4 6 7 7 3 0 4 3 3 3 7 2 3 4 9 9 6 7
M[787] : 7 4 3 6 3 2 5 2 6 4 5 4 5 0 7 5 6 8 2 7 4 3
M[788] : 1 5 3 6 6 2 5 6 2 6 5 6 5 6 4 4 1 2 4 4 0 4
M[789] : 8 4 2 7 3 3 3 3 4 3 5 5 0 8 5 1 4 8 11 2 3 2
M[790] : 3 5 5 5 9 3 4 4 7 6 5 3 5 7 5 3 0 0 3 3 8 6
M[791] : 4 7 8 3 5 4 0 6 4 2 4 4 5 7 5 7 6 4 5 4 5 5
M[792] : 4 5 7 0 7 7 3 6 3 3 3 4 3 3 5 7 5 5 3 6 3 2
M[793] : 5 0 4 2 5 2 6 9 3 3 3 3 3 4 6 4 3 5 6 6 9 5
M[794] : 7 3 4 4 8 5 6 6 4 4 0 6 3 7 1 5 8 3 6 5 4 5
M[795] : 5 5 5 6 6 3 5 2 4 5 8 3 6 1 3 4 6 5 8 4 4 0
M[796] : 2 9 4 6 6 5 4 6 3 8 2 0 5 5 5 2 6 5 3 4 8 4
M[797] : 9 1 7 2 3 3 6 0 6 3 3 4 6 2 2 2 7 5 6 2 3 6
M[798] : 4 4 2 3 10 6 5 6 2 3 3 0 5 3 4 4 6 5 8 7 4 3
M[799] : 3 3 6 3 3 4 2 3 1 3 8 5 9 4 5 4 0 5 6 3 3 4
M[800] : 6 6 5 6 4 6 0 6 7 6 6 5 6 4 7 5 1 4 6 3 8 4
M[801] : 6 2 5 4 8 7 3 3 3 7 6 2 5 4 0 6 5 5 2 11 6 6
M[802] : 5 5 5 5 5 7 2 1 4 7 4 7 5 1 5 1 2 7 0 0 8 4
M[803] : 3 2 7 6 5 5 0 7 5 4 1 4 6 5 4 3 4 7 7 6 5 6
M[804] : 5 3 6 4 0 4 5 2 3 8 4 2 4 3 1 3 3 4 4 4 4 3
M[805] : 8 3 8 6 6 3 9 2 2 5 5 4 4 3 6 0 3 6 7 5 5 6
M[806] : 6 3 5 9 9 0 4 7 8 7 9 3 6 4 2 2 6 5 4 8 0 6
M[807] : 6 6 5 7 5 6 5 2 2 2 7 3 7 6 2 0 5 7 8 9 8 6
M[808] : 5 5 0 3 7 3 1 5 4 3 4 6 2 3 9 6 8 2 10 3 5 6
M[809] : 5 5 5 7 3 2 5 12 3 3 10 8 6 0 2 6 3 7 7 7 5 5
M[810] : 0 3 6 6 3 0 4 4 4 5 6 3 5 4 6 1 8 7 9 6 7 1
M[811] : 0 3 10 3 2 5 10 8 6 3 2 3 5 5 5 3 5 8 5 4 4 6
M[812] : 3 6 0 5 6 3 2 9 9 4 10 9 7 9 3 4 7 4 8 7 6 3
M[813] : 9 3 4 4 6 6 4 6 0 8 4 4 2 7 1 7 0 5 3 12 5 1
M[814] : 5 2 2 6 2 4 8 5 3 6 4 4 5 6 0 5 3 8 2 5 0 3
M[815] : 6 3 2 4 4 4 3 7 8 6 5 2 6 5 3 5 0 6 5 2 5 4
M[816] : 2 7 7 7 7 6 4 3 5 2 7 7 6 6 4 7 4 0 6 4 10 3
M[817] : 15 2 6 4 0 7 3 3 6 6 2 5 3 5 8 5 4 7 5 1 5 5
M[818] : 5 7 5 6 3 3 5 8 4 3 9 4 6 8 8 7 0 8 4 4 5 6
M[819] : 2 8 5 4 5 3 7 6 3 5 4 2 1 0 3 5 5 4 7 7 4 5
M[820] : 5 7 7 7 5 4 2 7 0 3 2 7 5 2 0 6 8 3 5 4 3 3
M[821] : 3 4 8 3 1 7 5 3 5 8 4 6 8 6 5 3 7 4 0 7 8 2
M[822] : 3 4 2 6 5 5 7 3 4 4 6 5 6 2 6 4 4 6 5 7 2 0
M[823] : 6 3 8 3 0 4 4 6 2 6 6 7 6 3 6 3 4 2 9 9 7 0
M[824] : 5 6 5 3 3 5 7 0 3 7 5 5 9 5 8 4 6 0 5 3 2 4
M[825] : 3 4 2 7 4 4 2 5 9 4 7 6 5 6 0 5 8 0 1 3 1 3
M[826] : 3 6 5 5 5 4 4 6 2 5 4 5 4 5 4 3 6 6 0 1 4 4
M[827] : 6 3 2 0 8 7 7 4 5 7 4 7 4 8 5 2 7 5 9 3 5 3
M[828] : 5 0 8 8 7 5 0 3 1 9 3 4 4 3 6 4 2 2 5 2 9 3
M[829] : 6 6 8 2 4 3 4 5 0 3 4 3 7 7 3 4 5 6 4 3 6 3
M[830] : 0 5 4 4 3 4 3 8 2 7 4 5 4 2 3 5 3 6 4 3 4 5
M[831] : 0 5 4 8 5 2 2 4 3 5 6 5 4 4 1 4 6 6 3 4 6 6
M[832] : 1 7 4 2 7 3 5 2 4 6 6 5 7 5 6 0 2 2 2 6 4 7
M[833] : 9 6 4 2 4 8 0 7 8 0 3 5 4 4 6 1 6 2 5 10 5 4
M[834] : 2 6 5 6 4 10 5 6 4 7 4 4 2 5 6 0 4 1 3 3 3 5
M[835] : 6 2 5 6 2 5 4 4 1 5 7 5 5 8 6 2 3 2 6 2 0 6
M[836] : 3 10 5 2 6 5 3 8 7 2 5 7 4 5 3 5 4 5 5 3 2 0
M[837] : 7 9 2 4 9 4 4 5 3 5 5 3 5 5 0 6 3 3 3 4 7 4
M[838] : 7 2 0 7 5 1 3 8 5 2 3 5 4 3 7 2 6 2 3 6 4 6
M[839] : 7 8 6 3 3 6 4 3 3 4 4 9 3 6 5 2 6 9 4 0 3 7
M[840] : 9 4 2 6 5 6 5 2 2 9 2 3 0 4 3 2 2 5 6 2 6 5
M[841] : 0 7 4 2 2 7 4 0 5 6 6 3 8 5 5 5 4 10 3 4 2 1
M[842] : 5 7 2 4 4 3 5 5 2 5 5 2 7 5 4 0 5 4 3 6 3 6
M[843] : 4 4 7 4 7 1 12 0 8 4 5 5 4 2 5 5 3 3 7 3 2 3
M[844] : 5 1 4 2 5 5 8 3 4 5 2 3 4 6 6 6 4 5 2 9 8 0
M[845] : 8 4 3 6 4 3 3 5 8 0 3 2 2 6 4 4 4 2 2 5 3 8
M[846] : 7 6 8 3 4 4 5 3 5 4 7 0 6 4 2 2 2 3 1 6 4 3
M[847] : 3 7 0 2 4 5 4 1 6 3 3 5 6 3 1 7 8 6 3 3 6 5
M[848] : 2 6 6 0 2 3 7 7 6 5 5 4 5 5 6 6 6 3 2 3 5 6
M[849] : 8 3 8 4 0 9 8 4 5 9 5 8 3 3 5 4 5 3 3 6 5 3
M[850] : 4 5 5 4 3 2 8 3 3 6 0 3 4 8 2 4 4 7 3 2 0 5
M[851] : 10 7 4 6 6 5 5 7 4 9 8 4 4 5 8 0 7 3 4 7 3 4
M[852] : 2 6 5 6 5 3 4 7 6 5 8 8 0 3 8 8 5 6 6 5 5 1
M[853] : 7 5 6 2 0 3 2 2 7 6 4 5 5 6 3 2 4 5 3 3 8 4
M[854] : 6 2 7 7 3 8 0 4 6 3 5 4 6 4 5 2 6 5 8 1 7 2
M[855] : 0 2 4 2 8 6 2 5 7 5 6 8 4 6 5 3 1 3 9 5 4 4
M[856] : 7 2 5 2 6 4 5 4 5 7 5 4 4 0 13 3 3 7 9 4 2 8
M[857] : 2 3 2 7 4 1 5 1 3 2 5 4 4 3 6 6 4 6 4 5 0 5
M[858] : 6 5 3 3 4 7 0 5 4 4 4 1 4 7 5 4 7 4 8 3 3 3
M[859] : 1 7 2 5 11 6 1 7 7 4 6 3 6 2 4 0 6 7 3 4 3 6
M[860] : 3 5 5 4 8 4 5 0 4 3 7 3 3 6 6 3 6 4 6 7 3 6
M[861] : 3 2 6 2 5 2 1 3 3 5 3 3 6 7 0 8 2 7 7 8 6 6
M[862] : 3 6 1 0 6 5 1 4 10 4 6 7 5 3 6 2 5 7 2 4 2 4
M[863] : 7 8 5 5 3 4 3 3 5 8 3 6 6 1 0 3 4 11 5 5 6 5
M[864] : 2 5 7 5 5 3 7 2 7 6 5 7 4 4 6 8 5 2 0 7 3 4
M[865] : 2 8 2 2 8 4 5 2 10 6 5 8 1 6 7 4 5 3 3 3 9 0
M[866] : 3 6 0 3 6 8 5 2 2 3 2 3 4 7 5 6 3 8 4 7 6 5
M[867] : 8 4 3 12 2 3 3 3 6 5 0 3 2 5 5 5 4 2 5 8 6 1
M[868] : 7 7 4 4 3 5 5 0 5 5 2 5 3 3 3 5 4 1 3 2 7 4
M[869] : 6 8 4 5 4 9 6 5 7 5 3 6 5 0 3 7 7 6 7 4 7 7
M[870] : 3 0 5 0 5 11 4 4 5 7 6 4 9 4 4 4 8 4 6 6 6 2
M[871] : 6 3 2 3 4 0 4 8 7 3 5 1 3 7 5 6 2 2 4 5 4 4
M[872] : 5 3 2 1 4 5 3 4 3 3 5 5 7 6 2 6 4 5 5 5 4 0
M[873] : 6 4 7 4 4 4 3 8 6 6 7 6 6 5 10 0 7 8 4 1 5 7
M[874] : 5 4 5 5 3 3 8 8 3 5 4 0 4 1 1 2 3 4 7 4 4 3
M[875] : 4 9 7 3 6 4 3 4 5 3 6 0 2 10 1 3 5 6 3 7 6 5
M[876] : 4 8 8 6 3 5 0 5 2 5 6 4 8 3 7 2 5 5 3 6 4 5
M[877] : 5 0 6 6 4 4 2 2 3 1 5 5 7 5 2 1 7 4 2 2 3 5
M[878] : 4 1 9 4 4 4 5 2 3 4 4 7 4 6 6 2 4 1 8 0 5 5
M[879] : 5 3 4 4 3 3 4 6 0 5 3 3 6 4 4 4 6 5 4 4 9 6
M[880] : 4 7 1 5 5 8 6 8 3 5 7 3 0 4 6 3 4 6 7 1 4 1
M[881] : 4 3 7 4 7 8 3 7 7 4 4 2 5 2 3 0 8 4 4 5 1 2
M[882] : 3 5 3 5 9 0 5 6 6 4 3 6 1 2 5 2 3 5 7 7 6 6
M[883] : 5 3 7 4 5 9 3 9 2 4 0 3 7 5 4 8 8 5 3 7 3 2
M[884] : 5 3 3 6 5 2 3 7 6 3 2 0 5 6 9 7 3 3 0 4 10 5
M[885] : 4 2 6 4 6 8 2 1 5 6 0 4 3 4 5 4 4 8 7 4 9 5
M[886] : 4 4 5 4 5 2 5 4 3 2 4 6 3 1 5 4 0 2 0 3 3 2
M[887] : 9 5 6 7 4 4 1 7 5 3 5 3 0 1 3 4 5 0 3 6 2 4
M[888] : 5 4 4 6 4 7 5 0 7 7 5 4 2 4 8 3 2 8 2 9 2 4
M[889] : 3 6 3 1 7 5 5 9 5 6 0 5 5 3 2 5 3 4 10 4 4 4
M[890] : 4 3 11 2 2 5 4 6 6 0 3 3 4 4 5 5 5 4 4 4 8 4
M[891] : 6 3 0 6 3 4 4 7 5 5 7 5 8 4 2 7 3 3 5 3 5 7
M[892] : 5 7 4 5 3 4 7 4 0 5 5 2 9 5 10 7 7 3 3 4 5 4
M[893] : 5 6 3 6 5 3 6 3 4 5 2 2 2 0 4 3 4 9 3 6 7 6
M[894] : 2 4 6 6 9 2 6 5 3 6 5 4 3 0 6 6 8 6 5 4 6 7
M[895] : 7 6 3 2 4 5 2 0 4 2 4 5 4 6 8 3 8 6 4 5 5 5
M[896] : 6 5 6 3 3 1 4 4 6 8 5 8 0 2 4 7 3 3 5 3 4 7
M[897] : 3 0 9 6 8 9 3 10 2 6 7 10 4 4 1 4 7 8 6 3 6 2
M[898] : 5 6 8 3 5 7 0 5 3 4 3 7 3 3 7 9 5 2 4 5 6 0
M[899] : 4 2 2 5 0 5 4 3 3 3 5 3 5 4 4 3 9 7 4 5 1 2
M[900] : 6 3 5 6 3 8 3 2 3 6 1 5 4 2 2 10 2 5 6 3 7 0
M[901] : 4 4 2 1 5 0 5 6 3 4 4 5 5 4 6 5 3 2 2 4 4 3
M[902] : 4 5 1 0 8 4 3 2 5 3 4 5 3 4 5 5 5 3 2 6 5 2
M[903] : 2 8 6 6 3 4 0 2 9 3 3 5 6 7 5 4 6 7 3 8 2 3
M[904] : 3 4 5 2 4 4 5 8 8 8 2 6 7 5 4 5 0 7 6 7 4 4
M[905] : 4 9 4 2 6 5 4 6 5 4 3 0 3 1 6 4 5 4 4 5 4 4
M[906] : 4 4 4 3 3 0 7 4 5 4 7 7 4 4 8 5 5 4 3 4 3 7
M[907] : 3 2 6 5 0 5 4 8 5 6 8 5 1 4 2 1 4 2 1 6 3 4
M[908] : 2 7 3 1 5 0 4 5 8 6 4 3 4 3 3 2 7 4 7 10 3 7
M[909] : 1 7 4 6 5 3 3 1 7 2 4 4 3 10 1 6 6 4 4 5 0 3
M[910] : 6 6 6 7 3 1 7 8 7 1 4 5 4 0 4 4 5 6 8 7 6 5
M[911] : 5 1 4 7 4 3 6 5 3 4 5 5 7 6 2 7 0 4 4 5 5 4
M[912] : 4 5 4 4 4 2 5 3 7 3 5 3 12 6 3 5 3 2 2 0 4 7
M[913] : 4 2 3 2 4 3 10 5 4 3 3 4 3 2 6 7 4 7 5 6 0 3
M[914] : 4 4 7 3 3 4 6 3 3 5 6 8 5 3 6 6 3 0 8 6 6 3
M[915] : 4 7 3 1 5 0 6 5 6 3 3 0 6 6 6 3 7 6 10 4 7 4
M[916] : 8 3 5 0 2 1 3 6 3 7 6 5 5 4 5 3 1 1 3 2 4 2
M[917] : 6 2 7 4 4 5 6 3 3 6 2 7 4 0 4 3 7 2 7 5 4 5
M[918] : 6 8 3 2 4 6 7 9 2 6 2 2 0 4 1 5 2 4 4 8 7 3
M[919] : 7 4 3 3 0 7 6 6 2 5 7 6 6 4 2 5 4 4 7 5 8 4
M[920] : 4 4 3 4 0 4 4 5 8 6 3 3 2 6 5 8 5 6 4 8 3 9
M[921] : 10 4 2 0 4 2 5 2 8 4 6 5 4 7 5 5 5 7 5 5 7 5
M[922] : 5 4 2 2 4 4 2 2 6 4 3 2 5 3 0 5 4 1 2 6 4 6
M[923] : 4 7 4 2 7 5 2 7 2 5 4 4 3 6 2 3 1 3 1 0 5 4
M[924] : 4 6 0 6 7 5 3 5 1 4 6 4 2 3 8 6 9 1 3 6 7 4
M[925] : 4 4 3 2 4 0 5 11 4 0 6 3 2 5 10 2 6 5 5 3 6 5
M[926] : 6 3 3 5 4 6 8 2 8 5 7 7 3 9 6 9 8 3 3 0 6 5
M[927] : 4 5 3 4 9 5 5 6 7 5 2 4 6 5 3 4 4 5 0 5 5 0
M[928] : 6 6 7 5 0 6 8 4 3 4 6 3 1 9 6 6 3 3 3 4 8 2
M[929] : 1 5 5 0 2 1 4 5 3 1 2 4 3 10 4 2 4 4 4 4 5 3
M[930] : 5 6 9 4 0 7 5 5 4 7 6 6 5 3 7 3 3 4 2 5 4 6
M[931] : 7 2 5 5 3 2 5 2 6 4 2 4 3 0 4 8 5 2 5 8 6 6
M[932] : 6 8 5 4 3 3 6 5 5 1 7 4 7 4 2 0 5 6 6 2 7 6
M[933] : 5 4 2 4 3 7 7 8 3 0 3 2 3 4 2 3 4 8 6 7 4 5
M[934] : 2 5 5 3 4 0 4 0 2 4 4 4 1 3 5 3 2 4 1 2 5 7
M[935] : 7 8 10 5 2 4 1 3 2 5 2 4 5 4 7 2 4 0 4 3 7 3
M[936] : 8 2 4 4 2 5 6 7 5 1 4 2 7 6 5 5 5 4 1 2 2 0
M[937] : 4 2 4 3 9 6 0 5 6 6 7 8 5 6 3 3 1 7 8 7 6 3
M[938] : 4 5 6 1 6 3 4 3 5 9 6 3 5 9 0 3 2 5 5 5 4 5
M[939] : 3 0 4 3 5 6 3 3 7 6 7 7 8 8 2 5 6 4 6 5 2 4
M[940] : 4 9 4 5 7 5 6 3 5 4 0 6 4 6 5 5 3 2 5 6 6 5
M[941] : 3 3 3 5 0 1 5 8 10 4 10 3 3 4 6 5 5 4 3 8 6 3
M[942] : 5 4 9 1 4 3 3 1 6 6 2 5 5 6 5 5 2 3 3 6 7 0
M[943] : 3 5 5 7 5 1 3 5 11 4 2 3 0 4 5 4 1 4 3 6 2 4
M[944] : 2 5 2 5 5 4 3 4 3 8 8 2 1 0 6 5 5 3 7 5 7 5
M[945] : 4 2 6 3 2 3 1 5 3 6 6 5 9 6 4 3 10 4 0 7 5 2
M[946] : 3 4 5 5 6 5 0 6 2 4 5 6 3 3 5 5 3 5 2 6 3 3
M[947] : 10 7 3 6 7 3 5 4 4 3 1 2 8 0 4 2 4 3 2 3 6 5
M[948] : 2 5 4 7 3 6 6 2 4 7 5 7 5 5 2 5 0 3 5 7 3 3
M[949] : 3 7 2 4 1 8 3 3 8 1 6 9 3 4 8 6 0 3 6 8 5 6
M[950] : 4 0 3 5 3 6 6 4 4 7 7 5 4 4 4 6 6 7 4 8 5 5
M[951] : 5 1 5 5 6 2 11 4 7 0 4 4 8 4 4 6 2 8 6 5 1 4
M[952] : 8 7 10 4 6 4 1 6 4 6 1 5 2 6 5 7 6 3 3 4 0 8
M[953] : 3 1 4 7 6 4 6 0 6 5 4 4 7 2 4 5 5 5 4 4 1 4
M[954] : 5 0 5 2 4 6 9 7 5 4 5 7 7 5 4 3 9 6 4 5 3 6
M[955] : 0 3 5 6 5 5 6 3 6 5 5 4 5 9 4 7 6 4 4 2 4 5
M[956] : 8 6 1 8 8 7 3 3 5 5 3 5 6 7 4 4 6 0 7 7 6 5
M[957] : 4 3 5 6 4 6 7 4 4 0 2 4 8 5 6 4 3 4 5 4 3 4
M[958] : 3 1 4 7 5 5 5 6 4 6 1 4 7 6 0 5 3 4 6 6 2 0
M[959] : 10 3 7 5 1 7 6 7 6 4 7 3 6 5 2 5 6 7 0 3 5 5
M[960] : 4 7 4 7 0 1 2 3 3 5 7 5 5 10 4 4 8 4 2 6 4 3
M[961] : 6 4 0 7 5 5 4 3 9 8 4 4 8 6 4 3 1 4 1 4 2 2
M[962] : 4 6 6 5 9 7 4 2 2 7 6 6 7 0 6 6 3 9 2 2 3 6
M[963] : 3 2 5 6 7 5 8 5 4 6 6 3 5 9 0 4 4 6 2 2 7 4
M[964] : 4 6 3 4 4 3 4 1 4 3 2 4 7 7 7 7 5 3 7 7 3 0
M[965] : 1 3 3 3 3 3 5 5 8 9 10 3 8 0 4 2 3 4 8 5 8 2
M[966] : 3 3 4 3 5 2 3 4 2 2 4 9 5 7 7 0 6 3 6 4 7 7
M[967] : 2 5 6 3 1 4 3 4 5 2 5 6 9 4 5 3 3 0 7 7 2 1
M[968] : 8 0 3 4 6 3 5 7 4 4 3 5 5 9 6 7 3 6 10 4 7 1
M[969] : 0 4 5 7 7 3 7 2 8 5 4 2 8 4 5 3 6 3 6 5 5 5
M[970] : 5 4 5 7 5 6 5 7 7 3 2 3 3 6 5 6 7 2 2 3 6 0
M[971] : 4 3 5 6 7 3 7 4 7 4 2 8 6 4 3 5 0 1 7 8 5 1
M[972] : 4 3 0 4 3 3 9 7 1 3 6 4 7 9 5 4 4 4 5 8 5 6
M[973] : 7 5 0 5 6 6 5 7 4 12 4 4 5 5 8 5 3 5 7 6 3 8
M[974] : 5 7 8 1 4 0 7 7 6 7 3 4 8 5 5 5 5 4 5 3 2 3
M[975] : 4 4 6 4 1 4 4 0 5 5 7 5 4 6 5 4 1 6 3 6 1 5
M[976] : 3 6 6 7 5 6 6 4 8 7 5 5 2 5 4 5 4 7 7 0 4 5
M[977] : 2 4 4 4 4 0 6 3 3 4 6 4 5 2 5 7 1 7 8 5 3 2
M[978] : 4 6 3 7 7 6 4 7 4 2 0 7 5 6 3 1 5 5 5 3 8 3
M[979] : 5 6 5 6 4 1 4 5 6 3 6 9 4 4 0 6 5 2 6 3 4 7
M[980] : 5 4 5 4 7 8 6 0 3 7 3 4 4 8 7 4 6 3 3 8 5 3
M[981] : 5 3 6 5 8 2 2 4 0 8 4 6 5 7 6 8 1 10 2 6 5 8
M[982] : 3 2 4 6 3 3 6 2 4 1 8 9 3 0 4 4 4 7 5 6 5 7
M[983] : 0 6 1 2 5 8 3 4 4 3 5 6 5 4 4 6 4 9 5 4 2 7
M[984] : 7 3 5 2 2 5 1 5 5 3 3 5 4 1 3 2 2 5 0 6 5 5
M[985] : 6 3 0 8 5 5 5 5 7 4 0 5 6 5 5 3 3 0 3 8 4 3
M[986] : 6 5 6 1 7 2 2 10 3 1 6 6 3 6 7 2 2 3 5 0 1 5
M[987] : 3 5 0 7 1 3 0 4 1 5 5 2 2 4 5 4 5 2 4 7 3 5
M[988] : 3 3 0 8 1 3 7 7 5 8 3 5 6 3 3 5 6 7 7 3 5 5
M[989] : 5 3 2 1 2 0 6 3 7 6 9 7 4 2 2 5 7 6 8 5 3 3
M[990] : 4 4 5 0 4 2 7 2 2 6 7 6 3 2 7 7 3 7 4 6 4 5
M[991] : 4 5 5 3 3 3 6 3 0 4 3 0 2 4 4 4 1 3 9 7 5 3
M[992] : 3 4 3 4 9 7 5 3 4 2 0 5 2 3 8 7 3 4 3 5 4 3
M[993] : 4 3 6 3 7 9 7 6 3 0 2 5 4 2 4 3 2 4 6 4 7 5
M[994] : 9 6 4 1 6 3 3 2 0 5 3 5 4 7 3 4 8 5 7 3 3 6
M[995] : 2 4 3 4 7 2 3 2 8 1 2 8 3 0 5 2 4 3 4 9 4 7
M[996] : 6 5 10 7 2 3 6 7 0 6 3 9 5 11 7 3 4 5 0 2 5 3
M[997] : 4 6 4 8 4 5 5 2 3 9 5 7 2 3 5 0 4 5 4 6 5 1
M[998] : 5 2 6 2 3 4 9 6 4 4 7 0 3 4 3 5 4 3 5 3 5 7
M[999] : 3 4 3 5 5 2 4 5 6 10 2 6 4 7 7 2 5 4 5 2 6 0

