 Execution de l'algoritme BITS sur le fichier dsjc1000.1.txt
=====================================================================
 Partitions  : 
Vk[0] : 401 881 738 883 752 207 19 143 870 308 643 947 282 676 428 992 724 39 844 393 67 796 312 953 553 702 325 936 177 910 546 942 728 894 381 555 868 142 452 12 440 945 914 260 298 737 -->  46 éléments.
Vk[1] : 165 30 829 778 566 8 249 384 56 54 430 726 960 931 321 663 503 803 173 543 650 471 377 209 708 449 33 830 257 133 777 220 986 746 150 118 835 709 792 390 154 448 505 988 322 -->  45 éléments.
Vk[2] : 189 34 359 36 60 135 999 350 545 175 197 130 27 842 148 906 660 106 169 9 176 653 507 360 42 730 170 339 79 467 689 295 438 111 652 685 631 798 468 582 318 55 630 145 681 -->  45 éléments.
Vk[3] : 843 773 444 816 930 370 634 938 725 315 537 789 263 109 696 386 303 269 115 344 459 68 116 161 541 596 847 51 841 921 427 524 804 802 697 765 492 787 623 496 172 600 246 408 343 178 -->  46 éléments.
Vk[4] : 932 968 464 807 168 144 421 683 878 940 287 121 690 231 825 469 120 888 815 890 487 522 900 797 983 865 122 954 974 443 336 123 230 981 622 302 563 497 293 157 367 461 758 493 300 756 -->  46 éléments.
Vk[5] : 127 255 182 629 880 330 834 147 534 959 216 136 933 241 645 160 253 581 688 418 767 642 244 89 817 149 712 818 406 494 243 266 259 242 76 446 379 788 839 640 922 557 138 928 755 -->  45 éléments.
Vk[6] : 264 341 863 568 764 409 856 77 779 472 791 516 674 886 491 975 80 875 85 247 579 192 278 684 429 82 861 21 399 747 331 340 272 58 917 656 805 824 212 204 594 326 28 193 768 419 -->  46 éléments.
Vk[7] : 158 937 873 382 679 852 647 296 987 918 400 453 565 927 977 882 480 552 88 374 362 833 217 923 332 576 560 698 199 501 716 866 806 411 164 831 970 423 49 441 50 819 63 94 840 -->  45 éléments.
Vk[8] : 291 982 837 180 225 271 240 156 363 174 714 166 751 66 455 92 532 950 793 963 649 465 850 734 909 846 71 410 664 849 891 661 801 431 848 911 613 40 967 621 202 985 24 397 316 215 -->  46 éléments.
Vk[9] : 113 973 572 489 693 794 214 635 858 978 860 131 943 297 602 512 513 483 141 11 338 276 288 490 853 766 611 73 456 783 506 248 694 383 451 299 956 436 224 877 884 112 946 961 995 356 -->  46 éléments.
Vk[10] : 45 616 994 665 941 549 102 874 0 422 905 759 426 536 329 402 657 342 733 194 722 388 671 239 646 473 348 3 748 15 530 6 228 619 871 345 984 499 711 719 284 771 857 219 666 -->  45 éléments.
Vk[11] : 98 208 955 5 915 152 704 53 876 636 83 769 171 99 47 969 195 836 680 504 784 962 511 814 498 105 514 832 595 222 254 929 624 46 313 146 442 139 998 605 558 887 405 713 845 -->  45 éléments.
Vk[12] : 97 488 637 603 301 38 78 550 434 65 23 277 760 529 617 290 989 606 951 567 486 528 387 319 245 527 966 283 368 916 626 394 474 198 485 349 478 31 913 526 592 450 361 35 902 -->  45 éléments.
Vk[13] : 675 317 280 389 952 252 159 87 114 13 979 324 2 129 391 183 744 903 809 692 593 125 639 179 407 279 140 710 323 775 134 588 234 912 648 352 554 44 608 20 691 74 258 274 435 -->  45 éléments.
Vk[14] : 597 740 612 355 924 757 996 479 772 256 508 48 285 235 601 587 919 475 392 132 101 577 238 509 484 75 753 776 571 780 538 598 515 895 899 957 90 14 762 862 273 163 715 668 70 -->  45 éléments.
Vk[15] : 369 827 761 201 210 481 267 7 251 591 838 337 682 732 424 525 573 925 57 669 200 736 415 286 964 533 991 69 307 103 206 701 86 659 100 544 18 703 540 226 813 29 294 934 808 -->  45 éléments.
Vk[16] : 745 181 107 531 137 372 627 828 203 380 196 580 749 633 786 190 920 314 520 25 705 213 289 84 539 896 517 10 667 739 43 687 32 519 907 306 420 651 971 265 670 782 309 590 641 -->  45 éléments.
Vk[17] : 262 413 547 26 378 743 425 559 205 155 993 754 250 433 96 91 727 615 437 334 535 463 898 599 781 128 904 897 604 926 662 742 371 482 404 445 790 620 233 61 476 548 335 357 614 218 -->  46 éléments.
Vk[18] : 820 462 741 864 578 811 502 763 569 417 625 52 965 972 153 706 236 632 95 695 810 658 305 117 562 770 186 735 585 785 609 672 521 151 901 677 185 162 398 457 729 731 723 221 447 412 -->  46 éléments.
Vk[19] : 949 119 167 795 574 64 229 655 686 81 948 353 495 275 396 477 618 638 104 351 717 439 365 268 889 570 4 72 561 16 518 366 583 373 93 376 584 460 187 270 17 654 644 750 678 908 -->  46 éléments.
Vk[20] : 976 855 673 41 395 333 59 826 879 320 466 556 885 628 980 892 62 223 416 211 800 281 997 799 575 403 944 375 237 610 822 124 385 721 358 292 414 227 700 328 851 327 347 232 893 -->  45 éléments.
Vk[21] : 718 458 551 699 823 37 126 774 990 812 935 110 22 188 958 1 364 523 261 454 311 939 510 564 859 867 586 707 310 304 354 869 500 470 872 720 854 432 821 607 346 542 184 589 108 191 -->  46 éléments.
Matrice M
M[0] : 4 6 5 8 4 4 3 7 4 4 0 6 5 2 8 4 5 6 6 11 5 5
M[1] : 5 3 4 1 3 2 3 2 4 5 5 2 6 4 7 5 3 5 3 5 5 0
M[2] : 5 4 7 11 3 5 2 3 6 5 4 8 9 0 1 6 4 10 7 2 3 2
M[3] : 3 4 5 6 5 6 3 2 2 4 0 6 6 7 6 8 3 3 5 5 3 2
M[4] : 6 7 3 5 5 6 4 8 2 4 6 6 5 6 2 2 5 6 4 0 3 9
M[5] : 5 3 6 7 4 7 2 3 5 7 8 0 9 3 7 6 8 4 5 5 4 5
M[6] : 4 4 3 5 5 2 7 3 3 6 0 4 6 6 3 2 7 9 5 1 3 7
M[7] : 3 5 3 7 10 3 5 3 3 4 2 4 6 6 7 0 7 6 5 4 6 7
M[8] : 2 0 3 6 6 4 10 5 7 8 5 5 6 5 2 6 1 4 5 5 3 4
M[9] : 7 7 0 5 3 4 3 3 4 5 5 4 4 3 9 2 6 5 2 3 8 4
M[10] : 11 7 3 8 3 4 3 5 4 6 5 7 2 4 3 8 0 1 5 5 4 2
M[11] : 5 3 2 4 9 5 6 6 5 0 2 4 9 3 3 2 1 6 6 9 2 5
M[12] : 0 2 4 5 6 5 8 4 7 3 9 4 4 9 6 4 5 4 5 7 4 5
M[13] : 5 6 6 6 4 5 4 5 6 10 1 7 5 0 5 2 4 6 7 7 4 6
M[14] : 3 6 6 4 5 0 3 4 2 3 1 9 2 3 0 3 4 6 5 4 8 5
M[15] : 1 6 3 6 7 8 2 4 2 4 0 5 3 3 8 4 3 3 5 5 6 4
M[16] : 2 2 4 6 3 6 8 3 6 7 8 7 3 1 7 6 2 5 6 0 6 4
M[17] : 4 1 1 4 3 7 3 4 7 5 3 5 5 3 2 6 10 3 2 0 3 5
M[18] : 2 3 3 5 7 5 5 8 5 6 4 8 6 5 3 0 5 8 6 5 1 6
M[19] : 0 6 2 5 4 4 8 9 8 3 5 3 4 2 4 5 4 3 3 8 2 7
M[20] : 10 7 7 4 2 2 5 3 8 8 4 4 6 0 3 4 5 4 3 5 5 6
M[21] : 5 6 4 5 7 2 0 5 4 4 6 9 10 7 5 5 4 6 5 6 4 7
M[22] : 9 3 7 3 5 3 4 6 2 8 10 5 4 4 3 11 6 4 5 9 9 0
M[23] : 3 3 5 8 3 3 6 7 6 4 6 7 0 3 7 2 5 9 2 4 5 6
M[24] : 6 0 9 7 0 3 3 7 0 4 7 5 6 2 6 3 4 2 4 5 8 0
M[25] : 9 3 6 7 4 1 5 3 5 4 5 3 6 8 3 4 0 7 3 7 6 5
M[26] : 6 8 4 7 3 2 4 5 7 6 3 8 8 7 2 4 4 0 5 3 5 3
M[27] : 2 2 0 2 6 4 3 3 5 5 5 4 6 7 6 6 5 4 7 3 7 7
M[28] : 2 6 6 6 6 2 0 3 7 4 5 2 4 6 4 10 3 4 3 3 3 0
M[29] : 7 5 5 4 2 7 4 3 7 4 3 4 0 6 3 0 8 1 3 1 4 6
M[30] : 6 0 7 3 2 2 2 10 8 4 8 3 6 4 3 3 3 6 7 7 9 3
M[31] : 6 3 4 4 1 5 7 2 6 2 6 1 0 7 3 2 5 8 4 4 2 6
M[32] : 2 5 5 4 5 2 5 6 7 3 6 7 4 2 2 4 0 4 5 4 2 3
M[33] : 3 0 3 3 7 5 5 1 4 5 5 5 4 5 2 6 1 3 4 5 4 5
M[34] : 8 4 0 6 5 3 3 6 6 5 2 2 7 3 5 6 3 8 3 4 8 4
M[35] : 3 7 5 4 11 4 3 4 7 5 0 7 0 3 5 7 3 3 3 5 3 3
M[36] : 4 7 0 6 2 6 8 4 12 6 2 5 5 5 7 4 6 10 5 8 6 7
M[37] : 8 5 5 6 8 4 2 6 6 1 4 9 5 2 5 4 6 8 4 8 6 0
M[38] : 6 1 8 3 5 7 3 3 6 3 7 5 0 4 9 2 3 5 4 4 6 4
M[39] : 0 7 5 5 6 6 11 6 4 4 3 6 6 5 3 4 2 7 4 4 3 4
M[40] : 6 6 3 2 2 7 7 2 0 7 2 4 4 2 5 6 4 3 3 4 2 3
M[41] : 4 6 7 7 7 5 3 5 4 3 5 5 2 1 5 3 5 5 3 4 0 3
M[42] : 4 9 0 4 3 4 2 4 3 4 5 3 8 6 6 8 8 6 3 3 8 4
M[43] : 3 6 5 3 4 10 5 3 2 7 2 5 6 4 4 3 0 6 5 4 1 4
M[44] : 3 6 5 7 2 3 4 4 8 3 5 7 6 0 3 2 3 2 9 4 2 2
M[45] : 6 9 4 5 3 4 4 4 6 3 0 7 1 3 5 3 8 6 3 6 4 4
M[46] : 6 3 3 3 8 4 6 4 3 4 5 0 4 5 4 7 5 3 7 4 7 10
M[47] : 6 2 5 5 3 5 2 9 2 6 4 0 6 2 3 4 6 10 5 6 8 4
M[48] : 5 3 5 6 6 7 11 3 5 5 5 7 2 2 0 10 6 9 4 9 4 7
M[49] : 4 4 5 3 13 1 4 0 5 2 4 5 4 3 8 6 7 4 7 4 5 11
M[50] : 4 1 6 5 5 6 7 0 1 3 3 4 3 3 5 3 3 6 7 1 2 3
M[51] : 7 7 3 0 3 5 2 4 4 4 5 3 9 8 3 3 4 5 6 5 2 6
M[52] : 3 7 3 6 6 4 6 8 3 5 1 6 3 4 5 7 3 6 0 5 3 4
M[53] : 3 3 5 4 12 3 3 7 6 7 5 0 6 5 6 7 5 3 6 3 5 4
M[54] : 2 0 3 5 4 6 5 3 6 3 6 5 5 9 4 2 7 5 6 2 5 6
M[55] : 4 5 0 8 5 5 3 7 2 5 4 5 1 2 3 1 5 5 5 1 7 6
M[56] : 4 0 5 8 7 7 1 3 3 4 3 4 3 7 7 6 7 2 4 5 5 6
M[57] : 6 3 2 7 3 5 5 5 3 5 3 4 4 7 4 0 1 3 2 10 4 4
M[58] : 5 3 2 3 4 7 0 4 6 0 6 8 6 9 3 5 5 3 2 2 8 6
M[59] : 2 6 3 7 8 2 5 6 7 2 4 3 3 6 4 5 2 4 6 4 0 3
M[60] : 9 6 0 11 4 6 5 3 6 5 5 4 4 5 3 6 1 5 7 3 3 5
M[61] : 5 6 2 5 9 4 5 3 4 5 2 6 5 3 7 5 5 0 8 4 1 1
M[62] : 7 5 6 7 5 7 5 4 2 5 4 6 3 2 5 5 3 4 5 2 0 5
M[63] : 5 5 5 5 6 7 3 0 5 2 5 3 5 5 3 1 4 1 1 8 6 6
M[64] : 7 9 6 3 4 10 4 3 7 6 2 5 3 7 7 8 2 7 3 0 5 3
M[65] : 6 2 3 6 7 5 4 3 5 3 8 7 0 8 2 2 2 2 2 5 4 6
M[66] : 5 5 8 4 5 6 4 3 0 4 5 6 5 6 5 5 4 8 7 8 5 5
M[67] : 0 2 5 6 4 5 9 4 2 6 2 5 3 5 7 8 1 2 5 7 1 2
M[68] : 3 6 8 0 4 3 4 2 3 4 7 11 2 3 9 4 1 4 2 7 5 5
M[69] : 6 3 5 5 2 3 7 4 7 6 2 3 5 3 3 0 3 2 2 2 6 6
M[70] : 7 5 6 4 9 3 5 9 4 3 3 7 7 1 0 6 6 7 9 3 5 7
M[71] : 7 5 3 3 6 4 3 7 0 5 3 5 5 8 4 6 3 2 5 4 4 11
M[72] : 2 6 4 6 2 5 0 5 2 4 4 5 6 2 3 5 7 3 5 0 7 6
M[73] : 8 5 7 4 4 2 7 2 8 0 5 3 6 3 10 4 8 3 2 5 5 2
M[74] : 7 4 4 3 2 4 7 5 5 9 7 6 5 0 4 5 6 4 6 6 5 6
M[75] : 4 4 4 3 4 1 3 3 5 8 5 5 7 1 0 5 5 5 5 4 9 4
M[76] : 10 4 8 5 6 0 1 7 7 5 4 5 5 2 5 3 7 5 6 1 6 2
M[77] : 5 3 7 2 2 5 0 8 2 4 4 5 6 6 5 6 8 9 4 3 5 1
M[78] : 4 6 5 4 6 7 6 5 6 3 8 4 0 4 3 3 5 5 3 3 7 5
M[79] : 5 2 0 6 7 6 4 6 9 5 9 8 5 3 2 8 5 5 3 3 3 2
M[80] : 9 2 12 5 7 4 0 2 5 5 8 6 1 5 3 4 3 6 8 3 3 3
M[81] : 9 2 4 4 6 2 7 4 3 4 8 3 3 6 7 4 2 5 2 0 7 2
M[82] : 6 1 3 4 4 2 0 2 5 2 4 4 4 4 5 3 7 5 0 5 5 6
M[83] : 3 4 6 3 6 4 6 5 3 5 7 0 5 2 5 3 4 2 4 5 5 6
M[84] : 7 4 6 8 6 3 5 2 8 3 3 6 5 5 2 6 0 4 3 6 4 2
M[85] : 3 6 2 6 5 5 0 4 3 1 3 6 2 5 3 3 5 3 3 4 4 4
M[86] : 5 4 2 6 6 7 5 6 3 6 5 5 6 5 9 0 4 3 10 5 5 4
M[87] : 6 3 6 6 5 5 5 2 4 3 3 2 7 0 5 3 5 5 3 3 7 6
M[88] : 6 3 5 4 5 3 1 0 6 7 9 6 5 9 4 5 3 5 4 7 6 6
M[89] : 8 4 6 4 2 0 3 8 4 4 5 3 9 2 3 6 5 5 7 5 1 6
M[90] : 2 1 6 2 5 1 4 5 7 3 4 11 3 5 0 3 8 3 9 3 7 7
M[91] : 2 5 7 1 4 7 3 4 2 4 9 2 7 2 2 3 5 0 8 1 8 5
M[92] : 4 4 2 2 3 3 9 5 0 4 3 2 2 5 4 6 5 5 8 7 3 6
M[93] : 7 7 5 9 4 6 1 7 3 4 2 4 4 2 3 2 3 4 7 0 4 7
M[94] : 3 5 4 4 6 0 4 0 5 4 7 8 2 3 4 3 1 2 7 7 4 5
M[95] : 1 7 3 8 3 2 6 4 5 3 4 5 8 4 4 3 2 3 0 3 4 5
M[96] : 12 3 5 5 5 6 4 3 1 4 5 7 2 7 3 2 9 0 5 7 2 8
M[97] : 5 4 7 3 4 9 8 5 3 4 6 4 0 2 4 8 3 6 4 4 4 3
M[98] : 5 4 4 6 7 5 7 4 8 9 4 0 3 7 5 8 4 4 3 11 6 7
M[99] : 4 3 3 6 3 6 7 5 6 2 4 0 6 4 3 4 9 4 5 7 5 6
M[100] : 3 4 4 5 4 3 5 5 6 5 9 4 4 2 10 0 1 2 5 2 0 8
M[101] : 4 4 3 1 4 2 2 5 8 3 3 7 4 3 0 5 5 2 8 8 7 5
M[102] : 5 5 5 7 4 5 6 5 3 4 0 5 5 3 2 3 5 2 4 4 4 5
M[103] : 5 4 5 4 7 3 5 1 9 9 3 3 5 2 5 0 8 6 2 6 1 6
M[104] : 9 8 4 2 6 4 3 6 5 6 3 6 4 4 6 3 6 6 7 0 6 5
M[105] : 3 5 5 5 5 3 3 4 9 2 4 0 10 2 6 6 3 4 8 5 6 2
M[106] : 5 5 0 2 5 7 3 6 5 3 2 5 3 3 7 5 8 6 4 4 3 4
M[107] : 4 3 3 4 6 3 6 4 6 4 5 6 3 7 2 2 0 3 8 8 3 4
M[108] : 7 8 5 5 5 2 4 3 3 5 3 5 6 8 5 4 5 7 5 5 1 0
M[109] : 4 5 6 0 4 5 6 5 10 3 7 2 3 4 4 2 2 4 4 4 7 2
M[110] : 2 3 5 3 4 3 5 5 2 7 3 8 2 3 5 5 2 8 2 4 7 0
M[111] : 8 5 0 6 6 3 4 7 5 10 8 2 8 3 5 2 4 2 4 5 2 5
M[112] : 9 3 3 3 5 2 4 5 5 0 5 6 4 2 8 8 1 5 5 5 6 2
M[113] : 5 4 7 5 4 2 6 5 3 0 2 5 5 9 10 4 2 5 6 7 7 6
M[114] : 6 8 5 6 8 3 3 8 9 4 5 3 2 0 7 7 5 4 6 4 4 5
M[115] : 4 4 4 0 3 5 1 5 5 4 5 3 2 7 5 3 5 10 5 3 7 4
M[116] : 3 7 4 0 6 5 2 2 4 4 2 4 5 1 3 9 7 9 4 4 3 6
M[117] : 9 5 5 5 11 5 3 3 6 5 3 4 3 5 4 6 4 4 0 8 10 4
M[118] : 4 0 5 7 7 8 5 5 6 7 3 3 4 6 4 7 3 3 8 8 1 5
M[119] : 7 4 6 4 4 4 6 4 5 8 3 7 10 11 3 5 6 5 5 0 5 5
M[120] : 4 4 9 5 0 5 5 3 4 6 2 8 6 4 9 3 6 3 4 5 5 3
M[121] : 11 7 6 5 0 8 7 1 3 7 3 2 6 4 6 5 6 4 6 3 4 2
M[122] : 4 4 2 5 0 5 4 4 8 9 12 5 4 3 8 8 4 6 5 6 8 3
M[123] : 5 2 3 4 0 6 7 3 3 3 4 2 6 6 4 6 6 8 4 4 1 4
M[124] : 7 6 3 5 6 5 5 5 6 5 3 4 4 3 6 6 8 5 7 9 0 3
M[125] : 3 4 4 9 4 3 2 6 1 2 3 4 6 0 5 2 5 4 5 2 3 5
M[126] : 4 5 4 3 7 4 2 5 3 2 4 4 3 3 6 4 4 6 4 4 7 0
M[127] : 7 3 5 7 7 0 3 6 6 6 6 3 5 5 6 7 7 6 6 3 7 5
M[128] : 5 5 6 5 3 5 4 3 5 5 5 1 5 1 3 3 5 0 8 6 7 4
M[129] : 6 5 5 3 5 4 4 4 11 5 3 3 4 0 8 5 4 5 6 3 3 4
M[130] : 4 7 0 4 5 3 7 1 9 7 8 1 3 8 7 2 7 4 3 5 4 4
M[131] : 6 6 5 1 5 4 4 5 6 0 3 4 1 7 5 3 1 5 4 6 5 4
M[132] : 5 2 4 3 8 3 7 4 4 5 7 4 3 4 0 4 2 4 6 5 3 5
M[133] : 11 0 8 4 7 5 6 2 3 6 7 3 4 3 4 2 2 5 7 6 2 7
M[134] : 4 8 6 1 2 7 7 8 8 4 4 3 8 0 3 9 5 5 4 1 6 4
M[135] : 4 5 0 0 3 6 2 2 4 9 3 3 7 2 5 6 5 9 3 2 4 4
M[136] : 4 6 4 3 4 0 4 3 3 3 4 6 4 6 7 7 3 9 2 10 4 8
M[137] : 6 3 4 4 2 3 2 7 3 2 4 2 2 5 3 6 0 12 4 7 3 5
M[138] : 5 8 7 8 5 0 5 5 6 7 3 2 5 5 2 5 8 5 4 3 7 4
M[139] : 6 5 3 6 6 4 5 4 6 3 5 0 7 4 6 1 6 3 7 3 8 4
M[140] : 7 7 6 2 6 4 4 3 7 8 6 5 4 0 4 5 2 6 6 9 3 4
M[141] : 9 5 3 4 6 4 4 2 3 0 7 2 6 4 7 6 3 6 5 4 2 7
M[142] : 0 2 4 9 2 5 5 3 11 4 7 3 4 7 4 5 7 7 7 4 5 9
M[143] : 0 6 3 5 4 7 6 3 3 4 7 3 2 5 4 1 3 5 7 7 5 4
M[144] : 8 5 3 3 0 6 4 5 4 5 7 3 9 7 5 5 5 5 5 9 10 3
M[145] : 6 1 0 5 5 5 4 3 5 4 6 3 2 4 6 4 4 5 5 3 2 6
M[146] : 9 5 3 6 5 7 3 6 4 1 6 0 5 6 4 6 5 3 8 4 4 4
M[147] : 3 3 6 5 7 0 3 3 8 6 4 6 1 8 7 7 2 4 6 1 6 3
M[148] : 3 8 0 1 4 4 2 4 6 5 8 6 3 4 2 4 1 4 5 4 2 5
M[149] : 3 2 5 3 4 0 7 1 5 4 2 7 2 8 1 4 5 4 5 5 4 4
M[150] : 1 0 6 1 7 2 6 3 1 6 3 7 6 4 0 5 5 7 8 5 2 5
M[151] : 6 8 4 8 7 3 4 5 3 7 3 1 2 5 3 4 4 3 0 4 5 3
M[152] : 5 2 4 7 1 2 6 4 8 5 4 0 7 6 6 2 5 3 3 7 6 3
M[153] : 7 9 6 5 5 5 3 4 5 8 3 7 3 5 6 5 3 3 0 5 7 3
M[154] : 5 0 5 4 2 5 4 5 5 4 5 1 3 3 3 2 5 3 3 4 5 6
M[155] : 2 5 3 4 3 4 5 4 3 2 1 6 6 4 5 7 5 0 2 6 2 6
M[156] : 8 3 3 7 7 6 6 4 0 7 2 7 7 3 6 3 4 5 4 8 7 4
M[157] : 7 7 7 7 0 4 7 6 3 6 3 1 4 3 5 5 5 4 1 3 5 1
M[158] : 4 8 9 4 5 5 7 0 3 3 5 9 4 4 10 6 6 3 3 9 4 4
M[159] : 6 3 6 3 7 7 6 2 7 6 4 3 2 0 8 6 11 4 2 8 12 3
M[160] : 7 6 7 7 4 0 3 3 3 3 4 5 8 3 4 5 4 3 6 4 9 3
M[161] : 3 3 7 0 3 3 7 2 2 6 6 4 2 4 5 6 4 3 2 4 2 7
M[162] : 3 5 3 2 6 4 6 6 7 6 6 5 4 4 4 2 5 3 0 5 1 3
M[163] : 3 6 5 4 5 5 4 7 5 5 3 6 4 4 0 3 3 9 3 1 5 2
M[164] : 2 2 6 4 9 5 3 0 1 2 5 4 2 8 3 3 7 5 8 5 3 4
M[165] : 5 0 6 3 8 6 6 7 4 1 6 6 5 7 5 6 4 4 5 6 3 4
M[166] : 8 6 6 0 2 5 1 5 0 3 4 4 7 4 5 9 2 3 5 3 3 6
M[167] : 4 7 5 5 3 8 6 4 4 7 8 7 5 3 7 4 3 5 3 0 2 6
M[168] : 4 7 4 4 0 5 7 2 4 5 7 5 9 7 3 5 3 4 4 6 9 4
M[169] : 5 7 0 4 8 2 6 7 5 3 3 3 6 7 3 6 7 4 7 4 5 6
M[170] : 6 3 0 4 4 8 7 6 8 4 4 2 8 2 4 7 9 3 4 6 4 1
M[171] : 2 8 2 9 4 5 8 4 4 4 3 0 2 5 3 5 5 4 8 3 5 4
M[172] : 4 4 4 0 7 6 8 2 1 5 5 4 4 4 2 5 4 5 4 5 6 5
M[173] : 4 0 5 5 8 7 10 8 6 6 7 7 3 5 6 4 6 4 4 3 6 2
M[174] : 5 5 7 11 2 5 5 4 0 2 6 6 3 6 3 4 3 7 6 1 3 3
M[175] : 3 4 0 6 3 8 4 3 3 3 5 4 5 4 10 7 10 11 2 6 6 4
M[176] : 5 6 0 3 6 5 5 5 6 5 3 5 4 6 4 4 5 8 4 8 6 6
M[177] : 0 6 6 4 4 9 2 8 4 6 2 2 2 6 3 4 6 6 4 4 9 7
M[178] : 3 3 3 0 3 1 4 1 8 3 5 5 5 9 7 2 3 8 5 6 5 5
M[179] : 2 7 1 3 3 2 6 3 2 3 0 5 4 0 8 7 4 7 3 4 3 5
M[180] : 3 3 5 6 8 9 1 5 0 7 4 6 5 5 4 8 2 5 5 2 10 2
M[181] : 2 2 3 6 9 7 5 4 3 4 8 7 4 5 6 2 0 5 5 2 6 4
M[182] : 8 5 3 7 7 0 6 4 4 4 3 2 5 6 5 7 4 3 5 8 3 5
M[183] : 7 2 2 9 4 5 8 5 5 6 7 2 4 0 4 4 11 2 6 6 5 9
M[184] : 3 7 3 6 4 6 3 5 4 5 5 5 3 5 6 5 4 5 4 4 1 0
M[185] : 8 4 4 3 4 1 9 7 3 4 4 5 3 6 3 4 1 7 0 0 5 1
M[186] : 3 8 8 4 4 5 3 3 3 5 5 7 8 8 4 5 6 4 0 6 7 9
M[187] : 1 6 5 2 3 7 3 5 4 4 2 3 7 6 6 8 5 6 5 0 3 2
M[188] : 3 5 5 5 6 2 11 5 2 3 3 7 5 2 4 7 4 6 5 3 5 0
M[189] : 2 6 0 4 5 9 5 1 3 6 4 6 2 6 5 6 1 6 4 7 9 3
M[190] : 4 4 8 4 4 7 3 3 4 7 7 4 3 3 5 2 0 3 5 5 4 5
M[191] : 6 5 3 7 1 7 5 6 7 6 5 5 6 6 3 10 7 4 3 3 1 0
M[192] : 3 1 5 5 5 5 0 5 4 6 6 4 6 4 4 8 4 5 6 8 3 4
M[193] : 5 2 3 4 0 2 0 5 3 6 6 8 4 4 3 6 5 5 7 4 6 8
M[194] : 7 3 5 4 3 3 4 9 8 5 0 4 4 5 4 8 5 4 3 2 3 1
M[195] : 8 7 6 5 7 5 5 3 3 4 2 0 8 4 5 6 8 7 4 4 6 4
M[196] : 2 7 5 3 5 2 1 6 5 5 2 6 4 8 2 0 0 5 3 6 3 4
M[197] : 6 3 0 6 5 4 3 7 6 6 3 3 5 2 4 7 6 4 4 2 3 5
M[198] : 2 7 4 6 3 6 1 6 5 7 3 4 0 11 6 3 6 2 7 5 0 4
M[199] : 5 7 2 4 6 5 5 0 4 3 3 6 4 3 4 4 4 8 6 7 3 2
M[200] : 4 5 6 2 4 4 7 2 4 4 8 4 5 3 4 0 3 4 4 4 6 2
M[201] : 6 2 1 4 5 3 8 7 5 5 10 4 3 4 3 0 4 4 5 3 3 4
M[202] : 6 7 6 6 6 6 6 5 0 4 8 6 2 3 4 4 0 3 6 6 10 3
M[203] : 6 5 5 3 2 4 3 3 8 4 2 6 5 3 5 4 0 5 6 6 3 5
M[204] : 8 5 3 3 5 7 0 5 3 3 7 7 5 10 5 6 5 4 5 4 5 3
M[205] : 3 4 6 4 6 3 7 7 2 6 2 4 10 4 6 3 4 0 7 2 7 7
M[206] : 5 2 6 3 9 5 6 5 4 4 3 5 7 5 4 0 1 4 4 5 6 4
M[207] : 0 4 4 3 2 8 3 6 5 6 3 1 5 5 4 3 5 4 5 7 4 3
M[208] : 4 6 6 8 6 5 2 5 6 2 6 0 2 9 4 4 7 7 8 7 5 5
M[209] : 7 0 4 7 4 5 4 4 4 1 7 3 4 8 1 9 9 4 2 5 6 7
M[210] : 4 3 6 5 6 5 7 3 5 4 2 8 4 4 7 0 4 7 4 6 5 6
M[211] : 5 4 6 5 2 9 7 6 6 5 4 10 2 3 4 4 6 3 5 5 0 6
M[212] : 4 3 1 0 8 4 0 3 7 2 3 4 1 6 6 5 4 7 4 3 6 5
M[213] : 3 2 6 5 3 7 10 4 3 2 3 5 7 5 9 5 0 8 9 3 3 3
M[214] : 5 4 5 6 4 5 3 2 4 0 6 4 5 6 3 6 1 3 6 3 6 6
M[215] : 5 8 5 4 3 5 4 4 0 6 5 0 6 5 4 3 5 4 3 7 6 8
M[216] : 4 6 5 4 7 0 5 4 5 8 5 4 3 1 4 6 4 7 4 2 7 7
M[217] : 5 5 5 4 2 2 4 0 4 5 6 5 6 3 5 2 5 2 7 5 4 4
M[218] : 11 4 8 5 4 6 8 0 6 5 4 3 4 8 8 0 5 0 2 3 3 7
M[219] : 7 8 5 6 6 4 7 5 3 4 0 3 0 3 2 3 2 4 3 4 6 2
M[220] : 5 0 6 4 7 2 3 3 5 5 4 4 4 4 1 3 5 3 4 7 6 5
M[221] : 5 6 3 4 6 6 1 6 2 2 6 6 6 5 6 2 4 6 0 5 4 7
M[222] : 3 8 6 3 8 4 5 4 10 6 7 0 2 8 5 5 3 5 3 3 4 5
M[223] : 3 3 8 6 5 3 2 9 3 7 4 2 5 3 6 7 1 0 8 9 0 6
M[224] : 4 7 3 8 5 7 3 3 3 0 3 6 4 4 1 8 2 5 2 6 7 8
M[225] : 2 6 5 8 3 6 3 8 0 5 5 5 4 5 4 6 2 2 5 5 4 3
M[226] : 9 3 3 5 6 6 8 2 4 7 9 5 7 7 7 0 7 4 6 1 5 4
M[227] : 2 5 2 11 9 2 8 7 5 4 3 2 2 7 5 3 3 10 5 2 0 3
M[228] : 7 6 5 3 7 6 6 5 8 4 0 3 6 7 4 5 3 7 7 1 6 3
M[229] : 6 5 7 6 5 5 6 6 3 4 5 3 3 8 4 8 7 1 7 0 8 3
M[230] : 5 4 4 5 0 4 5 5 8 8 4 7 2 4 5 4 3 7 11 2 2 7
M[231] : 6 10 2 6 0 6 3 3 3 2 4 2 2 6 4 5 3 5 4 4 7 3
M[232] : 5 0 8 0 4 5 4 2 4 8 5 2 3 8 7 3 4 8 6 6 0 1
M[233] : 7 2 6 5 4 2 6 4 2 6 5 5 2 8 7 3 6 0 10 5 0 1
M[234] : 4 3 6 5 3 4 6 6 7 1 3 1 4 0 6 4 6 5 6 3 9 5
M[235] : 2 5 3 7 4 5 6 7 4 5 4 5 3 6 0 7 5 3 4 6 3 7
M[236] : 9 2 7 8 6 3 6 6 4 7 7 6 8 5 4 5 2 3 0 2 3 6
M[237] : 7 3 3 9 3 5 9 0 7 6 4 6 5 4 4 5 5 5 9 5 0 4
M[238] : 4 4 6 5 5 6 7 7 3 4 4 9 4 4 0 5 3 3 6 6 3 9
M[239] : 3 4 6 10 2 3 5 5 3 6 0 6 2 1 4 9 5 6 8 4 3 7
M[240] : 6 5 8 3 2 8 6 5 0 2 6 5 3 6 2 5 2 2 11 6 3 4
M[241] : 6 10 4 1 5 0 5 5 10 2 4 6 2 8 7 2 8 5 3 4 5 8
M[242] : 6 4 2 4 6 0 5 5 5 5 4 2 5 6 5 1 7 6 4 4 4 5
M[243] : 4 3 2 8 8 0 4 3 3 2 3 4 3 3 5 6 5 6 8 5 5 6
M[244] : 5 6 7 5 4 0 3 3 6 5 5 4 8 6 4 5 6 4 6 2 4 1
M[245] : 4 3 6 7 5 9 4 4 5 6 3 4 0 5 4 3 5 5 4 5 4 1
M[246] : 6 6 1 0 4 3 4 4 4 6 1 7 1 6 3 4 5 3 2 5 8 7
M[247] : 8 8 4 6 7 5 0 3 5 7 8 5 3 4 5 7 4 3 3 7 8 6
M[248] : 2 2 3 3 3 5 3 6 2 0 3 6 5 5 6 3 4 3 7 5 5 3
M[249] : 6 0 3 9 3 4 6 11 6 4 3 3 6 8 6 3 4 7 6 5 4 6
M[250] : 3 4 3 6 4 4 2 7 3 1 8 3 4 4 4 4 4 0 5 5 3 6
M[251] : 5 5 6 6 5 6 3 1 6 3 5 5 2 3 3 0 6 6 4 4 2 5
M[252] : 4 3 4 4 7 5 6 6 7 7 6 6 3 0 3 8 7 4 7 6 10 8
M[253] : 7 7 6 3 4 0 8 2 6 3 2 9 5 3 4 4 2 4 7 7 2 3
M[254] : 3 8 4 3 2 1 7 5 2 3 4 0 2 5 5 4 5 2 6 4 4 2
M[255] : 6 7 7 6 9 0 4 4 6 3 3 4 7 4 6 7 7 6 5 6 2 3
M[256] : 9 4 3 5 4 6 5 2 3 8 6 7 2 4 0 6 3 3 5 7 7 1
M[257] : 4 0 3 6 5 3 4 8 5 7 5 3 2 5 6 6 5 4 3 5 5 5
M[258] : 2 4 4 2 3 6 5 3 6 4 2 5 3 0 6 1 6 7 3 3 5 5
M[259] : 5 2 6 5 3 0 4 5 7 4 4 5 5 2 4 1 5 5 3 5 5 5
M[260] : 0 0 7 4 3 7 5 7 5 6 3 7 4 2 7 5 5 3 1 5 4 5
M[261] : 4 7 6 2 3 4 6 6 2 4 5 2 4 3 4 4 7 6 2 5 6 0
M[262] : 10 6 5 5 7 5 2 3 2 4 5 2 2 5 6 4 3 0 3 3 6 8
M[263] : 6 6 6 0 2 5 5 2 4 6 4 5 9 4 6 3 3 9 13 5 6 2
M[264] : 5 8 6 3 8 5 0 4 3 5 4 4 3 7 5 3 4 3 9 5 5 5
M[265] : 5 6 3 1 3 7 5 8 5 6 3 4 4 6 5 8 0 3 5 4 4 4
M[266] : 4 2 5 4 5 0 4 1 2 3 4 1 6 3 4 3 3 2 2 6 2 3
M[267] : 4 3 8 8 4 2 5 2 8 7 6 5 3 1 5 0 10 3 4 9 4 3
M[268] : 6 5 5 5 1 1 4 4 3 8 3 5 3 4 3 4 6 5 3 0 6 4
M[269] : 2 6 5 0 7 5 4 6 5 3 5 5 3 5 2 5 8 3 6 7 4 2
M[270] : 6 1 5 9 4 5 3 7 4 4 5 4 8 6 6 2 2 4 5 0 8 5
M[271] : 4 6 5 6 5 6 4 3 0 4 4 6 2 3 6 3 5 3 5 7 6 1
M[272] : 5 7 2 6 3 1 0 4 5 6 6 6 5 4 6 4 4 5 3 5 7 6
M[273] : 6 3 9 3 9 0 1 3 7 11 2 2 4 6 0 4 4 6 7 6 8 7
M[274] : 10 4 3 2 7 3 7 4 5 7 7 7 5 0 5 0 5 4 4 5 6 3
M[275] : 5 4 4 3 6 7 4 3 6 1 8 4 8 4 7 7 9 6 3 0 3 5
M[276] : 4 8 4 3 2 6 1 6 8 0 6 3 6 3 3 3 6 3 5 6 4 3
M[277] : 5 4 3 10 2 5 2 5 6 8 5 4 0 6 9 6 11 7 9 6 2 2
M[278] : 6 4 8 3 6 3 0 7 4 1 3 3 5 2 5 1 5 6 8 8 2 5
M[279] : 7 9 5 2 7 2 7 5 5 4 6 3 5 0 5 2 5 5 6 3 3 2
M[280] : 5 7 5 4 2 4 4 5 5 7 8 4 3 0 4 6 6 1 4 2 4 4
M[281] : 8 6 6 4 4 5 6 4 4 8 3 8 2 2 9 2 4 6 6 6 0 7
M[282] : 0 4 2 4 5 4 5 0 4 6 3 3 3 4 5 7 4 6 7 4 3 5
M[283] : 4 7 5 4 5 3 4 8 4 5 3 7 0 3 1 3 4 7 3 2 4 11
M[284] : 6 3 2 5 6 1 6 8 4 0 0 8 4 8 5 3 6 4 8 7 4 9
M[285] : 4 2 3 2 5 3 2 5 5 5 3 3 3 2 0 7 5 4 4 7 3 3
M[286] : 3 5 8 5 7 1 4 6 3 6 1 7 4 2 5 0 3 6 2 6 4 5
M[287] : 2 7 6 5 0 8 9 5 6 5 4 7 4 6 5 6 2 6 3 2 5 5
M[288] : 2 7 5 8 5 5 5 2 1 0 4 2 3 4 2 8 4 3 4 7 2 5
M[289] : 5 3 7 3 4 1 5 7 6 3 2 8 4 5 7 6 0 3 7 11 3 6
M[290] : 7 8 6 8 9 4 6 7 1 4 6 4 0 4 0 2 7 6 8 2 7 4
M[291] : 7 5 3 8 6 4 8 2 0 8 4 3 4 7 5 5 3 5 3 8 5 5
M[292] : 10 6 6 0 2 2 6 3 3 7 10 3 4 4 7 5 3 8 5 7 0 7
M[293] : 1 5 4 3 0 10 3 4 6 4 6 3 3 5 4 7 4 0 3 4 1 5
M[294] : 7 4 7 4 7 4 6 3 7 3 6 6 4 2 4 0 0 2 4 4 3 4
M[295] : 5 5 0 6 4 4 5 3 5 6 6 3 5 8 6 9 5 5 3 3 5 10
M[296] : 6 9 3 3 5 5 5 0 4 6 7 3 4 6 4 4 8 6 6 5 6 4
M[297] : 3 6 5 1 3 4 2 6 7 0 5 1 5 5 3 4 6 4 7 9 10 4
M[298] : 0 5 8 3 5 4 6 5 4 6 4 5 5 7 4 1 4 5 6 6 4 5
M[299] : 5 4 4 5 8 4 3 5 6 0 3 2 4 5 5 1 5 4 4 3 4 7
M[300] : 5 6 6 5 0 2 5 6 3 9 4 5 7 5 5 3 5 0 3 5 3 6
M[301] : 2 3 9 4 6 8 7 1 7 7 5 3 0 7 3 6 6 4 5 3 8 5
M[302] : 7 3 6 4 0 7 6 6 5 2 6 3 7 4 5 6 4 6 9 3 2 4
M[303] : 5 3 6 0 2 6 4 3 1 8 3 5 4 6 4 3 2 8 3 5 6 6
M[304] : 2 7 4 4 5 6 6 5 3 4 5 5 5 3 5 4 6 6 5 6 6 0
M[305] : 4 4 4 3 4 10 5 4 5 8 7 3 4 5 3 4 1 5 0 6 4 4
M[306] : 4 4 2 5 2 4 6 5 6 2 4 4 1 6 0 8 0 4 3 2 5 10
M[307] : 6 4 8 5 8 6 10 5 7 2 4 7 4 4 8 0 8 7 5 3 9 6
M[308] : 0 5 6 2 7 4 1 2 4 5 7 4 5 4 9 4 4 7 6 6 3 7
M[309] : 2 6 7 5 5 5 2 0 5 4 4 5 6 4 6 4 0 10 2 4 2 10
M[310] : 8 2 5 8 8 2 5 3 4 7 4 5 3 4 5 3 6 5 3 7 2 0
M[311] : 5 2 6 11 8 4 2 3 7 3 5 6 4 2 5 4 4 4 4 5 5 0
M[312] : 0 4 4 11 7 6 5 5 2 7 5 3 8 5 9 2 5 1 10 7 5 3
M[313] : 2 5 5 4 7 5 2 4 4 6 6 0 6 3 2 10 3 7 4 7 7 7
M[314] : 4 5 3 2 6 3 1 9 2 4 2 4 5 7 4 5 0 3 2 4 5 2
M[315] : 4 5 4 0 2 5 2 2 3 5 4 1 5 5 4 7 4 5 4 3 5 4
M[316] : 5 3 6 5 6 7 4 1 0 5 6 8 6 6 4 10 3 3 2 4 4 8
M[317] : 2 10 5 7 7 9 2 4 3 6 4 7 2 0 6 1 5 3 3 8 4 6
M[318] : 4 6 0 5 4 9 6 4 1 5 4 5 3 7 9 3 3 3 3 4 3 5
M[319] : 7 1 7 5 4 2 2 4 6 3 6 7 0 1 5 8 5 3 3 11 3 3
M[320] : 5 2 5 2 5 5 1 8 3 5 3 5 4 6 2 6 7 4 6 5 0 10
M[321] : 8 0 3 3 6 4 4 5 5 6 4 6 4 4 4 7 7 2 7 5 3 7
M[322] : 3 0 4 4 7 4 1 3 5 4 6 5 3 7 2 5 7 9 0 4 6 7
M[323] : 3 5 8 7 2 7 6 7 6 1 3 3 4 0 7 4 0 7 4 6 3 9
M[324] : 4 5 3 5 4 7 3 5 7 6 9 5 4 0 6 4 2 6 1 7 4 4
M[325] : 0 2 5 4 4 6 3 3 2 5 5 5 7 6 3 8 2 5 4 4 5 4
M[326] : 7 6 4 6 2 4 0 5 4 6 2 6 5 6 0 4 5 8 4 8 3 9
M[327] : 5 3 4 5 7 4 4 4 6 7 3 4 2 5 3 3 2 6 8 2 0 6
M[328] : 9 1 5 5 5 3 4 4 4 3 3 3 2 5 1 2 7 8 7 8 0 4
M[329] : 3 3 2 7 5 3 3 3 3 4 0 2 3 3 2 4 1 10 2 6 4 5
M[330] : 8 3 2 6 1 0 3 4 3 5 6 5 9 5 5 4 9 3 5 10 5 7
M[331] : 9 2 6 6 6 2 0 1 8 10 4 3 8 3 3 5 1 4 5 6 6 2
M[332] : 9 7 7 8 6 4 6 0 6 8 6 4 2 5 8 7 1 2 7 2 5 7
M[333] : 4 5 3 5 3 3 3 7 4 4 4 6 9 6 2 8 6 4 8 4 0 5
M[334] : 7 8 8 3 6 2 6 3 6 4 6 6 2 4 6 3 2 0 2 7 7 7
M[335] : 6 11 11 7 1 5 9 5 2 8 8 3 5 6 5 6 8 0 0 5 3 1
M[336] : 3 6 5 7 0 7 4 3 8 7 2 8 2 3 3 8 5 5 2 3 2 3
M[337] : 5 5 4 3 6 4 4 5 1 3 2 5 3 3 4 0 2 5 5 2 9 7
M[338] : 4 5 3 6 5 6 3 4 3 0 8 9 4 3 5 4 8 6 7 2 2 6
M[339] : 5 4 0 6 2 3 2 7 5 5 4 3 7 10 7 7 4 7 4 4 5 7
M[340] : 4 10 7 3 3 4 0 4 3 4 6 3 2 7 9 5 3 3 5 5 1 2
M[341] : 4 4 6 2 9 4 0 4 3 3 4 6 5 4 2 4 6 3 5 5 7 3
M[342] : 6 8 6 1 3 11 2 4 4 3 0 2 2 4 4 3 4 6 5 6 4 6
M[343] : 2 5 2 0 3 9 2 3 5 3 6 2 2 1 5 2 4 2 1 3 4 2
M[344] : 3 4 4 0 4 3 4 4 5 2 2 4 6 3 6 2 6 6 8 5 2 2
M[345] : 6 5 6 3 5 2 3 10 5 3 0 7 5 6 16 4 5 5 7 5 6 2
M[346] : 5 12 6 3 8 8 10 8 3 5 8 5 3 6 5 2 7 6 4 3 3 0
M[347] : 2 2 4 3 0 8 4 6 7 6 3 5 6 4 7 3 5 5 1 8 0 1
M[348] : 5 4 4 4 9 5 4 4 4 2 0 9 6 3 3 5 4 6 10 8 5 3
M[349] : 3 7 4 6 7 7 3 4 3 1 2 3 0 3 3 12 5 1 2 6 6 4
M[350] : 4 6 0 5 4 4 5 5 8 5 2 10 6 4 3 6 6 4 6 2 6 5
M[351] : 6 6 3 5 1 5 2 6 8 4 4 5 4 3 6 2 6 5 2 0 3 7
M[352] : 5 8 3 2 9 5 4 4 7 5 2 1 5 0 3 4 6 5 8 6 7 2
M[353] : 4 8 3 4 2 6 3 4 7 4 8 7 4 1 3 4 7 5 2 0 4 3
M[354] : 4 4 4 5 4 3 4 5 3 5 0 4 7 3 5 5 7 8 6 3 6 0
M[355] : 6 3 6 5 3 5 4 2 7 6 8 8 4 5 0 4 7 7 3 8 5 3
M[356] : 4 6 7 4 8 0 6 4 4 0 2 2 8 5 5 4 3 6 5 4 4 7
M[357] : 7 9 6 3 4 3 3 4 5 6 1 5 2 8 7 3 4 0 9 2 6 9
M[358] : 4 1 5 1 6 7 4 3 3 9 5 5 5 3 4 7 8 3 5 4 0 5
M[359] : 3 6 0 6 5 3 6 12 3 4 2 4 6 5 4 6 7 3 4 4 5 5
M[360] : 8 7 0 4 3 3 3 5 4 2 1 4 5 6 5 3 4 7 3 4 6 3
M[361] : 5 5 5 3 3 5 2 5 6 1 1 6 0 4 4 4 2 4 6 2 5 5
M[362] : 5 2 4 3 2 4 5 0 7 5 3 6 6 3 6 3 2 5 9 7 6 4
M[363] : 8 6 4 8 5 6 3 11 0 8 7 3 6 6 4 6 3 6 3 3 6 1
M[364] : 5 8 6 4 2 5 4 6 2 6 5 3 4 4 2 2 2 7 6 7 3 0
M[365] : 9 6 3 4 2 1 2 6 10 6 4 4 9 3 5 7 4 4 5 0 3 5
M[366] : 7 6 1 4 3 2 8 9 6 9 9 4 6 5 7 3 6 5 4 0 7 4
M[367] : 5 2 3 6 0 6 2 4 4 6 5 4 4 5 4 2 3 5 3 1 6 5
M[368] : 6 2 8 6 10 4 4 7 4 5 2 2 0 2 4 5 3 1 7 5 6 8
M[369] : 5 9 2 6 8 1 7 2 11 6 2 5 3 2 7 0 3 11 6 3 6 7
M[370] : 6 5 7 0 5 6 1 1 7 3 6 8 10 6 2 10 5 7 5 9 5 6
M[371] : 6 6 7 6 4 3 3 7 2 3 7 3 6 6 5 4 9 0 4 7 5 6
M[372] : 5 7 4 4 7 9 7 7 4 2 5 4 5 5 8 2 0 1 3 6 6 2
M[373] : 7 2 8 5 4 6 3 1 5 6 3 7 4 8 6 5 5 2 2 0 2 2
M[374] : 3 5 4 3 6 4 4 0 4 6 5 7 2 3 4 4 2 4 3 4 3 5
M[375] : 6 4 8 5 7 5 5 3 3 3 3 5 4 7 4 4 3 7 6 6 0 6
M[376] : 6 2 3 6 3 4 7 7 7 1 5 7 5 4 2 5 6 6 4 0 8 1
M[377] : 4 0 6 6 4 3 1 4 2 6 2 2 5 2 4 2 8 4 8 5 4 7
M[378] : 7 3 7 8 5 4 4 4 8 1 7 6 4 4 2 4 3 0 5 3 5 4
M[379] : 1 6 8 5 5 0 1 4 4 3 1 6 3 3 1 6 2 5 5 2 3 5
M[380] : 7 7 4 5 5 4 5 5 5 5 1 7 4 6 5 5 0 3 5 2 8 3
M[381] : 0 5 6 5 2 5 8 6 5 9 7 4 0 4 7 5 8 2 4 8 4 4
M[382] : 3 1 3 3 5 2 3 0 4 3 7 3 5 4 3 6 3 4 8 6 7 5
M[383] : 1 6 7 5 6 2 3 2 5 0 2 1 4 3 4 7 7 3 2 5 2 6
M[384] : 5 0 6 2 9 4 4 6 2 5 6 2 5 4 7 2 8 3 5 6 9 4
M[385] : 5 5 9 5 2 5 5 6 6 2 2 5 3 2 7 5 4 7 7 5 0 3
M[386] : 3 2 5 0 5 9 6 8 3 7 3 5 6 3 8 6 6 5 7 7 5 4
M[387] : 5 3 6 6 5 6 2 2 4 5 5 5 0 1 4 2 3 6 7 3 4 2
M[388] : 4 3 5 6 8 4 3 5 6 7 0 3 4 4 3 3 5 8 5 6 4 5
M[389] : 5 4 8 5 7 5 6 4 5 5 6 6 4 0 6 4 5 6 4 4 3 4
M[390] : 2 0 4 7 4 4 3 4 5 4 2 3 3 5 5 3 5 5 6 4 4 7
M[391] : 4 4 6 4 4 8 4 5 5 7 11 5 4 0 4 3 4 4 4 4 3 6
M[392] : 3 6 2 4 5 6 4 5 7 4 3 7 5 4 0 4 2 9 6 5 8 6
M[393] : 0 5 3 8 5 5 6 4 6 5 8 2 5 4 4 4 3 5 10 7 4 3
M[394] : 8 4 4 3 5 6 5 2 3 6 3 6 0 3 5 3 5 7 3 3 7 5
M[395] : 3 4 7 11 5 6 5 6 5 3 3 5 9 4 3 2 2 3 4 6 0 5
M[396] : 4 9 5 1 5 9 3 9 3 5 7 5 7 6 5 7 5 8 2 0 4 7
M[397] : 4 4 7 5 3 7 4 5 0 6 4 2 6 4 3 3 9 5 7 7 5 1
M[398] : 2 4 3 2 2 4 5 3 7 7 2 7 3 6 5 6 4 5 0 1 8 3
M[399] : 7 3 2 3 5 4 0 1 3 9 5 7 5 9 3 5 6 2 5 4 5 8
M[400] : 4 6 3 8 6 5 2 0 9 6 5 7 6 3 6 3 6 4 4 7 5 2
M[401] : 0 2 8 7 9 5 6 4 5 6 5 4 7 4 5 4 3 10 7 10 4 7
M[402] : 3 9 3 6 5 5 2 3 7 3 0 9 5 3 2 4 6 7 6 6 4 5
M[403] : 4 5 5 1 3 5 2 7 4 3 1 6 4 5 8 3 4 4 7 4 0 8
M[404] : 5 4 8 3 2 1 11 6 4 4 6 3 5 6 6 6 6 0 4 4 2 4
M[405] : 7 5 2 4 2 4 1 6 9 2 5 0 4 7 5 5 4 2 3 4 4 2
M[406] : 5 3 4 2 6 0 7 5 3 4 3 5 5 5 8 5 3 3 6 6 8 4
M[407] : 2 2 4 4 7 9 6 8 2 9 3 8 7 0 2 2 4 4 5 3 4 2
M[408] : 4 2 3 0 9 6 6 6 3 3 6 9 3 4 3 4 4 6 3 0 3 2
M[409] : 3 6 4 5 3 4 0 5 6 3 3 5 6 3 5 9 6 6 6 3 3 4
M[410] : 7 4 4 5 7 9 7 7 0 3 4 4 5 5 5 2 4 8 7 4 5 2
M[411] : 8 3 2 5 7 7 8 0 8 0 3 6 0 1 3 2 6 4 8 4 5 7
M[412] : 4 7 7 6 3 6 3 1 11 5 5 4 4 7 2 3 5 5 0 2 3 4
M[413] : 6 5 6 4 3 9 3 4 4 4 5 3 4 5 4 7 5 0 7 2 7 4
M[414] : 4 1 2 5 5 2 9 5 5 4 4 8 3 6 9 3 3 8 5 7 0 5
M[415] : 3 9 2 4 7 8 4 4 5 3 7 2 6 5 4 0 7 9 5 3 10 7
M[416] : 5 12 6 6 7 1 2 2 3 5 5 7 3 6 8 6 3 6 6 5 0 6
M[417] : 9 3 4 4 5 1 4 6 5 2 5 7 6 7 8 5 2 5 0 5 3 4
M[418] : 6 8 6 4 2 0 1 4 4 1 6 3 2 5 2 4 6 4 4 9 7 4
M[419] : 4 3 3 1 4 1 0 5 4 6 4 5 6 3 3 8 4 9 4 6 10 8
M[420] : 6 6 8 5 6 3 6 4 4 4 1 4 9 4 8 4 0 6 3 2 3 7
M[421] : 2 5 6 4 0 3 8 7 1 6 3 6 3 3 5 7 5 3 2 2 6 2
M[422] : 7 2 7 6 3 1 9 8 3 3 0 4 5 5 1 5 4 7 3 4 5 5
M[423] : 3 7 7 5 8 1 2 0 6 4 6 9 6 8 4 4 5 1 4 6 6 6
M[424] : 8 6 5 5 7 2 7 4 4 7 7 5 7 5 6 0 6 5 5 5 3 4
M[425] : 8 1 9 2 8 5 4 4 2 8 5 1 3 3 5 5 5 0 2 7 6 5
M[426] : 2 7 4 3 4 4 4 6 3 9 0 5 4 3 2 5 5 4 3 5 1 6
M[427] : 8 7 8 0 10 4 6 7 3 4 2 6 7 7 2 5 3 5 2 5 6 3
M[428] : 0 5 1 2 7 8 7 5 8 8 6 6 3 6 5 7 2 9 3 5 5 6
M[429] : 2 7 1 2 4 9 0 4 7 3 6 6 6 5 8 4 8 5 5 3 6 7
M[430] : 6 0 6 3 7 7 5 6 5 5 6 4 3 3 4 6 2 1 8 5 5 2
M[431] : 9 7 4 6 4 7 2 7 0 3 4 1 4 9 5 3 2 5 2 3 4 6
M[432] : 5 5 2 2 4 4 5 3 4 9 2 6 0 6 6 6 6 5 8 3 4 0
M[433] : 6 3 7 8 3 6 6 1 5 5 6 1 6 2 5 4 7 0 7 6 6 6
M[434] : 8 4 2 2 6 5 10 4 6 3 8 5 0 2 3 6 4 6 1 6 10 4
M[435] : 6 3 1 9 4 2 6 4 5 5 5 4 5 0 4 9 2 4 6 6 7 7
M[436] : 1 5 6 3 3 2 9 3 3 0 4 7 3 5 8 4 6 6 5 4 3 3
M[437] : 5 4 4 6 4 6 3 4 4 4 4 4 6 3 8 3 3 0 5 5 8 6
M[438] : 6 3 0 4 8 5 6 3 2 6 6 1 3 4 5 6 6 8 6 7 6 5
M[439] : 5 2 4 2 2 4 6 5 2 5 6 6 1 7 5 6 6 2 5 0 3 5
M[440] : 0 7 3 6 9 6 10 7 8 1 6 5 6 5 8 7 1 7 7 4 9 5
M[441] : 4 4 5 3 6 1 2 0 8 6 4 5 6 6 5 4 6 3 4 1 3 5
M[442] : 3 4 6 6 4 4 5 2 5 7 3 0 3 6 5 4 6 0 4 6 2 6
M[443] : 5 4 3 6 0 1 4 5 3 5 5 6 4 8 4 4 3 5 6 3 6 5
M[444] : 5 4 7 0 5 8 2 7 4 5 8 4 3 3 6 2 5 3 9 7 4 5
M[445] : 8 2 4 6 5 4 3 4 9 2 4 7 7 5 5 8 6 0 4 6 5 5
M[446] : 5 2 6 3 3 0 6 4 6 7 3 4 6 4 7 6 5 7 3 3 3 2
M[447] : 6 8 5 4 5 2 2 6 5 6 6 3 6 6 5 6 6 3 0 6 5 5
M[448] : 8 0 2 5 1 2 5 5 0 5 8 4 2 6 1 2 6 3 8 7 5 5
M[449] : 10 0 3 4 6 3 2 3 2 5 2 3 6 3 4 1 6 7 8 3 4 4
M[450] : 7 2 5 7 3 4 2 7 2 7 6 5 0 6 7 4 4 9 4 4 4 3
M[451] : 9 8 3 5 4 2 3 2 4 0 3 5 8 6 6 4 6 4 7 4 2 6
M[452] : 0 4 3 5 1 6 4 9 8 5 4 6 2 10 5 7 6 4 2 6 2 5
M[453] : 3 1 4 4 2 4 4 0 8 3 5 4 2 2 3 7 6 3 3 3 6 4
M[454] : 6 3 4 2 6 6 6 2 2 1 6 5 3 7 2 6 2 11 7 5 6 0
M[455] : 2 6 6 3 3 5 2 6 0 4 3 6 2 4 5 3 4 5 4 9 7 5
M[456] : 6 1 5 5 2 3 2 5 4 0 7 4 3 2 5 4 4 7 5 4 5 5
M[457] : 5 6 6 4 3 5 8 8 1 4 7 6 5 6 9 4 2 8 0 3 4 5
M[458] : 7 5 3 7 5 4 6 5 5 4 4 6 4 8 4 6 4 3 2 4 5 0
M[459] : 3 2 4 0 8 4 5 4 6 7 6 5 7 4 4 2 4 7 5 2 5 7
M[460] : 9 3 8 6 6 2 1 8 4 2 4 9 9 5 8 3 0 6 4 0 4 7
M[461] : 4 3 4 1 0 7 2 4 4 4 6 5 3 3 7 6 7 5 4 2 5 3
M[462] : 3 6 3 7 5 6 4 6 7 1 6 8 3 2 8 4 2 5 0 4 5 6
M[463] : 4 5 2 9 4 3 5 8 5 4 6 4 2 7 4 3 3 0 7 1 4 4
M[464] : 7 5 4 6 0 5 6 5 7 3 8 10 4 6 5 2 3 5 6 5 6 5
M[465] : 6 3 5 4 8 1 11 6 0 7 3 4 2 3 3 7 2 2 6 6 6 7
M[466] : 4 12 6 5 2 4 5 8 6 2 4 5 4 4 6 1 4 4 4 3 0 2
M[467] : 5 4 0 6 2 2 5 11 1 6 4 5 7 3 4 4 7 5 5 9 7 4
M[468] : 6 1 0 3 8 7 5 3 3 5 3 4 6 3 4 6 2 5 3 5 3 9
M[469] : 4 5 4 10 0 3 8 5 6 4 5 3 5 2 6 6 4 4 8 6 7 5
M[470] : 3 6 6 4 4 8 4 5 8 6 4 7 3 7 2 4 3 7 5 2 3 0
M[471] : 4 0 5 4 3 3 4 3 7 3 5 6 7 2 6 3 4 7 6 2 2 4
M[472] : 3 5 1 5 9 6 0 2 7 5 8 5 8 6 6 2 8 3 2 5 2 7
M[473] : 6 6 4 5 5 5 5 5 6 7 0 3 6 2 6 5 7 8 1 5 1 5
M[474] : 7 3 9 2 5 6 5 2 2 2 3 3 0 8 5 6 5 9 4 5 2 4
M[475] : 8 5 5 4 3 8 6 8 1 5 5 3 3 4 0 8 5 5 4 4 4 3
M[476] : 5 6 4 2 6 7 8 2 3 0 8 4 3 2 2 3 2 0 6 2 6 7
M[477] : 6 4 4 3 3 4 3 4 5 3 2 2 6 8 8 3 5 6 9 0 6 7
M[478] : 6 0 5 7 2 5 6 6 5 5 5 8 0 6 6 4 6 7 5 9 7 4
M[479] : 2 6 4 6 7 3 7 4 3 5 3 10 11 3 0 6 6 5 7 4 4 7
M[480] : 7 5 5 5 1 4 6 0 6 8 6 6 2 5 6 2 6 7 5 7 5 1
M[481] : 8 5 5 4 6 4 7 6 4 5 7 9 5 5 7 0 9 4 7 4 5 4
M[482] : 4 3 4 8 5 5 5 2 6 6 5 3 8 4 3 8 6 0 8 7 4 4
M[483] : 6 3 7 6 5 3 3 4 6 0 4 6 4 6 3 7 7 9 5 2 4 4
M[484] : 3 3 3 3 4 1 5 7 7 4 4 7 9 4 0 5 6 6 7 5 3 4
M[485] : 3 1 7 6 4 1 3 3 5 5 2 3 0 4 2 1 4 0 7 2 7 1
M[486] : 3 7 7 1 4 9 5 6 4 3 2 3 0 7 3 3 2 6 8 6 2 5
M[487] : 1 3 8 7 0 5 4 5 4 5 6 3 5 5 11 2 7 4 3 9 5 4
M[488] : 5 3 5 3 3 6 4 6 5 4 5 6 0 4 8 3 4 5 6 4 3 3
M[489] : 2 7 5 5 7 5 7 3 6 0 4 4 3 6 3 5 4 4 6 6 6 6
M[490] : 3 4 3 2 4 3 6 4 5 0 6 5 5 1 4 5 5 5 4 4 4 4
M[491] : 5 2 3 5 8 6 0 7 4 2 7 6 5 11 5 7 4 6 3 3 6 7
M[492] : 5 3 5 0 6 7 2 6 1 0 4 6 6 5 6 5 4 5 6 5 4 4
M[493] : 8 5 4 5 0 3 2 4 6 8 4 2 6 5 5 6 9 4 3 6 5 10
M[494] : 4 6 5 5 5 0 3 2 5 7 7 3 9 11 9 3 4 3 4 8 2 4
M[495] : 5 6 4 2 3 6 3 5 9 3 4 3 5 3 4 2 3 7 5 0 4 2
M[496] : 7 9 4 0 6 6 7 2 5 6 5 8 1 5 4 5 3 5 4 4 2 6
M[497] : 4 9 2 3 0 5 4 6 4 5 4 6 2 2 3 5 6 5 7 8 4 5
M[498] : 5 7 5 8 5 7 3 4 5 5 6 0 6 5 3 9 3 3 7 4 7 4
M[499] : 7 4 5 2 4 4 2 7 4 3 0 4 5 7 5 4 3 8 5 4 3 8
M[500] : 8 9 7 7 3 6 1 5 3 3 5 3 3 6 6 7 6 5 5 3 6 0
M[501] : 6 4 2 3 5 5 5 0 8 2 6 3 8 6 5 5 3 4 1 5 7 5
M[502] : 2 7 4 1 5 3 2 5 2 4 5 5 3 8 7 4 5 7 0 5 6 9
M[503] : 3 0 3 7 4 3 5 4 3 8 4 4 4 3 6 5 5 2 7 8 3 3
M[504] : 6 2 3 6 5 4 6 3 7 4 4 0 4 2 8 5 5 4 7 4 9 5
M[505] : 3 0 7 3 2 6 7 4 4 6 8 10 5 3 2 3 2 5 10 3 2 4
M[506] : 3 7 2 2 4 2 3 7 5 0 3 2 2 8 6 4 6 5 7 4 2 5
M[507] : 6 2 0 7 5 4 6 5 4 3 6 4 9 5 2 4 2 9 4 5 11 6
M[508] : 3 3 7 4 4 5 4 1 8 6 4 6 6 3 0 2 3 8 3 5 3 2
M[509] : 3 2 7 4 6 7 4 7 3 3 5 1 6 10 0 2 5 4 5 4 5 4
M[510] : 4 4 5 6 7 1 2 2 7 7 1 2 2 7 6 4 3 5 5 6 10 0
M[511] : 4 4 2 6 2 7 7 3 2 4 5 0 4 3 8 6 4 7 8 8 6 7
M[512] : 4 8 7 6 2 3 2 4 6 0 6 6 5 9 4 3 6 6 4 3 8 5
M[513] : 3 3 4 2 9 5 6 3 12 0 5 5 10 7 5 5 7 1 3 3 5 5
M[514] : 4 3 5 4 5 4 6 5 4 4 7 0 3 5 6 7 5 7 9 3 2 6
M[515] : 3 3 4 4 3 2 4 3 3 5 4 6 7 8 0 8 4 3 3 4 2 8
M[516] : 3 4 5 4 4 8 0 1 5 3 9 2 3 6 4 6 3 5 2 2 5 6
M[517] : 3 3 5 5 9 6 4 7 4 6 2 3 3 4 7 7 0 5 6 10 3 3
M[518] : 9 3 6 6 9 5 5 1 4 5 9 3 3 6 5 12 3 3 2 0 6 4
M[519] : 6 6 7 3 8 3 4 6 2 4 3 3 8 4 2 7 0 4 2 6 2 5
M[520] : 3 9 3 2 9 7 6 7 1 4 3 5 4 5 3 6 0 5 6 3 6 5
M[521] : 8 3 7 4 5 5 5 3 3 4 3 2 6 1 5 7 4 4 0 3 2 4
M[522] : 3 5 1 6 0 7 9 4 6 6 4 5 5 2 6 7 7 6 5 4 3 6
M[523] : 6 5 4 3 3 3 4 3 5 4 4 6 3 2 3 4 3 6 6 4 4 0
M[524] : 5 5 2 0 6 3 7 8 4 3 5 3 5 4 3 3 4 5 7 2 5 4
M[525] : 3 5 4 2 5 6 8 3 6 1 2 9 2 9 6 0 4 4 5 5 9 2
M[526] : 7 8 0 7 5 5 11 8 5 5 2 5 0 6 3 6 7 5 8 3 4 4
M[527] : 8 3 3 5 5 4 5 3 5 4 3 8 0 1 5 3 6 2 5 7 5 6
M[528] : 4 1 7 5 6 3 4 6 2 9 5 3 0 3 8 4 2 5 8 6 1 6
M[529] : 4 2 4 8 3 4 5 2 5 4 4 3 0 2 7 4 4 6 4 4 3 9
M[530] : 6 3 5 3 9 4 7 1 8 5 0 2 5 6 5 4 7 4 6 4 9 5
M[531] : 3 2 6 3 2 4 6 2 5 5 6 6 7 3 8 4 0 5 3 5 7 6
M[532] : 6 2 2 6 6 8 4 5 0 4 3 8 7 7 3 5 5 2 6 3 9 7
M[533] : 6 6 3 4 2 7 1 2 4 4 7 5 4 1 5 0 8 5 1 4 1 3
M[534] : 9 3 3 9 3 0 5 3 3 5 6 6 3 5 3 4 4 3 4 4 3 3
M[535] : 3 5 6 4 6 3 5 8 1 4 7 6 8 5 6 5 3 0 4 6 5 3
M[536] : 3 2 10 8 0 2 8 4 6 4 0 6 1 3 7 9 3 5 3 4 4 5
M[537] : 4 5 5 0 5 7 6 5 8 5 2 8 3 4 4 9 6 4 3 3 6 6
M[538] : 4 1 6 8 6 5 4 2 4 9 3 5 6 6 0 1 7 6 5 6 6 6
M[539] : 2 6 6 6 5 4 5 3 5 5 9 6 5 6 6 8 0 5 2 7 4 6
M[540] : 2 5 7 5 9 7 4 4 3 5 4 5 2 2 7 0 5 7 5 3 4 4
M[541] : 5 5 4 0 9 5 5 0 4 3 3 7 7 2 8 5 1 8 4 10 5 3
M[542] : 5 4 8 7 2 4 5 7 7 3 5 4 5 5 7 7 3 4 4 1 7 0
M[543] : 2 0 5 8 5 5 3 3 4 3 4 5 6 5 3 6 3 5 4 3 5 5
M[544] : 3 5 5 8 7 2 4 4 8 5 5 2 5 1 8 0 1 6 6 5 0 3
M[545] : 8 6 0 3 4 6 4 9 3 3 1 5 8 4 8 1 4 5 6 4 2 5
M[546] : 0 4 4 5 5 4 4 4 5 11 2 2 7 9 4 3 3 4 4 10 3 6
M[547] : 4 3 2 2 4 10 2 7 2 5 9 2 4 5 9 9 7 0 4 6 4 7
M[548] : 4 2 9 5 5 2 2 5 4 7 4 3 2 6 6 7 5 0 2 6 4 5
M[549] : 4 8 4 2 3 3 8 3 5 4 0 10 7 6 3 7 5 9 3 3 5 4
M[550] : 9 4 7 2 4 3 4 4 2 3 2 3 0 6 4 4 7 6 3 8 5 4
M[551] : 3 4 7 4 8 6 6 4 6 5 5 3 4 2 4 7 6 6 7 5 4 0
M[552] : 8 1 9 4 4 4 4 0 2 5 7 1 4 7 5 3 4 3 5 7 5 7
M[553] : 0 4 3 4 3 3 7 6 7 5 5 4 3 6 3 2 3 8 7 4 8 4
M[554] : 3 4 8 7 4 4 4 4 4 5 4 7 7 0 2 2 6 1 1 4 8 9
M[555] : 0 5 1 2 4 5 3 6 4 0 6 8 3 4 6 5 4 4 8 5 8 2
M[556] : 3 3 3 3 6 6 2 6 3 8 3 4 4 8 8 6 4 5 2 4 0 4
M[557] : 1 4 8 3 8 0 6 8 3 0 4 7 4 3 1 2 5 9 5 3 3 2
M[558] : 4 3 6 7 9 4 5 6 6 2 5 0 5 3 3 8 4 1 8 3 5 6
M[559] : 3 3 7 4 4 4 7 5 9 7 2 8 5 9 8 4 4 0 4 4 3 9
M[560] : 1 6 6 3 4 4 6 0 3 5 0 6 4 4 4 3 4 5 5 9 1 4
M[561] : 5 5 9 3 5 9 4 5 6 4 7 5 8 3 6 5 6 6 4 0 6 4
M[562] : 1 5 3 3 7 2 8 8 4 4 3 8 3 3 5 3 5 8 0 2 4 2
M[563] : 3 3 4 6 0 4 6 7 4 4 3 5 4 3 7 5 4 4 7 2 2 6
M[564] : 10 6 4 5 8 5 7 7 6 5 3 8 5 6 6 4 4 6 7 2 2 0
M[565] : 6 4 4 4 7 2 3 0 2 3 2 5 5 6 9 5 4 3 8 7 3 8
M[566] : 5 0 5 7 5 1 7 4 3 5 6 4 2 9 5 3 4 5 4 3 3 5
M[567] : 3 6 1 4 3 6 2 6 3 3 2 4 0 5 3 5 9 5 5 5 6 3
M[568] : 5 3 3 3 2 5 0 3 4 6 5 1 7 6 3 4 2 6 6 4 4 6
M[569] : 6 6 1 2 6 4 9 6 7 5 5 11 4 4 8 2 3 3 0 7 7 4
M[570] : 6 5 2 4 2 4 7 5 1 6 3 2 5 4 3 5 3 4 3 0 6 6
M[571] : 9 6 5 4 3 6 4 7 4 2 6 6 6 6 0 5 6 6 5 3 7 4
M[572] : 4 7 4 9 5 3 2 8 5 0 5 2 6 4 6 3 2 4 1 9 5 7
M[573] : 3 2 4 5 4 1 4 2 3 3 3 5 3 4 2 0 4 5 7 9 5 5
M[574] : 3 6 5 7 3 10 5 4 6 3 7 2 6 1 3 7 4 3 6 0 1 4
M[575] : 4 4 6 10 3 8 4 4 7 2 3 4 11 4 4 5 7 3 6 4 0 8
M[576] : 8 3 7 3 4 6 6 0 9 7 3 3 2 3 4 3 4 6 4 4 4 4
M[577] : 5 7 6 3 6 3 4 1 5 2 9 2 9 6 0 2 4 4 8 5 5 4
M[578] : 4 5 7 9 6 6 5 5 4 3 6 4 2 6 4 7 3 6 0 2 10 3
M[579] : 2 4 3 5 7 6 0 4 3 5 5 5 3 5 5 4 2 8 6 4 5 7
M[580] : 2 5 3 10 4 4 8 3 4 4 6 4 2 11 5 5 0 3 6 4 3 14
M[581] : 3 4 4 7 10 0 6 8 6 1 2 5 3 3 6 5 11 6 3 7 4 6
M[582] : 3 6 0 4 5 5 5 7 1 6 7 9 6 7 8 4 3 7 2 2 4 3
M[583] : 4 4 2 6 3 5 6 5 4 5 3 3 3 4 5 3 7 1 4 0 4 4
M[584] : 7 10 7 5 5 3 5 10 6 5 5 5 6 5 7 3 6 4 5 0 2 0
M[585] : 1 3 4 4 8 4 5 5 7 5 8 8 5 7 4 3 4 6 0 4 5 4
M[586] : 4 3 5 2 0 6 9 4 9 3 6 4 5 5 4 4 8 4 2 8 5 0
M[587] : 5 3 6 6 6 7 3 8 6 4 5 2 4 4 0 4 3 5 6 6 3 3
M[588] : 6 8 1 6 6 2 5 3 3 8 2 2 6 0 3 5 6 5 6 2 2 8
M[589] : 5 5 2 2 3 4 4 4 5 3 4 6 3 2 4 7 3 6 5 2 1 0
M[590] : 3 4 4 3 3 2 4 4 6 4 5 2 3 6 4 7 0 4 6 4 4 1
M[591] : 7 2 2 4 3 4 5 7 4 7 2 6 9 3 4 0 4 3 4 7 6 5
M[592] : 2 5 11 5 2 5 3 3 3 9 7 3 0 1 5 5 5 4 4 4 6 1
M[593] : 8 4 8 5 4 4 6 5 3 2 2 6 3 0 4 1 3 2 7 1 5 5
M[594] : 7 2 5 3 7 2 0 6 4 2 3 4 2 6 5 5 3 3 3 8 5 4
M[595] : 3 2 4 2 11 3 4 6 4 3 2 0 4 7 7 4 4 2 5 3 5 3
M[596] : 7 7 6 0 2 3 2 6 2 5 5 4 3 6 6 8 6 5 5 3 9 4
M[597] : 5 3 5 3 9 7 3 5 5 4 7 4 6 3 0 6 6 4 2 3 9 6
M[598] : 4 5 6 5 5 2 4 2 3 8 8 5 4 6 0 9 6 5 4 5 5 5
M[599] : 5 4 4 4 6 5 4 2 3 2 5 6 5 7 10 4 3 0 3 5 3 5
M[600] : 4 4 7 0 10 4 6 3 4 5 8 3 2 6 4 3 2 2 4 3 5 3
M[601] : 6 3 8 4 4 5 4 7 3 4 3 4 4 7 0 3 9 4 8 6 4 4
M[602] : 2 4 6 4 4 2 4 2 4 0 2 5 2 5 3 6 5 3 7 2 4 6
M[603] : 6 2 5 2 6 2 4 2 4 7 7 5 0 4 7 7 4 2 1 7 5 2
M[604] : 6 1 6 3 2 3 5 2 7 6 11 9 9 5 3 7 5 0 5 8 9 3
M[605] : 5 5 3 2 7 5 2 4 5 6 4 0 5 5 4 5 0 5 3 2 3 7
M[606] : 3 8 6 3 3 4 6 2 2 3 4 2 0 6 2 5 2 4 1 3 8 6
M[607] : 3 4 5 3 7 4 1 7 5 3 1 4 4 7 2 3 6 3 3 3 2 0
M[608] : 3 6 2 5 5 4 6 5 4 2 4 5 2 0 2 6 5 3 4 10 7 4
M[609] : 6 8 1 4 5 2 2 3 3 4 7 3 1 3 5 3 7 4 0 4 2 1
M[610] : 6 0 6 5 4 5 3 2 6 4 4 5 6 3 5 6 4 6 3 4 0 5
M[611] : 10 4 2 7 9 1 5 4 7 0 5 5 2 4 7 4 2 5 9 11 6 10
M[612] : 5 3 1 6 8 6 5 5 2 3 4 3 5 6 0 6 3 5 6 4 3 3
M[613] : 6 6 4 5 5 3 4 3 0 8 6 4 8 3 8 1 5 4 7 9 6 4
M[614] : 3 2 7 6 1 2 2 2 7 5 4 4 4 2 7 6 4 0 6 6 2 3
M[615] : 5 6 4 3 3 3 5 2 6 4 3 4 2 4 2 6 5 0 5 8 2 6
M[616] : 3 6 7 3 2 3 3 3 4 3 0 7 7 3 7 3 3 5 5 8 4 5
M[617] : 3 7 6 7 6 4 7 7 5 6 6 3 0 5 9 6 2 4 4 4 3 3
M[618] : 7 6 7 4 2 9 11 4 6 5 2 4 5 3 3 6 6 4 6 0 3 4
M[619] : 2 9 3 9 2 4 4 7 5 4 0 3 4 9 3 4 4 5 6 4 4 5
M[620] : 7 2 4 5 3 11 3 6 2 3 4 2 3 2 5 2 7 0 7 2 4 7
M[621] : 2 7 7 3 5 3 5 4 0 6 5 3 5 4 3 3 9 2 5 7 3 6
M[622] : 4 6 7 7 0 3 6 5 4 3 1 6 2 7 7 7 5 4 3 6 3 7
M[623] : 5 3 4 0 9 7 2 7 4 5 5 7 2 2 3 5 6 7 3 4 9 7
M[624] : 4 5 5 7 3 4 6 6 4 6 1 0 6 3 6 4 4 4 8 5 1 6
M[625] : 6 5 9 8 6 2 5 8 4 3 8 3 5 3 5 4 5 8 0 9 3 8
M[626] : 3 7 7 4 8 3 11 6 8 2 1 10 0 7 4 5 5 3 13 1 4 4
M[627] : 3 3 6 2 4 7 4 7 4 3 4 7 8 5 1 8 0 4 6 5 5 8
M[628] : 5 6 6 12 7 3 6 4 4 4 3 3 5 5 5 7 4 5 4 4 0 4
M[629] : 4 4 5 5 5 0 3 7 7 7 4 7 4 7 6 6 4 6 5 6 6 7
M[630] : 4 2 0 4 3 9 3 2 7 3 3 6 1 5 5 4 5 7 5 7 7 7
M[631] : 7 4 0 4 4 7 7 6 7 8 3 11 5 4 3 1 8 6 4 5 4 5
M[632] : 9 2 5 5 2 4 3 5 6 1 3 6 3 5 1 6 5 3 0 2 4 3
M[633] : 3 6 10 6 5 2 7 3 4 6 5 4 4 5 5 2 0 9 2 6 7 4
M[634] : 5 3 4 0 3 2 4 5 5 2 4 6 4 5 5 1 4 6 7 5 2 5
M[635] : 4 4 6 3 2 5 6 2 8 0 3 3 4 5 3 1 4 5 3 3 7 6
M[636] : 3 6 3 3 8 4 6 6 7 5 1 0 6 6 5 6 5 7 3 1 5 9
M[637] : 5 9 4 6 7 4 4 8 4 4 4 3 0 14 9 3 6 6 4 10 4 6
M[638] : 7 4 7 6 4 3 3 7 7 4 0 2 5 9 5 3 2 4 5 0 6 3
M[639] : 7 5 2 4 6 6 7 4 6 5 2 3 4 0 9 3 6 3 8 4 6 5
M[640] : 6 4 4 1 10 0 7 3 5 4 5 6 4 6 5 3 6 8 2 7 3 13
M[641] : 4 1 6 5 4 9 3 4 0 3 7 5 4 3 4 8 0 8 3 6 5 5
M[642] : 3 8 7 6 4 0 9 2 3 10 5 5 5 2 6 1 5 2 3 4 3 3
M[643] : 0 6 7 3 5 6 5 6 4 2 2 4 4 3 7 3 7 6 9 6 5 9
M[644] : 7 3 3 3 6 7 3 4 3 6 3 5 5 4 6 5 1 2 5 0 6 3
M[645] : 6 3 7 5 5 0 6 7 1 3 6 3 7 2 1 6 5 4 6 6 6 3
M[646] : 8 6 6 0 7 7 1 3 4 4 0 3 2 4 6 6 4 6 8 2 3 5
M[647] : 6 9 5 3 4 2 4 0 4 5 1 5 6 7 4 2 5 2 7 5 7 4
M[648] : 5 6 2 2 6 3 4 5 5 5 5 4 6 0 5 4 5 5 5 6 3 7
M[649] : 5 6 5 3 8 3 2 1 0 8 5 6 4 13 3 9 6 4 3 2 3 6
M[650] : 3 0 5 4 5 6 4 6 11 4 8 7 4 4 7 4 2 6 7 4 6 2
M[651] : 4 4 10 4 3 4 6 7 6 4 1 5 3 4 5 3 0 2 2 5 4 10
M[652] : 3 2 0 3 6 1 1 3 3 2 4 3 6 5 10 4 5 4 5 2 2 3
M[653] : 7 7 0 6 5 6 5 4 4 7 4 7 9 9 1 4 3 6 6 8 6 4
M[654] : 5 1 1 4 2 8 4 5 7 9 4 3 4 4 7 3 0 4 3 0 5 9
M[655] : 9 6 5 3 5 6 6 2 2 5 2 5 6 2 4 4 7 7 4 0 5 5
M[656] : 3 2 3 2 3 8 0 4 0 7 5 6 4 2 8 4 3 1 4 4 6 7
M[657] : 5 10 7 4 3 5 5 9 6 7 0 4 5 8 4 1 5 6 3 7 5 3
M[658] : 8 4 3 3 1 6 4 4 6 5 4 3 7 6 8 3 7 5 0 3 6 3
M[659] : 3 7 4 4 6 5 1 1 5 5 3 9 1 9 6 0 5 4 4 6 6 5
M[660] : 2 5 0 3 3 7 5 4 5 2 4 9 5 5 7 5 11 4 4 6 8 7
M[661] : 5 6 8 6 2 5 9 4 0 3 6 2 4 5 3 7 6 7 6 3 2 4
M[662] : 6 5 4 7 7 6 4 6 3 7 6 5 2 6 6 2 9 0 4 5 1 4
M[663] : 5 0 4 7 7 7 7 4 7 5 8 3 5 2 7 5 7 2 3 6 2 4
M[664] : 8 4 5 2 0 5 3 2 0 6 5 6 3 7 7 3 7 4 7 6 6 2
M[665] : 6 2 6 4 4 4 2 8 8 5 0 6 8 5 7 4 4 3 1 7 5 4
M[666] : 5 7 3 7 5 1 6 1 2 6 0 5 9 3 4 3 3 7 6 6 4 6
M[667] : 1 5 4 4 7 5 4 6 5 3 4 5 4 4 4 4 0 1 2 5 3 6
M[668] : 3 5 2 5 6 2 6 9 3 6 7 2 5 5 0 3 8 8 4 1 4 6
M[669] : 7 7 3 6 8 9 5 3 6 5 8 2 2 1 5 0 4 4 7 5 4 6
M[670] : 7 5 2 4 2 7 3 1 2 2 7 2 8 6 7 4 0 5 6 6 5 3
M[671] : 3 5 6 4 4 6 5 4 1 7 0 2 3 5 4 6 6 7 2 4 2 2
M[672] : 5 3 4 7 0 4 4 4 9 3 4 5 4 4 6 2 11 6 0 7 5 6
M[673] : 5 5 3 5 4 5 3 5 9 2 2 8 9 9 6 6 5 3 6 3 0 4
M[674] : 6 4 4 4 4 5 0 6 4 5 9 2 1 4 2 6 6 2 4 6 3 7
M[675] : 11 2 3 6 5 4 7 6 4 5 13 8 8 0 4 6 4 5 5 6 5 9
M[676] : 0 4 4 5 7 5 4 6 6 3 4 4 8 8 6 8 4 5 4 6 4 4
M[677] : 7 5 1 7 5 3 5 3 9 4 0 5 4 9 5 4 6 3 0 3 4 2
M[678] : 4 3 3 6 5 2 4 5 8 3 6 4 3 5 1 3 8 5 5 0 7 4
M[679] : 4 5 7 4 6 5 3 0 5 4 6 5 7 3 6 4 5 4 3 4 6 4
M[680] : 4 7 4 6 5 3 4 5 8 6 5 0 7 5 5 6 3 3 6 8 2 6
M[681] : 3 6 0 5 2 6 5 5 7 9 5 4 9 7 5 4 5 6 6 7 1 4
M[682] : 6 5 5 5 4 2 0 4 5 4 7 10 2 8 7 0 4 2 3 6 5 8
M[683] : 4 3 6 4 0 6 4 5 3 3 4 5 3 9 2 6 9 2 2 5 8 2
M[684] : 4 7 4 5 8 4 0 7 6 6 2 3 7 3 4 4 5 4 5 3 3 7
M[685] : 4 5 0 7 2 5 2 6 8 3 3 4 6 4 4 4 6 4 6 2 5 7
M[686] : 10 3 4 7 10 5 6 7 5 8 5 5 4 7 3 6 6 8 3 0 7 3
M[687] : 5 5 3 3 7 2 1 4 2 4 2 1 3 4 5 3 0 10 3 4 9 7
M[688] : 4 3 6 6 5 0 2 1 5 6 4 3 9 5 5 4 4 4 7 4 9 7
M[689] : 5 3 0 3 4 4 4 6 5 5 6 2 3 4 4 5 2 1 6 1 6 8
M[690] : 2 3 5 4 0 2 4 5 4 7 3 4 6 4 4 8 8 4 4 5 4 6
M[691] : 5 1 5 6 6 5 6 6 8 5 5 3 3 0 3 4 7 0 6 1 3 3
M[692] : 5 3 5 10 6 4 4 9 8 5 6 5 6 0 3 5 8 4 1 3 5 3
M[693] : 5 6 3 4 7 6 5 6 4 0 3 4 3 5 4 5 4 3 4 6 5 3
M[694] : 0 3 5 2 5 6 6 5 5 0 4 4 3 5 5 6 2 2 8 4 7 3
M[695] : 3 5 4 2 6 4 5 3 3 3 4 7 5 4 5 6 6 5 0 3 2 3
M[696] : 3 9 11 0 7 4 2 4 8 4 6 6 7 3 3 5 4 5 5 8 2 4
M[697] : 6 5 0 0 5 4 4 4 6 6 4 7 5 4 5 5 4 3 3 2 1 6
M[698] : 7 3 4 7 7 7 9 0 5 4 3 5 1 5 5 6 3 5 2 11 3 5
M[699] : 1 5 5 8 9 4 4 5 6 3 4 4 5 2 5 4 3 4 7 3 8 0
M[700] : 1 7 5 3 1 2 5 3 6 3 7 4 0 8 8 6 3 3 7 2 0 5
M[701] : 2 4 3 7 1 7 5 5 6 4 6 5 5 5 3 0 3 7 7 7 5 8
M[702] : 0 6 8 6 8 7 4 8 3 5 2 3 2 5 4 4 6 6 6 7 5 3
M[703] : 7 3 3 8 5 5 3 3 8 5 1 1 5 4 9 0 8 5 6 5 5 4
M[704] : 3 4 4 3 6 4 5 4 3 6 6 0 4 4 9 7 5 7 5 7 6 5
M[705] : 4 4 4 3 1 7 3 6 6 3 4 3 3 6 9 5 0 4 3 6 2 4
M[706] : 4 3 2 5 5 6 5 6 5 4 5 3 7 5 5 4 9 2 0 9 4 7
M[707] : 3 2 4 7 0 4 5 9 5 6 5 5 7 7 6 5 9 3 1 5 5 0
M[708] : 5 0 5 5 2 6 4 4 7 5 5 5 6 4 4 5 4 5 2 6 4 9
M[709] : 7 0 8 5 6 3 4 10 6 4 6 4 2 6 4 6 4 4 3 4 6 6
M[710] : 4 3 8 6 3 3 5 4 7 4 4 5 5 0 2 4 4 11 5 7 4 3
M[711] : 2 5 6 2 5 11 4 6 7 6 0 4 1 8 8 8 5 6 5 5 7 2
M[712] : 8 7 7 3 6 0 4 6 2 5 3 3 6 5 4 1 5 7 3 7 4 4
M[713] : 6 10 5 4 4 7 5 6 1 3 6 0 6 6 4 0 3 4 5 9 6 8
M[714] : 5 6 6 3 4 3 2 3 0 8 2 7 2 3 4 6 3 6 3 4 6 7
M[715] : 4 4 5 5 5 11 4 1 6 2 6 3 2 3 0 8 8 1 4 7 8 6
M[716] : 6 5 3 4 5 2 5 0 3 8 3 4 6 3 3 9 6 4 4 5 9 4
M[717] : 3 5 2 5 3 2 7 5 2 8 7 5 3 3 7 5 7 5 7 0 11 4
M[718] : 6 8 9 3 4 6 8 8 3 5 4 3 6 7 2 5 9 3 4 3 4 0
M[719] : 4 5 0 3 5 3 3 3 6 6 0 6 5 2 4 6 3 4 2 7 6 3
M[720] : 3 6 6 5 6 4 1 4 6 13 4 3 5 7 6 7 6 2 2 8 6 0
M[721] : 3 6 4 8 3 5 5 2 5 3 3 7 8 7 5 10 7 3 4 10 0 6
M[722] : 5 5 5 5 5 1 8 3 8 4 0 3 3 3 8 0 6 4 3 4 2 1
M[723] : 1 7 4 3 1 4 2 7 3 8 3 6 5 9 3 7 2 3 0 2 4 5
M[724] : 0 7 7 0 3 6 6 4 4 6 6 5 5 4 2 5 5 2 6 3 7 3
M[725] : 5 5 3 0 7 4 5 8 3 1 4 4 5 5 3 11 2 7 4 4 7 5
M[726] : 1 0 7 5 3 1 3 4 3 6 3 3 6 3 3 2 3 3 6 5 4 7
M[727] : 4 5 4 6 7 6 5 3 6 4 4 7 5 3 5 5 2 0 1 4 6 8
M[728] : 0 4 7 1 2 5 4 3 4 1 4 4 6 4 6 5 3 4 4 7 8 6
M[729] : 6 5 3 3 2 4 6 1 4 8 7 2 12 4 8 8 4 6 0 8 7 4
M[730] : 6 6 0 6 5 7 6 5 7 5 6 6 3 6 2 4 5 3 7 4 5 9
M[731] : 3 5 4 4 5 9 1 6 4 7 2 4 3 4 3 3 4 3 0 4 6 6
M[732] : 6 4 6 3 6 2 3 1 3 5 6 7 6 2 7 0 3 7 6 6 7 7
M[733] : 5 3 2 4 6 3 6 4 4 5 0 3 5 5 7 8 4 6 6 3 7 2
M[734] : 1 5 8 1 3 4 4 4 0 3 5 6 1 5 2 7 2 6 6 4 6 1
M[735] : 4 5 1 3 3 1 3 5 4 4 5 7 6 5 6 5 8 6 0 5 6 3
M[736] : 4 6 5 3 6 5 6 4 5 8 6 5 6 5 1 0 6 1 8 6 7 7
M[737] : 0 2 3 8 8 4 4 6 5 2 4 3 4 3 3 2 1 8 4 7 4 9
M[738] : 0 8 4 4 3 3 10 6 5 7 5 5 7 4 3 6 5 7 5 6 5 4
M[739] : 8 7 5 2 5 7 9 3 3 4 1 0 6 4 2 3 0 6 4 3 4 2
M[740] : 5 7 3 6 5 7 3 10 6 8 4 9 4 5 0 7 6 6 5 9 8 3
M[741] : 9 1 9 5 2 7 7 2 8 5 2 4 6 5 6 3 5 10 0 7 3 6
M[742] : 3 3 8 3 5 6 5 4 1 3 7 2 2 1 5 6 2 0 5 6 2 4
M[743] : 5 3 3 5 6 5 4 5 6 3 7 4 4 4 3 3 4 0 2 4 5 5
M[744] : 4 2 4 6 4 2 7 4 5 5 5 1 7 0 1 4 4 5 6 6 6 6
M[745] : 1 7 6 5 8 9 4 6 2 4 5 4 7 8 5 5 0 4 6 3 5 6
M[746] : 4 0 5 6 9 1 4 2 4 1 5 4 2 8 5 5 5 6 3 7 3 5
M[747] : 8 4 8 8 9 2 0 7 2 4 6 4 8 2 6 3 6 5 3 5 6 1
M[748] : 3 4 0 3 7 5 6 4 3 5 0 6 4 2 3 5 3 3 6 6 6 5
M[749] : 5 6 8 9 5 10 3 3 3 3 9 3 6 5 6 2 0 4 4 7 6 9
M[750] : 5 2 1 5 6 4 7 7 3 5 4 4 4 7 4 4 6 3 6 0 6 4
M[751] : 6 2 2 1 3 7 4 5 0 8 7 6 5 7 7 6 6 4 5 3 8 4
M[752] : 0 8 5 2 5 5 4 5 5 3 5 8 5 5 5 9 8 9 4 3 5 4
M[753] : 5 3 4 3 4 8 3 8 4 7 2 5 7 2 0 7 4 8 4 4 2 7
M[754] : 2 7 3 6 6 3 6 8 7 3 2 6 6 5 6 4 1 0 4 7 6 4
M[755] : 6 5 5 7 12 0 6 1 4 1 3 5 4 7 5 6 6 4 3 3 4 4
M[756] : 7 6 3 7 0 6 4 7 4 7 7 0 7 3 3 5 1 3 3 2 1 5
M[757] : 6 5 5 7 6 8 9 7 5 4 6 6 4 3 0 6 3 5 4 5 7 3
M[758] : 7 4 4 2 0 5 4 1 1 6 4 6 2 2 3 4 2 3 3 3 8 4
M[759] : 5 5 7 3 7 5 7 6 7 5 0 2 2 5 4 4 1 5 4 6 6 4
M[760] : 8 2 6 4 2 6 2 2 8 6 8 5 0 8 7 3 5 2 7 10 3 7
M[761] : 5 5 5 4 6 4 8 7 4 6 4 4 6 4 8 0 11 4 5 9 4 3
M[762] : 7 6 7 8 6 8 1 8 10 2 1 6 5 3 0 4 6 6 7 3 4 4
M[763] : 4 6 8 2 6 7 4 6 8 7 5 4 4 4 5 7 5 5 0 2 5 5
M[764] : 9 3 5 5 6 4 0 4 7 4 2 3 5 7 4 4 3 3 10 4 8 8
M[765] : 9 5 2 0 4 6 8 5 6 4 3 4 6 3 8 5 3 2 3 6 7 2
M[766] : 6 6 6 5 5 5 5 1 4 0 2 7 7 4 5 5 5 4 3 3 5 3
M[767] : 3 3 6 4 4 0 2 2 5 3 2 3 3 3 3 2 5 4 7 9 5 2
M[768] : 5 5 5 4 4 4 0 2 5 3 4 2 4 2 6 4 4 5 5 4 2 5
M[769] : 4 3 5 5 7 3 2 7 6 3 3 0 5 3 7 8 5 7 5 8 5 6
M[770] : 9 7 7 5 5 4 2 3 4 5 7 3 6 1 5 6 1 7 0 4 6 11
M[771] : 4 6 9 5 5 4 6 4 3 8 0 0 6 3 3 7 2 5 3 3 4 5
M[772] : 3 3 5 4 5 5 3 2 3 9 6 3 5 4 0 7 1 4 6 7 4 4
M[773] : 8 3 3 0 5 5 5 5 5 6 5 9 8 5 5 6 3 2 6 8 6 5
M[774] : 5 6 5 5 2 4 4 7 6 5 3 3 1 10 2 5 4 9 4 3 4 0
M[775] : 6 4 7 0 6 5 3 4 9 3 4 2 3 0 3 4 8 4 5 4 4 3
M[776] : 6 5 7 6 4 3 9 1 3 1 3 11 6 5 0 8 5 6 2 5 7 6
M[777] : 5 0 6 3 7 2 6 7 4 3 6 7 4 6 3 1 7 8 5 6 7 8
M[778] : 4 0 6 5 3 9 4 3 3 6 2 7 8 5 4 9 5 3 5 4 5 3
M[779] : 4 6 2 2 2 8 0 3 4 3 3 6 4 10 5 3 4 6 5 6 6 3
M[780] : 3 6 4 6 3 4 3 3 5 4 6 4 7 3 0 3 4 6 6 3 1 7
M[781] : 4 4 2 3 2 4 5 4 1 1 2 3 8 5 4 4 10 0 10 2 7 6
M[782] : 3 4 4 2 6 6 4 1 4 5 2 6 7 6 5 2 0 6 8 6 6 2
M[783] : 4 7 6 4 7 6 5 3 5 0 5 5 7 7 5 3 4 4 4 7 5 4
M[784] : 2 7 3 10 6 3 7 6 5 4 6 0 3 5 4 5 3 4 5 6 9 4
M[785] : 6 8 3 4 3 2 4 6 5 7 2 7 4 4 6 4 2 7 0 1 9 8
M[786] : 5 4 6 4 4 6 6 7 6 8 5 2 6 8 4 3 0 2 5 3 8 5
M[787] : 3 5 1 0 5 2 0 8 5 6 6 4 7 9 5 4 5 3 6 6 2 6
M[788] : 4 4 3 2 6 0 6 4 4 4 0 3 4 1 3 5 4 7 5 4 8 6
M[789] : 2 5 8 0 9 4 7 3 3 7 5 2 5 2 9 2 3 2 4 3 5 4
M[790] : 2 2 5 5 4 5 7 4 6 6 7 4 5 4 6 5 2 0 3 2 8 7
M[791] : 3 5 2 3 6 4 0 5 7 5 4 5 7 4 5 6 6 8 6 4 6 3
M[792] : 2 0 2 9 2 9 2 3 7 4 3 7 1 5 6 5 7 6 3 3 4 4
M[793] : 1 5 3 4 4 4 5 4 0 5 3 6 6 5 5 4 4 9 4 4 5 6
M[794] : 5 5 6 2 7 5 3 7 5 0 4 3 4 5 5 7 5 7 4 5 6 4
M[795] : 8 8 3 7 4 5 6 3 8 4 3 4 3 2 6 5 4 2 4 0 7 2
M[796] : 0 4 6 7 1 4 3 9 2 2 3 6 4 7 7 6 1 8 9 3 4 6
M[797] : 1 5 3 4 0 4 4 6 1 1 4 8 6 5 5 8 7 4 3 3 1 5
M[798] : 3 5 0 6 5 11 6 5 5 5 5 2 2 4 3 1 8 5 5 3 4 4
M[799] : 4 4 6 5 2 5 3 3 7 5 4 4 5 3 7 3 7 3 2 4 0 1
M[800] : 4 4 3 10 7 6 4 3 7 6 7 7 3 3 2 9 4 5 8 7 0 2
M[801] : 5 3 5 9 9 1 5 8 0 3 3 7 2 8 3 7 6 8 4 4 1 5
M[802] : 3 6 8 0 5 3 0 4 6 2 7 3 6 4 3 6 1 4 4 5 6 4
M[803] : 6 0 8 7 7 3 4 9 4 6 3 3 2 7 3 3 5 1 4 4 7 6
M[804] : 3 3 1 0 9 3 6 4 3 6 6 1 3 5 7 1 5 4 2 1 2 4
M[805] : 7 7 5 5 6 4 0 8 5 5 3 6 5 5 4 3 6 4 4 3 3 8
M[806] : 8 5 1 3 5 5 7 0 4 6 6 5 7 5 5 4 4 11 5 6 8 3
M[807] : 7 10 3 3 0 5 3 8 6 7 10 6 4 4 4 4 4 8 3 2 7 6
M[808] : 7 5 3 9 7 7 3 5 3 1 3 6 4 4 5 0 8 1 5 6 4 4
M[809] : 2 7 7 4 7 6 10 3 6 10 2 5 4 0 3 4 7 5 6 7 4 7
M[810] : 3 8 3 6 1 8 7 6 4 5 5 3 6 4 2 3 3 5 0 5 7 4
M[811] : 12 2 5 9 5 4 4 6 2 4 5 7 4 5 5 6 3 5 0 5 4 3
M[812] : 6 3 7 11 5 4 11 6 4 5 7 6 2 8 7 7 4 6 6 5 4 0
M[813] : 6 3 15 4 3 2 3 6 4 9 5 6 3 5 5 0 1 2 5 2 5 7
M[814] : 2 2 5 5 4 2 9 5 2 3 6 0 8 6 0 5 4 5 2 7 3 3
M[815] : 2 4 2 6 0 6 8 3 5 2 7 3 4 9 3 6 5 5 5 3 2 5
M[816] : 6 4 6 0 5 6 2 4 5 3 5 6 8 8 4 8 5 4 6 4 7 8
M[817] : 6 4 9 4 4 0 9 6 1 3 10 2 9 4 3 4 7 2 4 8 4 4
M[818] : 6 4 7 5 4 0 12 5 7 6 1 8 5 5 8 5 4 5 6 7 3 5
M[819] : 4 3 6 4 3 9 0 0 4 7 5 1 3 9 4 2 4 5 3 6 4 9
M[820] : 7 4 4 3 4 9 7 4 3 3 3 3 4 2 9 9 5 4 0 3 3 2
M[821] : 4 5 6 6 6 4 9 4 5 6 2 6 3 0 5 5 4 8 5 6 8 0
M[822] : 4 2 6 4 4 4 9 3 4 7 1 2 10 6 5 7 2 8 3 1 0 4
M[823] : 3 3 4 5 5 5 6 6 6 6 6 4 7 8 4 3 9 4 5 2 3 0
M[824] : 6 6 4 5 5 5 0 7 9 5 3 6 5 6 2 9 3 3 2 5 4 0
M[825] : 4 3 3 2 0 4 7 2 3 5 7 5 3 5 2 3 7 3 5 4 6 6
M[826] : 4 3 4 3 1 6 7 2 8 5 5 3 3 3 3 5 6 5 5 5 0 5
M[827] : 2 6 4 4 3 3 6 5 8 4 6 5 4 6 6 0 6 7 3 5 11 7
M[828] : 5 7 2 4 3 5 8 1 5 5 4 3 6 3 3 6 0 8 5 4 2 4
M[829] : 5 0 6 5 3 6 4 3 6 5 6 6 3 3 4 4 3 5 3 4 7 5
M[830] : 6 0 4 5 2 7 5 1 3 3 8 2 5 3 5 7 4 5 2 4 4 3
M[831] : 6 7 6 5 6 5 2 0 4 4 4 4 5 8 5 1 6 5 2 2 2 4
M[832] : 8 2 6 5 3 6 4 3 6 2 5 0 2 5 5 3 2 3 6 7 5 5
M[833] : 5 1 6 7 9 4 2 0 5 5 5 2 11 6 3 4 7 8 5 4 3 1
M[834] : 6 5 2 5 1 0 5 5 4 3 5 4 4 8 9 2 3 10 3 1 5 5
M[835] : 3 0 1 1 4 3 8 3 5 5 3 9 4 4 2 4 6 6 8 4 3 6
M[836] : 4 0 5 5 7 5 4 7 5 5 3 0 3 3 8 3 6 8 6 4 5 3
M[837] : 7 4 8 5 2 2 2 7 0 3 2 3 9 7 2 6 8 3 4 7 4 5
M[838] : 6 3 6 4 4 4 3 3 6 4 4 2 6 5 4 0 5 6 6 5 3 2
M[839] : 6 2 4 5 3 0 1 1 6 5 4 6 5 7 6 7 1 7 5 6 8 10
M[840] : 5 2 6 2 2 2 5 0 0 7 8 3 5 4 4 7 5 6 7 4 3 3
M[841] : 3 7 5 0 3 3 0 6 5 6 5 5 4 5 3 4 5 3 3 6 8 4
M[842] : 5 4 0 4 4 5 3 4 3 3 4 6 4 6 2 5 4 7 3 4 6 6
M[843] : 5 4 2 0 5 5 4 6 5 5 2 7 4 4 6 4 6 2 7 2 6 7
M[844] : 0 4 3 4 3 5 3 7 8 6 7 4 5 7 4 6 4 3 2 6 3 3
M[845] : 5 1 8 7 1 4 3 3 3 3 7 0 4 3 4 4 3 5 8 3 2 8
M[846] : 5 1 5 4 6 4 6 3 0 5 4 4 3 5 6 6 3 5 5 2 5 2
M[847] : 4 3 5 0 5 1 1 4 1 5 10 4 4 7 2 5 8 4 5 3 7 3
M[848] : 3 5 2 7 2 5 6 0 0 7 10 5 3 2 7 6 5 3 6 6 4 6
M[849] : 5 1 5 2 4 0 4 5 0 7 6 9 5 7 10 5 7 8 4 3 7 7
M[850] : 3 4 5 2 3 3 3 4 0 4 6 3 4 9 3 5 4 3 5 4 2 6
M[851] : 4 8 6 6 5 6 8 4 13 6 9 5 5 4 3 3 5 5 2 6 0 7
M[852] : 8 5 10 8 2 4 3 0 3 2 4 10 5 5 6 6 6 6 9 2 2 6
M[853] : 5 5 5 7 7 5 2 4 4 0 3 4 5 1 2 5 2 8 2 9 4 3
M[854] : 3 9 5 0 5 7 5 1 5 6 10 5 4 5 3 7 1 5 3 7 5 0
M[855] : 6 4 4 6 3 7 6 5 4 3 6 5 8 3 4 5 4 4 4 5 0 3
M[856] : 2 6 4 3 5 5 0 6 8 10 5 8 2 7 6 3 3 3 8 3 3 9
M[857] : 7 1 2 6 6 5 4 6 4 3 0 1 5 4 3 2 4 4 1 4 2 8
M[858] : 5 4 4 6 8 7 7 4 2 0 4 5 2 5 4 5 2 4 3 5 2 6
M[859] : 4 6 6 6 6 6 5 4 5 7 4 4 5 6 5 2 3 6 6 3 2 0
M[860] : 9 2 4 5 5 5 5 6 5 0 5 6 4 6 4 4 5 4 7 5 3 2
M[861] : 7 2 7 6 2 2 0 5 5 5 5 4 4 4 4 6 1 7 4 5 7 3
M[862] : 5 2 2 8 6 5 6 4 5 5 6 6 1 5 0 5 3 4 6 3 3 3
M[863] : 9 6 5 4 3 1 0 3 4 6 4 4 6 6 3 6 3 6 7 9 7 4
M[864] : 6 4 4 3 6 4 2 4 5 8 3 10 6 3 4 6 7 5 0 5 7 2
M[865] : 6 2 4 3 0 8 4 5 7 4 5 7 3 7 9 6 3 3 7 2 5 3
M[866] : 4 6 3 6 5 4 8 0 3 4 4 4 2 4 3 2 8 3 7 2 7 9
M[867] : 1 4 6 3 3 5 7 4 5 5 2 2 6 5 8 2 4 8 7 4 4 0
M[868] : 0 7 8 2 5 7 4 3 5 3 2 1 9 1 4 5 4 5 3 5 3 1
M[869] : 6 3 7 4 5 6 5 8 5 6 4 8 12 6 3 3 4 2 4 8 12 0
M[870] : 0 8 2 4 11 2 5 5 9 8 3 5 4 3 3 5 2 8 3 6 5 6
M[871] : 5 5 0 5 5 1 6 6 4 3 0 4 5 5 5 3 6 2 4 6 5 3
M[872] : 4 5 8 3 5 5 4 6 4 4 3 6 5 3 7 1 1 1 2 5 5 0
M[873] : 9 6 4 6 5 7 6 0 10 4 7 2 4 8 4 5 4 3 6 8 4 6
M[874] : 3 7 4 4 3 2 5 2 4 5 0 2 4 4 6 3 5 5 5 4 1 8
M[875] : 3 7 4 6 7 12 0 5 3 6 5 2 5 1 4 1 10 7 3 2 4 5
M[876] : 6 5 7 4 4 5 10 1 4 3 2 0 5 3 10 6 5 5 6 4 3 6
M[877] : 4 3 6 5 3 3 1 8 4 0 3 7 2 2 4 2 2 3 2 7 7 3
M[878] : 4 2 1 2 0 7 6 6 8 3 4 3 3 3 7 7 5 3 3 3 2 10
M[879] : 4 5 4 4 4 4 7 5 4 5 4 7 6 5 1 4 4 8 3 5 0 2
M[880] : 5 3 4 7 6 0 7 2 8 2 8 3 4 6 2 4 3 4 6 5 3 6
M[881] : 0 3 4 5 5 5 6 4 7 3 3 5 6 2 1 6 3 5 7 6 6 2
M[882] : 2 5 1 6 2 5 6 0 7 3 2 4 6 9 8 6 3 3 1 4 9 7
M[883] : 0 3 7 4 7 6 4 3 5 3 3 6 8 6 2 3 5 5 7 5 8 6
M[884] : 2 2 2 5 6 3 6 6 4 0 7 4 4 6 6 7 4 4 5 1 7 6
M[885] : 3 4 6 3 4 4 6 5 7 6 7 6 4 2 6 4 3 4 2 9 0 6
M[886] : 7 2 3 3 2 3 0 6 4 0 2 7 3 3 3 5 4 5 0 3 3 3
M[887] : 5 4 4 6 7 4 7 3 7 4 0 0 3 5 5 4 5 3 4 1 4 2
M[888] : 2 6 3 7 0 5 3 7 4 6 4 6 4 5 6 7 7 4 6 5 2 3
M[889] : 3 3 3 7 1 3 5 4 7 3 8 7 5 3 11 4 2 2 4 0 5 9
M[890] : 3 7 4 9 0 6 4 8 4 5 3 7 6 2 3 5 2 4 4 1 3 6
M[891] : 5 3 5 2 7 4 5 4 0 4 2 8 6 6 7 5 7 1 4 5 5 7
M[892] : 7 5 4 4 3 2 6 3 6 8 3 5 8 6 5 5 3 7 5 7 0 6
M[893] : 6 2 5 2 4 7 3 2 4 5 4 1 5 8 5 5 4 1 4 6 0 11
M[894] : 0 7 4 7 5 3 8 2 7 0 0 3 3 6 3 8 7 8 10 8 4 6
M[895] : 3 4 7 5 3 8 5 5 6 4 7 3 3 6 0 4 4 1 7 7 3 3
M[896] : 4 4 6 3 5 4 2 6 4 4 9 7 3 4 6 5 0 5 5 3 3 5
M[897] : 6 4 10 3 4 11 7 8 6 8 6 8 5 3 5 3 3 0 1 4 8 5
M[898] : 5 5 5 5 4 3 8 1 6 5 6 3 6 4 4 6 8 0 4 3 6 3
M[899] : 3 2 5 5 2 5 5 4 1 5 4 3 2 4 0 5 3 2 4 7 6 6
M[900] : 6 6 6 7 0 2 5 4 4 4 6 5 4 3 2 5 4 7 6 2 2 2
M[901] : 5 5 2 5 4 3 6 3 4 1 5 5 2 1 5 4 5 5 0 3 4 4
M[902] : 1 5 0 2 2 5 4 3 3 5 7 9 0 4 6 2 8 2 2 5 5 4
M[903] : 3 3 2 3 7 8 11 1 5 2 2 4 4 0 5 6 8 9 4 5 4 6
M[904] : 5 6 5 5 5 3 3 4 9 5 4 1 5 8 6 2 4 0 7 4 10 7
M[905] : 4 2 2 7 8 5 5 4 7 3 0 3 3 6 6 8 5 3 6 2 1 2
M[906] : 1 6 0 6 5 6 6 4 7 3 6 2 2 2 2 5 7 8 5 7 4 5
M[907] : 3 4 5 7 5 3 4 4 4 1 4 5 5 3 5 6 0 5 4 6 1 1
M[908] : 6 6 3 6 9 6 2 4 3 2 3 9 4 3 6 7 4 5 1 0 3 6
M[909] : 2 5 3 5 4 2 7 6 0 5 2 3 5 3 1 7 3 6 6 4 4 6
M[910] : 0 4 5 7 7 6 4 5 4 5 5 7 3 5 8 5 7 5 4 6 2 6
M[911] : 7 4 2 3 7 6 3 4 0 3 9 6 6 1 5 3 5 4 7 3 1 7
M[912] : 4 6 4 2 5 5 5 7 4 5 6 3 3 0 5 4 0 6 2 4 5 8
M[913] : 4 4 2 5 2 5 4 3 7 3 2 3 0 5 7 1 12 6 4 3 4 4
M[914] : 0 3 10 3 2 3 6 4 9 7 7 3 4 15 3 4 3 3 4 2 4 3
M[915] : 3 8 5 5 5 3 7 6 3 7 8 0 2 5 8 2 3 6 5 2 3 6
M[916] : 7 1 0 2 3 3 7 4 2 4 3 5 0 1 5 4 2 3 4 9 8 2
M[917] : 7 2 6 2 5 7 0 3 1 7 7 5 4 4 6 4 3 5 4 5 5 4
M[918] : 5 8 2 8 6 6 5 0 4 4 2 2 2 5 4 4 3 5 4 4 7 5
M[919] : 9 3 2 7 6 3 4 3 7 6 3 6 7 3 0 5 3 8 3 5 8 4
M[920] : 5 2 8 5 8 4 3 2 5 9 8 7 4 5 5 7 0 3 1 2 7 4
M[921] : 7 7 6 0 3 8 5 6 4 6 3 4 3 1 4 2 7 5 7 8 5 6
M[922] : 3 2 2 6 4 0 4 4 1 3 5 4 3 4 6 4 6 5 2 3 0 5
M[923] : 1 5 9 3 2 7 3 0 4 2 8 2 6 3 4 3 3 2 1 4 4 5
M[924] : 5 3 5 5 6 5 5 2 3 2 6 2 9 7 0 7 3 5 6 4 7 3
M[925] : 2 4 6 3 5 7 6 5 5 5 4 4 2 5 2 0 1 1 8 5 12 3
M[926] : 6 5 7 5 2 7 8 8 7 3 6 8 1 4 5 5 2 0 6 5 9 7
M[927] : 7 6 4 3 4 2 5 0 2 2 4 4 8 4 5 3 6 6 2 10 3 6
M[928] : 7 4 6 5 6 0 6 7 10 5 7 5 1 6 6 2 5 4 0 5 3 3
M[929] : 2 3 2 3 3 7 9 5 4 3 3 0 2 1 5 4 3 2 3 2 6 4
M[930] : 5 3 2 0 4 6 5 7 6 4 5 7 4 8 5 3 7 6 3 7 4 5
M[931] : 4 0 6 3 4 4 2 3 1 9 7 5 4 7 5 3 3 9 6 5 2 2
M[932] : 6 4 3 7 0 7 5 5 4 4 6 5 8 5 4 2 4 5 4 4 4 6
M[933] : 7 4 5 4 5 0 1 6 5 2 2 5 4 7 6 5 2 1 5 8 5 5
M[934] : 4 2 2 1 3 4 1 3 7 2 4 5 4 5 5 0 2 4 3 4 2 3
M[935] : 3 2 4 4 3 6 6 2 7 3 4 11 3 6 5 3 6 3 4 4 3 0
M[936] : 0 3 4 5 4 4 7 2 1 6 4 3 8 5 3 3 4 3 4 7 4 3
M[937] : 5 5 6 6 5 4 6 0 6 6 6 10 6 2 7 3 2 4 5 4 3 8
M[938] : 4 9 6 0 6 4 3 3 7 6 2 3 3 9 3 8 4 1 4 6 3 4
M[939] : 6 5 5 4 5 5 5 10 6 3 4 4 2 7 5 4 6 4 4 3 7 0
M[940] : 8 4 9 8 0 3 3 4 5 4 6 5 1 7 5 6 2 5 6 4 2 8
M[941] : 4 6 5 6 4 2 13 5 5 3 0 4 5 7 1 6 4 5 4 6 3 4
M[942] : 0 5 7 1 3 5 2 6 7 1 7 5 4 4 6 4 2 1 6 4 4 7
M[943] : 1 2 6 7 3 5 7 5 5 0 2 3 5 6 5 4 4 1 4 3 3 6
M[944] : 7 2 3 3 9 3 6 7 2 5 3 4 5 6 5 2 4 7 4 3 0 5
M[945] : 0 3 4 6 5 7 4 4 4 1 3 3 2 3 0 6 6 8 6 8 6 7
M[946] : 5 2 5 7 6 6 4 3 4 0 8 1 1 7 3 5 2 6 4 4 2 4
M[947] : 0 6 3 6 5 4 7 6 3 2 3 4 6 3 5 4 2 7 3 7 4 2
M[948] : 5 3 6 5 3 4 5 5 3 4 9 7 5 4 2 2 5 3 5 0 8 3
M[949] : 9 5 5 5 4 4 7 4 7 5 4 4 3 4 5 4 8 6 4 0 3 4
M[950] : 4 4 4 4 4 5 4 3 0 4 5 10 6 6 2 4 5 7 5 8 8 5
M[951] : 1 5 3 2 2 7 8 4 4 6 6 8 0 4 9 4 5 6 4 5 7 2
M[952] : 7 3 9 6 7 8 4 8 3 5 1 2 6 0 6 3 6 5 7 3 2 5
M[953] : 0 4 5 4 5 6 3 6 3 3 6 3 4 1 3 7 4 5 4 6 4 5
M[954] : 5 7 3 9 0 2 4 9 8 3 4 7 3 7 9 7 2 4 5 6 5 2
M[955] : 6 6 4 6 5 7 4 6 3 6 5 0 4 5 8 5 5 3 4 6 3 2
M[956] : 3 1 6 6 6 7 6 5 4 0 7 4 5 6 8 4 6 4 5 6 8 7
M[957] : 6 6 8 5 4 4 4 3 1 6 2 2 4 5 0 5 2 8 4 8 5 3
M[958] : 8 2 4 5 3 5 5 3 3 5 2 3 6 4 5 6 3 2 7 4 5 0
M[959] : 5 3 7 5 8 0 3 4 5 10 5 7 7 3 3 5 5 1 4 10 6 4
M[960] : 4 0 4 4 4 7 5 2 8 3 7 6 3 2 2 4 6 4 6 7 4 6
M[961] : 4 9 4 1 3 1 10 5 8 0 4 6 3 8 2 3 4 4 5 2 7 1
M[962] : 4 7 7 3 2 6 5 8 10 4 3 0 9 2 5 6 6 3 4 8 4 2
M[963] : 8 3 2 5 8 4 6 7 0 5 3 6 3 6 4 8 2 6 4 4 2 7
M[964] : 6 3 5 3 6 4 7 8 5 3 4 7 3 4 2 0 5 3 3 9 3 2
M[965] : 8 3 4 8 4 7 3 6 9 3 3 6 4 7 3 7 3 2 0 3 4 3
M[966] : 2 4 6 6 4 3 7 1 4 3 4 6 0 5 1 4 4 4 4 6 10 8
M[967] : 3 0 3 3 3 2 7 9 0 1 2 5 2 9 7 5 6 5 2 4 6 3
M[968] : 7 4 6 5 0 6 8 6 4 3 3 7 4 5 2 5 5 4 9 6 6 5
M[969] : 2 6 7 4 2 4 4 5 6 8 6 0 4 6 7 5 2 6 4 5 5 6
M[970] : 4 6 6 4 2 5 5 0 8 2 10 4 3 3 4 1 7 4 6 3 3 9
M[971] : 1 3 4 4 5 5 6 4 6 5 8 6 7 5 5 3 0 3 6 6 4 4
M[972] : 8 1 5 5 5 4 5 5 4 8 4 6 2 3 6 5 4 6 0 7 6 5
M[973] : 3 7 7 4 4 7 7 4 9 0 5 8 6 7 2 4 3 6 6 7 5 9
M[974] : 4 6 4 11 0 4 4 5 3 4 3 7 7 7 9 5 4 6 3 3 2 3
M[975] : 10 2 6 2 1 6 0 4 6 5 3 6 5 4 3 4 6 2 3 4 3 5
M[976] : 5 4 7 3 7 3 6 8 6 5 6 5 7 4 6 7 3 7 5 4 0 3
M[977] : 7 3 4 5 4 2 5 0 5 7 1 6 1 4 3 8 3 6 8 3 2 2
M[978] : 5 5 6 7 2 6 5 4 4 0 6 5 4 6 5 7 2 2 6 3 4 7
M[979] : 7 4 3 5 3 5 4 5 3 4 5 9 6 0 2 4 5 7 3 6 7 4
M[980] : 3 5 3 4 6 3 4 5 3 6 3 8 6 6 6 6 6 3 5 7 0 9
M[981] : 7 6 7 2 0 9 5 9 3 7 1 4 5 4 3 4 7 7 2 3 6 10
M[982] : 4 4 4 4 6 3 3 4 0 6 7 3 4 6 4 5 3 6 2 8 6 4
M[983] : 5 2 6 5 0 6 2 3 4 7 3 7 4 6 6 7 6 3 4 5 5 1
M[984] : 3 5 2 4 4 3 4 4 3 2 0 3 5 6 0 6 5 3 3 6 2 6
M[985] : 4 6 8 3 5 5 5 7 0 4 4 3 3 8 2 2 1 3 4 4 7 5
M[986] : 5 0 3 4 6 3 6 7 1 9 5 4 3 2 4 5 3 4 3 4 1 7
M[987] : 6 3 4 5 6 4 3 0 4 3 3 4 2 4 1 2 2 6 3 5 2 5
M[988] : 6 0 6 7 5 2 2 3 3 5 6 5 6 6 5 5 3 6 8 6 3 5
M[989] : 5 5 4 6 4 3 3 3 4 6 2 5 0 8 2 4 3 5 6 9 6 3
M[990] : 6 5 3 2 1 8 5 4 6 5 6 6 2 6 3 3 6 7 4 4 5 0
M[991] : 5 2 7 4 6 3 3 3 6 3 5 4 2 5 6 0 3 4 4 1 2 3
M[992] : 0 2 5 3 2 4 5 5 2 4 4 5 6 2 5 2 7 5 8 8 3 4
M[993] : 6 6 3 5 6 4 1 3 8 6 6 3 4 3 4 4 2 0 7 2 6 7
M[994] : 5 5 4 8 4 7 6 2 6 5 0 8 4 3 3 2 4 4 7 4 4 2
M[995] : 5 4 6 0 3 7 4 5 4 0 5 4 2 5 6 6 7 4 5 1 3 1
M[996] : 7 5 4 4 6 6 4 5 3 5 6 6 4 4 0 8 6 7 3 7 6 3
M[997] : 3 3 4 2 4 4 5 4 7 3 6 1 8 8 6 5 2 6 3 5 0 8
M[998] : 3 5 2 4 3 6 5 3 4 5 1 0 5 2 5 7 10 7 3 3 3 8
M[999] : 6 4 0 2 6 6 4 3 5 4 6 6 4 3 3 7 2 7 4 5 4 6

