 Execution de l'algoritme BITS sur le fichier dsjc1000.1.txt
=====================================================================
 Partitions  : 
Vk[0] : 981 701 669 136 831 330 139 747 218 969 371 736 84 405 98 985 261 447 765 625 700 443 290 460 215 957 591 502 704 128 431 231 793 992 476 991 613 915 533 784 866 657 46 612 492 962 -->  46 éléments.
Vk[1] : 650 247 229 22 868 661 924 149 724 935 256 559 790 352 108 601 791 645 438 486 923 792 328 848 546 587 347 883 686 865 647 221 391 997 409 718 606 425 520 631 642 573 94 246 310 110 -->  46 éléments.
Vk[2] : 297 513 249 414 489 623 925 317 844 622 643 867 970 853 36 993 547 656 691 358 757 882 754 808 19 490 619 53 800 676 233 838 424 508 907 684 150 351 947 17 276 413 203 670 273 -->  45 éléments.
Vk[3] : 173 561 978 751 86 852 396 798 499 365 252 308 703 956 819 672 615 693 797 160 825 137 783 227 363 120 940 303 975 118 462 891 537 917 254 50 186 846 302 2 744 158 434 268 67 394 -->  46 éléments.
Vk[4] : 117 864 761 169 257 66 148 720 576 195 399 881 315 24 979 641 35 722 286 964 39 934 604 663 774 311 124 167 690 430 843 841 699 341 5 345 184 734 234 728 27 299 197 68 41 -->  45 éléments.
Vk[5] : 437 788 389 565 674 971 134 539 79 639 504 281 524 742 214 999 787 731 738 888 433 901 465 178 175 681 467 600 333 106 253 916 211 807 285 407 583 475 506 652 185 444 176 526 775 886 -->  46 éléments.
Vk[6] : 202 191 483 762 180 397 594 611 380 688 74 727 626 552 395 817 279 967 624 146 644 571 829 753 243 955 304 350 300 879 768 509 814 448 528 801 931 187 143 235 126 284 607 154 840 909 -->  46 éléments.
Vk[7] : 401 182 770 603 721 627 1 236 951 456 77 95 109 746 452 585 153 861 293 937 375 423 927 132 928 416 596 441 82 749 280 129 871 743 250 61 418 336 716 562 858 282 49 426 266 -->  45 éléments.
Vk[8] : 812 854 521 354 515 629 170 23 439 958 795 432 355 535 638 484 834 93 99 961 805 897 463 219 166 15 472 850 578 232 842 111 200 963 582 112 338 174 953 514 381 739 557 453 689 205 -->  46 éléments.
Vk[9] : 56 133 400 898 127 20 677 586 313 733 512 507 34 809 161 679 374 905 482 579 223 377 446 523 64 105 903 710 16 890 152 488 518 671 566 207 837 457 620 259 33 707 322 803 936 -->  45 éléments.
Vk[10] : 159 312 760 580 334 904 283 789 510 516 410 220 529 295 101 31 406 198 536 239 574 306 900 977 62 172 986 914 455 877 756 392 301 97 442 715 567 687 695 14 498 81 996 550 998 608 -->  46 éléments.
Vk[11] : 796 238 640 517 558 541 325 393 376 813 605 267 636 288 767 0 705 474 165 248 646 59 69 296 131 921 708 968 194 485 869 348 298 637 666 771 382 984 918 419 80 874 44 8 782 -->  45 éléments.
Vk[12] : 230 372 271 55 265 845 899 386 876 698 458 965 314 287 543 564 588 91 568 692 609 511 342 673 122 500 717 263 242 896 179 820 421 618 827 494 464 995 30 887 980 987 830 294 13 -->  45 éléments.
Vk[13] : 307 910 501 660 697 427 755 72 889 835 344 786 337 7 228 569 960 305 255 60 839 321 870 811 461 210 973 952 709 478 18 6 388 113 369 102 818 71 471 913 926 777 610 654 833 390 -->  46 éléments.
Vk[14] : 226 309 183 339 479 332 912 320 450 123 451 193 664 570 781 694 54 100 519 378 357 373 532 316 213 85 920 212 192 156 534 88 349 632 272 859 63 189 40 190 527 832 329 503 141 -->  45 éléments.
Vk[15] : 763 933 104 9 415 549 849 911 171 553 493 384 649 893 45 454 209 119 884 237 919 366 65 706 323 988 759 379 404 362 278 954 245 89 966 181 750 714 531 894 544 712 466 163 260 -->  45 éléments.
Vk[16] : 144 487 116 729 682 560 505 96 593 292 201 815 983 633 990 398 816 522 982 436 240 799 895 135 651 208 948 291 422 590 251 745 78 29 942 826 778 367 289 225 726 665 974 806 758 -->  45 éléments.
Vk[17] : 972 411 821 713 145 855 473 417 730 38 481 326 356 37 138 327 224 959 277 824 773 353 735 244 941 702 785 364 125 655 340 683 262 3 164 764 597 563 107 58 151 540 319 863 360 -->  45 éléments.
Vk[18] : 121 48 595 477 538 719 653 370 621 21 177 794 25 802 361 575 140 836 828 468 675 602 892 216 668 90 403 32 946 545 51 83 491 28 222 994 26 902 42 856 732 939 130 725 241 -->  45 éléments.
Vk[19] : 114 772 142 11 648 70 469 206 331 188 10 950 530 217 662 440 445 711 860 548 748 76 769 324 938 274 75 115 87 680 402 906 554 932 420 635 628 270 685 359 741 581 989 155 862 -->  45 éléments.
Vk[20] : 346 598 449 737 584 779 435 614 944 875 630 12 822 52 949 73 204 659 318 408 92 495 103 275 459 804 878 385 4 847 872 616 147 857 943 258 57 592 766 383 922 634 617 599 335 780 -->  46 éléments.
Vk[21] : 368 851 556 776 752 162 525 908 542 873 168 496 387 497 696 577 428 343 930 976 929 885 269 412 429 667 740 264 823 199 589 658 551 572 810 47 43 723 945 470 196 880 157 555 480 678 -->  46 éléments.
Matrice M
M[0] : 5 3 6 5 7 4 5 4 10 6 8 0 3 7 4 6 2 9 5 2 4 7
M[1] : 5 5 4 6 2 3 3 0 2 3 6 5 4 6 6 2 2 3 4 5 4 2
M[2] : 5 4 5 0 6 5 6 3 7 5 4 5 9 6 5 5 1 4 6 6 5 5
M[3] : 4 2 6 4 3 5 6 6 0 8 5 3 7 4 4 4 5 0 5 4 3 6
M[4] : 3 8 5 5 8 5 2 4 2 7 4 6 7 3 5 10 2 6 2 6 0 4
M[5] : 2 10 6 6 0 6 1 4 5 5 4 8 3 4 5 8 3 6 8 10 5 4
M[6] : 5 6 4 6 4 2 4 6 7 5 8 3 2 0 6 7 4 3 4 2 2 5
M[7] : 5 3 6 9 6 3 5 8 5 2 6 3 7 0 8 4 8 4 2 5 1 6
M[8] : 6 7 3 6 3 7 6 1 2 3 4 0 5 5 6 1 4 6 4 10 7 6
M[9] : 2 4 4 4 8 3 3 3 5 7 4 3 3 5 8 0 8 6 3 1 8 4
M[10] : 2 7 4 5 6 3 4 4 2 5 7 8 8 7 2 5 3 3 4 0 4 7
M[11] : 6 3 4 3 5 3 6 5 4 7 3 3 8 6 7 5 3 3 6 0 3 4
M[12] : 4 4 3 4 5 7 6 4 6 4 7 6 9 5 3 5 7 7 5 7 0 2
M[13] : 8 5 5 3 2 4 4 3 5 5 4 4 0 6 7 8 2 4 10 5 9 8
M[14] : 6 3 7 5 8 6 2 3 3 6 0 1 2 2 4 3 7 3 3 5 4 3
M[15] : 9 4 3 5 4 6 2 6 0 3 1 3 3 1 7 5 3 4 8 4 6 5
M[16] : 8 7 3 2 3 6 4 6 5 0 4 8 5 7 5 0 6 6 1 6 5 5
M[17] : 7 8 0 5 4 0 4 2 3 3 5 6 3 2 4 9 0 2 2 4 9 4
M[18] : 6 5 9 10 5 3 5 7 6 3 7 6 5 0 2 1 2 4 5 5 7 3
M[19] : 4 1 0 9 4 2 6 6 7 3 6 6 5 7 7 4 6 2 5 4 2 3
M[20] : 3 4 5 6 6 3 9 3 5 0 5 9 3 3 4 4 7 7 5 3 5 6
M[21] : 6 3 5 7 4 8 3 5 4 10 6 4 7 3 7 7 5 7 0 7 5 3
M[22] : 3 0 7 7 6 6 4 9 5 3 8 4 6 7 3 9 4 8 6 4 7 4
M[23] : 7 3 3 6 3 4 11 6 0 2 7 7 4 4 3 4 5 7 7 3 4 4
M[24] : 3 5 6 6 0 3 5 3 7 5 3 4 3 3 7 3 1 5 3 5 6 5
M[25] : 5 6 5 6 6 4 4 1 3 4 7 4 7 2 6 8 2 5 0 6 8 5
M[26] : 4 5 4 2 6 3 6 4 5 8 7 6 5 5 4 5 4 6 0 5 8 2
M[27] : 6 5 3 3 0 9 1 5 4 6 2 1 7 5 3 6 11 4 5 2 6 5
M[28] : 3 3 1 6 2 6 2 1 4 6 5 8 7 7 3 6 9 2 0 1 4 3
M[29] : 4 6 0 1 3 5 6 5 2 2 4 3 7 4 4 6 0 2 6 6 7 4
M[30] : 7 6 5 6 6 6 7 5 4 5 2 7 0 5 4 6 6 4 5 2 6 2
M[31] : 4 4 1 4 4 7 7 5 5 3 0 3 2 2 4 6 2 10 6 3 4 2
M[32] : 4 6 1 3 8 4 3 2 3 6 3 0 8 5 5 3 3 5 0 6 4 5
M[33] : 2 2 1 3 0 3 4 4 5 0 4 7 1 6 4 7 3 6 2 4 8 9
M[34] : 5 7 6 5 5 3 2 3 4 0 5 4 6 2 5 8 5 3 7 7 2 7
M[35] : 2 5 4 4 0 6 6 3 3 6 3 6 5 4 7 3 6 4 5 5 4 4
M[36] : 2 6 0 8 4 3 8 9 7 7 10 4 5 6 5 4 4 13 5 4 5 6
M[37] : 6 9 7 3 5 5 5 9 4 2 3 2 4 3 8 5 8 0 4 8 4 8
M[38] : 5 4 6 6 3 5 7 1 6 3 5 5 3 7 5 5 5 0 3 10 2 2
M[39] : 4 4 5 5 0 6 6 4 7 3 4 3 7 6 3 7 2 7 11 3 3 5
M[40] : 5 4 9 6 3 6 2 2 5 3 1 2 2 4 0 6 2 5 5 3 3 6
M[41] : 5 5 6 6 0 5 5 4 3 7 5 3 7 3 3 6 3 1 1 4 4 6
M[42] : 5 8 6 4 5 5 7 2 4 3 5 7 4 6 3 9 5 0 0 6 5 6
M[43] : 9 2 8 5 2 4 1 1 6 9 7 4 0 4 4 3 5 7 3 6 2 0
M[44] : 7 2 4 7 1 5 7 2 6 6 4 0 4 6 4 4 2 6 4 2 4 3
M[45] : 3 5 1 7 4 0 4 6 4 3 4 4 10 8 5 0 4 6 8 3 3 6
M[46] : 0 9 1 5 5 3 6 6 4 1 4 6 2 8 5 6 6 8 5 6 2 7
M[47] : 7 2 6 7 6 5 1 4 9 3 5 7 5 4 4 5 2 4 4 5 8 0
M[48] : 7 5 10 6 6 6 7 2 8 3 4 6 3 7 9 4 6 2 0 6 11 3
M[49] : 5 5 8 5 4 5 9 0 6 4 5 4 5 6 2 4 9 5 1 6 3 8
M[50] : 2 3 2 0 2 6 5 5 4 5 5 3 4 3 1 6 4 4 8 3 3 3
M[51] : 0 2 4 6 3 4 4 2 2 4 6 7 7 5 7 5 3 9 0 6 10 2
M[52] : 7 6 3 4 7 5 3 7 6 3 4 4 4 5 2 4 2 4 8 6 0 4
M[53] : 1 3 0 3 5 5 4 5 1 4 8 1 10 6 6 6 7 7 8 7 7 4
M[54] : 8 5 5 4 4 4 7 3 7 2 9 3 5 3 0 4 6 4 3 4 3 6
M[55] : 7 6 1 3 8 5 4 8 0 4 0 7 0 4 1 4 6 6 4 3 5 3
M[56] : 5 3 4 6 5 4 2 5 3 0 6 6 5 5 3 5 6 8 7 4 1 8
M[57] : 2 1 6 4 5 3 6 5 4 5 5 2 3 5 1 6 10 3 7 4 0 3
M[58] : 4 9 3 7 1 6 7 3 8 8 2 6 1 3 4 5 4 0 5 6 2 3
M[59] : 7 3 4 4 2 3 6 5 4 5 3 0 10 2 7 4 4 3 4 5 1 6
M[60] : 2 3 3 6 3 6 6 5 5 5 4 7 3 0 3 5 7 11 4 9 3 6
M[61] : 6 3 1 4 0 6 4 0 1 2 4 5 4 6 8 8 5 4 5 8 9 2
M[62] : 3 7 5 8 7 6 6 2 5 4 0 6 1 6 5 6 3 3 6 2 1 5
M[63] : 3 5 4 3 5 8 7 2 4 3 2 2 8 6 0 4 2 4 1 6 7 5
M[64] : 5 5 8 4 3 2 10 9 4 0 7 6 3 5 3 6 4 7 6 3 7 4
M[65] : 7 5 2 3 3 5 3 5 4 4 6 3 8 5 3 0 1 3 8 7 3 4
M[66] : 1 4 4 4 0 6 4 7 4 7 5 4 4 5 5 5 6 6 8 7 8 9
M[67] : 8 5 7 0 2 5 5 6 3 5 4 1 4 5 1 3 5 4 4 5 3 6
M[68] : 3 4 0 4 0 3 8 3 4 4 5 6 6 6 6 9 4 3 8 3 3 5
M[69] : 4 4 3 2 7 3 6 10 4 6 4 0 3 2 3 1 3 1 4 3 6 6
M[70] : 5 5 9 6 8 8 5 4 2 5 4 4 4 6 7 5 4 5 9 0 3 8
M[71] : 6 5 5 10 4 1 2 4 8 8 5 8 6 0 3 4 5 4 3 3 5 4
M[72] : 8 2 3 3 6 4 4 6 4 5 4 2 4 0 7 4 7 3 2 5 4 2
M[73] : 1 6 8 5 6 6 3 3 8 4 4 3 7 6 4 5 7 3 4 6 0 4
M[74] : 5 5 2 6 3 5 0 1 6 8 6 9 6 6 6 5 6 6 4 5 2 8
M[75] : 8 5 5 2 2 3 7 5 2 2 4 6 3 4 1 7 8 6 5 0 7 2
M[76] : 6 5 9 3 5 3 4 1 6 5 3 5 9 4 7 3 7 2 6 0 5 6
M[77] : 1 6 4 2 4 8 8 0 6 5 4 5 6 3 6 7 6 6 3 4 2 4
M[78] : 2 5 3 5 4 5 4 8 3 3 4 6 7 4 3 5 0 3 7 8 6 7
M[79] : 6 7 3 4 3 0 6 4 1 6 4 7 3 8 6 4 6 6 4 6 6 6
M[80] : 6 2 7 2 2 13 6 7 6 5 2 0 3 5 4 5 3 5 5 2 10 4
M[81] : 3 5 5 5 3 7 4 8 5 3 0 7 2 1 2 4 9 3 2 7 4 5
M[82] : 7 2 5 7 5 4 4 0 7 1 5 1 2 3 4 6 2 2 2 3 7 2
M[83] : 0 7 4 8 5 5 5 4 6 2 5 3 0 7 2 8 4 8 0 3 3 4
M[84] : 0 6 3 5 6 4 5 3 7 6 6 2 2 7 2 8 3 5 7 3 4 4
M[85] : 4 5 3 8 1 5 3 2 5 4 6 4 3 3 0 2 0 4 8 3 4 3
M[86] : 6 8 6 0 4 4 5 6 2 6 6 4 3 4 5 2 6 5 8 7 6 8
M[87] : 3 4 6 5 1 5 3 4 3 3 4 3 1 11 5 7 6 7 4 0 6 3
M[88] : 5 1 4 4 6 4 8 5 4 5 3 3 4 9 0 6 7 6 6 4 7 8
M[89] : 5 6 7 3 5 5 2 5 6 3 8 6 1 7 3 0 4 1 7 4 7 5
M[90] : 3 8 5 5 6 5 5 3 7 5 3 3 11 4 2 4 4 5 0 4 3 4
M[91] : 5 7 6 2 6 4 4 5 4 3 4 6 0 5 2 5 3 3 5 5 3 4
M[92] : 3 3 5 4 2 4 4 5 6 5 6 4 8 6 7 4 1 4 3 6 0 2
M[93] : 5 7 5 7 5 3 6 5 0 5 5 7 4 1 3 2 4 3 5 3 1 9
M[94] : 8 0 4 5 3 5 6 4 3 2 10 4 5 4 4 2 4 4 4 1 1 5
M[95] : 3 6 4 4 3 4 2 0 1 4 6 7 5 5 5 7 5 3 3 3 4 3
M[96] : 7 5 4 3 5 3 4 4 6 3 5 6 10 3 5 7 0 6 5 3 4 7
M[97] : 6 7 2 5 8 4 5 6 5 3 0 4 2 5 8 5 3 5 8 4 2 3
M[98] : 0 4 7 7 7 4 6 3 6 4 4 8 8 5 3 3 8 10 5 3 5 11
M[99] : 8 3 5 5 5 4 3 4 0 5 5 7 3 4 4 4 5 3 5 6 6 8
M[100] : 3 6 4 5 3 3 4 4 7 2 4 10 8 7 0 2 3 5 3 3 3 2
M[101] : 8 6 6 8 5 6 5 2 3 2 0 1 3 5 6 2 6 2 3 6 4 4
M[102] : 8 7 3 3 2 2 5 2 6 3 3 1 2 0 8 3 4 5 4 7 8 5
M[103] : 3 4 6 8 5 6 6 2 5 10 9 4 3 3 7 3 2 3 4 4 0 2
M[104] : 5 6 7 1 5 5 7 8 4 8 4 6 6 7 4 0 5 5 2 5 3 6
M[105] : 5 4 4 8 7 6 5 7 4 0 5 2 6 4 5 2 5 2 5 2 7 5
M[106] : 4 3 3 5 7 0 3 5 10 10 3 6 3 1 5 4 4 6 3 3 2 5
M[107] : 5 5 4 3 5 4 5 7 3 7 2 0 4 7 6 2 8 0 3 5 3 6
M[108] : 4 0 5 6 5 6 5 4 4 3 3 5 6 7 7 4 6 2 6 3 4 6
M[109] : 1 4 8 6 3 5 3 0 5 7 6 3 5 4 3 4 2 7 3 4 4 6
M[110] : 7 0 5 5 3 3 3 8 8 0 2 4 5 1 10 3 2 4 4 5 4 2
M[111] : 3 5 3 10 2 2 5 5 0 6 4 7 2 5 4 8 2 2 7 7 8 7
M[112] : 7 0 8 3 3 10 4 6 0 4 5 5 5 3 4 2 6 6 4 4 3 4
M[113] : 1 7 4 7 2 4 6 4 9 7 7 4 7 0 6 1 9 6 4 8 2 4
M[114] : 6 4 4 4 5 4 7 4 4 3 3 10 3 8 11 4 5 9 6 0 5 3
M[115] : 3 4 4 4 4 9 3 8 6 2 3 2 5 6 1 8 4 5 1 0 6 6
M[116] : 5 4 4 6 3 3 4 4 6 2 6 4 4 6 8 5 0 2 4 5 4 5
M[117] : 5 4 8 6 0 7 8 5 3 6 5 2 8 3 7 3 11 3 4 5 6 3
M[118] : 3 6 5 0 2 5 4 2 8 2 7 6 1 10 5 10 6 4 7 6 5 5
M[119] : 6 11 3 6 5 6 3 6 5 2 7 4 7 4 5 0 8 5 7 5 5 7
M[120] : 5 7 4 0 8 5 7 2 6 6 4 2 4 3 5 3 3 5 8 4 6 6
M[121] : 2 9 4 7 3 5 6 5 5 8 4 6 4 7 5 6 3 6 0 2 5 4
M[122] : 5 7 8 4 7 4 5 12 7 6 3 4 0 6 4 2 5 4 5 6 8 5
M[123] : 4 3 3 2 6 3 5 6 5 4 5 2 4 7 0 6 1 6 5 3 6 5
M[124] : 7 6 6 8 0 1 5 4 2 4 5 7 3 5 5 6 7 6 6 8 6 4
M[125] : 5 2 2 3 6 5 3 3 5 4 8 2 3 5 4 2 2 0 3 7 5 3
M[126] : 5 4 9 5 4 5 0 2 4 4 2 7 3 5 3 4 1 7 0 2 7 5
M[127] : 6 8 12 5 3 5 2 8 4 0 6 2 7 4 4 4 9 4 6 5 5 7
M[128] : 0 7 2 4 2 3 7 7 4 1 3 3 4 5 8 5 4 4 4 5 5 7
M[129] : 5 6 9 6 4 2 8 0 7 1 4 4 2 3 9 4 4 3 8 4 4 3
M[130] : 11 5 6 4 3 2 8 0 3 8 6 4 6 3 4 3 6 4 0 5 5 7
M[131] : 4 5 4 5 1 3 5 7 5 5 5 0 3 6 2 5 2 3 4 4 9 3
M[132] : 1 4 6 3 5 1 3 0 6 5 6 4 6 2 4 6 5 5 5 5 6 4
M[133] : 6 2 6 3 7 6 5 8 8 0 8 6 3 5 2 3 1 6 5 4 6 4
M[134] : 3 5 7 8 7 0 3 7 3 5 7 6 2 7 5 3 6 6 7 4 3 3
M[135] : 4 3 9 5 7 5 3 5 5 4 6 4 3 2 5 2 0 4 3 5 1 3
M[136] : 0 7 2 3 5 3 7 2 6 4 9 7 7 8 2 2 5 8 4 5 5 3
M[137] : 2 6 8 0 4 4 4 3 6 7 3 4 4 5 3 5 4 2 2 6 4 3
M[138] : 3 6 5 9 4 10 1 4 7 3 8 6 4 6 6 5 2 0 7 5 4 4
M[139] : 0 3 3 6 3 3 5 6 8 6 8 4 8 3 3 5 2 4 8 2 5 7
M[140] : 3 6 6 3 6 3 3 3 7 9 4 6 6 3 5 5 8 7 0 6 6 3
M[141] : 5 4 5 3 5 2 6 6 5 3 4 2 4 8 0 6 4 5 3 6 9 4
M[142] : 4 9 4 8 2 5 4 3 4 5 6 6 7 6 4 8 8 4 3 0 9 5
M[143] : 3 8 3 4 6 7 0 3 3 4 3 3 3 6 3 6 3 5 6 7 5 3
M[144] : 4 4 7 9 7 6 5 11 5 4 7 1 3 3 5 6 0 7 7 5 4 6
M[145] : 2 6 4 3 3 4 6 4 6 3 5 4 6 5 4 6 2 0 3 3 3 6
M[146] : 6 8 6 4 6 4 0 3 5 7 3 5 6 3 6 3 4 3 5 5 8 4
M[147] : 2 9 3 8 2 7 3 4 6 4 5 2 5 6 5 2 8 7 3 3 0 5
M[148] : 3 4 2 2 0 2 4 2 6 6 5 8 5 4 4 2 5 3 4 5 6 3
M[149] : 2 0 6 8 4 3 1 3 5 6 4 2 8 4 5 1 6 3 5 4 3 2
M[150] : 5 6 0 8 5 5 1 2 1 7 4 5 6 2 0 6 2 5 6 4 3 7
M[151] : 3 4 3 8 4 4 6 7 5 1 4 6 5 6 5 5 0 0 4 4 4 4
M[152] : 9 2 1 5 6 9 5 4 3 0 3 10 3 1 3 3 2 5 6 6 3 7
M[153] : 7 3 9 5 6 3 8 0 6 4 3 6 4 3 5 4 5 5 6 4 6 5
M[154] : 1 2 6 4 2 6 0 3 4 2 4 2 8 1 4 2 6 6 5 3 5 6
M[155] : 1 6 0 1 4 5 6 7 3 3 8 2 3 5 5 2 4 7 6 0 3 4
M[156] : 3 4 10 4 6 3 6 5 2 3 6 6 6 5 0 6 4 7 8 8 4 5
M[157] : 5 1 7 4 3 4 3 4 5 2 7 10 4 4 4 4 1 7 3 5 7 0
M[158] : 3 2 6 0 8 6 8 0 10 9 7 7 9 3 5 6 4 5 3 5 5 4
M[159] : 6 5 6 7 2 5 7 3 2 5 0 4 9 6 7 7 5 7 7 7 4 5
M[160] : 5 5 2 0 6 6 5 5 4 6 4 3 3 5 6 6 7 3 5 3 5 7
M[161] : 5 3 4 3 3 3 3 3 3 0 4 6 1 8 6 7 4 5 2 7 1 4
M[162] : 2 4 5 4 2 6 5 6 3 3 2 3 4 5 6 5 9 7 3 4 2 0
M[163] : 3 7 6 6 4 2 5 7 2 3 5 2 4 6 4 0 4 2 6 5 5 4
M[164] : 8 4 0 3 7 5 4 6 2 4 1 9 9 4 3 5 4 0 4 3 3 3
M[165] : 8 4 3 12 4 5 5 3 5 5 6 0 8 4 3 5 1 7 6 2 2 9
M[166] : 9 1 7 3 6 3 8 5 0 5 4 4 3 7 3 0 3 5 5 2 5 3
M[167] : 6 7 6 0 0 9 10 4 3 5 6 6 3 4 3 5 4 3 4 7 4 7
M[168] : 4 5 7 5 6 3 6 4 3 7 3 8 5 2 5 6 4 4 8 6 7 0
M[169] : 7 6 6 7 0 3 7 6 3 7 4 4 6 4 3 2 7 4 7 4 5 6
M[170] : 2 7 2 5 6 4 2 7 0 6 6 7 5 4 4 4 7 3 7 7 5 4
M[171] : 2 7 7 5 6 3 7 5 8 6 2 2 2 7 4 0 3 4 5 4 4 4
M[172] : 1 6 9 2 8 1 3 6 2 5 0 2 6 4 4 4 3 7 7 2 6 6
M[173] : 6 5 7 0 5 4 4 4 7 5 3 6 7 5 5 6 2 7 7 6 7 8
M[174] : 3 6 5 3 5 6 3 3 0 4 4 6 2 5 6 2 0 4 9 8 4 9
M[175] : 6 5 4 6 7 0 5 5 3 4 8 9 4 4 7 8 5 3 2 8 5 3
M[176] : 5 4 7 5 2 0 7 7 7 10 9 4 5 7 5 4 2 2 4 5 4 4
M[177] : 9 4 4 4 4 6 5 7 8 9 3 6 3 3 6 2 2 7 0 6 4 2
M[178] : 7 6 4 6 5 0 4 3 4 1 3 4 4 4 8 2 4 9 2 4 7 3
M[179] : 5 5 4 4 2 5 6 2 6 5 3 3 0 0 5 6 4 3 5 2 4 3
M[180] : 6 5 4 6 3 6 0 5 5 4 5 6 3 6 3 5 6 5 4 8 5 5
M[181] : 3 4 5 4 6 4 8 3 4 6 4 6 3 3 1 0 7 7 4 7 2 8
M[182] : 5 4 7 5 4 4 5 0 4 2 3 7 6 4 4 8 4 4 5 7 5 7
M[183] : 9 6 6 3 4 5 5 5 6 4 7 6 4 5 0 4 7 2 4 6 8 7
M[184] : 3 3 6 7 0 2 9 2 0 6 5 4 2 6 9 5 2 7 6 2 5 2
M[185] : 6 3 3 4 2 0 5 2 4 3 5 3 4 1 4 2 5 5 7 7 6 5
M[186] : 5 3 4 0 4 4 9 4 9 4 3 7 3 8 4 6 9 6 8 5 1 9
M[187] : 3 6 2 3 1 2 0 3 2 5 1 6 6 12 5 5 6 1 5 6 6 7
M[188] : 4 5 4 5 1 6 3 4 4 2 7 1 7 12 6 6 4 1 9 0 1 6
M[189] : 7 7 3 6 3 3 5 3 7 5 5 4 6 5 0 8 4 6 1 5 6 1
M[190] : 9 2 2 2 8 5 2 4 2 4 5 3 6 8 0 5 2 5 5 7 2 6
M[191] : 11 5 4 6 1 3 0 5 5 4 3 8 5 6 6 6 4 7 7 3 4 3
M[192] : 6 8 2 3 3 4 5 5 4 6 4 4 6 6 0 3 6 7 3 5 2 9
M[193] : 4 3 7 1 4 3 3 5 7 5 7 7 6 5 0 5 3 4 4 4 6 3
M[194] : 7 3 6 7 6 4 2 6 4 2 1 0 3 2 6 5 9 2 4 6 3 6
M[195] : 4 5 7 10 0 6 4 4 5 10 5 3 6 5 4 4 6 5 2 5 6 5
M[196] : 4 2 4 7 5 6 2 2 4 6 3 1 6 4 3 7 4 1 1 5 7 0
M[197] : 7 1 2 7 0 3 6 3 6 8 4 5 4 5 2 6 8 0 6 3 5 3
M[198] : 5 3 3 6 6 2 5 3 4 8 0 5 4 2 7 7 8 4 2 6 3 5
M[199] : 7 3 5 6 5 5 7 5 5 3 6 4 1 6 5 4 3 5 1 4 5 0
M[200] : 4 4 3 4 2 10 3 5 0 5 6 5 4 4 4 0 5 2 6 5 4 4
M[201] : 1 6 8 4 5 7 8 6 3 3 4 6 4 2 4 4 0 5 3 5 1 4
M[202] : 3 8 7 4 8 2 0 9 3 4 6 6 3 9 4 5 3 4 6 5 2 6
M[203] : 5 4 0 4 11 7 3 6 5 2 4 4 2 3 4 4 3 6 5 1 4 6
M[204] : 5 4 5 6 4 3 4 3 5 5 5 6 6 7 9 6 7 5 5 5 0 3
M[205] : 3 6 3 8 6 5 6 6 0 5 5 3 1 6 9 4 7 10 6 1 1 3
M[206] : 3 4 3 6 5 9 3 5 3 7 2 2 5 6 5 3 5 6 7 0 5 3
M[207] : 4 2 4 0 4 5 5 7 2 0 3 3 5 4 1 6 7 6 5 8 6 3
M[208] : 3 3 4 3 8 12 8 6 6 5 2 4 3 8 4 8 0 5 8 2 4 8
M[209] : 6 4 2 7 7 4 3 5 4 6 3 6 4 6 5 0 5 2 7 5 7 7
M[210] : 7 6 6 3 6 3 3 6 5 5 5 3 8 0 6 4 3 3 7 8 6 2
M[211] : 8 2 6 1 5 0 7 3 4 5 1 6 5 6 4 7 8 6 5 1 6 11
M[212] : 6 3 4 5 5 4 5 3 2 3 1 3 5 5 0 7 5 4 4 5 3 4
M[213] : 6 5 5 5 8 0 4 5 5 7 7 5 2 1 0 5 5 3 5 5 13 4
M[214] : 4 3 3 4 3 0 2 2 2 2 6 8 7 4 5 3 7 6 9 3 5 5
M[215] : 0 2 6 2 4 5 6 5 4 4 5 7 7 4 0 3 4 6 5 8 4 9
M[216] : 4 3 6 6 1 4 3 5 7 4 6 2 8 3 3 3 6 7 0 5 5 11
M[217] : 2 2 4 4 2 5 3 6 3 8 5 8 4 7 4 3 1 4 2 0 3 10
M[218] : 0 5 6 8 8 5 3 3 8 3 5 4 3 4 4 5 3 3 6 5 6 7
M[219] : 5 3 3 7 3 6 3 5 0 7 4 6 5 4 4 0 7 4 4 3 3 1
M[220] : 5 6 7 7 2 4 2 6 5 3 0 4 5 5 3 4 4 2 2 4 6 4
M[221] : 6 0 1 4 6 5 7 7 3 6 8 6 4 3 3 6 3 4 5 5 5 1
M[222] : 4 7 5 6 5 5 9 3 6 1 3 4 2 9 9 5 5 6 0 5 4 4
M[223] : 5 3 2 6 10 4 6 7 5 0 4 6 6 6 6 3 7 5 2 4 2 1
M[224] : 4 6 4 2 8 5 2 3 4 8 3 6 5 8 2 5 5 0 6 2 5 6
M[225] : 5 8 1 2 8 4 5 2 5 6 9 5 4 6 4 4 0 3 3 6 3 3
M[226] : 2 6 6 6 7 7 6 6 2 7 7 11 2 4 0 3 3 8 5 4 5 8
M[227] : 3 5 3 0 7 4 4 4 5 4 10 8 6 2 8 6 5 2 5 3 2 4
M[228] : 7 7 4 4 5 3 3 8 5 6 10 3 5 0 6 4 3 10 0 5 5 6
M[229] : 5 0 8 4 4 6 6 4 4 4 4 6 6 5 3 5 8 8 5 5 3 7
M[230] : 5 4 8 7 4 5 6 4 2 3 3 4 0 5 3 7 3 12 2 5 7 7
M[231] : 0 6 3 5 1 5 3 2 4 3 4 11 0 6 5 6 2 6 7 4 1 6
M[232] : 4 5 4 1 6 6 3 2 0 4 3 3 4 6 11 6 3 5 3 8 4 2
M[233] : 6 5 0 6 3 7 3 7 3 6 5 1 4 3 3 3 5 5 8 4 3 6
M[234] : 4 6 1 5 0 3 2 6 7 2 4 4 7 6 4 7 4 5 9 0 6 5
M[235] : 7 3 3 4 7 2 0 8 4 6 1 5 6 8 4 6 4 4 2 4 8 5
M[236] : 5 6 3 6 4 7 2 0 6 7 4 9 5 7 6 7 2 4 6 2 2 9
M[237] : 5 4 9 3 2 8 3 1 7 2 8 6 4 3 7 0 6 10 8 3 4 5
M[238] : 8 4 2 4 4 6 6 3 7 9 3 0 6 6 5 5 5 5 4 5 5 5
M[239] : 3 4 6 7 3 2 3 3 5 4 0 3 9 4 7 9 5 5 3 5 6 6
M[240] : 4 3 9 5 3 6 2 5 5 3 5 3 4 2 3 8 0 4 5 14 3 4
M[241] : 7 8 6 8 10 7 3 5 5 4 2 3 7 3 5 5 3 4 0 3 4 8
M[242] : 7 4 5 2 4 5 2 1 7 5 4 4 0 6 6 3 5 3 6 3 7 6
M[243] : 3 7 8 3 5 6 0 3 2 3 1 4 7 5 7 4 1 5 1 6 6 9
M[244] : 3 6 5 4 11 5 5 7 3 5 6 2 8 2 4 1 5 0 5 4 3 5
M[245] : 5 5 1 3 6 5 5 7 4 1 5 7 4 7 3 0 6 3 5 2 6 6
M[246] : 8 0 3 2 4 2 6 5 4 2 4 6 7 5 6 3 5 0 4 5 7 2
M[247] : 4 0 6 12 6 3 8 7 4 5 1 4 6 5 3 8 7 3 7 6 5 6
M[248] : 3 4 3 5 1 4 6 5 4 3 5 0 8 2 3 4 3 4 4 6 4 3
M[249] : 8 6 0 4 5 8 4 8 3 6 3 5 3 4 7 4 6 6 4 5 7 7
M[250] : 5 3 4 5 1 3 5 0 2 6 1 6 4 8 3 3 6 7 3 3 4 5
M[251] : 5 5 3 4 6 6 7 5 5 4 1 1 3 6 7 7 0 2 4 4 1 5
M[252] : 7 8 6 0 6 3 8 10 5 7 2 6 5 5 6 6 1 7 3 6 7 7
M[253] : 5 2 5 5 5 0 6 3 4 3 3 8 6 3 7 5 9 3 3 6 4 3
M[254] : 1 5 3 0 6 2 4 7 4 3 4 3 5 5 4 7 2 4 2 4 2 4
M[255] : 3 2 2 7 5 5 6 5 5 7 9 5 7 0 7 7 5 5 3 8 1 8
M[256] : 6 0 9 8 5 8 2 5 4 2 5 4 3 8 1 4 4 6 6 4 4 2
M[257] : 5 8 8 6 0 4 4 6 6 4 5 3 3 2 5 5 8 4 2 2 2 7
M[258] : 2 7 4 4 4 1 8 2 7 4 5 3 9 5 2 4 3 1 7 1 0 2
M[259] : 3 5 8 7 7 3 6 1 4 0 5 5 2 2 4 0 3 4 7 2 8 4
M[260] : 5 3 6 4 3 3 3 6 5 3 6 2 8 6 7 0 5 7 7 1 2 3
M[261] : 0 5 7 5 5 3 2 5 5 3 5 7 4 8 2 4 2 4 6 4 4 2
M[262] : 2 5 8 6 3 6 2 3 6 6 4 8 3 5 2 3 4 0 3 5 5 7
M[263] : 5 6 1 7 7 4 8 4 6 12 3 4 0 3 6 5 5 12 2 5 4 2
M[264] : 5 2 2 7 6 7 8 3 6 4 4 4 4 7 1 5 8 4 3 9 5 0
M[265] : 4 3 7 8 4 2 3 5 5 6 3 3 0 9 5 4 3 8 3 4 4 6
M[266] : 0 2 5 3 3 3 2 0 5 2 6 6 3 6 2 1 4 3 2 4 2 5
M[267] : 3 4 4 10 7 6 7 6 6 5 5 0 3 4 7 3 6 2 7 3 2 4
M[268] : 4 4 7 0 6 5 3 1 7 3 5 6 4 5 4 3 3 6 3 3 3 3
M[269] : 3 6 8 5 5 4 3 3 1 3 6 4 6 9 8 6 6 4 3 4 1 0
M[270] : 7 3 9 6 0 7 1 3 7 6 4 6 2 5 7 2 5 7 5 0 6 5
M[271] : 3 5 2 4 4 2 6 4 4 4 5 3 0 7 1 3 5 6 8 4 7 7
M[272] : 8 7 3 4 2 6 3 8 9 4 3 5 3 8 0 2 5 3 4 3 4 6
M[273] : 3 4 0 6 5 5 3 11 3 1 5 1 3 4 6 7 7 7 6 7 8 6
M[274] : 8 3 4 6 2 4 9 4 4 4 10 6 5 6 6 3 4 3 4 0 4 4
M[275] : 6 8 5 1 6 5 5 2 5 9 3 4 7 8 4 3 4 6 3 6 0 7
M[276] : 6 5 0 7 4 4 4 1 4 7 2 2 6 5 3 6 8 5 4 2 3 5
M[277] : 10 4 8 6 4 8 2 3 6 3 6 6 6 7 9 7 3 0 2 7 5 5
M[278] : 6 2 2 2 7 3 4 2 2 8 8 4 8 6 4 0 3 7 3 7 4 3
M[279] : 5 4 3 3 4 4 0 5 4 7 2 7 3 4 7 8 7 2 9 3 3 4
M[280] : 0 3 3 3 3 6 5 0 4 7 3 4 7 6 4 3 7 4 4 6 5 7
M[281] : 8 5 5 6 5 0 6 2 5 3 5 9 3 4 4 7 5 5 4 10 2 7
M[282] : 4 6 2 5 5 3 3 0 5 3 1 7 6 4 7 4 4 5 1 4 3 6
M[283] : 5 5 2 5 4 2 7 4 6 10 0 5 4 6 5 2 6 2 3 6 4 4
M[284] : 7 4 4 7 7 5 0 6 4 4 5 0 6 2 4 7 7 5 3 5 4 11
M[285] : 6 4 3 5 5 0 5 3 5 3 1 2 2 2 4 4 6 3 4 3 5 5
M[286] : 1 5 5 4 0 7 5 1 8 5 3 8 7 4 6 4 2 7 3 4 1 3
M[287] : 3 4 11 3 6 4 4 4 6 4 4 8 0 6 5 5 4 5 6 7 5 4
M[288] : 4 5 2 5 6 4 1 6 4 6 5 0 3 6 1 7 4 3 1 5 6 4
M[289] : 6 4 5 9 6 8 5 4 6 3 6 4 4 2 3 6 0 4 7 1 7 6
M[290] : 0 6 6 6 7 7 4 5 1 5 10 4 5 5 9 2 6 5 2 5 7 3
M[291] : 3 5 8 6 5 3 2 6 5 6 8 8 3 4 7 3 0 4 3 4 9 6
M[292] : 5 4 5 6 2 4 5 6 3 7 9 4 6 8 4 3 0 5 5 6 6 5
M[293] : 6 4 6 4 7 3 2 0 4 4 2 2 5 6 4 4 4 4 4 5 1 4
M[294] : 3 3 3 5 5 7 1 3 6 3 6 5 0 5 1 6 2 4 1 4 11 7
M[295] : 5 8 8 5 2 4 5 3 1 4 0 4 9 6 4 6 8 7 6 3 7 6
M[296] : 4 7 3 6 3 4 9 4 2 5 5 0 5 10 6 4 6 5 5 8 4 4
M[297] : 3 2 0 4 5 6 4 6 9 5 4 2 10 5 6 4 5 6 4 2 5 3
M[298] : 6 7 4 6 5 5 7 7 7 8 5 0 6 5 4 1 1 6 8 2 2 0
M[299] : 4 10 4 3 0 5 3 7 6 5 5 1 4 4 7 3 3 2 6 2 1 6
M[300] : 1 5 2 5 13 3 0 9 1 4 5 7 6 6 4 5 3 4 6 3 3 3
M[301] : 6 0 7 4 6 7 3 4 10 4 0 2 2 8 8 6 3 5 5 6 7 6
M[302] : 4 8 5 0 1 8 6 7 3 5 9 4 4 5 7 8 4 5 7 1 2 2
M[303] : 1 11 3 0 5 6 5 7 8 5 5 3 3 5 3 2 3 3 3 4 7 1
M[304] : 8 4 2 8 5 4 0 4 5 1 7 6 7 5 4 4 3 6 4 8 2 5
M[305] : 2 7 5 5 2 8 6 3 5 8 7 3 3 0 5 4 3 5 4 7 3 2
M[306] : 6 6 7 2 5 1 5 3 4 3 0 2 1 5 2 5 6 6 3 5 5 5
M[307] : 5 7 6 7 6 4 4 4 7 3 7 9 8 0 11 9 6 4 4 6 3 6
M[308] : 6 9 2 0 2 2 7 4 4 2 3 4 5 7 2 10 5 8 2 6 4 8
M[309] : 4 3 4 2 6 3 2 5 5 1 5 4 3 4 0 8 11 4 5 7 7 5
M[310] : 5 0 5 5 3 6 4 5 3 7 7 6 2 9 2 1 6 7 3 7 1 5
M[311] : 5 3 4 4 0 6 3 7 5 4 7 4 4 6 4 4 8 3 5 4 3 6
M[312] : 7 4 4 8 5 5 2 7 2 8 0 6 5 6 5 7 5 8 6 5 5 4
M[313] : 4 7 5 5 6 5 6 6 4 0 8 3 7 4 5 7 6 3 4 4 3 4
M[314] : 4 3 5 6 5 3 2 3 2 4 7 4 0 3 3 4 3 1 6 3 7 4
M[315] : 2 2 4 6 0 1 5 3 4 9 4 3 2 5 5 7 1 4 4 5 2 5
M[316] : 4 5 5 5 6 4 6 5 3 6 4 4 6 6 0 6 5 5 7 5 3 6
M[317] : 5 6 0 6 5 3 5 5 3 1 7 6 7 7 6 5 6 1 7 7 3 3
M[318] : 6 5 6 7 3 2 3 5 6 2 5 6 5 5 5 2 5 6 6 3 0 3
M[319] : 6 5 6 7 3 4 5 5 5 5 2 5 0 8 7 5 5 0 6 3 4 0
M[320] : 4 3 7 5 4 4 3 5 4 7 9 3 6 4 0 7 7 3 3 6 3 2
M[321] : 7 8 9 3 8 3 8 4 3 2 7 4 5 0 2 6 4 7 5 4 2 3
M[322] : 3 5 1 8 2 5 5 4 4 0 5 7 3 4 3 6 7 3 7 5 5 4
M[323] : 2 1 5 8 5 4 5 6 5 5 4 6 3 4 5 0 6 4 4 7 6 7
M[324] : 7 4 4 3 3 3 5 5 4 4 6 4 3 1 3 8 5 7 6 0 12 4
M[325] : 2 5 5 6 7 6 4 2 2 3 5 0 6 4 5 5 4 8 3 3 3 4
M[326] : 6 3 6 5 3 9 7 5 4 6 3 5 6 5 2 4 6 0 4 7 3 5
M[327] : 3 2 3 6 3 6 6 2 9 4 3 5 2 6 4 7 5 0 3 5 5 4
M[328] : 7 0 4 6 3 2 6 7 6 2 4 5 3 2 5 4 5 4 4 5 3 6
M[329] : 2 4 6 3 3 6 3 8 0 4 0 2 0 4 0 3 8 3 6 2 4 7
M[330] : 0 5 3 4 7 6 5 3 3 9 5 4 5 7 6 8 5 4 4 4 3 8
M[331] : 5 7 4 7 4 1 3 3 5 4 7 4 4 9 1 7 5 4 4 0 4 8
M[332] : 4 10 7 9 9 5 4 7 5 2 6 5 5 8 0 5 5 7 5 1 3 5
M[333] : 4 5 5 4 9 0 2 7 6 4 3 5 6 2 7 5 7 7 7 4 1 3
M[334] : 5 3 5 2 4 6 7 4 4 6 0 4 6 8 4 5 5 4 7 6 5 5
M[335] : 6 5 2 8 4 6 8 7 4 5 8 7 7 7 5 8 5 1 3 5 0 4
M[336] : 5 6 0 3 5 7 3 0 8 6 3 6 4 6 3 1 6 4 5 4 6 5
M[337] : 5 4 5 5 4 3 7 4 2 2 7 4 3 0 3 5 1 5 6 5 4 3
M[338] : 7 3 5 6 7 5 5 4 0 8 4 3 5 2 3 4 3 4 4 10 7 4
M[339] : 4 5 6 3 4 4 8 3 8 3 2 6 4 7 0 3 6 10 4 4 7 7
M[340] : 2 3 8 6 1 6 3 2 3 7 6 3 8 6 2 8 2 0 5 3 7 2
M[341] : 3 6 3 8 0 7 6 7 2 2 3 7 4 6 9 1 4 5 1 3 1 5
M[342] : 3 5 4 5 3 6 9 2 4 4 4 5 0 2 5 4 2 3 5 6 5 8
M[343] : 3 2 2 4 3 3 2 4 2 5 3 4 4 6 2 3 3 1 4 2 6 0
M[344] : 4 1 3 3 0 5 6 8 2 4 5 5 5 0 6 4 6 3 2 4 3 6
M[345] : 8 8 4 5 0 5 8 6 6 7 8 3 4 8 3 3 1 4 7 7 8 3
M[346] : 5 5 7 5 6 7 8 4 9 9 8 5 4 6 5 4 4 3 5 6 0 5
M[347] : 4 0 2 5 4 4 2 5 4 7 6 4 2 7 5 5 1 3 6 5 4 5
M[348] : 8 4 7 4 2 6 7 7 10 3 4 0 3 3 1 7 4 6 5 8 3 5
M[349] : 1 7 4 5 6 3 4 2 3 3 5 2 6 13 0 7 6 2 4 4 1 4
M[350] : 5 6 4 6 11 4 0 7 6 7 5 5 5 8 2 4 4 4 2 5 5 1
M[351] : 4 5 0 3 5 3 7 3 3 2 5 5 1 3 7 6 6 7 3 8 3 4
M[352] : 3 0 3 6 5 5 5 6 6 6 5 2 5 4 4 8 8 5 2 3 6 4
M[353] : 5 2 3 5 6 4 4 2 4 2 4 4 5 5 10 4 8 0 8 2 4 2
M[354] : 6 2 3 7 5 7 5 6 0 8 4 2 6 4 5 6 3 2 5 2 6 1
M[355] : 5 4 6 5 3 6 6 3 0 6 7 5 3 8 3 8 3 4 9 6 5 4
M[356] : 6 4 4 1 4 4 5 5 6 7 4 5 4 4 6 3 6 0 7 3 2 8
M[357] : 3 2 5 5 6 8 5 7 4 5 5 4 1 8 0 4 5 6 6 7 5 5
M[358] : 5 2 0 5 1 4 3 4 5 6 5 2 8 9 4 6 4 3 4 7 3 7
M[359] : 5 6 4 6 5 6 4 6 3 7 2 3 8 4 4 7 4 6 3 0 1 9
M[360] : 6 6 4 4 5 5 9 2 6 2 2 5 2 4 3 4 3 0 6 5 2 5
M[361] : 7 2 3 3 7 3 4 4 4 7 2 4 8 3 4 3 4 3 0 3 3 2
M[362] : 6 4 4 7 1 4 6 5 9 3 7 2 2 3 2 0 5 8 6 4 5 4
M[363] : 3 3 10 0 8 3 3 8 4 6 3 5 5 9 4 5 9 7 6 5 4 3
M[364] : 3 3 3 6 4 4 5 3 5 12 1 4 3 4 4 5 2 0 4 6 5 7
M[365] : 4 9 5 0 5 2 11 5 3 4 6 4 5 3 2 5 11 3 4 3 4 4
M[366] : 6 6 5 7 4 4 3 8 2 7 6 6 2 4 11 0 1 5 5 10 5 8
M[367] : 5 5 9 2 7 3 5 3 4 5 6 0 3 4 3 6 0 6 4 3 0 2
M[368] : 3 1 7 4 7 7 4 5 11 4 5 5 3 5 4 3 4 6 5 2 6 0
M[369] : 5 3 4 8 2 6 10 9 9 4 2 6 6 0 7 5 3 5 5 4 6 3
M[370] : 11 3 5 4 7 4 4 2 6 6 10 4 6 5 3 7 4 7 0 7 13 2
M[371] : 0 6 4 4 4 6 7 4 2 10 3 8 6 7 4 5 5 4 6 5 4 5
M[372] : 2 1 7 6 2 4 8 5 2 4 7 6 0 6 6 3 6 6 6 6 5 5
M[373] : 7 5 5 3 5 3 4 2 5 9 5 2 6 5 0 6 1 2 7 7 3 1
M[374] : 9 1 7 3 2 8 6 5 4 0 2 3 3 2 4 3 2 1 5 6 2 7
M[375] : 6 6 4 3 9 2 2 0 5 4 6 4 5 6 7 5 6 5 7 5 4 3
M[376] : 4 5 4 6 6 3 5 10 6 2 3 0 3 5 7 3 5 5 5 4 4 4
M[377] : 7 2 9 2 6 2 3 2 4 0 4 2 5 5 2 4 1 8 7 3 5 6
M[378] : 1 6 3 4 6 4 9 2 6 6 6 8 2 3 0 3 5 3 8 1 6 6
M[379] : 6 4 4 4 5 5 3 2 5 2 3 4 5 4 4 0 6 3 2 1 2 5
M[380] : 8 4 7 7 4 7 0 4 6 8 4 2 7 3 3 6 3 4 4 3 2 5
M[381] : 9 5 4 5 3 3 5 11 0 7 6 3 2 7 7 5 7 2 5 3 6 3
M[382] : 7 3 1 3 5 5 5 5 9 3 0 0 3 3 1 8 6 1 6 4 5 5
M[383] : 2 5 3 5 6 5 3 5 3 2 3 7 1 3 4 4 7 3 3 8 0 1
M[384] : 5 3 7 5 3 3 5 5 7 5 6 5 7 2 5 0 5 4 3 8 2 9
M[385] : 1 9 3 2 6 2 5 6 3 6 2 6 4 6 9 6 6 3 5 4 0 6
M[386] : 8 5 4 4 4 8 6 9 1 7 7 7 0 5 7 2 1 7 3 9 4 5
M[387] : 5 4 5 4 6 6 5 3 3 4 3 3 4 5 6 4 4 2 4 5 1 0
M[388] : 2 7 4 7 3 1 5 9 7 7 1 4 5 0 3 3 5 6 4 8 6 4
M[389] : 7 4 5 6 4 0 5 4 7 3 5 5 3 7 6 4 5 4 8 5 2 7
M[390] : 9 9 2 1 4 5 2 4 4 4 1 3 4 0 6 2 6 4 3 5 6 5
M[391] : 6 0 2 6 3 2 8 7 4 5 8 4 4 4 3 6 7 5 5 4 8 2
M[392] : 8 4 4 3 9 3 5 4 6 8 0 2 1 8 4 7 3 7 7 4 8 0
M[393] : 6 2 8 2 4 1 2 8 5 6 10 0 6 5 5 1 6 8 7 4 5 5
M[394] : 3 5 12 0 4 4 9 6 5 3 4 1 3 2 3 5 3 4 5 4 4 7
M[395] : 7 9 3 6 5 4 0 3 5 3 7 3 2 5 4 3 6 5 3 6 5 7
M[396] : 3 6 5 0 5 4 10 8 4 5 7 8 6 4 5 6 5 5 6 5 6 3
M[397] : 7 8 3 6 6 5 0 4 7 4 4 3 5 4 3 4 5 4 5 5 5 4
M[398] : 3 4 6 4 7 8 5 3 6 2 2 4 4 3 4 4 0 2 6 4 1 7
M[399] : 3 4 5 9 0 8 3 5 1 4 8 5 3 5 6 3 6 7 3 3 3 7
M[400] : 4 5 6 10 6 5 6 1 7 0 7 5 5 3 4 5 6 3 5 4 5 5
M[401] : 5 3 5 3 10 9 5 0 9 5 6 5 6 7 8 6 5 4 4 5 2 10
M[402] : 5 3 4 10 5 5 4 4 6 5 5 4 6 6 3 3 12 3 3 0 4 3
M[403] : 6 2 7 3 5 6 3 4 4 2 6 3 6 8 5 4 1 5 0 7 1 5
M[404] : 1 5 7 4 2 6 5 3 2 9 4 5 8 7 3 0 6 6 6 4 4 3
M[405] : 0 3 2 4 7 4 4 3 6 4 2 4 4 5 5 7 5 3 3 3 5 4
M[406] : 4 8 7 1 3 8 6 4 3 4 0 4 3 3 5 5 5 6 5 5 8 3
M[407] : 1 7 7 5 4 0 5 3 4 5 2 6 5 2 4 4 8 5 6 6 4 4
M[408] : 4 5 4 2 4 4 8 5 2 3 4 4 5 4 4 3 6 6 3 6 0 3
M[409] : 4 0 7 3 6 6 8 2 4 6 6 0 4 4 7 2 9 4 3 4 4 5
M[410] : 5 5 2 8 6 3 4 8 4 6 0 6 4 4 5 5 4 5 8 11 2 3
M[411] : 8 2 5 7 3 1 2 6 3 6 7 3 3 9 3 7 5 0 3 3 4 7
M[412] : 2 7 4 4 4 9 2 6 2 6 4 5 9 7 2 3 8 2 5 3 3 0
M[413] : 3 2 0 5 6 3 5 7 1 5 5 2 3 12 6 6 2 2 7 8 8 3
M[414] : 5 5 0 5 4 2 3 4 4 10 7 5 5 5 3 3 5 2 4 8 9 5
M[415] : 4 8 5 3 7 3 4 8 3 7 5 4 5 6 7 0 6 5 8 5 7 4
M[416] : 4 8 4 3 11 6 5 0 7 3 6 2 3 5 1 3 7 7 5 8 4 8
M[417] : 6 4 7 2 12 2 4 7 3 4 6 2 5 5 6 4 3 0 4 4 6 4
M[418] : 7 8 3 5 3 6 6 0 1 6 5 3 4 4 3 6 3 7 3 2 3 4
M[419] : 8 5 9 2 5 7 1 4 4 3 4 0 3 5 4 3 3 6 7 3 8 7
M[420] : 10 2 3 4 7 7 7 4 6 4 8 1 3 5 4 6 3 8 3 0 5 3
M[421] : 5 2 4 2 6 5 4 5 2 5 0 3 0 6 5 3 4 6 8 5 4 5
M[422] : 4 6 4 4 5 3 4 3 6 6 4 6 4 3 4 9 0 3 4 3 5 7
M[423] : 9 5 3 5 6 7 5 0 2 3 5 4 5 7 1 8 6 3 8 2 5 9
M[424] : 6 7 0 6 6 6 4 3 6 3 7 9 1 6 7 4 7 10 8 5 0 2
M[425] : 6 0 6 4 6 6 4 4 6 2 4 2 3 4 0 7 4 10 5 7 4 4
M[426] : 4 4 2 6 3 5 4 0 3 6 4 6 3 6 6 4 5 4 3 2 6 3
M[427] : 10 4 4 5 7 3 8 3 7 6 3 5 5 0 3 5 4 3 7 9 4 5
M[428] : 11 5 3 8 4 8 3 5 7 6 4 8 5 3 6 6 4 2 7 6 3 0
M[429] : 5 11 2 3 3 7 7 2 7 5 7 5 4 4 5 8 6 7 5 2 3 0
M[430] : 7 7 2 6 0 6 4 10 3 4 1 2 7 6 2 5 2 1 5 7 7 5
M[431] : 0 4 8 2 4 6 3 4 4 4 4 2 5 2 6 9 5 5 2 6 5 7
M[432] : 5 3 4 4 5 9 4 4 0 2 2 8 3 3 2 8 6 5 6 5 2 5
M[433] : 8 4 8 7 7 0 4 6 5 5 3 6 4 2 4 7 7 4 5 2 4 4
M[434] : 5 4 7 0 5 6 6 0 8 5 1 7 3 7 4 4 6 5 6 7 6 3
M[435] : 10 6 6 3 4 4 6 8 6 5 3 4 5 3 5 7 3 3 5 4 0 4
M[436] : 2 5 4 3 2 4 3 4 8 6 5 2 5 2 7 4 0 6 5 6 4 6
M[437] : 4 3 2 2 4 0 5 5 4 5 4 8 7 3 3 4 7 6 6 5 3 9
M[438] : 8 0 6 3 8 4 3 4 7 4 7 6 2 3 7 5 7 6 4 5 5 2
M[439] : 6 3 4 4 7 6 3 4 0 6 5 5 4 6 5 3 3 1 4 4 4 2
M[440] : 6 8 7 3 8 7 3 3 4 7 4 2 9 8 5 3 9 11 7 0 5 8
M[441] : 4 3 8 4 6 6 5 0 8 7 4 4 6 3 3 1 2 4 4 4 5 0
M[442] : 5 0 6 8 5 7 3 2 3 3 0 3 3 9 4 2 6 8 1 2 7 4
M[443] : 0 4 6 7 1 6 5 4 7 1 5 5 4 5 3 5 3 6 4 8 3 3
M[444] : 7 4 5 5 5 0 6 4 8 6 3 3 3 4 7 7 2 9 6 5 2 5
M[445] : 5 3 3 8 4 4 6 4 4 4 7 6 6 6 4 5 6 6 6 0 11 1
M[446] : 4 6 5 7 5 2 3 6 6 0 4 5 5 2 3 3 5 3 5 4 5 7
M[447] : 0 8 6 7 5 4 9 2 3 1 9 4 2 10 5 8 4 5 4 5 1 4
M[448] : 3 4 7 5 6 2 0 6 2 5 3 6 4 3 5 7 2 7 4 2 5 2
M[449] : 4 3 7 2 3 3 5 6 3 5 6 4 6 5 3 4 4 4 5 3 0 4
M[450] : 4 3 6 4 4 8 2 10 6 7 2 4 4 2 0 4 4 7 8 7 4 2
M[451] : 6 4 4 4 4 10 5 4 5 2 9 8 4 6 0 2 3 5 4 2 5 5
M[452] : 6 5 5 5 5 4 5 0 5 7 4 7 6 8 3 2 4 8 3 5 2 5
M[453] : 4 4 4 3 5 3 8 6 0 3 3 3 3 5 2 4 5 7 3 1 3 2
M[454] : 8 7 4 4 3 4 3 5 3 4 5 4 1 6 3 0 6 2 5 9 6 6
M[455] : 1 6 10 2 1 4 6 5 4 3 0 2 3 4 6 4 7 3 7 6 4 6
M[456] : 3 5 5 4 3 3 3 0 6 6 7 5 5 2 2 1 3 5 6 5 1 8
M[457] : 5 6 4 7 4 3 2 5 2 0 4 7 7 5 3 8 5 7 8 8 3 6
M[458] : 6 6 5 2 7 5 2 3 3 4 7 3 0 7 4 5 3 6 7 5 5 6
M[459] : 7 3 7 6 4 1 5 5 2 10 6 5 5 2 5 3 5 7 4 5 0 4
M[460] : 0 7 2 5 5 4 6 3 5 6 6 6 3 4 4 9 6 8 5 6 2 6
M[461] : 1 6 10 5 4 1 5 6 4 6 6 4 4 0 3 1 1 4 4 5 5 4
M[462] : 5 4 4 0 4 3 6 3 5 9 4 4 5 3 7 4 6 1 6 6 8 4
M[463] : 4 6 5 3 3 6 5 1 0 6 4 8 4 3 7 4 6 3 2 4 5 5
M[464] : 6 5 5 6 5 6 4 3 6 4 4 7 0 6 4 10 4 4 1 10 8 5
M[465] : 6 6 6 5 4 0 4 1 6 5 5 2 6 5 5 4 4 6 5 6 5 6
M[466] : 4 5 3 3 2 5 5 6 4 8 6 6 5 7 3 0 5 4 1 3 8 2
M[467] : 7 6 4 2 5 0 7 5 7 2 2 9 4 4 7 4 4 5 4 5 6 7
M[468] : 4 10 3 5 3 3 3 6 2 6 5 5 5 1 5 1 4 4 0 7 6 6
M[469] : 3 4 9 4 2 6 9 7 2 4 7 6 7 5 4 4 7 2 3 0 10 5
M[470] : 6 1 6 6 4 2 5 6 6 8 5 3 2 6 8 6 6 1 7 3 4 0
M[471] : 4 4 1 3 5 4 6 7 5 9 4 5 4 0 4 5 2 5 5 0 4 4
M[472] : 5 7 4 6 3 5 5 5 0 1 5 6 6 5 5 5 3 7 6 4 6 6
M[473] : 5 7 2 4 6 5 6 9 4 5 4 3 6 5 6 5 4 0 5 4 5 3
M[474] : 6 5 7 3 5 10 3 5 2 7 3 0 3 3 4 4 5 5 3 3 6 5
M[475] : 1 5 9 6 2 0 1 4 6 6 4 8 7 7 7 2 1 6 2 7 5 5
M[476] : 0 6 5 2 3 2 1 5 7 4 2 6 1 1 3 5 7 5 4 10 2 7
M[477] : 4 5 7 4 6 3 5 5 5 6 8 4 4 6 3 2 5 6 0 7 3 3
M[478] : 6 4 10 8 2 5 9 4 4 7 5 3 4 0 2 7 6 2 5 7 7 7
M[479] : 7 3 4 5 4 5 6 5 5 6 9 5 5 8 0 5 3 9 5 3 5 6
M[480] : 6 7 4 3 6 3 5 5 9 3 3 6 4 4 5 6 2 7 6 7 4 0
M[481] : 7 4 7 4 6 4 8 6 6 4 8 4 10 5 8 5 2 0 2 7 4 9
M[482] : 5 4 6 9 4 6 4 5 5 0 5 3 6 7 7 3 2 5 4 5 8 5
M[483] : 6 6 5 9 6 5 0 2 4 8 4 3 2 5 10 4 5 4 4 4 5 3
M[484] : 3 2 5 8 2 9 2 4 0 2 3 4 5 6 7 7 5 5 5 4 10 2
M[485] : 3 3 3 6 4 1 3 6 5 5 5 0 1 3 1 2 3 6 3 1 3 4
M[486] : 4 0 6 2 5 6 4 3 2 6 3 2 3 8 4 3 7 2 4 6 9 7
M[487] : 8 6 4 2 5 7 4 4 4 4 10 4 4 2 7 2 0 4 6 6 9 4
M[488] : 6 2 5 9 4 2 3 3 6 0 2 4 4 5 5 5 7 3 9 4 1 6
M[489] : 6 6 0 6 2 7 5 4 8 5 5 5 3 4 5 4 7 3 6 5 3 5
M[490] : 7 5 0 2 4 4 4 3 6 4 7 9 3 3 1 2 5 4 5 3 3 2
M[491] : 2 4 9 3 2 3 6 8 7 5 8 5 8 6 7 6 6 6 0 1 6 4
M[492] : 0 4 4 7 0 3 7 3 2 2 7 1 6 5 4 3 5 9 7 5 2 9
M[493] : 6 6 2 12 7 2 5 5 3 2 4 6 3 5 8 0 5 5 12 4 3 5
M[494] : 2 5 7 7 3 3 9 6 4 4 4 3 0 7 5 4 3 2 7 5 11 8
M[495] : 3 5 3 8 4 4 8 4 4 3 5 4 3 4 3 3 4 4 6 3 0 3
M[496] : 6 6 6 7 5 5 4 9 1 4 4 4 10 3 7 3 3 3 3 5 6 0
M[497] : 7 3 3 5 5 2 4 8 2 7 3 3 4 4 5 5 7 6 4 3 9 0
M[498] : 5 3 5 7 5 4 5 2 6 6 0 1 8 8 5 6 8 3 8 6 4 6
M[499] : 2 4 4 0 4 5 7 4 7 6 5 6 5 6 2 2 6 4 6 6 3 4
M[500] : 4 3 6 4 6 2 4 4 4 11 3 6 0 7 7 7 4 3 5 6 4 7
M[501] : 6 4 6 5 6 7 6 2 5 4 6 3 5 0 3 4 3 4 2 5 6 6
M[502] : 0 8 6 4 2 5 7 5 6 3 4 5 5 3 8 6 2 2 5 5 4 4
M[503] : 8 4 3 3 4 4 4 2 6 6 1 7 4 7 0 5 2 3 4 5 2 10
M[504] : 2 3 7 6 5 0 8 4 3 2 5 3 6 8 4 5 3 7 1 5 7 9
M[505] : 7 6 9 2 3 1 3 6 6 5 2 4 6 3 4 3 0 7 8 6 4 4
M[506] : 2 5 1 5 3 0 6 8 4 4 7 2 5 4 6 2 4 11 2 2 4 2
M[507] : 6 5 4 8 9 4 3 5 7 0 4 6 3 3 6 7 5 7 7 2 3 5
M[508] : 3 3 0 4 6 5 2 5 7 2 3 3 7 5 5 6 3 5 4 5 6 1
M[509] : 3 4 7 7 5 8 0 3 3 4 4 5 6 7 6 6 2 3 2 4 5 3
M[510] : 3 8 6 1 7 3 2 4 4 5 0 1 3 7 7 5 6 1 4 8 7 4
M[511] : 4 4 4 6 5 6 4 8 7 3 5 5 0 6 3 6 9 5 4 7 5 1
M[512] : 2 5 11 3 5 4 3 5 3 0 8 4 6 5 2 8 4 1 6 4 9 9
M[513] : 6 10 0 6 2 8 6 3 3 2 5 6 4 7 6 4 6 3 7 3 4 7
M[514] : 6 1 3 5 9 6 4 7 0 5 1 5 3 5 9 4 6 6 3 7 3 6
M[515] : 4 4 2 5 3 7 3 3 0 3 6 7 5 5 5 4 3 1 5 4 7 5
M[516] : 4 7 2 7 4 1 3 3 4 4 0 5 3 4 3 4 3 6 6 9 7 1
M[517] : 1 7 9 3 2 6 9 5 3 7 0 0 4 9 5 3 6 3 7 4 6 6
M[518] : 5 8 7 3 8 4 4 5 6 0 3 6 4 4 1 4 4 7 10 4 5 7
M[519] : 2 9 3 5 6 7 7 6 3 4 5 2 4 4 0 6 5 5 4 1 4 3
M[520] : 9 0 3 3 1 4 8 5 0 3 7 3 3 7 7 3 7 6 9 7 4 3
M[521] : 6 3 4 4 3 2 5 4 0 5 3 9 3 6 2 4 6 4 6 5 1 3
M[522] : 6 6 5 4 7 4 3 4 4 4 6 5 5 7 6 7 0 4 7 5 3 5
M[523] : 6 3 5 1 5 7 2 4 3 0 6 6 3 4 2 4 3 3 6 3 7 2
M[524] : 4 2 4 3 4 0 4 8 4 7 3 5 2 4 3 6 3 7 5 5 4 6
M[525] : 5 5 5 4 6 9 5 2 5 5 6 5 7 3 3 4 4 4 5 4 4 0
M[526] : 7 9 12 2 6 0 2 10 7 4 0 6 5 5 3 4 4 5 4 6 5 8
M[527] : 7 2 1 6 7 3 9 4 2 5 1 9 1 4 0 2 6 4 4 9 3 7
M[528] : 4 7 4 8 5 5 0 3 6 7 2 6 4 5 7 1 4 9 3 4 3 1
M[529] : 3 7 3 2 2 6 7 6 4 4 0 6 1 5 1 6 4 2 10 3 4 5
M[530] : 7 4 5 5 5 7 3 4 8 4 9 3 4 2 6 8 4 8 4 0 4 4
M[531] : 5 3 5 5 3 5 8 6 6 3 6 4 2 4 6 0 1 6 4 7 5 4
M[532] : 4 5 4 6 6 7 1 7 3 6 6 4 6 6 0 7 2 6 7 4 3 8
M[533] : 0 5 4 3 8 1 0 3 6 6 7 6 0 5 4 5 3 3 4 3 3 4
M[534] : 6 4 4 2 5 3 4 6 2 3 4 6 5 4 0 6 2 2 7 7 1 8
M[535] : 5 9 5 6 4 3 4 5 0 7 6 10 4 6 4 4 6 1 3 4 4 3
M[536] : 8 4 7 7 3 3 1 3 8 5 0 4 5 1 6 1 2 5 5 5 4 10
M[537] : 7 6 5 0 5 3 6 4 3 10 6 10 7 6 3 5 3 5 5 4 3 2
M[538] : 5 5 6 5 4 8 6 4 4 4 9 6 5 3 7 3 4 1 0 5 5 7
M[539] : 3 3 3 7 6 0 6 3 4 5 2 7 5 6 6 3 11 6 5 7 4 9
M[540] : 6 5 2 4 7 5 1 4 4 6 1 3 7 5 5 4 7 0 7 4 3 9
M[541] : 5 2 3 3 4 7 4 4 6 5 3 0 5 6 8 4 6 4 5 7 5 7
M[542] : 4 7 2 6 5 4 10 1 6 5 9 6 5 3 6 4 4 3 5 4 5 0
M[543] : 4 2 1 5 3 4 6 6 5 4 3 3 0 5 1 4 8 2 8 5 10 3
M[544] : 5 5 4 7 5 5 2 2 5 3 6 2 2 6 7 0 6 3 3 4 5 6
M[545] : 3 10 1 7 5 7 3 6 3 4 8 5 1 6 4 6 3 5 0 2 5 5
M[546] : 4 0 7 9 7 4 4 5 1 3 8 2 0 2 6 7 1 6 8 6 5 8
M[547] : 4 7 0 7 6 2 4 1 7 7 6 5 6 7 3 4 6 5 3 6 4 7
M[548] : 7 0 7 7 4 7 2 2 8 5 6 4 3 6 1 3 6 3 4 0 5 5
M[549] : 4 7 6 5 4 5 5 8 3 4 9 5 5 7 3 0 4 4 3 8 4 3
M[550] : 5 4 4 5 3 1 3 6 5 7 0 6 5 3 5 6 4 1 7 5 3 6
M[551] : 8 2 6 2 2 2 6 7 8 2 3 5 6 5 4 5 5 8 7 5 8 0
M[552] : 2 4 5 3 4 5 0 4 9 2 4 7 6 4 5 4 3 4 5 2 9 8
M[553] : 8 4 5 5 4 4 5 5 5 3 5 5 4 4 1 0 5 4 6 6 7 4
M[554] : 7 5 2 3 6 7 2 6 4 3 6 6 5 4 3 5 9 4 3 0 4 4
M[555] : 6 3 4 4 0 6 4 5 3 5 5 7 3 6 2 7 3 5 5 4 6 0
M[556] : 4 2 3 8 3 5 4 3 5 7 7 9 3 2 1 5 4 5 6 7 2 0
M[557] : 3 4 2 9 3 3 3 5 0 8 4 1 4 4 4 6 8 2 3 4 3 6
M[558] : 6 6 3 3 2 9 5 6 3 4 6 0 5 4 6 5 8 2 6 5 3 6
M[559] : 13 0 8 6 3 4 3 5 8 4 4 2 4 5 2 8 1 8 8 5 7 5
M[560] : 2 3 5 7 5 2 3 3 6 4 5 5 5 3 6 3 0 4 3 3 4 6
M[561] : 4 6 6 0 6 5 2 5 3 8 7 6 7 7 3 5 7 5 9 4 6 4
M[562] : 4 2 7 4 4 1 5 0 5 5 3 5 6 9 9 3 1 7 2 6 3 0
M[563] : 7 6 4 2 4 4 4 3 2 4 7 1 7 4 4 6 4 0 5 6 5 4
M[564] : 5 3 5 3 3 6 7 11 8 2 6 7 0 6 4 10 8 5 3 3 6 5
M[565] : 6 6 4 3 7 0 5 5 6 2 4 3 5 5 4 4 4 7 4 5 6 5
M[566] : 3 4 5 6 5 3 3 3 7 0 5 2 9 4 4 5 6 5 3 3 5 5
M[567] : 5 3 6 2 4 0 1 3 2 7 0 1 7 3 7 8 4 6 7 3 6 4
M[568] : 5 5 6 4 4 2 6 3 6 3 6 5 0 4 3 6 3 1 4 2 4 6
M[569] : 11 2 6 6 7 3 2 3 7 2 4 10 7 0 7 7 8 3 4 6 3 2
M[570] : 4 2 5 2 5 4 5 3 5 3 7 9 3 5 0 4 2 5 2 4 3 4
M[571] : 3 11 5 7 2 7 0 10 7 1 3 5 4 6 5 3 6 3 3 8 6 5
M[572] : 1 5 5 3 1 7 4 8 7 6 4 3 3 7 7 3 6 6 4 5 6 0
M[573] : 2 0 5 3 5 0 6 5 5 3 7 0 5 2 2 5 4 5 6 5 4 4
M[574] : 7 4 4 5 4 6 1 7 5 4 0 5 4 6 1 6 3 7 1 9 1 6
M[575] : 5 4 2 6 8 7 2 7 8 5 8 7 3 6 4 7 2 7 0 4 4 5
M[576] : 6 2 3 5 0 7 4 8 8 4 3 4 6 2 4 5 3 5 4 4 8 2
M[577] : 3 3 4 5 5 6 3 2 3 3 6 5 4 7 4 8 6 10 3 5 5 0
M[578] : 4 6 7 7 5 3 5 1 0 6 3 5 3 13 6 4 4 11 3 7 1 3
M[579] : 4 7 3 5 2 2 5 3 9 0 3 5 3 6 4 3 5 3 5 6 8 7
M[580] : 5 7 7 5 6 9 5 5 2 4 0 5 3 6 6 5 3 8 5 3 4 7
M[581] : 7 4 6 6 8 6 3 6 4 0 5 7 4 6 7 3 10 6 3 0 5 4
M[582] : 5 7 6 3 5 8 5 3 0 6 6 2 2 3 4 6 5 1 11 6 2 8
M[583] : 1 8 4 4 6 0 2 7 1 3 4 4 6 4 6 5 3 3 4 2 5 3
M[584] : 4 8 5 5 5 8 2 8 5 7 8 7 3 4 4 4 3 6 3 4 0 8
M[585] : 1 2 7 6 5 8 10 0 3 5 1 5 5 5 5 4 2 10 4 6 5 5
M[586] : 6 3 4 9 6 5 3 5 7 0 3 6 3 4 4 4 6 9 3 5 3 2
M[587] : 4 0 4 8 3 6 4 6 6 7 6 3 2 7 4 4 4 4 4 2 6 5
M[588] : 5 6 1 4 4 5 3 10 1 2 9 5 0 4 4 1 6 2 6 3 7 7
M[589] : 7 1 3 5 2 3 2 2 3 6 6 6 4 4 3 4 4 5 5 3 2 0
M[590] : 6 6 4 5 2 5 1 1 2 4 2 5 3 2 2 6 0 5 4 2 11 5
M[591] : 0 4 4 4 5 4 5 5 5 6 8 2 4 4 4 5 5 7 5 6 2 4
M[592] : 5 2 5 2 1 4 7 2 6 6 0 8 4 9 3 8 3 5 4 4 0 5
M[593] : 7 6 3 7 1 2 4 5 6 4 7 3 5 4 2 4 0 2 6 4 3 3
M[594] : 3 3 2 4 4 6 0 1 8 9 3 5 3 3 5 3 7 2 5 5 5 3
M[595] : 6 4 1 3 6 4 7 4 2 5 5 4 6 4 6 3 2 3 0 3 3 7
M[596] : 4 6 5 4 8 3 0 0 2 6 3 8 6 9 4 5 7 6 5 3 6 4
M[597] : 6 5 4 5 4 6 6 2 4 7 3 5 8 8 4 1 9 0 6 3 4 5
M[598] : 5 3 4 8 4 7 4 4 6 4 8 4 7 5 6 5 3 6 6 4 0 3
M[599] : 6 1 4 6 5 3 4 1 3 3 4 4 3 7 5 8 5 5 5 7 0 6
M[600] : 3 4 3 5 3 0 4 4 4 1 5 7 3 3 6 3 7 7 3 8 6 3
M[601] : 5 0 3 6 7 2 3 7 9 6 3 2 8 7 4 6 3 4 4 6 4 5
M[602] : 4 3 5 4 4 3 4 6 2 4 1 3 6 6 1 4 4 7 0 2 5 4
M[603] : 3 7 4 4 5 5 5 0 3 2 5 8 5 5 4 6 4 1 5 6 2 2
M[604] : 2 4 3 5 0 6 7 5 9 6 4 5 7 9 4 8 4 6 7 5 5 4
M[605] : 2 7 5 2 5 3 5 5 2 6 2 0 4 4 5 7 3 2 7 3 1 7
M[606] : 4 0 3 3 4 4 2 3 2 5 1 4 6 7 5 5 4 4 4 3 6 4
M[607] : 6 5 2 7 5 6 0 4 3 1 5 4 1 7 3 3 6 2 4 2 2 2
M[608] : 6 3 5 7 5 5 4 3 3 4 0 1 5 4 7 6 2 4 7 3 5 5
M[609] : 2 5 6 4 3 2 4 3 3 6 3 6 0 2 3 5 3 4 4 2 4 4
M[610] : 8 6 5 5 4 2 5 2 5 4 6 1 7 0 4 4 2 4 6 4 5 3
M[611] : 7 9 10 6 7 2 0 3 6 5 4 6 6 2 7 4 8 4 3 7 4 9
M[612] : 0 4 4 5 4 4 3 4 2 4 3 2 5 5 5 4 7 5 1 8 3 10
M[613] : 0 5 2 6 8 6 5 7 7 5 5 5 3 5 4 8 4 8 5 1 6 4
M[614] : 4 2 3 6 5 4 5 3 1 4 3 7 4 3 4 5 4 2 6 6 0 4
M[615] : 6 4 7 0 5 2 2 1 5 7 5 3 7 5 6 5 1 3 4 3 3 4
M[616] : 5 7 6 3 6 4 4 3 3 4 5 5 6 4 3 5 1 1 8 5 0 6
M[617] : 7 1 4 4 1 4 9 4 8 8 6 11 7 3 5 4 6 3 5 5 0 2
M[618] : 4 2 10 7 8 5 4 2 1 5 5 6 0 9 4 5 5 8 4 6 2 5
M[619] : 5 3 0 2 7 5 5 6 6 9 5 3 6 4 5 6 4 3 5 3 5 3
M[620] : 6 3 7 6 2 5 2 7 9 0 3 3 4 7 5 2 3 3 5 3 3 3
M[621] : 5 6 5 3 2 8 2 3 6 6 2 8 4 7 3 7 5 3 0 6 3 3
M[622] : 3 5 0 4 6 6 6 4 3 6 5 6 6 4 3 3 4 8 4 6 4 7
M[623] : 3 5 0 6 3 4 5 5 7 3 10 5 5 8 7 4 9 4 4 5 1 3
M[624] : 4 5 3 8 7 5 0 4 3 4 5 4 1 8 3 5 4 4 5 4 6 6
M[625] : 0 5 8 5 10 7 4 2 6 8 4 8 5 6 8 2 7 3 5 4 6 4
M[626] : 5 4 5 6 6 4 0 6 4 6 5 3 7 4 6 5 6 11 5 7 7 4
M[627] : 3 8 3 8 3 5 6 0 6 3 5 6 5 6 4 2 7 5 6 3 6 4
M[628] : 4 5 6 3 8 5 2 5 5 4 2 5 9 4 5 6 5 5 10 0 2 6
M[629] : 9 3 6 10 3 5 6 4 0 4 7 6 5 5 6 4 7 5 2 3 4 11
M[630] : 5 3 4 7 9 4 7 6 4 2 4 5 4 4 5 6 4 3 5 5 0 3
M[631] : 7 0 9 9 7 2 8 7 5 6 3 7 6 7 5 1 2 6 6 2 5 3
M[632] : 9 5 4 4 2 6 2 2 5 3 3 4 4 1 0 4 4 3 4 5 4 5
M[633] : 7 3 8 9 7 10 4 5 5 4 7 5 2 2 6 4 0 4 4 3 3 3
M[634] : 1 0 5 3 7 3 5 3 4 5 2 4 5 2 2 4 7 7 8 6 0 4
M[635] : 6 4 3 9 5 5 4 4 2 8 6 3 1 5 3 6 0 5 2 0 4 2
M[636] : 2 5 7 4 6 1 9 8 5 6 4 0 8 3 6 8 3 2 1 6 6 5
M[637] : 7 4 6 8 3 8 5 1 6 9 3 0 9 6 7 3 5 4 8 6 8 8
M[638] : 7 2 8 6 6 7 7 2 0 2 2 3 4 7 2 4 5 1 7 5 3 6
M[639] : 3 4 4 9 5 0 7 7 5 6 5 2 3 4 3 9 8 8 3 3 3 4
M[640] : 5 4 5 7 6 10 6 1 6 6 3 0 5 1 8 6 6 7 3 6 6 5
M[641] : 9 6 4 2 0 4 6 4 8 5 7 5 2 5 2 5 4 5 3 6 4 1
M[642] : 4 0 4 5 2 6 5 3 2 4 7 3 6 7 7 7 4 3 2 4 7 4
M[643] : 6 6 0 6 4 6 3 5 7 5 4 4 3 5 3 5 5 8 9 4 5 6
M[644] : 6 2 2 9 5 5 0 6 3 1 2 6 3 4 2 3 5 8 5 4 5 4
M[645] : 3 0 3 7 4 6 5 3 3 6 3 4 4 9 3 5 7 4 3 6 5 5
M[646] : 4 3 2 5 4 6 2 6 6 4 1 0 4 6 3 8 2 3 8 6 7 5
M[647] : 4 0 5 4 7 5 5 6 4 6 2 4 5 7 3 2 4 4 6 6 3 5
M[648] : 6 5 8 3 2 4 5 5 5 7 6 2 3 8 5 2 4 6 3 0 6 3
M[649] : 5 4 5 8 3 4 5 2 4 4 4 4 6 6 8 0 7 5 6 5 1 9
M[650] : 6 0 2 3 4 7 4 5 5 6 6 4 4 8 5 6 5 5 7 3 7 7
M[651] : 5 4 7 2 4 5 7 4 5 4 4 5 4 6 2 6 0 4 3 3 4 8
M[652] : 1 3 6 4 6 0 4 5 5 1 6 3 3 3 3 3 4 1 6 5 5 0
M[653] : 6 4 5 6 5 5 9 7 5 7 8 9 3 7 2 2 7 7 0 4 4 6
M[654] : 7 4 6 4 5 3 1 4 2 6 7 4 3 0 5 5 1 3 5 4 5 8
M[655] : 8 4 7 8 10 2 8 5 6 4 3 3 4 4 4 4 6 0 4 3 0 3
M[656] : 4 5 0 5 3 2 3 6 10 5 5 3 5 3 2 3 2 4 2 3 6 5
M[657] : 0 5 4 2 9 10 6 8 8 3 2 6 6 3 5 5 6 4 4 4 3 9
M[658] : 4 6 5 5 3 7 6 4 7 3 5 9 6 3 4 6 5 5 2 2 2 0
M[659] : 4 8 3 6 5 4 2 3 3 6 3 7 10 4 8 6 3 2 3 4 0 5
M[660] : 1 2 5 8 7 4 4 5 8 5 3 7 7 0 6 11 3 7 5 3 7 3
M[661] : 4 0 4 5 7 6 8 5 6 3 3 6 8 8 4 3 3 3 4 5 4 4
M[662] : 5 8 3 10 4 6 2 5 5 4 2 5 10 6 6 4 2 4 5 0 3 6
M[663] : 9 7 6 3 0 3 6 6 6 2 6 3 7 4 0 8 3 10 2 5 5 6
M[664] : 5 2 3 4 3 9 3 3 5 3 7 5 4 6 0 6 4 9 3 3 6 5
M[665] : 3 10 6 1 3 0 5 6 3 5 8 7 2 1 7 5 0 8 5 4 5 9
M[666] : 5 4 6 4 5 9 7 4 5 6 3 0 7 4 0 2 8 3 3 4 6 4
M[667] : 4 7 5 6 2 4 2 7 4 2 2 6 5 4 7 5 6 3 2 1 2 0
M[668] : 3 8 3 2 7 5 6 7 2 5 5 2 10 5 4 3 6 2 0 7 4 4
M[669] : 0 4 5 5 5 5 4 7 8 8 4 6 4 5 3 3 4 4 5 8 5 5
M[670] : 1 5 0 8 5 3 5 3 3 7 4 10 7 3 3 3 4 4 4 4 6 2
M[671] : 4 2 2 5 3 5 4 4 8 0 5 3 7 7 2 4 0 6 5 3 9 0
M[672] : 3 8 5 0 3 6 12 3 7 4 6 4 5 6 3 5 5 2 4 4 4 4
M[673] : 3 5 5 8 6 3 10 4 4 6 5 2 0 6 4 5 3 6 7 4 2 9
M[674] : 2 3 8 5 4 0 4 4 5 5 5 5 4 8 5 4 4 3 5 4 3 4
M[675] : 8 5 8 10 5 2 2 4 6 9 7 9 6 4 5 10 4 2 0 6 4 10
M[676] : 8 5 0 6 4 6 5 1 5 4 4 6 7 6 6 1 6 8 6 6 3 6
M[677] : 3 7 2 9 4 7 5 8 5 0 5 4 4 7 2 2 6 2 4 3 3 2
M[678] : 7 5 3 2 5 7 1 7 1 5 6 4 5 0 5 6 6 8 3 4 4 0
M[679] : 4 1 2 7 6 2 4 3 6 0 5 7 5 5 4 4 3 5 6 11 8 2
M[680] : 4 4 4 3 1 2 2 6 5 3 5 3 5 5 7 10 9 12 5 0 7 6
M[681] : 3 6 5 9 2 0 6 3 9 4 6 4 2 6 4 5 9 5 6 5 6 6
M[682] : 5 5 5 8 4 7 9 2 3 12 4 3 4 3 3 4 0 6 5 5 1 4
M[683] : 5 7 5 6 3 6 6 3 2 3 2 6 4 5 4 9 2 0 5 7 2 3
M[684] : 3 6 0 4 6 1 4 5 5 3 4 4 8 3 5 8 3 2 5 7 7 8
M[685] : 9 6 4 0 4 5 4 3 4 4 8 4 6 7 2 5 4 8 3 0 5 2
M[686] : 11 0 3 5 4 13 5 3 5 3 3 8 8 4 6 7 6 4 3 4 10 7
M[687] : 5 7 3 5 1 3 3 5 3 5 0 1 3 1 7 6 6 5 4 5 3 6
M[688] : 3 7 5 5 8 3 0 3 6 4 3 4 7 4 5 8 7 3 6 3 5 4
M[689] : 4 6 3 8 7 3 4 4 0 1 4 6 1 6 4 3 2 2 3 4 8 4
M[690] : 3 4 4 4 0 4 5 3 3 4 4 5 5 10 7 6 3 7 2 3 5 5
M[691] : 5 4 0 3 6 7 5 4 2 3 4 4 5 5 4 3 8 5 1 4 3 6
M[692] : 4 7 5 4 6 3 6 4 2 3 5 6 0 9 5 4 6 3 5 9 6 6
M[693] : 6 5 4 0 3 6 7 4 3 9 6 4 1 5 3 7 5 3 2 4 5 3
M[694] : 2 7 2 5 8 4 6 8 1 2 7 1 7 2 0 4 4 5 4 5 5 1
M[695] : 5 5 4 4 3 6 1 5 5 4 0 10 6 3 4 4 4 2 4 4 2 3
M[696] : 5 5 9 5 4 7 5 3 6 4 6 6 7 6 7 3 6 2 2 9 3 0
M[697] : 8 3 1 7 7 3 5 4 4 6 1 4 2 0 5 3 4 3 6 7 2 4
M[698] : 4 7 9 4 3 12 5 3 3 6 1 8 0 4 8 4 6 4 3 3 5 5
M[699] : 8 4 3 3 0 4 4 4 2 5 5 6 7 3 5 8 7 2 4 2 8 5
M[700] : 0 7 2 5 4 5 5 2 7 7 5 2 3 8 3 4 2 3 4 6 3 2
M[701] : 0 6 4 5 7 3 3 6 7 4 7 7 6 2 5 5 4 3 6 6 5 4
M[702] : 6 1 4 9 3 5 10 4 5 4 5 3 3 6 6 5 5 0 8 7 6 3
M[703] : 3 5 4 0 2 6 4 5 5 6 6 5 6 5 3 6 4 6 5 3 8 6
M[704] : 0 6 6 4 4 3 8 2 6 6 11 2 7 3 3 3 4 7 7 5 6 4
M[705] : 7 5 1 2 3 3 5 7 5 4 4 0 4 3 5 3 4 7 8 4 5 1
M[706] : 6 3 5 8 6 2 4 2 5 3 5 7 8 3 6 0 6 8 4 3 7 4
M[707] : 3 6 3 7 7 4 6 5 1 0 7 6 3 4 7 3 1 9 7 5 5 4
M[708] : 9 4 8 2 8 2 8 8 8 2 3 0 2 4 7 4 4 2 1 8 4 4
M[709] : 7 6 7 5 4 4 6 5 4 1 7 5 6 0 4 8 4 3 11 4 5 2
M[710] : 6 7 5 7 5 6 3 5 4 0 3 4 5 4 7 3 4 5 9 5 2 2
M[711] : 9 5 7 6 4 4 11 5 9 2 4 7 4 5 6 3 5 3 5 0 4 5
M[712] : 4 8 4 2 2 6 6 5 6 6 6 6 5 5 7 0 0 8 1 3 7 3
M[713] : 5 6 4 3 3 4 5 7 6 3 4 5 6 6 6 5 5 0 8 5 8 4
M[714] : 5 3 6 5 8 4 5 3 4 6 4 3 3 5 5 0 3 4 1 6 4 6
M[715] : 6 4 5 4 7 4 3 5 5 8 0 3 3 1 3 7 6 5 5 6 9 4
M[716] : 6 6 9 3 5 6 3 0 2 4 2 1 5 5 8 7 4 5 6 5 4 5
M[717] : 7 5 6 7 3 5 3 7 5 3 5 5 0 3 6 6 4 5 7 7 4 3
M[718] : 4 0 5 11 5 6 8 2 4 3 6 6 5 9 1 2 7 4 10 2 6 4
M[719] : 4 4 4 8 3 5 3 5 1 4 4 4 4 1 5 7 5 7 0 3 3 2
M[720] : 4 4 6 5 0 5 6 5 4 2 7 4 6 7 7 9 2 4 4 5 12 2
M[721] : 6 5 4 4 5 12 5 0 4 6 3 5 5 5 5 7 8 7 8 5 3 2
M[722] : 3 3 6 3 0 3 3 4 5 7 4 3 1 4 6 5 7 4 5 5 1 4
M[723] : 2 7 2 4 5 3 7 2 1 4 6 5 7 9 2 8 4 5 2 3 1 0
M[724] : 5 0 2 4 7 8 6 4 4 2 2 3 3 4 8 8 4 5 5 5 4 3
M[725] : 5 3 7 5 0 3 4 9 8 4 7 7 4 2 3 9 5 2 0 5 8 2
M[726] : 2 4 2 1 4 7 2 5 3 4 4 1 4 4 6 3 0 4 4 5 3 9
M[727] : 4 3 4 5 4 4 0 3 8 5 5 3 7 4 4 6 5 7 4 4 3 8
M[728] : 9 4 3 3 0 7 4 4 5 6 6 1 5 2 7 2 3 6 1 2 6 6
M[729] : 4 7 3 7 1 7 3 4 8 4 10 4 4 8 5 5 0 7 6 5 4 6
M[730] : 8 5 2 3 8 2 5 12 6 5 7 5 6 4 4 3 7 0 6 7 3 5
M[731] : 4 6 4 4 2 0 8 3 3 4 4 6 2 2 4 4 4 8 2 4 3 9
M[732] : 8 6 3 4 3 8 1 6 9 5 3 3 0 5 5 5 9 4 0 5 5 6
M[733] : 6 4 7 4 3 3 4 6 3 0 4 5 2 7 9 3 4 2 7 4 6 5
M[734] : 6 6 6 2 0 2 4 2 5 4 0 4 3 4 6 3 7 3 5 4 4 4
M[735] : 5 3 5 3 1 5 2 5 5 6 4 5 6 1 7 6 4 0 4 5 6 7
M[736] : 0 4 6 1 2 2 7 4 7 7 7 7 6 6 7 8 2 10 6 6 2 3
M[737] : 7 3 4 4 2 1 2 4 4 7 6 4 3 7 3 4 5 5 6 8 0 5
M[738] : 5 5 3 8 4 0 4 6 9 7 3 8 4 2 6 5 5 6 7 4 5 6
M[739] : 4 8 6 5 1 3 5 5 0 6 4 3 4 7 2 5 2 2 2 3 5 6
M[740] : 5 3 3 4 8 6 8 6 6 5 10 8 14 2 7 5 5 9 4 3 5 0
M[741] : 8 7 6 1 2 6 8 4 8 5 5 4 6 7 5 4 4 8 5 0 9 0
M[742] : 9 6 3 2 4 0 2 3 3 3 6 5 4 4 3 3 4 4 5 4 4 2
M[743] : 2 5 1 7 2 7 4 0 5 5 6 2 2 4 6 8 5 4 3 5 6 1
M[744] : 4 6 4 0 4 4 3 4 4 3 4 5 5 6 4 2 5 4 6 4 6 7
M[745] : 3 9 4 4 8 4 5 7 5 4 1 3 8 8 6 3 0 5 3 9 5 6
M[746] : 4 3 5 4 4 8 4 0 3 6 6 3 7 1 3 6 3 3 7 4 3 7
M[747] : 0 3 3 4 2 6 4 3 3 7 2 4 6 5 7 6 9 6 8 6 7 6
M[748] : 8 6 3 3 5 3 8 2 6 5 2 7 1 3 4 3 6 4 3 0 2 5
M[749] : 2 5 2 6 3 10 5 0 9 9 7 3 8 5 3 4 8 3 6 6 6 6
M[750] : 2 4 8 8 5 7 1 5 3 3 6 4 5 3 2 0 3 7 5 2 6 8
M[751] : 5 9 6 0 3 6 2 5 6 4 6 6 3 6 6 3 6 3 3 7 5 6
M[752] : 7 1 9 4 6 7 8 4 2 6 5 8 5 4 5 7 7 3 5 4 5 0
M[753] : 10 4 6 5 7 2 0 5 5 5 4 6 3 2 6 8 2 4 4 5 5 3
M[754] : 4 5 0 7 4 5 9 1 2 8 3 2 7 8 3 5 5 7 4 4 4 5
M[755] : 7 2 3 9 4 5 6 1 2 5 4 3 3 0 7 4 6 7 6 7 5 5
M[756] : 3 0 5 2 3 2 7 6 3 5 0 4 2 4 4 6 3 5 6 4 6 11
M[757] : 6 2 0 7 4 6 6 9 7 5 7 6 4 5 2 4 6 5 10 2 5 6
M[758] : 6 2 1 4 4 5 2 2 7 3 1 8 1 3 1 2 0 8 0 7 7 4
M[759] : 5 5 5 6 4 8 4 5 5 5 7 3 5 3 4 0 8 2 6 4 3 3
M[760] : 7 9 1 7 3 3 6 9 4 7 0 6 4 3 3 8 3 2 5 9 7 5
M[761] : 4 3 5 6 0 6 7 4 6 4 3 4 5 5 10 7 4 7 3 9 7 7
M[762] : 7 6 3 5 5 6 0 5 7 6 8 8 8 6 3 2 4 2 3 6 8 4
M[763] : 5 4 2 8 5 3 3 6 7 3 6 3 8 6 4 0 8 3 6 6 7 6
M[764] : 4 5 5 3 6 13 4 3 5 7 8 2 6 4 4 1 6 0 4 7 4 7
M[765] : 0 6 6 7 3 4 4 6 8 2 4 4 3 5 8 4 2 3 4 3 9 6
M[766] : 5 6 5 4 6 6 4 4 1 6 3 5 5 4 2 6 3 3 7 7 0 4
M[767] : 4 8 3 2 4 1 3 2 6 6 5 0 3 4 3 2 5 3 4 2 4 6
M[768] : 5 9 3 1 5 2 0 3 1 3 1 4 4 7 7 4 3 5 5 1 7 4
M[769] : 6 6 9 6 4 5 6 3 8 3 3 5 6 9 4 4 2 4 6 0 2 6
M[770] : 9 7 8 5 6 5 5 0 4 7 3 5 7 3 5 3 5 4 2 5 4 6
M[771] : 3 5 6 1 4 6 5 4 9 3 4 0 7 5 5 3 6 2 1 3 6 7
M[772] : 3 2 6 2 8 4 7 4 9 4 5 3 2 4 6 5 3 3 4 0 4 5
M[773] : 7 4 4 7 6 6 4 2 7 6 6 3 2 8 6 3 4 0 5 6 7 10
M[774] : 3 4 4 6 0 6 5 3 4 4 7 6 6 6 6 3 4 5 6 2 3 4
M[775] : 5 7 4 4 4 0 1 3 8 4 2 5 7 1 6 3 5 2 6 3 5 6
M[776] : 8 7 4 2 3 7 6 6 5 8 4 6 5 6 5 4 3 4 7 2 7 0
M[777] : 4 6 5 3 7 8 5 3 2 3 4 1 6 0 5 6 4 9 10 7 3 10
M[778] : 8 2 6 4 5 4 6 6 5 3 6 2 4 7 3 7 0 5 2 6 8 4
M[779] : 6 11 5 3 4 3 2 6 5 2 6 3 6 3 4 4 3 3 4 5 0 7
M[780] : 4 3 3 8 8 3 4 7 4 2 2 1 6 8 8 4 6 3 1 2 0 4
M[781] : 6 3 6 5 6 4 6 6 4 2 6 3 2 2 0 4 4 1 4 4 5 8
M[782] : 4 3 4 6 6 6 3 3 9 1 1 0 6 3 4 4 2 8 8 7 5 2
M[783] : 6 4 3 0 5 4 8 8 5 4 4 5 7 4 5 9 1 3 4 5 6 7
M[784] : 0 7 4 4 5 5 6 4 5 5 5 5 4 7 5 0 6 6 9 6 6 3
M[785] : 5 5 6 4 3 6 5 1 4 6 7 4 5 6 6 7 2 0 5 6 4 5
M[786] : 3 11 5 5 3 8 2 4 3 2 1 5 7 0 8 5 4 4 7 6 7 7
M[787] : 2 3 5 2 8 0 7 8 4 7 9 4 6 5 3 3 2 1 4 10 1 4
M[788] : 3 7 5 8 5 0 6 5 3 2 4 3 5 9 2 4 2 3 2 3 4 2
M[789] : 4 4 3 7 5 5 8 4 5 4 0 2 2 4 4 5 6 4 4 5 6 3
M[790] : 9 0 3 3 5 5 5 7 7 5 5 1 1 4 5 3 4 6 6 2 8 5
M[791] : 4 0 4 5 7 3 6 5 6 2 6 9 4 4 4 5 6 2 5 7 8 2
M[792] : 7 0 3 3 8 5 5 5 4 3 7 2 7 3 7 3 5 2 3 2 5 5
M[793] : 0 5 3 5 3 4 4 6 4 6 4 3 5 6 4 4 5 3 3 9 5 5
M[794] : 5 7 6 7 2 3 5 3 7 7 1 3 3 6 8 2 8 8 0 2 7 4
M[795] : 6 1 7 4 2 5 7 8 0 6 3 2 3 6 2 2 7 4 4 7 7 5
M[796] : 2 7 4 6 5 5 4 4 7 4 3 0 6 3 7 6 5 5 5 4 3 7
M[797] : 4 4 3 0 5 6 5 3 3 5 5 5 2 7 4 4 4 3 5 5 4 2
M[798] : 6 5 4 0 6 4 4 5 2 5 7 4 7 3 6 4 8 4 2 4 4 3
M[799] : 3 6 4 4 4 5 7 4 3 2 5 5 4 5 2 3 0 7 6 3 3 2
M[800] : 5 4 0 8 7 3 7 5 4 3 5 5 8 7 9 6 4 5 2 5 2 7
M[801] : 4 2 8 1 1 9 0 7 2 10 1 4 5 9 3 5 8 2 5 7 4 9
M[802] : 4 5 8 4 4 3 7 1 5 1 7 4 3 5 1 3 6 6 0 6 2 5
M[803] : 5 7 4 5 6 3 4 6 7 0 9 5 5 3 2 5 6 8 3 4 1 4
M[804] : 2 3 4 3 3 2 3 3 4 4 6 3 5 3 5 4 4 2 6 6 0 4
M[805] : 8 4 1 6 8 4 8 6 0 3 3 7 5 4 3 5 8 6 5 3 5 4
M[806] : 7 7 10 4 4 6 4 7 6 6 1 7 4 4 6 5 0 2 6 7 4 6
M[807] : 4 6 5 5 12 0 5 8 11 3 7 7 4 7 4 1 5 1 6 5 4 4
M[808] : 8 5 0 7 5 3 1 9 5 9 1 4 3 3 4 3 8 7 2 4 5 4
M[809] : 6 7 5 6 8 4 10 8 9 0 4 4 3 4 6 2 6 4 3 2 10 5
M[810] : 2 4 5 7 7 7 10 5 3 3 2 3 3 5 3 9 2 2 8 3 5 0
M[811] : 5 3 5 2 7 6 6 3 7 6 6 6 3 0 3 4 5 9 4 6 4 5
M[812] : 5 7 4 4 6 6 5 5 0 6 8 5 4 9 7 5 7 12 4 3 7 5
M[813] : 3 2 5 6 7 5 3 2 5 7 5 0 3 6 4 7 7 7 4 5 3 5
M[814] : 4 5 3 9 4 5 0 7 4 4 3 5 5 6 5 3 5 3 1 2 5 0
M[815] : 8 5 3 5 4 6 6 6 2 3 3 3 4 5 2 4 0 4 3 7 6 6
M[816] : 4 2 5 8 7 8 6 6 8 9 4 3 4 5 2 6 0 7 5 10 2 3
M[817] : 5 3 5 6 6 9 0 5 7 2 7 3 3 6 3 5 2 7 9 3 6 5
M[818] : 6 6 2 5 4 6 7 5 7 3 4 1 11 0 8 7 6 8 7 5 6 4
M[819] : 3 8 3 0 4 6 8 4 7 3 7 4 6 5 1 2 2 5 5 6 2 4
M[820] : 2 5 4 5 4 4 4 2 4 3 8 5 0 7 3 3 3 7 8 6 6 2
M[821] : 7 3 5 5 5 2 6 4 4 6 7 3 5 4 6 5 5 0 7 7 5 6
M[822] : 4 8 5 2 6 6 2 3 3 4 7 4 4 1 3 5 6 8 7 5 0 3
M[823] : 9 5 4 3 3 4 4 5 5 4 5 3 3 9 6 6 9 7 6 3 1 0
M[824] : 7 3 7 0 6 6 4 4 4 3 9 3 7 4 7 2 5 0 3 8 5 3
M[825] : 3 2 1 0 6 4 4 3 9 3 5 3 3 7 4 2 3 8 4 7 3 5
M[826] : 9 8 7 3 6 5 6 6 7 3 4 2 3 3 2 2 0 3 1 4 3 4
M[827] : 5 2 6 5 7 6 4 5 6 4 9 7 0 7 3 6 4 7 7 4 3 4
M[828] : 4 4 4 2 6 3 2 5 5 3 5 6 6 7 8 5 1 4 0 4 6 3
M[829] : 9 3 1 3 3 6 0 2 4 6 7 7 5 3 6 3 6 4 3 5 3 7
M[830] : 6 4 9 5 3 1 1 3 2 6 0 7 0 5 4 3 6 6 7 3 3 4
M[831] : 0 4 1 3 6 7 4 3 5 3 4 8 5 8 6 3 4 4 4 7 3 1
M[832] : 3 9 5 4 5 5 4 2 9 6 5 8 1 4 0 3 5 3 3 4 0 5
M[833] : 6 3 5 5 5 7 6 1 8 4 7 5 7 0 2 7 3 5 0 12 2 3
M[834] : 5 6 6 8 5 4 2 2 0 7 4 8 6 4 1 3 3 5 2 6 3 5
M[835] : 6 2 4 3 2 6 5 7 4 4 2 7 7 0 4 5 2 3 3 6 4 6
M[836] : 5 4 7 7 2 2 1 4 7 1 5 8 5 6 5 3 8 3 0 6 5 5
M[837] : 3 3 5 2 8 8 7 3 7 0 6 5 3 7 2 5 4 4 5 4 6 3
M[838] : 1 2 0 4 6 8 5 5 2 7 8 6 4 1 3 5 8 1 3 1 7 4
M[839] : 10 4 7 5 3 7 5 3 5 7 2 5 6 0 3 2 3 5 4 6 6 7
M[840] : 3 6 5 4 6 7 0 2 7 5 3 0 3 6 0 2 7 6 5 2 6 5
M[841] : 5 5 5 4 0 4 7 3 3 7 3 6 3 5 3 5 6 5 3 2 5 4
M[842] : 6 3 3 6 6 7 4 1 0 4 6 3 5 4 4 5 4 4 4 4 4 5
M[843] : 8 8 5 3 0 2 6 4 6 2 10 4 3 4 1 3 5 8 1 5 5 5
M[844] : 2 4 0 5 3 5 6 3 3 6 3 6 6 6 7 4 6 3 3 9 4 3
M[845] : 2 6 1 4 5 3 3 4 3 4 5 6 0 3 6 3 2 2 7 7 5 8
M[846] : 4 2 4 0 3 4 3 6 7 2 4 1 7 7 2 9 3 6 6 2 5 2
M[847] : 8 1 2 4 3 7 3 4 3 8 4 3 3 4 6 4 4 3 4 5 0 8
M[848] : 5 0 5 6 5 4 3 3 2 8 2 5 3 2 5 9 5 5 5 5 6 7
M[849] : 2 4 11 2 10 7 6 4 5 3 6 4 8 5 4 0 3 2 5 9 3 8
M[850] : 5 2 6 5 3 1 3 3 0 4 5 6 4 4 0 3 7 8 5 2 4 5
M[851] : 7 8 5 6 7 5 3 5 5 9 6 5 2 5 6 6 5 6 7 5 7 0
M[852] : 9 4 10 0 5 5 8 4 6 3 5 2 7 3 6 4 5 6 4 6 4 6
M[853] : 5 2 0 4 3 7 1 3 5 3 5 7 4 6 5 9 5 3 3 7 3 2
M[854] : 8 11 5 4 3 5 3 2 0 5 6 5 4 7 7 2 3 9 2 5 3 2
M[855] : 6 4 7 6 4 2 6 7 4 5 5 5 2 4 4 6 2 0 8 2 2 8
M[856] : 4 3 5 7 7 4 8 8 6 6 5 3 7 1 3 5 1 8 0 6 8 4
M[857] : 4 12 3 3 5 5 3 3 2 1 2 4 5 3 3 6 3 4 4 0 0 7
M[858] : 4 9 1 5 7 4 4 0 2 4 5 6 5 7 8 5 1 5 1 4 5 2
M[859] : 6 5 3 3 1 8 4 10 3 4 8 3 4 5 0 7 1 6 8 7 4 1
M[860] : 3 7 5 5 3 6 6 3 3 7 8 5 5 8 0 6 5 5 7 0 3 1
M[861] : 5 5 7 4 1 5 6 0 3 4 5 8 5 6 3 3 6 3 3 2 5 6
M[862] : 5 3 6 8 1 4 1 6 5 4 7 7 4 4 4 4 4 3 4 0 3 6
M[863] : 7 9 5 5 0 6 5 6 5 6 2 3 4 9 5 5 5 0 1 5 5 8
M[864] : 5 2 7 5 0 7 7 4 5 2 5 5 5 1 4 4 6 5 6 7 6 6
M[865] : 5 0 7 4 3 5 12 8 4 6 4 6 3 5 6 4 1 3 6 6 3 2
M[866] : 0 7 3 5 3 3 5 2 6 8 6 4 3 6 4 1 3 6 3 8 6 6
M[867] : 3 1 0 6 1 2 5 9 4 4 2 2 5 3 7 3 3 7 6 11 6 5
M[868] : 2 0 3 6 3 7 5 1 7 3 7 3 6 5 4 6 2 3 2 7 2 3
M[869] : 3 2 5 4 3 6 8 7 6 7 7 0 7 5 5 11 6 4 5 10 6 4
M[870] : 4 2 3 8 7 4 7 2 6 6 4 4 4 0 7 6 3 7 5 10 5 3
M[871] : 4 4 6 5 3 5 2 0 2 4 6 4 4 2 7 3 9 2 3 4 6 3
M[872] : 1 4 4 4 4 5 2 4 3 4 8 3 5 4 5 6 5 1 5 3 0 7
M[873] : 4 6 5 4 8 7 8 11 6 2 2 4 3 4 8 6 6 7 5 7 5 0
M[874] : 3 1 4 4 5 6 1 6 4 2 8 0 4 4 6 2 6 2 5 2 6 5
M[875] : 2 4 1 7 7 6 5 6 6 3 4 4 6 6 5 4 5 2 8 6 0 5
M[876] : 5 4 6 4 6 4 3 7 4 4 4 4 0 6 4 9 4 7 5 7 2 5
M[877] : 7 5 5 4 4 3 3 2 5 1 0 3 2 6 5 4 2 2 6 3 5 4
M[878] : 5 6 5 2 1 3 8 2 4 4 6 4 8 3 6 2 4 5 4 5 0 5
M[879] : 5 2 6 7 5 7 0 3 7 7 4 5 5 4 2 6 4 8 2 4 2 0
M[880] : 6 4 3 5 2 3 3 7 6 3 4 2 7 4 7 3 7 7 5 6 4 0
M[881] : 5 5 7 4 0 7 6 5 2 5 5 3 4 3 4 7 3 5 5 4 2 3
M[882] : 1 5 0 5 4 6 4 5 3 4 2 5 5 5 3 8 3 6 6 6 7 6
M[883] : 1 0 4 8 12 5 6 6 1 4 4 6 2 5 9 8 5 2 4 4 4 6
M[884] : 5 7 3 7 7 1 6 5 3 3 5 4 2 3 6 0 5 1 3 4 10 7
M[885] : 5 2 7 5 5 6 8 5 5 4 5 5 2 4 3 6 7 5 3 4 5 0
M[886] : 4 3 3 1 6 0 4 1 5 5 6 4 3 5 1 1 4 1 1 5 3 5
M[887] : 4 3 2 4 6 4 4 8 4 2 1 3 0 7 4 3 6 6 6 5 3 2
M[888] : 4 8 4 4 3 0 3 8 5 4 2 5 6 11 2 5 2 3 5 6 5 7
M[889] : 5 3 4 7 6 5 6 4 4 4 5 6 4 0 9 1 5 7 2 5 4 3
M[890] : 4 3 3 1 7 6 5 6 6 0 4 4 2 6 6 5 4 8 4 2 6 4
M[891] : 5 8 5 0 4 4 2 6 2 7 7 4 1 10 6 2 3 4 7 4 4 7
M[892] : 6 9 3 4 5 3 4 2 5 5 12 6 9 4 2 6 3 6 0 4 6 4
M[893] : 4 6 3 3 4 6 4 4 3 6 2 1 6 6 5 0 5 4 4 6 6 6
M[894] : 7 9 4 6 6 4 5 5 6 5 6 7 3 4 7 0 7 3 3 2 6 4
M[895] : 6 4 2 9 2 4 5 4 5 7 2 8 7 2 4 6 0 6 3 2 5 5
M[896] : 2 3 5 9 6 6 5 7 5 4 2 4 0 6 3 7 4 6 4 4 2 3
M[897] : 3 6 5 5 6 3 3 6 0 7 4 9 5 4 4 8 6 10 6 4 5 9
M[898] : 4 4 3 3 2 2 4 4 4 0 8 1 8 8 12 5 5 3 4 7 7 2
M[899] : 2 2 4 3 3 5 3 5 1 4 4 2 0 5 3 6 3 6 7 4 6 5
M[900] : 5 3 2 5 6 6 2 6 6 5 0 3 3 4 4 2 3 6 6 5 3 7
M[901] : 2 2 2 2 3 0 8 2 4 3 2 4 5 2 6 5 2 7 3 6 4 7
M[902] : 1 5 7 4 1 4 4 3 4 5 1 2 5 5 4 4 4 7 0 9 2 3
M[903] : 3 3 6 4 4 5 7 4 5 0 8 4 4 5 5 7 3 7 5 6 0 7
M[904] : 7 6 6 6 6 5 6 2 6 5 0 2 5 5 1 9 4 5 3 5 5 9
M[905] : 4 8 1 4 6 6 6 1 2 0 1 6 5 5 1 5 7 5 4 4 7 4
M[906] : 1 4 3 5 5 7 4 4 5 5 7 6 5 6 5 3 7 6 5 0 5 1
M[907] : 3 4 0 3 6 5 4 6 4 3 6 2 4 6 4 2 5 1 6 6 3 2
M[908] : 6 6 3 7 7 3 5 4 2 3 6 4 3 5 5 6 8 4 5 3 3 0
M[909] : 4 7 3 7 4 1 0 5 1 3 3 4 7 5 6 4 4 6 7 0 4 4
M[910] : 6 8 3 5 6 6 6 8 6 1 3 2 4 0 9 6 5 6 4 8 4 4
M[911] : 4 5 1 8 7 4 4 5 2 2 8 4 4 8 5 0 6 3 4 7 2 3
M[912] : 5 8 1 5 5 5 5 4 4 3 3 2 5 6 0 6 4 9 5 1 5 2
M[913] : 3 8 5 2 4 2 6 6 2 2 1 5 6 0 5 4 5 3 8 2 3 8
M[914] : 2 6 3 9 4 7 3 4 5 3 0 3 5 8 9 4 7 3 3 7 5 2
M[915] : 0 4 2 3 4 7 5 5 5 6 3 5 4 7 7 4 10 7 3 3 3 5
M[916] : 4 8 1 5 5 0 3 7 4 2 2 3 2 3 3 4 2 6 4 2 3 6
M[917] : 3 5 7 0 5 2 3 5 7 3 4 7 4 7 3 8 1 5 3 4 4 6
M[918] : 3 2 3 6 1 6 6 3 7 5 1 0 8 5 3 7 4 3 7 3 4 8
M[919] : 9 1 7 4 6 6 7 6 2 2 5 3 6 3 9 0 4 6 5 5 3 6
M[920] : 7 1 10 4 2 6 5 2 7 5 5 3 6 4 0 8 6 6 6 2 6 3
M[921] : 6 4 8 6 1 7 4 4 9 8 5 0 7 6 5 7 3 3 2 4 5 3
M[922] : 6 2 4 1 2 1 6 3 2 8 7 5 5 1 3 2 5 7 1 1 0 4
M[923] : 4 0 5 7 4 5 3 2 2 5 2 6 3 3 2 4 4 3 3 9 2 3
M[924] : 6 0 5 4 8 3 7 4 6 7 4 3 6 2 3 6 7 3 3 3 7 3
M[925] : 2 5 0 4 2 5 2 10 3 2 4 5 7 5 3 5 8 5 4 5 4 5
M[926] : 5 6 9 2 7 7 4 10 10 4 0 5 4 0 1 9 2 4 7 6 10 4
M[927] : 5 4 7 6 4 2 3 0 2 5 4 5 6 2 4 7 5 6 4 4 6 5
M[928] : 4 3 5 6 2 1 7 0 8 9 3 5 3 8 5 9 3 5 5 2 6 4
M[929] : 5 2 4 4 6 6 6 2 5 3 0 2 5 2 3 2 6 4 5 2 2 0
M[930] : 6 5 6 2 5 3 6 4 6 5 7 5 9 4 7 2 3 5 6 4 6 0
M[931] : 4 5 3 4 1 4 0 1 5 0 9 6 4 3 6 2 8 7 6 5 6 5
M[932] : 4 5 5 3 9 7 3 4 3 3 4 8 3 9 5 6 3 4 6 0 4 4
M[933] : 5 8 6 5 4 2 9 2 4 4 6 4 4 5 4 0 3 3 4 3 4 5
M[934] : 1 7 4 4 0 3 5 3 4 2 3 1 7 5 3 3 3 3 2 3 3 1
M[935] : 3 0 2 4 4 2 4 3 7 3 7 7 2 2 7 7 5 4 8 3 5 3
M[936] : 5 3 0 5 2 3 6 4 4 0 6 6 6 4 6 3 4 5 3 3 7 2
M[937] : 9 8 6 5 4 5 6 0 6 7 6 8 4 2 3 10 4 3 3 1 2 7
M[938] : 7 6 5 9 5 4 5 5 7 5 1 3 3 5 3 6 4 4 5 0 4 2
M[939] : 4 4 8 5 2 4 4 6 3 9 4 5 4 5 10 6 4 1 0 3 4 9
M[940] : 5 6 5 0 6 6 3 6 5 6 5 4 7 4 1 4 6 5 7 6 3 5
M[941] : 7 3 4 2 9 4 8 6 2 3 6 5 2 3 5 5 6 0 9 3 8 2
M[942] : 4 2 4 2 4 1 8 2 6 3 3 6 8 6 5 8 0 7 1 3 5 3
M[943] : 2 2 4 5 9 1 7 3 7 4 3 4 3 3 3 4 2 3 8 3 0 7
M[944] : 3 11 8 2 2 5 4 6 4 2 2 4 6 5 3 5 4 3 3 7 0 6
M[945] : 5 8 1 2 5 0 6 5 5 2 5 2 5 8 7 8 2 8 1 5 6 0
M[946] : 3 3 4 5 5 4 3 2 5 7 3 5 5 3 6 3 4 4 0 5 3 7
M[947] : 4 7 0 3 3 6 7 3 7 9 2 4 4 1 5 2 3 5 3 5 6 3
M[948] : 3 2 4 2 4 4 6 4 4 8 2 8 4 1 2 6 0 4 6 9 7 6
M[949] : 6 7 6 3 4 6 7 4 5 5 6 7 1 2 1 6 4 6 7 5 0 6
M[950] : 6 3 4 3 10 4 8 4 3 6 6 4 5 3 4 10 7 0 7 0 6 4
M[951] : 4 7 5 4 5 3 4 0 3 5 8 4 4 5 4 6 4 4 4 5 8 6
M[952] : 3 6 6 2 2 5 2 8 5 7 4 4 4 0 5 8 4 7 5 7 4 8
M[953] : 8 5 3 6 6 2 3 2 0 2 5 7 4 9 6 5 2 5 3 1 5 2
M[954] : 7 4 4 3 5 3 3 6 1 7 2 9 5 8 5 0 6 5 5 10 7 6
M[955] : 1 1 5 6 2 7 0 9 0 2 4 7 4 9 7 2 6 11 4 9 3 4
M[956] : 7 2 8 0 6 8 1 3 9 6 7 7 3 2 8 2 6 9 3 6 5 6
M[957] : 0 6 5 3 3 1 2 6 7 5 3 2 7 5 8 6 3 6 5 5 5 2
M[958] : 8 4 3 2 2 2 5 2 0 4 3 4 6 6 6 1 7 4 4 8 4 5
M[959] : 1 5 4 7 1 6 8 5 6 6 5 8 4 7 5 3 3 0 7 8 6 5
M[960] : 5 6 4 2 4 7 6 6 3 4 3 3 4 0 5 3 6 4 7 4 5 7
M[961] : 8 3 5 4 6 2 4 6 0 5 3 4 2 4 5 5 8 3 8 5 1 3
M[962] : 0 7 2 6 3 4 4 6 7 6 6 7 5 11 5 6 8 3 1 1 6 4
M[963] : 5 5 7 4 4 7 3 4 0 7 2 8 7 6 1 8 3 4 4 3 5 6
M[964] : 2 6 3 6 0 3 5 5 4 3 7 3 5 4 4 7 3 7 5 6 3 4
M[965] : 7 5 4 6 5 5 6 3 4 3 4 5 0 7 6 2 4 3 3 5 6 7
M[966] : 4 6 1 6 8 2 3 3 6 3 4 4 6 2 4 0 3 9 5 8 7 2
M[967] : 3 5 2 3 7 4 0 4 5 2 6 3 4 5 3 5 3 1 3 7 4 8
M[968] : 7 5 5 8 5 1 5 6 2 5 5 0 6 3 6 4 4 3 7 9 7 7
M[969] : 0 4 5 1 4 7 6 6 4 3 3 5 6 5 7 4 2 9 7 9 3 4
M[970] : 6 4 0 6 6 5 6 4 4 3 4 6 3 6 6 6 3 1 10 3 3 4
M[971] : 4 2 3 3 5 0 8 6 2 8 8 2 6 4 6 1 5 5 6 7 4 5
M[972] : 4 4 7 4 6 11 2 5 4 2 7 8 5 2 2 5 4 0 9 5 2 6
M[973] : 3 12 5 6 6 6 8 3 4 4 7 7 10 0 5 9 2 6 2 6 4 5
M[974] : 3 4 4 5 4 3 5 4 5 7 8 7 5 7 4 4 0 4 3 6 6 6
M[975] : 3 6 2 0 3 8 4 6 6 4 7 4 2 6 3 7 1 3 5 4 4 2
M[976] : 9 5 4 5 4 6 4 5 2 4 7 1 8 7 6 2 6 7 7 9 3 0
M[977] : 6 4 6 5 3 8 4 4 2 4 0 5 2 3 2 5 4 7 5 3 3 4
M[978] : 4 6 7 0 10 6 5 6 2 4 4 5 2 3 3 4 4 5 3 7 6 5
M[979] : 3 11 4 4 0 8 2 3 3 6 4 7 2 5 5 6 5 6 2 6 4 5
M[980] : 10 7 5 5 4 5 6 6 3 3 5 6 0 7 3 4 6 1 3 5 7 6
M[981] : 0 7 5 5 4 5 3 5 10 5 4 5 6 7 6 8 2 3 4 8 1 8
M[982] : 2 1 7 3 5 6 2 7 2 8 2 5 3 8 1 4 0 2 7 6 10 5
M[983] : 6 4 6 5 5 9 7 2 4 3 5 4 3 5 4 6 0 2 4 4 6 3
M[984] : 4 3 2 5 7 5 2 3 4 3 3 0 5 6 4 3 5 2 3 2 4 4
M[985] : 0 3 7 2 3 4 5 5 6 5 6 3 4 1 4 3 8 2 3 4 5 10
M[986] : 3 3 1 8 6 6 2 3 6 3 0 6 5 5 7 4 2 6 2 2 7 2
M[987] : 3 5 6 1 2 2 7 5 5 1 3 5 0 3 2 1 4 5 5 5 4 3
M[988] : 7 6 6 4 10 5 6 6 3 3 5 7 3 4 3 0 7 2 6 4 2 4
M[989] : 8 4 8 5 7 3 3 2 0 4 5 2 5 6 4 6 4 5 5 0 6 4
M[990] : 4 7 7 5 2 3 6 3 7 2 4 6 6 8 5 5 0 1 4 5 3 4
M[991] : 0 1 5 4 3 4 9 2 3 5 0 3 4 6 6 3 4 0 4 3 5 7
M[992] : 0 6 2 2 2 3 5 6 11 2 2 2 4 4 3 1 4 9 4 8 10 1
M[993] : 2 7 0 3 5 6 5 3 5 1 4 7 3 5 2 4 6 3 4 7 6 8
M[994] : 8 2 3 5 4 8 1 5 6 2 5 3 7 3 6 7 7 7 0 5 2 1
M[995] : 4 2 1 7 8 3 6 2 3 5 0 2 0 2 10 4 7 2 11 3 2 3
M[996] : 2 5 2 5 4 2 2 6 6 7 0 11 8 8 6 4 8 0 4 7 7 5
M[997] : 5 0 3 8 7 3 5 4 2 4 5 4 1 3 4 8 3 8 7 2 5 6
M[998] : 5 7 5 4 7 1 2 2 5 4 0 4 5 3 5 5 3 3 9 2 3 10
M[999] : 5 6 4 5 2 0 5 7 3 6 6 2 4 3 4 3 7 3 5 8 5 4

