 Execution de l'algoritme BITS sur le fichier dsjc1000.1.txt
=====================================================================
 Partitions  : 
Vk[0] : 687 356 959 713 268 512 684 597 315 529 630 496 486 209 494 604 129 957 972 158 224 84 458 311 933 128 759 413 820 558 625 462 35 78 252 299 887 61 392 616 201 38 717 181 513 -->  45 éléments.
Vk[1] : 332 671 365 37 791 526 410 664 686 811 849 976 157 321 752 274 536 479 652 856 839 566 978 350 563 476 890 448 803 146 220 323 778 214 210 102 139 990 91 660 368 463 269 308 149 830 -->  46 éléments.
Vk[2] : 812 205 514 404 79 917 706 127 88 484 42 33 969 798 539 612 754 784 891 86 330 694 674 8 614 318 883 439 290 866 243 93 472 777 276 573 796 50 447 850 237 216 712 174 506 -->  45 éléments.
Vk[3] : 979 491 926 770 387 56 202 920 641 542 11 632 366 337 153 594 100 121 455 564 991 190 434 509 262 291 221 51 286 363 425 25 785 306 436 802 705 779 653 557 206 814 554 358 585 -->  45 éléments.
Vk[4] : 381 162 222 285 183 239 301 242 961 823 298 173 270 189 541 893 251 982 583 319 137 66 489 756 208 949 915 292 200 902 235 312 592 996 31 913 196 569 359 55 303 62 246 249 327 105 -->  46 éléments.
Vk[5] : 130 177 4 335 863 918 774 967 156 769 345 122 39 316 119 230 888 938 605 666 855 460 433 388 470 545 950 473 574 163 136 289 257 737 999 498 995 125 609 651 185 768 288 683 144 810 -->  46 éléments.
Vk[6] : 682 454 357 948 544 160 416 577 952 552 851 89 741 259 47 525 516 300 591 960 353 390 499 453 645 406 629 590 120 825 838 339 96 254 424 975 132 874 764 963 348 450 2 553 672 172 -->  46 éléments.
Vk[7] : 385 402 396 718 23 211 848 709 92 283 647 12 317 813 197 377 487 787 518 326 530 384 41 451 945 207 532 736 555 389 124 248 634 822 411 511 615 67 716 899 361 846 805 546 797 -->  45 éléments.
Vk[8] : 64 649 944 603 648 729 446 730 355 232 97 801 885 847 169 465 679 788 378 179 247 45 758 831 662 673 217 929 502 667 907 884 438 275 876 495 466 148 588 351 231 725 789 543 819 -->  45 éléments.
Vk[9] : 757 601 858 827 565 266 435 110 395 371 868 341 688 468 600 374 429 921 400 835 742 7 193 818 852 904 313 87 150 15 809 864 881 964 663 151 901 571 873 919 507 903 415 621 161 -->  45 éléments.
Vk[10] : 272 669 510 732 854 49 90 928 32 882 226 719 912 696 691 13 862 192 659 165 986 519 331 531 334 927 168 63 992 971 117 508 147 877 75 95 464 295 164 490 843 309 937 886 423 -->  45 éléments.
Vk[11] : 369 806 930 956 114 954 142 857 620 504 962 344 698 352 265 870 253 182 106 5 726 445 322 635 533 212 422 973 227 347 461 126 693 970 307 99 57 804 559 617 611 58 826 932 342 -->  45 éléments.
Vk[12] : 467 444 77 572 218 280 418 692 250 640 449 988 18 159 987 338 722 946 471 175 141 170 131 478 364 391 966 739 681 171 550 834 567 52 123 82 879 905 70 916 965 333 24 627 731 -->  45 éléments.
Vk[13] : 60 372 993 538 582 678 383 619 740 520 908 527 36 639 17 19 69 236 16 407 836 562 493 535 703 942 204 934 925 906 228 10 575 745 947 21 528 152 650 420 708 707 792 599 405 602 -->  46 éléments.
Vk[14] : 500 281 0 910 401 958 655 867 654 399 198 637 305 643 304 474 763 951 845 628 642 922 981 844 379 998 793 704 911 977 329 984 661 28 53 492 794 273 314 680 593 909 140 83 76 485 -->  46 éléments.
Vk[15] : 829 897 623 821 753 765 613 203 665 955 895 710 72 154 586 166 187 469 578 44 800 865 656 22 853 370 115 278 186 670 68 310 900 551 497 598 607 644 608 29 596 747 584 419 343 923 -->  46 éléments.
Vk[16] : 676 113 894 408 714 440 116 735 386 71 522 576 580 167 537 362 749 293 610 107 766 188 143 786 842 889 85 560 104 734 426 579 109 459 325 799 134 549 9 633 521 428 40 101 94 -->  45 éléments.
Vk[17] : 503 20 517 398 475 878 457 746 931 896 133 935 184 782 376 924 773 837 875 260 409 80 751 320 287 505 375 595 14 442 817 772 403 81 743 833 724 367 721 936 760 815 540 727 324 711 -->  46 éléments.
Vk[18] : 178 980 481 941 618 783 638 776 296 233 983 199 244 432 225 431 176 277 968 488 412 483 755 267 103 65 892 697 336 417 994 373 701 414 30 657 282 241 622 360 832 668 480 689 111 -->  45 éléments.
Vk[19] : 880 54 452 816 860 297 441 191 589 733 430 264 790 108 631 690 26 606 302 155 240 953 974 223 658 761 271 145 775 328 548 443 869 997 723 561 685 943 515 340 750 524 728 118 898 194 -->  46 éléments.
Vk[20] : 807 523 48 675 762 180 859 279 263 427 989 939 255 437 380 840 715 138 135 258 626 393 861 74 744 43 234 771 872 256 695 421 738 397 382 780 261 59 284 808 824 677 294 394 828 -->  45 éléments.
Vk[21] : 215 477 841 346 795 6 3 699 501 570 624 646 46 871 702 238 229 456 195 587 27 112 781 547 98 985 568 940 482 636 914 349 34 748 1 245 720 73 700 534 219 767 581 354 213 556 -->  46 éléments.
Matrice M
M[0] : 6 4 2 8 8 6 7 3 6 5 7 3 4 5 0 9 6 9 3 7 1 3
M[1] : 2 4 2 5 3 4 3 10 4 3 2 3 2 5 6 5 1 6 3 5 4 0
M[2] : 4 3 7 7 5 5 0 2 8 3 5 5 6 0 6 5 6 8 7 3 10 2
M[3] : 3 4 4 7 7 2 8 4 3 7 2 2 5 3 4 3 5 6 6 4 5 0
M[4] : 7 5 4 3 5 0 10 6 4 8 7 4 6 3 4 4 4 2 2 6 5 5
M[5] : 6 9 5 5 4 5 3 5 4 6 4 0 6 12 2 4 4 7 6 3 4 9
M[6] : 3 3 5 4 5 1 3 6 2 2 7 5 6 6 5 9 4 4 3 4 8 0
M[7] : 6 4 4 6 6 5 3 5 7 0 3 3 3 4 6 8 11 3 5 4 4 6
M[8] : 4 5 0 6 4 3 1 5 6 3 5 6 3 8 8 4 4 3 3 7 10 4
M[9] : 3 1 6 6 8 4 4 5 5 3 5 5 3 2 4 5 0 6 7 6 3 5
M[10] : 4 5 5 3 2 8 3 6 5 10 2 4 5 0 2 5 7 4 7 5 4 4
M[11] : 6 4 5 0 5 6 2 6 7 5 1 4 6 2 5 6 3 3 5 4 6 6
M[12] : 10 4 5 6 8 1 5 0 5 3 5 7 5 6 5 7 3 10 2 2 6 5
M[13] : 5 5 6 8 5 8 3 4 3 6 0 5 7 3 5 4 7 4 6 5 5 7
M[14] : 6 3 4 3 2 5 2 5 4 3 5 7 3 4 6 3 6 0 2 5 4 4
M[15] : 3 5 8 5 5 5 7 2 6 0 4 4 2 3 3 5 2 3 2 7 5 6
M[16] : 6 4 6 8 3 4 5 10 4 2 4 6 4 0 2 5 5 3 6 4 5 6
M[17] : 6 4 3 7 5 1 4 3 3 6 6 5 5 0 2 2 2 6 3 3 4 6
M[18] : 6 7 4 6 3 2 4 3 7 7 6 2 0 11 5 8 4 1 5 4 6 5
M[19] : 4 6 3 7 3 5 7 5 4 4 3 7 4 0 2 3 6 5 4 6 5 6
M[20] : 4 5 4 5 8 12 5 3 6 4 2 0 4 3 5 6 7 0 4 7 6 5
M[21] : 5 5 7 4 4 12 4 6 3 10 3 1 9 0 8 1 8 3 3 6 7 7
M[22] : 5 8 4 6 5 8 10 4 9 8 8 3 6 4 3 0 7 6 5 4 1 6
M[23] : 5 5 5 6 4 5 5 0 7 6 5 4 8 3 4 5 4 3 2 4 7 7
M[24] : 8 3 4 2 2 2 6 6 7 5 3 7 0 4 1 4 7 3 5 4 4 4
M[25] : 3 2 3 0 5 8 0 8 11 2 3 4 3 3 5 4 7 6 7 7 6 7
M[26] : 7 3 5 4 5 4 7 6 3 3 3 7 6 4 8 5 5 8 6 0 3 2
M[27] : 5 5 4 4 3 4 5 5 3 4 7 5 1 7 3 7 4 4 7 8 4 0
M[28] : 3 3 2 5 8 4 6 4 4 6 5 6 7 3 0 1 5 9 2 4 1 1
M[29] : 3 3 6 2 4 1 5 5 8 3 7 7 3 4 3 0 4 4 2 5 4 4
M[30] : 7 7 3 4 5 8 4 5 5 4 4 4 6 6 5 2 6 5 0 6 6 4
M[31] : 5 3 2 4 0 3 3 3 7 3 5 4 6 4 5 4 3 2 4 5 10 3
M[32] : 4 11 2 2 3 5 3 3 6 2 0 4 4 4 2 5 4 6 2 4 6 5
M[33] : 3 6 0 3 2 8 4 3 5 3 3 2 4 4 3 5 3 5 6 5 3 5
M[34] : 4 4 6 6 6 4 1 10 4 4 6 4 3 4 7 7 6 1 4 7 3 0
M[35] : 0 7 2 4 3 5 4 8 3 5 8 1 4 5 5 2 2 8 6 2 4 7
M[36] : 8 8 4 5 3 5 9 9 3 4 5 9 4 0 6 4 6 12 6 3 5 7
M[37] : 3 0 5 4 3 7 6 8 5 3 5 6 7 6 7 5 3 6 4 8 3 8
M[38] : 0 5 5 3 6 11 4 5 6 5 2 5 2 5 7 3 3 7 0 8 1 5
M[39] : 4 7 7 8 5 0 8 5 4 5 3 5 3 2 5 5 3 4 9 3 7 3
M[40] : 7 6 6 1 5 5 6 4 1 4 3 9 3 6 5 3 0 0 4 4 0 2
M[41] : 8 2 3 2 3 6 6 0 5 4 6 6 5 5 3 8 3 4 8 2 2 1
M[42] : 10 4 0 6 7 7 9 7 6 4 3 4 3 2 3 3 2 5 5 3 6 6
M[43] : 5 3 7 1 7 3 5 4 5 1 2 8 6 7 4 3 3 4 3 6 0 5
M[44] : 4 4 8 7 2 2 6 4 5 4 3 4 4 5 2 0 4 7 5 3 4 3
M[45] : 6 4 4 5 6 6 5 7 0 2 5 4 5 2 6 6 4 4 4 4 8 1
M[46] : 3 6 4 5 5 6 8 2 1 4 6 3 5 3 7 6 9 6 5 4 7 0
M[47] : 5 4 7 6 4 5 0 11 4 2 6 4 6 3 6 6 9 3 4 0 4 4
M[48] : 7 1 6 9 3 4 6 6 5 2 5 7 5 7 3 11 9 6 4 8 0 7
M[49] : 7 4 6 4 7 6 2 8 5 6 0 7 6 3 4 4 4 5 3 10 6 2
M[50] : 4 6 0 3 3 7 4 3 3 5 1 4 5 4 7 4 1 2 3 4 5 3
M[51] : 9 6 5 0 11 4 1 6 3 2 4 3 2 6 3 3 6 5 5 5 4 5
M[52] : 5 6 8 1 2 1 4 4 5 5 4 4 0 7 6 4 4 5 8 5 4 6
M[53] : 5 9 3 7 4 3 2 3 6 5 9 8 5 5 0 0 4 9 6 6 5 4
M[54] : 5 7 4 3 6 3 3 6 6 9 6 1 5 6 4 2 4 5 5 0 7 2
M[55] : 3 0 2 2 0 5 2 3 3 8 4 5 6 5 4 8 9 3 4 4 4 5
M[56] : 3 3 4 0 8 5 3 6 6 4 2 3 7 2 7 6 6 4 7 1 6 8
M[57] : 5 6 1 4 3 6 4 5 3 6 1 0 5 4 7 8 2 3 5 5 4 3
M[58] : 3 5 8 3 4 1 4 7 3 6 5 0 5 2 3 6 4 4 4 6 11 3
M[59] : 6 3 2 8 4 5 3 4 2 8 6 1 3 7 4 8 5 3 6 2 0 2
M[60] : 7 6 9 5 6 8 6 5 3 4 2 5 4 0 3 4 4 3 6 7 6 3
M[61] : 0 5 2 5 4 6 5 3 4 4 7 5 6 4 3 2 7 5 5 2 3 8
M[62] : 2 1 2 6 0 3 4 4 6 6 2 8 5 7 3 6 3 8 1 5 8 7
M[63] : 4 3 4 3 4 4 3 3 9 4 0 7 6 5 4 5 7 4 4 2 5 1
M[64] : 3 4 5 8 2 3 9 5 0 9 4 6 4 11 5 5 4 6 6 3 4 5
M[65] : 4 4 4 4 1 6 2 2 3 6 5 6 6 3 8 2 4 2 0 4 10 6
M[66] : 5 5 4 6 0 3 8 4 6 5 3 4 8 8 6 3 7 3 10 7 5 3
M[67] : 3 4 5 7 6 4 5 0 5 4 4 4 1 5 3 4 3 8 7 3 3 3
M[68] : 3 6 7 3 4 6 9 5 5 2 3 3 1 6 4 0 3 3 7 5 4 8
M[69] : 2 5 1 7 3 6 1 8 6 5 4 4 5 0 5 5 5 4 1 3 2 3
M[70] : 1 3 1 3 6 5 5 10 7 6 3 11 0 9 7 7 3 3 7 4 9 6
M[71] : 3 3 4 5 7 3 7 4 2 2 13 8 2 3 8 2 0 2 7 7 6 5
M[72] : 4 5 5 5 2 4 2 4 7 3 6 6 6 2 2 0 4 3 4 4 3 8
M[73] : 5 7 3 1 9 4 6 4 5 5 8 5 4 3 7 4 2 3 7 6 5 0
M[74] : 4 3 5 5 6 9 4 6 6 5 1 2 7 4 6 4 4 11 5 9 0 4
M[75] : 5 8 2 3 7 6 4 1 3 1 0 2 4 7 7 3 3 10 3 4 5 6
M[76] : 3 5 6 6 4 2 5 5 5 6 5 4 6 9 0 6 5 7 4 4 6 1
M[77] : 3 3 5 3 3 4 5 6 8 6 3 4 0 7 3 3 10 4 6 6 3 5
M[78] : 0 4 1 5 5 4 6 3 5 3 6 4 7 8 6 6 5 6 3 8 4 3
M[79] : 2 4 0 6 5 5 5 5 10 5 4 3 7 6 6 4 5 7 4 4 3 6
M[80] : 4 6 3 3 5 6 5 6 3 7 4 5 3 2 5 9 5 0 5 7 5 6
M[81] : 3 0 2 6 4 6 7 3 5 4 5 2 5 3 5 8 7 0 3 7 3 6
M[82] : 5 2 8 2 6 2 4 5 1 2 6 5 0 4 1 2 5 5 6 2 4 4
M[83] : 2 4 10 5 3 5 7 4 4 3 4 3 6 5 0 5 6 5 5 4 3 0
M[84] : 0 4 4 3 3 3 8 6 4 5 1 8 5 5 5 5 5 5 8 5 3 3
M[85] : 4 3 4 5 5 2 4 6 3 4 1 4 2 4 0 6 0 6 3 0 6 8
M[86] : 3 9 0 3 4 2 3 3 8 7 7 2 5 7 8 6 4 8 4 6 4 8
M[87] : 5 5 5 2 4 5 11 4 2 0 4 3 3 8 2 1 5 8 5 0 5 7
M[88] : 5 6 0 4 5 5 8 4 8 6 4 5 8 4 7 6 7 2 4 3 5 3
M[89] : 5 1 4 6 5 5 0 3 7 2 7 5 3 7 5 7 3 8 5 4 3 5
M[90] : 6 3 5 3 5 3 2 6 5 3 0 6 4 6 4 3 6 4 8 8 4 5
M[91] : 6 0 3 7 4 4 4 4 5 5 3 4 0 5 2 8 4 6 4 4 5 4
M[92] : 6 8 6 3 4 6 4 0 2 2 9 8 3 6 1 2 4 4 2 6 3 3
M[93] : 5 4 0 4 6 6 3 6 4 4 7 1 4 2 5 9 2 4 2 8 5 4
M[94] : 3 6 2 2 2 12 5 2 2 3 2 4 6 8 8 2 0 2 3 7 3 4
M[95] : 2 6 4 3 2 1 4 4 3 7 0 5 4 3 5 6 5 4 5 7 4 3
M[96] : 4 4 5 5 4 7 0 4 8 5 3 5 5 6 5 4 10 6 5 1 4 5
M[97] : 5 4 2 5 3 4 4 7 0 7 7 6 3 6 5 5 3 5 5 6 2 6
M[98] : 5 6 6 8 6 5 8 6 6 7 10 4 1 7 4 4 6 7 8 3 4 0
M[99] : 3 5 2 7 7 6 4 8 3 5 5 0 3 2 5 7 6 3 4 5 6 6
M[100] : 2 4 3 0 3 6 3 3 2 4 2 4 5 6 6 8 4 5 7 3 6 5
M[101] : 2 8 5 3 4 5 7 6 0 4 7 1 4 8 4 4 0 4 4 3 5 5
M[102] : 5 0 9 7 3 5 5 3 5 0 6 4 3 1 4 4 4 6 4 5 3 5
M[103] : 7 6 4 5 3 2 6 9 8 3 3 4 7 7 2 5 4 6 0 1 4 3
M[104] : 4 9 4 4 3 3 3 5 9 7 4 5 9 5 2 5 0 8 4 8 3 5
M[105] : 5 4 2 4 0 5 7 5 8 6 0 3 7 6 7 4 6 2 7 3 7 2
M[106] : 5 6 5 3 4 4 6 4 5 4 2 0 4 4 2 5 4 4 4 4 7 9
M[107] : 2 5 3 5 2 8 3 8 8 4 4 8 3 5 4 4 0 4 3 4 3 4
M[108] : 4 7 4 4 5 3 6 4 5 11 3 6 3 3 4 2 5 4 5 0 8 5
M[109] : 3 2 5 3 10 4 4 4 6 6 3 3 3 9 3 2 0 2 8 3 7 3
M[110] : 5 2 4 6 5 4 5 5 4 0 6 8 4 4 3 1 3 2 3 7 3 4
M[111] : 3 6 2 6 5 6 7 3 5 1 5 5 3 0 8 7 6 4 0 8 4 10
M[112] : 4 5 1 5 6 8 2 4 3 2 3 4 2 9 8 5 2 5 8 2 8 0
M[113] : 2 6 6 7 5 6 4 5 6 5 7 3 4 6 6 5 0 4 3 5 8 6
M[114] : 2 7 7 7 2 6 3 4 7 4 5 0 5 4 2 5 3 6 9 8 7 9
M[115] : 3 9 7 2 2 6 7 7 4 6 3 6 4 3 2 0 5 7 5 2 3 1
M[116] : 4 4 6 7 5 3 4 6 4 3 6 3 6 4 7 5 0 2 4 2 4 5
M[117] : 4 2 4 4 5 7 6 8 1 6 0 10 3 5 5 7 5 6 4 7 3 10
M[118] : 0 6 7 9 7 5 1 2 3 6 4 8 5 6 7 8 6 4 3 0 6 6
M[119] : 6 6 6 8 6 0 6 8 6 4 5 8 8 4 6 3 6 6 5 2 3 5
M[120] : 2 2 5 5 6 6 0 4 8 6 5 2 6 5 5 1 8 3 3 5 8 8
M[121] : 9 6 4 0 6 5 9 2 5 4 4 7 1 5 2 5 6 9 5 3 3 6
M[122] : 4 5 6 4 3 0 3 6 6 5 9 6 6 8 3 8 4 3 4 7 9 8
M[123] : 4 1 4 7 6 6 4 3 5 4 6 6 0 4 3 1 7 4 5 3 2 6
M[124] : 6 3 5 6 2 3 6 0 3 4 5 7 3 6 6 5 7 8 6 6 1 13
M[125] : 2 4 2 4 5 0 4 5 7 4 3 4 3 2 6 8 4 3 4 1 5 2
M[126] : 4 4 1 3 3 5 5 6 6 7 6 0 4 7 5 3 2 2 4 5 1 5
M[127] : 10 2 0 5 6 5 3 1 2 4 4 8 7 5 7 10 12 3 4 8 6 4
M[128] : 0 5 6 4 7 4 5 6 7 4 3 3 8 3 2 5 2 4 6 4 2 4
M[129] : 0 2 5 8 6 7 5 4 4 7 4 3 3 7 2 6 3 3 7 4 6 4
M[130] : 6 6 2 7 2 0 6 9 2 4 8 3 3 4 8 5 3 2 5 9 5 4
M[131] : 2 8 2 4 5 4 2 6 5 3 4 2 0 3 4 4 5 9 7 2 5 4
M[132] : 7 5 2 3 6 6 0 6 5 4 5 1 4 4 5 7 4 5 2 4 5 2
M[133] : 5 5 4 4 5 5 7 8 2 2 6 5 6 5 5 6 3 0 6 4 4 7
M[134] : 5 5 3 6 7 5 8 5 4 5 8 5 3 5 5 1 0 8 4 3 6 6
M[135] : 6 5 5 5 4 5 2 5 2 6 3 2 2 3 5 4 3 6 4 5 0 6
M[136] : 8 3 4 1 7 0 6 2 2 6 1 6 6 5 5 10 4 4 8 2 6 8
M[137] : 5 4 3 3 0 3 3 4 6 7 3 6 3 6 2 5 3 5 3 8 1 6
M[138] : 4 4 5 10 7 1 6 2 4 4 7 6 11 9 4 3 3 7 3 5 0 4
M[139] : 6 0 3 5 6 5 5 5 5 4 5 4 5 6 3 4 5 7 7 1 8 3
M[140] : 3 5 9 4 7 4 6 8 5 5 3 8 1 7 0 3 3 5 6 5 4 7
M[141] : 5 4 5 4 7 4 4 1 2 3 5 6 0 7 4 5 9 7 4 5 4 4
M[142] : 6 4 2 7 6 3 9 5 9 5 4 0 5 4 2 3 5 4 7 11 7 6
M[143] : 1 5 4 4 2 4 5 7 9 1 1 8 7 5 5 6 0 2 2 4 4 8
M[144] : 7 7 8 9 6 0 1 4 5 6 11 2 5 5 7 4 7 8 2 2 6 4
M[145] : 5 2 3 7 3 4 2 6 3 6 6 6 1 4 2 10 2 6 3 0 5 2
M[146] : 7 0 1 4 5 5 5 6 7 8 6 7 2 7 5 6 5 1 4 6 2 5
M[147] : 3 4 6 3 2 8 6 5 5 5 0 9 4 3 2 9 7 7 2 2 4 3
M[148] : 2 7 3 2 7 7 1 5 0 2 4 3 4 4 10 5 4 5 1 2 4 3
M[149] : 3 0 5 5 4 3 4 4 3 5 5 6 3 6 3 5 5 2 3 3 6 2
M[150] : 4 6 8 4 2 3 2 5 5 0 3 3 1 3 3 6 4 8 5 6 4 5
M[151] : 4 3 5 4 7 2 8 6 5 0 3 4 5 4 2 3 8 4 4 4 5 2
M[152] : 7 2 4 5 9 7 3 4 3 5 6 5 3 0 6 5 6 1 1 3 6 5
M[153] : 5 6 4 0 5 7 5 4 5 3 8 4 4 3 6 8 4 6 4 8 3 5
M[154] : 6 1 7 4 3 4 3 4 5 5 3 2 2 6 3 0 4 3 4 4 6 3
M[155] : 6 3 2 2 5 4 5 4 2 8 6 5 3 3 6 6 6 2 3 0 3 1
M[156] : 5 4 7 5 7 0 3 5 5 4 4 6 1 7 8 7 6 10 7 2 6 2
M[157] : 3 0 5 5 3 6 4 4 4 5 5 5 5 5 9 7 3 5 3 4 2 2
M[158] : 0 4 6 6 5 9 6 10 7 7 8 6 1 3 6 5 2 7 7 1 3 6
M[159] : 3 6 7 5 3 10 6 4 2 6 4 9 0 6 2 3 6 4 10 5 8 7
M[160] : 4 8 4 4 4 4 0 4 2 8 4 4 5 6 6 4 6 5 3 5 5 6
M[161] : 7 7 4 2 2 3 1 2 3 0 1 2 6 3 4 7 4 9 7 2 2 7
M[162] : 5 5 3 3 0 6 4 2 2 6 7 4 3 4 8 3 3 4 2 3 6 7
M[163] : 4 7 7 5 7 0 6 5 3 2 3 5 4 3 5 1 3 4 6 5 3 4
M[164] : 2 6 0 7 5 8 3 2 4 2 0 5 7 4 1 6 3 7 3 3 6 7
M[165] : 6 5 6 5 8 4 6 9 5 7 0 6 2 4 2 4 4 4 6 4 9 1
M[166] : 6 3 3 5 4 2 6 2 1 6 4 3 7 7 5 0 2 5 3 3 12 2
M[167] : 2 6 7 6 3 4 7 3 4 2 3 4 6 5 4 5 0 8 7 3 11 6
M[168] : 5 2 6 4 6 8 4 7 6 6 0 5 4 3 5 4 6 5 5 7 6 4
M[169] : 6 5 4 7 1 8 3 4 0 5 7 3 5 8 7 4 7 7 5 3 6 3
M[170] : 4 5 4 8 5 6 5 5 3 7 2 7 0 4 5 5 5 8 3 5 6 2
M[171] : 3 5 7 10 3 3 9 6 1 3 6 3 0 3 9 4 7 4 4 4 1 2
M[172] : 3 6 4 3 2 4 0 3 4 3 3 5 9 10 6 4 1 4 5 8 4 3
M[173] : 11 4 7 4 0 10 4 3 5 6 7 8 3 8 7 3 5 1 9 3 3 5
M[174] : 2 4 0 5 2 2 8 2 3 4 5 6 1 11 2 9 5 3 4 8 4 7
M[175] : 8 5 7 6 5 3 9 3 2 5 9 4 0 4 3 4 8 8 4 5 6 3
M[176] : 5 3 6 6 6 4 5 2 5 8 6 5 8 7 4 6 4 8 0 4 3 4
M[177] : 8 5 4 5 7 0 3 7 4 6 2 4 6 2 6 4 4 3 5 5 5 9
M[178] : 4 5 6 5 5 6 5 4 1 8 1 5 6 6 2 6 2 3 0 5 3 6
M[179] : 5 8 4 2 5 4 2 3 0 6 7 3 2 4 1 6 4 1 5 6 2 2
M[180] : 6 5 6 3 6 7 3 4 7 7 6 8 3 3 2 7 4 5 4 7 0 2
M[181] : 0 5 5 5 2 5 4 4 4 7 6 6 7 3 4 5 6 4 4 4 6 3
M[182] : 7 6 2 2 8 7 5 4 7 3 4 0 4 7 6 7 4 6 2 4 4 5
M[183] : 4 6 6 7 0 5 4 3 6 5 5 8 4 10 6 7 6 6 6 5 2 2
M[184] : 7 10 6 6 3 1 9 6 5 5 3 1 4 1 3 4 4 0 2 4 4 5
M[185] : 5 2 4 2 5 0 1 5 2 7 8 3 3 5 3 6 5 4 4 3 5 4
M[186] : 3 8 7 8 11 3 9 8 2 6 2 4 5 5 7 0 2 4 6 6 5 4
M[187] : 3 4 3 6 6 5 4 3 1 5 4 6 7 7 6 0 4 5 6 2 4 2
M[188] : 3 6 6 4 2 5 7 3 2 6 2 7 6 5 6 3 0 4 5 6 4 6
M[189] : 13 5 6 6 0 3 7 4 5 4 3 7 4 2 2 5 2 3 4 4 4 7
M[190] : 4 6 5 0 5 5 2 3 4 2 3 3 7 5 3 5 5 4 4 8 6 5
M[191] : 8 6 10 6 4 2 5 6 3 3 8 5 5 5 7 4 5 1 6 0 2 5
M[192] : 5 1 4 8 7 4 9 1 6 7 0 8 4 6 4 4 2 4 7 5 2 3
M[193] : 5 0 4 5 5 6 5 8 5 0 6 3 3 8 6 7 2 4 5 5 1 3
M[194] : 3 7 3 6 5 2 4 1 8 5 5 5 6 5 4 5 1 1 5 0 8 5
M[195] : 7 11 6 5 8 3 9 3 3 5 2 4 5 12 2 4 3 3 7 4 5 0
M[196] : 1 4 8 6 0 4 5 9 3 4 1 6 4 2 4 2 1 2 4 7 4 3
M[197] : 5 5 8 3 3 3 6 0 2 6 4 4 3 4 2 5 5 3 7 3 9 4
M[198] : 5 7 5 10 5 5 4 2 6 3 7 4 5 6 0 4 4 2 4 4 4 2
M[199] : 4 3 2 8 2 5 2 4 5 6 5 6 6 4 6 8 1 3 0 5 4 6
M[200] : 2 6 3 1 0 3 3 5 3 4 5 4 4 5 3 4 2 8 6 8 5 5
M[201] : 0 2 5 4 3 4 7 1 3 4 4 2 4 4 4 7 6 2 4 5 11 7
M[202] : 3 4 4 0 1 2 9 3 7 6 2 7 6 4 6 5 4 10 5 7 7 5
M[203] : 6 6 5 4 8 7 4 3 1 3 5 4 7 2 5 0 3 3 6 4 3 4
M[204] : 5 5 6 2 9 0 4 3 6 5 4 7 9 0 4 7 4 3 5 2 9 9
M[205] : 4 8 0 4 4 10 6 1 3 4 5 6 7 6 1 6 5 2 6 8 5 3
M[206] : 2 4 5 0 5 3 3 6 5 6 3 7 7 3 5 4 4 5 1 6 6 7
M[207] : 2 5 6 4 2 5 3 0 6 3 4 4 9 3 3 5 6 3 6 6 2 3
M[208] : 5 7 7 7 0 4 3 6 5 4 8 4 4 3 3 8 10 3 7 7 7 2
M[209] : 0 8 9 4 3 5 2 5 5 5 4 8 5 7 4 7 3 3 4 4 8 2
M[210] : 5 0 5 4 4 8 2 4 3 7 9 3 6 1 6 6 7 8 3 6 3 5
M[211] : 2 3 4 4 6 6 6 0 3 7 4 2 6 8 6 9 4 4 5 6 5 7
M[212] : 2 3 6 5 4 3 3 3 4 4 2 0 3 2 8 4 8 4 5 5 4 4
M[213] : 7 3 8 4 1 5 3 9 9 1 4 4 6 7 5 6 6 3 7 5 2 0
M[214] : 7 0 3 3 6 6 3 5 5 9 2 6 4 2 3 3 4 6 4 2 4 6
M[215] : 8 4 3 3 6 5 5 4 5 2 5 4 7 8 1 4 3 4 10 3 6 0
M[216] : 7 3 0 5 4 4 7 2 3 5 1 3 5 5 5 8 7 5 5 6 5 7
M[217] : 4 4 6 4 3 3 2 3 0 1 1 3 8 7 5 4 3 6 6 4 6 7
M[218] : 6 5 3 4 9 5 8 4 5 4 5 1 0 6 2 3 8 1 6 8 7 4
M[219] : 3 3 4 3 6 6 3 4 4 5 10 4 5 5 2 4 2 7 2 4 1 0
M[220] : 6 0 1 3 1 5 3 8 5 3 5 5 3 4 6 4 7 4 2 2 5 8
M[221] : 8 6 7 0 4 8 2 2 3 7 3 4 6 1 4 3 4 10 3 4 4 5
M[222] : 3 6 4 3 0 3 5 9 4 3 3 8 5 5 3 8 7 9 5 4 8 2
M[223] : 8 4 3 6 5 1 4 4 3 1 6 8 5 4 4 2 5 7 5 0 6 9
M[224] : 0 7 6 4 2 4 2 2 3 3 5 3 6 10 6 5 6 5 5 6 3 6
M[225] : 5 2 6 5 4 7 4 5 6 5 6 6 4 3 3 3 6 3 0 3 3 7
M[226] : 8 7 7 5 5 5 8 7 5 4 0 7 3 3 7 4 8 6 3 4 4 5
M[227] : 2 4 3 9 3 6 3 5 8 3 5 0 7 5 4 7 7 3 3 7 2 4
M[228] : 8 4 5 2 5 5 6 4 6 2 2 7 6 0 4 5 5 7 10 7 4 5
M[229] : 3 2 6 5 8 6 6 6 6 8 8 7 7 3 4 4 3 5 4 4 5 0
M[230] : 10 6 5 10 5 0 2 5 4 7 5 5 4 2 6 4 5 4 5 1 6 5
M[231] : 4 5 5 4 2 2 3 6 0 8 3 7 3 5 3 5 3 5 3 3 5 6
M[232] : 3 5 8 4 6 5 4 2 0 4 4 3 3 2 5 3 5 5 4 6 8 4
M[233] : 6 5 2 4 8 7 3 2 6 3 3 4 11 8 3 3 6 4 0 1 3 4
M[234] : 4 4 6 7 5 6 3 6 5 4 3 3 3 5 6 0 5 7 5 6 0 4
M[235] : 4 5 4 6 0 4 3 4 3 5 6 2 6 1 5 4 6 9 5 7 4 8
M[236] : 7 6 9 2 8 2 7 7 5 5 3 3 4 0 6 1 5 7 8 4 5 5
M[237] : 7 5 0 7 7 6 5 11 7 3 2 7 3 4 4 9 5 2 4 3 4 3
M[238] : 7 3 5 5 6 6 1 6 8 5 3 9 2 7 5 8 4 5 5 4 3 0
M[239] : 4 4 5 7 0 5 6 4 9 7 5 3 6 3 5 6 6 4 2 4 4 3
M[240] : 6 3 5 3 5 5 5 12 7 2 3 6 4 3 9 3 6 1 5 0 4 3
M[241] : 9 5 7 2 4 8 6 3 7 6 2 1 4 10 6 3 6 8 0 6 6 1
M[242] : 4 5 5 1 0 5 4 7 3 6 3 2 5 9 6 7 3 4 2 6 4 4
M[243] : 3 6 0 4 5 8 2 8 5 7 6 4 6 5 1 4 3 2 6 5 4 2
M[244] : 5 5 3 6 4 5 4 5 1 3 3 3 7 9 5 5 6 5 0 11 3 1
M[245] : 4 5 5 7 4 6 6 7 2 10 5 3 4 3 3 4 3 4 1 4 6 0
M[246] : 2 4 6 2 0 5 4 3 1 3 5 2 3 4 2 7 8 6 7 5 3 8
M[247] : 5 4 5 5 10 5 5 8 0 6 4 5 5 8 4 3 5 7 6 7 7 2
M[248] : 5 2 5 4 4 4 2 0 5 4 3 4 4 3 3 4 3 5 8 5 1 6
M[249] : 4 4 4 7 0 9 4 7 3 5 7 5 5 7 4 6 7 3 1 4 6 11
M[250] : 3 4 5 5 5 6 4 5 5 7 3 4 0 5 5 3 3 4 5 1 3 2
M[251] : 6 4 4 3 0 9 5 2 3 1 6 5 1 4 5 8 2 5 4 4 2 8
M[252] : 0 6 1 6 6 11 1 6 2 2 8 6 9 6 5 7 6 4 7 9 3 10
M[253] : 7 4 3 5 3 6 7 6 2 7 2 0 6 2 3 7 6 4 3 9 3 3
M[254] : 4 8 2 3 3 4 0 3 7 4 6 5 2 2 3 2 9 5 1 4 4 0
M[255] : 2 5 7 9 8 5 7 2 5 11 2 7 5 3 3 4 2 4 6 8 0 7
M[256] : 4 1 6 2 4 7 7 3 5 7 3 6 4 7 8 4 5 4 5 3 0 5
M[257] : 1 5 1 2 3 0 6 5 5 6 5 4 5 5 5 8 6 5 7 3 8 4
M[258] : 3 3 5 9 4 2 6 3 5 7 4 1 4 1 7 4 1 5 4 4 0 3
M[259] : 5 4 1 3 5 4 0 7 3 1 4 4 6 6 4 3 2 7 3 6 6 6
M[260] : 6 4 2 4 4 5 6 6 2 4 5 6 5 6 2 4 4 0 3 7 5 5
M[261] : 5 2 5 1 9 5 3 3 2 5 5 4 3 6 5 6 8 2 2 8 0 3
M[262] : 5 6 4 0 6 7 3 4 2 5 4 8 5 4 6 6 2 4 7 2 2 4
M[263] : 9 6 3 5 6 5 3 2 1 6 3 6 7 7 3 5 8 6 6 6 0 8
M[264] : 3 7 5 6 5 8 4 5 6 5 3 5 5 3 4 4 5 4 7 0 6 4
M[265] : 4 6 4 5 1 3 5 5 3 5 7 0 5 2 8 4 5 4 8 6 3 6
M[266] : 3 4 2 2 5 3 4 1 2 0 2 3 3 4 3 5 1 8 3 2 1 8
M[267] : 3 2 5 4 9 4 5 6 3 5 4 9 10 4 3 6 5 1 0 5 6 5
M[268] : 0 1 5 3 4 3 3 9 4 4 4 3 4 7 3 3 4 5 6 7 2 4
M[269] : 3 0 6 5 5 4 4 3 6 7 5 5 2 6 6 6 8 4 4 5 3 1
M[270] : 5 4 4 4 0 6 5 7 2 7 4 6 7 3 4 7 3 4 6 3 3 9
M[271] : 4 4 4 2 6 5 5 5 3 3 3 7 5 6 5 6 7 2 7 0 3 2
M[272] : 5 8 7 2 6 4 3 3 4 6 0 7 2 4 6 5 5 5 2 6 5 5
M[273] : 7 10 3 5 6 6 3 6 2 0 5 9 3 5 0 2 4 5 3 13 5 6
M[274] : 5 0 6 5 7 5 5 5 3 3 4 4 4 6 4 6 2 4 9 6 5 5
M[275] : 6 4 5 2 8 9 5 6 0 5 5 4 5 7 4 5 2 4 6 6 5 4
M[276] : 5 8 0 3 6 5 3 5 4 4 1 6 6 2 5 3 5 5 6 3 5 3
M[277] : 4 4 9 6 3 5 8 7 2 5 6 4 6 7 7 5 6 5 0 6 7 5
M[278] : 4 3 3 4 2 8 2 4 5 7 3 3 5 4 4 0 3 8 6 6 5 6
M[279] : 6 5 8 4 6 3 4 8 7 3 4 2 2 5 9 3 2 4 3 5 0 5
M[280] : 7 3 5 4 5 2 2 7 5 4 2 6 0 7 3 2 4 5 3 6 4 8
M[281] : 4 6 7 4 6 6 6 3 4 7 4 3 4 8 0 7 10 2 6 5 3 5
M[282] : 5 8 2 6 1 7 4 3 3 4 3 5 6 2 2 6 2 4 0 5 6 4
M[283] : 3 3 6 8 5 5 3 0 5 4 3 5 3 2 3 6 0 12 2 6 5 8
M[284] : 7 5 5 4 8 8 3 6 6 6 6 3 6 6 4 6 3 4 5 5 0 1
M[285] : 2 5 4 1 0 5 9 2 4 4 3 2 3 3 2 2 6 3 5 2 7 6
M[286] : 5 9 4 0 4 4 4 6 4 2 3 3 3 3 5 7 3 4 7 3 5 5
M[287] : 4 8 9 8 5 2 3 7 6 5 1 5 1 5 8 4 2 0 4 6 7 8
M[288] : 4 5 3 4 5 0 4 4 4 3 6 3 8 4 4 3 5 2 6 3 2 6
M[289] : 6 7 6 2 9 0 5 8 5 6 3 5 6 7 5 4 5 6 1 2 5 3
M[290] : 5 4 0 7 6 5 6 8 6 10 7 7 7 3 1 3 3 6 7 2 3 4
M[291] : 7 4 3 0 7 7 4 6 6 7 6 4 1 5 4 5 5 6 2 3 9 7
M[292] : 6 8 6 2 0 2 3 4 5 1 3 8 2 5 4 8 4 10 5 8 6 8
M[293] : 6 5 4 5 3 2 4 3 6 6 4 5 2 3 5 2 0 3 4 6 4 3
M[294] : 2 4 6 1 5 5 3 5 4 6 3 5 6 3 5 3 5 6 3 7 0 4
M[295] : 7 8 4 2 2 3 9 8 5 7 0 2 4 7 9 5 6 4 4 5 7 3
M[296] : 5 7 3 5 6 5 11 2 5 4 3 8 4 7 7 5 5 5 0 5 3 4
M[297] : 5 4 5 7 6 6 4 5 7 6 3 2 7 2 7 1 4 6 5 0 5 3
M[298] : 5 7 3 4 0 4 3 7 5 5 3 4 8 5 3 5 5 6 7 5 4 4
M[299] : 0 9 4 5 7 5 2 3 4 1 5 3 3 5 2 5 6 5 4 5 3 5
M[300] : 5 5 2 3 8 6 0 4 5 5 3 5 7 2 4 5 3 9 6 3 4 4
M[301] : 7 6 5 5 0 6 8 5 6 5 5 6 8 5 4 2 4 2 5 5 6 4
M[302] : 5 6 8 5 5 3 10 6 2 5 5 6 6 4 7 3 5 3 2 0 5 4
M[303] : 6 3 0 4 0 5 1 4 7 5 3 2 4 7 2 4 6 9 2 9 5 5
M[304] : 8 5 5 4 4 6 8 10 3 3 4 6 4 7 0 4 4 2 5 1 3 6
M[305] : 6 3 5 5 7 5 4 5 6 7 3 3 5 4 0 4 3 3 4 5 3 7
M[306] : 4 5 0 0 2 3 7 3 1 5 6 6 2 5 6 6 5 2 6 2 7 4
M[307] : 7 7 8 7 7 7 8 5 6 4 6 0 3 7 5 9 2 6 7 7 1 7
M[308] : 6 0 4 5 1 8 3 5 5 4 1 5 5 4 6 5 7 5 7 5 5 6
M[309] : 6 5 6 4 6 4 4 5 4 7 0 3 6 5 7 1 2 5 4 3 3 8
M[310] : 7 5 4 3 5 5 6 6 4 5 5 3 0 4 7 0 6 5 3 5 3 8
M[311] : 0 7 1 5 7 6 7 6 6 3 5 6 5 2 3 5 6 3 6 3 5 2
M[312] : 7 6 5 7 0 5 5 10 4 5 5 1 5 5 5 6 5 7 3 4 8 6
M[313] : 4 4 8 5 7 4 3 5 3 0 4 6 4 4 3 6 5 10 4 8 5 4
M[314] : 3 4 2 3 3 1 2 6 5 4 7 2 5 6 0 1 5 3 6 6 6 2
M[315] : 0 4 3 3 5 4 6 6 5 3 5 6 5 6 2 3 2 5 2 2 3 3
M[316] : 6 7 3 5 5 0 5 5 3 7 2 5 2 7 1 6 5 6 7 6 9 4
M[317] : 3 4 3 3 5 10 3 0 4 4 6 7 3 5 5 2 6 6 3 9 6 7
M[318] : 4 4 0 7 4 3 7 2 3 6 7 2 6 7 3 6 2 3 3 4 7 6
M[319] : 4 4 8 6 0 4 5 4 3 2 4 3 3 6 6 6 5 8 3 8 2 2
M[320] : 5 1 5 6 6 3 2 5 9 4 5 4 4 5 8 5 5 0 3 3 7 4
M[321] : 6 0 4 4 3 5 6 4 7 7 7 3 2 6 3 6 4 5 4 3 8 7
M[322] : 3 6 5 10 4 2 2 5 7 5 3 0 5 4 4 4 2 2 4 7 8 4
M[323] : 1 0 6 3 6 8 7 4 1 6 5 8 6 5 4 3 4 6 5 7 2 5
M[324] : 11 6 2 4 4 4 6 7 5 2 5 3 6 6 3 6 4 0 6 4 0 7
M[325] : 6 8 1 7 4 4 5 3 5 5 2 4 7 2 4 5 0 4 5 4 2 5
M[326] : 5 2 5 3 7 4 4 0 6 4 4 4 3 7 4 8 8 5 3 9 4 5
M[327] : 0 5 4 2 0 1 8 6 6 7 4 5 7 5 7 6 6 4 0 7 2 1
M[328] : 6 2 6 4 3 4 3 2 5 4 3 4 3 9 7 5 4 6 3 0 4 6
M[329] : 2 5 4 1 4 3 5 2 1 3 4 2 2 6 0 4 5 7 3 7 3 5
M[330] : 5 4 0 9 2 4 2 8 5 2 3 3 6 8 7 7 6 1 8 7 6 5
M[331] : 6 7 5 8 8 3 3 6 4 6 0 4 3 2 6 1 6 3 7 7 2 3
M[332] : 6 0 7 4 9 6 2 7 5 5 4 3 7 7 4 7 2 7 4 8 3 10
M[333] : 4 6 6 6 7 4 6 7 7 4 4 6 0 2 6 2 8 4 3 4 5 2
M[334] : 2 2 4 4 3 3 4 10 6 6 0 4 4 7 8 3 4 5 7 7 6 6
M[335] : 7 5 8 3 2 0 3 5 7 3 3 8 6 5 4 8 12 7 5 4 5 5
M[336] : 6 7 5 3 6 2 3 4 5 2 5 5 9 2 2 4 8 4 0 3 6 5
M[337] : 5 4 5 0 3 4 5 3 1 4 4 2 3 2 6 6 4 2 5 6 6 7
M[338] : 3 6 4 6 8 4 7 6 3 4 7 4 0 6 2 3 4 10 5 1 5 5
M[339] : 8 8 2 3 3 5 0 7 4 5 3 3 9 7 7 5 6 3 7 6 2 5
M[340] : 3 4 6 4 6 4 7 5 3 5 8 5 2 7 3 2 5 6 3 0 3 2
M[341] : 4 5 2 3 3 3 6 2 5 0 2 4 10 4 3 3 7 6 8 3 7 3
M[342] : 4 7 3 5 8 9 3 3 2 2 5 0 5 4 6 6 3 1 5 7 1 5
M[343] : 4 3 5 3 0 6 7 5 3 5 3 5 5 2 2 0 3 0 2 0 2 3
M[344] : 4 4 3 4 7 4 7 4 4 3 6 0 4 4 4 3 5 3 1 7 2 2
M[345] : 7 10 4 8 6 0 4 7 5 4 5 3 8 4 9 2 9 7 3 1 6 4
M[346] : 4 7 9 5 4 3 4 4 8 8 6 10 4 3 6 5 3 6 7 8 6 0
M[347] : 3 2 2 5 4 6 4 3 2 2 11 0 5 4 4 4 4 4 6 3 5 7
M[348] : 5 5 6 5 4 3 0 3 5 5 9 7 7 5 3 11 4 5 6 3 2 4
M[349] : 2 5 5 3 4 3 5 3 1 10 4 6 3 5 5 6 3 4 5 5 5 0
M[350] : 4 0 7 3 3 5 4 6 6 4 4 6 7 2 7 5 6 9 4 4 5 5
M[351] : 3 2 2 4 2 8 5 7 0 4 6 4 3 1 6 6 6 7 7 4 4 2
M[352] : 6 6 4 1 4 6 9 3 9 4 4 0 7 4 3 4 6 4 7 5 4 1
M[353] : 5 6 11 3 3 3 0 5 4 6 6 4 2 7 5 3 4 6 4 1 2 3
M[354] : 7 1 4 4 8 0 8 7 3 1 8 3 4 4 7 3 6 5 5 3 4 0
M[355] : 3 6 4 5 4 4 6 3 0 4 3 9 5 9 5 3 7 7 4 7 3 8
M[356] : 0 4 3 8 5 4 6 4 4 6 5 2 3 7 5 3 3 5 4 5 7 5
M[357] : 3 4 5 6 5 3 0 5 6 6 5 6 4 4 6 7 6 6 5 6 5 3
M[358] : 5 12 8 0 6 3 8 3 0 5 6 7 1 3 7 2 6 3 6 2 3 1
M[359] : 5 4 4 7 0 4 5 6 8 5 6 2 6 5 4 7 4 7 6 4 1 3
M[360] : 5 4 9 1 2 3 7 3 3 5 3 3 1 6 8 8 2 4 0 1 8 4
M[361] : 4 5 5 3 2 8 5 0 2 3 5 2 3 5 7 3 1 5 1 6 4 4
M[362] : 4 6 3 3 7 5 6 6 5 4 4 6 5 4 3 7 0 5 5 3 4 2
M[363] : 10 6 4 0 6 6 7 3 3 8 6 6 7 3 2 7 4 2 6 7 6 4
M[364] : 1 4 9 2 2 3 4 5 1 7 3 5 0 8 4 7 4 3 6 7 2 6
M[365] : 5 0 4 3 5 4 5 4 1 6 3 5 5 5 7 4 9 5 4 6 7 5
M[366] : 6 5 5 0 4 5 4 9 5 5 7 8 6 3 3 6 6 8 9 5 3 3
M[367] : 5 3 3 2 5 4 3 3 5 5 7 2 3 4 8 4 3 0 5 5 3 3
M[368] : 7 0 8 6 7 7 6 1 5 4 3 4 5 4 3 4 7 1 5 5 7 2
M[369] : 6 8 10 5 4 4 6 9 5 4 1 0 5 5 4 6 2 5 7 4 4 8
M[370] : 9 3 10 5 7 4 3 5 9 8 6 6 5 8 4 0 3 8 6 1 5 5
M[371] : 4 7 4 5 3 6 5 9 5 0 7 5 5 4 8 6 4 2 6 6 5 3
M[372] : 4 5 3 4 6 5 5 9 2 3 4 3 7 0 5 7 3 6 8 5 6 3
M[373] : 2 4 4 3 6 5 4 2 8 3 6 6 4 2 7 6 4 5 0 4 5 3
M[374] : 4 2 6 4 6 6 6 7 4 0 7 4 1 2 7 1 1 3 2 2 5 5
M[375] : 5 7 3 6 5 3 3 5 3 8 8 3 6 4 2 6 4 0 4 4 7 8
M[376] : 6 4 4 3 4 3 4 5 5 6 6 5 4 6 6 4 3 0 4 6 6 5
M[377] : 5 1 5 3 2 5 1 0 5 6 4 6 4 8 4 7 6 2 4 2 4 5
M[378] : 3 5 3 8 2 3 2 4 0 10 5 6 3 3 4 3 6 4 7 5 9 3
M[379] : 3 4 3 4 7 6 2 4 4 6 1 2 6 2 0 4 1 4 6 3 2 5
M[380] : 4 7 3 6 6 8 9 7 7 4 3 5 2 4 3 3 3 4 5 4 0 4
M[381] : 7 7 3 5 0 4 6 3 6 4 5 10 6 2 8 3 9 3 7 4 3 3
M[382] : 3 4 3 6 3 5 5 4 6 3 1 6 3 7 0 5 3 6 5 6 0 4
M[383] : 3 5 6 9 4 5 5 3 1 3 3 2 5 0 4 2 4 8 3 2 3 3
M[384] : 4 5 6 2 12 6 7 0 5 3 6 5 6 7 5 2 2 2 4 5 5 5
M[385] : 3 7 6 6 4 5 6 0 2 8 3 2 4 8 5 4 5 3 2 5 3 9
M[386] : 8 3 6 8 7 7 6 3 7 4 8 5 6 5 4 3 0 6 3 7 4 3
M[387] : 3 7 3 0 6 6 2 5 4 3 4 3 3 5 6 3 2 4 2 3 5 7
M[388] : 5 5 4 10 2 0 5 4 4 3 3 4 3 8 5 7 5 2 7 5 5 5
M[389] : 7 4 8 2 6 3 6 0 8 3 6 3 4 3 6 4 3 7 8 7 3 5
M[390] : 5 1 5 4 4 4 0 3 3 5 4 2 7 4 2 7 10 1 5 7 3 3
M[391] : 9 7 8 5 4 4 6 3 4 3 2 6 0 6 4 3 6 5 5 4 3 6
M[392] : 0 3 10 7 4 5 4 7 3 7 0 1 5 9 4 5 3 6 6 4 6 6
M[393] : 4 7 4 5 6 7 4 4 4 2 6 4 2 5 12 7 4 4 6 3 0 6
M[394] : 1 2 10 3 1 4 4 5 3 7 4 4 4 5 6 12 4 5 3 4 0 5
M[395] : 3 4 6 6 3 7 5 7 6 0 1 4 4 5 4 4 3 3 7 6 7 6
M[396] : 6 8 5 3 3 5 7 0 3 5 5 9 5 8 4 6 4 5 7 8 3 7
M[397] : 5 6 3 5 3 5 5 6 3 5 4 7 5 5 2 3 9 8 5 2 0 5
M[398] : 3 5 3 5 5 6 5 8 6 3 4 2 4 5 6 4 2 0 1 6 3 3
M[399] : 7 2 2 4 4 8 8 5 7 3 2 5 2 5 0 3 7 5 7 3 7 5
M[400] : 1 5 3 8 6 10 4 4 6 0 5 6 5 6 5 1 7 3 8 6 3 5
M[401] : 6 3 6 5 7 12 4 5 6 6 11 3 3 5 0 7 3 5 5 5 8 7
M[402] : 7 5 3 8 5 9 3 0 6 5 5 5 5 7 4 2 4 4 2 6 5 3
M[403] : 5 6 3 6 4 7 3 6 6 6 4 4 4 2 3 3 9 0 3 3 4 2
M[404] : 4 3 0 4 7 5 5 4 5 9 2 8 4 4 8 7 3 3 5 2 4 4
M[405] : 1 5 3 5 1 4 4 7 2 5 5 4 3 0 8 5 1 5 4 6 5 4
M[406] : 6 5 6 3 4 6 0 5 5 5 6 6 0 3 5 4 6 6 4 4 7 4
M[407] : 7 3 2 4 4 5 8 7 3 0 4 7 3 0 7 3 4 4 7 5 6 4
M[408] : 3 4 5 5 4 5 5 4 4 4 7 6 4 5 0 4 0 3 5 4 4 4
M[409] : 4 6 4 7 6 4 2 1 6 8 7 4 4 7 3 2 2 0 7 3 6 5
M[410] : 3 0 3 8 3 3 12 2 7 4 7 6 6 4 6 4 5 10 5 4 3 3
M[411] : 5 4 6 6 4 3 7 0 1 6 3 3 4 7 5 6 9 3 4 5 3 3
M[412] : 4 3 5 4 8 5 6 3 4 5 2 4 6 8 4 3 7 2 0 6 2 6
M[413] : 0 4 5 9 7 4 5 5 3 6 2 10 7 2 1 5 3 5 4 5 5 4
M[414] : 6 4 4 6 4 6 2 3 5 9 6 4 4 7 5 7 8 4 0 2 2 5
M[415] : 7 3 4 5 4 8 2 4 8 0 6 5 6 4 5 7 9 6 2 7 8 4
M[416] : 5 5 6 8 4 9 0 2 6 9 4 4 6 4 4 9 6 4 5 4 2 4
M[417] : 3 5 6 8 7 2 4 9 3 5 7 4 4 4 4 3 4 4 0 5 6 3
M[418] : 5 3 4 7 4 4 3 6 5 5 3 2 0 1 4 6 7 9 5 4 2 3
M[419] : 8 9 2 6 7 9 2 5 4 6 4 6 2 3 4 0 3 2 6 1 5 7
M[420] : 5 6 6 1 7 5 5 5 5 9 1 1 8 0 8 4 1 3 6 3 8 6
M[421] : 2 7 2 8 1 3 5 4 7 5 2 4 3 6 3 4 4 7 3 4 0 5
M[422] : 7 2 8 2 9 3 5 2 6 2 4 0 2 2 4 6 7 4 8 4 7 3
M[423] : 2 6 5 5 6 11 7 7 8 0 0 4 7 4 7 3 5 5 2 4 6 4
M[424] : 5 9 4 5 6 4 0 2 1 7 2 5 4 6 4 3 9 11 4 8 9 5
M[425] : 6 4 8 0 2 5 3 2 5 4 4 5 7 5 4 5 5 5 8 3 7 1
M[426] : 3 3 7 4 4 9 3 3 4 8 4 3 6 9 3 2 0 3 4 3 3 1
M[427] : 5 5 4 6 7 2 7 11 5 6 5 2 5 5 3 3 7 6 6 5 0 5
M[428] : 1 10 7 5 5 9 7 6 4 3 3 4 9 5 5 8 0 6 3 7 3 4
M[429] : 7 8 6 5 6 4 6 4 6 0 4 3 3 3 6 3 3 5 9 7 4 6
M[430] : 3 6 5 3 3 9 9 8 3 7 4 3 2 2 8 4 3 5 4 0 5 3
M[431] : 3 5 2 2 7 5 3 7 7 6 3 9 2 3 4 7 5 5 0 4 4 4
M[432] : 6 2 3 9 6 5 6 5 4 2 3 4 7 4 4 6 2 2 0 3 7 5
M[433] : 8 3 6 4 4 0 5 6 4 3 2 7 2 5 10 7 4 8 4 6 4 4
M[434] : 4 1 6 0 4 4 3 10 2 5 3 8 8 5 7 5 4 4 5 5 7 5
M[435] : 1 8 6 3 5 3 6 4 4 0 5 3 4 4 6 7 4 8 3 9 4 7
M[436] : 2 3 6 0 7 6 7 2 7 4 10 4 3 6 1 2 3 5 4 3 2 6
M[437] : 5 4 6 3 6 8 2 4 3 7 4 3 5 8 4 3 1 7 5 5 0 6
M[438] : 6 4 2 6 3 6 3 6 0 6 8 5 8 1 5 8 4 4 8 4 2 7
M[439] : 4 10 0 5 4 3 2 3 3 8 4 4 4 6 0 4 1 7 4 3 3 7
M[440] : 8 7 6 6 5 6 10 7 4 6 7 7 6 4 4 7 0 6 7 8 3 3
M[441] : 5 5 4 9 3 5 2 5 0 7 4 4 2 5 5 4 7 4 4 0 3 4
M[442] : 5 2 6 4 2 7 4 4 2 5 7 7 3 4 3 4 7 0 7 2 5 1
M[443] : 3 4 4 3 9 4 3 4 3 6 6 5 6 6 3 8 3 1 8 0 2 4
M[444] : 7 4 7 7 4 6 4 3 6 4 4 4 0 5 4 4 7 4 11 5 3 3
M[445] : 5 7 6 8 7 2 2 7 12 1 5 0 5 9 8 4 3 5 3 1 5 4
M[446] : 4 3 4 1 6 8 5 2 0 6 1 9 3 3 3 4 6 4 8 4 5 6
M[447] : 3 8 0 2 2 2 5 7 0 5 4 3 6 5 6 8 7 3 7 7 8 8
M[448] : 4 0 2 6 3 6 5 2 7 1 7 2 5 4 0 3 6 6 6 2 6 7
M[449] : 4 6 3 2 6 4 5 5 4 3 6 7 0 3 3 1 5 4 5 6 4 3
M[450] : 5 2 4 2 3 5 0 6 0 8 4 6 6 8 5 8 7 4 7 4 6 2
M[451] : 8 2 8 7 5 5 2 0 3 2 8 5 7 3 5 3 4 4 4 6 7 3
M[452] : 5 7 2 5 3 4 6 4 9 7 4 5 2 6 6 5 5 3 7 0 5 4
M[453] : 3 3 3 7 3 4 0 2 3 3 1 2 6 7 5 5 3 4 5 4 6 2
M[454] : 3 5 3 7 5 8 0 6 3 5 7 5 2 6 6 3 2 3 5 4 4 6
M[455] : 4 2 4 0 2 5 3 7 7 3 4 4 1 6 4 6 4 3 6 9 5 5
M[456] : 3 5 8 1 5 2 3 3 4 6 3 4 4 7 8 3 2 3 6 4 4 0
M[457] : 4 4 5 2 5 7 8 8 4 8 2 7 4 3 5 5 3 0 4 7 5 9
M[458] : 0 6 5 4 4 5 4 8 3 5 4 6 6 4 3 5 2 7 6 4 5 5
M[459] : 6 5 6 1 6 4 5 2 2 6 2 2 10 6 5 4 0 4 6 7 5 7
M[460] : 6 4 3 6 7 0 4 5 3 7 4 6 6 3 7 7 6 4 7 3 8 2
M[461] : 4 5 4 4 4 4 5 3 3 3 8 0 5 5 4 2 2 8 1 7 6 2
M[462] : 0 3 5 5 2 5 6 7 4 3 5 2 6 3 10 4 2 5 7 7 3 7
M[463] : 4 0 1 4 5 4 6 2 5 9 4 4 6 2 6 3 3 6 6 6 5 3
M[464] : 7 8 4 3 4 5 5 7 8 6 0 4 5 3 7 8 7 6 5 3 4 4
M[465] : 3 4 5 5 6 6 5 3 0 5 6 8 3 3 6 7 4 6 7 5 2 3
M[466] : 4 9 4 5 4 5 3 7 0 5 6 3 5 4 2 5 6 6 3 3 5 1
M[467] : 4 3 4 3 7 5 8 4 4 2 6 5 0 4 4 4 5 4 8 11 6 5
M[468] : 4 2 5 7 4 8 5 4 7 0 6 3 2 4 4 3 2 6 5 7 3 3
M[469] : 11 5 4 7 4 9 4 2 6 5 4 8 4 5 6 0 6 3 5 5 6 1
M[470] : 3 6 5 4 7 0 6 5 4 6 4 4 5 5 4 3 4 6 8 2 6 4
M[471] : 7 1 5 5 5 6 6 3 5 2 3 4 0 3 4 5 2 3 7 7 3 4
M[472] : 6 6 0 1 7 6 5 13 1 7 4 6 2 3 2 2 8 7 2 6 7 4
M[473] : 3 6 9 5 5 0 5 4 5 8 6 1 4 1 4 5 10 7 3 1 5 6
M[474] : 4 5 5 6 2 6 8 6 5 2 4 7 3 7 0 3 4 2 3 4 6 5
M[475] : 6 4 2 3 5 1 7 4 6 8 3 5 3 7 5 3 6 0 7 3 6 7
M[476] : 0 0 3 3 3 7 8 5 4 4 4 2 1 5 9 5 4 7 2 3 3 6
M[477] : 6 3 2 6 7 3 7 5 4 3 2 2 9 5 8 7 5 5 3 3 6 0
M[478] : 6 6 7 3 7 6 6 6 6 11 7 3 0 5 4 9 8 3 2 3 5 1
M[479] : 6 0 6 7 8 3 5 4 4 5 6 6 4 6 6 4 6 8 5 2 7 5
M[480] : 7 3 6 9 5 3 1 4 5 7 4 6 5 7 4 3 6 1 0 9 4 6
M[481] : 4 4 5 6 3 8 5 6 9 7 5 4 8 7 9 7 6 3 0 3 6 5
M[482] : 7 3 4 4 4 3 8 6 6 3 7 5 5 7 9 3 5 7 4 2 6 0
M[483] : 3 2 7 9 6 3 5 4 1 6 2 3 2 7 5 9 6 7 0 9 5 3
M[484] : 8 5 0 7 5 5 1 6 9 2 3 2 3 7 6 4 8 4 5 2 6 2
M[485] : 2 3 2 1 2 4 6 1 6 3 1 2 0 7 0 2 8 4 4 5 4 4
M[486] : 0 4 7 3 3 6 4 3 5 3 4 4 6 7 3 4 4 3 8 6 5 4
M[487] : 5 8 4 5 7 5 7 0 9 3 6 5 6 5 4 3 3 5 3 3 5 5
M[488] : 8 3 8 2 6 2 4 5 3 6 5 4 3 3 6 4 0 4 0 9 6 4
M[489] : 3 6 4 8 0 7 4 11 6 5 7 4 4 2 6 3 3 3 5 3 5 5
M[490] : 5 6 3 3 6 4 4 5 3 4 0 1 4 7 4 4 4 3 5 2 6 3
M[491] : 7 5 7 0 5 7 3 5 5 4 7 6 3 2 7 7 3 7 6 4 9 3
M[492] : 5 6 3 5 6 8 2 4 4 6 3 0 6 5 0 7 5 0 7 2 6 5
M[493] : 8 4 4 3 7 6 5 5 3 5 6 6 2 0 8 5 3 2 7 7 7 7
M[494] : 0 3 3 3 7 4 4 9 7 4 3 4 9 5 6 7 4 3 4 4 13 3
M[495] : 4 7 6 5 6 5 6 5 0 5 5 3 1 4 1 6 3 4 2 4 4 2
M[496] : 0 7 6 4 4 7 7 4 2 4 5 8 5 8 7 4 2 2 6 3 5 4
M[497] : 6 5 5 5 4 6 6 4 5 6 4 5 3 5 2 0 6 7 3 1 6 5
M[498] : 5 4 4 5 6 0 4 4 8 4 5 7 2 8 3 5 9 7 6 9 3 3
M[499] : 3 8 3 5 5 3 0 4 5 4 5 5 4 4 5 4 4 9 5 4 2 7
M[500] : 4 4 7 6 4 7 1 2 4 7 7 5 2 5 0 7 9 5 3 11 2 5
M[501] : 4 5 3 6 8 2 4 7 4 5 2 5 7 6 5 3 3 3 6 7 3 0
M[502] : 2 6 5 6 8 1 5 6 0 4 4 1 5 7 2 6 6 5 2 4 9 5
M[503] : 6 4 5 1 3 4 7 3 5 6 3 4 2 4 7 4 6 0 5 4 8 3
M[504] : 8 3 2 12 6 5 6 2 2 6 4 0 3 1 7 3 7 5 6 3 7 5
M[505] : 5 3 2 5 9 4 4 7 4 7 6 4 5 4 6 3 5 0 3 4 2 7
M[506] : 5 3 0 4 3 2 9 4 4 5 10 0 3 3 3 6 6 4 6 2 5 2
M[507] : 5 5 7 6 4 4 9 7 2 0 6 1 7 8 7 4 3 3 7 3 5 6
M[508] : 5 6 5 1 2 5 7 5 7 3 0 4 5 5 4 3 2 3 6 4 2 6
M[509] : 5 3 3 0 4 6 3 5 7 3 4 7 5 4 8 6 2 5 7 1 6 3
M[510] : 4 4 4 5 4 2 3 7 4 6 0 5 4 6 5 3 6 5 3 8 2 6
M[511] : 6 5 5 4 4 4 3 0 4 10 9 4 4 7 3 7 4 8 4 4 4 4
M[512] : 0 5 2 3 8 6 4 3 6 6 6 5 4 7 6 5 5 5 5 4 8 4
M[513] : 0 6 7 8 5 5 6 6 7 6 2 4 4 4 5 7 1 8 3 2 6 6
M[514] : 4 4 0 3 4 6 7 5 9 8 7 4 7 3 3 5 4 4 4 5 4 4
M[515] : 3 5 2 6 8 2 3 3 4 5 4 5 9 4 3 1 5 6 3 0 5 5
M[516] : 5 4 9 4 2 3 0 5 3 3 2 5 2 6 3 2 8 5 3 5 6 5
M[517] : 4 5 4 6 5 4 9 5 4 5 7 7 6 8 1 5 2 0 2 5 6 5
M[518] : 5 5 3 6 6 9 2 0 3 5 5 6 6 5 3 5 6 4 6 5 9 5
M[519] : 4 6 5 5 6 6 3 1 4 3 0 10 5 4 2 3 4 10 5 4 3 2
M[520] : 4 9 6 3 8 2 8 5 4 8 6 3 4 0 7 7 3 3 6 1 1 4
M[521] : 4 7 1 2 1 3 6 3 5 7 4 6 5 7 5 1 0 4 3 4 5 5
M[522] : 5 3 1 9 3 5 6 5 5 7 8 5 6 8 7 4 0 6 5 4 4 1
M[523] : 4 8 3 2 2 7 6 2 3 3 3 3 7 5 5 4 6 3 3 1 0 5
M[524] : 3 3 9 2 4 5 6 3 6 5 5 7 5 5 2 1 4 8 6 0 3 1
M[525] : 8 4 6 3 3 3 0 7 5 5 5 3 4 2 4 3 4 8 5 3 6 9
M[526] : 5 0 5 4 6 3 7 6 9 6 10 4 6 6 5 5 5 5 4 6 4 3
M[527] : 5 4 5 8 7 3 3 3 2 4 3 4 3 0 5 3 7 10 3 3 3 8
M[528] : 2 5 3 5 2 7 5 0 7 5 7 3 5 0 2 2 7 6 8 6 5 6
M[529] : 0 5 3 5 2 3 7 4 2 5 6 2 3 2 3 8 7 7 4 4 6 3
M[530] : 5 6 4 5 9 2 4 0 8 5 8 4 4 6 2 5 5 5 6 6 3 6
M[531] : 6 1 5 5 5 4 5 3 3 3 0 4 5 7 4 6 4 5 2 9 5 7
M[532] : 7 6 6 4 7 6 5 0 8 6 7 4 3 3 3 3 5 2 7 8 4 4
M[533] : 0 4 7 3 4 7 3 4 4 3 9 0 2 6 3 1 4 1 3 7 4 4
M[534] : 3 5 5 3 4 4 3 6 3 7 2 5 3 9 10 4 6 3 4 1 1 0
M[535] : 7 2 1 4 5 1 5 3 8 2 3 5 7 0 6 5 4 9 8 6 7 5
M[536] : 2 0 10 6 2 2 5 5 5 6 3 4 5 7 6 4 4 4 4 5 2 6
M[537] : 1 7 6 5 8 4 4 3 3 6 8 6 5 3 5 8 0 4 8 5 5 4
M[538] : 3 5 5 3 5 5 7 3 7 3 3 6 3 0 9 12 7 5 2 4 3 6
M[539] : 4 7 0 4 5 5 6 7 3 4 4 9 7 3 5 5 4 9 7 3 3 7
M[540] : 6 5 6 9 1 4 5 4 4 5 6 4 3 6 5 3 4 0 4 6 5 4
M[541] : 5 7 4 5 0 4 6 6 4 3 5 6 5 5 2 5 2 7 5 6 4 7
M[542] : 3 5 8 0 9 7 3 7 5 7 7 6 5 2 5 7 4 1 1 4 3 5
M[543] : 4 6 1 7 1 4 4 5 0 4 5 5 5 2 4 4 1 6 9 4 4 7
M[544] : 4 8 4 6 6 2 0 2 4 5 3 2 4 5 3 3 4 3 7 10 3 5
M[545] : 9 1 5 8 5 0 9 2 3 3 6 2 5 2 8 3 4 4 2 6 5 7
M[546] : 3 3 6 10 4 4 4 0 4 4 8 5 7 3 5 6 6 4 3 5 4 5
M[547] : 3 8 7 6 2 7 6 4 5 6 5 3 8 2 5 3 8 4 5 4 6 0
M[548] : 5 4 4 6 5 4 3 4 6 5 8 5 4 3 3 1 6 6 6 0 3 4
M[549] : 6 6 4 4 5 4 8 5 7 8 4 4 4 1 4 5 0 8 4 5 6 4
M[550] : 5 5 5 4 3 7 5 5 5 3 4 2 0 3 1 4 8 3 5 7 4 6
M[551] : 5 2 5 7 3 8 4 4 5 5 4 6 5 2 5 0 7 7 9 2 5 6
M[552] : 2 3 6 2 3 7 0 5 3 5 8 5 3 6 4 5 7 2 6 7 5 5
M[553] : 6 7 2 4 5 4 0 5 3 10 4 9 4 2 4 3 2 6 2 6 5 6
M[554] : 4 8 4 0 4 6 4 7 6 6 1 3 5 0 5 2 8 5 7 8 2 3
M[555] : 5 6 5 1 5 4 3 0 6 2 4 3 5 5 5 2 4 7 6 3 7 5
M[556] : 6 4 3 4 2 4 8 5 8 5 4 4 5 6 1 3 0 6 4 4 9 0
M[557] : 5 8 4 0 1 5 7 3 4 5 2 5 3 2 6 6 3 4 2 6 4 4
M[558] : 0 7 1 8 2 5 3 3 7 4 7 5 7 9 6 4 4 4 8 2 4 3
M[559] : 1 6 6 5 7 8 7 5 6 7 3 0 4 5 8 5 6 3 10 2 4 5
M[560] : 4 9 6 3 7 3 3 2 3 2 4 5 5 4 6 1 0 6 1 2 5 6
M[561] : 5 4 3 2 5 8 6 6 7 6 4 5 7 7 5 5 8 5 8 0 5 4
M[562] : 9 3 2 4 4 7 5 3 1 3 6 9 6 0 3 4 3 4 2 4 5 4
M[563] : 6 0 7 4 2 3 1 3 7 7 6 4 4 4 4 8 4 3 6 1 3 6
M[564] : 4 4 6 0 5 7 4 5 5 4 7 6 8 8 7 3 10 6 1 4 5 7
M[565] : 3 8 5 5 7 8 2 2 2 0 4 4 3 4 5 5 5 2 7 7 8 4
M[566] : 5 0 5 4 6 6 5 1 8 3 6 5 4 5 3 2 7 4 4 3 7 2
M[567] : 5 5 1 5 2 6 5 3 5 3 6 2 0 7 6 2 6 5 2 4 6 3
M[568] : 4 8 7 5 3 2 2 4 1 3 5 4 2 3 5 2 6 7 4 4 7 0
M[569] : 9 6 7 5 0 9 5 4 3 0 7 7 2 1 4 5 6 5 7 6 7 5
M[570] : 7 4 4 3 5 5 3 2 1 4 5 5 3 3 5 8 3 3 4 7 2 0
M[571] : 1 7 8 5 4 7 5 5 5 0 7 9 6 6 6 3 8 5 5 4 2 2
M[572] : 3 2 5 3 4 4 4 4 5 3 6 3 0 5 6 7 7 8 4 4 6 8
M[573] : 6 1 0 8 2 4 4 1 5 1 3 7 2 3 6 4 8 4 4 3 4 3
M[574] : 6 4 4 6 1 0 6 6 5 7 4 4 1 3 6 7 3 3 5 7 1 7
M[575] : 6 5 4 4 8 5 3 5 5 3 9 5 9 0 2 8 5 1 8 2 7 7
M[576] : 1 6 5 4 5 7 7 3 1 1 1 5 3 7 1 7 0 7 8 6 6 6
M[577] : 4 7 5 5 4 4 0 6 9 3 4 3 8 4 2 4 5 4 8 2 3 6
M[578] : 4 5 4 6 4 5 8 3 5 6 5 5 5 5 3 0 8 6 5 5 6 4
M[579] : 3 3 5 7 3 5 4 4 6 1 4 4 8 4 6 6 0 5 7 1 4 8
M[580] : 5 5 9 3 6 5 6 6 4 7 3 5 6 5 7 5 0 3 5 4 6 5
M[581] : 4 2 4 8 6 6 6 5 8 4 9 5 0 6 4 5 11 6 4 1 6 0
M[582] : 5 7 5 4 3 4 4 6 4 5 6 8 3 0 5 3 4 4 8 6 6 4
M[583] : 2 0 1 6 0 3 3 4 3 7 5 2 4 3 7 7 8 6 4 2 3 5
M[584] : 6 1 3 3 7 5 6 3 10 4 8 4 5 3 3 0 9 7 6 7 5 6
M[585] : 6 8 5 0 5 3 3 6 6 5 6 6 6 4 5 5 0 4 6 6 5 4
M[586] : 7 2 9 6 5 6 6 4 5 5 4 2 4 4 6 0 5 6 3 2 2 7
M[587] : 9 6 2 7 6 8 5 1 8 7 3 5 5 4 3 6 4 1 6 3 0 0
M[588] : 4 7 1 4 5 4 6 3 0 4 7 6 3 9 3 2 2 5 7 6 2 5
M[589] : 6 4 5 6 5 2 3 2 1 2 3 2 2 5 7 4 5 3 3 0 4 6
M[590] : 2 4 5 3 2 6 0 4 4 2 3 6 4 6 3 3 4 7 5 3 2 5
M[591] : 5 4 2 3 6 7 0 6 6 5 3 3 4 2 6 4 7 3 7 5 5 5
M[592] : 7 7 6 5 0 9 4 1 4 4 2 2 4 3 2 1 6 4 9 3 3 7
M[593] : 4 4 6 7 6 3 2 2 3 5 4 4 4 3 0 2 4 6 7 6 3 3
M[594] : 3 4 3 0 3 5 6 6 3 6 2 3 3 5 5 4 2 7 3 5 4 7
M[595] : 4 5 2 2 3 7 6 3 8 4 5 2 2 2 4 6 1 0 6 3 9 4
M[596] : 7 4 5 3 3 8 2 9 3 6 7 4 6 5 5 0 5 2 3 5 7 5
M[597] : 0 4 6 5 7 5 6 1 3 3 5 3 5 5 2 6 5 6 6 9 4 9
M[598] : 5 5 4 8 8 2 3 7 5 4 6 5 6 5 8 0 2 3 8 4 3 5
M[599] : 5 4 5 1 1 8 10 3 4 1 5 8 3 0 5 4 5 4 2 3 7 7
M[600] : 5 4 4 3 8 5 8 3 0 0 3 4 5 5 4 5 6 3 3 4 4 6
M[601] : 4 4 6 6 3 3 3 4 8 0 10 8 8 3 4 4 6 2 5 5 5 3
M[602] : 4 1 6 1 2 7 3 6 3 6 3 5 4 0 4 3 8 3 1 4 5 3
M[603] : 6 3 1 5 4 2 6 3 0 6 4 2 6 6 6 7 2 5 2 10 3 2
M[604] : 0 6 5 5 9 7 3 5 4 6 5 4 7 4 8 5 4 3 8 5 6 6
M[605] : 2 6 3 3 2 0 4 4 2 1 4 5 5 9 3 7 3 5 4 6 5 4
M[606] : 2 4 5 3 5 0 5 5 5 8 3 3 5 6 4 1 6 3 4 0 4 2
M[607] : 5 3 4 2 4 2 3 5 3 4 8 4 4 7 2 0 2 5 2 8 1 2
M[608] : 3 7 6 5 6 1 4 5 1 5 4 1 5 8 7 0 1 5 5 4 4 7
M[609] : 1 5 4 1 3 0 4 4 5 5 3 1 2 2 7 4 5 3 3 4 8 4
M[610] : 5 5 3 5 8 5 5 5 3 6 4 4 4 2 3 3 0 4 2 8 6 2
M[611] : 5 9 5 4 7 7 4 4 9 1 4 0 4 5 6 7 7 6 6 5 4 10
M[612] : 5 5 0 4 1 3 7 2 3 6 2 5 1 2 2 6 7 10 4 6 4 7
M[613] : 7 7 3 2 3 6 4 4 6 6 4 7 3 4 5 0 6 7 9 2 7 7
M[614] : 4 3 0 5 4 7 3 2 2 3 4 5 8 5 2 2 2 3 2 5 7 7
M[615] : 2 2 2 5 5 4 4 0 2 4 3 4 5 7 5 10 6 6 2 2 3 5
M[616] : 0 7 5 7 7 5 5 5 3 0 3 2 3 7 4 6 5 6 3 3 2 6
M[617] : 4 11 4 2 9 3 5 3 4 1 5 0 5 8 2 10 4 8 6 4 4 5
M[618] : 5 6 6 5 6 7 8 2 5 9 4 2 5 4 6 4 3 3 0 5 6 6
M[619] : 4 4 4 5 4 6 5 6 6 5 6 2 4 0 5 6 4 3 4 5 8 4
M[620] : 5 4 6 6 6 4 4 1 4 1 6 0 6 7 5 2 6 1 3 5 6 3
M[621] : 6 4 3 5 2 8 4 3 7 0 8 4 5 4 3 4 3 6 4 6 4 4
M[622] : 6 8 5 6 3 3 2 4 4 5 4 6 3 3 4 8 8 5 0 7 5 4
M[623] : 4 7 2 4 9 8 4 5 5 7 2 7 2 8 5 0 4 3 4 5 2 9
M[624] : 5 3 3 3 4 3 8 2 3 6 3 6 6 5 5 9 4 9 5 5 1 0
M[625] : 0 3 2 4 3 10 2 7 6 5 5 4 2 8 6 7 6 6 9 6 6 10
M[626] : 7 7 2 3 4 4 9 6 7 7 9 4 7 3 1 10 4 3 6 5 0 8
M[627] : 2 6 5 3 7 3 6 2 6 4 3 6 0 8 6 4 3 3 7 4 8 8
M[628] : 5 5 5 4 3 7 4 7 5 6 4 7 3 2 0 8 4 8 4 2 3 10
M[629] : 5 10 4 3 4 4 0 4 10 6 3 6 6 3 6 3 4 6 6 9 7 6
M[630] : 0 5 2 10 8 4 5 7 5 2 2 3 5 2 6 5 5 7 3 5 3 5
M[631] : 3 4 3 7 5 7 8 5 9 3 4 2 5 4 9 5 5 5 6 0 7 7
M[632] : 3 4 7 0 1 3 6 4 4 4 4 6 2 5 4 4 4 3 3 4 3 5
M[633] : 4 5 9 1 7 6 3 6 6 5 6 0 5 3 6 7 0 8 3 4 5 6
M[634] : 2 3 3 9 5 6 5 0 6 3 2 5 3 3 4 5 5 3 3 3 4 5
M[635] : 3 6 8 4 3 4 3 3 2 2 6 0 5 4 4 6 4 4 4 5 3 4
M[636] : 8 5 2 6 4 2 4 3 2 5 6 7 5 6 5 6 8 4 4 7 6 0
M[637] : 2 6 8 5 5 4 3 5 4 5 6 9 4 6 0 8 6 10 7 4 8 9
M[638] : 2 4 3 2 5 6 5 4 7 1 7 6 4 4 7 3 5 5 0 4 6 6
M[639] : 8 5 6 3 8 2 8 8 8 2 2 4 2 0 5 6 7 5 5 3 5 3
M[640] : 5 6 10 7 3 6 5 6 5 3 8 9 0 4 7 3 3 7 3 3 4 5
M[641] : 6 4 5 0 4 1 5 2 6 6 4 6 4 5 6 4 2 3 9 7 3 5
M[642] : 6 8 5 6 5 3 1 6 4 4 4 6 5 3 0 3 6 5 5 4 1 6
M[643] : 3 7 4 8 5 3 5 1 7 5 7 5 3 5 0 6 7 6 6 6 3 7
M[644] : 7 2 2 3 6 5 2 6 2 4 5 4 3 7 6 0 1 5 8 5 3 4
M[645] : 5 1 6 4 4 4 0 5 6 8 5 6 6 5 1 3 7 4 4 4 6 4
M[646] : 1 5 5 5 3 4 5 4 7 5 5 6 5 5 4 2 2 5 6 6 5 0
M[647] : 8 5 6 3 4 4 4 0 3 5 5 4 5 5 3 2 5 3 3 8 5 7
M[648] : 5 2 5 4 4 2 7 3 0 3 5 3 5 5 9 4 6 5 6 6 6 3
M[649] : 4 9 4 7 8 4 4 6 0 2 6 4 4 6 6 5 4 6 4 5 3 4
M[650] : 4 9 8 7 2 4 5 3 7 3 5 2 4 0 9 8 8 4 5 4 3 5
M[651] : 5 1 4 5 3 0 6 2 5 2 8 5 8 4 6 9 5 1 7 3 5 2
M[652] : 3 0 7 4 7 4 1 2 5 2 4 2 3 5 3 3 3 2 1 3 9 4
M[653] : 4 8 1 0 8 7 6 9 9 2 5 4 4 5 6 9 5 6 5 7 7 1
M[654] : 5 4 7 4 5 2 2 6 6 3 1 2 3 6 0 6 3 4 2 6 7 8
M[655] : 5 3 7 2 3 9 9 3 3 6 4 4 3 5 0 10 4 2 5 7 5 1
M[656] : 4 5 8 3 4 1 5 6 3 2 2 4 5 2 2 0 4 5 5 3 8 5
M[657] : 7 13 6 7 4 3 3 3 5 5 5 1 5 6 4 4 7 7 0 4 6 7
M[658] : 4 7 11 1 6 2 3 5 5 2 6 6 4 4 4 4 3 7 5 0 5 5
M[659] : 10 8 3 4 6 7 7 3 6 3 0 5 4 4 3 1 3 3 4 3 4 8
M[660] : 6 0 6 6 9 7 5 7 4 7 7 1 1 2 6 7 8 6 6 3 4 3
M[661] : 4 9 3 4 3 4 6 0 4 3 6 5 6 12 0 2 6 7 5 3 5 6
M[662] : 2 5 6 3 5 7 6 6 0 5 5 6 6 2 4 4 5 4 2 9 8 5
M[663] : 4 1 4 3 8 4 4 5 5 0 6 3 5 7 7 8 4 7 7 2 6 7
M[664] : 6 0 5 4 9 3 1 2 7 6 4 6 6 6 4 1 5 4 6 4 5 4
M[665] : 4 4 2 3 7 5 7 8 4 3 5 5 4 3 8 0 5 6 8 4 6 2
M[666] : 6 4 4 4 4 0 5 4 3 6 6 7 2 8 6 7 3 6 3 4 5 2
M[667] : 4 2 5 2 4 3 9 4 0 4 6 2 3 4 3 7 4 6 4 5 1 4
M[668] : 8 7 3 8 1 5 3 8 3 7 5 8 2 5 3 5 2 6 0 4 2 5
M[669] : 7 4 4 10 5 6 5 3 3 6 0 4 5 2 3 7 9 4 3 9 3 5
M[670] : 8 5 7 7 7 5 6 2 4 7 2 4 4 0 7 0 3 4 1 0 9 2
M[671] : 4 0 4 5 3 7 3 5 3 3 6 10 6 3 2 4 4 3 4 3 3 3
M[672] : 4 8 5 7 6 6 0 5 6 2 0 2 6 4 10 6 5 2 6 3 7 3
M[673] : 3 7 3 5 6 5 11 3 0 5 6 3 4 5 9 7 2 3 3 6 5 6
M[674] : 3 3 0 10 3 6 3 4 1 9 4 4 3 6 4 1 6 6 1 5 6 6
M[675] : 8 4 5 6 7 5 6 7 5 7 4 7 5 6 7 6 6 6 7 6 0 6
M[676] : 4 6 8 5 4 4 5 3 4 6 6 6 7 5 6 4 0 5 7 6 5 3
M[677] : 4 4 7 2 6 2 6 6 5 2 3 3 4 7 5 2 11 5 4 5 0 1
M[678] : 5 6 3 4 6 6 4 5 6 3 4 9 3 0 5 5 3 2 3 3 5 4
M[679] : 5 1 5 5 6 1 4 9 0 3 4 6 3 4 6 8 4 3 5 6 5 7
M[680] : 5 7 5 0 7 9 3 8 8 3 5 7 5 4 0 3 9 3 5 3 4 5
M[681] : 4 12 2 9 8 2 5 5 3 7 3 6 0 4 7 6 4 3 3 10 5 3
M[682] : 2 5 4 3 5 4 0 7 5 4 3 2 4 8 2 7 5 6 6 6 5 9
M[683] : 6 3 4 5 5 0 7 8 3 4 5 7 5 3 5 4 2 5 6 5 0 3
M[684] : 0 4 3 4 4 2 2 4 4 6 5 9 9 3 8 8 9 2 6 2 4 3
M[685] : 2 1 4 3 7 2 2 0 7 8 7 5 3 5 6 3 9 6 5 0 6 6
M[686] : 7 0 6 3 8 8 6 7 3 4 9 9 7 3 9 2 8 4 4 5 4 6
M[687] : 0 2 7 2 4 4 7 3 2 3 2 4 2 5 3 5 5 6 3 11 3 4
M[688] : 8 2 7 8 3 8 3 6 3 0 4 4 4 6 4 4 4 6 5 6 4 4
M[689] : 4 3 4 5 6 5 5 4 4 3 2 3 9 4 3 4 3 2 0 3 6 5
M[690] : 3 4 6 4 6 1 1 4 3 10 7 3 5 2 3 7 5 5 5 0 7 5
M[691] : 6 4 3 5 5 5 3 8 2 4 0 5 3 5 6 2 5 3 3 7 5 2
M[692] : 3 4 6 6 3 6 4 4 9 3 7 6 0 4 7 4 7 1 7 3 6 8
M[693] : 4 1 4 3 4 5 1 5 3 6 9 0 4 5 5 2 6 6 5 5 7 5
M[694] : 3 3 0 5 3 2 3 3 5 5 5 5 9 4 7 5 3 6 4 5 2 3
M[695] : 2 10 4 1 1 5 6 2 4 3 2 2 7 5 6 2 4 5 6 5 0 6
M[696] : 6 3 2 3 10 6 3 1 6 5 0 3 10 6 9 7 2 3 4 8 3 10
M[697] : 4 4 2 6 3 7 2 7 3 7 2 7 3 6 4 4 2 4 0 4 4 4
M[698] : 4 7 6 6 2 4 7 6 5 5 4 0 3 8 6 5 6 2 7 5 4 5
M[699] : 8 2 8 5 4 5 3 4 6 5 5 6 1 4 4 3 3 8 7 5 3 0
M[700] : 6 7 5 4 4 4 4 1 2 6 5 5 3 4 3 4 6 5 2 4 5 0
M[701] : 8 4 5 3 5 6 3 1 7 5 5 7 4 6 7 4 4 7 0 5 5 4
M[702] : 3 5 8 8 9 3 4 6 4 7 4 3 6 6 3 4 6 4 6 3 6 0
M[703] : 5 4 7 5 6 5 4 3 7 2 3 5 3 0 6 3 7 7 7 4 6 4
M[704] : 3 7 3 6 7 9 3 3 4 7 9 6 2 1 0 6 3 5 7 6 6 4
M[705] : 3 3 6 0 8 3 2 3 4 4 6 5 2 5 2 3 5 3 5 5 7 6
M[706] : 5 3 0 6 7 5 5 3 5 3 4 4 4 4 5 4 4 4 10 6 6 8
M[707] : 5 5 2 7 7 3 4 7 7 3 5 7 3 0 3 4 9 8 4 1 6 3
M[708] : 7 3 4 1 8 5 4 5 7 3 5 7 2 0 4 5 6 3 3 7 4 9
M[709] : 7 8 3 5 5 7 5 0 11 4 7 3 3 2 5 7 5 3 5 4 3 6
M[710] : 1 5 6 3 6 10 4 6 5 4 6 4 5 3 2 0 2 5 6 7 2 9
M[711] : 4 6 5 5 3 7 9 6 4 8 4 5 7 9 4 3 3 0 6 0 9 6
M[712] : 5 6 0 6 5 7 4 7 7 4 6 4 4 4 6 4 3 5 4 2 2 5
M[713] : 0 3 7 6 3 5 6 4 3 6 5 1 5 6 8 8 4 8 5 5 5 5
M[714] : 5 2 4 4 4 4 5 6 4 2 3 7 5 5 6 4 0 5 4 4 2 8
M[715] : 5 6 5 3 6 7 1 4 4 3 8 6 1 2 4 6 5 5 8 7 0 7
M[716] : 3 6 6 5 8 7 4 0 3 7 4 6 5 6 3 3 4 3 7 7 3 1
M[717] : 0 5 12 4 6 4 2 9 6 5 12 5 2 4 2 6 2 5 5 3 4 3
M[718] : 6 5 4 4 4 3 8 0 9 5 5 7 4 5 4 4 7 9 4 5 6 2
M[719] : 8 3 5 4 3 4 4 4 3 4 0 4 5 1 3 6 4 4 5 3 5 4
M[720] : 9 6 6 3 3 9 4 8 1 5 3 10 6 5 8 2 5 4 2 5 6 0
M[721] : 7 5 4 6 6 7 4 6 5 7 7 3 6 6 4 10 2 0 3 4 8 4
M[722] : 4 2 4 4 5 7 6 2 3 5 6 3 0 2 2 7 4 7 2 4 6 1
M[723] : 5 3 3 4 4 6 6 1 6 6 2 5 3 5 7 4 2 6 3 0 5 3
M[724] : 4 7 4 4 7 8 4 2 6 4 9 7 4 1 6 4 2 0 5 3 4 1
M[725] : 9 5 12 2 3 2 8 4 0 4 1 7 5 4 5 5 5 5 6 3 5 2
M[726] : 3 7 2 4 6 2 2 5 1 6 3 0 4 5 5 3 3 4 9 4 1 2
M[727] : 6 3 6 6 7 7 8 4 4 2 1 6 10 3 2 4 5 0 3 4 4 5
M[728] : 4 2 5 6 3 4 5 3 6 3 4 4 6 7 5 5 1 6 3 0 3 7
M[729] : 4 8 6 7 11 2 9 4 0 4 3 4 5 5 2 4 5 10 5 4 4 6
M[730] : 3 7 5 4 3 2 6 4 0 5 7 4 7 5 8 8 5 9 5 7 5 4
M[731] : 4 5 10 4 3 4 5 3 2 5 4 5 0 2 1 7 4 3 6 5 4 4
M[732] : 7 12 5 3 4 2 4 6 4 6 0 4 4 4 4 4 2 8 4 5 4 7
M[733] : 4 3 4 5 4 4 7 3 4 2 5 8 3 6 3 5 6 8 5 0 4 5
M[734] : 8 6 3 3 8 3 3 3 3 4 3 5 4 7 4 1 0 0 5 6 2 3
M[735] : 2 10 9 2 3 2 7 4 4 4 9 3 10 3 4 6 0 2 2 4 3 2
M[736] : 4 7 5 7 6 5 2 0 5 8 3 2 3 6 6 6 4 9 7 6 4 5
M[737] : 4 4 4 5 6 0 4 2 3 2 5 6 5 6 2 9 1 4 7 6 6 3
M[738] : 5 5 4 3 2 5 6 6 8 3 10 5 6 9 3 9 2 7 4 7 0 3
M[739] : 7 4 1 2 6 5 2 3 3 5 5 6 0 2 4 5 4 8 4 4 5 3
M[740] : 4 3 7 2 6 5 3 4 5 9 9 7 4 0 13 6 8 7 5 8 7 4
M[741] : 9 3 8 8 6 5 0 4 5 1 5 5 6 6 10 6 5 5 4 2 5 4
M[742] : 4 4 5 5 2 6 3 2 3 0 5 1 3 1 5 5 5 5 7 4 4 4
M[743] : 6 6 4 5 5 4 7 4 7 4 2 2 5 2 6 4 7 0 1 1 5 3
M[744] : 4 6 4 7 3 5 2 4 4 2 5 6 6 7 2 4 4 5 5 3 0 6
M[745] : 4 5 4 3 5 3 7 6 4 9 2 8 6 0 5 3 4 3 6 10 6 7
M[746] : 2 7 3 4 5 9 1 3 5 6 4 2 2 4 4 9 4 0 4 6 6 4
M[747] : 0 6 4 3 7 8 4 9 6 4 7 11 3 1 4 0 9 3 5 6 6 1
M[748] : 7 4 7 3 3 4 5 2 2 4 5 8 0 4 2 7 5 7 3 5 2 0
M[749] : 4 7 1 3 9 5 9 3 3 8 2 4 8 7 6 8 0 4 7 5 7 6
M[750] : 5 1 4 4 4 6 5 8 7 8 3 6 10 4 2 6 4 4 4 0 1 1
M[751] : 5 3 8 2 5 2 5 8 4 2 3 6 6 6 1 5 9 0 7 6 5 8
M[752] : 4 0 5 5 6 8 11 4 2 6 6 7 4 6 6 6 4 1 7 6 4 4
M[753] : 7 6 10 7 6 5 5 4 7 1 6 4 2 2 5 0 2 2 4 4 4 8
M[754] : 8 7 0 4 3 4 8 5 3 3 4 5 6 3 3 6 4 5 4 6 6 5
M[755] : 2 5 4 3 6 8 5 4 5 4 4 8 4 3 5 4 5 10 0 5 4 3
M[756] : 6 5 5 5 0 2 1 6 3 6 6 2 3 2 5 1 5 4 6 2 9 7
M[757] : 4 4 7 5 5 6 10 5 6 0 7 6 5 5 4 7 7 6 3 5 5 2
M[758] : 3 3 3 2 4 3 4 4 0 3 2 7 0 6 4 3 2 3 2 6 2 12
M[759] : 0 4 8 4 6 6 5 4 2 4 9 6 3 4 4 5 1 9 2 5 2 7
M[760] : 7 5 8 3 3 4 4 7 4 6 2 4 6 3 7 6 7 0 5 8 5 7
M[761] : 6 3 5 2 4 10 3 3 6 5 6 4 11 11 3 5 8 6 3 0 7 5
M[762] : 6 1 6 5 3 2 5 6 7 11 4 6 4 6 4 5 6 8 6 4 0 7
M[763] : 7 5 5 2 3 5 5 6 3 8 3 8 5 9 0 5 5 6 4 5 6 4
M[764] : 1 6 7 5 5 4 0 6 7 6 5 5 3 5 5 7 7 3 1 7 11 2
M[765] : 3 2 5 8 2 6 5 6 4 2 2 7 4 8 8 0 2 7 5 3 10 2
M[766] : 4 2 4 2 5 3 2 10 2 3 6 4 4 7 10 4 0 4 5 8 4 3
M[767] : 5 6 6 5 2 3 3 3 5 2 3 4 2 4 3 7 7 2 2 3 3 0
M[768] : 7 7 5 4 2 0 3 0 2 4 1 1 4 6 7 6 4 3 2 7 4 5
M[769] : 5 7 8 6 2 0 3 3 4 6 6 4 6 8 6 5 4 5 4 7 5 3
M[770] : 4 2 7 0 5 6 9 7 6 5 1 7 5 6 3 4 5 3 7 7 3 6
M[771] : 3 4 7 5 5 3 6 5 7 4 4 6 10 4 2 1 2 3 4 5 0 5
M[772] : 4 3 3 6 2 6 6 1 3 2 5 5 8 8 6 7 5 0 3 4 1 5
M[773] : 4 10 7 6 4 4 10 7 5 2 5 8 6 4 5 7 3 0 4 5 2 5
M[774] : 4 7 4 3 4 0 4 3 4 9 4 4 6 4 5 6 3 6 6 4 3 4
M[775] : 3 7 5 7 2 3 3 3 4 0 5 6 6 4 6 2 4 5 9 0 3 4
M[776] : 4 3 6 4 5 3 4 9 3 7 6 8 7 7 6 6 3 6 0 3 2 7
M[777] : 6 8 0 6 7 7 3 5 7 3 2 6 9 7 8 3 8 7 3 1 2 3
M[778] : 6 0 6 3 3 6 6 6 2 5 2 7 6 4 6 7 8 2 5 5 6 2
M[779] : 6 7 4 0 7 3 5 4 4 5 4 3 7 5 2 2 3 5 7 3 3 6
M[780] : 6 7 2 4 2 8 8 4 3 1 5 1 6 4 4 6 4 3 4 7 0 2
M[781] : 4 5 2 9 6 3 3 2 5 4 4 3 7 2 5 6 6 4 3 2 6 0
M[782] : 6 3 7 4 4 4 4 6 4 5 2 5 4 6 2 3 5 0 5 8 4 4
M[783] : 4 3 6 4 4 7 7 4 7 5 3 4 3 3 7 6 8 5 0 6 6 5
M[784] : 2 4 0 2 6 3 5 5 4 8 7 3 3 9 3 7 9 4 9 4 4 6
M[785] : 3 7 8 0 5 2 5 2 1 6 4 2 6 6 6 6 7 6 6 5 6 3
M[786] : 6 6 6 4 4 5 4 9 5 5 7 6 8 5 6 5 0 4 1 6 1 4
M[787] : 6 3 2 7 7 4 2 0 2 6 7 4 4 5 6 4 3 5 3 5 9 4
M[788] : 1 5 5 6 6 1 6 8 0 2 4 7 1 3 5 3 4 10 2 2 1 5
M[789] : 3 9 7 5 1 5 3 1 0 4 3 5 5 4 6 7 4 3 7 2 6 4
M[790] : 4 5 6 5 2 8 4 6 4 4 5 11 2 2 5 3 3 4 5 0 5 6
M[791] : 6 0 6 8 5 5 7 5 4 4 7 7 3 3 3 3 3 5 5 4 4 7
M[792] : 5 3 5 7 1 3 7 5 4 6 5 3 5 0 2 4 8 2 5 5 6 3
M[793] : 6 3 2 4 7 5 4 2 2 5 6 7 3 0 0 7 1 2 7 9 6 8
M[794] : 3 3 4 5 4 5 10 8 5 4 0 5 3 5 0 10 6 4 7 6 3 4
M[795] : 3 4 5 7 7 5 3 3 3 5 3 6 7 5 5 5 6 5 3 4 4 0
M[796] : 6 1 0 3 3 5 9 5 4 5 5 7 5 4 4 4 6 7 6 5 6 2
M[797] : 5 4 3 6 1 5 1 0 7 6 6 3 4 5 3 6 5 3 3 3 7 2
M[798] : 3 6 0 1 1 7 5 3 4 8 2 5 8 3 5 6 2 6 8 4 4 6
M[799] : 7 4 5 5 4 2 4 6 2 2 6 3 3 5 1 5 0 5 2 4 4 8
M[800] : 6 7 4 8 6 4 7 7 5 4 9 3 2 3 6 0 5 4 4 4 6 7
M[801] : 7 5 4 6 6 6 3 5 0 5 7 8 7 8 6 1 2 5 5 2 5 3
M[802] : 5 3 3 0 4 8 6 5 2 5 3 1 2 7 6 3 3 1 6 5 7 5
M[803] : 5 0 5 3 3 5 5 6 4 1 4 10 7 3 6 6 6 2 4 9 5 3
M[804] : 3 3 5 3 3 5 1 4 0 1 6 0 4 1 7 5 6 4 2 4 9 3
M[805] : 6 3 7 5 4 4 6 0 5 4 9 5 6 3 4 5 4 7 8 2 5 4
M[806] : 4 6 6 7 4 7 5 6 4 5 3 0 6 9 6 5 4 4 5 9 1 7
M[807] : 10 5 5 7 5 7 5 5 5 6 8 5 3 2 2 3 4 7 4 7 0 9
M[808] : 6 3 7 5 3 5 7 5 6 2 4 4 1 4 6 8 7 6 6 4 0 1
M[809] : 1 8 6 10 5 5 5 2 7 0 4 6 8 4 1 6 5 3 5 9 5 11
M[810] : 5 7 6 1 0 0 5 6 2 8 8 4 3 2 6 4 7 5 5 4 7 3
M[811] : 7 0 5 5 6 3 6 7 10 6 3 4 4 3 5 3 5 6 4 4 5 4
M[812] : 5 9 0 7 5 7 7 6 6 7 6 8 4 3 5 7 8 4 5 10 3 2
M[813] : 2 7 4 6 3 2 7 0 6 4 5 7 5 5 6 4 7 3 3 4 7 4
M[814] : 9 7 4 0 1 6 4 8 6 5 4 2 8 7 0 4 2 5 2 1 0 3
M[815] : 5 8 4 7 3 3 5 3 5 1 5 3 1 9 7 5 2 0 3 4 6 6
M[816] : 5 6 5 5 6 5 5 9 4 6 6 5 7 3 6 4 4 2 5 0 9 7
M[817] : 6 8 4 5 7 5 4 4 7 6 3 5 6 5 5 2 8 0 2 7 3 5
M[818] : 5 6 8 6 3 5 3 9 2 0 5 5 6 2 7 6 6 6 6 10 8 4
M[819] : 5 2 4 8 4 3 4 3 0 5 6 5 6 2 6 8 2 4 4 4 10 0
M[820] : 0 6 5 2 5 4 4 13 1 5 5 5 2 4 1 3 3 6 3 4 7 7
M[821] : 6 5 2 5 8 8 2 5 9 6 5 3 5 5 4 0 5 8 2 5 3 6
M[822] : 11 3 4 7 4 4 8 0 4 4 3 4 6 6 4 7 2 2 1 4 5 3
M[823] : 5 5 9 7 0 3 5 3 4 4 7 6 4 7 5 5 6 6 4 3 2 4
M[824] : 3 10 2 4 3 5 6 4 3 8 7 6 6 4 8 4 8 2 3 3 0 1
M[825] : 4 5 6 3 5 7 0 3 3 4 4 4 4 6 5 4 4 1 4 3 4 6
M[826] : 4 3 4 5 2 5 3 0 2 5 3 0 3 9 4 5 6 5 4 4 8 7
M[827] : 5 4 4 1 5 6 4 7 7 0 4 7 5 3 7 4 5 6 6 7 8 6
M[828] : 2 3 4 4 8 5 2 4 4 6 4 3 7 4 5 7 2 5 5 4 0 5
M[829] : 3 3 5 2 10 5 6 2 5 5 5 3 3 3 4 0 5 4 7 5 3 8
M[830] : 5 0 4 8 3 2 7 4 4 4 4 5 2 5 6 0 2 6 7 2 6 2
M[831] : 1 5 4 4 5 4 4 6 0 5 2 7 8 2 5 3 3 7 1 3 7 7
M[832] : 3 6 8 3 8 2 4 4 3 5 4 2 1 5 3 8 5 5 0 6 4 4
M[833] : 7 0 8 3 6 5 4 3 6 2 6 7 8 4 4 8 5 0 4 5 5 3
M[834] : 8 5 3 7 6 2 8 3 3 7 3 3 0 2 2 4 4 9 5 3 4 4
M[835] : 7 4 3 3 5 4 2 2 8 0 2 7 4 5 6 8 1 6 2 5 3 5
M[836] : 3 2 8 3 7 3 5 8 5 1 4 4 7 0 6 1 2 4 9 4 7 6
M[837] : 5 7 4 5 6 2 5 4 4 5 7 6 6 6 5 2 4 0 4 5 5 3
M[838] : 4 2 8 6 5 6 0 6 3 5 5 4 5 3 3 6 2 3 1 6 3 5
M[839] : 5 0 5 6 3 3 1 7 3 3 2 7 5 13 6 5 7 4 6 3 4 7
M[840] : 3 6 5 6 5 4 3 6 3 5 4 8 5 7 2 1 4 4 4 3 0 2
M[841] : 3 5 5 4 4 3 5 5 4 4 3 4 8 4 6 4 4 5 3 7 3 0
M[842] : 2 4 2 4 6 8 4 0 4 12 4 4 3 4 3 2 0 6 3 4 5 8
M[843] : 1 8 7 6 2 5 2 4 5 7 0 6 4 2 6 7 4 5 5 3 5 4
M[844] : 3 4 3 7 6 2 5 3 4 6 2 10 2 5 0 1 3 6 8 6 6 5
M[845] : 3 5 4 5 4 7 8 4 2 1 5 2 1 5 0 4 3 2 4 9 5 6
M[846] : 6 3 6 2 4 8 4 0 2 1 4 5 6 2 4 5 5 4 4 4 8 2
M[847] : 4 3 4 5 2 3 3 6 0 8 6 6 3 4 4 2 4 3 7 6 5 3
M[848] : 6 6 3 5 2 4 3 0 5 3 7 4 3 9 6 8 8 2 5 6 3 2
M[849] : 4 0 3 5 3 7 5 2 5 4 10 7 4 9 5 7 9 2 4 7 5 4
M[850] : 3 2 0 4 3 5 5 4 3 6 3 3 4 5 6 7 0 2 7 4 6 3
M[851] : 7 5 7 7 6 3 0 3 5 5 4 7 5 5 6 7 6 10 2 8 6 6
M[852] : 5 7 10 3 5 4 2 6 5 0 6 7 6 4 6 5 6 4 4 3 6 8
M[853] : 4 1 5 7 4 5 5 5 6 4 2 2 5 6 4 0 3 3 3 8 6 4
M[854] : 6 8 4 4 4 3 4 6 7 8 0 5 6 6 6 2 3 3 3 4 3 6
M[855] : 8 5 6 3 4 0 5 7 3 3 3 7 4 2 6 6 4 4 6 5 3 5
M[856] : 6 0 4 6 4 6 6 2 10 6 4 3 7 9 5 4 4 4 5 3 6 5
M[857] : 3 4 3 5 5 2 7 4 5 2 3 0 6 2 1 3 5 3 2 8 4 5
M[858] : 5 5 3 3 3 5 6 3 5 0 4 3 5 6 7 2 4 4 5 4 6 6
M[859] : 5 5 6 7 5 4 4 3 3 3 5 3 4 9 5 5 4 3 8 5 0 5
M[860] : 8 4 3 5 5 5 7 8 3 5 5 4 4 5 7 5 2 3 6 0 5 2
M[861] : 2 3 2 6 5 3 5 2 6 3 4 8 5 10 3 5 4 3 6 5 0 5
M[862] : 4 4 8 4 3 4 5 8 4 6 0 1 4 1 7 4 4 5 6 4 2 5
M[863] : 6 11 8 4 6 0 3 6 4 2 4 6 6 8 2 3 5 5 3 7 2 5
M[864] : 2 6 5 6 6 3 6 3 6 0 3 2 5 7 5 5 3 4 6 7 7 7
M[865] : 7 3 7 3 6 6 5 1 7 4 8 2 5 5 5 0 6 3 6 2 9 3
M[866] : 1 6 0 3 5 3 7 8 4 0 5 6 3 5 7 4 4 3 6 6 5 7
M[867] : 5 6 2 6 4 6 3 3 3 4 6 5 7 7 0 7 5 1 4 2 5 4
M[868] : 4 7 4 3 4 7 5 4 3 0 3 4 9 7 1 1 3 3 5 2 4 4
M[869] : 7 1 5 3 6 6 6 8 5 5 5 8 5 5 5 6 10 5 6 0 7 7
M[870] : 8 4 5 4 6 8 3 2 4 1 4 0 5 8 4 5 3 8 6 10 4 5
M[871] : 6 2 5 4 4 3 2 5 7 4 5 4 2 3 4 6 4 5 5 5 3 0
M[872] : 2 4 3 4 5 2 4 2 6 5 6 4 4 3 9 6 4 6 1 4 0 3
M[873] : 3 5 5 5 3 8 5 4 8 0 5 1 7 7 5 7 7 9 4 9 5 6
M[874] : 4 9 5 1 5 2 0 4 3 9 5 3 6 6 3 4 3 5 1 3 2 3
M[875] : 5 4 4 4 7 6 3 4 7 5 7 6 5 3 6 0 3 0 6 9 3 5
M[876] : 9 5 7 4 4 3 4 3 0 5 5 2 5 6 4 7 9 7 4 3 7 1
M[877] : 3 3 5 1 7 1 2 3 4 3 0 7 2 6 3 7 5 2 7 4 2 4
M[878] : 5 2 3 5 1 2 4 6 9 3 6 3 4 5 6 7 3 0 7 3 5 3
M[879] : 7 5 7 6 4 3 5 6 4 10 4 2 0 4 1 2 5 2 5 2 4 7
M[880] : 3 4 3 4 1 5 3 7 4 3 4 5 5 4 5 5 4 5 8 0 9 7
M[881] : 5 5 5 6 6 2 8 3 6 0 7 1 3 4 5 4 4 4 7 3 3 3
M[882] : 5 7 5 4 2 3 7 7 5 4 0 2 5 2 4 3 4 10 4 4 6 6
M[883] : 5 6 0 6 2 10 5 9 1 7 6 1 7 4 6 3 5 2 5 7 3 6
M[884] : 4 4 4 1 7 5 8 6 0 9 5 6 4 2 6 5 3 2 4 6 3 3
M[885] : 9 4 9 5 3 3 4 3 0 6 7 4 3 5 2 3 5 3 8 4 5 6
M[886] : 1 4 3 1 4 5 8 2 2 4 0 5 3 3 3 3 4 2 4 1 4 5
M[887] : 0 3 5 6 3 4 4 4 5 5 5 3 4 5 4 2 5 4 5 5 4 2
M[888] : 6 4 6 4 8 0 3 7 4 7 6 5 2 8 3 5 4 4 4 2 6 4
M[889] : 3 3 7 3 13 7 4 4 2 2 2 7 4 4 5 2 0 8 6 3 6 4
M[890] : 4 0 2 4 8 8 3 5 1 3 7 8 3 3 6 4 5 5 3 6 4 4
M[891] : 2 3 0 4 5 5 6 2 3 3 4 7 4 6 7 7 6 1 10 4 4 9
M[892] : 11 8 1 5 8 5 3 6 2 9 2 6 8 4 6 2 5 4 0 5 5 3
M[893] : 5 6 4 5 0 2 4 3 7 5 6 3 2 6 4 3 5 3 1 6 11 3
M[894] : 7 5 2 5 2 9 8 7 4 6 2 4 4 3 5 6 0 3 5 6 12 4
M[895] : 3 2 7 4 5 4 6 4 5 7 5 6 4 6 5 0 4 5 2 6 6 2
M[896] : 2 4 2 5 4 3 4 4 6 4 5 5 4 7 9 3 6 0 7 4 4 5
M[897] : 2 4 6 5 7 10 5 6 5 6 4 7 3 5 4 0 8 4 5 8 7 7
M[898] : 4 6 3 4 4 5 10 5 4 5 7 4 6 5 5 3 1 6 4 0 5 4
M[899] : 6 6 4 3 2 3 6 0 3 3 5 2 6 3 4 2 6 4 5 5 1 4
M[900] : 2 5 6 5 4 6 5 7 2 4 2 5 3 7 6 0 5 6 3 4 1 4
M[901] : 2 2 2 5 4 2 6 2 2 0 3 5 3 4 2 4 6 3 5 8 8 3
M[902] : 5 3 6 4 0 6 5 3 4 3 5 2 5 4 7 3 6 4 4 3 1 1
M[903] : 6 4 4 5 8 0 8 2 5 0 6 3 6 4 7 6 7 5 4 4 5 3
M[904] : 6 10 5 3 5 3 5 7 7 0 3 3 5 3 6 5 3 3 7 7 5 7
M[905] : 8 5 4 5 3 3 2 5 5 2 4 2 0 3 4 6 3 5 5 7 8 3
M[906] : 5 10 4 6 3 4 6 3 5 5 5 3 4 0 6 10 2 6 3 5 1 3
M[907] : 4 4 3 3 5 3 5 7 0 2 5 2 7 3 2 4 7 3 4 4 1 7
M[908] : 11 2 4 4 4 5 3 2 3 5 5 3 4 0 7 7 6 6 5 5 2 5
M[909] : 7 3 4 6 3 4 2 3 4 7 3 3 2 6 0 6 2 5 5 5 4 5
M[910] : 4 5 8 1 5 4 13 2 6 7 7 3 4 7 0 6 5 2 5 1 8 7
M[911] : 4 7 6 7 5 5 2 5 2 4 5 4 4 5 0 4 2 7 4 3 1 10
M[912] : 5 3 5 4 2 5 6 5 5 3 0 5 5 3 4 2 3 6 4 10 4 4
M[913] : 4 4 2 5 0 3 2 5 1 3 3 3 5 6 7 7 2 6 6 7 4 5
M[914] : 5 9 6 5 6 2 7 5 3 7 5 6 6 4 3 5 4 5 3 1 5 0
M[915] : 7 8 3 4 0 7 3 3 4 6 9 9 2 2 5 6 1 6 6 5 2 4
M[916] : 2 4 1 2 3 4 5 3 7 2 1 8 0 5 1 2 4 4 6 7 2 6
M[917] : 5 6 0 2 6 5 3 1 6 8 6 5 3 9 2 3 5 3 3 5 4 6
M[918] : 4 4 6 4 4 0 5 4 3 4 4 8 7 6 3 7 5 4 4 5 1 3
M[919] : 8 5 3 4 5 7 2 5 5 0 6 3 3 9 6 5 2 4 7 5 6 5
M[920] : 4 6 9 0 8 3 4 3 3 8 3 6 6 6 6 2 2 5 6 4 6 4
M[921] : 7 6 8 4 6 2 5 4 4 0 5 3 2 8 7 10 4 4 2 3 7 6
M[922] : 2 2 4 3 5 3 3 3 3 6 4 3 5 4 0 3 2 4 3 2 7 5
M[923] : 9 4 5 2 4 3 2 3 3 2 3 1 4 8 4 0 1 6 3 6 3 5
M[924] : 6 6 5 3 9 8 1 5 4 6 7 5 5 6 5 6 3 0 3 2 4 1
M[925] : 4 2 4 4 3 6 3 5 6 4 3 6 4 0 5 4 4 7 3 6 4 8
M[926] : 3 2 4 0 6 6 4 4 5 4 8 11 6 8 8 6 9 4 4 1 5 8
M[927] : 3 6 3 6 6 8 4 5 6 9 0 4 2 6 3 4 3 4 2 3 6 3
M[928] : 3 5 2 7 6 7 5 3 4 2 0 7 5 4 3 7 6 4 2 4 8 9
M[929] : 7 6 6 2 3 3 6 2 0 5 2 2 3 0 3 3 4 3 3 2 6 5
M[930] : 9 5 2 4 5 6 4 2 5 4 9 0 3 6 12 3 5 4 4 3 6 5
M[931] : 3 3 6 3 7 5 5 2 6 4 5 1 9 4 3 4 6 0 5 3 6 4
M[932] : 7 3 4 6 3 2 2 4 2 9 6 0 6 5 9 2 8 4 6 3 5 6
M[933] : 0 3 3 2 6 3 3 3 3 5 7 6 3 5 6 11 2 5 5 4 2 7
M[934] : 3 2 4 1 3 5 3 5 3 5 5 5 2 0 6 1 1 3 3 5 4 1
M[935] : 4 2 6 4 7 6 5 3 6 6 5 6 1 2 4 4 5 0 5 3 6 2
M[936] : 5 3 1 6 6 4 7 2 2 3 2 3 6 7 3 5 2 0 5 4 5 6
M[937] : 5 7 6 3 6 3 6 8 4 4 0 1 3 5 6 12 2 6 3 7 4 8
M[938] : 4 8 5 7 4 0 6 6 5 4 4 6 4 7 3 1 0 6 7 5 2 4
M[939] : 3 10 3 5 4 7 7 8 6 4 8 6 4 2 5 3 6 3 4 3 0 3
M[940] : 9 2 3 4 3 8 5 1 7 7 7 8 3 8 4 3 6 5 5 4 3 0
M[941] : 2 2 7 7 5 4 4 5 6 4 7 4 5 5 5 10 5 4 0 3 2 6
M[942] : 2 5 2 6 4 6 3 7 4 4 2 2 3 0 8 4 5 3 4 4 6 7
M[943] : 4 6 5 2 4 5 4 1 3 5 6 6 1 1 5 6 5 3 4 0 5 6
M[944] : 4 6 2 5 3 8 8 5 0 4 5 6 5 5 2 5 0 6 5 5 2 4
M[945] : 3 5 4 3 5 6 9 0 4 1 3 2 5 4 8 4 4 5 7 3 6 5
M[946] : 4 4 3 4 4 6 7 5 1 3 4 2 0 1 4 5 2 5 7 8 5 5
M[947] : 3 9 5 5 1 4 2 3 5 5 0 4 5 0 4 5 4 4 7 3 5 9
M[948] : 6 3 5 3 7 4 0 3 1 4 4 4 5 5 7 8 3 3 6 4 4 7
M[949] : 6 2 4 8 0 3 9 7 4 4 6 6 3 4 7 9 8 4 4 1 3 2
M[950] : 2 3 3 6 8 0 4 6 5 3 7 5 4 6 5 5 5 7 3 7 9 4
M[951] : 5 6 3 5 4 5 6 4 6 3 1 8 6 7 0 5 4 6 4 4 7 3
M[952] : 3 4 4 2 8 7 0 2 6 8 7 4 4 7 5 3 4 6 3 9 4 6
M[953] : 5 3 3 6 6 1 4 8 4 5 2 5 4 4 3 4 2 5 6 0 6 5
M[954] : 3 8 3 4 6 8 5 8 3 9 6 0 7 8 5 2 3 9 5 4 2 3
M[955] : 6 6 2 6 6 4 4 4 4 3 3 8 9 5 5 0 3 5 9 6 2 3
M[956] : 6 6 8 4 8 3 6 6 12 5 5 0 6 5 3 5 4 5 4 4 5 4
M[957] : 0 7 1 2 11 6 1 3 8 5 7 4 5 3 4 3 4 5 4 3 4 5
M[958] : 6 6 3 5 3 2 6 4 5 5 6 1 4 7 0 1 5 6 5 3 4 3
M[959] : 0 6 2 5 6 6 4 4 7 4 5 7 8 6 8 3 4 5 4 4 6 6
M[960] : 2 5 6 6 9 4 0 4 6 3 6 3 3 5 5 4 3 5 4 7 4 4
M[961] : 5 6 3 6 0 3 5 2 4 5 4 5 3 4 8 4 5 6 2 5 3 6
M[962] : 2 6 8 6 4 6 5 6 6 2 6 0 7 8 4 3 7 7 5 3 4 3
M[963] : 4 3 5 0 5 2 0 7 8 5 5 9 6 4 2 7 5 6 5 5 3 7
M[964] : 3 4 4 6 3 7 5 6 2 0 6 4 1 3 2 6 7 3 7 7 4 5
M[965] : 5 6 7 4 2 8 2 6 5 4 4 5 0 3 8 7 1 3 6 3 7 4
M[966] : 5 1 5 6 4 4 3 4 6 3 6 6 0 7 6 4 3 2 5 5 5 6
M[967] : 4 4 5 7 4 0 3 1 5 6 5 4 5 3 2 4 9 5 3 3 2 3
M[968] : 5 4 12 6 2 2 6 5 7 5 3 5 6 8 4 3 3 2 0 8 5 9
M[969] : 2 6 0 6 5 3 6 9 4 6 9 3 5 3 3 3 4 8 6 4 3 6
M[970] : 4 6 7 7 4 0 4 5 2 5 5 0 5 3 3 6 7 6 3 4 6 7
M[971] : 4 4 3 3 3 3 1 9 8 4 0 3 6 5 3 7 7 6 4 2 7 8
M[972] : 0 8 5 4 2 9 6 5 4 4 5 5 2 6 5 5 5 7 3 6 3 5
M[973] : 7 7 1 4 5 7 5 8 9 3 6 0 3 5 6 6 9 6 5 6 5 7
M[974] : 5 7 5 6 6 1 8 5 3 8 5 7 4 1 3 4 4 9 2 0 2 9
M[975] : 2 5 4 1 3 3 0 4 8 3 3 4 7 5 6 5 4 3 6 5 4 5
M[976] : 2 0 5 7 10 5 6 5 4 5 8 7 4 4 3 3 4 5 5 2 8 9
M[977] : 9 4 5 5 3 5 3 6 5 1 5 3 6 5 0 4 3 4 7 2 2 2
M[978] : 6 0 3 5 5 7 5 4 3 2 3 8 4 3 6 5 7 2 5 8 4 6
M[979] : 6 1 5 0 3 5 3 6 3 4 4 9 11 4 5 2 4 5 5 7 4 5
M[980] : 5 5 4 7 5 4 3 4 7 5 6 10 3 4 4 5 3 4 0 10 3 6
M[981] : 6 4 4 5 4 6 5 6 8 5 5 7 8 5 0 3 4 7 4 8 3 4
M[982] : 2 4 2 1 0 7 7 4 2 3 5 7 6 6 7 8 5 1 6 4 5 4
M[983] : 4 3 6 3 3 6 8 3 7 4 6 3 6 5 8 4 3 4 0 2 5 4
M[984] : 3 3 3 5 6 4 3 0 3 5 2 8 4 2 0 2 6 2 6 4 6 2
M[985] : 2 6 6 3 3 4 2 5 2 3 8 3 7 6 2 2 6 5 3 10 5 0
M[986] : 6 4 4 3 3 7 4 7 3 4 0 6 1 1 5 6 6 3 3 4 1 8
M[987] : 4 4 5 1 4 3 6 6 0 1 2 2 0 2 6 5 5 6 2 5 4 4
M[988] : 8 4 1 6 3 11 4 5 4 8 3 4 0 5 4 4 5 5 4 7 5 3
M[989] : 9 6 3 5 3 4 4 1 3 3 5 7 4 4 5 5 6 2 5 5 0 7
M[990] : 3 0 11 6 3 2 5 6 7 4 2 4 7 4 6 2 5 3 2 4 6 5
M[991] : 3 6 1 0 1 4 4 3 5 8 3 2 3 6 4 3 6 4 1 7 3 4
M[992] : 6 1 4 7 4 3 3 5 6 2 0 5 6 4 6 6 4 2 5 2 8 2
M[993] : 5 7 7 4 4 5 6 1 2 9 2 5 5 0 5 6 2 4 5 3 4 5
M[994] : 6 3 9 3 6 4 7 8 6 4 3 2 6 4 7 1 2 3 0 7 1 5
M[995] : 4 4 5 6 5 0 6 3 2 9 5 4 0 5 6 4 2 6 3 2 3 3
M[996] : 3 7 2 5 0 4 6 2 7 4 4 8 3 7 6 6 6 4 6 4 6 9
M[997] : 7 5 5 4 6 5 5 7 6 4 7 3 7 0 1 3 4 3 4 0 7 4
M[998] : 4 7 3 4 5 5 5 5 7 4 7 1 4 4 0 4 1 5 4 7 4 4
M[999] : 4 6 6 6 4 0 4 3 7 1 3 3 6 6 3 6 7 10 4 5 2 1

