 Execution de l'algoritme BITS sur le fichier flat300_28_0
=====================================================================
 Partitions  : 
Vk[0] : 198 1 250 180 279 285 139 248 -->  8 éléments.
Vk[1] : 97 183 229 140 231 172 141 158 -->  8 éléments.
Vk[2] : 157 35 247 204 192 70 209 44 163 -->  9 éléments.
Vk[3] : 148 104 59 128 219 233 176 191 213 -->  9 éléments.
Vk[4] : 12 93 124 20 98 2 22 123 -->  8 éléments.
Vk[5] : 61 289 260 110 271 249 251 4 14 -->  9 éléments.
Vk[6] : 225 46 75 5 245 8 184 131 58 -->  9 éléments.
Vk[7] : 218 79 21 210 29 252 103 187 -->  8 éléments.
Vk[8] : 38 154 147 9 243 195 179 55 26 -->  9 éléments.
Vk[9] : 89 200 236 24 265 105 39 54 253 -->  9 éléments.
Vk[10] : 145 169 77 171 174 132 118 242 136 -->  9 éléments.
Vk[11] : 161 150 37 36 68 71 244 283 -->  8 éléments.
Vk[12] : 47 261 194 101 188 177 60 96 -->  8 éléments.
Vk[13] : 119 87 159 43 112 280 178 162 290 -->  9 éléments.
Vk[14] : 151 292 181 238 282 288 143 50 -->  8 éléments.
Vk[15] : 167 199 293 286 142 113 272 91 -->  8 éléments.
Vk[16] : 291 65 48 15 284 108 7 185 -->  8 éléments.
Vk[17] : 267 83 296 57 240 281 85 80 -->  8 éléments.
Vk[18] : 277 138 114 270 23 146 64 62 294 -->  9 éléments.
Vk[19] : 287 208 90 56 216 11 227 217 295 -->  9 éléments.
Vk[20] : 182 32 10 207 202 156 170 122 -->  8 éléments.
Vk[21] : 115 28 66 205 42 230 13 297 -->  8 éléments.
Vk[22] : 269 134 276 224 106 160 6 99 133 -->  9 éléments.
Vk[23] : 275 81 259 30 232 27 137 223 125 -->  9 éléments.
Vk[24] : 239 175 67 197 222 235 215 278 -->  8 éléments.
Vk[25] : 94 127 155 51 263 95 193 201 241 -->  9 éléments.
Vk[26] : 129 102 107 120 74 126 246 268 298 -->  9 éléments.
Vk[27] : 52 274 173 254 221 72 117 165 121 -->  9 éléments.
Vk[28] : 19 220 256 196 116 76 203 262 45 -->  9 éléments.
Vk[29] : 190 33 152 206 214 84 53 17 100 -->  9 éléments.
Vk[30] : 109 273 130 88 25 63 16 264 135 -->  9 éléments.
Vk[31] : 189 237 40 228 49 153 69 211 266 -->  9 éléments.
Vk[32] : 299 86 92 258 18 212 226 111 -->  8 éléments.
Vk[33] : 31 3 168 82 34 255 257 149 166 -->  9 éléments.
Vk[34] : 144 234 186 164 78 0 73 41 -->  8 éléments.
Matrice M
M[0] : 3 4 3 6 5 4 3 4 5 5 4 3 5 4 3 2 2 5 5 4 4 6 4 4 4 3 3 4 6 1 6 6 4 4 0
M[1] : 0 1 2 5 2 4 6 3 5 3 7 4 4 3 3 2 4 3 5 7 6 7 2 4 5 4 4 4 4 5 5 5 2 8 4
M[2] : 1 3 5 4 0 4 6 5 2 5 3 3 2 5 4 4 2 4 4 7 4 5 4 3 3 8 3 3 5 7 5 6 3 7 4
M[3] : 5 3 4 5 4 6 6 7 4 3 5 5 6 6 3 3 4 5 4 6 3 3 1 3 6 5 6 7 4 5 4 5 4 0 5
M[4] : 6 2 4 4 2 0 4 5 4 5 4 5 6 1 4 2 6 5 5 5 2 4 2 6 3 4 5 5 4 3 4 6 4 4 5
M[5] : 3 5 5 6 4 4 0 2 4 2 7 4 3 4 6 3 5 7 6 4 3 5 3 6 5 3 6 4 8 6 2 3 5 5 5
M[6] : 5 3 4 5 4 6 4 4 6 5 4 7 1 4 4 3 4 1 5 5 1 4 0 5 4 6 3 3 5 6 4 4 7 6 5
M[7] : 2 6 3 5 4 2 4 5 1 6 8 2 3 3 4 7 0 4 5 3 6 5 3 5 3 4 2 4 8 4 3 7 1 5 4
M[8] : 7 3 4 4 3 7 0 4 8 5 5 4 2 5 3 4 4 3 5 6 4 5 4 7 3 6 5 4 4 8 2 2 4 3 5
M[9] : 2 2 5 6 4 4 5 6 0 5 5 3 1 3 4 3 1 4 4 6 3 3 5 6 5 6 5 5 8 5 4 5 4 2 4
M[10] : 2 4 7 6 5 3 2 6 2 2 6 4 2 6 5 3 5 6 4 4 0 8 4 8 5 2 5 3 5 5 7 3 5 2 3
M[11] : 7 4 3 5 3 5 5 4 7 2 4 4 5 1 6 4 3 4 5 0 3 4 7 5 5 5 3 7 3 5 4 6 3 6 3
M[12] : 3 4 4 5 0 5 4 2 4 5 4 3 5 5 6 3 4 4 7 5 5 5 2 6 4 4 4 4 3 4 5 4 2 4 6
M[13] : 5 3 7 3 5 4 6 2 3 2 6 3 4 5 4 5 5 4 6 6 5 0 4 4 4 6 4 5 6 5 4 5 4 3 5
M[14] : 2 4 4 5 6 0 5 4 5 5 6 4 3 5 4 5 5 4 5 4 3 5 6 7 3 3 5 4 4 6 5 1 5 4 6
M[15] : 4 5 5 5 3 5 2 5 4 7 6 3 7 6 3 3 0 4 5 5 5 5 3 5 3 6 5 6 4 5 7 3 4 5 7
M[16] : 6 1 3 6 3 5 5 4 4 5 5 4 3 3 5 3 7 6 5 5 5 3 5 4 4 5 4 5 4 2 0 2 4 7 5
M[17] : 3 4 0 7 6 5 3 5 6 4 3 6 5 3 5 4 2 6 5 5 7 4 5 4 4 3 4 4 5 0 3 3 2 5 5
M[18] : 2 4 7 7 3 3 4 3 5 5 4 2 5 5 4 5 5 5 3 3 5 5 6 7 5 2 2 5 1 3 3 7 0 3 3
M[19] : 2 4 7 3 6 5 5 3 5 4 2 4 3 4 5 5 4 1 8 5 5 7 5 4 3 3 6 3 0 4 4 4 5 4 5
M[20] : 4 3 5 3 0 3 6 7 4 4 4 5 3 4 4 3 4 3 5 6 3 5 5 4 5 3 1 4 3 4 5 4 3 6 5
M[21] : 4 5 4 4 4 6 3 0 5 5 7 6 6 4 5 4 3 2 4 5 4 2 6 4 5 6 4 4 3 4 6 4 4 4 3
M[22] : 3 4 5 5 0 3 8 3 5 6 3 4 5 4 5 6 1 6 4 3 4 7 4 6 3 4 5 4 5 6 4 5 4 7 1
M[23] : 5 4 5 5 1 1 3 7 7 8 3 3 5 5 3 5 4 7 0 5 6 5 5 4 3 3 5 6 6 5 3 4 0 3 1
M[24] : 5 3 4 4 5 4 6 5 4 0 7 4 4 4 3 1 5 3 5 6 3 3 6 4 5 4 5 3 4 4 5 2 3 4 3
M[25] : 3 4 4 3 3 6 3 6 5 4 4 4 6 3 4 3 1 1 5 5 5 3 7 6 5 4 5 6 3 2 0 6 5 4 5
M[26] : 4 2 5 4 3 5 3 6 0 4 4 5 3 4 2 4 3 1 3 5 4 5 4 6 1 2 6 4 4 3 5 5 5 2 5
M[27] : 5 6 8 5 5 6 5 4 5 5 6 2 4 4 4 5 4 2 6 5 4 5 3 0 3 6 4 6 3 4 4 4 5 3 4
M[28] : 1 2 5 4 6 7 4 3 2 4 6 5 3 3 4 6 2 4 6 3 7 0 4 4 2 5 5 5 5 3 4 5 4 3 4
M[29] : 3 2 3 5 4 5 4 0 5 5 3 4 3 3 5 2 5 5 7 5 4 2 5 5 5 2 4 3 4 5 5 5 6 6 4
M[30] : 5 4 2 5 4 6 4 2 5 4 7 3 4 4 4 3 3 4 5 2 3 2 2 0 3 5 4 8 7 3 3 4 6 5 3
M[31] : 3 5 5 3 6 5 3 3 7 4 2 3 4 6 2 2 3 5 5 3 4 5 4 6 3 5 5 5 4 3 4 3 5 0 5
M[32] : 5 1 5 2 4 4 6 3 5 3 5 2 5 5 3 3 2 7 7 4 0 5 4 3 5 3 5 6 3 6 3 4 3 7 3
M[33] : 4 4 3 7 6 4 5 4 4 3 5 5 5 2 5 6 4 3 4 5 6 3 3 4 3 4 5 4 2 0 3 6 7 5 4
M[34] : 2 5 6 4 6 5 6 4 3 4 3 1 5 6 5 6 2 6 3 4 5 4 5 6 4 2 3 3 6 2 8 3 2 0 5
M[35] : 5 6 0 1 5 7 4 5 6 4 2 5 5 3 4 4 5 2 5 4 5 5 3 7 4 2 4 5 5 3 6 5 3 3 4
M[36] : 2 2 5 4 5 8 7 3 5 4 2 0 2 4 5 6 3 4 5 6 3 3 5 4 3 3 7 5 5 2 5 7 3 4 5
M[37] : 4 3 3 5 5 4 6 3 7 2 3 0 4 7 4 5 4 3 1 2 2 5 4 4 4 3 3 2 7 3 7 5 5 5 6
M[38] : 4 3 5 5 3 4 6 2 0 5 7 5 5 4 5 3 6 4 4 6 4 4 4 3 5 2 5 5 4 3 3 3 6 4 6
M[39] : 6 4 6 3 5 5 7 6 1 0 6 3 2 3 4 5 4 5 2 3 4 4 2 7 4 3 3 7 4 3 4 4 4 7 2
M[40] : 4 5 8 4 5 4 3 7 3 3 5 3 4 7 2 4 2 5 4 3 2 4 5 4 5 5 6 7 4 5 5 0 2 3 4
M[41] : 3 5 2 5 3 4 4 2 5 2 4 5 2 4 5 3 3 4 5 7 5 7 2 3 5 3 3 5 6 6 4 5 4 4 0
M[42] : 6 2 3 2 4 5 8 4 5 7 7 3 3 5 3 7 3 5 3 0 5 0 2 5 4 4 4 5 3 2 5 5 4 5 2
M[43] : 4 3 3 4 4 7 7 6 4 4 5 5 6 0 1 4 6 2 5 4 4 6 5 4 3 5 4 2 7 4 3 5 5 5 3
M[44] : 2 2 0 3 3 5 3 6 6 7 1 6 1 6 6 2 4 5 4 5 3 4 3 6 5 6 5 3 6 3 4 6 5 1 4
M[45] : 2 5 6 5 7 5 6 5 3 8 6 7 1 8 4 3 3 0 6 4 3 5 7 1 2 2 4 3 0 6 2 3 5 5 4
M[46] : 4 5 5 5 4 3 0 2 4 5 5 6 4 7 3 3 3 4 4 5 3 5 3 7 5 5 5 3 5 2 5 5 4 5 4
M[47] : 6 3 5 4 2 6 3 7 3 4 5 5 0 3 4 4 4 7 5 3 2 2 2 6 6 6 5 5 3 7 2 6 5 6 2
M[48] : 4 3 3 3 2 6 5 3 5 4 6 5 5 6 2 4 0 5 6 5 2 4 3 3 2 3 6 4 6 4 8 5 6 4 6
M[49] : 4 4 3 5 3 5 7 4 4 1 5 5 3 6 2 3 4 3 1 2 4 4 5 4 5 3 4 4 5 4 6 0 5 4 5
M[50] : 4 4 6 8 6 5 2 3 5 4 6 6 5 3 0 7 4 3 3 4 2 5 2 5 2 6 4 3 2 5 7 4 2 2 3
M[51] : 5 4 5 2 4 5 5 4 2 5 3 3 5 5 5 4 5 5 5 6 4 5 7 7 6 0 6 3 4 5 5 2 2 4 4
M[52] : 2 3 3 2 7 5 4 4 4 7 4 3 5 2 4 3 7 7 3 6 5 3 3 4 6 4 6 0 6 4 4 4 6 5 3
M[53] : 5 5 4 2 5 5 5 4 4 1 5 3 2 4 5 4 5 3 6 5 6 3 4 5 3 7 1 6 7 0 7 6 3 4 2
M[54] : 1 0 3 3 2 3 4 5 5 0 5 6 2 5 2 6 4 5 5 5 2 4 4 5 5 4 4 7 5 1 7 4 2 6 6
M[55] : 5 4 8 3 1 5 7 2 0 5 2 4 4 3 5 5 4 3 5 5 5 2 6 6 4 3 5 6 3 4 2 5 4 5 4
M[56] : 4 5 2 5 3 4 4 5 4 4 5 2 6 3 3 4 5 4 3 0 8 4 7 3 3 6 3 6 1 1 4 6 6 6 2
M[57] : 5 5 3 3 2 4 4 4 5 7 5 4 6 1 3 5 4 0 6 5 4 6 3 6 4 6 3 3 2 5 6 2 4 5 2
M[58] : 6 3 4 6 4 4 0 5 5 3 4 4 2 4 5 3 3 5 2 5 5 4 4 3 6 7 6 4 4 1 6 4 4 4 2
M[59] : 4 6 3 0 3 3 4 5 5 3 4 4 4 6 4 4 4 3 7 6 2 4 6 7 1 6 4 4 4 4 3 5 6 8 3
M[60] : 4 5 4 5 3 6 6 4 3 5 7 2 0 4 3 4 5 4 3 8 3 5 4 3 5 6 5 3 4 4 8 2 4 4 3
M[61] : 4 6 4 3 2 0 5 3 6 4 6 5 5 6 6 3 5 4 5 6 6 6 7 4 4 4 2 5 5 4 5 5 6 3 7
M[62] : 4 4 4 4 6 5 3 5 3 3 5 6 2 6 1 4 4 4 0 3 4 5 5 6 3 6 3 6 7 4 2 3 3 6 4
M[63] : 5 4 3 5 6 5 6 5 6 5 4 5 6 4 4 3 3 3 5 3 3 4 5 5 4 3 3 6 4 4 0 6 3 5 4
M[64] : 3 2 4 4 4 4 5 3 4 5 5 5 2 3 5 3 5 1 0 7 3 1 6 2 3 7 5 5 4 7 8 7 5 3 5
M[65] : 4 5 7 4 4 5 5 3 5 4 6 3 4 5 5 5 0 3 6 4 5 5 3 8 7 3 6 4 4 5 6 3 4 2 2
M[66] : 5 4 4 6 2 7 3 6 5 6 5 5 6 3 4 2 5 6 2 3 6 0 4 3 5 6 6 6 7 5 3 1 3 4 5
M[67] : 4 3 6 5 5 4 3 4 3 4 4 2 1 6 4 5 5 1 7 4 5 5 5 5 0 4 2 7 6 5 6 4 5 3 5
M[68] : 4 3 3 7 6 4 5 5 4 3 6 0 4 4 6 5 3 2 6 3 5 4 6 4 5 6 5 6 6 8 4 2 3 4 2
M[69] : 2 3 5 4 4 5 5 6 4 4 5 5 2 5 6 3 5 4 4 6 3 5 5 5 5 4 6 5 3 5 5 0 4 4 5
M[70] : 2 4 0 5 5 2 3 3 4 2 4 2 1 4 3 6 4 2 4 5 3 4 3 8 5 4 2 5 3 4 5 6 5 5 4
M[71] : 4 3 5 6 3 3 5 4 6 5 5 0 5 5 2 4 3 3 4 5 2 4 4 5 2 5 5 4 4 5 5 4 2 3 3
M[72] : 4 5 4 4 4 5 4 5 2 7 7 3 3 3 3 4 4 3 5 5 4 3 4 5 4 4 5 0 7 5 5 4 4 6 6
M[73] : 4 4 6 5 4 5 6 5 6 3 6 4 5 4 3 3 7 5 5 3 4 3 3 4 7 5 6 3 6 4 2 4 4 3 0
M[74] : 4 3 6 6 2 4 7 5 6 3 0 4 5 4 3 5 6 4 4 6 4 3 4 4 2 6 0 5 6 2 5 6 5 7 3
M[75] : 5 4 5 5 4 6 0 5 3 3 8 6 3 3 5 5 2 3 7 7 4 6 3 2 5 3 3 7 2 6 5 4 4 4 2
M[76] : 7 4 6 1 4 4 4 3 5 3 4 3 3 4 5 4 4 3 4 5 5 3 3 3 3 6 5 7 0 6 4 5 4 3 6
M[77] : 2 4 7 4 3 5 5 4 3 3 0 5 5 4 5 5 5 5 5 6 3 7 6 6 7 3 4 4 2 7 6 1 5 2 4
M[78] : 2 5 6 4 4 6 5 5 6 4 5 2 3 4 1 6 4 2 5 5 4 4 4 5 3 3 4 5 5 5 2 3 4 6 0
M[79] : 4 5 4 4 4 2 4 0 4 6 8 4 5 6 2 5 4 4 3 7 5 3 2 2 2 4 5 6 4 5 5 6 1 4 5
M[80] : 3 4 5 4 5 6 2 1 4 3 5 5 5 5 4 4 4 0 3 3 6 4 4 4 2 6 6 6 4 4 4 5 4 7 3
M[81] : 4 5 6 4 4 6 5 2 3 6 4 2 3 6 6 5 4 1 4 6 3 1 6 0 3 3 5 5 2 4 4 1 2 5 3
M[82] : 7 6 4 5 4 4 6 5 2 4 5 3 7 6 2 5 4 4 5 3 3 6 6 5 1 5 2 4 7 2 5 3 6 0 2
M[83] : 5 3 5 5 5 4 7 5 5 3 3 4 5 6 6 3 2 0 4 6 4 4 2 5 3 5 5 3 4 6 3 3 5 4 4
M[84] : 5 3 5 5 3 3 5 4 4 4 4 4 5 2 4 5 5 4 7 3 2 1 5 6 3 4 4 3 3 0 3 3 3 5 3
M[85] : 3 7 5 5 3 4 4 4 6 8 2 3 3 4 7 5 5 0 6 3 6 6 4 3 3 3 3 6 2 5 5 4 3 3 4
M[86] : 2 4 4 8 5 3 3 4 4 6 6 6 4 3 4 3 5 2 3 4 3 5 8 5 5 4 5 6 5 4 6 6 0 6 5
M[87] : 4 2 6 4 5 4 5 3 3 5 4 6 6 0 5 3 3 5 6 4 3 3 3 4 3 7 2 5 7 5 4 4 4 5 3
M[88] : 5 1 4 5 2 4 0 5 5 7 6 5 4 6 4 2 6 5 3 4 3 7 5 6 4 7 7 7 5 7 0 5 2 4 5
M[89] : 4 4 5 3 5 6 5 6 3 0 1 1 4 1 5 3 5 4 5 4 2 5 6 3 4 7 7 8 7 5 7 3 4 5 4
M[90] : 4 4 7 3 2 6 6 4 3 5 5 3 5 4 3 5 5 4 4 0 1 6 5 6 6 5 7 4 7 5 4 2 5 5 5
M[91] : 4 1 4 3 6 6 5 2 5 3 5 6 2 4 3 0 6 4 5 2 6 4 4 5 3 4 5 5 6 6 5 4 4 4 4
M[92] : 3 5 4 4 0 4 3 6 5 3 4 6 5 4 2 1 4 5 6 7 3 5 6 5 2 3 6 4 2 4 5 2 0 3 4
M[93] : 2 4 3 4 0 7 0 4 3 5 4 6 3 4 6 5 3 2 5 7 4 4 9 2 5 6 1 5 4 8 4 2 2 6 4
M[94] : 2 3 2 6 5 6 4 5 5 6 5 2 6 6 4 4 5 5 4 2 4 3 4 5 4 0 2 5 5 3 3 4 4 3 3
M[95] : 2 2 5 5 4 4 6 3 4 5 6 6 4 5 6 0 3 2 3 6 3 5 5 7 6 0 5 3 4 6 8 6 4 3 5
M[96] : 5 3 3 2 3 4 6 4 3 0 4 6 0 6 4 3 4 5 3 5 3 6 5 8 2 3 8 5 4 4 6 1 5 7 4
M[97] : 3 0 4 5 3 7 4 3 3 6 4 3 2 5 3 2 3 4 4 5 3 4 3 3 2 5 6 5 4 6 5 5 5 4 3
M[98] : 3 4 3 4 0 3 3 5 4 3 5 4 3 7 7 6 5 3 4 4 3 2 4 4 4 7 4 6 5 4 4 5 3 5 3
M[99] : 6 5 4 4 4 4 6 3 2 2 5 4 3 5 5 4 1 4 4 5 4 2 0 3 4 6 7 2 4 4 5 5 4 5 0
M[100] : 5 4 2 2 5 4 5 4 5 7 5 5 3 5 1 5 2 4 6 4 4 4 5 4 4 4 5 4 6 0 4 6 4 4 2
M[101] : 4 4 4 2 2 3 5 4 5 4 2 4 0 6 6 2 5 5 1 5 5 3 3 5 0 5 5 3 4 4 6 2 5 3 5
M[102] : 4 3 1 5 4 5 6 5 5 4 3 3 6 4 3 1 5 4 4 6 2 3 6 5 4 2 0 3 8 2 5 5 5 3 2
M[103] : 7 3 1 2 3 5 3 0 5 4 0 4 3 3 2 2 2 5 5 3 7 5 4 4 6 3 7 5 5 5 5 4 3 5 4
M[104] : 6 4 4 0 4 2 4 4 7 2 5 7 2 6 5 4 2 3 6 3 5 4 5 3 5 4 5 5 3 7 4 4 4 5 6
M[105] : 4 5 2 7 5 6 4 6 4 0 3 4 2 3 5 3 3 3 3 5 1 3 2 3 3 5 6 5 5 3 4 5 5 7 2
M[106] : 4 3 4 3 3 4 3 4 3 4 3 6 2 7 4 4 4 7 7 6 3 4 0 6 6 4 5 4 4 6 6 5 5 5 2
M[107] : 3 2 3 4 4 7 3 6 6 5 6 5 4 1 4 5 4 5 5 6 2 4 5 5 1 7 0 3 5 4 3 5 6 5 2
M[108] : 4 4 2 4 5 4 5 4 7 6 5 5 5 5 4 4 0 5 4 5 3 4 5 3 3 3 4 5 6 3 4 5 6 4 5
M[109] : 3 5 4 7 4 5 4 4 4 4 4 7 5 7 5 6 4 3 2 4 4 3 2 5 4 6 4 4 2 6 0 5 5 4 5
M[110] : 4 6 7 2 3 0 2 5 4 4 5 4 3 7 4 5 4 4 3 4 2 3 4 1 4 1 7 4 4 3 5 7 6 4 3
M[111] : 1 3 2 1 5 5 8 4 3 5 3 2 4 4 4 4 2 4 4 4 6 4 5 4 4 2 5 6 6 2 3 6 0 4 3
M[112] : 4 3 7 5 4 4 4 4 3 3 5 7 3 0 3 3 4 6 5 4 5 5 5 6 5 4 6 3 5 4 4 4 5 3 6
M[113] : 6 5 3 4 4 5 4 2 5 3 5 6 6 4 4 0 4 5 4 4 2 4 4 6 4 4 3 5 5 3 5 5 3 4 4
M[114] : 5 6 5 5 7 4 5 2 5 6 3 3 3 5 6 5 5 5 0 4 4 5 6 3 2 2 2 4 5 4 6 3 4 7 5
M[115] : 3 3 5 4 5 4 6 3 5 6 4 4 3 7 6 6 3 5 5 3 4 0 4 5 6 6 4 3 5 3 4 5 4 6 4
M[116] : 3 3 5 1 4 4 2 3 5 6 3 4 5 4 4 6 6 5 3 3 5 4 3 4 4 3 7 4 0 5 6 1 3 2 7
M[117] : 7 7 3 4 4 6 5 2 6 5 5 6 3 5 4 2 4 3 6 5 3 4 6 6 6 3 2 0 1 5 4 4 3 7 3
M[118] : 5 5 1 4 3 5 6 3 6 2 0 2 5 5 7 3 3 3 7 4 5 4 3 6 5 7 4 7 5 3 4 6 5 5 4
M[119] : 2 6 4 6 7 5 6 3 6 5 4 5 3 0 3 4 5 2 6 4 5 2 5 4 3 4 4 6 4 4 5 5 6 5 4
M[120] : 4 3 4 5 3 8 4 7 3 4 7 5 2 4 3 7 4 4 4 3 4 6 5 4 5 6 0 2 4 5 2 5 1 3 3
M[121] : 4 3 3 5 4 4 6 4 4 2 6 4 3 3 3 3 6 5 3 5 2 3 1 5 5 3 4 0 5 2 5 6 5 6 3
M[122] : 4 5 7 6 5 4 3 6 4 5 7 4 5 4 5 3 2 2 6 5 0 3 6 6 3 2 6 7 4 6 3 5 4 4 4
M[123] : 2 4 3 5 0 6 4 3 6 5 6 7 2 8 4 5 5 2 7 2 5 6 4 2 3 5 5 7 4 4 3 5 2 5 4
M[124] : 3 3 5 7 0 3 4 3 3 2 4 4 1 5 5 5 5 5 3 5 4 2 1 7 5 6 7 4 6 6 8 8 4 6 5
M[125] : 7 2 5 4 3 3 5 3 6 6 3 5 2 5 6 6 4 6 3 5 4 7 2 0 5 5 6 1 4 3 3 3 5 5 6
M[126] : 2 4 5 5 3 6 1 3 3 4 3 3 5 8 5 3 2 4 5 3 5 5 3 4 4 5 0 6 6 5 4 4 4 3 4
M[127] : 4 5 4 4 6 6 6 3 6 6 4 2 5 4 4 4 3 5 3 3 3 5 7 5 4 0 7 4 4 4 5 4 2 5 3
M[128] : 5 6 3 0 4 3 4 2 3 4 3 4 4 5 3 5 4 6 4 2 5 5 6 3 2 3 6 3 4 4 4 2 5 3 5
M[129] : 2 4 5 6 2 4 6 4 3 3 1 6 4 5 2 4 6 3 6 4 4 3 4 3 5 7 0 6 7 6 4 4 5 4 4
M[130] : 3 6 5 6 4 4 5 4 3 6 4 3 5 5 3 4 2 5 3 3 3 3 5 3 3 5 4 6 5 3 0 4 4 5 4
M[131] : 4 4 7 5 4 4 0 1 2 6 3 4 3 6 1 6 5 2 7 3 3 4 4 5 5 5 3 5 5 5 6 5 2 7 2
M[132] : 3 1 3 4 6 5 6 5 6 1 0 3 3 5 4 6 6 4 4 4 5 5 5 6 5 5 6 2 3 6 3 4 4 3 5
M[133] : 2 4 3 4 4 7 7 3 5 3 7 4 3 3 5 4 3 4 5 5 2 4 0 4 4 6 5 3 6 3 5 6 6 2 3
M[134] : 4 3 6 3 3 6 1 1 6 4 5 6 5 6 2 4 3 2 7 3 4 2 0 2 3 6 3 4 7 6 3 4 4 4 3
M[135] : 4 3 4 6 5 5 5 5 2 4 3 6 5 6 3 3 4 4 4 5 4 2 3 4 3 5 4 6 6 4 0 6 3 5 1
M[136] : 3 0 1 4 4 6 6 5 3 5 0 4 3 3 3 5 6 3 7 5 6 4 4 5 5 6 4 6 4 6 4 5 4 2 3
M[137] : 5 3 5 4 1 4 3 3 8 3 4 4 6 6 3 5 5 5 5 4 5 4 5 0 4 6 4 3 1 4 5 5 6 4 5
M[138] : 5 5 3 4 3 5 6 3 3 4 6 2 3 6 5 6 5 4 0 3 5 4 5 5 5 5 5 4 4 7 3 2 3 4 4
M[139] : 0 5 4 4 2 4 7 3 3 3 4 4 4 3 3 4 6 4 3 5 3 3 5 3 6 5 4 6 7 3 5 1 3 5 3
M[140] : 2 0 4 6 7 7 8 3 3 4 5 3 5 5 3 3 4 3 4 5 2 3 5 5 2 4 4 5 5 2 3 5 3 4 5
M[141] : 2 0 3 5 2 5 4 0 5 4 1 3 5 4 4 2 4 2 5 4 3 5 6 3 7 4 3 7 5 5 5 7 4 3 4
M[142] : 5 4 3 3 5 6 5 5 3 5 6 4 2 2 5 0 2 4 7 5 2 6 3 6 5 2 6 3 4 5 5 5 2 4 4
M[143] : 3 2 6 2 7 5 2 3 4 4 4 6 4 6 0 5 2 5 5 5 3 3 5 4 6 6 2 4 5 3 6 7 3 4 1
M[144] : 6 3 7 5 3 4 6 3 2 5 5 3 6 6 3 4 3 2 3 7 5 3 5 6 5 3 3 7 4 3 4 6 3 5 0
M[145] : 4 5 6 4 3 5 4 5 7 4 0 5 5 4 4 4 6 5 1 5 5 4 4 5 4 2 5 5 4 2 5 5 2 4 6
M[146] : 3 5 4 3 5 4 4 4 6 3 4 5 3 2 5 3 7 4 0 6 5 4 5 6 3 3 7 5 4 2 2 5 3 4 5
M[147] : 3 3 7 5 6 5 7 5 0 3 7 4 3 5 4 4 4 5 6 3 5 3 3 5 3 4 3 5 4 5 6 6 4 6 3
M[148] : 3 5 3 0 7 3 6 1 4 4 5 1 3 5 1 2 2 3 3 5 4 4 3 3 4 4 6 3 4 5 6 5 3 6 4
M[149] : 7 4 3 5 3 4 4 4 5 6 1 4 4 4 4 4 3 4 8 4 3 5 5 6 5 7 3 7 3 5 5 7 2 0 4
M[150] : 6 4 6 3 3 3 7 4 3 6 5 0 2 6 3 5 4 4 5 4 7 1 5 5 5 6 3 5 3 5 6 4 4 5 3
M[151] : 4 3 4 3 6 2 3 4 3 2 4 5 6 4 0 7 4 6 5 2 4 4 6 4 5 5 2 5 7 6 4 4 5 5 5
M[152] : 4 3 4 2 6 5 3 4 4 4 4 4 3 4 2 5 3 6 6 4 5 3 7 3 4 3 4 5 4 0 4 3 6 4 5
M[153] : 3 5 6 2 3 6 3 4 6 2 5 2 3 5 4 4 6 3 4 1 4 3 1 7 4 6 7 4 6 5 4 0 3 4 2
M[154] : 4 2 5 5 2 4 5 2 0 6 5 5 1 7 2 3 6 4 6 6 3 5 5 4 4 5 3 4 4 5 5 5 3 5 4
M[155] : 4 4 8 6 7 6 4 5 2 6 3 4 4 5 5 3 5 4 4 4 3 4 5 3 4 0 5 4 2 3 6 4 1 3 3
M[156] : 5 6 6 4 4 3 3 5 5 4 8 3 4 4 5 4 4 6 7 4 0 6 3 7 4 6 3 4 2 4 3 6 4 1 5
M[157] : 6 2 0 4 3 4 4 2 6 6 5 4 3 4 4 4 3 4 4 6 6 7 6 5 4 5 4 4 6 3 5 7 3 4 5
M[158] : 4 0 4 5 2 5 2 5 4 3 4 5 2 3 2 4 4 5 4 5 4 3 9 5 6 1 5 6 4 5 4 6 5 3 5
M[159] : 5 3 6 4 4 7 3 3 5 5 2 3 6 0 5 2 3 5 6 7 2 2 5 4 4 4 4 3 3 5 3 5 4 5 5
M[160] : 5 6 7 7 3 9 4 5 4 6 2 3 5 4 6 2 4 3 4 7 3 5 0 2 5 4 2 4 5 3 4 4 4 4 4
M[161] : 2 2 6 3 5 6 5 4 3 4 5 0 4 5 4 3 4 6 5 5 5 6 6 2 3 3 7 2 5 4 4 2 5 6 4
M[162] : 3 6 5 3 5 6 5 3 4 4 6 4 4 0 5 8 6 3 2 2 2 5 4 5 4 5 5 4 4 4 4 4 4 5 1
M[163] : 6 5 0 3 7 3 5 4 7 4 5 4 6 5 4 4 5 4 6 4 7 2 3 4 5 7 3 1 4 4 4 5 1 4 5
M[164] : 2 2 7 4 5 6 1 5 6 5 3 3 5 4 6 4 5 6 3 3 5 4 3 5 6 4 3 5 3 5 7 2 3 4 0
M[165] : 2 4 4 4 4 3 8 4 6 8 2 3 3 4 2 6 5 3 2 5 4 3 4 5 3 4 7 0 3 4 6 5 3 5 2
M[166] : 5 3 3 4 4 3 3 4 6 4 4 6 4 4 3 4 5 5 4 2 5 3 5 4 2 4 4 5 3 5 5 3 4 0 4
M[167] : 3 2 6 2 4 6 4 5 6 7 5 4 5 4 5 0 3 5 4 8 3 8 5 6 3 4 6 5 5 5 4 6 6 2 3
M[168] : 4 4 2 6 6 3 0 7 4 6 4 3 3 4 5 5 3 5 3 5 3 3 5 5 5 5 5 6 3 5 3 5 3 0 3
M[169] : 6 4 4 4 6 5 7 4 3 4 0 3 5 4 4 7 6 1 4 4 3 5 5 4 4 6 3 3 3 4 2 5 2 4 5
M[170] : 4 2 4 4 2 5 6 3 2 5 3 6 4 4 3 5 3 6 3 2 0 5 1 4 5 4 4 7 6 5 5 5 3 5 6
M[171] : 5 5 3 5 2 2 3 4 6 6 0 6 5 6 3 5 5 6 5 3 5 5 5 3 4 2 3 6 8 5 3 2 5 5 5
M[172] : 3 0 4 7 4 4 4 7 1 2 6 1 6 4 1 4 3 6 4 5 5 3 4 6 4 6 5 3 3 6 0 4 5 6 5
M[173] : 3 3 2 6 3 5 1 4 5 6 6 3 3 4 4 5 2 5 5 6 5 4 3 5 5 7 2 0 5 4 5 5 4 5 5
M[174] : 5 5 4 3 1 5 5 3 7 5 0 4 5 3 3 3 6 4 4 4 6 5 3 5 4 5 4 3 5 3 5 3 6 6 3
M[175] : 5 5 3 4 5 5 5 3 4 6 8 3 3 7 4 5 3 3 5 4 3 4 3 4 0 6 5 5 2 5 5 6 4 5 4
M[176] : 3 5 5 0 2 2 7 5 5 5 2 4 4 4 3 5 8 3 3 4 5 4 4 4 4 4 6 4 5 4 6 5 3 7 5
M[177] : 4 4 3 4 3 5 1 4 4 5 8 3 0 5 3 4 5 2 3 5 5 3 6 3 5 5 6 6 5 5 4 4 6 4 4
M[178] : 2 2 1 7 6 3 5 4 4 1 5 3 4 0 6 2 3 3 2 4 5 4 5 2 3 4 4 4 4 1 6 6 4 6 5
M[179] : 3 3 8 7 5 8 2 7 0 2 4 3 7 4 1 6 6 4 6 5 2 3 5 4 4 6 3 4 6 4 2 4 5 2 2
M[180] : 0 3 5 3 5 5 7 6 2 3 5 2 5 5 1 5 5 6 1 3 5 3 7 6 4 6 5 5 3 7 5 4 1 7 7
M[181] : 5 2 4 6 3 4 4 4 3 5 2 4 5 6 0 2 4 7 3 6 5 5 2 5 3 6 4 5 4 5 4 3 1 6 2
M[182] : 7 4 6 3 4 4 5 6 4 1 2 3 5 5 3 6 4 4 6 6 0 6 1 2 5 5 5 5 5 5 4 3 4 6 4
M[183] : 4 0 5 7 2 3 3 4 2 7 5 3 7 1 2 4 4 5 6 6 5 2 3 5 6 5 3 4 4 5 4 6 4 8 4
M[184] : 4 5 6 5 4 3 0 5 4 3 5 4 5 7 4 5 5 4 3 5 6 3 5 3 4 5 5 4 3 3 8 4 6 4 3
M[185] : 1 2 7 2 3 6 5 4 8 2 6 5 4 6 5 2 0 5 8 7 4 1 3 2 3 5 4 7 4 5 3 5 3 5 4
M[186] : 6 4 5 4 5 7 4 4 6 4 4 5 3 2 2 3 6 3 2 4 5 6 5 5 3 3 4 2 5 4 5 5 2 4 0
M[187] : 4 1 6 3 4 4 8 0 3 5 6 4 5 5 4 2 4 4 5 4 5 4 3 4 5 4 7 6 4 4 5 6 6 4 6
M[188] : 4 5 3 4 3 7 5 5 5 2 5 4 0 6 6 5 5 4 4 5 5 4 3 3 2 4 4 2 4 6 4 5 4 5 4
M[189] : 3 6 7 7 3 3 6 6 0 3 4 4 5 4 5 5 6 2 4 5 2 6 7 4 4 6 5 2 2 2 5 0 6 4 5
M[190] : 5 5 4 8 3 4 2 5 3 3 7 6 4 4 4 5 5 3 5 4 3 5 6 4 2 5 5 4 5 0 6 5 3 4 4
M[191] : 4 6 3 0 3 3 6 4 8 4 4 2 1 6 4 3 3 4 4 6 3 5 5 7 3 3 4 3 2 6 6 4 4 5 2
M[192] : 3 4 0 6 1 3 8 4 7 2 4 4 3 5 4 6 3 5 5 4 5 4 6 5 4 4 5 2 5 3 4 4 4 3 3
M[193] : 5 3 5 2 3 4 5 3 4 5 6 4 3 5 2 1 3 2 6 5 1 4 4 7 3 0 5 5 4 2 5 3 5 5 3
M[194] : 4 4 6 2 4 3 1 4 4 5 7 3 0 4 5 6 3 3 6 4 7 7 5 2 3 3 4 6 6 4 6 6 4 5 6
M[195] : 3 4 5 5 4 1 2 7 0 4 4 3 2 2 5 5 4 5 4 3 4 4 4 3 3 3 4 4 5 4 5 4 6 4 4
M[196] : 4 3 5 6 4 6 6 3 4 3 4 6 5 7 4 3 4 5 4 4 2 2 3 5 3 3 7 7 0 4 6 3 4 5 5
M[197] : 5 5 3 3 3 6 6 3 5 4 5 5 3 6 4 5 2 5 3 3 4 3 6 5 0 3 6 6 4 0 5 6 2 5 2
M[198] : 0 3 6 7 3 7 3 3 4 4 4 5 5 5 3 6 2 6 3 2 5 4 4 3 5 4 3 5 4 6 5 3 1 4 4
M[199] : 5 2 6 6 3 2 5 3 5 5 5 5 2 7 5 0 4 2 4 4 3 3 5 4 3 4 1 5 6 7 2 4 5 5 6
M[200] : 3 2 4 3 3 5 3 3 7 0 2 2 3 5 6 4 6 5 4 2 4 6 6 3 6 6 4 4 5 3 6 4 5 5 5
M[201] : 4 5 3 4 5 4 5 1 2 4 7 4 4 2 4 3 1 6 5 5 3 2 5 3 2 0 5 5 5 7 2 6 2 6 0
M[202] : 2 4 4 6 5 6 6 6 8 5 6 4 4 2 5 5 5 5 5 3 0 5 5 1 1 4 2 3 6 7 5 3 3 4 6
M[203] : 6 3 4 5 2 3 4 5 5 7 7 4 4 5 1 5 5 6 2 3 3 5 7 2 6 4 4 4 0 7 6 7 1 5 3
M[204] : 2 4 0 3 1 3 6 4 4 3 3 3 5 4 4 3 5 3 2 4 6 6 6 5 4 4 3 4 7 4 4 5 3 4 2
M[205] : 4 4 2 3 3 6 4 3 3 6 6 2 5 4 6 4 4 6 3 5 6 0 4 5 4 2 5 4 6 5 5 7 7 4 5
M[206] : 7 6 3 7 3 4 5 5 3 2 8 2 5 4 6 3 4 4 6 4 6 4 3 3 3 4 2 6 6 0 2 5 3 5 5
M[207] : 6 5 3 4 3 3 6 5 5 2 6 5 4 3 4 2 5 3 4 4 0 5 4 4 5 4 3 5 2 4 4 5 7 4 5
M[208] : 3 4 7 5 4 5 4 6 4 6 6 3 6 5 5 3 5 3 7 0 5 4 4 5 3 4 5 6 4 3 5 2 4 4 3
M[209] : 4 3 0 7 3 5 5 5 6 7 5 6 4 5 1 3 5 6 6 3 3 4 5 2 2 4 4 5 4 3 2 6 5 6 7
M[210] : 4 4 4 1 4 4 2 0 6 4 5 4 3 7 4 5 6 4 7 7 5 5 3 3 5 4 5 5 4 6 4 6 5 6 4
M[211] : 1 3 5 3 5 5 3 4 5 5 2 2 5 4 6 6 4 3 6 6 4 3 3 4 5 7 5 5 3 5 4 0 5 5 5
M[212] : 2 4 4 6 3 5 4 7 5 3 6 6 5 8 1 5 5 2 3 5 5 6 5 5 6 3 6 4 4 7 4 4 0 2 3
M[213] : 3 2 6 0 3 5 6 3 5 4 5 7 3 6 5 2 3 3 5 5 3 0 2 5 5 5 4 5 5 6 6 5 6 2 5
M[214] : 4 4 7 5 6 5 5 2 4 4 2 3 5 2 3 2 5 6 5 2 3 3 5 4 3 4 4 5 7 0 4 2 3 4 2
M[215] : 3 2 2 2 5 6 4 5 4 6 4 2 5 2 2 3 3 6 4 5 5 2 5 4 0 3 2 5 6 5 4 7 3 5 4
M[216] : 5 3 5 4 6 3 5 4 7 3 5 5 3 7 4 4 4 4 3 0 3 4 5 4 3 4 3 4 4 4 5 4 4 2 4
M[217] : 3 5 5 4 6 5 5 3 4 5 4 6 3 5 3 4 5 3 5 0 4 2 5 4 4 4 4 4 5 4 5 4 3 6 5
M[218] : 4 4 5 5 5 4 3 0 6 5 3 3 5 4 5 3 4 3 4 2 5 5 4 5 3 4 2 3 6 5 8 5 6 5 3
M[219] : 5 5 5 0 6 4 3 3 5 3 3 4 1 3 5 1 5 4 4 4 4 2 5 4 2 2 8 5 5 5 5 3 1 1 5
M[220] : 2 3 3 5 4 5 4 6 8 4 4 4 6 2 3 6 5 4 6 5 4 4 4 6 3 4 6 2 0 3 4 2 6 3 4
M[221] : 5 5 3 2 4 1 5 6 5 9 3 3 3 5 3 5 2 3 7 5 6 6 5 4 3 4 4 0 4 6 5 3 4 5 3
M[222] : 6 3 7 4 3 4 5 5 5 5 4 2 2 5 5 4 4 3 3 5 4 5 4 6 0 5 5 5 3 3 3 5 3 6 5
M[223] : 3 4 4 4 3 5 2 4 1 4 5 4 4 5 4 4 5 5 4 6 3 3 4 0 3 6 6 6 3 6 7 6 6 4 2
M[224] : 6 4 6 3 5 4 4 4 3 5 5 4 5 3 4 4 1 4 4 7 4 4 0 5 2 4 3 4 4 3 5 5 3 4 4
M[225] : 5 5 5 5 5 4 0 3 6 3 6 4 4 4 4 2 4 3 4 3 6 3 6 4 1 6 5 6 5 3 3 3 3 3 5
M[226] : 1 2 3 5 2 4 5 5 5 3 3 4 7 6 2 3 3 2 6 6 3 3 4 5 4 1 6 4 4 6 4 6 0 6 3
M[227] : 2 4 4 2 4 5 5 3 6 3 7 5 5 3 3 2 3 3 4 0 4 2 3 6 5 2 4 6 7 4 6 6 3 4 4
M[228] : 6 2 6 4 6 5 2 3 3 4 3 3 4 4 5 3 3 3 6 7 5 5 4 2 5 3 3 5 3 6 6 0 4 3 1
M[229] : 5 0 6 4 3 4 7 3 5 3 5 4 4 6 5 4 4 4 5 5 5 2 2 4 2 6 4 5 2 6 6 3 4 4 3
M[230] : 3 5 8 3 5 4 4 4 5 4 4 5 5 5 5 7 4 2 7 3 6 0 5 5 3 6 3 5 3 6 5 2 4 5 3
M[231] : 4 0 5 4 6 6 5 3 4 2 3 3 2 7 2 1 5 4 5 2 4 3 5 5 3 6 2 4 5 3 5 4 3 7 2
M[232] : 3 2 4 4 4 6 5 5 4 4 5 5 2 2 4 4 4 5 5 5 5 4 4 0 6 7 2 4 3 4 4 4 4 5 6
M[233] : 5 4 4 0 5 4 7 2 1 7 6 5 4 3 3 6 3 4 4 3 4 2 5 6 3 5 3 4 6 4 8 3 6 5 3
M[234] : 6 4 2 5 3 5 2 6 1 5 7 5 5 4 2 6 5 4 7 5 4 1 5 6 4 3 1 2 6 4 4 6 6 6 0
M[235] : 5 4 5 4 6 3 5 4 4 3 5 3 5 4 5 7 3 5 3 6 2 6 5 3 0 5 5 4 3 3 4 3 6 4 6
M[236] : 2 5 5 4 4 3 0 2 3 0 1 3 6 3 2 4 4 2 5 5 4 3 4 4 4 7 1 6 6 5 7 5 6 3 4
M[237] : 2 7 7 3 4 6 3 4 8 5 2 5 2 4 6 4 5 4 6 5 5 2 6 4 3 5 3 5 5 4 5 0 3 6 5
M[238] : 5 4 2 4 8 6 5 3 6 4 7 2 3 3 0 3 2 5 5 7 3 6 3 3 1 4 4 3 2 5 2 6 4 2 3
M[239] : 4 4 7 1 3 4 5 5 4 5 6 5 4 5 5 4 5 2 1 5 5 4 3 6 0 5 3 7 4 2 5 4 6 2 6
M[240] : 3 2 5 4 2 5 4 6 3 2 3 4 5 4 5 4 4 0 3 4 4 3 5 2 6 3 4 7 3 3 3 5 3 5 4
M[241] : 3 6 3 5 5 3 3 6 3 4 3 4 3 3 7 4 3 5 5 2 4 5 4 4 4 0 6 4 7 4 6 5 3 5 2
M[242] : 3 4 4 5 5 5 5 3 3 7 0 1 6 4 4 3 3 3 2 5 5 5 5 5 2 4 3 4 6 7 5 3 4 4 3
M[243] : 4 4 6 3 3 5 5 3 0 3 6 3 4 4 3 4 4 6 3 4 5 3 2 4 2 4 6 7 7 4 7 3 5 8 5
M[244] : 3 5 2 4 4 3 5 5 5 4 4 0 6 3 5 4 5 4 4 5 4 4 5 3 3 4 5 4 3 4 6 3 5 3 3
M[245] : 5 3 4 6 3 6 0 4 6 6 4 6 3 3 2 6 7 2 6 7 3 5 3 3 2 3 4 4 5 4 4 6 5 4 3
M[246] : 5 4 3 5 5 6 4 3 6 7 4 4 6 4 5 5 2 3 5 4 4 1 3 5 4 5 0 3 2 3 8 6 5 5 4
M[247] : 3 5 0 4 5 7 7 2 8 5 4 2 2 3 3 5 3 4 5 7 4 4 5 3 4 4 5 3 4 5 2 6 4 4 4
M[248] : 0 5 2 8 1 3 6 4 8 3 2 3 3 5 3 5 1 3 8 3 4 4 5 6 4 5 5 2 4 6 3 4 2 5 3
M[249] : 4 4 7 3 3 0 4 3 5 4 5 5 6 6 5 5 4 3 4 4 3 3 6 4 6 5 5 3 4 3 4 6 3 5 3
M[250] : 0 3 5 4 4 4 3 4 2 4 6 4 4 4 5 4 4 4 6 5 3 4 3 6 3 4 3 5 2 8 5 4 3 5 4
M[251] : 5 5 3 0 4 0 6 2 4 5 3 4 2 5 3 4 5 4 6 4 3 6 5 5 7 8 5 4 3 6 5 4 2 3 3
M[252] : 2 4 8 5 4 5 4 0 6 4 4 3 5 3 4 7 4 4 4 4 5 5 3 4 3 6 5 6 3 3 5 3 5 4 5
M[253] : 1 4 7 5 3 6 5 3 5 0 5 6 3 6 3 4 2 3 4 4 4 5 4 7 2 8 4 5 5 4 3 2 2 4 4
M[254] : 5 5 6 4 5 2 4 4 5 2 5 5 5 6 4 3 6 3 6 6 5 4 4 5 7 5 3 0 4 5 6 5 2 3 4
M[255] : 5 6 3 5 5 1 4 3 4 6 5 4 4 5 3 3 4 2 4 6 2 4 4 5 4 3 4 5 2 5 5 6 1 0 5
M[256] : 2 3 4 7 2 2 4 4 4 5 4 5 4 4 2 4 7 4 5 5 3 6 7 3 5 5 5 4 0 5 4 5 2 4 3
M[257] : 5 3 4 5 8 2 7 1 3 7 6 5 1 5 2 2 4 3 3 6 5 3 6 1 4 4 7 6 4 8 5 2 4 0 3
M[258] : 4 5 3 5 1 4 6 3 8 5 6 4 3 6 4 3 6 4 2 4 3 4 5 5 4 5 4 2 6 4 4 3 0 4 2
M[259] : 6 4 6 7 5 6 6 6 6 5 7 2 5 3 2 5 4 2 3 4 4 5 5 0 6 4 5 5 4 5 7 5 4 5 4
M[260] : 2 4 2 4 3 0 7 4 5 5 5 2 6 7 3 4 5 2 6 3 4 4 7 8 5 8 4 2 6 4 6 5 3 2 4
M[261] : 4 5 2 3 4 5 2 3 3 3 4 4 0 4 4 3 6 7 4 5 3 5 5 6 3 7 6 3 4 3 6 4 3 4 6
M[262] : 4 4 4 5 2 5 6 1 6 4 6 2 3 4 4 4 3 2 5 3 3 3 3 5 2 6 7 5 0 5 2 6 3 5 4
M[263] : 6 5 5 2 4 5 5 3 7 6 3 5 5 6 4 2 4 5 3 3 5 6 4 6 2 0 4 3 1 4 4 6 2 6 4
M[264] : 3 4 4 5 5 4 7 5 6 5 4 5 4 3 2 4 6 4 5 6 5 5 2 5 4 3 6 3 4 6 0 4 2 5 2
M[265] : 2 4 4 4 3 5 2 2 5 0 7 5 2 4 4 7 5 6 4 2 3 5 5 3 5 3 4 6 3 4 4 3 4 3 3
M[266] : 4 5 3 4 6 5 4 1 7 5 3 5 2 6 5 5 3 4 3 5 5 3 6 4 3 1 4 4 5 3 3 0 5 4 5
M[267] : 4 4 6 3 6 4 4 3 6 4 4 4 4 7 3 6 4 0 4 2 5 4 4 4 3 4 4 5 4 3 2 3 4 4 3
M[268] : 4 4 2 4 4 3 5 1 7 3 6 5 5 3 1 2 3 6 3 4 5 4 6 5 7 1 0 4 5 3 5 2 4 5 3
M[269] : 4 4 3 4 4 3 3 4 6 4 6 3 4 4 3 2 4 2 5 6 3 3 0 3 5 5 5 3 3 7 2 5 6 5 6
M[270] : 5 4 4 4 5 6 7 4 4 1 5 2 3 4 4 2 4 5 0 4 6 4 5 4 3 3 7 2 5 8 5 3 1 4 3
M[271] : 4 5 2 6 6 0 4 4 3 5 5 5 3 3 3 2 2 5 5 5 5 5 7 5 3 6 6 7 4 5 3 6 3 3 6
M[272] : 3 3 5 5 5 4 3 4 3 6 5 3 7 4 3 0 3 7 3 5 4 5 1 4 5 3 6 4 4 4 2 5 3 5 3
M[273] : 3 4 5 5 6 4 6 5 4 7 3 4 4 3 6 4 5 1 5 7 2 3 4 4 4 6 4 4 5 2 0 5 5 5 3
M[274] : 3 4 4 5 2 5 4 5 7 5 2 4 5 4 5 4 4 5 4 6 6 6 3 5 2 2 5 0 4 6 7 5 4 6 4
M[275] : 4 6 5 5 5 3 5 2 3 2 4 5 6 6 3 4 2 6 4 5 4 4 5 0 4 5 5 6 6 4 5 6 3 5 5
M[276] : 2 5 3 8 3 7 3 2 3 6 3 3 5 4 2 4 4 1 7 4 4 4 0 6 5 4 6 6 4 5 4 4 4 6 4
M[277] : 3 3 6 5 3 7 4 5 4 3 4 3 3 2 4 6 5 7 0 5 6 5 5 3 5 5 3 5 5 8 4 5 6 4 4
M[278] : 5 6 4 6 2 4 3 5 2 5 4 3 3 4 4 2 5 3 4 5 5 5 7 4 0 4 7 2 3 6 3 4 4 4 5
M[279] : 0 5 4 3 2 3 6 5 4 4 6 2 5 1 6 4 4 1 5 6 5 4 6 7 3 2 6 2 4 6 4 5 4 5 3
M[280] : 3 5 5 4 4 3 4 6 4 3 3 3 2 0 2 4 5 3 2 3 2 4 4 7 6 4 4 6 4 1 6 5 4 6 4
M[281] : 4 2 3 6 3 4 4 4 2 4 7 5 4 4 6 3 4 0 6 7 4 4 3 6 4 5 6 3 7 7 6 5 3 7 5
M[282] : 3 3 2 2 4 6 4 5 1 6 5 1 4 3 0 5 3 4 5 5 6 5 7 4 6 5 3 4 3 3 5 6 4 2 3
M[283] : 6 3 6 6 5 6 2 4 2 6 3 0 4 5 3 4 4 3 3 6 3 3 5 5 0 4 4 6 6 7 6 7 6 4 4
M[284] : 5 4 6 5 4 7 4 5 3 4 7 4 4 4 1 5 0 3 5 2 2 4 3 5 5 2 3 4 4 5 4 3 6 4 4
M[285] : 0 2 5 4 2 5 5 4 4 4 2 7 5 5 4 4 2 3 6 3 4 3 6 7 7 5 4 6 4 1 3 3 1 4 4
M[286] : 6 3 5 4 4 3 5 3 5 5 6 3 3 3 4 0 5 5 5 4 5 5 3 5 7 1 4 4 5 4 3 4 2 6 4
M[287] : 5 5 4 4 6 3 4 3 5 4 2 5 4 4 5 4 5 5 5 0 2 1 7 4 3 2 5 6 3 5 5 5 7 3 5
M[288] : 1 2 4 4 3 5 5 5 4 4 3 4 4 3 0 1 4 4 4 2 5 4 4 5 7 4 3 4 4 4 4 6 4 4 4
M[289] : 4 5 6 2 5 0 4 5 5 6 4 3 5 5 5 5 3 5 3 4 4 4 6 5 1 4 6 2 5 5 5 4 3 5 4
M[290] : 4 5 2 7 3 6 4 3 3 4 4 3 4 0 3 2 4 5 5 4 5 5 4 5 8 4 4 3 4 2 5 7 5 6 1
M[291] : 4 2 4 6 4 4 8 3 5 5 2 3 5 4 3 2 0 3 5 6 3 3 5 4 4 6 6 6 5 4 3 7 4 3 3
M[292] : 3 2 5 4 4 4 8 4 5 5 6 4 4 5 0 3 4 4 4 5 5 5 6 6 3 5 6 4 5 4 4 5 4 4 4
M[293] : 2 4 5 5 6 3 6 6 5 3 4 5 4 4 4 0 5 2 5 4 6 5 6 5 5 3 7 4 5 5 6 4 4 4 3
M[294] : 4 4 6 6 5 6 7 6 5 4 4 4 5 6 1 3 5 2 0 5 3 4 6 6 3 4 3 4 3 5 4 6 6 4 4
M[295] : 1 3 5 6 5 3 7 5 3 4 2 3 3 4 4 6 2 5 6 0 2 2 5 5 5 4 7 6 3 5 4 5 5 3 7
M[296] : 3 6 3 3 3 5 4 4 5 5 5 0 5 3 4 4 5 0 7 5 6 4 3 6 3 7 6 4 4 6 3 4 4 4 6
M[297] : 5 2 6 5 6 3 5 6 4 3 6 3 6 4 5 3 5 3 5 6 4 0 5 4 6 4 2 3 4 1 3 5 5 6 6
M[298] : 6 5 6 6 3 2 6 5 1 5 6 4 6 4 2 6 4 4 4 5 3 4 3 6 3 6 0 6 8 4 5 6 5 4 2
M[299] : 2 6 6 2 4 7 4 4 7 5 5 3 3 5 6 5 4 6 4 7 5 3 4 5 3 5 6 4 5 4 4 3 0 3 7

