 Execution de l'algoritme BITS sur le fichier flat300_28_0
=====================================================================
 Partitions  : 
Vk[0] : 130 291 163 248 83 113 174 271 -->  8 éléments.
Vk[1] : 265 259 277 161 114 178 125 137 -->  8 éléments.
Vk[2] : 191 36 194 138 150 110 193 148 48 -->  9 éléments.
Vk[3] : 89 101 123 224 197 206 59 237 69 -->  9 éléments.
Vk[4] : 42 292 288 280 71 64 14 257 80 -->  9 éléments.
Vk[5] : 235 116 180 256 77 189 165 211 198 -->  9 éléments.
Vk[6] : 144 117 79 51 267 210 45 228 19 -->  9 éléments.
Vk[7] : 49 90 207 294 31 252 287 109 -->  8 éléments.
Vk[8] : 159 43 86 202 142 102 11 232 -->  8 éléments.
Vk[9] : 284 131 245 119 282 50 107 240 -->  8 éléments.
Vk[10] : 155 18 203 293 20 106 38 47 -->  8 éléments.
Vk[11] : 10 139 72 179 55 122 195 9 -->  8 éléments.
Vk[12] : 260 190 246 297 46 285 33 236 -->  8 éléments.
Vk[13] : 175 208 230 156 219 239 270 166 255 -->  9 éléments.
Vk[14] : 15 25 299 75 226 281 276 27 -->  8 éléments.
Vk[15] : 152 266 168 241 127 171 160 136 -->  8 éléments.
Vk[16] : 286 121 269 201 66 105 146 264 91 -->  9 éléments.
Vk[17] : 221 250 247 16 192 204 263 17 120 -->  9 éléments.
Vk[18] : 7 140 32 199 13 185 275 63 -->  8 éléments.
Vk[19] : 158 213 12 274 205 2 44 3 -->  8 éléments.
Vk[20] : 128 98 149 251 295 220 76 187 154 -->  9 éléments.
Vk[21] : 56 177 37 103 214 222 81 34 -->  8 éléments.
Vk[22] : 169 100 21 196 223 0 258 186 23 -->  9 éléments.
Vk[23] : 61 22 229 216 157 84 215 54 -->  8 éléments.
Vk[24] : 234 184 8 93 65 41 173 58 -->  8 éléments.
Vk[25] : 78 53 39 26 242 261 212 4 -->  8 éléments.
Vk[26] : 118 104 96 200 176 182 112 92 231 -->  9 éléments.
Vk[27] : 67 172 40 62 253 108 167 243 -->  8 éléments.
Vk[28] : 249 73 115 94 268 164 217 85 -->  8 éléments.
Vk[29] : 218 145 60 28 52 6 181 132 -->  8 éléments.
Vk[30] : 147 298 129 126 82 134 151 143 -->  8 éléments.
Vk[31] : 290 87 35 133 233 29 162 227 74 -->  9 éléments.
Vk[32] : 278 254 57 225 283 238 24 153 -->  8 éléments.
Vk[33] : 1 262 296 124 289 279 244 95 -->  8 éléments.
Vk[34] : 135 68 272 97 141 88 30 183 -->  8 éléments.
Vk[35] : 273 188 5 111 99 209 70 170 -->  8 éléments.
Matrice M
M[0] : 2 7 3 6 4 4 4 6 5 2 5 4 4 6 3 3 4 4 3 2 7 4 0 3 2 2 6 4 6 2 2 2 4 6 4 3
M[1] : 5 3 6 5 6 5 2 4 3 3 4 3 4 8 3 5 6 4 3 1 6 5 5 4 4 4 4 3 3 1 5 4 5 0 4 2
M[2] : 4 3 4 5 5 4 4 5 5 4 3 2 5 7 4 5 5 4 3 0 5 5 4 3 4 4 3 3 5 4 2 4 4 3 4 5
M[3] : 5 4 5 7 7 5 7 5 5 4 2 4 3 3 5 2 4 7 1 0 5 5 5 6 6 4 3 4 6 4 3 4 5 3 3 4
M[4] : 3 6 5 3 4 4 6 3 4 6 2 6 2 4 5 5 3 5 2 4 5 3 6 2 4 0 6 3 1 4 3 5 4 5 1 6
M[5] : 6 6 2 5 6 5 5 4 6 4 5 3 4 6 2 2 5 3 6 5 5 3 6 5 2 5 5 3 4 3 5 6 4 4 3 0
M[6] : 3 5 6 3 5 7 4 3 4 3 4 6 7 6 5 6 1 2 4 5 3 3 5 6 6 4 5 4 4 0 3 2 4 4 3 2
M[7] : 3 5 1 8 4 5 5 5 3 3 3 3 1 6 1 3 7 3 0 4 4 4 5 2 4 4 5 6 5 4 4 4 4 3 6 4
M[8] : 5 3 4 4 6 5 2 4 5 2 3 5 5 3 2 2 6 5 7 4 5 2 7 5 0 5 6 5 4 6 4 7 3 4 3 4
M[9] : 5 5 4 5 2 6 7 5 6 4 2 0 3 4 2 5 3 6 2 4 4 5 5 5 5 3 5 2 6 4 4 4 3 2 3 3
M[10] : 3 4 2 5 5 6 3 3 4 3 2 0 5 6 6 2 5 7 5 2 5 5 5 2 4 3 6 4 4 6 2 6 4 5 5 5
M[11] : 2 4 4 7 4 6 2 3 0 5 4 5 5 6 5 2 7 5 2 4 4 2 5 5 3 6 4 4 2 6 3 6 6 4 5 3
M[12] : 3 3 6 3 7 4 6 4 4 3 3 5 4 5 5 4 5 4 5 0 3 3 4 4 2 3 6 3 5 5 5 4 5 2 5 2
M[13] : 6 7 6 5 0 5 4 7 6 7 7 2 3 5 3 1 5 8 0 3 2 4 6 4 6 5 4 4 2 7 3 3 2 5 3 2
M[14] : 4 5 6 4 0 2 4 4 4 6 4 4 5 5 6 6 5 4 4 6 2 4 5 3 6 6 3 4 7 3 4 5 2 4 2 4
M[15] : 6 4 4 3 5 4 6 6 5 6 4 3 4 6 0 4 8 7 4 4 5 6 7 4 3 6 6 3 3 6 2 6 3 2 3 2
M[16] : 4 4 6 3 5 7 4 2 3 6 4 5 3 6 6 4 3 0 2 4 7 3 3 7 5 2 4 3 4 5 5 4 4 5 2 3
M[17] : 2 4 4 5 5 5 4 4 3 3 3 6 1 4 5 3 3 0 5 7 5 1 5 4 5 5 5 4 6 3 6 6 5 2 6 1
M[18] : 3 8 5 7 4 5 5 2 3 2 0 4 4 5 6 3 3 5 4 5 2 2 4 3 2 3 6 3 3 4 4 6 4 2 6 4
M[19] : 3 4 4 7 4 1 0 5 7 3 3 5 4 7 1 5 5 3 3 5 6 2 6 3 3 3 4 5 4 4 5 4 3 4 7 5
M[20] : 5 4 4 4 3 3 6 6 4 5 0 3 4 4 1 5 6 4 4 2 3 7 6 3 5 5 4 3 3 4 3 4 3 4 3 3
M[21] : 1 6 2 6 4 4 6 4 2 5 5 6 3 6 5 5 5 6 3 6 2 6 0 3 4 6 3 4 4 6 2 3 3 3 5 5
M[22] : 4 7 2 5 5 7 5 3 6 6 5 3 6 5 4 3 2 5 5 4 5 2 2 0 3 5 4 5 5 6 4 4 3 3 2 7
M[23] : 3 4 4 4 1 4 7 3 4 2 5 7 2 6 6 4 7 5 6 4 6 3 0 3 1 4 5 4 3 3 6 6 4 3 1 5
M[24] : 4 4 4 6 5 4 3 2 4 5 6 3 3 4 4 4 3 7 3 2 5 5 4 1 5 5 2 4 3 7 2 5 0 3 3 6
M[25] : 1 5 5 5 6 5 2 4 5 3 6 4 4 3 0 3 5 1 3 6 3 3 7 5 4 5 4 4 5 6 4 5 2 4 4 2
M[26] : 3 4 2 4 4 2 4 5 6 2 6 3 4 3 5 2 6 4 3 2 6 1 5 2 3 0 6 2 6 2 2 5 5 4 5 3
M[27] : 5 3 3 6 4 4 3 4 4 5 4 5 4 3 0 5 3 5 4 4 4 0 7 5 4 5 4 6 4 3 6 8 6 6 3 5
M[28] : 4 5 4 5 4 4 6 2 4 2 4 4 4 4 4 6 4 6 3 3 6 5 5 3 5 2 6 3 3 0 3 2 4 2 4 5
M[29] : 5 3 4 6 4 4 2 4 5 4 4 6 3 4 8 5 5 4 3 4 5 2 4 3 3 5 5 4 1 3 8 0 5 4 2 2
M[30] : 4 4 4 3 4 7 4 4 4 3 2 6 3 3 3 4 5 7 3 3 7 1 3 3 3 6 4 4 6 4 1 3 5 6 0 2
M[31] : 2 5 6 5 3 4 3 0 4 4 3 6 3 3 5 1 5 5 5 3 4 1 5 4 4 4 7 4 7 4 4 4 3 3 4 3
M[32] : 6 4 3 6 6 5 5 5 2 3 2 3 5 7 5 7 1 6 0 3 3 4 2 5 3 5 5 3 5 2 4 3 4 3 2 4
M[33] : 4 2 6 4 5 5 3 4 5 6 2 4 0 5 3 5 4 4 6 5 5 2 2 5 5 3 5 6 4 4 4 2 5 5 4 4
M[34] : 6 4 2 4 6 4 6 4 6 3 4 0 4 3 7 2 6 3 6 3 6 0 4 4 4 3 6 2 1 4 5 4 2 4 5 7
M[35] : 2 4 6 2 3 6 5 6 5 3 3 4 4 3 3 3 3 3 6 3 5 6 1 5 5 6 6 7 5 3 6 0 3 5 3 3
M[36] : 4 5 0 5 4 5 4 6 4 4 4 2 3 4 3 1 3 4 2 4 7 3 4 5 7 4 3 5 4 6 7 4 5 4 3 4
M[37] : 3 3 2 5 3 2 5 3 4 6 8 6 5 4 4 3 3 2 4 3 5 0 5 4 3 5 4 2 7 2 3 6 2 5 5 4
M[38] : 5 4 6 5 3 3 3 2 6 5 0 0 6 7 1 5 5 4 5 4 2 6 5 6 4 4 4 4 4 4 1 6 5 5 3 5
M[39] : 6 2 2 5 6 5 5 2 5 2 2 2 3 3 5 6 4 7 5 7 2 5 4 2 5 0 1 4 4 6 2 5 4 5 5 4
M[40] : 7 3 5 4 5 5 5 3 4 4 4 3 6 3 4 4 4 6 5 4 6 3 2 4 3 3 3 0 3 4 3 7 3 4 5 5
M[41] : 4 3 6 2 4 6 3 6 3 5 5 5 4 5 4 3 4 4 3 6 6 3 4 5 0 1 5 3 4 3 3 2 5 2 4 4
M[42] : 2 5 4 3 0 4 7 2 2 4 1 5 3 5 5 4 5 5 5 3 3 3 3 3 4 7 5 5 3 3 6 1 6 5 5 4
M[43] : 6 3 5 8 3 4 6 4 0 3 3 5 7 5 5 2 4 3 5 3 3 5 6 3 5 2 7 3 5 5 4 3 5 3 3 3
M[44] : 3 7 5 3 3 3 7 1 3 4 3 6 4 5 6 5 4 3 2 0 3 5 3 5 1 2 6 5 5 5 3 5 6 4 2 4
M[45] : 2 4 4 5 6 3 0 0 5 4 4 5 5 2 3 4 4 3 3 7 7 4 5 6 4 4 4 4 2 6 5 7 3 3 5 4
M[46] : 5 5 4 3 7 5 4 4 4 2 5 1 0 5 4 5 4 4 5 4 4 6 6 6 2 1 5 4 4 2 3 4 6 5 4 5
M[47] : 5 5 4 5 2 5 5 4 4 6 0 3 5 5 6 3 4 5 3 1 3 6 6 6 3 5 6 3 5 3 4 3 6 3 4 2
M[48] : 2 3 0 3 5 4 6 5 5 4 5 4 4 4 5 3 5 3 2 1 7 4 4 2 4 4 5 3 6 5 5 4 5 6 6 5
M[49] : 4 3 5 4 4 3 6 0 3 2 3 2 4 3 2 4 3 3 6 5 2 6 6 4 7 4 5 4 2 3 4 6 1 3 4 6
M[50] : 5 4 4 6 4 1 2 2 6 0 5 4 2 5 5 4 6 5 3 6 3 3 4 5 2 5 5 5 4 5 2 6 2 2 5 5
M[51] : 6 3 4 5 5 4 0 4 4 5 3 4 3 4 5 2 6 5 5 4 4 5 5 6 4 3 1 6 4 5 5 5 2 4 5 6
M[52] : 5 2 4 6 3 4 4 4 4 7 5 5 0 4 6 6 5 3 5 3 7 4 3 5 4 5 4 3 4 0 6 3 5 3 5 2
M[53] : 3 4 3 2 5 3 6 4 3 3 7 4 2 4 4 4 5 5 5 4 8 4 4 4 3 0 3 4 5 4 3 3 4 6 5 6
M[54] : 5 6 5 3 4 4 3 5 4 5 5 2 3 6 3 4 4 3 1 6 4 3 7 0 5 3 2 4 5 5 3 5 2 4 3 1
M[55] : 4 5 3 5 5 3 2 3 4 3 4 0 3 5 8 5 3 5 3 2 4 4 4 5 4 3 8 3 3 4 5 2 7 4 5 4
M[56] : 4 2 6 5 4 4 3 2 5 2 6 4 5 5 4 5 3 1 5 7 5 0 3 2 5 3 5 5 4 7 3 3 4 2 3 5
M[57] : 5 6 2 5 3 6 0 3 4 1 4 4 3 4 3 4 7 5 5 5 6 4 5 6 3 4 4 4 2 5 4 3 0 5 4 4
M[58] : 2 4 5 7 4 5 3 6 4 4 3 4 2 6 2 3 2 7 5 1 7 4 0 2 0 3 5 5 5 5 4 4 5 6 1 6
M[59] : 3 4 2 0 5 4 4 6 6 2 5 5 3 4 5 6 4 2 6 2 3 6 6 4 3 4 3 4 3 5 5 5 5 5 5 5
M[60] : 7 1 3 5 4 4 4 4 5 7 5 3 7 4 5 4 3 5 5 4 4 3 4 4 2 3 3 3 5 0 3 4 5 6 6 4
M[61] : 4 4 5 6 3 5 7 5 6 5 4 3 4 5 6 3 4 5 4 3 6 1 6 0 4 4 5 5 5 7 4 7 2 4 4 6
M[62] : 5 3 4 5 3 5 8 2 6 2 3 3 2 6 3 5 4 3 4 4 7 5 1 4 6 2 5 0 6 3 3 6 4 5 4 2
M[63] : 3 6 5 4 6 6 2 4 2 1 2 5 8 5 6 6 2 1 0 6 6 4 5 3 6 3 6 4 4 4 5 3 5 4 3 4
M[64] : 5 3 4 5 0 3 4 4 2 6 5 3 4 4 5 6 5 7 3 4 5 2 4 4 3 4 4 2 5 5 4 5 4 4 5 3
M[65] : 2 7 3 3 4 6 4 5 4 5 5 5 5 5 3 3 5 5 4 4 4 4 3 5 0 4 6 3 6 4 5 5 5 3 6 4
M[66] : 3 2 6 5 6 6 5 4 4 6 5 4 3 6 3 4 0 5 1 1 6 3 7 4 3 5 6 4 5 4 3 4 6 3 6 5
M[67] : 2 6 2 3 4 5 5 3 3 3 6 3 4 4 7 2 6 6 3 4 5 5 6 3 4 4 6 0 7 3 2 4 3 3 5 6
M[68] : 3 5 6 3 5 6 5 4 6 6 4 3 4 7 3 6 6 5 5 6 2 5 4 2 4 3 5 3 4 4 6 4 2 3 0 4
M[69] : 3 3 6 0 4 4 4 2 4 6 5 4 4 3 5 5 5 4 6 5 4 3 6 6 4 0 5 4 5 5 4 4 4 4 4 7
M[70] : 5 4 2 7 2 4 7 5 3 3 3 5 3 4 3 3 2 1 5 3 4 3 6 5 5 2 5 5 3 3 4 2 2 2 6 0
M[71] : 5 4 5 5 0 5 4 5 4 4 5 1 5 3 5 4 5 5 2 6 2 0 6 3 2 1 4 6 5 4 4 6 3 1 1 7
M[72] : 4 5 4 5 5 5 5 1 4 4 1 0 4 3 3 5 4 4 5 4 6 4 5 3 6 5 5 7 4 4 4 8 2 2 4 6
M[73] : 6 7 3 5 5 6 5 1 5 3 2 5 6 3 4 5 3 4 4 5 5 3 3 4 4 4 7 5 0 5 5 5 3 4 2 5
M[74] : 2 3 7 3 8 6 5 5 5 5 4 5 1 4 3 5 7 4 3 3 5 3 6 3 4 4 6 5 5 1 2 0 5 2 3 7
M[75] : 6 4 4 3 6 5 6 6 4 3 3 3 2 5 0 4 7 5 2 5 5 6 4 7 3 6 3 2 6 4 3 5 1 2 4 5
M[76] : 5 3 3 2 4 3 5 2 3 5 1 6 4 3 2 4 7 5 5 4 0 4 5 4 5 5 2 7 4 4 7 5 3 5 2 5
M[77] : 3 4 7 5 4 0 4 2 5 6 5 2 5 6 7 3 6 6 4 3 3 2 5 4 4 4 4 6 3 4 4 4 3 6 5 4
M[78] : 5 4 5 3 6 3 5 5 7 4 4 3 3 5 3 4 5 4 5 5 5 3 5 5 3 0 3 5 4 4 4 2 3 1 3 3
M[79] : 6 2 5 6 4 6 0 6 4 4 5 5 3 2 3 5 4 5 3 4 4 6 2 2 5 6 6 5 4 5 2 4 3 2 4 2
M[80] : 6 4 5 4 0 4 2 2 3 4 5 5 1 4 3 4 6 6 2 4 4 4 4 6 1 4 5 4 5 4 4 6 3 5 6 5
M[81] : 3 3 4 5 4 2 3 5 5 3 3 5 4 6 3 1 3 4 1 6 2 0 3 4 4 3 6 5 3 6 5 6 3 6 3 1
M[82] : 3 3 6 4 4 6 7 3 4 4 4 3 4 3 5 5 6 2 4 5 1 5 5 3 4 2 7 4 4 4 0 8 1 6 2 7
M[83] : 0 4 5 5 5 5 4 4 3 4 8 1 6 3 4 4 2 5 3 5 4 4 7 7 6 2 4 3 5 5 3 6 2 2 3 3
M[84] : 4 5 5 4 4 4 4 1 5 4 5 3 2 4 5 2 4 7 2 2 1 4 5 0 4 2 4 5 0 5 5 3 4 6 3 5
M[85] : 4 4 5 5 3 5 4 5 4 4 3 6 3 3 1 4 6 4 7 6 5 2 4 4 4 5 4 4 0 4 3 4 4 2 6 6
M[86] : 3 5 6 7 2 3 5 6 0 5 4 4 3 5 3 4 3 3 3 8 7 6 4 3 3 5 3 3 6 5 5 5 5 3 4 7
M[87] : 4 5 6 4 4 3 6 3 1 5 6 3 4 4 2 4 3 8 2 6 5 5 6 4 5 4 6 3 5 3 5 0 3 3 2 3
M[88] : 5 3 6 5 7 4 8 3 4 4 4 5 5 6 3 4 3 5 2 4 2 5 6 2 4 5 5 4 5 5 5 8 3 5 0 3
M[89] : 5 3 5 0 3 5 8 4 3 5 5 4 4 6 3 3 6 2 2 4 5 4 4 7 4 3 1 4 3 4 7 4 4 5 6 6
M[90] : 4 4 7 4 5 4 5 0 2 5 4 1 4 5 7 6 4 7 6 5 5 3 6 3 5 3 3 2 5 3 2 5 6 6 5 4
M[91] : 4 5 4 5 6 8 4 4 3 5 5 5 4 3 2 6 0 6 3 4 2 2 7 2 5 5 2 3 4 1 5 6 4 4 3 4
M[92] : 3 3 6 3 2 3 3 7 3 4 4 5 4 3 5 5 3 2 1 5 3 4 4 3 3 2 0 5 6 5 3 8 2 4 6 3
M[93] : 4 5 4 3 5 3 5 4 1 3 4 5 2 6 4 6 7 3 6 3 4 4 5 4 0 3 2 6 4 5 4 5 4 2 4 4
M[94] : 5 5 3 5 3 4 2 2 6 2 4 4 4 4 5 3 4 4 4 3 7 4 3 6 4 4 4 5 0 3 4 4 5 5 3 2
M[95] : 5 3 3 7 4 5 2 6 4 4 3 3 6 7 3 2 1 6 5 3 6 5 4 2 5 3 4 3 3 7 8 4 7 0 4 4
M[96] : 1 6 4 2 5 3 4 5 5 3 5 4 5 5 4 4 2 3 4 4 3 6 5 4 5 3 0 3 2 3 7 7 4 6 3 5
M[97] : 4 4 4 4 4 3 3 5 3 3 3 3 4 6 5 7 6 7 2 4 3 4 5 2 4 4 4 3 3 3 4 3 4 5 0 1
M[98] : 2 3 3 5 6 3 7 3 6 2 2 5 3 5 4 4 5 5 4 2 0 3 5 4 4 5 3 4 5 5 5 5 5 5 4 2
M[99] : 3 2 5 6 6 3 4 4 6 4 5 2 3 5 4 6 2 6 4 1 5 4 1 4 4 2 5 3 4 3 4 3 4 5 3 0
M[100] : 4 6 3 5 3 7 4 5 5 2 4 3 3 5 6 4 7 5 2 2 5 3 0 6 3 4 3 4 1 2 5 3 3 5 6 5
M[101] : 4 4 2 0 3 6 3 1 4 6 3 2 5 1 4 3 3 3 4 4 5 4 4 1 4 4 3 4 6 3 4 5 5 5 5 4
M[102] : 4 3 3 5 4 5 4 2 0 3 4 4 5 5 7 3 0 3 1 5 6 3 5 4 4 4 7 4 2 6 1 3 4 4 4 5
M[103] : 2 4 3 5 5 5 4 3 5 4 5 7 4 5 4 2 5 4 4 4 3 0 5 3 1 2 4 5 4 2 4 3 4 5 2 3
M[104] : 5 5 4 5 3 5 2 4 5 2 5 6 4 4 4 5 5 2 3 5 4 6 5 2 5 4 0 3 6 6 6 5 5 2 4 3
M[105] : 2 2 3 3 6 5 7 3 4 4 4 2 5 3 4 6 0 3 1 4 8 4 5 5 2 4 3 3 6 4 3 3 6 2 6 1
M[106] : 5 5 4 6 7 5 3 2 6 5 0 4 3 5 4 5 5 5 4 2 2 5 5 5 2 4 5 2 4 4 5 4 5 5 4 4
M[107] : 6 3 6 6 7 7 5 4 1 0 4 6 1 4 7 5 5 2 3 4 4 5 5 5 2 3 2 5 4 6 3 1 5 3 4 2
M[108] : 2 3 5 7 5 5 4 4 4 5 5 6 4 3 4 3 5 2 4 7 6 3 3 5 4 6 5 0 3 4 3 3 5 6 3 4
M[109] : 3 4 7 7 3 2 5 0 3 6 4 3 6 8 3 3 2 5 3 4 3 6 3 3 6 4 5 2 6 3 6 7 4 3 4 4
M[110] : 4 3 0 5 4 4 2 5 5 7 3 3 3 4 5 3 5 2 4 5 0 7 4 2 3 4 5 4 4 4 4 5 4 2 6 4
M[111] : 2 3 4 2 6 5 3 7 4 5 3 4 5 4 2 5 5 2 4 3 6 4 3 3 6 3 5 3 3 1 5 4 3 4 1 0
M[112] : 4 5 7 4 4 6 6 6 2 4 3 2 1 4 4 5 0 3 5 4 5 3 6 6 4 6 0 6 8 2 7 4 1 6 3 5
M[113] : 0 3 7 4 3 6 5 2 5 7 2 5 2 3 4 3 3 6 6 2 6 4 2 5 3 3 3 5 4 4 5 4 4 5 5 4
M[114] : 6 0 5 4 5 1 3 5 4 4 5 6 6 6 3 1 5 3 7 4 4 1 4 4 6 2 7 3 5 4 6 2 4 6 7 3
M[115] : 7 4 5 5 7 5 6 5 5 4 4 3 4 4 4 5 4 4 2 6 6 3 5 3 2 3 5 5 0 2 7 5 4 3 5 2
M[116] : 7 2 2 3 5 0 4 2 3 6 3 5 3 3 3 4 4 3 7 3 3 3 4 4 4 3 3 4 5 3 6 6 5 4 4 4
M[117] : 3 5 4 6 5 4 0 4 3 3 2 3 4 5 5 5 4 4 5 4 7 6 5 5 3 5 2 5 5 3 7 2 3 4 6 3
M[118] : 5 5 6 3 5 4 5 4 6 4 7 4 4 3 3 5 6 3 3 3 2 3 6 2 5 5 0 5 4 4 5 6 6 5 3 3
M[119] : 3 5 6 6 6 7 5 4 1 0 4 4 2 6 6 4 2 5 4 6 3 1 2 5 7 4 4 7 2 4 5 2 4 5 6 5
M[120] : 4 2 6 3 6 5 4 2 2 1 4 4 6 5 3 6 6 0 4 5 7 3 7 4 4 3 1 4 1 5 1 5 5 6 5 4
M[121] : 2 4 4 3 4 3 6 2 3 4 5 3 3 7 4 4 0 3 4 4 4 2 4 2 3 4 5 6 2 5 5 5 4 5 4 3
M[122] : 4 5 4 7 5 4 6 4 3 3 3 0 6 4 1 5 4 7 3 6 6 4 5 4 4 5 4 3 6 7 4 6 5 2 2 4
M[123] : 6 5 6 0 5 4 6 4 4 5 6 4 4 5 2 5 5 3 6 2 4 3 4 2 4 3 5 6 3 4 5 5 5 3 2 5
M[124] : 4 3 4 4 5 7 5 4 4 6 3 3 5 4 3 6 5 3 4 4 6 6 4 4 2 3 2 5 5 4 6 6 6 0 5 4
M[125] : 2 0 4 2 6 5 2 6 5 4 3 6 7 4 3 3 2 4 4 3 4 7 6 3 5 5 5 7 4 4 3 6 5 5 1 3
M[126] : 5 5 6 6 5 3 5 3 5 3 3 4 4 5 2 4 6 4 4 3 3 4 1 2 2 4 5 4 5 5 0 5 4 6 2 2
M[127] : 3 4 2 6 7 4 3 7 1 6 4 6 6 5 3 0 4 4 3 3 6 2 4 3 3 5 6 4 5 4 7 4 3 4 4 4
M[128] : 4 3 5 3 3 2 6 2 5 5 2 6 5 4 5 4 5 5 3 4 0 3 3 4 3 1 3 4 3 4 4 5 4 2 7 3
M[129] : 1 5 5 5 6 6 3 3 5 2 4 3 3 4 7 2 6 5 3 5 6 5 4 2 4 1 6 2 4 3 0 5 4 7 5 5
M[130] : 0 3 5 5 6 6 3 4 4 4 5 2 4 5 5 3 6 4 5 3 4 3 3 4 3 5 4 2 5 5 1 5 4 4 3 3
M[131] : 5 4 6 5 4 4 5 3 4 0 4 2 4 4 4 1 5 7 5 4 4 4 3 5 1 3 5 5 4 3 3 7 3 4 3 6
M[132] : 4 5 6 3 7 3 4 3 6 3 2 5 3 4 3 2 6 4 5 5 4 5 5 4 5 5 2 3 2 0 6 5 5 6 1 5
M[133] : 5 5 4 6 4 4 3 4 5 5 5 4 5 3 6 5 2 4 3 3 5 4 4 5 5 2 3 4 6 4 4 0 4 2 4 3
M[134] : 1 4 5 2 5 6 6 5 6 4 3 3 1 3 0 5 5 6 4 2 6 4 5 5 3 7 3 3 3 1 0 4 3 4 5 3
M[135] : 4 5 6 3 5 6 6 5 8 5 4 1 4 1 2 3 2 2 2 5 4 6 5 5 4 4 7 4 2 3 3 5 2 7 0 2
M[136] : 3 5 3 4 4 2 5 5 4 4 6 2 3 7 6 0 6 4 7 2 4 5 4 3 7 3 4 1 2 3 3 2 7 5 4 5
M[137] : 4 0 6 5 5 2 3 1 4 3 5 7 6 5 7 4 7 3 4 5 5 3 5 1 3 7 3 5 5 3 3 5 2 3 4 4
M[138] : 3 3 0 6 5 4 5 1 5 6 5 2 4 3 5 3 4 5 5 6 4 5 3 3 4 3 7 5 4 3 2 5 5 3 5 5
M[139] : 4 4 2 5 2 3 6 4 4 4 2 0 2 4 5 4 6 6 3 4 5 4 3 5 6 6 4 2 1 4 4 6 3 4 4 2
M[140] : 4 5 4 8 3 1 7 5 2 4 4 3 6 5 4 2 3 3 0 1 5 5 5 2 6 4 5 5 5 2 4 4 4 5 1 5
M[141] : 4 3 6 7 2 7 2 3 3 3 3 4 5 8 4 4 5 5 2 4 2 4 4 4 4 1 1 5 2 2 5 3 4 5 0 5
M[142] : 2 5 5 3 5 8 5 4 0 4 4 3 5 5 2 5 4 5 4 4 5 4 3 5 2 3 2 4 5 5 5 4 5 2 4 3
M[143] : 2 4 6 7 4 4 4 4 3 2 4 5 2 2 4 4 6 8 5 3 5 4 5 4 1 2 6 1 6 3 0 5 1 6 4 6
M[144] : 3 3 3 4 3 8 0 6 4 3 3 2 3 6 7 3 6 6 5 7 4 6 2 5 4 6 4 3 2 4 5 2 4 7 2 3
M[145] : 3 4 5 4 5 4 6 5 3 5 3 7 4 6 6 2 3 7 5 2 4 4 4 4 3 4 4 5 4 0 3 5 4 4 5 2
M[146] : 5 3 5 2 4 3 4 3 5 5 4 5 5 5 6 3 0 4 3 6 4 3 4 5 7 5 4 4 2 1 7 4 5 3 2 3
M[147] : 4 5 3 8 7 3 4 5 3 6 3 3 2 5 5 4 3 5 6 4 6 3 4 5 7 2 5 6 4 6 0 4 2 6 2 4
M[148] : 3 6 0 4 3 5 2 4 2 4 5 4 7 5 4 4 2 3 3 6 3 0 3 5 4 0 5 2 7 3 3 4 2 3 5 5
M[149] : 3 7 6 6 5 3 5 4 4 5 6 3 3 3 2 4 5 6 5 4 0 3 3 5 2 4 5 4 7 3 4 5 7 4 3 4
M[150] : 5 3 0 4 5 4 4 6 5 4 3 4 5 4 4 3 7 5 6 4 3 3 6 6 5 3 7 5 2 4 3 5 4 3 5 1
M[151] : 4 4 4 6 4 5 6 4 3 2 5 3 4 6 5 4 4 2 5 2 7 6 5 3 6 2 4 2 3 5 0 5 4 5 5 4
M[152] : 5 2 2 2 6 4 6 4 4 4 5 3 2 5 3 0 6 5 4 5 6 3 4 3 5 4 4 4 4 5 3 3 3 3 4 5
M[153] : 6 4 4 5 3 4 5 4 6 5 4 2 5 1 2 3 7 4 3 5 7 1 5 2 4 3 2 5 3 3 5 4 0 4 4 3
M[154] : 6 5 7 5 5 4 4 6 4 1 0 2 4 4 1 7 4 5 4 4 0 5 5 5 4 4 4 2 4 5 4 6 3 6 2 3
M[155] : 6 2 6 7 4 6 4 2 5 5 0 1 5 4 4 3 4 7 3 4 5 2 2 5 6 4 6 3 2 4 4 4 3 4 3 4
M[156] : 5 7 5 3 5 5 5 3 2 3 4 4 3 0 5 4 4 5 3 4 3 6 5 6 4 5 6 5 3 5 4 6 5 4 4 2
M[157] : 3 6 3 4 4 6 7 5 3 3 8 5 6 5 4 2 5 5 4 5 6 5 1 0 2 4 5 5 5 3 5 4 5 3 2 4
M[158] : 4 3 4 5 3 6 7 4 4 1 3 3 2 5 5 2 3 6 5 0 5 6 4 3 3 4 5 5 4 3 6 7 5 1 4 3
M[159] : 4 2 4 6 5 4 7 5 0 3 5 3 5 3 3 3 2 4 3 3 5 6 5 4 2 5 5 5 5 2 5 4 4 4 4 3
M[160] : 4 5 5 3 5 6 6 5 1 2 4 4 5 5 3 0 3 5 4 5 5 4 4 4 4 3 8 6 5 4 3 4 4 4 3 4
M[161] : 4 0 1 6 7 3 5 4 3 3 6 3 4 5 3 5 4 4 5 4 7 0 8 6 5 2 5 2 4 4 4 5 6 3 1 4
M[162] : 3 4 6 4 6 4 3 2 2 3 7 3 7 4 2 3 5 4 8 4 6 1 2 5 5 4 4 5 4 4 7 0 4 2 5 2
M[163] : 0 4 4 7 4 6 3 3 3 4 4 6 2 7 3 5 3 3 5 3 5 4 3 5 4 3 5 5 4 4 6 4 4 7 4 4
M[164] : 6 2 6 4 6 6 4 5 5 3 1 6 5 3 4 2 3 3 5 7 4 5 1 4 4 5 4 4 0 5 1 5 3 4 4 5
M[165] : 2 2 3 8 6 0 4 5 4 4 5 5 4 4 5 2 5 4 5 5 4 3 4 4 5 2 5 5 3 2 4 4 5 1 4 3
M[166] : 3 7 5 3 4 4 5 2 4 3 6 6 4 0 5 4 6 3 4 4 2 6 3 3 4 4 3 3 2 3 3 2 3 5 5 3
M[167] : 3 6 5 3 4 7 7 6 2 6 3 4 4 5 5 5 3 5 4 1 5 2 5 8 7 6 4 0 4 5 5 6 3 3 3 5
M[168] : 4 5 4 4 5 5 2 4 1 2 5 2 4 2 4 0 5 6 5 1 3 5 5 4 2 4 7 6 3 6 5 7 1 5 5 3
M[169] : 3 3 5 5 4 5 3 5 3 3 4 3 3 5 2 3 7 5 5 4 3 1 0 6 7 4 3 4 4 4 5 5 4 5 5 3
M[170] : 4 3 4 7 5 4 4 1 3 5 1 2 3 3 4 3 4 5 2 4 2 5 8 4 8 3 2 5 4 5 4 4 5 7 4 0
M[171] : 4 4 4 7 7 4 5 3 6 5 3 5 4 5 5 0 6 2 4 3 7 3 4 4 3 3 4 5 4 4 3 6 5 4 3 3
M[172] : 4 2 6 3 2 4 6 4 3 6 1 3 2 6 4 6 2 4 4 4 4 3 6 4 4 4 7 0 4 4 3 6 5 5 2 4
M[173] : 4 2 4 4 5 5 5 6 2 1 4 4 3 8 7 7 3 2 5 5 4 4 5 4 0 5 7 5 4 3 5 3 1 1 4 4
M[174] : 0 5 6 1 5 4 4 3 2 4 4 6 4 5 5 2 1 4 4 5 3 4 5 4 4 6 3 7 6 3 3 3 4 4 7 5
M[175] : 3 4 7 3 7 5 4 5 6 4 6 5 3 0 2 5 5 3 4 5 3 3 4 4 6 4 4 4 5 5 3 5 3 4 4 4
M[176] : 4 4 3 5 6 6 2 6 5 4 4 5 5 4 5 6 3 6 6 4 5 4 3 5 5 3 0 4 2 2 2 4 5 2 4 6
M[177] : 4 4 3 6 3 5 4 4 5 2 5 2 5 6 4 5 7 5 5 4 3 0 4 3 3 4 6 4 5 4 6 4 3 2 5 2
M[178] : 3 0 5 3 3 2 8 4 3 1 5 3 4 5 3 4 2 0 5 4 6 5 6 5 3 2 5 5 4 4 4 3 3 2 3 3
M[179] : 5 3 5 2 5 4 5 5 4 4 6 0 2 4 4 3 6 6 3 4 4 5 4 4 1 5 3 4 7 6 1 7 3 7 2 4
M[180] : 6 4 2 5 2 0 6 5 4 3 5 2 4 4 4 7 5 6 2 3 5 5 7 3 6 4 6 4 5 4 3 5 3 3 4 6
M[181] : 2 3 4 5 3 3 7 3 5 4 3 4 2 8 5 4 2 4 3 6 3 4 3 4 3 5 3 4 4 0 4 4 5 7 2 4
M[182] : 4 4 6 3 4 3 5 4 4 5 4 5 3 7 4 5 6 6 4 5 4 3 3 4 7 2 0 3 4 4 4 5 3 5 3 3
M[183] : 6 2 7 7 3 5 7 6 3 0 5 4 3 6 3 3 5 3 3 2 4 5 6 2 2 6 4 2 6 6 3 5 7 4 0 3
M[184] : 7 2 6 4 4 5 4 7 5 4 3 4 2 4 6 5 2 6 5 5 6 4 4 5 0 4 5 3 2 2 4 6 3 4 4 6
M[185] : 4 5 6 3 3 5 5 5 5 4 2 5 3 3 1 6 3 6 0 3 3 5 5 3 4 5 3 4 5 5 5 6 6 3 1 6
M[186] : 3 5 4 6 2 6 3 6 1 3 5 3 5 6 4 6 2 5 7 4 6 2 0 3 4 4 5 5 2 4 2 2 3 6 2 5
M[187] : 6 3 4 6 4 4 5 4 4 3 5 2 4 4 6 6 5 4 1 3 0 3 4 4 7 7 5 7 6 4 4 4 5 5 1 5
M[188] : 6 3 3 4 4 6 3 7 5 3 1 7 6 3 5 6 3 2 6 3 4 5 4 6 3 5 4 5 3 4 4 5 2 4 2 0
M[189] : 4 2 7 4 3 0 3 5 5 4 3 1 6 6 6 3 4 6 3 6 2 3 4 4 4 5 2 2 5 5 4 5 4 6 6 6
M[190] : 6 5 5 2 4 5 3 4 6 3 5 4 0 4 5 4 4 4 4 5 2 4 5 4 4 5 5 4 3 5 4 6 5 5 6 1
M[191] : 5 6 0 3 3 4 2 4 4 6 6 3 4 4 4 4 5 5 4 2 2 3 2 3 4 4 5 6 2 3 5 5 3 6 5 4
M[192] : 5 2 5 3 5 6 4 4 3 5 5 7 4 5 6 2 3 0 5 4 5 3 7 2 2 3 4 1 4 2 5 6 5 3 4 3
M[193] : 6 5 0 2 5 4 3 4 4 5 1 2 6 2 1 4 1 4 5 4 6 4 5 1 5 3 4 5 3 3 3 7 5 4 3 3
M[194] : 5 3 0 2 4 6 7 8 4 1 3 3 4 7 4 3 5 5 4 5 5 0 6 5 2 3 4 4 4 5 8 5 4 3 7 4
M[195] : 5 5 3 5 3 4 4 2 2 3 3 0 4 6 4 4 6 6 2 6 3 3 7 5 4 1 6 5 5 4 2 1 4 1 4 1
M[196] : 5 4 8 3 5 2 3 4 6 4 2 5 3 1 6 4 6 5 4 5 3 5 0 4 5 7 5 3 5 2 5 4 3 2 6 5
M[197] : 5 5 2 0 3 8 4 3 6 5 6 4 5 3 3 3 4 4 3 3 4 4 3 2 4 2 4 2 4 3 6 7 4 3 4 6
M[198] : 6 2 7 6 2 0 4 2 4 4 4 6 3 5 1 1 6 7 2 4 3 4 5 4 6 3 6 5 3 3 3 3 7 3 4 3
M[199] : 3 5 5 3 2 6 4 4 4 5 6 1 5 2 5 5 1 5 0 3 6 4 6 3 4 3 5 5 5 6 6 4 2 4 1 5
M[200] : 2 3 5 4 6 4 8 1 4 4 4 5 4 2 6 4 2 6 5 4 7 4 5 6 5 2 0 5 2 2 6 3 3 5 4 2
M[201] : 4 5 5 4 4 6 4 2 1 3 2 3 4 5 5 4 0 1 2 5 6 3 6 4 3 3 5 4 3 4 3 3 5 3 5 2
M[202] : 5 4 6 2 3 2 8 3 0 3 7 4 4 4 5 3 8 5 4 4 6 4 3 5 4 6 5 4 7 4 5 1 2 4 4 3
M[203] : 4 3 4 6 2 6 4 5 4 2 0 2 5 5 3 7 5 5 5 4 1 5 3 4 2 5 3 5 2 5 6 7 7 5 6 3
M[204] : 4 5 2 3 5 6 4 7 4 5 5 5 3 7 4 2 3 0 4 3 3 4 4 0 3 4 3 4 3 5 4 4 2 2 3 4
M[205] : 2 6 3 4 4 8 6 6 5 4 3 3 4 3 7 3 3 3 4 0 4 3 2 6 4 5 6 5 5 5 3 3 6 7 3 4
M[206] : 2 1 5 0 6 6 7 4 4 5 4 5 3 8 3 3 5 2 4 7 6 2 5 1 5 6 5 3 5 5 3 3 5 5 3 2
M[207] : 3 5 4 3 3 4 4 0 3 2 6 3 3 5 4 5 4 4 6 6 4 6 3 3 4 4 6 4 2 3 4 2 5 5 6 5
M[208] : 5 5 2 5 6 4 6 4 6 4 6 3 4 0 7 4 4 5 3 6 4 3 4 3 5 4 5 5 3 4 5 2 4 4 3 5
M[209] : 1 4 8 8 7 6 5 3 2 4 6 3 3 7 4 2 5 5 6 3 1 2 5 2 4 7 4 5 5 5 5 4 6 1 3 0
M[210] : 2 5 4 4 6 6 0 4 7 6 5 6 4 5 3 4 3 5 4 5 4 2 5 5 3 5 7 6 4 4 4 3 3 4 5 3
M[211] : 3 5 4 5 4 0 4 3 4 6 6 4 6 6 4 4 5 5 4 2 3 3 5 5 1 5 1 5 4 3 5 5 5 4 5 3
M[212] : 5 4 4 5 4 4 4 8 4 3 5 4 5 3 4 4 4 2 3 4 4 4 6 6 4 0 6 6 1 4 5 7 3 6 4 4
M[213] : 5 3 4 3 6 5 6 5 5 7 4 4 5 3 3 2 5 5 4 0 4 5 6 2 6 6 4 3 6 3 1 2 3 4 4 2
M[214] : 4 4 5 5 3 5 6 5 1 3 3 4 3 4 5 5 4 5 5 4 4 0 2 2 5 2 3 2 2 2 4 3 6 6 5 3
M[215] : 4 3 3 2 3 4 8 5 2 1 2 3 6 4 5 5 3 3 2 5 7 5 4 0 5 5 5 5 5 1 3 4 5 3 3 2
M[216] : 4 2 6 3 3 5 5 2 4 4 5 7 2 2 4 4 6 5 5 6 4 3 6 0 5 3 5 3 0 4 3 4 2 6 4 5
M[217] : 3 5 6 3 3 4 8 3 6 3 4 4 3 3 4 2 2 7 7 3 4 5 4 4 7 5 4 5 0 3 2 4 5 4 4 3
M[218] : 2 3 4 5 2 5 3 4 4 4 6 5 6 4 3 5 4 5 4 5 6 3 5 4 4 5 3 2 3 0 3 6 6 4 4 5
M[219] : 5 4 0 2 5 4 4 3 3 6 2 3 5 0 2 2 5 5 5 4 3 4 7 4 5 4 1 3 3 6 5 2 1 4 5 4
M[220] : 3 6 3 5 3 2 2 5 5 1 4 7 2 3 6 2 5 4 4 3 0 4 7 5 5 4 8 4 3 4 7 6 1 3 3 5
M[221] : 2 4 4 4 5 6 5 6 4 5 5 5 5 3 4 2 6 0 5 3 5 3 5 6 1 3 4 5 3 2 4 3 3 4 6 6
M[222] : 5 3 4 3 4 6 4 5 4 5 3 6 4 5 3 5 4 3 6 5 3 0 4 3 5 4 2 2 5 4 5 4 3 4 6 5
M[223] : 5 1 3 5 6 4 6 4 5 5 5 2 5 5 5 1 5 7 4 3 5 3 0 5 3 5 5 4 2 6 2 5 3 3 3 5
M[224] : 5 5 2 0 4 6 6 6 4 5 4 6 3 2 2 3 5 4 5 2 5 6 5 3 4 4 5 2 3 5 3 3 3 3 3 3
M[225] : 4 3 6 3 6 5 5 3 3 4 4 6 4 2 2 5 6 4 4 5 5 1 5 4 2 4 4 2 4 6 3 3 0 7 2 5
M[226] : 4 4 4 3 5 4 5 6 3 4 3 3 3 4 0 2 3 2 1 5 5 6 2 2 5 6 5 4 4 5 6 4 4 4 2 4
M[227] : 4 3 4 5 3 5 6 4 2 5 2 7 4 5 5 3 4 3 1 3 4 5 1 7 6 5 5 4 2 5 2 0 3 5 5 2
M[228] : 4 3 3 6 6 3 0 5 2 3 4 2 3 5 4 2 6 5 5 6 6 2 6 6 1 5 6 2 3 3 3 4 2 4 4 3
M[229] : 6 5 3 4 6 3 3 4 6 6 3 7 4 4 5 4 5 4 2 2 6 2 4 0 6 4 5 4 4 3 2 4 5 2 3 4
M[230] : 3 6 4 4 6 5 3 5 6 2 5 4 3 0 3 5 5 7 5 6 2 5 6 4 4 5 4 6 2 5 3 6 3 3 4 4
M[231] : 4 2 4 5 4 4 3 5 3 5 5 5 5 2 4 6 5 2 6 5 3 3 3 3 3 4 0 2 4 2 3 4 2 4 4 6
M[232] : 5 1 5 3 3 5 5 6 0 1 6 3 4 6 6 4 4 1 4 4 4 5 4 7 5 3 4 3 5 2 4 6 3 4 4 5
M[233] : 7 4 2 5 4 5 3 3 4 4 5 5 4 2 7 4 7 6 0 3 5 2 5 1 4 5 4 5 3 3 4 0 6 6 6 4
M[234] : 3 5 6 7 4 4 5 4 4 2 2 2 4 4 8 4 4 3 4 2 5 5 5 4 0 4 6 6 4 4 2 6 3 4 4 4
M[235] : 4 2 3 3 4 0 7 3 5 4 7 5 4 3 3 4 3 4 3 6 4 5 4 6 4 3 6 4 6 6 3 5 3 4 6 2
M[236] : 2 4 5 4 5 5 4 5 4 1 5 6 0 5 4 3 5 7 5 3 3 3 4 3 1 3 3 3 5 4 1 2 3 3 4 5
M[237] : 3 4 4 0 5 2 4 5 6 5 6 5 1 3 6 3 3 4 7 7 6 6 4 5 2 5 3 3 4 2 5 4 5 6 5 5
M[238] : 3 5 4 6 4 4 2 5 6 1 5 5 6 3 3 4 2 5 4 6 2 2 1 4 6 2 4 2 7 6 2 4 0 5 3 2
M[239] : 6 4 5 3 4 5 2 5 3 3 6 6 4 0 5 7 5 5 3 1 8 3 4 3 7 1 3 2 6 5 4 5 1 3 5 4
M[240] : 3 3 2 4 4 3 3 4 3 0 3 2 3 5 3 5 4 6 3 3 6 5 3 2 5 2 3 6 4 4 6 6 3 5 2 4
M[241] : 2 3 3 5 5 7 5 4 4 3 4 3 3 4 5 0 5 3 4 4 5 3 7 4 4 2 6 4 2 5 5 3 4 3 7 3
M[242] : 1 3 4 6 5 3 5 2 2 4 3 5 5 8 5 3 5 3 6 3 3 2 5 6 3 0 3 5 6 4 3 3 4 3 4 5
M[243] : 6 5 7 3 6 4 4 6 5 4 3 3 5 3 4 2 7 5 6 5 6 3 5 5 4 4 3 0 5 2 3 4 4 2 3 3
M[244] : 4 2 2 4 4 1 6 2 4 5 4 5 5 5 4 4 5 6 3 3 4 2 2 4 5 5 7 2 3 5 7 2 2 0 7 4
M[245] : 4 4 8 7 6 4 5 4 5 0 6 4 5 3 4 2 5 5 6 2 4 5 4 3 2 4 5 3 2 4 3 6 2 5 4 2
M[246] : 5 7 5 6 4 5 3 7 2 4 4 4 0 6 2 2 8 4 3 4 5 4 5 2 3 5 5 4 3 4 1 4 2 6 6 4
M[247] : 2 2 6 2 6 5 6 6 2 6 6 7 4 3 4 3 4 0 3 5 5 3 5 6 4 4 1 6 5 4 5 4 3 4 3 1
M[248] : 0 6 4 4 5 1 4 6 4 5 2 6 5 6 3 2 4 3 4 5 6 3 4 2 2 4 5 5 4 2 2 4 5 2 4 5
M[249] : 3 2 4 6 6 4 1 6 3 6 4 3 3 5 5 4 5 6 3 4 5 4 5 3 6 3 3 5 0 5 6 5 4 4 5 1
M[250] : 5 3 1 3 6 2 6 4 4 3 5 3 5 4 3 5 4 0 5 4 4 4 6 5 5 4 5 2 3 7 4 3 5 3 3 3
M[251] : 3 5 4 5 4 4 6 4 5 4 2 3 5 4 5 6 4 5 3 4 0 3 4 4 6 2 4 6 4 4 2 5 4 3 6 1
M[252] : 5 3 4 2 3 4 3 0 7 3 4 5 3 7 3 3 4 6 5 5 5 3 8 5 6 3 5 5 3 5 3 4 3 2 5 5
M[253] : 4 4 5 4 5 3 4 2 3 6 3 5 4 5 4 5 3 4 4 3 3 3 8 3 4 4 3 0 6 2 3 7 3 4 5 4
M[254] : 5 3 6 6 5 5 4 4 3 4 4 5 3 5 5 4 6 2 6 4 4 7 3 4 2 4 3 5 5 3 1 6 0 6 6 5
M[255] : 3 3 5 7 2 3 4 5 4 5 4 1 3 0 2 5 5 4 7 4 2 6 5 4 4 3 4 5 3 3 1 3 1 6 6 5
M[256] : 4 3 5 6 5 0 3 2 3 2 2 5 2 4 4 5 5 4 7 4 2 5 3 4 5 2 5 3 6 4 4 5 4 4 4 7
M[257] : 5 2 3 5 0 3 3 1 6 4 2 5 6 5 3 6 5 6 2 3 6 4 1 3 4 5 6 4 2 5 5 6 6 3 5 4
M[258] : 5 8 5 1 6 5 3 4 4 6 2 5 7 2 5 6 5 3 3 2 4 3 0 2 4 5 5 4 2 5 4 3 4 2 4 3
M[259] : 5 0 3 4 3 5 4 4 1 5 5 3 3 7 4 5 6 6 4 5 5 5 4 7 4 7 7 4 3 5 4 4 6 6 5 4
M[260] : 4 6 5 4 3 5 3 5 7 4 6 5 0 1 4 4 5 5 4 7 4 6 5 3 4 6 1 2 3 6 3 6 5 2 4 4
M[261] : 6 3 3 3 4 7 4 2 3 3 5 4 5 3 7 1 4 4 4 4 4 4 6 3 4 0 3 4 6 5 4 6 3 4 6 2
M[262] : 3 2 5 4 2 3 3 4 3 4 3 5 6 2 4 5 3 4 4 2 4 4 5 2 3 5 5 8 4 5 6 5 3 0 4 2
M[263] : 6 2 2 2 5 3 3 4 4 2 3 5 6 4 3 3 5 0 3 3 3 3 3 3 6 6 6 6 6 3 5 5 5 6 6 5
M[264] : 3 4 3 5 5 4 3 6 3 5 2 5 4 5 4 3 0 5 4 3 6 5 5 5 3 3 3 4 3 4 4 6 6 5 4 5
M[265] : 4 0 6 3 4 5 3 4 4 6 4 4 4 5 4 7 5 3 3 5 3 3 4 5 2 3 3 1 6 2 2 4 4 2 5 3
M[266] : 3 5 5 3 6 1 3 2 5 4 5 8 5 5 2 0 3 1 3 4 5 3 4 2 5 5 6 2 2 4 5 7 5 6 3 3
M[267] : 3 6 4 3 4 4 0 4 6 1 5 6 1 2 3 5 6 4 4 5 6 2 3 4 4 2 4 7 6 4 4 4 4 1 2 5
M[268] : 5 5 4 3 4 6 4 5 3 2 3 5 3 4 6 2 5 3 2 5 4 5 4 1 2 4 7 5 0 2 4 2 4 4 4 3
M[269] : 4 4 3 7 3 4 8 3 6 2 7 4 5 4 3 4 0 7 2 1 5 5 6 3 2 3 1 4 3 2 5 6 5 2 3 3
M[270] : 5 3 4 5 3 6 5 4 5 8 2 4 6 0 3 2 3 4 4 2 7 2 4 4 2 3 4 2 2 4 5 3 3 6 6 5
M[271] : 0 3 4 5 4 5 6 4 6 2 4 5 3 3 6 5 7 4 5 5 3 6 2 4 5 6 4 5 5 3 2 4 5 3 5 3
M[272] : 4 4 6 5 4 4 5 4 1 5 5 3 4 5 1 2 5 4 4 5 5 4 3 4 5 4 4 5 5 3 3 4 1 4 0 5
M[273] : 3 5 7 4 3 5 3 4 3 3 6 3 3 4 5 3 3 6 2 5 5 4 6 5 4 6 6 4 1 5 4 5 5 4 3 0
M[274] : 6 3 6 6 6 1 4 6 4 4 4 5 5 5 3 4 3 6 4 0 4 4 4 4 4 5 6 4 3 4 4 4 4 2 8 3
M[275] : 5 1 5 6 7 4 5 5 2 4 3 4 7 5 4 4 3 4 0 5 4 6 3 3 6 4 4 3 3 4 5 3 5 5 6 5
M[276] : 4 4 5 6 3 5 3 4 5 4 3 6 5 4 0 4 3 5 4 7 4 6 7 3 5 2 5 7 3 3 3 5 3 2 1 2
M[277] : 5 0 7 7 4 3 7 3 3 4 4 4 4 6 7 4 3 5 6 2 5 3 7 7 3 2 2 5 3 2 6 5 4 3 4 6
M[278] : 1 6 6 4 5 4 3 3 4 5 6 2 6 2 4 3 7 5 4 6 4 3 4 3 4 2 7 3 5 5 4 4 0 4 2 2
M[279] : 5 7 8 4 2 5 6 3 2 3 5 2 4 4 4 4 1 2 4 4 5 5 5 5 3 5 6 3 2 4 5 3 4 0 4 4
M[280] : 5 3 5 3 0 3 9 4 2 3 1 2 3 6 4 5 5 6 5 5 4 6 5 2 5 4 4 2 3 3 3 3 4 1 3 4
M[281] : 5 7 6 3 4 7 5 3 5 4 4 3 4 6 0 6 2 5 5 3 4 6 5 3 5 5 8 3 5 5 4 4 4 2 4 3
M[282] : 6 4 3 6 3 5 4 3 4 0 3 3 6 5 1 5 6 3 3 4 3 3 5 4 5 2 5 2 4 3 3 3 5 5 3 5
M[283] : 4 3 5 5 5 7 5 5 4 3 2 4 5 3 4 5 6 5 3 5 5 4 4 4 3 6 5 5 3 3 3 8 0 2 4 4
M[284] : 3 3 6 4 4 8 3 3 3 0 7 3 4 6 4 4 5 3 4 2 4 2 6 5 2 4 6 3 3 6 3 5 4 4 2 2
M[285] : 2 3 7 4 5 2 6 3 7 4 5 1 0 5 3 4 5 4 6 0 4 5 5 4 3 2 4 3 4 3 5 4 7 4 3 2
M[286] : 4 5 4 6 5 4 3 3 3 4 2 6 5 4 6 4 0 3 5 4 5 8 4 3 5 4 3 2 4 3 6 3 3 3 4 3
M[287] : 5 4 5 5 3 5 7 0 5 2 2 4 4 2 6 4 6 3 4 5 4 3 6 5 4 4 4 4 2 3 5 4 3 5 4 4
M[288] : 3 4 4 6 0 5 7 3 2 3 3 4 3 4 6 5 3 4 4 3 7 5 1 5 5 2 4 4 2 2 2 4 3 4 3 3
M[289] : 3 4 2 5 4 4 5 2 5 5 3 2 3 4 3 3 3 5 4 3 5 4 5 5 2 5 5 4 4 6 6 6 6 0 5 7
M[290] : 3 3 5 5 5 5 2 7 3 2 3 3 3 5 6 4 4 4 4 4 6 5 4 2 1 1 7 6 3 5 4 0 4 3 5 7
M[291] : 0 5 2 5 7 6 3 2 4 5 7 3 5 6 4 4 5 5 2 4 5 3 5 3 4 3 4 1 6 4 2 5 4 5 3 3
M[292] : 4 7 2 3 0 6 3 2 4 4 3 3 6 6 3 5 4 5 4 7 5 4 6 3 6 5 4 3 5 4 4 5 5 4 4 5
M[293] : 3 6 2 4 4 7 4 5 5 6 0 6 5 6 6 5 4 5 1 3 6 4 6 5 5 4 7 5 2 4 3 5 2 3 1 5
M[294] : 2 3 5 5 3 3 5 0 6 3 2 3 7 3 8 8 2 6 5 3 7 3 4 3 6 5 7 5 5 4 4 6 4 2 2 4
M[295] : 4 4 2 5 4 4 8 4 4 5 2 3 4 4 4 4 6 5 4 5 0 3 5 4 5 5 2 4 4 4 3 5 6 5 1 4
M[296] : 3 6 4 6 4 5 4 4 3 3 6 4 2 5 2 5 6 5 5 6 2 3 5 5 2 4 6 4 6 4 5 2 3 0 6 4
M[297] : 3 6 3 5 3 5 4 2 3 3 5 4 0 4 4 5 3 5 5 4 7 4 3 6 5 4 7 5 5 5 2 7 2 5 1 5
M[298] : 4 2 5 4 1 3 5 5 3 5 4 2 3 5 4 6 5 7 5 3 6 4 4 5 4 6 7 3 3 4 0 6 5 8 5 4
M[299] : 3 3 4 4 7 3 4 5 5 5 4 6 3 3 0 3 6 8 6 4 5 1 3 7 7 3 4 6 3 5 4 5 4 4 3 6

