 Execution de l'algoritme BITS sur le fichier flat300_28_0
=====================================================================
 Partitions  : 
Vk[0] : 159 150 193 78 250 161 211 276 264 -->  9 éléments.
Vk[1] : 71 54 97 240 183 199 14 185 -->  8 éléments.
Vk[2] : 209 156 170 149 251 295 202 5 168 -->  9 éléments.
Vk[3] : 268 61 171 2 293 139 289 18 275 -->  9 éléments.
Vk[4] : 206 272 130 36 144 11 283 241 10 -->  9 éléments.
Vk[5] : 286 292 121 294 148 253 22 109 24 -->  9 éléments.
Vk[6] : 90 105 39 261 40 49 84 208 43 -->  9 éléments.
Vk[7] : 174 290 204 162 103 117 282 57 -->  8 éléments.
Vk[8] : 227 65 95 104 108 31 221 284 -->  8 éléments.
Vk[9] : 210 79 51 45 141 249 228 125 -->  8 éléments.
Vk[10] : 83 255 291 234 122 143 278 207 110 -->  9 éléments.
Vk[11] : 157 111 166 192 132 52 248 63 215 -->  9 éléments.
Vk[12] : 190 259 99 260 216 165 0 82 33 -->  9 éléments.
Vk[13] : 222 69 262 20 188 258 153 93 -->  8 éléments.
Vk[14] : 58 113 271 46 35 186 85 256 299 -->  9 éléments.
Vk[15] : 178 180 167 64 172 270 158 140 44 -->  9 éléments.
Vk[16] : 273 237 266 252 285 136 297 128 -->  8 éléments.
Vk[17] : 4 287 129 298 67 218 151 62 243 -->  9 éléments.
Vk[18] : 203 120 50 112 96 277 257 146 181 -->  9 éléments.
Vk[19] : 68 118 76 13 179 197 280 101 89 -->  9 éléments.
Vk[20] : 137 254 244 231 42 107 115 173 -->  8 éléments.
Vk[21] : 225 88 245 236 59 98 8 220 -->  8 éléments.
Vk[22] : 32 19 269 187 191 265 60 100 -->  8 éléments.
Vk[23] : 66 279 201 91 226 92 86 142 -->  8 éléments.
Vk[24] : 164 94 155 223 196 184 23 116 126 -->  9 éléments.
Vk[25] : 135 247 238 72 263 25 175 219 -->  8 éléments.
Vk[26] : 102 288 163 56 16 212 70 17 -->  8 éléments.
Vk[27] : 281 75 131 21 41 177 123 154 -->  8 éléments.
Vk[28] : 80 246 119 73 55 230 29 194 217 -->  9 éléments.
Vk[29] : 160 74 169 242 145 37 77 34 195 -->  9 éléments.
Vk[30] : 6 239 133 296 124 229 134 1 267 -->  9 éléments.
Vk[31] : 7 26 147 28 9 87 138 233 -->  8 éléments.
Vk[32] : 176 232 53 200 30 3 182 214 27 -->  9 éléments.
Vk[33] : 213 224 12 106 48 205 274 47 -->  8 éléments.
Vk[34] : 235 189 198 15 152 81 127 38 114 -->  9 éléments.
Matrice M
M[0] : 3 3 6 4 2 6 4 4 4 5 5 4 0 4 4 5 6 3 5 3 4 6 3 5 2 4 2 2 7 5 6 2 2 4 4
M[1] : 6 2 6 2 3 2 5 5 5 2 5 4 6 2 5 3 5 5 4 5 3 4 5 5 4 5 3 2 6 6 0 4 3 4 6
M[2] : 5 4 7 0 4 5 5 4 3 3 3 7 5 3 3 3 5 4 3 6 4 4 1 4 5 6 5 4 7 2 3 3 4 2 7
M[3] : 7 5 5 3 5 6 6 6 4 5 6 6 4 6 4 4 3 5 2 4 5 3 3 5 4 5 5 7 6 5 2 3 0 1 5
M[4] : 5 2 6 2 7 3 2 3 4 4 4 2 4 5 3 3 3 0 7 3 5 5 4 3 5 5 5 6 5 4 3 5 4 5 4
M[5] : 4 4 0 7 3 6 2 5 5 3 4 5 5 2 5 6 3 6 5 5 4 2 6 5 3 4 4 2 7 6 5 5 7 3 5
M[6] : 5 4 3 7 6 4 3 3 6 4 6 5 7 2 3 7 6 2 5 3 2 6 2 5 5 5 5 3 5 4 0 4 1 2 7
M[7] : 6 4 5 3 4 3 6 7 3 4 5 3 1 5 4 3 6 7 5 4 3 4 2 3 7 4 3 2 3 5 4 0 6 4 3
M[8] : 4 2 5 5 3 6 7 2 4 2 2 5 8 1 5 5 4 6 3 8 4 0 6 3 3 5 4 3 5 4 5 6 9 4 4
M[9] : 4 0 2 3 5 5 3 1 5 7 2 7 4 7 8 4 4 4 3 4 5 8 4 1 5 3 3 2 5 5 7 0 6 3 4
M[10] : 5 3 2 4 0 4 2 7 3 3 2 8 3 4 3 2 6 5 6 5 7 6 1 4 3 4 7 5 5 6 5 4 5 5 5
M[11] : 6 3 3 4 0 6 3 2 1 4 4 5 6 5 6 3 4 3 6 7 5 7 3 4 5 8 3 3 2 4 6 5 4 6 4
M[12] : 2 2 2 6 3 4 6 2 3 4 7 5 6 2 4 4 3 5 7 5 4 2 5 4 5 5 3 5 6 4 3 4 6 0 6
M[13] : 6 1 4 3 5 4 5 6 5 4 6 5 5 5 8 3 4 5 8 0 6 4 4 4 5 3 3 5 2 5 4 2 3 5 5
M[14] : 6 0 4 5 5 7 5 7 3 2 4 3 4 4 6 3 4 4 4 4 4 2 3 4 5 5 2 4 7 5 7 4 6 5 5
M[15] : 5 4 3 3 4 7 6 4 4 6 4 5 4 4 4 3 5 5 4 5 4 6 6 5 6 2 6 5 8 4 4 4 7 4 0
M[16] : 3 4 6 3 5 6 2 5 4 4 5 5 7 1 7 2 3 6 6 5 1 3 5 3 4 4 0 5 4 6 3 5 5 5 5
M[17] : 5 7 5 3 4 4 4 2 2 4 6 3 4 4 2 4 0 6 6 5 3 5 4 3 7 4 0 7 5 3 3 6 5 6 4
M[18] : 4 4 4 0 1 4 2 4 3 7 6 4 7 3 4 4 6 5 3 5 2 2 6 3 3 5 2 4 5 3 5 4 7 5 5
M[19] : 4 3 8 5 5 5 5 3 2 2 3 5 3 4 4 5 5 7 5 4 4 6 0 5 4 3 4 4 3 4 5 4 6 4 4
M[20] : 6 1 3 3 4 4 4 2 6 4 5 5 4 0 5 5 6 4 4 7 3 3 4 2 4 4 3 4 5 3 6 6 3 3 5
M[21] : 6 7 4 5 6 3 5 5 2 4 4 7 3 5 1 5 3 4 6 5 3 6 4 3 3 5 3 0 4 8 4 4 3 5 4
M[22] : 6 4 7 5 3 0 4 1 4 4 3 4 5 1 7 9 5 4 4 4 5 5 5 2 5 4 5 3 5 5 4 4 7 3 6
M[23] : 7 4 6 3 5 3 6 5 3 5 4 1 3 4 3 4 6 7 2 4 4 3 5 4 0 5 4 5 6 3 4 7 2 5 3
M[24] : 6 3 7 4 4 0 4 4 4 2 3 6 4 4 5 4 6 5 6 3 2 4 3 2 7 3 3 5 3 5 3 5 5 2 4
M[25] : 2 5 4 8 4 4 6 2 1 3 3 2 6 2 3 5 3 7 6 2 6 1 4 4 7 0 4 4 5 7 5 4 4 7 3
M[26] : 4 4 5 6 4 4 3 4 2 3 5 5 5 5 2 1 4 3 2 6 6 4 4 5 4 5 1 3 6 3 3 0 4 4 2
M[27] : 2 5 6 6 5 7 4 6 6 1 5 4 6 6 3 5 5 7 4 0 5 6 5 4 4 3 6 3 4 4 4 6 0 5 2
M[28] : 2 3 6 6 4 5 4 6 2 5 6 2 4 4 9 2 3 3 6 6 2 4 5 3 4 5 4 4 2 5 0 0 3 5 6
M[29] : 5 4 4 4 6 4 6 3 5 2 6 4 5 2 3 4 4 5 6 8 2 4 4 7 4 6 4 2 0 2 3 4 4 2 5
M[30] : 4 1 5 4 4 6 3 4 4 3 4 4 4 4 6 6 2 3 6 5 6 4 4 6 3 5 4 1 3 4 4 4 0 4 4
M[31] : 7 3 1 4 3 3 3 4 0 2 4 3 3 6 6 3 2 5 4 5 3 3 4 6 5 5 3 3 8 2 6 4 5 5 7
M[32] : 2 1 4 3 5 3 5 5 3 3 5 6 4 4 6 5 4 2 5 5 5 4 0 2 5 4 6 2 5 5 5 4 5 4 5
M[33] : 4 4 6 5 6 6 4 2 8 4 4 7 0 6 2 6 4 6 4 2 4 5 4 5 4 3 3 6 3 5 5 2 3 4 1
M[34] : 5 5 6 4 5 5 5 3 1 4 5 4 5 4 8 5 5 4 4 7 4 3 4 3 3 4 4 5 4 0 4 3 3 2 4
M[35] : 7 4 5 7 4 5 6 1 5 5 5 1 4 6 0 6 4 9 5 4 4 4 2 3 5 2 3 3 4 3 4 3 5 4 4
M[36] : 4 4 5 4 0 5 3 3 4 4 5 3 6 5 7 4 5 8 8 1 4 7 3 3 6 2 6 6 3 3 5 3 2 2 3
M[37] : 3 3 3 8 4 4 4 6 4 6 4 5 3 5 4 4 7 2 6 4 3 3 1 3 5 3 3 6 5 0 3 6 2 5 3
M[38] : 3 4 5 3 4 4 4 4 7 2 6 5 5 4 4 2 6 2 4 4 4 7 6 4 4 4 7 4 5 7 6 2 2 3 0
M[39] : 2 4 6 5 5 4 0 4 4 6 4 5 2 2 4 5 5 4 6 2 4 4 5 5 5 4 5 4 5 4 2 3 4 5 4
M[40] : 4 5 5 4 6 2 0 6 2 3 5 5 5 4 5 5 4 3 6 5 5 3 3 4 2 7 6 4 7 5 3 5 1 5 2
M[41] : 4 6 5 4 4 4 2 3 5 5 5 4 3 2 5 3 5 6 2 3 4 4 4 2 4 4 5 0 5 1 4 4 6 6 6
M[42] : 5 4 6 5 4 4 5 5 3 6 1 5 4 4 2 4 4 4 3 3 0 6 4 5 3 6 1 6 4 4 5 3 6 3 3
M[43] : 6 3 3 6 4 3 0 3 7 6 5 4 5 5 7 2 6 4 4 6 5 4 6 3 8 3 1 4 5 4 4 3 3 3 4
M[44] : 7 4 2 4 7 6 4 2 4 6 5 3 3 3 3 0 4 6 6 3 5 2 4 5 5 6 1 3 6 4 6 3 4 0 5
M[45] : 4 3 6 7 4 3 3 5 3 0 2 3 7 4 4 9 4 5 5 4 3 5 4 4 1 4 3 5 5 6 3 6 5 6 1
M[46] : 3 4 4 6 2 8 6 5 4 3 5 6 6 6 0 4 2 2 6 4 4 0 6 3 5 3 4 5 4 6 4 4 3 2 8
M[47] : 5 5 3 5 3 5 3 5 4 5 5 6 6 3 4 0 3 4 3 5 5 4 3 6 6 3 5 4 5 4 4 3 7 0 7
M[48] : 4 4 4 5 6 4 5 2 2 7 4 5 3 4 4 4 5 6 4 5 4 6 3 7 7 3 2 5 5 4 6 1 4 0 4
M[49] : 3 2 6 3 4 4 0 5 5 5 7 5 5 5 5 6 4 4 2 4 5 5 3 1 1 3 3 4 3 5 4 5 5 4 1
M[50] : 5 5 5 3 6 6 4 4 4 3 1 3 2 5 3 5 4 4 0 5 1 2 4 6 6 3 3 4 5 6 4 5 7 5 4
M[51] : 5 2 7 5 5 3 6 5 1 0 5 6 4 4 5 6 1 6 7 7 4 6 3 2 4 1 4 5 4 3 6 4 6 4 5
M[52] : 5 6 6 6 7 5 3 4 5 4 4 0 2 6 5 1 4 5 3 7 1 5 2 4 5 5 3 5 5 3 5 4 6 3 4
M[53] : 4 4 8 7 5 6 3 6 6 4 2 6 5 4 3 4 5 3 6 4 5 5 4 5 5 3 1 3 1 2 4 3 0 4 6
M[54] : 5 0 4 4 3 3 4 4 4 2 3 4 4 3 3 4 3 6 5 1 5 3 2 3 7 5 3 6 8 5 4 2 3 6 6
M[55] : 4 5 7 5 3 2 3 2 5 3 3 5 5 3 6 3 3 5 5 4 6 5 4 4 4 5 6 5 0 2 5 0 6 5 6
M[56] : 4 3 5 4 3 4 3 2 4 6 8 7 4 4 3 6 6 6 2 3 5 4 6 5 2 2 0 5 3 3 2 3 3 7 4
M[57] : 4 3 7 5 7 2 4 0 4 1 1 6 4 2 7 4 4 5 7 5 5 4 2 4 5 3 6 1 3 6 4 3 5 4 5
M[58] : 6 3 5 3 5 6 3 4 5 3 5 6 3 6 0 5 4 4 3 6 4 3 2 3 2 6 5 3 5 3 6 4 2 2 6
M[59] : 7 4 5 4 4 6 5 4 4 5 4 3 6 6 4 5 4 5 6 4 3 0 4 4 7 1 4 3 2 5 5 5 5 1 5
M[60] : 4 6 5 6 4 6 6 3 3 5 4 3 3 4 2 5 5 5 4 5 5 6 0 4 4 6 4 5 6 6 4 0 2 4 4
M[61] : 7 4 6 0 3 2 5 6 6 5 4 3 6 2 5 4 5 3 7 4 3 4 5 6 6 4 5 3 7 5 7 5 4 4 6
M[62] : 6 3 6 4 4 3 4 4 5 8 5 4 0 5 3 3 3 0 2 5 5 5 3 4 5 3 5 4 3 4 6 5 5 3 6
M[63] : 5 4 4 4 1 5 3 4 4 2 4 0 9 3 8 5 5 5 3 3 4 5 3 4 5 3 3 5 5 5 5 2 5 6 8
M[64] : 8 3 4 4 3 6 5 2 4 5 5 5 5 2 4 0 5 4 4 4 5 6 5 3 5 5 5 3 5 5 3 2 3 5 3
M[65] : 3 5 3 6 3 5 4 5 0 4 4 5 7 6 4 4 4 5 6 4 4 4 1 4 5 5 6 3 4 6 6 5 7 2 5
M[66] : 3 4 4 5 7 4 4 6 4 4 3 6 8 5 5 4 3 4 4 7 4 3 6 0 7 4 2 5 3 5 3 3 6 4 4
M[67] : 5 3 5 4 2 5 3 6 4 6 4 3 4 5 3 5 4 0 7 5 5 2 3 4 6 5 6 3 5 4 4 4 5 3 5
M[68] : 3 3 5 4 4 3 5 3 3 6 4 2 5 3 5 3 5 6 5 0 6 3 5 7 2 4 3 6 6 5 7 6 5 6 5
M[69] : 3 2 5 7 6 5 3 2 5 4 6 5 5 0 6 4 3 5 7 2 4 3 8 3 2 5 5 4 5 4 5 4 5 6 3
M[70] : 0 4 4 4 4 6 4 3 4 6 4 3 4 5 6 3 2 3 5 6 3 2 0 5 5 4 0 4 5 5 4 2 4 3 5
M[71] : 4 0 4 5 2 5 4 2 4 4 5 4 4 2 4 4 3 4 5 1 6 5 4 4 4 2 2 6 7 4 4 5 3 5 6
M[72] : 4 4 5 3 7 3 5 5 6 3 2 3 6 5 5 6 4 7 4 3 4 5 3 5 7 0 3 3 5 5 4 5 4 2 5
M[73] : 5 6 6 5 3 3 3 3 5 3 5 5 5 4 6 7 3 6 7 4 3 4 4 3 5 5 2 1 0 7 4 5 3 4 7
M[74] : 6 3 6 2 6 4 5 2 5 4 3 6 4 4 5 6 4 3 6 2 3 6 5 7 6 5 3 5 6 0 3 3 4 2 5
M[75] : 3 6 4 7 6 6 7 4 3 5 4 7 3 3 3 6 6 3 5 2 6 2 3 3 2 3 5 0 4 7 5 4 7 2 3
M[76] : 5 4 3 5 4 5 5 2 5 4 3 8 3 3 6 4 4 6 3 0 3 3 4 4 5 1 8 2 5 3 6 6 4 2 5
M[77] : 5 5 6 5 7 4 6 5 4 2 5 6 7 2 2 4 2 3 5 3 4 5 5 7 2 3 5 4 5 0 7 5 5 2 5
M[78] : 0 5 6 4 5 4 4 1 3 5 4 5 3 3 6 5 3 4 4 5 5 5 2 5 5 3 3 3 7 4 3 4 4 4 5
M[79] : 4 4 4 5 4 4 7 2 3 0 6 2 3 5 5 6 6 2 3 6 5 3 5 2 4 2 7 5 3 7 1 4 5 6 4
M[80] : 5 3 8 6 5 3 6 6 2 4 5 7 6 2 3 3 1 3 7 3 6 4 2 4 5 6 3 2 0 4 5 4 4 5 2
M[81] : 6 3 2 3 5 4 5 3 6 2 3 6 4 2 5 4 2 7 4 4 3 5 1 5 4 4 3 3 2 3 7 3 4 6 0
M[82] : 5 5 4 8 3 6 2 5 4 6 1 4 0 5 3 5 4 3 6 4 4 5 3 7 4 1 3 4 6 5 6 2 5 5 5
M[83] : 4 4 5 5 3 3 5 4 1 4 0 3 4 5 5 3 4 6 2 4 5 4 6 5 7 4 4 3 6 4 2 6 5 5 6
M[84] : 4 2 4 4 3 2 0 2 4 5 4 3 3 4 5 4 3 6 8 1 3 3 4 4 5 5 5 3 1 4 5 4 5 4 6
M[85] : 3 6 6 3 6 9 3 6 4 4 6 4 4 4 0 6 3 4 4 2 2 4 3 5 5 1 5 3 2 3 3 5 6 7 6
M[86] : 5 3 5 6 5 6 3 7 7 4 2 4 5 5 0 5 6 2 3 5 2 5 6 0 6 5 3 3 7 4 6 4 6 7 4
M[87] : 5 5 6 5 5 7 5 1 5 6 4 2 5 3 4 4 2 3 7 6 4 4 2 2 8 3 6 5 4 4 4 0 3 4 2
M[88] : 4 3 3 3 5 4 5 6 7 6 4 4 4 3 4 3 4 6 4 4 7 0 3 3 6 4 4 3 7 8 4 6 5 6 5
M[89] : 4 4 5 5 5 6 4 3 5 7 8 3 4 4 5 3 3 5 4 0 6 4 5 5 4 4 4 4 4 3 6 6 1 3 5
M[90] : 6 7 3 4 6 2 0 3 3 6 4 5 2 4 5 4 2 2 5 5 6 5 6 5 5 5 5 6 6 6 4 4 3 5 6
M[91] : 3 3 5 6 7 1 3 3 5 4 4 3 5 5 4 2 4 5 5 5 7 3 3 0 5 3 4 3 6 7 4 4 2 6 6
M[92] : 6 2 1 3 2 5 3 3 5 3 5 2 7 1 4 5 4 7 1 3 4 4 3 0 4 4 3 4 5 6 6 4 4 6 6
M[93] : 4 3 5 4 8 7 6 3 4 4 5 4 6 0 4 4 3 5 5 3 2 1 5 3 3 6 4 3 4 5 5 4 2 4 5
M[94] : 3 5 5 5 1 4 5 5 4 2 4 4 4 3 5 4 4 4 3 5 6 5 5 3 0 5 3 4 3 2 6 8 3 3 4
M[95] : 6 3 4 3 3 4 5 5 0 3 7 4 9 4 4 3 4 7 4 7 3 6 3 3 4 5 4 4 5 3 3 5 5 4 5
M[96] : 3 3 5 5 7 4 3 5 6 3 4 5 5 3 3 6 5 5 0 2 5 3 3 3 4 1 6 3 5 8 2 5 4 6 4
M[97] : 4 0 3 8 4 4 7 3 5 2 5 1 3 5 4 1 3 4 6 3 3 4 4 5 4 4 7 3 5 4 3 4 2 4 5
M[98] : 6 2 2 3 6 5 4 4 5 6 4 6 3 3 2 6 4 5 4 4 4 0 2 4 6 5 4 2 5 5 5 6 5 3 3
M[99] : 3 4 4 7 3 4 2 6 3 4 5 4 0 4 8 8 5 4 6 6 3 5 3 4 3 4 3 3 3 4 1 1 4 0 4
M[100] : 8 5 6 5 2 6 5 3 2 6 4 2 5 5 2 5 4 4 4 6 3 5 0 5 1 4 2 5 6 5 4 5 3 2 4
M[101] : 5 1 5 6 5 4 3 4 5 2 3 2 6 1 4 4 1 3 2 0 4 6 5 3 6 2 6 2 5 2 3 6 6 3 6
M[102] : 3 4 4 5 3 2 4 3 4 4 4 3 5 4 4 5 4 4 5 5 2 5 4 2 5 6 0 3 5 1 5 4 6 4 5
M[103] : 2 2 5 4 3 5 6 0 1 3 4 3 8 4 3 4 3 5 6 5 4 3 4 4 6 4 2 2 4 2 6 5 5 3 4
M[104] : 5 3 7 4 6 4 5 3 0 2 6 4 4 6 6 6 4 5 4 2 4 5 1 3 5 4 5 6 3 7 2 5 4 5 4
M[105] : 4 4 5 3 4 3 0 4 4 6 4 3 5 6 4 2 5 3 4 3 4 6 5 3 5 5 1 4 3 4 4 3 2 4 7
M[106] : 3 5 6 3 6 6 4 6 2 3 4 7 4 3 5 6 3 4 5 6 4 4 4 7 2 4 3 3 5 3 4 5 4 0 7
M[107] : 4 3 3 6 5 4 4 3 3 5 5 6 5 3 6 5 2 5 2 5 0 3 6 5 5 5 4 4 3 5 3 5 1 6 6
M[108] : 4 3 6 6 5 3 7 3 0 3 3 3 6 5 7 6 3 3 8 6 4 5 5 3 1 2 4 4 4 5 6 3 5 5 4
M[109] : 5 6 3 6 6 0 3 4 6 6 6 3 7 7 6 3 3 4 3 7 2 2 3 5 5 5 3 3 5 4 4 3 5 3 4
M[110] : 5 5 3 3 2 3 6 5 5 3 0 5 2 7 6 7 3 3 5 6 2 2 1 3 3 6 4 4 5 7 2 4 5 3 3
M[111] : 2 2 4 6 2 6 5 3 1 1 7 0 3 3 3 3 4 5 4 2 5 6 6 3 5 2 5 6 4 4 8 3 2 3 4
M[112] : 3 4 4 6 5 4 5 5 3 5 3 5 6 5 5 4 1 5 0 3 5 4 4 1 8 4 6 4 7 5 7 3 2 4 6
M[113] : 7 6 4 6 3 3 4 5 4 4 3 3 7 3 0 3 3 2 5 7 3 3 5 3 6 2 3 6 4 4 6 6 5 2 4
M[114] : 5 6 4 7 3 7 4 2 3 3 7 6 5 5 5 3 3 4 4 6 4 3 5 4 2 5 2 5 7 1 6 4 6 5 0
M[115] : 5 3 5 5 5 7 6 5 4 4 5 1 2 3 6 4 3 5 3 5 0 4 5 4 5 5 4 5 4 6 6 5 8 2 4
M[116] : 3 6 2 6 7 4 6 5 3 5 6 4 4 3 6 4 1 6 1 5 5 3 3 4 0 2 3 5 3 2 7 4 4 3 2
M[117] : 3 7 3 5 4 0 5 0 3 2 6 5 5 2 4 6 4 7 4 3 3 5 5 5 5 5 3 6 5 4 5 5 5 4 6
M[118] : 6 2 4 6 4 4 4 3 6 4 6 4 5 4 7 7 4 6 5 0 3 4 5 4 4 4 5 3 5 3 3 7 2 3 6
M[119] : 5 5 3 6 6 6 4 2 6 4 6 3 5 7 3 7 1 3 5 5 6 3 4 2 3 6 2 3 0 4 4 4 6 6 7
M[120] : 5 4 6 6 4 3 6 2 1 5 6 3 4 3 6 6 5 2 0 5 3 3 6 4 6 2 1 4 5 5 5 5 2 5 5
M[121] : 3 4 6 3 6 0 4 3 3 4 5 6 3 5 3 4 3 9 2 5 3 3 4 2 4 4 2 4 3 3 5 3 5 5 4
M[122] : 7 2 2 5 3 5 2 4 5 5 0 7 7 6 3 4 6 4 4 5 5 4 5 2 6 3 7 2 8 3 4 7 5 4 4
M[123] : 5 5 4 4 5 5 4 2 5 4 7 2 6 2 7 4 4 6 5 4 7 4 7 4 2 3 4 0 4 7 2 7 4 2 3
M[124] : 2 3 6 4 5 6 2 5 5 4 3 5 5 5 5 5 6 5 5 4 3 5 3 4 6 7 6 2 5 6 0 2 6 3 6
M[125] : 4 3 4 4 4 6 5 4 5 0 3 4 3 2 3 5 5 7 5 5 4 6 2 5 6 2 5 4 5 6 5 7 3 3 4
M[126] : 5 1 3 4 5 7 3 5 2 3 6 4 5 3 6 4 4 4 8 4 6 3 4 5 0 3 5 1 6 2 4 3 2 4 5
M[127] : 2 5 1 3 2 6 6 3 3 4 3 5 5 6 5 6 6 4 5 5 6 6 2 1 5 4 4 4 5 4 9 5 5 4 0
M[128] : 4 4 3 6 5 5 4 5 3 2 4 3 4 3 4 3 0 5 2 3 3 3 4 6 3 3 3 6 5 5 6 5 3 3 4
M[129] : 5 3 6 2 4 5 4 3 4 4 4 2 5 4 5 6 1 0 7 5 2 4 4 6 7 6 3 5 6 1 5 3 7 4 4
M[130] : 6 5 3 4 0 5 7 3 2 3 2 5 2 4 6 5 2 3 6 6 5 2 4 4 6 3 4 4 5 4 5 2 3 5 5
M[131] : 7 3 5 5 3 6 5 3 3 6 5 6 6 5 4 5 5 4 4 4 4 1 3 3 3 3 5 0 0 6 5 3 5 3 5
M[132] : 6 3 3 3 4 6 5 2 4 3 3 0 6 6 4 6 3 3 3 5 5 3 2 5 3 4 4 6 5 2 5 6 5 6 7
M[133] : 3 6 4 7 4 3 3 6 0 3 3 6 4 6 5 4 7 6 5 4 2 5 3 4 4 3 3 5 6 4 0 4 2 3 7
M[134] : 6 5 5 4 3 2 5 4 5 5 2 5 4 2 1 4 2 4 5 5 5 3 4 4 4 4 4 3 4 5 0 4 4 3 6
M[135] : 5 1 3 4 4 2 5 5 7 4 4 4 5 3 1 6 4 3 5 2 5 4 4 4 5 0 5 6 5 4 6 3 7 3 4
M[136] : 5 3 6 5 4 4 6 2 4 5 5 4 6 6 3 4 0 4 5 4 6 5 5 3 4 5 3 6 2 2 5 3 6 2 2
M[137] : 5 4 5 4 6 4 3 4 4 2 4 3 4 4 3 7 7 4 4 5 0 2 5 5 3 4 5 4 8 5 4 4 2 6 4
M[138] : 3 4 6 2 3 2 2 6 5 4 5 5 2 3 3 3 5 3 4 6 5 4 5 6 5 2 5 6 4 4 4 0 8 6 6
M[139] : 1 4 3 0 4 3 3 6 7 4 5 6 3 3 5 2 3 2 3 4 5 6 2 4 4 6 4 4 2 6 6 3 4 7 3
M[140] : 7 1 4 5 3 5 5 3 7 5 4 3 3 5 8 0 4 4 3 5 5 7 4 1 4 6 3 3 6 5 3 1 4 3 2
M[141] : 3 0 4 4 5 3 6 5 3 0 5 4 7 4 6 4 3 4 2 6 2 3 6 3 2 5 3 4 5 3 5 2 0 6 8
M[142] : 4 5 3 5 4 5 5 4 0 2 4 5 6 2 3 4 7 8 5 4 1 5 3 0 4 4 4 3 5 5 4 4 5 5 6
M[143] : 5 4 3 7 6 4 3 2 4 3 0 5 3 7 4 3 4 4 4 6 3 2 5 1 4 5 5 5 6 4 4 5 4 5 3
M[144] : 6 2 5 5 0 5 7 2 6 0 4 4 4 4 2 7 3 3 5 5 4 4 4 4 5 5 5 6 4 6 4 3 6 4 5
M[145] : 3 7 3 3 8 4 7 4 6 5 5 3 5 4 3 2 3 4 5 3 5 3 5 5 4 5 3 6 5 0 4 4 1 5 6
M[146] : 6 4 3 5 6 2 7 4 5 1 6 2 5 5 7 3 4 5 0 2 6 2 3 3 3 4 2 6 8 3 5 5 4 4 3
M[147] : 3 7 6 6 2 4 5 6 6 3 4 7 3 5 5 5 5 4 6 7 6 6 3 2 3 4 4 3 5 5 5 0 3 3 3
M[148] : 2 5 4 4 6 0 3 2 2 2 4 5 8 4 5 4 3 2 4 2 5 3 2 5 6 4 3 4 7 3 3 2 3 5 4
M[149] : 6 5 0 6 4 5 5 4 3 5 5 5 5 3 1 5 5 5 5 3 6 3 6 3 3 6 3 3 6 2 5 6 6 6 3
M[150] : 0 5 4 3 6 8 4 2 7 3 5 6 2 5 6 5 2 5 7 5 3 4 4 5 4 6 2 5 4 5 5 2 3 3 5
M[151] : 2 6 5 1 6 5 2 4 3 4 5 5 3 4 6 4 5 0 3 5 7 4 6 5 5 3 3 6 5 5 5 3 4 4 5
M[152] : 6 5 5 5 3 2 3 3 4 3 8 5 3 5 5 6 1 3 5 4 2 2 6 7 2 2 4 3 6 5 6 3 4 4 0
M[153] : 3 4 4 3 4 4 3 4 5 5 5 5 6 0 5 4 4 6 5 6 2 4 4 6 6 1 3 2 3 2 3 1 6 4 5
M[154] : 6 5 4 5 4 4 2 5 6 3 3 7 6 4 5 4 5 5 2 5 3 1 5 3 3 3 6 0 3 4 6 3 6 4 4
M[155] : 6 5 5 4 5 6 4 4 4 3 4 4 5 2 2 5 5 6 6 5 4 7 4 3 0 3 5 5 1 4 4 3 3 3 4
M[156] : 5 3 0 8 5 6 2 5 3 4 3 4 2 3 6 5 4 4 5 4 4 1 4 5 5 4 6 4 5 6 7 6 4 4 6
M[157] : 5 2 5 5 5 6 3 4 5 6 6 0 5 5 4 3 6 4 5 6 3 3 5 2 4 4 4 2 4 5 6 4 6 6 4
M[158] : 3 4 6 2 4 4 4 6 3 3 5 4 6 1 6 0 5 6 3 6 3 1 3 5 5 6 4 3 3 7 4 5 5 3 5
M[159] : 0 5 5 2 5 4 7 2 3 3 5 2 5 5 3 5 5 7 5 2 3 5 4 2 6 1 4 6 4 4 6 3 3 4 7
M[160] : 4 4 2 5 3 4 4 3 3 5 4 6 6 5 5 7 4 7 5 5 5 2 7 5 2 5 6 5 5 0 2 4 3 3 4
M[161] : 0 4 9 7 2 5 1 6 4 2 6 4 3 4 6 5 3 5 6 5 3 5 4 4 5 3 4 5 5 4 4 2 3 5 2
M[162] : 4 5 3 8 3 5 2 0 4 5 4 5 4 3 4 5 3 3 4 4 5 5 5 3 6 3 6 4 4 5 4 4 3 5 4
M[163] : 5 4 4 3 7 3 5 2 3 1 4 5 3 6 2 5 5 5 5 6 5 3 4 3 7 4 0 4 5 5 6 5 5 4 7
M[164] : 3 6 7 4 6 5 2 3 4 3 3 6 3 3 5 4 3 5 3 5 3 3 4 3 0 5 4 3 5 6 6 5 5 4 5
M[165] : 2 3 5 5 5 6 5 4 5 3 2 3 0 2 6 4 4 2 4 6 3 5 4 5 6 3 5 4 6 4 3 2 5 5 4
M[166] : 6 4 3 5 8 4 4 4 2 5 4 0 4 3 2 6 3 2 3 2 6 3 2 6 4 3 3 5 3 6 3 3 4 5 6
M[167] : 4 3 4 4 4 5 7 4 3 7 2 8 5 7 4 0 3 4 6 4 5 4 6 3 6 4 5 3 6 4 7 5 3 2 8
M[168] : 4 6 0 3 0 7 6 6 4 2 5 3 5 5 2 2 4 8 5 3 3 3 6 4 5 1 7 5 4 3 7 4 5 2 2
M[169] : 4 5 4 5 3 6 3 3 3 5 7 2 5 4 2 5 1 6 5 4 3 4 3 6 4 5 3 5 2 0 5 6 6 5 4
M[170] : 3 6 0 2 5 6 5 4 4 4 4 5 6 5 7 5 5 5 4 3 5 5 3 3 6 4 1 6 4 4 2 2 5 3 0
M[171] : 3 6 4 0 4 8 3 5 3 2 5 4 5 4 7 5 4 2 6 4 6 3 6 5 3 3 3 6 4 2 7 5 4 6 4
M[172] : 4 3 5 6 5 4 3 7 4 5 5 2 7 5 7 0 3 5 4 2 2 1 3 5 2 4 1 4 6 6 6 3 6 2 4
M[173] : 5 4 5 5 7 5 4 0 2 4 5 4 4 2 4 5 4 5 5 6 0 3 1 2 7 5 5 4 3 6 4 6 7 3 4
M[174] : 4 5 5 4 3 4 5 0 7 4 4 4 3 5 4 4 2 4 4 4 3 2 5 3 6 4 5 6 6 3 5 6 5 4 3
M[175] : 5 5 4 6 3 7 5 6 4 4 4 5 3 4 3 6 5 5 4 5 5 3 4 4 4 0 3 4 7 7 5 1 4 2 5
M[176] : 5 5 7 3 6 7 5 2 5 2 4 3 4 2 4 7 5 5 5 6 3 4 2 5 4 3 4 6 5 5 2 4 0 5 5
M[177] : 6 4 4 4 4 3 7 4 4 5 6 4 6 3 4 4 5 6 3 6 4 2 3 5 6 4 3 0 3 6 2 2 4 5 5
M[178] : 1 4 4 4 3 4 4 2 3 5 5 5 5 4 3 0 6 5 3 4 3 4 4 3 2 5 2 6 3 6 5 3 4 3 3
M[179] : 3 3 2 7 2 6 2 5 5 7 3 4 4 6 5 5 4 4 5 0 3 5 3 6 6 3 4 2 6 5 6 3 5 4 4
M[180] : 5 2 6 3 6 2 5 3 5 6 4 3 6 5 6 0 4 6 6 3 3 5 5 3 5 5 6 5 5 3 6 2 6 4 3
M[181] : 4 4 5 3 5 2 5 3 6 6 4 2 3 4 2 7 3 5 0 5 4 5 1 3 5 4 4 3 6 4 4 2 5 5 6
M[182] : 3 3 4 6 5 4 3 5 5 4 6 6 4 1 5 7 4 3 5 2 4 2 5 6 4 5 5 4 8 2 6 5 0 3 4
M[183] : 3 0 6 6 6 6 4 5 3 4 6 4 3 4 5 3 4 4 4 4 4 4 5 3 5 4 3 4 5 4 5 4 7 3 4
M[184] : 4 4 5 3 5 6 7 7 4 4 4 4 4 5 7 5 3 4 5 4 1 3 3 6 0 7 3 3 5 6 3 4 5 6 3
M[185] : 4 0 6 4 5 5 5 5 1 3 5 5 5 4 6 5 6 7 4 3 4 3 2 1 6 2 7 5 4 7 4 4 5 1 3
M[186] : 5 3 7 7 6 2 4 2 4 4 4 2 4 5 0 7 5 6 2 5 2 3 5 2 2 3 4 4 1 6 5 3 5 6 6
M[187] : 3 1 5 4 5 3 5 4 3 3 7 8 3 5 8 6 3 8 4 3 4 4 0 4 7 1 6 4 4 6 4 3 8 4 4
M[188] : 5 4 3 7 6 4 6 5 2 3 5 5 4 0 8 4 4 6 4 4 3 3 2 3 4 3 6 3 5 5 4 5 4 3 4
M[189] : 5 3 3 3 6 4 3 3 3 4 6 5 4 3 4 6 3 4 2 5 6 4 3 5 5 7 6 4 6 5 7 3 3 5 0
M[190] : 7 3 3 2 4 6 4 4 4 4 4 5 0 3 5 4 3 6 5 4 4 3 4 5 6 7 3 3 5 5 5 5 4 7 4
M[191] : 2 6 5 5 2 2 6 3 4 3 5 3 6 2 4 4 4 6 5 4 4 2 0 4 4 3 4 5 4 5 4 4 6 4 6
M[192] : 5 5 2 6 5 5 4 4 3 4 4 0 5 4 8 4 4 1 0 4 1 4 4 3 5 1 2 5 6 7 5 6 6 4 6
M[193] : 0 3 5 3 3 4 3 3 3 4 3 2 8 3 6 5 5 2 2 6 7 4 3 4 4 3 4 4 4 3 6 3 5 2 3
M[194] : 3 4 5 4 5 5 5 5 3 4 7 5 5 2 3 3 6 6 5 5 3 5 5 7 5 5 3 1 0 6 6 3 3 4 6
M[195] : 5 1 4 4 2 5 5 4 5 3 3 6 5 3 4 5 4 1 4 2 5 4 5 3 3 6 4 4 4 0 5 1 6 4 4
M[196] : 7 3 3 4 4 7 5 4 2 2 5 8 3 4 4 3 4 5 5 7 4 6 2 3 0 4 4 4 5 4 4 4 7 4 5
M[197] : 4 3 5 5 6 4 5 7 4 4 4 5 4 2 3 5 4 3 4 0 5 5 2 4 7 1 5 4 4 5 3 4 4 3 4
M[198] : 3 2 3 3 6 5 5 6 4 4 5 3 5 6 7 3 1 6 5 6 5 1 3 5 2 5 3 3 4 5 4 3 4 6 0
M[199] : 5 0 6 3 5 6 3 2 5 4 2 6 6 4 6 4 5 4 4 3 3 6 3 2 5 3 3 7 4 3 3 4 6 4 4
M[200] : 4 3 4 4 3 2 2 2 4 6 7 6 6 3 5 2 6 5 2 3 4 5 4 4 3 4 4 5 5 4 5 6 0 7 5
M[201] : 4 4 6 3 3 2 4 2 3 3 3 4 4 4 5 4 2 3 3 6 5 4 4 0 4 3 2 3 4 7 7 2 6 4 4
M[202] : 6 4 0 6 4 4 5 3 4 7 3 4 5 3 6 4 4 5 6 6 2 3 6 2 5 6 5 5 6 4 4 5 3 3 3
M[203] : 3 5 5 3 5 3 9 5 4 3 6 1 7 4 1 4 5 6 0 6 2 4 4 4 2 6 3 3 5 7 6 6 4 6 3
M[204] : 6 4 5 3 4 2 6 0 4 5 4 1 4 3 5 3 5 7 4 4 3 4 5 3 4 3 1 3 5 7 3 4 5 2 2
M[205] : 3 4 4 4 4 5 6 4 7 7 4 5 7 5 4 4 5 3 6 1 5 4 3 6 3 2 7 4 3 4 6 4 4 0 5
M[206] : 5 4 5 4 0 3 5 5 4 6 4 4 2 4 4 7 3 4 5 4 2 4 5 4 6 3 2 5 8 4 6 5 4 6 2
M[207] : 4 4 5 8 4 2 2 6 5 2 0 4 4 3 3 4 3 6 3 5 2 4 2 7 5 2 5 5 4 4 5 4 6 5 6
M[208] : 3 6 4 4 4 6 0 5 5 4 4 2 4 2 2 6 4 6 8 5 4 4 6 5 6 3 3 5 6 6 2 2 5 6 5
M[209] : 7 6 0 3 4 4 5 2 4 3 4 3 4 3 3 3 5 5 6 6 4 4 7 3 5 3 2 5 6 6 3 7 6 5 5
M[210] : 5 7 4 4 5 6 6 2 6 0 4 5 6 5 3 5 4 6 5 5 6 2 2 6 7 3 5 2 4 6 2 5 4 3 5
M[211] : 0 3 5 4 9 5 4 5 6 4 4 6 5 4 3 6 2 6 4 3 2 5 3 4 5 6 3 6 7 4 4 3 2 3 1
M[212] : 5 5 5 5 8 5 6 3 6 2 3 4 4 4 6 4 3 8 2 7 6 2 5 3 3 4 0 4 4 6 4 2 4 6 5
M[213] : 4 5 3 5 8 3 6 5 2 5 4 6 6 3 5 3 3 2 6 4 5 5 1 4 6 3 5 4 4 4 3 4 3 0 6
M[214] : 2 4 4 4 6 5 2 4 5 3 5 3 2 5 4 4 1 4 5 6 3 6 4 5 3 4 4 7 3 1 5 3 0 4 4
M[215] : 1 1 5 3 6 5 5 4 3 6 5 0 5 4 5 3 4 4 5 3 3 3 7 1 4 3 7 6 3 6 5 1 5 4 0
M[216] : 7 3 4 5 4 2 2 3 5 4 5 3 0 5 5 6 5 2 3 4 1 5 3 5 3 5 5 5 5 5 5 3 6 3 5
M[217] : 6 6 5 4 4 6 4 4 3 5 8 2 3 4 3 5 2 1 2 4 5 3 4 5 4 6 4 6 0 5 7 4 3 5 4
M[218] : 5 3 8 5 5 5 6 5 6 2 6 1 5 5 6 6 4 0 2 4 3 7 2 4 3 3 7 2 3 3 4 5 4 4 3
M[219] : 3 2 4 4 6 6 2 2 3 3 3 7 6 2 3 3 3 4 6 4 2 5 5 1 3 0 8 2 4 5 6 3 3 2 5
M[220] : 3 3 3 6 6 3 3 3 4 4 3 4 5 3 4 5 5 8 6 4 3 0 1 6 6 3 3 6 3 5 6 4 5 4 4
M[221] : 6 5 7 4 1 5 6 2 0 5 4 2 4 3 4 6 5 6 4 7 4 5 6 4 5 2 2 5 5 2 5 2 6 2 5
M[222] : 6 6 5 3 2 3 5 5 4 5 7 7 4 0 5 4 4 3 4 4 4 3 3 3 4 3 4 5 4 4 3 5 5 4 6
M[223] : 6 6 5 4 4 4 8 5 6 3 3 5 5 4 2 6 3 3 6 5 4 4 3 6 0 5 5 1 4 4 3 2 4 4 3
M[224] : 4 3 5 7 5 4 8 3 4 4 6 3 4 3 6 3 3 3 4 1 4 4 4 4 3 3 7 2 5 6 2 3 4 0 5
M[225] : 5 3 6 5 6 5 3 4 4 2 5 7 7 3 2 5 5 5 3 2 4 0 6 3 2 3 2 2 5 4 5 5 3 6 4
M[226] : 3 1 5 4 3 2 7 3 4 5 5 4 2 3 4 4 2 6 5 5 7 5 4 0 4 1 4 1 6 4 4 4 6 5 4
M[227] : 4 5 4 4 5 4 6 4 0 5 4 5 4 4 4 5 5 3 5 6 2 4 2 1 3 5 2 4 4 5 6 3 6 2 4
M[228] : 3 2 5 4 3 6 5 2 2 0 4 6 4 4 5 5 3 5 3 7 4 3 4 4 3 5 3 4 4 2 3 6 5 6 3
M[229] : 5 2 4 3 7 3 4 5 5 3 4 5 5 4 6 5 3 4 5 5 4 4 2 5 4 4 4 5 5 5 0 2 6 2 5
M[230] : 4 4 4 5 6 7 3 3 5 4 3 5 5 3 6 6 3 6 9 2 3 2 5 4 4 2 6 5 0 7 4 6 3 3 6
M[231] : 3 3 4 8 3 4 4 4 3 4 5 4 5 4 2 2 5 3 2 5 0 6 2 3 6 3 3 4 3 4 2 5 5 4 7
M[232] : 5 3 4 5 4 4 5 3 4 3 6 5 5 2 8 0 4 5 4 5 4 4 5 3 5 5 3 4 2 5 5 4 0 5 6
M[233] : 4 4 6 4 6 7 3 1 2 4 7 2 5 3 5 6 4 6 6 5 3 6 4 4 4 6 5 3 3 5 4 0 5 1 4
M[234] : 4 5 4 4 3 3 7 1 3 6 0 4 2 6 6 4 8 5 5 4 2 3 4 4 5 3 5 5 4 5 6 4 5 2 6
M[235] : 3 5 5 7 4 3 4 5 7 6 3 3 3 5 7 3 3 5 3 5 2 1 4 5 4 4 7 4 4 5 4 3 6 6 0
M[236] : 7 4 2 4 4 6 5 5 3 5 4 4 4 4 4 4 3 3 4 3 4 0 4 4 4 6 4 1 3 1 3 2 3 4 7
M[237] : 3 7 6 6 5 6 3 5 4 5 8 4 4 2 3 5 0 5 3 3 3 3 2 3 4 6 6 6 4 4 4 5 5 6 5
M[238] : 5 3 3 6 3 3 5 3 3 3 4 2 4 6 5 6 5 4 5 3 4 3 3 4 3 0 3 3 6 5 4 6 3 3 4
M[239] : 4 4 5 6 6 4 3 5 5 3 6 5 3 5 7 3 6 3 3 6 6 4 5 3 3 4 3 6 3 2 0 3 4 2 6
M[240] : 2 0 7 4 3 5 4 4 5 4 5 4 3 4 3 4 5 4 5 5 3 0 4 3 4 3 5 5 3 4 4 4 1 5 4
M[241] : 6 5 5 5 0 5 3 2 1 4 2 3 2 7 4 3 3 5 8 5 5 4 5 4 5 5 3 4 6 4 4 2 7 3 4
M[242] : 2 3 4 4 3 6 4 4 4 4 3 3 3 4 4 4 4 3 7 4 4 6 6 4 4 6 3 6 5 0 6 4 2 3 4
M[243] : 5 8 6 3 4 7 3 4 3 3 5 4 3 4 7 5 4 0 4 3 5 5 6 5 5 6 4 4 6 5 2 1 4 3 3
M[244] : 4 6 3 3 5 1 7 4 5 4 5 3 4 3 4 2 5 5 5 5 0 5 3 5 4 4 5 3 5 1 5 3 5 5 3
M[245] : 5 6 3 4 5 6 5 2 5 4 3 3 6 5 2 4 5 3 5 8 4 0 6 6 3 3 3 3 4 4 4 6 4 5 3
M[246] : 7 6 2 4 6 8 7 5 5 5 6 3 3 6 2 6 4 3 5 5 2 4 5 4 4 4 3 2 0 4 4 2 5 3 4
M[247] : 4 6 5 6 4 5 6 2 4 4 5 2 3 1 3 5 3 4 6 3 3 5 3 2 7 0 1 3 7 6 5 4 3 6 9
M[248] : 4 4 5 4 4 4 6 4 2 5 5 0 3 5 1 6 3 5 5 6 3 4 6 3 5 3 3 4 4 3 3 4 4 4 4
M[249] : 2 4 3 1 3 5 7 4 4 0 5 6 4 5 4 6 4 5 2 6 5 6 4 5 3 6 3 7 4 5 5 2 3 5 4
M[250] : 0 2 2 5 6 6 6 5 4 3 6 5 7 2 6 3 4 4 6 5 3 4 3 2 3 4 2 4 4 2 3 5 7 2 6
M[251] : 5 4 0 3 6 3 3 5 4 3 2 5 3 4 5 7 5 4 6 5 4 3 3 5 5 4 3 2 3 3 7 4 7 3 5
M[252] : 4 5 5 1 5 3 5 3 5 4 4 7 6 4 5 7 0 3 5 3 5 5 3 4 6 6 4 4 3 6 5 3 5 4 2
M[253] : 8 6 5 4 5 0 3 4 4 5 1 3 5 2 8 4 3 1 3 5 3 4 4 2 7 5 5 3 5 7 2 6 6 2 2
M[254] : 6 5 4 3 5 3 6 4 4 4 3 5 1 3 5 5 6 4 5 8 0 4 4 5 4 2 3 6 6 5 6 3 5 6 5
M[255] : 3 4 2 5 5 5 6 5 4 4 0 5 3 4 3 4 6 4 5 4 5 2 4 2 1 0 3 5 6 6 2 3 5 5 7
M[256] : 3 4 3 6 5 4 3 3 7 4 3 6 4 4 0 2 3 4 3 8 3 3 4 5 5 2 2 4 4 6 4 7 7 4 3
M[257] : 5 3 6 4 8 4 7 3 5 2 3 4 3 4 4 2 2 6 0 4 2 8 4 2 2 8 5 3 4 5 5 4 6 4 3
M[258] : 6 7 3 2 6 1 4 4 6 4 7 4 4 0 3 4 5 4 5 2 4 7 3 4 3 2 5 3 3 5 4 5 4 1 7
M[259] : 6 4 5 5 4 7 7 6 4 4 4 7 0 5 6 5 3 5 4 5 3 5 4 3 3 3 5 5 5 4 6 7 5 4 4
M[260] : 6 3 3 3 5 4 7 4 3 4 5 5 0 4 5 4 4 3 3 5 3 4 5 4 5 5 4 5 2 6 2 5 6 8 7
M[261] : 5 3 1 4 5 4 0 3 4 4 4 6 6 3 5 7 2 3 5 5 3 3 2 4 9 4 3 3 5 5 6 2 5 5 5
M[262] : 1 3 5 5 5 4 4 1 6 4 4 4 5 0 6 3 3 8 4 4 4 4 3 2 5 5 3 3 4 7 1 5 4 2 5
M[263] : 2 2 7 3 7 5 5 6 4 4 3 3 2 6 4 5 6 5 3 4 5 4 2 2 3 0 5 4 6 3 5 6 9 3 2
M[264] : 0 5 6 6 6 3 3 4 5 3 5 5 4 3 3 4 3 6 2 7 5 6 4 1 5 2 2 5 4 6 5 6 4 4 5
M[265] : 4 4 6 4 4 6 4 8 5 2 5 5 4 3 4 5 3 2 2 3 3 1 0 6 3 3 1 4 6 4 5 5 3 4 4
M[266] : 5 6 5 3 5 4 4 3 1 3 5 4 6 3 6 6 0 2 4 3 6 3 4 5 4 3 2 3 3 5 8 5 5 3 3
M[267] : 6 3 6 5 4 4 4 0 3 1 1 5 1 1 5 8 4 6 4 7 6 3 4 5 6 4 2 2 5 6 0 3 4 5 5
M[268] : 4 4 4 0 4 4 4 1 5 2 5 5 5 3 5 2 2 4 4 6 4 2 3 7 2 4 1 6 2 6 6 2 5 7 4
M[269] : 4 1 5 4 5 3 4 4 4 6 7 5 5 5 3 4 4 4 4 5 2 4 0 3 5 4 4 5 3 6 3 4 3 2 5
M[270] : 5 4 7 2 4 2 4 5 5 4 3 4 7 0 4 0 5 4 5 6 3 7 5 5 5 1 3 5 4 2 6 4 4 3 3
M[271] : 5 2 4 5 3 6 7 4 3 5 2 5 6 5 0 6 5 3 2 5 6 3 3 5 7 4 3 4 5 3 6 3 5 4 7
M[272] : 3 2 4 4 0 5 5 4 2 4 4 5 5 5 2 4 6 6 3 4 6 3 4 3 3 3 3 2 6 7 3 4 5 5 5
M[273] : 3 1 2 4 5 5 6 5 5 3 3 3 5 5 5 6 0 5 5 6 4 4 6 6 7 2 4 4 2 3 4 6 4 5 4
M[274] : 5 5 5 7 6 4 3 4 4 4 7 4 4 4 4 1 3 6 7 7 4 4 5 3 4 5 6 4 4 2 2 6 6 0 3
M[275] : 6 4 5 0 6 5 5 5 3 4 7 5 6 8 8 4 4 2 3 7 4 5 2 2 5 4 2 4 6 4 4 4 3 4 2
M[276] : 0 1 3 6 4 5 5 2 6 3 5 4 6 5 5 6 6 4 3 5 6 3 4 4 7 2 3 4 5 5 3 3 5 3 4
M[277] : 5 5 8 4 4 5 2 4 5 4 6 6 5 5 4 3 4 6 0 5 1 4 4 6 3 7 5 5 6 4 6 4 5 3 2
M[278] : 7 3 5 5 4 5 5 4 6 4 0 5 5 2 3 4 3 4 5 3 3 1 7 5 3 1 3 4 5 2 5 4 6 7 4
M[279] : 3 3 5 4 5 4 5 4 1 6 5 3 6 1 6 5 4 5 6 5 4 4 4 0 3 2 4 3 4 5 3 1 8 4 7
M[280] : 7 3 3 2 5 3 3 4 5 8 5 5 3 4 5 3 4 1 1 0 6 3 2 3 5 4 5 4 3 3 5 4 5 5 4
M[281] : 5 4 5 6 7 4 5 4 4 4 5 7 4 3 6 4 4 4 8 3 5 3 5 2 8 4 5 0 4 7 3 1 5 4 5
M[282] : 3 2 6 4 5 4 3 0 4 6 6 5 6 4 6 4 6 2 2 7 4 3 1 4 6 4 1 3 3 3 6 2 3 5 4
M[283] : 5 5 4 4 0 6 6 3 5 5 4 5 6 3 6 4 5 4 3 3 2 2 3 6 3 5 6 4 5 3 5 5 7 5 4
M[284] : 6 3 3 5 2 5 2 4 0 3 4 3 3 4 5 5 3 5 4 6 4 4 4 5 4 4 4 3 6 5 4 3 5 3 7
M[285] : 4 4 5 5 5 6 3 3 3 4 7 4 4 5 2 2 0 6 4 6 6 5 2 2 3 5 3 5 3 3 5 4 4 2 4
M[286] : 4 4 6 4 4 0 2 5 3 4 5 5 3 2 4 3 4 6 5 8 4 8 2 2 3 3 2 4 5 5 5 7 4 2 6
M[287] : 6 5 1 6 6 4 3 4 3 4 5 5 5 4 6 6 4 0 6 3 1 3 6 4 3 3 3 5 2 4 7 3 3 5 7
M[288] : 2 1 5 4 5 1 4 5 3 6 7 4 2 5 4 1 5 3 4 6 5 4 3 2 3 4 0 4 2 5 5 4 4 3 7
M[289] : 5 5 4 0 7 5 4 3 1 3 4 5 3 5 5 5 4 4 5 5 4 6 6 2 4 4 5 4 6 5 4 4 5 4 2
M[290] : 4 4 5 4 2 7 4 0 3 3 6 4 4 3 2 4 5 7 4 5 2 4 6 6 5 5 1 5 3 4 3 3 7 4 5
M[291] : 4 4 5 4 1 2 5 4 3 3 0 4 5 4 5 5 2 4 6 5 6 7 6 2 5 4 5 6 5 4 3 1 4 5 6
M[292] : 4 3 4 5 5 0 4 3 2 4 4 6 7 4 6 3 4 4 4 3 3 6 4 5 7 3 5 3 5 8 4 4 5 6 6
M[293] : 5 4 7 0 5 3 6 3 5 4 7 3 4 3 6 5 5 4 5 2 7 2 5 3 5 4 4 5 4 7 4 5 6 3 4
M[294] : 6 6 6 4 5 0 3 3 5 5 1 8 5 3 4 4 5 6 2 2 5 6 7 4 2 4 3 6 6 2 2 3 7 7 6
M[295] : 5 2 0 6 5 7 4 5 4 6 4 3 5 5 8 5 5 6 5 1 3 5 3 4 4 3 7 3 3 4 3 3 4 3 2
M[296] : 2 5 4 8 5 4 5 3 4 5 3 5 4 4 5 7 3 5 8 4 4 3 6 2 5 4 2 3 3 1 0 5 7 6 5
M[297] : 5 3 8 8 3 3 4 6 5 4 3 7 3 4 4 6 0 4 5 5 3 6 6 3 2 3 3 3 5 6 5 2 3 3 6
M[298] : 4 4 5 3 3 4 8 7 7 5 2 8 5 5 3 6 6 0 6 6 2 6 4 5 5 5 5 3 3 3 4 4 4 2 3
M[299] : 5 5 5 5 6 5 6 5 4 3 5 7 6 3 0 6 3 8 5 7 4 4 3 2 3 4 5 3 6 3 4 5 4 5 2

