 Execution de l'algoritme BITS sur le fichier dsjc500.1.txt
=====================================================================
 Partitions  : 
Vk[0] : 382 329 16 452 15 354 271 294 408 310 291 234 64 360 129 487 126 228 1 240 283 458 309 404 150 86 493 342 222 402 184 482 157 396 141 305 108 14 -->  38 éléments.
Vk[1] : 352 38 327 356 335 231 107 124 443 388 83 263 250 158 304 424 183 258 256 275 450 247 296 144 415 485 44 109 349 90 177 277 151 361 179 384 383 130 54 -->  39 éléments.
Vk[2] : 368 239 429 31 312 400 268 438 159 357 499 478 292 128 166 273 190 455 29 445 110 326 483 392 78 285 131 371 115 34 436 17 278 171 214 242 176 350 -->  38 éléments.
Vk[3] : 147 410 320 156 233 286 45 287 486 73 60 216 91 20 426 318 325 235 206 4 229 322 446 237 224 421 293 209 32 102 300 453 142 5 351 334 270 316 -->  38 éléments.
Vk[4] : 323 154 207 125 139 362 289 202 100 492 331 0 18 104 116 43 50 267 103 198 208 460 172 105 25 272 407 484 414 476 394 488 180 220 72 439 28 475 143 -->  39 éléments.
Vk[5] : 412 66 477 57 471 403 454 53 341 87 201 89 112 3 188 114 92 249 67 99 448 96 248 221 215 374 59 140 252 106 462 42 301 182 81 48 496 343 274 -->  39 éléments.
Vk[6] : 425 245 161 437 372 160 264 47 358 74 27 168 375 82 155 266 6 284 390 193 49 422 113 333 33 185 133 123 94 192 473 23 8 76 204 223 225 65 -->  38 éléments.
Vk[7] : 336 46 97 88 464 199 430 378 339 232 24 213 230 259 467 77 282 444 236 315 385 75 255 337 265 393 480 469 340 71 98 397 251 218 307 370 11 238 -->  38 éléments.
Vk[8] : 30 399 377 451 353 7 37 9 148 93 468 12 420 120 261 211 409 10 297 173 416 95 244 121 348 197 376 175 260 290 346 313 227 338 132 431 306 187 137 -->  39 éléments.
Vk[9] : 459 149 433 417 243 432 472 127 62 61 428 406 101 373 135 226 13 379 186 196 170 386 146 41 119 387 321 295 21 153 381 84 461 495 145 355 498 389 280 -->  39 éléments.
Vk[10] : 181 205 369 203 254 36 219 134 419 435 210 51 470 169 490 262 164 68 189 427 200 303 212 363 395 70 40 281 465 269 391 288 35 246 241 178 463 330 -->  38 éléments.
Vk[11] : 479 497 69 447 365 136 481 449 324 380 39 79 63 194 434 85 311 302 276 466 456 347 319 441 423 418 366 80 401 298 317 328 257 489 191 2 345 19 -->  38 éléments.
Vk[12] : 56 494 442 308 138 413 364 195 474 58 411 165 314 398 55 491 118 26 111 217 367 122 253 440 163 344 167 457 117 22 152 174 279 299 405 359 162 52 332 -->  39 éléments.
Matrice M
M[0] : 4 5 6 5 0 3 1 4 8 6 5 3 2
M[1] : 0 2 6 4 4 2 8 3 7 4 4 4 4
M[2] : 3 2 4 1 6 6 6 3 5 7 7 0 3
M[3] : 4 4 8 2 5 0 3 3 2 2 8 5 7
M[4] : 6 1 7 0 6 3 2 3 2 3 5 4 5
M[5] : 8 3 0 0 1 3 4 1 3 4 4 7 3
M[6] : 3 7 5 6 0 2 0 3 5 4 3 6 2
M[7] : 1 4 3 3 3 6 4 4 0 6 1 10 4
M[8] : 4 6 2 2 3 3 0 2 4 8 9 4 2
M[9] : 3 4 2 3 7 7 4 4 0 1 3 5 4
M[10] : 5 2 9 6 4 6 5 6 0 10 3 7 2
M[11] : 4 2 1 1 3 2 4 0 7 6 5 3 7
M[12] : 5 6 3 4 5 3 6 4 0 2 5 7 6
M[13] : 4 3 1 6 2 3 9 6 5 0 6 5 4
M[14] : 0 5 3 3 4 3 3 1 0 6 2 3 2
M[15] : 0 6 3 5 5 4 7 4 4 5 4 3 5
M[16] : 0 4 3 4 5 4 5 6 4 4 4 3 6
M[17] : 5 3 0 2 3 4 6 3 3 3 3 2 10
M[18] : 4 5 3 1 0 5 4 3 5 3 4 2 2
M[19] : 3 5 5 3 2 5 2 3 6 2 4 0 4
M[20] : 8 5 7 0 2 6 3 5 4 4 4 3 6
M[21] : 3 3 5 3 3 5 2 4 11 0 5 3 2
M[22] : 5 8 5 5 5 6 1 8 4 4 4 1 0
M[23] : 3 3 2 1 4 4 0 8 5 3 5 4 4
M[24] : 3 4 1 5 4 5 2 0 4 5 5 3 3
M[25] : 2 3 5 4 0 5 5 4 1 2 5 6 1
M[26] : 4 4 5 3 5 5 5 6 2 5 5 2 0
M[27] : 3 4 3 4 3 3 0 1 4 8 5 5 5
M[28] : 3 4 3 4 0 6 2 1 5 4 6 1 2
M[29] : 3 4 0 2 8 4 7 4 4 5 2 4 2
M[30] : 4 3 4 5 4 3 7 3 0 4 3 5 4
M[31] : 6 5 0 6 8 5 6 6 4 7 4 5 6
M[32] : 6 7 5 0 2 4 2 3 4 1 0 7 8
M[33] : 2 1 2 2 7 6 0 3 6 3 3 4 1
M[34] : 5 3 0 2 4 3 5 1 3 5 5 4 2
M[35] : 6 2 2 4 3 5 2 2 5 2 0 1 3
M[36] : 4 6 5 6 7 5 5 5 2 5 0 4 2
M[37] : 3 1 4 4 4 2 4 8 0 6 5 6 5
M[38] : 6 0 4 6 5 5 5 3 4 4 6 5 6
M[39] : 2 8 7 2 4 5 4 7 4 8 5 0 3
M[40] : 3 1 4 6 1 5 7 2 3 4 0 2 3
M[41] : 6 3 6 3 6 3 5 4 8 0 4 8 5
M[42] : 3 5 2 5 7 0 4 4 1 7 5 3 3
M[43] : 6 5 3 5 0 6 4 1 7 4 2 5 2
M[44] : 3 0 6 5 1 3 4 3 3 2 6 4 5
M[45] : 3 5 6 0 4 4 3 4 1 4 6 4 3
M[46] : 5 3 5 4 4 6 3 0 4 7 4 7 7
M[47] : 4 3 4 3 5 5 0 2 5 2 5 2 5
M[48] : 2 3 3 1 4 0 3 6 4 3 3 5 6
M[49] : 6 2 3 4 4 4 0 5 8 4 5 5 2
M[50] : 3 3 12 3 0 5 5 8 4 2 5 5 3
M[51] : 2 2 5 1 5 6 9 4 6 4 0 3 6
M[52] : 4 7 7 5 1 3 2 4 4 5 2 3 0
M[53] : 2 3 5 3 5 0 9 4 3 3 4 3 7
M[54] : 1 0 2 5 3 5 9 7 4 6 5 4 4
M[55] : 5 1 8 8 5 8 1 2 5 2 6 5 0
M[56] : 6 6 5 3 4 4 4 4 5 6 3 7 0
M[57] : 4 7 3 6 4 0 3 3 3 7 6 2 7
M[58] : 8 2 5 5 4 5 5 4 3 5 2 2 0
M[59] : 4 4 5 4 5 0 3 6 3 1 4 3 3
M[60] : 7 4 6 0 2 4 4 3 5 4 5 6 7
M[61] : 2 4 2 5 8 4 6 3 5 0 3 2 5
M[62] : 3 4 4 5 3 6 6 6 4 0 3 7 8
M[63] : 3 3 4 8 5 5 3 3 4 2 4 0 3
M[64] : 0 2 6 7 6 4 6 4 2 5 5 6 6
M[65] : 1 4 3 3 5 1 0 3 4 4 4 6 2
M[66] : 3 3 6 5 2 0 5 5 5 5 8 5 4
M[67] : 5 4 5 4 7 0 7 7 8 1 0 5 3
M[68] : 6 5 5 3 4 5 2 5 3 7 0 3 6
M[69] : 3 5 6 6 1 2 4 9 11 7 3 0 5
M[70] : 5 3 3 0 3 3 6 2 10 7 0 7 3
M[71] : 3 6 1 5 5 1 5 0 3 2 1 7 6
M[72] : 5 6 3 1 0 8 3 4 7 3 4 4 4
M[73] : 4 7 5 0 2 4 3 5 2 2 4 9 5
M[74] : 3 6 4 4 7 10 0 4 3 2 5 6 3
M[75] : 6 3 5 9 2 1 5 0 6 3 4 2 4
M[76] : 8 4 5 1 2 3 0 3 2 2 5 3 2
M[77] : 4 4 3 7 3 5 4 0 1 4 5 6 1
M[78] : 2 2 0 3 3 4 3 4 4 5 6 2 5
M[79] : 6 5 5 3 9 4 4 2 3 7 4 0 4
M[80] : 3 6 6 3 8 5 1 7 7 5 3 0 6
M[81] : 3 9 4 4 5 0 6 1 0 4 5 6 4
M[82] : 4 7 4 3 2 4 0 5 1 5 1 4 4
M[83] : 5 0 5 6 5 4 3 7 2 2 4 1 2
M[84] : 4 4 1 3 4 6 6 3 1 0 2 3 2
M[85] : 3 3 6 5 7 4 0 7 4 3 6 0 8
M[86] : 0 6 3 7 7 2 6 10 7 6 1 3 3
M[87] : 2 3 3 4 4 0 3 4 4 4 6 4 3
M[88] : 4 3 4 2 5 5 10 0 6 6 3 5 5
M[89] : 4 8 4 4 4 0 6 3 6 4 9 5 6
M[90] : 1 0 3 4 4 5 4 4 3 2 6 4 2
M[91] : 4 5 3 0 2 6 5 7 5 4 1 3 3
M[92] : 7 4 3 6 1 0 1 4 2 8 4 3 4
M[93] : 4 3 2 7 5 2 3 6 0 5 4 5 6
M[94] : 3 1 1 1 5 4 0 5 5 4 8 3 4
M[95] : 5 6 2 3 7 2 6 5 0 5 4 2 6
M[96] : 2 6 2 2 2 0 2 4 6 8 8 8 1
M[97] : 5 5 6 5 3 4 5 0 6 3 3 7 4
M[98] : 1 5 3 2 4 5 5 0 6 3 3 4 1
M[99] : 2 6 5 5 4 0 5 2 2 1 3 2 2
M[100] : 7 5 4 5 0 4 3 4 6 5 5 4 4
M[101] : 3 4 3 6 6 2 2 8 5 0 4 9 2
M[102] : 4 2 3 0 9 2 3 4 4 4 1 3 5
M[103] : 4 6 3 2 0 2 4 7 2 9 3 2 3
M[104] : 5 3 3 3 0 6 2 4 7 4 5 7 6
M[105] : 3 3 2 4 0 2 1 5 3 6 5 4 4
M[106] : 2 2 3 1 2 0 5 3 6 5 4 5 5
M[107] : 6 0 3 4 2 6 4 7 5 1 2 7 3
M[108] : 0 7 1 3 2 5 4 3 3 6 3 3 8
M[109] : 1 0 5 5 3 4 1 4 5 6 4 3 6
M[110] : 4 4 0 5 5 2 4 4 6 3 2 5 2
M[111] : 4 6 6 4 3 0 3 5 5 7 5 4 0
M[112] : 2 4 2 4 5 0 5 4 2 4 3 2 3
M[113] : 4 4 5 5 6 3 0 5 2 5 4 2 4
M[114] : 5 2 5 3 4 0 5 4 4 3 4 2 3
M[115] : 0 5 0 1 6 4 4 4 5 4 5 3 5
M[116] : 5 4 4 1 0 7 4 2 2 5 1 5 6
M[117] : 3 2 1 6 4 2 3 6 5 4 5 2 0
M[118] : 4 4 3 7 4 2 3 5 7 4 6 5 0
M[119] : 3 5 4 4 3 1 6 4 5 0 10 4 6
M[120] : 6 3 3 4 7 5 3 6 0 3 4 3 7
M[121] : 2 1 4 4 10 3 4 5 0 5 4 4 4
M[122] : 4 2 4 6 7 4 3 5 2 2 7 4 0
M[123] : 9 5 3 5 4 2 0 5 1 6 5 2 3
M[124] : 3 0 3 3 2 4 2 5 4 5 8 3 4
M[125] : 4 5 3 3 0 6 5 3 2 2 2 4 2
M[126] : 0 8 4 7 5 3 1 3 4 4 2 4 9
M[127] : 7 5 4 3 3 2 4 5 4 0 1 5 4
M[128] : 3 5 0 4 5 6 1 4 4 5 4 6 3
M[129] : 0 4 1 2 5 1 4 4 4 5 4 3 3
M[130] : 4 0 8 5 4 7 2 5 3 0 1 2 2
M[131] : 5 4 0 3 3 2 3 1 3 4 4 4 5
M[132] : 3 4 2 1 6 1 3 3 0 4 3 4 1
M[133] : 2 1 10 3 5 4 0 4 4 5 2 2 7
M[134] : 5 6 7 3 6 3 5 6 4 2 0 6 6
M[135] : 6 7 9 10 6 4 1 4 3 0 6 6 6
M[136] : 5 3 6 4 1 6 5 6 4 4 7 0 4
M[137] : 1 0 2 3 3 5 2 1 0 6 5 7 7
M[138] : 4 5 5 2 2 2 2 5 3 4 3 6 0
M[139] : 5 4 5 8 0 3 4 4 10 5 4 2 5
M[140] : 7 2 3 7 6 0 3 1 5 4 1 2 4
M[141] : 0 2 3 3 7 6 7 2 4 1 2 7 5
M[142] : 2 7 4 0 2 7 2 3 4 3 6 6 2
M[143] : 6 4 0 1 0 3 6 3 4 4 1 4 3
M[144] : 4 0 4 5 5 3 5 5 4 3 3 3 7
M[145] : 3 2 5 4 4 5 5 3 3 0 6 2 1
M[146] : 7 3 8 3 3 3 7 5 5 0 6 5 2
M[147] : 4 5 4 0 5 4 4 8 6 3 5 2 3
M[148] : 5 3 5 4 4 4 3 6 0 4 4 6 4
M[149] : 3 7 4 7 9 4 6 3 2 0 5 4 6
M[150] : 0 5 4 2 4 5 2 6 7 7 4 2 0
M[151] : 4 0 5 0 5 1 3 4 2 4 7 3 3
M[152] : 6 4 4 5 5 5 5 3 3 5 4 1 0
M[153] : 2 3 6 5 3 2 3 3 3 0 3 4 2
M[154] : 7 4 6 5 0 4 6 4 4 4 3 4 8
M[155] : 1 8 3 2 5 2 0 4 5 5 6 3 4
M[156] : 6 6 4 0 4 3 3 2 4 3 6 3 4
M[157] : 0 4 5 4 5 3 5 4 1 6 3 4 3
M[158] : 6 0 3 2 5 2 4 1 3 1 5 2 5
M[159] : 4 5 0 4 2 6 3 3 6 4 2 6 4
M[160] : 6 6 5 4 7 3 0 6 3 5 5 5 7
M[161] : 4 2 2 4 3 6 0 2 4 3 4 4 6
M[162] : 5 5 5 0 2 2 4 7 1 4 8 6 0
M[163] : 6 6 4 7 6 4 2 3 0 0 1 2 0
M[164] : 6 8 4 3 4 2 5 4 3 7 0 4 4
M[165] : 7 5 4 5 5 4 5 2 3 4 2 6 0
M[166] : 3 5 0 6 4 5 5 6 5 7 5 4 5
M[167] : 4 6 3 2 5 5 3 3 5 5 4 7 0
M[168] : 2 3 2 4 3 2 0 3 3 5 4 2 4
M[169] : 3 8 5 7 2 4 3 4 5 2 0 3 8
M[170] : 7 2 7 2 4 3 3 3 6 0 3 3 2
M[171] : 6 6 0 6 5 4 7 2 3 6 5 1 3
M[172] : 3 3 3 3 0 5 5 1 4 6 4 3 5
M[173] : 4 3 3 5 5 2 6 3 0 6 2 6 1
M[174] : 3 4 5 4 2 7 4 2 5 6 2 2 0
M[175] : 2 3 6 1 5 5 9 7 0 3 3 3 2
M[176] : 4 8 0 6 5 4 2 0 3 5 2 2 6
M[177] : 3 0 4 4 2 5 2 2 4 5 4 3 2
M[178] : 2 8 4 4 7 5 5 1 4 2 0 5 2
M[179] : 7 0 1 2 3 8 7 2 6 2 4 7 2
M[180] : 6 2 4 1 0 3 3 5 3 3 4 4 1
M[181] : 5 5 2 6 3 6 5 5 2 4 0 5 6
M[182] : 9 4 6 2 4 0 3 6 6 2 4 5 3
M[183] : 4 0 2 4 3 6 3 7 3 6 1 4 2
M[184] : 0 4 7 5 4 6 3 2 4 4 6 3 1
M[185] : 5 2 4 6 8 6 0 1 1 2 1 2 5
M[186] : 4 6 3 7 1 5 2 4 5 0 5 2 3
M[187] : 1 2 8 4 9 6 2 2 0 7 4 7 6
M[188] : 5 9 7 8 2 0 1 4 7 3 3 3 3
M[189] : 3 3 3 1 6 5 5 6 6 11 0 4 5
M[190] : 3 3 0 5 4 4 4 6 4 11 6 6 6
M[191] : 2 2 2 4 4 7 6 6 4 5 5 0 4
M[192] : 2 3 5 3 6 5 0 6 6 5 2 7 3
M[193] : 5 4 4 2 5 3 0 3 10 4 6 2 3
M[194] : 3 2 4 6 2 2 6 4 5 4 5 0 5
M[195] : 4 5 4 6 3 5 2 6 8 4 3 3 0
M[196] : 4 2 4 3 6 4 3 3 4 0 3 2 2
M[197] : 5 3 3 5 3 7 1 3 0 4 5 4 5
M[198] : 2 1 1 6 0 6 2 2 11 4 8 5 5
M[199] : 5 4 4 6 6 1 4 0 9 6 3 2 5
M[200] : 6 6 2 3 3 4 3 4 3 4 0 6 3
M[201] : 8 2 6 4 1 0 4 4 6 6 3 5 4
M[202] : 8 3 6 4 0 3 5 4 5 10 5 5 5
M[203] : 6 5 5 2 3 7 5 5 4 7 0 8 4
M[204] : 7 8 3 2 3 2 0 2 3 1 6 3 5
M[205] : 4 3 4 6 5 1 6 6 3 5 0 11 4
M[206] : 7 3 4 0 3 4 3 2 4 6 8 2 4
M[207] : 4 6 4 5 0 2 4 2 4 6 5 3 3
M[208] : 3 4 3 1 0 3 3 6 6 3 9 2 7
M[209] : 5 0 1 0 5 5 6 4 3 3 3 0 3
M[210] : 3 3 5 6 4 6 6 6 1 5 0 7 1
M[211] : 4 3 4 3 2 2 5 5 0 4 2 5 2
M[212] : 6 7 4 5 3 2 2 5 4 4 0 4 8
M[213] : 6 4 2 1 6 3 3 0 2 3 2 2 3
M[214] : 8 5 0 2 2 6 7 0 2 4 3 8 6
M[215] : 9 5 5 3 6 0 5 2 4 3 6 3 5
M[216] : 2 1 3 0 8 5 5 4 3 6 5 2 5
M[217] : 2 3 6 6 5 4 7 4 5 2 5 4 0
M[218] : 3 7 6 3 5 5 0 0 3 5 4 3 8
M[219] : 6 6 5 7 4 2 7 5 2 6 0 2 6
M[220] : 6 5 0 1 0 6 7 1 3 6 3 8 2
M[221] : 4 3 3 3 2 0 2 3 3 4 2 2 5
M[222] : 0 5 4 2 7 7 2 4 1 4 7 5 4
M[223] : 1 5 2 4 4 3 0 1 5 2 2 3 5
M[224] : 2 5 4 0 5 2 4 6 5 4 5 3 3
M[225] : 5 5 4 5 6 3 0 2 4 4 3 3 4
M[226] : 5 5 4 4 4 5 3 3 5 0 4 4 2
M[227] : 6 5 5 5 5 7 3 1 0 5 2 4 3
M[228] : 0 4 11 5 6 2 3 2 2 5 6 5 2
M[229] : 3 4 5 0 3 5 2 6 4 7 3 2 4
M[230] : 3 5 5 2 5 5 4 0 4 5 4 7 4
M[231] : 3 0 3 8 6 7 4 5 5 2 5 4 3
M[232] : 7 4 2 7 3 3 2 0 2 3 4 6 3
M[233] : 3 6 4 0 1 4 4 7 4 6 3 7 2
M[234] : 0 2 3 5 6 6 4 3 2 5 7 2 5
M[235] : 4 5 5 0 1 3 5 5 4 2 0 1 4
M[236] : 5 4 2 5 2 6 5 0 8 2 4 3 2
M[237] : 8 3 3 0 3 2 4 2 3 2 9 6 4
M[238] : 7 8 1 5 2 7 2 0 7 2 1 0 4
M[239] : 4 6 0 9 6 6 6 6 3 2 6 7 6
M[240] : 0 5 1 5 1 3 1 8 2 6 2 7 0
M[241] : 5 4 1 6 4 4 2 4 5 7 0 3 2
M[242] : 8 1 0 5 2 5 6 8 2 3 0 3 1
M[243] : 7 2 4 4 5 6 7 4 8 0 10 5 2
M[244] : 2 5 2 3 5 3 3 5 0 3 3 3 3
M[245] : 2 5 9 5 2 5 0 7 3 2 6 5 5
M[246] : 3 3 7 2 4 3 6 6 6 5 0 1 5
M[247] : 5 0 4 5 6 6 3 5 4 4 2 4 2
M[248] : 1 5 5 1 3 0 3 6 2 4 3 4 8
M[249] : 4 6 4 3 5 0 8 7 3 4 5 4 6
M[250] : 3 0 6 5 3 4 5 3 2 4 6 4 8
M[251] : 5 3 3 2 0 4 2 0 4 5 5 6 3
M[252] : 3 5 8 10 6 0 3 5 7 2 4 5 1
M[253] : 1 2 2 2 2 4 4 2 8 4 4 3 0
M[254] : 5 6 4 4 7 6 4 3 4 7 0 6 4
M[255] : 4 5 1 2 6 5 9 0 7 4 9 6 7
M[256] : 6 0 2 3 5 3 4 2 1 5 7 3 4
M[257] : 3 6 3 6 7 3 4 8 5 5 5 0 4
M[258] : 4 0 1 5 7 4 6 4 2 3 8 3 2
M[259] : 2 7 4 2 1 6 4 0 8 5 10 6 7
M[260] : 3 5 4 6 1 6 1 4 0 3 3 2 6
M[261] : 3 3 6 5 6 3 6 4 0 4 5 3 2
M[262] : 2 4 5 8 3 5 6 2 3 1 0 4 5
M[263] : 3 0 2 5 3 6 8 2 4 2 3 2 4
M[264] : 3 2 4 4 3 6 0 6 4 4 4 2 4
M[265] : 4 2 5 3 5 7 1 0 4 2 2 1 4
M[266] : 5 4 2 1 4 5 0 3 4 7 3 1 4
M[267] : 2 2 5 2 0 3 4 6 8 3 8 5 4
M[268] : 4 4 0 3 6 4 3 3 4 6 2 5 8
M[269] : 5 5 5 0 5 6 3 2 4 2 0 4 5
M[270] : 3 7 5 0 1 4 2 3 3 7 3 2 2
M[271] : 0 4 2 3 5 6 2 2 7 2 5 2 3
M[272] : 5 1 2 2 0 3 3 2 5 3 4 6 4
M[273] : 2 1 0 2 4 6 4 3 6 3 3 7 4
M[274] : 4 1 4 6 4 0 0 3 3 5 5 1 2
M[275] : 1 0 3 4 3 2 2 8 5 5 2 8 5
M[276] : 5 2 6 3 4 0 4 3 4 4 5 0 4
M[277] : 5 0 4 4 6 4 1 4 3 3 3 3 2
M[278] : 4 4 0 3 1 4 2 3 5 2 1 4 6
M[279] : 1 2 2 6 2 6 6 3 4 2 5 6 0
M[280] : 4 4 6 2 7 0 4 6 3 0 4 5 0
M[281] : 2 7 2 6 5 6 6 6 4 4 0 2 3
M[282] : 5 6 7 3 7 1 2 0 5 6 5 4 3
M[283] : 0 3 2 4 3 2 3 1 3 3 6 5 3
M[284] : 3 5 5 3 4 2 0 4 3 1 5 6 2
M[285] : 2 4 0 3 3 9 3 5 3 8 2 5 4
M[286] : 4 6 7 0 1 4 4 2 2 3 4 2 6
M[287] : 5 5 4 0 3 6 4 4 6 6 6 8 6
M[288] : 1 5 4 5 4 3 5 3 4 4 0 4 2
M[289] : 6 5 4 5 0 6 3 3 6 6 4 4 3
M[290] : 6 5 4 4 5 3 5 4 0 3 5 2 2
M[291] : 0 6 3 3 5 4 3 2 3 1 1 3 5
M[292] : 7 1 0 8 2 3 3 2 8 3 2 6 3
M[293] : 3 2 1 0 7 7 5 6 3 7 3 4 3
M[294] : 0 6 5 4 7 6 5 8 7 4 2 5 4
M[295] : 6 7 2 1 3 3 3 6 3 0 3 4 4
M[296] : 4 0 4 3 2 1 6 2 5 6 5 4 7
M[297] : 2 4 1 5 6 3 3 7 0 5 3 5 3
M[298] : 10 3 1 4 1 3 3 6 4 2 8 0 3
M[299] : 5 1 4 1 2 2 1 5 6 3 8 5 0
M[300] : 5 4 5 0 1 2 3 0 3 5 7 4 2
M[301] : 3 8 6 3 8 0 0 3 4 2 4 4 3
M[302] : 1 4 2 2 3 3 2 4 4 4 4 0 2
M[303] : 6 5 2 4 5 3 5 3 4 4 0 2 5
M[304] : 3 0 3 5 7 5 2 6 5 5 3 2 5
M[305] : 0 6 5 4 5 1 6 4 4 5 7 6 3
M[306] : 7 4 3 2 5 7 3 6 0 1 5 6 5
M[307] : 6 3 3 5 3 7 3 0 1 8 5 5 4
M[308] : 4 3 3 3 4 3 3 3 4 3 5 3 0
M[309] : 0 3 6 4 2 5 2 3 5 3 3 1 5
M[310] : 0 1 5 3 5 2 5 5 1 5 2 2 5
M[311] : 4 5 4 4 5 9 7 3 3 3 2 0 6
M[312] : 5 6 0 5 6 3 4 5 2 4 6 4 4
M[313] : 3 4 2 2 8 5 3 5 0 6 3 7 8
M[314] : 4 3 5 3 5 4 3 4 4 2 4 3 0
M[315] : 5 5 2 3 3 3 1 0 2 6 3 6 4
M[316] : 2 4 2 0 5 7 5 6 8 2 4 2 4
M[317] : 4 3 1 1 5 4 6 5 3 6 1 0 8
M[318] : 4 4 3 0 4 4 2 6 3 6 6 5 4
M[319] : 5 4 3 2 7 3 5 6 6 4 5 0 3
M[320] : 2 2 2 0 5 4 4 4 10 4 6 2 6
M[321] : 4 6 5 5 2 4 4 5 4 0 3 5 5
M[322] : 6 6 4 0 7 5 0 1 9 7 3 6 3
M[323] : 6 5 8 6 0 4 7 3 7 3 3 2 2
M[324] : 2 5 3 3 3 3 8 4 4 5 6 0 7
M[325] : 6 5 9 0 8 4 5 2 6 5 4 2 5
M[326] : 5 4 0 3 4 6 1 6 3 2 4 4 3
M[327] : 5 0 3 1 5 12 4 6 3 4 3 3 5
M[328] : 6 2 5 5 7 2 4 2 7 5 2 0 3
M[329] : 0 4 5 3 3 5 2 6 5 4 6 6 7
M[330] : 6 1 1 6 6 2 5 4 5 5 0 7 4
M[331] : 5 8 5 9 0 3 4 2 12 5 4 5 5
M[332] : 3 4 1 3 4 8 2 3 5 1 5 3 0
M[333] : 3 4 3 5 6 3 0 5 9 2 6 5 3
M[334] : 1 6 6 0 4 5 6 3 2 6 0 1 3
M[335] : 3 0 5 4 7 4 5 6 5 6 6 6 5
M[336] : 3 5 4 4 6 4 3 0 6 5 1 4 8
M[337] : 1 3 5 6 5 1 4 0 4 6 5 3 6
M[338] : 3 3 3 5 9 6 5 6 0 3 7 4 4
M[339] : 3 3 8 3 2 3 4 0 8 5 5 4 4
M[340] : 7 5 4 2 7 3 6 0 4 2 8 10 4
M[341] : 3 3 2 5 5 0 3 6 3 4 2 3 5
M[342] : 0 5 5 2 7 5 1 5 5 7 4 4 8
M[343] : 4 3 4 2 4 0 5 3 4 4 4 5 6
M[344] : 6 4 6 3 1 4 3 1 3 5 5 9 0
M[345] : 3 6 7 4 5 6 3 5 4 1 2 0 2
M[346] : 2 6 5 3 6 3 4 3 0 5 2 3 4
M[347] : 7 1 3 4 5 4 2 1 4 3 6 0 5
M[348] : 5 3 7 4 8 4 5 3 0 5 6 4 4
M[349] : 2 0 8 4 2 3 4 3 5 4 5 1 4
M[350] : 0 3 0 5 6 4 4 5 3 6 8 5 6
M[351] : 5 5 4 0 7 6 4 2 5 3 5 2 1
M[352] : 4 0 4 7 8 6 4 6 3 4 8 6 3
M[353] : 3 3 1 1 3 3 3 5 0 5 7 3 5
M[354] : 0 4 4 2 4 6 3 6 2 7 6 4 7
M[355] : 6 3 4 5 7 4 1 5 3 0 4 3 4
M[356] : 6 0 2 3 3 6 3 4 2 4 4 4 2
M[357] : 6 3 0 4 3 2 2 4 4 3 3 7 2
M[358] : 6 4 2 4 5 0 0 5 3 5 3 1 8
M[359] : 7 3 1 4 3 3 2 5 5 6 6 1 0
M[360] : 0 5 7 8 7 7 1 5 5 3 4 6 4
M[361] : 3 0 4 6 5 4 1 4 6 6 4 1 6
M[362] : 2 3 5 3 0 3 3 3 6 2 4 5 4
M[363] : 4 3 4 6 13 4 3 4 4 3 0 6 6
M[364] : 6 3 4 4 3 3 8 3 2 1 5 4 0
M[365] : 3 5 4 2 5 4 2 6 6 7 5 0 5
M[366] : 1 0 1 3 1 6 2 6 6 5 2 0 4
M[367] : 2 2 4 3 2 5 5 3 2 0 7 7 0
M[368] : 5 5 0 4 2 4 5 2 6 5 6 4 6
M[369] : 8 4 5 4 4 3 4 3 5 3 0 5 2
M[370] : 3 6 0 4 3 6 6 0 5 2 6 4 4
M[371] : 6 6 0 4 2 4 6 3 2 8 4 3 8
M[372] : 3 7 4 3 3 3 0 2 6 3 3 2 5
M[373] : 4 3 6 4 7 2 1 5 5 0 4 4 3
M[374] : 1 5 6 3 4 0 2 8 5 1 5 3 6
M[375] : 4 3 5 5 6 6 0 6 4 4 3 6 2
M[376] : 6 2 2 2 3 4 6 4 0 4 5 2 2
M[377] : 5 3 5 5 3 2 3 4 0 6 5 4 6
M[378] : 7 4 6 4 1 4 5 0 6 4 4 1 6
M[379] : 3 5 2 5 3 2 3 3 7 0 6 4 6
M[380] : 3 2 6 5 6 9 2 5 1 4 7 0 7
M[381] : 5 1 1 7 4 5 10 4 3 0 3 5 1
M[382] : 0 6 4 3 1 4 4 7 2 2 5 4 5
M[383] : 5 0 4 3 4 4 4 1 3 5 2 1 3
M[384] : 6 0 1 1 2 3 2 3 2 5 8 5 4
M[385] : 6 4 7 9 1 2 5 0 3 5 6 6 5
M[386] : 3 1 4 1 2 5 4 2 9 0 2 7 2
M[387] : 6 3 3 5 5 5 3 2 4 0 7 2 3
M[388] : 9 0 8 5 5 3 3 2 4 8 5 4 3
M[389] : 3 9 6 1 5 6 4 8 3 0 5 6 6
M[390] : 6 2 7 4 4 3 0 4 4 5 6 7 4
M[391] : 3 7 2 6 6 3 5 2 3 3 0 3 5
M[392] : 8 1 0 6 4 6 3 3 5 3 4 6 3
M[393] : 5 5 5 7 3 7 2 0 3 9 3 5 2
M[394] : 2 4 3 7 0 4 8 5 4 2 5 6 3
M[395] : 4 6 2 4 4 11 1 5 3 1 0 4 4
M[396] : 0 4 8 7 3 2 3 4 2 3 5 1 2
M[397] : 1 5 6 3 4 5 6 0 5 1 2 4 4
M[398] : 3 2 6 2 4 5 6 5 7 2 5 6 0
M[399] : 7 3 5 4 3 7 4 6 0 4 4 3 6
M[400] : 5 3 0 2 3 5 8 10 3 6 4 3 2
M[401] : 5 3 6 2 2 3 5 3 4 4 2 0 3
M[402] : 0 5 5 4 4 4 3 3 8 2 6 2 4
M[403] : 6 4 2 8 9 0 5 4 5 6 7 2 6
M[404] : 0 3 3 7 3 5 7 4 3 5 5 2 2
M[405] : 6 2 6 5 6 3 8 4 5 5 5 5 0
M[406] : 3 5 4 3 5 7 2 4 2 0 4 3 5
M[407] : 3 4 2 2 0 2 6 3 2 3 3 2 2
M[408] : 0 3 2 8 3 8 4 6 3 7 5 3 12
M[409] : 6 6 6 3 5 6 2 6 0 10 4 3 3
M[410] : 4 4 3 0 4 4 4 4 5 2 9 6 5
M[411] : 4 5 7 7 2 5 3 3 2 4 2 6 0
M[412] : 4 5 4 7 5 0 6 6 3 4 5 1 8
M[413] : 4 5 4 5 3 5 6 5 6 3 3 7 0
M[414] : 7 5 3 4 0 7 8 4 5 4 2 3 8
M[415] : 3 0 2 2 3 2 6 6 4 6 6 7 2
M[416] : 3 4 1 4 4 9 5 5 0 4 6 1 3
M[417] : 7 4 10 2 7 5 2 3 6 0 3 2 3
M[418] : 3 9 3 6 2 4 2 5 5 2 4 0 2
M[419] : 4 7 4 5 2 5 3 2 5 6 0 7 5
M[420] : 5 5 2 8 5 3 4 3 0 4 2 5 2
M[421] : 3 1 3 0 5 2 2 7 3 1 5 3 6
M[422] : 3 2 4 2 3 4 0 5 2 9 6 1 3
M[423] : 3 5 7 3 1 3 2 3 2 5 4 0 1
M[424] : 7 0 1 9 4 2 4 5 1 7 3 10 4
M[425] : 4 4 5 4 3 3 0 4 3 6 6 3 4
M[426] : 7 3 4 0 5 1 2 3 5 3 1 6 5
M[427] : 7 4 3 3 2 4 3 5 2 8 0 5 5
M[428] : 4 1 2 5 5 4 3 7 3 0 5 5 4
M[429] : 6 3 0 3 5 4 4 6 1 6 5 7 5
M[430] : 6 5 5 3 6 4 4 0 7 5 4 1 1
M[431] : 1 4 2 5 9 3 4 7 0 5 6 5 7
M[432] : 3 7 5 2 3 7 3 6 4 0 7 5 3
M[433] : 4 5 6 3 7 3 3 5 3 0 3 3 7
M[434] : 6 2 5 4 3 3 3 2 6 1 5 0 6
M[435] : 2 8 7 3 4 3 4 4 6 4 0 3 3
M[436] : 2 2 0 5 5 5 1 1 3 1 2 3 5
M[437] : 6 2 6 4 2 6 0 4 6 4 5 6 5
M[438] : 6 3 0 3 7 9 3 2 3 2 4 4 4
M[439] : 4 3 6 5 0 6 2 1 6 6 3 1 3
M[440] : 8 3 2 4 5 4 8 6 5 2 5 2 0
M[441] : 4 3 5 4 4 3 3 5 4 6 3 0 3
M[442] : 3 3 4 4 4 5 4 4 3 4 2 3 0
M[443] : 3 0 3 3 4 6 4 2 3 5 6 3 6
M[444] : 3 3 2 5 4 4 4 0 1 6 7 2 2
M[445] : 2 4 0 3 2 9 3 3 1 10 4 7 6
M[446] : 4 5 2 0 4 7 3 2 6 6 5 7 4
M[447] : 3 7 5 5 5 8 7 2 8 5 3 0 6
M[448] : 3 7 8 2 4 0 2 5 7 6 1 7 3
M[449] : 4 3 4 5 3 2 5 4 6 4 5 0 7
M[450] : 4 0 8 6 5 5 3 7 6 4 2 4 3
M[451] : 4 6 3 9 6 4 4 4 0 2 4 4 5
M[452] : 0 2 8 5 7 6 6 5 7 3 5 6 3
M[453] : 2 5 4 0 6 4 2 7 1 3 5 7 7
M[454] : 6 7 4 2 6 0 4 2 6 5 4 7 2
M[455] : 3 5 0 4 2 3 2 3 7 2 3 1 3
M[456] : 4 2 5 5 6 0 3 6 2 7 6 0 4
M[457] : 7 2 4 1 6 4 2 3 1 6 4 3 0
M[458] : 0 2 6 9 3 6 4 1 3 6 2 3 6
M[459] : 4 4 6 9 3 6 6 1 4 0 5 5 5
M[460] : 2 2 3 2 0 8 4 9 2 6 3 3 5
M[461] : 4 3 5 1 2 6 7 2 2 0 5 4 2
M[462] : 4 2 5 3 3 0 4 4 2 6 3 2 4
M[463] : 1 4 2 3 2 5 4 5 7 1 0 6 9
M[464] : 3 5 3 2 3 5 3 0 4 4 6 4 2
M[465] : 2 3 2 3 5 7 2 7 4 7 0 2 3
M[466] : 2 6 7 2 1 1 3 2 5 1 7 0 2
M[467] : 5 4 5 2 1 3 1 0 2 4 1 5 4
M[468] : 4 4 7 4 6 5 5 2 0 4 5 3 2
M[469] : 1 5 1 4 3 8 2 0 2 5 1 11 3
M[470] : 3 5 4 5 4 5 7 5 4 8 0 3 5
M[471] : 5 3 4 3 4 0 3 5 8 4 7 6 3
M[472] : 6 6 6 5 1 4 3 6 5 0 3 5 9
M[473] : 4 4 4 4 3 6 0 3 4 8 8 4 2
M[474] : 3 2 6 6 6 7 2 4 6 8 3 5 0
M[475] : 4 3 3 3 0 7 4 3 5 3 3 6 2
M[476] : 6 4 6 6 0 3 5 3 4 4 6 2 4
M[477] : 4 3 6 6 8 0 3 5 6 4 4 5 4
M[478] : 2 2 0 5 6 5 4 4 3 2 7 3 4
M[479] : 3 5 4 6 2 5 4 3 2 7 4 0 4
M[480] : 4 5 2 4 1 4 6 0 6 4 5 5 5
M[481] : 6 5 3 10 7 2 2 6 4 4 7 0 4
M[482] : 0 1 1 2 5 1 4 5 8 9 1 4 3
M[483] : 6 5 0 2 3 6 3 2 4 4 6 1 2
M[484] : 3 5 5 5 0 5 3 2 7 4 8 6 3
M[485] : 4 0 4 3 1 3 6 7 3 1 9 3 3
M[486] : 5 6 4 0 3 2 3 5 4 7 4 4 3
M[487] : 0 6 4 4 1 5 4 4 6 4 2 5 6
M[488] : 2 6 4 8 0 2 6 1 7 3 5 5 3
M[489] : 6 3 5 4 0 4 3 1 3 3 4 0 3
M[490] : 2 3 6 7 5 5 6 6 4 4 0 9 8
M[491] : 2 5 2 1 0 4 3 5 4 6 6 3 0
M[492] : 6 5 5 5 0 3 2 5 5 5 4 1 3
M[493] : 0 5 7 5 4 5 6 5 2 4 8 5 10
M[494] : 6 9 4 2 2 3 4 4 4 3 4 5 0
M[495] : 7 4 4 0 4 3 6 5 3 0 3 4 5
M[496] : 8 4 10 4 3 0 1 1 7 4 3 4 2
M[497] : 4 5 3 4 5 3 4 7 3 7 4 0 4
M[498] : 3 2 5 5 3 3 3 5 8 0 7 4 5
M[499] : 6 4 0 7 4 5 3 2 5 7 2 5 1

