 Execution de l'algoritme BITS sur le fichier dsjc500.1.txt
=====================================================================
 Partitions  : 
Vk[0] : 306 307 327 426 350 12 235 420 134 365 261 199 386 317 442 359 57 412 181 357 171 268 313 377 265 132 270 310 5 328 40 499 75 356 140 111 347 99 -->  38 éléments.
Vk[1] : 447 74 354 342 218 115 337 19 497 465 225 320 216 27 96 278 479 436 17 260 373 85 378 352 4 281 358 125 123 346 121 108 362 120 226 234 262 418 -->  38 éléments.
Vk[2] : 191 299 468 72 481 190 250 60 330 238 259 390 117 69 15 416 81 433 266 409 100 406 329 204 63 50 383 461 382 20 114 18 308 59 437 45 198 439 82 -->  39 éléments.
Vk[3] : 202 206 103 62 273 2 445 42 29 322 164 220 453 244 9 483 128 54 56 295 318 338 53 279 158 52 209 438 470 384 16 401 463 34 370 404 192 173 -->  38 éléments.
Vk[4] : 160 331 93 361 94 113 236 180 148 473 71 68 496 314 104 355 145 43 443 182 472 73 399 196 183 467 248 64 341 233 83 188 291 116 242 366 229 172 246 -->  39 éléments.
Vk[5] : 490 393 135 39 408 208 339 25 6 294 51 136 474 488 197 372 185 119 130 476 379 454 47 221 478 396 498 349 157 84 375 277 87 212 315 138 152 302 -->  38 éléments.
Vk[6] : 210 385 176 448 23 110 118 336 305 91 227 179 186 392 13 419 0 184 280 241 11 264 26 224 65 55 90 441 247 167 219 326 165 107 7 398 422 253 150 -->  39 éléments.
Vk[7] : 86 403 129 8 304 449 67 230 324 353 432 168 290 66 215 464 429 151 482 36 452 177 344 105 162 458 48 292 415 425 301 489 284 189 217 153 79 457 -->  38 éléments.
Vk[8] : 493 95 61 3 389 166 293 80 494 487 141 187 466 149 170 456 32 142 286 485 14 413 300 428 155 112 44 325 391 368 402 24 455 323 387 211 33 175 245 -->  39 éléments.
Vk[9] : 31 122 243 459 424 10 254 41 303 477 471 410 335 298 1 97 274 255 174 231 397 237 256 37 430 351 195 102 228 252 124 492 423 213 76 491 271 205 269 -->  39 éléments.
Vk[10] : 30 451 267 414 249 312 239 340 369 371 251 258 296 163 137 376 367 203 364 161 285 480 283 400 446 289 28 275 287 232 144 46 394 263 444 343 88 143 -->  38 éléments.
Vk[11] : 405 427 78 333 431 156 70 214 460 147 200 58 297 469 131 411 388 395 381 106 22 272 240 49 475 332 77 316 38 35 178 348 201 407 159 435 101 421 363 -->  39 éléments.
Vk[12] : 417 257 146 484 440 98 486 133 380 207 139 169 21 223 194 462 450 154 434 495 127 109 89 374 311 92 345 193 282 309 222 321 126 360 276 319 334 288 -->  38 éléments.
Matrice M
M[0] : 5 5 4 5 6 4 0 4 1 7 4 4 3
M[1] : 4 3 8 6 4 3 5 3 6 0 4 3 3
M[2] : 6 4 3 0 1 8 8 4 5 2 3 6 3
M[3] : 3 6 3 3 5 4 7 4 0 5 5 3 5
M[4] : 5 0 3 4 4 4 5 1 5 5 3 5 3
M[5] : 0 4 5 3 4 3 2 3 3 5 5 2 2
M[6] : 7 1 5 1 4 0 6 3 4 6 4 2 3
M[7] : 3 5 6 3 3 6 0 3 6 5 2 1 6
M[8] : 3 4 4 4 1 7 5 0 4 7 2 3 5
M[9] : 2 5 2 0 4 2 5 4 6 5 4 4 4
M[10] : 3 5 3 5 6 5 5 6 6 0 7 7 7
M[11] : 6 4 2 7 3 2 0 7 1 4 1 3 5
M[12] : 0 6 4 7 5 6 4 3 3 7 4 4 3
M[13] : 2 7 2 4 2 7 0 11 4 5 1 3 6
M[14] : 3 2 3 4 3 3 2 4 0 0 6 2 3
M[15] : 6 2 0 6 5 7 4 4 2 7 5 3 4
M[16] : 2 2 5 0 5 1 6 5 4 8 0 7 7
M[17] : 2 0 1 2 7 6 3 5 7 3 3 2 6
M[18] : 4 2 0 3 3 3 5 9 3 3 2 2 2
M[19] : 6 0 3 4 3 4 3 3 3 3 7 2 3
M[20] : 6 3 0 6 1 3 8 6 6 6 4 5 3
M[21] : 5 2 5 5 4 2 3 5 5 9 2 2 0
M[22] : 7 5 3 5 1 4 2 6 7 2 7 0 7
M[23] : 2 3 4 6 3 3 0 4 5 3 6 2 5
M[24] : 6 3 3 1 6 3 4 2 0 5 3 0 8
M[25] : 5 3 2 6 3 0 4 2 6 3 4 3 2
M[26] : 4 3 3 4 3 5 0 3 6 5 5 3 7
M[27] : 3 0 2 8 1 9 5 2 2 3 6 6 1
M[28] : 1 7 2 4 5 2 3 2 5 4 0 3 3
M[29] : 1 5 5 0 3 4 8 1 5 2 5 3 7
M[30] : 4 7 2 2 5 3 5 3 4 5 0 3 6
M[31] : 4 5 7 3 5 6 3 3 6 0 7 8 11
M[32] : 3 4 5 3 4 3 1 4 0 3 7 6 6
M[33] : 2 2 3 3 7 1 4 4 0 3 4 5 2
M[34] : 5 5 4 0 8 3 2 1 2 4 1 1 6
M[35] : 3 2 5 5 4 1 2 4 5 3 2 0 1
M[36] : 4 2 3 7 6 6 5 0 3 3 6 6 5
M[37] : 4 3 5 2 5 3 8 3 5 0 2 5 7
M[38] : 4 2 3 1 3 3 5 6 5 10 6 0 11
M[39] : 1 3 4 5 5 0 9 3 7 4 5 4 9
M[40] : 0 5 3 4 2 1 2 4 5 4 5 2 4
M[41] : 6 7 3 8 5 4 6 5 5 0 3 4 5
M[42] : 1 9 5 0 2 2 2 8 3 3 4 3 7
M[43] : 4 6 5 3 0 3 6 2 4 3 5 2 7
M[44] : 7 8 2 4 4 2 4 3 0 2 3 2 4
M[45] : 3 1 0 2 8 1 5 7 2 3 4 6 5
M[46] : 1 4 6 7 3 5 3 5 6 9 0 3 7
M[47] : 2 0 5 5 3 0 2 5 1 5 6 9 2
M[48] : 3 5 6 4 4 4 5 0 4 1 1 4 2
M[49] : 3 8 2 7 3 4 1 7 4 2 6 0 5
M[50] : 9 4 0 6 3 2 6 4 2 7 5 5 5
M[51] : 3 2 4 3 4 0 4 6 4 2 9 6 6
M[52] : 6 6 3 0 1 6 0 2 5 3 5 4 6
M[53] : 5 6 4 0 3 3 6 4 3 7 5 4 1
M[54] : 6 7 1 0 6 5 7 4 6 3 5 4 1
M[55] : 4 4 10 5 7 4 0 2 3 3 5 4 5
M[56] : 2 6 3 0 5 4 4 6 6 4 6 6 5
M[57] : 0 5 3 3 6 4 6 2 6 10 2 4 4
M[58] : 5 4 4 6 5 6 4 2 2 5 4 0 3
M[59] : 3 7 0 4 5 6 2 3 3 2 2 4 4
M[60] : 3 5 0 3 3 5 6 6 5 5 6 2 8
M[61] : 2 6 5 3 6 6 3 4 0 3 3 5 3
M[62] : 5 4 9 0 2 7 5 4 8 4 5 3 3
M[63] : 4 2 0 5 7 3 2 4 5 4 5 5 1
M[64] : 3 6 2 2 0 6 5 10 7 3 8 3 4
M[65] : 3 1 2 6 3 2 0 5 4 6 4 2 2
M[66] : 3 6 7 6 5 4 3 0 5 3 2 6 6
M[67] : 3 3 8 3 7 4 4 0 2 5 5 5 7
M[68] : 8 4 7 2 0 4 7 4 3 4 5 5 1
M[69] : 7 4 0 6 7 7 7 2 6 5 5 5 1
M[70] : 3 5 6 1 4 6 3 5 7 2 5 0 5
M[71] : 6 2 5 4 0 1 5 3 3 4 4 4 4
M[72] : 3 4 0 6 6 7 3 5 4 5 3 3 3
M[73] : 5 6 5 2 0 5 4 5 5 7 0 5 3
M[74] : 3 0 5 5 5 3 3 6 4 5 7 7 4
M[75] : 0 5 1 5 4 2 7 4 4 4 3 8 3
M[76] : 4 4 1 4 1 4 4 4 7 0 3 2 2
M[77] : 4 5 2 1 2 1 3 5 9 6 1 0 8
M[78] : 4 2 2 2 4 6 2 7 3 3 2 0 6
M[79] : 1 5 6 9 2 5 5 0 4 6 7 4 2
M[80] : 3 4 3 4 4 4 6 9 0 4 4 7 8
M[81] : 4 1 0 2 6 4 4 3 4 5 6 7 5
M[82] : 2 5 0 6 5 2 4 8 4 4 1 2 1
M[83] : 2 2 9 6 0 5 3 4 3 4 1 6 1
M[84] : 3 3 5 5 4 0 1 1 1 3 4 1 8
M[85] : 5 0 3 7 4 3 8 3 2 7 3 9 2
M[86] : 4 1 4 2 6 5 4 0 4 8 9 10 4
M[87] : 4 6 2 5 3 0 3 2 3 6 4 5 1
M[88] : 2 7 6 4 3 4 4 4 5 5 0 8 6
M[89] : 3 2 1 9 6 8 5 6 5 6 5 7 0
M[90] : 4 8 2 1 2 1 0 4 1 2 5 5 7
M[91] : 10 2 2 2 2 2 0 5 4 6 5 4 4
M[92] : 3 0 8 5 2 5 1 4 7 5 5 2 0
M[93] : 6 4 7 4 0 2 4 3 4 4 5 4 5
M[94] : 2 3 5 1 0 5 6 2 6 4 4 2 4
M[95] : 5 4 3 3 7 4 4 3 0 5 7 5 3
M[96] : 7 0 6 4 4 2 4 5 3 5 6 1 4
M[97] : 4 4 4 3 4 5 4 4 7 0 8 2 7
M[98] : 2 4 3 3 7 4 4 2 3 5 1 4 0
M[99] : 0 3 5 4 4 2 5 4 1 3 0 5 3
M[100] : 4 10 0 4 2 2 4 6 7 4 3 3 7
M[101] : 8 2 6 5 7 3 2 6 4 3 3 0 5
M[102] : 2 2 4 4 3 7 5 2 3 0 4 4 4
M[103] : 4 5 3 0 4 6 2 4 3 1 4 7 4
M[104] : 5 4 10 4 0 2 6 5 8 1 2 4 4
M[105] : 1 1 5 3 1 3 2 0 6 7 3 6 4
M[106] : 2 2 4 5 1 4 5 1 4 6 4 0 5
M[107] : 2 4 6 1 6 7 0 4 3 2 5 5 5
M[108] : 5 0 6 7 0 3 1 4 4 6 2 4 6
M[109] : 3 6 6 5 5 1 5 2 6 3 2 3 0
M[110] : 5 5 7 5 1 3 0 3 3 2 4 3 5
M[111] : 0 5 3 7 5 4 4 2 3 8 6 5 0
M[112] : 4 3 3 3 3 3 1 3 0 3 6 2 6
M[113] : 2 4 4 3 0 2 3 6 9 6 2 5 3
M[114] : 5 3 0 0 2 8 5 4 2 2 4 5 4
M[115] : 4 0 4 5 5 5 1 4 4 4 5 3 2
M[116] : 6 3 3 1 0 4 4 6 4 7 2 4 2
M[117] : 5 5 0 3 4 4 3 1 5 4 4 3 2
M[118] : 4 6 2 2 6 4 0 6 5 6 4 3 6
M[119] : 5 4 3 5 6 0 7 7 2 2 5 7 2
M[120] : 4 0 9 7 1 1 4 3 6 3 2 8 6
M[121] : 3 0 5 4 4 5 3 3 6 5 3 2 7
M[122] : 4 6 2 4 8 7 3 5 3 0 3 5 0
M[123] : 8 0 1 2 5 4 3 5 5 4 6 3 4
M[124] : 4 2 3 4 3 1 3 3 5 0 8 5 5
M[125] : 2 0 2 3 5 2 3 3 6 5 2 5 3
M[126] : 5 3 5 2 0 2 6 5 6 8 5 7 0
M[127] : 4 6 2 4 1 3 9 6 2 7 1 2 0
M[128] : 2 1 5 0 6 4 6 5 4 4 4 4 5
M[129] : 5 2 5 2 5 2 6 0 2 2 2 3 4
M[130] : 2 6 5 2 3 0 4 2 2 4 5 3 5
M[131] : 1 3 2 3 6 5 1 5 3 5 3 0 4
M[132] : 0 0 1 2 5 6 6 3 1 2 2 3 4
M[133] : 2 1 5 6 1 3 5 6 4 3 9 4 0
M[134] : 0 8 8 4 2 4 4 3 6 6 7 4 3
M[135] : 4 4 6 7 9 0 8 5 3 5 6 5 6
M[136] : 5 5 2 6 5 0 3 7 3 7 6 4 2
M[137] : 3 2 6 3 1 4 5 4 2 8 0 3 1
M[138] : 3 4 5 5 7 0 4 3 2 6 2 1 1
M[139] : 5 7 4 6 3 5 3 4 7 5 4 6 0
M[140] : 0 4 2 7 7 3 2 1 9 3 2 3 2
M[141] : 6 5 5 4 5 3 3 2 0 3 5 4 4
M[142] : 4 3 3 3 4 6 2 4 0 5 4 4 6
M[143] : 1 5 2 4 3 5 5 2 4 4 0 2 2
M[144] : 3 6 3 5 2 3 2 6 3 3 0 9 6
M[145] : 3 5 4 4 0 2 5 2 1 5 6 2 4
M[146] : 5 6 3 7 2 3 3 10 6 3 4 5 0
M[147] : 3 3 7 2 4 4 5 5 3 8 4 0 5
M[148] : 4 7 6 5 0 2 5 2 3 9 3 4 2
M[149] : 4 3 8 3 4 7 4 4 0 6 4 7 6
M[150] : 1 6 4 1 5 6 0 1 2 7 9 2 4
M[151] : 4 1 4 5 1 4 2 0 6 5 3 3 3
M[152] : 4 2 6 3 3 0 6 2 1 5 5 8 5
M[153] : 7 0 3 3 2 4 3 0 4 3 5 3 2
M[154] : 3 3 6 3 5 6 5 5 4 4 7 8 0
M[155] : 5 3 3 4 4 5 6 4 0 2 5 4 3
M[156] : 3 2 5 2 1 7 4 1 6 5 5 0 7
M[157] : 3 3 6 1 5 0 3 1 8 6 4 4 3
M[158] : 3 5 5 0 2 1 5 2 4 3 5 2 2
M[159] : 7 2 7 1 3 8 1 1 7 7 1 0 4
M[160] : 6 5 7 5 0 2 1 3 8 6 8 7 4
M[161] : 3 3 3 4 3 5 1 6 4 6 0 1 5
M[162] : 2 6 3 3 4 5 5 0 6 5 1 6 3
M[163] : 4 6 4 3 4 2 3 0 4 4 0 3 4
M[164] : 4 6 2 0 3 8 8 5 3 2 6 5 2
M[165] : 8 8 5 3 2 2 0 3 5 3 4 3 6
M[166] : 6 9 6 4 6 3 4 8 0 4 1 4 5
M[167] : 4 3 3 4 5 6 0 5 3 4 8 0 7
M[168] : 4 2 5 3 3 3 3 0 3 5 2 3 1
M[169] : 5 2 1 4 5 4 5 4 3 8 6 7 0
M[170] : 3 5 5 4 6 3 6 1 0 2 3 4 3
M[171] : 0 0 7 4 6 7 3 2 7 3 6 4 5
M[172] : 4 4 7 1 0 3 4 7 3 5 1 5 1
M[173] : 4 5 5 0 4 2 4 2 6 4 0 4 6
M[174] : 3 3 2 4 6 8 5 5 3 0 1 3 3
M[175] : 2 3 1 4 5 4 7 4 0 1 9 8 1
M[176] : 5 5 3 2 2 4 0 4 4 5 5 3 5
M[177] : 4 4 3 2 6 4 3 0 3 1 1 3 6
M[178] : 4 2 3 6 2 6 3 5 4 7 6 0 1
M[179] : 4 2 3 3 5 7 0 5 6 5 4 3 4
M[180] : 2 5 2 3 0 2 5 3 2 6 2 4 3
M[181] : 0 5 3 4 4 4 5 4 9 7 3 3 3
M[182] : 5 5 7 4 0 5 3 2 5 4 6 4 4
M[183] : 4 2 5 4 0 3 4 3 2 5 6 3 4
M[184] : 6 1 3 4 10 4 0 5 3 4 3 4 2
M[185] : 4 2 6 4 2 0 4 5 3 3 2 4 4
M[186] : 2 2 8 5 4 3 0 5 2 4 6 4 2
M[187] : 6 2 5 5 8 5 3 3 0 8 3 4 6
M[188] : 6 5 3 7 0 4 1 4 7 4 4 7 3
M[189] : 1 3 3 8 7 5 8 0 3 5 3 5 7
M[190] : 6 5 0 4 6 5 5 4 2 5 6 6 8
M[191] : 4 1 0 5 7 4 3 3 4 7 3 6 4
M[192] : 3 3 3 0 6 4 8 2 3 4 3 5 9
M[193] : 5 3 4 8 1 3 4 2 1 5 11 4 0
M[194] : 7 2 3 3 6 3 5 6 3 4 3 3 0
M[195] : 5 3 9 7 3 3 6 4 2 0 5 2 4
M[196] : 4 3 4 2 0 4 4 3 2 4 3 4 3
M[197] : 6 2 5 1 3 0 3 3 5 6 2 9 3
M[198] : 7 1 0 3 6 2 2 5 7 6 2 6 6
M[199] : 0 8 5 4 4 2 4 2 5 6 9 5 1
M[200] : 4 4 2 4 5 1 4 8 6 5 1 0 3
M[201] : 5 4 7 6 7 6 6 2 3 1 4 0 2
M[202] : 9 7 2 0 2 9 6 2 4 9 2 4 7
M[203] : 6 4 10 2 2 5 5 7 1 10 0 4 5
M[204] : 6 2 0 5 2 6 3 5 2 3 5 2 4
M[205] : 3 8 7 4 6 1 5 5 5 0 3 6 5
M[206] : 1 5 2 0 6 9 5 3 2 4 6 4 3
M[207] : 4 5 1 4 2 7 8 3 3 5 2 4 0
M[208] : 4 2 2 3 4 0 9 6 2 4 9 2 3
M[209] : 2 4 4 0 1 4 3 2 2 5 4 4 3
M[210] : 3 4 6 7 4 5 0 8 4 4 2 3 3
M[211] : 4 3 4 1 4 1 5 7 0 2 5 1 4
M[212] : 2 7 4 4 5 0 6 4 5 7 3 6 1
M[213] : 4 1 4 2 1 7 5 4 2 0 1 3 3
M[214] : 2 3 3 3 7 6 3 5 5 2 4 0 10
M[215] : 6 4 7 5 2 5 3 0 2 5 5 7 5
M[216] : 5 0 4 3 6 5 5 3 2 3 5 4 4
M[217] : 3 5 7 6 7 1 3 0 3 3 3 3 9
M[218] : 4 0 5 4 3 1 9 5 1 3 6 5 6
M[219] : 3 7 6 0 5 6 0 3 2 7 5 9 5
M[220] : 2 4 8 0 4 4 2 4 6 2 4 4 4
M[221] : 1 5 2 5 2 0 6 2 3 2 4 2 2
M[222] : 4 4 1 4 8 4 6 4 0 5 2 10 0
M[223] : 7 2 3 2 1 2 4 1 4 5 3 3 0
M[224] : 4 5 4 2 6 3 0 3 5 4 2 4 6
M[225] : 10 0 1 4 2 5 5 3 5 1 4 2 6
M[226] : 2 0 1 10 6 2 2 5 7 1 4 5 3
M[227] : 4 4 2 3 7 5 0 8 4 2 3 3 6
M[228] : 4 2 7 6 6 4 3 4 3 0 4 4 6
M[229] : 6 2 0 7 0 5 5 4 4 5 5 2 3
M[230] : 5 2 5 9 5 3 4 0 3 2 6 3 6
M[231] : 4 5 3 3 7 6 5 3 5 0 4 5 5
M[232] : 1 5 2 2 5 7 2 6 5 4 0 5 2
M[233] : 1 3 6 6 0 4 4 4 6 9 4 4 0
M[234] : 5 0 2 7 3 2 6 3 0 7 5 6 4
M[235] : 0 3 2 2 3 3 7 3 5 2 3 4 2
M[236] : 4 4 9 4 0 4 3 2 6 3 5 2 2
M[237] : 5 5 4 3 4 3 3 4 5 0 5 3 5
M[238] : 3 4 0 4 6 3 5 3 2 5 3 5 3
M[239] : 7 4 7 6 5 6 5 4 7 8 0 4 4
M[240] : 4 4 2 2 2 5 3 5 4 3 2 0 5
M[241] : 4 1 5 4 2 4 0 4 3 4 5 5 6
M[242] : 5 0 5 2 0 8 4 3 5 2 3 5 2
M[243] : 6 6 5 5 2 3 7 4 6 0 8 8 4
M[244] : 3 4 5 0 3 3 3 4 3 4 4 4 0
M[245] : 4 6 3 9 3 2 3 4 0 4 6 6 6
M[246] : 1 4 7 6 0 4 4 4 7 6 5 0 3
M[247] : 5 6 7 1 6 4 0 6 1 5 1 4 4
M[248] : 6 3 2 5 0 6 6 4 2 3 2 5 1
M[249] : 3 5 6 3 12 5 4 3 7 2 0 6 3
M[250] : 1 4 0 7 4 2 6 3 8 2 4 8 4
M[251] : 1 2 3 5 3 4 4 4 2 8 0 5 1
M[252] : 3 5 4 7 5 3 1 5 4 0 10 9 3
M[253] : 4 5 6 3 3 4 0 2 4 1 4 1 1
M[254] : 2 2 5 5 7 8 4 5 5 0 6 3 8
M[255] : 2 4 5 4 7 4 10 6 4 0 7 7 5
M[256] : 6 4 2 2 2 4 3 3 5 0 5 5 4
M[257] : 3 7 7 6 2 3 5 6 8 4 4 4 0
M[258] : 2 2 5 4 4 5 5 3 8 4 0 3 4
M[259] : 7 3 0 4 7 5 4 9 3 7 5 4 4
M[260] : 6 0 4 2 2 6 5 1 1 6 4 1 6
M[261] : 0 4 7 5 7 4 7 3 5 2 1 3 2
M[262] : 3 0 3 4 3 4 6 1 3 6 5 5 5
M[263] : 3 5 3 7 2 2 2 4 8 4 0 1 3
M[264] : 4 2 5 7 1 1 0 3 0 9 5 5 4
M[265] : 0 3 2 1 7 3 3 3 1 4 3 5 5
M[266] : 4 2 0 3 3 5 2 6 3 2 5 4 4
M[267] : 2 7 5 5 5 3 5 2 7 2 0 4 5
M[268] : 0 2 5 3 3 2 4 3 11 4 4 4 7
M[269] : 1 4 3 6 1 6 4 4 7 0 1 4 5
M[270] : 0 2 4 1 6 5 7 1 2 3 4 2 5
M[271] : 8 1 4 2 4 9 4 0 3 0 6 2 0
M[272] : 2 2 2 3 7 2 3 5 4 6 1 0 3
M[273] : 3 3 4 0 4 3 4 4 5 5 2 5 3
M[274] : 2 9 6 2 1 2 4 2 2 0 2 4 2
M[275] : 1 5 7 2 2 5 5 2 6 5 0 2 6
M[276] : 1 2 2 7 3 1 2 6 4 4 6 6 0
M[277] : 4 0 1 6 3 0 5 4 4 2 4 4 5
M[278] : 2 0 4 1 3 6 3 4 3 2 3 3 5
M[279] : 3 4 1 0 5 3 2 3 5 4 7 3 5
M[280] : 4 2 2 5 7 2 0 5 6 2 5 2 3
M[281] : 3 0 4 6 3 1 2 4 8 6 9 3 4
M[282] : 5 7 4 3 4 3 3 5 4 3 1 12 0
M[283] : 4 4 0 2 1 2 5 4 2 4 0 2 8
M[284] : 1 3 3 3 4 1 2 0 8 3 6 5 4
M[285] : 4 4 5 4 4 6 2 5 3 4 0 2 8
M[286] : 6 4 4 2 3 2 4 2 0 4 4 6 4
M[287] : 5 6 8 3 5 9 3 1 5 5 0 3 10
M[288] : 2 5 6 4 1 3 3 4 6 3 4 3 0
M[289] : 4 8 4 6 6 3 2 3 6 4 0 2 7
M[290] : 3 3 3 3 3 3 5 0 4 2 7 5 7
M[291] : 3 3 9 2 0 4 4 2 4 4 1 1 2
M[292] : 2 4 6 0 6 6 5 0 7 2 2 3 5
M[293] : 4 6 4 2 8 2 3 3 0 7 4 4 4
M[294] : 6 4 4 6 5 0 4 8 3 6 10 3 4
M[295] : 1 6 4 0 4 2 2 6 3 7 1 6 3
M[296] : 3 2 4 3 5 7 5 6 3 3 0 3 5
M[297] : 7 5 3 5 3 2 5 5 3 3 4 0 2
M[298] : 4 8 2 3 1 7 6 2 3 0 3 6 3
M[299] : 4 7 0 2 4 5 5 1 4 2 3 4 2
M[300] : 2 6 2 5 3 3 1 3 0 5 1 6 4
M[301] : 3 6 4 4 4 2 10 0 2 3 4 2 4
M[302] : 5 1 2 3 1 0 5 4 1 0 5 4 4
M[303] : 2 5 4 3 8 6 3 5 3 0 4 3 2
M[304] : 4 1 8 4 4 7 5 0 4 4 4 3 3
M[305] : 5 5 4 4 9 7 0 6 2 3 2 4 5
M[306] : 0 3 6 2 3 5 8 4 3 3 4 5 8
M[307] : 0 4 4 4 6 4 3 5 6 5 5 2 5
M[308] : 2 4 0 0 7 1 3 5 5 2 5 2 5
M[309] : 4 3 2 1 3 3 4 3 5 4 3 7 0
M[310] : 0 3 4 3 4 5 3 2 2 3 5 2 5
M[311] : 3 5 2 3 2 4 8 8 4 1 7 8 0
M[312] : 3 5 2 3 6 6 7 6 4 5 0 4 3
M[313] : 0 7 12 3 4 6 1 2 4 8 3 4 2
M[314] : 4 4 3 2 0 7 1 5 3 1 5 3 6
M[315] : 5 5 6 5 4 0 3 1 2 2 3 2 5
M[316] : 5 5 5 2 6 4 4 4 4 6 6 0 0
M[317] : 0 4 6 2 5 5 5 4 2 5 1 3 5
M[318] : 7 4 3 0 5 5 5 5 1 4 2 5 5
M[319] : 3 1 3 3 5 5 5 4 4 4 9 7 0
M[320] : 8 0 4 7 3 5 4 3 7 2 3 3 2
M[321] : 5 4 4 4 4 4 2 9 4 6 5 1 0
M[322] : 3 8 3 0 3 3 7 3 2 5 7 7 6
M[323] : 5 5 4 4 5 3 1 6 0 8 6 4 5
M[324] : 3 5 3 4 8 3 7 0 6 4 1 5 4
M[325] : 7 4 2 7 6 4 2 6 0 5 4 7 7
M[326] : 5 1 2 4 5 4 0 4 5 3 3 5 4
M[327] : 0 3 5 5 5 5 3 8 8 5 3 2 2
M[328] : 0 5 3 5 5 3 3 4 4 7 2 6 3
M[329] : 2 4 0 6 7 4 5 6 4 4 4 8 2
M[330] : 5 4 0 2 2 6 3 5 3 7 5 3 7
M[331] : 8 3 3 6 0 7 4 6 5 8 5 5 7
M[332] : 4 3 4 1 5 1 2 1 4 4 4 0 9
M[333] : 5 6 5 6 5 3 6 3 5 3 3 0 4
M[334] : 1 3 5 5 3 4 2 5 6 2 4 3 0
M[335] : 3 6 3 2 6 3 4 5 6 0 12 6 6
M[336] : 5 3 5 4 4 3 0 4 4 4 5 8 4
M[337] : 3 0 5 4 5 4 10 3 3 5 4 1 2
M[338] : 4 7 3 0 5 4 2 6 9 3 6 3 6
M[339] : 9 6 6 3 4 0 5 3 3 5 3 3 2
M[340] : 4 5 4 6 3 8 5 6 9 2 0 5 5
M[341] : 5 2 3 2 0 6 1 2 5 3 4 6 5
M[342] : 5 0 5 4 7 3 8 7 3 6 1 5 4
M[343] : 3 5 5 4 6 1 6 4 1 3 0 4 6
M[344] : 2 6 2 3 0 4 7 0 5 4 4 6 7
M[345] : 1 3 7 5 4 3 6 2 3 6 5 3 0
M[346] : 2 0 2 2 3 6 6 3 3 3 5 5 6
M[347] : 0 1 3 9 3 5 3 3 1 2 6 4 5
M[348] : 2 5 6 9 3 5 3 4 7 6 1 0 7
M[349] : 5 4 3 5 2 0 4 2 4 4 1 8 3
M[350] : 0 4 7 2 3 6 6 4 7 6 5 2 3
M[351] : 8 3 2 1 6 6 5 3 5 0 5 2 3
M[352] : 4 0 5 7 7 5 6 2 6 5 5 7 4
M[353] : 2 1 5 3 5 4 4 0 2 1 4 7 4
M[354] : 3 0 10 5 5 1 3 3 3 6 7 5 4
M[355] : 4 3 2 4 0 6 6 4 5 4 3 5 3
M[356] : 0 4 7 4 4 2 3 3 5 3 1 2 5
M[357] : 0 7 3 3 4 3 4 4 2 5 1 3 4
M[358] : 3 0 4 2 3 6 5 3 3 4 6 4 3
M[359] : 0 3 2 2 3 7 4 6 4 2 1 5 7
M[360] : 7 6 6 4 5 3 8 3 6 7 6 1 0
M[361] : 3 4 6 9 0 4 6 3 3 2 3 2 5
M[362] : 2 0 5 8 3 3 2 3 5 3 5 3 1
M[363] : 7 2 11 3 1 6 5 3 6 6 5 0 5
M[364] : 5 3 7 4 4 4 2 3 3 6 0 2 3
M[365] : 0 3 5 2 5 5 5 4 4 4 5 8 4
M[366] : 6 2 1 3 0 3 2 1 6 4 1 3 5
M[367] : 6 6 5 4 3 4 2 2 3 1 0 3 3
M[368] : 2 3 5 6 5 7 5 5 0 7 2 4 3
M[369] : 4 2 2 6 2 4 3 5 7 4 0 3 8
M[370] : 4 5 5 0 7 6 3 4 2 4 3 3 3
M[371] : 3 3 9 2 2 6 12 3 5 3 0 3 5
M[372] : 1 2 4 2 6 0 5 6 5 4 6 1 2
M[373] : 2 0 4 4 4 4 3 4 5 3 4 7 4
M[374] : 2 7 6 6 2 3 5 4 2 3 6 3 0
M[375] : 4 2 6 4 6 0 0 2 6 9 8 1 6
M[376] : 4 5 4 1 2 5 5 2 2 2 0 5 5
M[377] : 0 3 3 5 4 3 4 3 8 5 2 7 4
M[378] : 2 0 4 7 4 4 4 4 3 3 8 6 3
M[379] : 6 5 3 3 7 0 2 3 1 7 2 5 5
M[380] : 3 6 2 3 4 4 7 10 5 3 4 6 0
M[381] : 3 4 6 5 5 4 4 4 2 4 5 0 3
M[382] : 4 3 0 2 6 1 4 4 4 7 3 6 3
M[383] : 2 4 0 2 5 6 3 3 3 2 4 1 4
M[384] : 3 1 6 0 3 6 1 3 5 4 1 4 5
M[385] : 7 4 5 7 7 7 0 5 4 3 2 5 3
M[386] : 0 5 3 3 4 7 4 3 5 0 1 3 4
M[387] : 6 1 5 3 7 4 5 3 0 1 6 6 1
M[388] : 2 7 2 7 5 5 5 5 3 6 6 0 6
M[389] : 5 2 4 6 5 4 4 10 0 9 4 6 3
M[390] : 4 6 0 4 5 3 7 5 7 2 3 5 5
M[391] : 2 4 8 5 2 3 4 3 0 5 2 3 7
M[392] : 3 8 3 3 3 3 0 5 4 6 3 5 6
M[393] : 3 6 5 3 6 0 2 6 6 7 3 5 4
M[394] : 5 8 3 5 2 4 5 3 4 5 0 6 3
M[395] : 5 4 4 4 6 4 2 5 2 4 6 0 3
M[396] : 4 1 4 8 2 0 1 4 2 3 7 4 4
M[397] : 3 2 4 1 10 5 3 2 5 0 7 3 1
M[398] : 2 6 2 7 1 8 0 3 7 4 7 3 3
M[399] : 5 5 1 2 0 3 6 7 3 11 3 6 4
M[400] : 7 8 2 3 5 4 5 3 3 7 0 3 4
M[401] : 4 3 5 0 3 3 3 3 3 3 4 5 3
M[402] : 8 4 4 7 2 2 4 1 0 5 4 6 3
M[403] : 2 3 7 5 3 4 7 0 7 5 6 10 5
M[404] : 5 7 4 0 1 1 2 8 5 4 5 3 4
M[405] : 3 11 3 6 4 7 4 5 8 3 4 0 2
M[406] : 5 5 0 7 6 2 1 3 4 2 8 2 2
M[407] : 0 6 2 2 3 1 2 1 4 4 5 0 4
M[408] : 7 4 6 3 10 0 5 4 6 5 6 4 4
M[409] : 7 3 0 3 9 4 3 5 3 6 5 2 10
M[410] : 4 4 5 7 5 3 2 3 2 0 3 10 6
M[411] : 5 4 6 3 4 2 5 8 4 3 1 0 5
M[412] : 0 3 4 3 8 5 2 4 4 7 8 4 6
M[413] : 9 6 7 3 4 5 1 5 0 6 4 5 1
M[414] : 3 6 3 6 5 3 6 8 3 5 0 7 5
M[415] : 3 8 2 1 5 5 6 0 6 2 3 4 4
M[416] : 2 3 0 4 3 6 5 6 2 4 6 3 5
M[417] : 5 4 6 4 4 4 5 4 2 5 7 4 0
M[418] : 2 0 6 3 3 6 3 3 4 5 8 4 0
M[419] : 3 4 3 7 4 6 0 8 5 4 5 4 2
M[420] : 0 2 6 7 6 2 2 7 3 3 3 5 2
M[421] : 3 5 3 1 2 2 8 2 7 0 5 0 3
M[422] : 1 1 4 5 4 4 0 1 4 4 6 6 4
M[423] : 5 1 1 4 2 3 1 4 4 0 9 3 2
M[424] : 4 5 5 6 5 5 6 4 9 0 2 3 3
M[425] : 4 6 3 2 2 4 6 0 4 1 6 7 4
M[426] : 0 5 4 2 3 6 8 2 3 3 3 3 3
M[427] : 3 4 5 1 2 3 6 7 4 8 2 0 6
M[428] : 4 4 1 6 3 4 3 5 0 7 3 4 4
M[429] : 3 9 3 4 2 5 6 0 7 7 3 2 4
M[430] : 2 4 3 5 5 7 2 7 5 0 4 3 4
M[431] : 3 3 6 6 4 7 5 4 4 5 3 0 8
M[432] : 9 3 4 5 2 5 2 0 3 5 5 5 7
M[433] : 6 9 0 5 2 6 6 2 1 2 5 2 6
M[434] : 2 2 3 4 4 1 3 3 5 4 7 8 0
M[435] : 4 5 2 8 1 7 3 4 5 6 4 0 2
M[436] : 3 0 2 7 1 3 2 3 6 2 3 2 1
M[437] : 4 8 0 7 6 2 2 5 6 3 7 4 2
M[438] : 4 3 5 0 6 3 3 7 4 6 3 1 5
M[439] : 5 2 0 5 1 4 2 7 5 3 6 2 4
M[440] : 7 5 8 4 4 3 1 3 6 2 6 5 0
M[441] : 5 4 6 2 6 3 0 2 2 6 7 2 2
M[442] : 0 4 4 3 4 2 4 3 7 1 2 5 4
M[443] : 7 4 5 4 0 4 2 5 4 5 2 2 4
M[444] : 3 4 4 2 3 5 6 1 4 2 0 5 4
M[445] : 6 1 3 0 6 5 2 7 4 6 2 3 9
M[446] : 6 7 5 2 0 8 6 5 3 7 0 3 3
M[447] : 3 0 5 5 5 5 6 8 5 6 5 5 6
M[448] : 6 4 4 5 5 3 0 2 6 7 6 3 4
M[449] : 4 3 8 5 6 3 3 0 4 4 4 6 2
M[450] : 7 5 4 6 4 6 4 5 6 3 3 4 0
M[451] : 3 4 2 2 3 6 8 7 4 9 0 3 4
M[452] : 7 4 7 8 6 3 2 0 5 4 7 5 5
M[453] : 4 6 7 0 9 4 3 6 3 2 3 2 4
M[454] : 4 7 4 4 3 0 5 4 9 3 6 4 2
M[455] : 2 2 1 5 5 3 5 4 0 5 1 1 4
M[456] : 5 3 4 7 2 3 3 4 0 8 4 5 2
M[457] : 1 3 7 3 5 2 0 0 5 3 9 1 4
M[458] : 6 2 4 4 5 6 3 0 3 7 1 5 5
M[459] : 9 5 5 3 6 2 5 5 3 0 4 3 8
M[460] : 6 3 2 4 3 5 5 4 3 5 4 0 5
M[461] : 3 7 0 4 2 4 6 5 3 2 3 2 2
M[462] : 4 2 5 5 6 3 3 0 4 2 3 5 0
M[463] : 6 3 4 0 4 6 3 9 3 4 3 1 3
M[464] : 2 2 5 6 3 3 7 0 3 1 2 3 7
M[465] : 4 0 7 2 2 4 2 2 6 5 6 4 3
M[466] : 4 2 3 2 1 3 5 3 0 5 4 3 4
M[467] : 1 1 2 4 0 3 3 6 7 0 2 3 5
M[468] : 4 3 0 4 3 4 6 5 5 4 3 6 4
M[469] : 2 5 6 2 6 3 4 5 3 5 2 0 3
M[470] : 4 6 9 0 6 4 1 4 5 6 5 4 4
M[471] : 3 6 4 4 5 7 4 3 6 0 4 5 4
M[472] : 3 4 4 7 0 6 10 5 7 5 1 3 4
M[473] : 6 3 6 7 0 5 5 1 5 4 4 4 4
M[474] : 6 8 5 5 6 0 1 7 6 4 4 2 4
M[475] : 3 4 3 5 2 8 2 5 2 4 2 0 6
M[476] : 2 3 2 7 4 0 2 4 3 7 6 7 6
M[477] : 4 1 7 7 4 6 8 5 3 0 3 5 5
M[478] : 1 4 6 2 1 0 7 3 2 9 2 7 3
M[479] : 3 0 5 3 3 3 6 3 5 4 3 2 9
M[480] : 5 3 7 3 4 6 5 4 2 3 0 6 3
M[481] : 4 3 0 4 8 6 3 5 2 10 5 8 2
M[482] : 3 3 5 4 2 4 5 0 6 4 2 3 3
M[483] : 1 3 4 0 4 2 5 2 6 5 4 3 5
M[484] : 5 6 5 6 3 3 3 5 5 5 5 5 0
M[485] : 4 5 5 4 0 3 4 4 0 7 3 4 4
M[486] : 3 4 4 3 5 10 4 4 3 4 3 3 0
M[487] : 3 3 4 5 7 3 2 4 0 7 4 4 5
M[488] : 5 7 2 5 4 0 5 7 2 1 2 6 6
M[489] : 3 4 5 3 2 1 6 0 6 6 2 0 1
M[490] : 2 10 7 3 4 0 5 5 5 8 6 6 4
M[491] : 4 3 3 6 3 2 4 2 2 0 1 6 5
M[492] : 11 3 7 2 6 2 2 2 5 0 1 5 3
M[493] : 10 7 5 2 5 4 6 6 0 2 4 9 6
M[494] : 4 3 4 5 6 2 2 6 0 2 7 5 4
M[495] : 1 4 5 2 4 5 7 2 6 3 5 4 0
M[496] : 5 3 3 7 0 4 8 4 1 4 5 3 4
M[497] : 4 0 4 5 5 4 1 5 4 4 11 3 3
M[498] : 6 6 5 6 1 0 6 3 1 8 3 6 2
M[499] : 0 5 8 1 3 2 4 5 6 3 2 5 7

