 Execution de l'algoritme BITS sur le fichier dsjc500.1.txt
=====================================================================
 Partitions  : 
Vk[0] : 493 340 249 335 421 482 60 333 1 449 147 460 157 354 29 434 445 291 85 52 496 366 57 177 110 317 318 208 491 466 337 259 153 15 407 497 62 8 21 -->  39 éléments.
Vk[1] : 64 329 258 232 74 13 12 488 380 171 234 451 348 480 186 403 472 275 38 187 261 262 65 428 455 373 174 133 475 196 309 256 183 122 271 479 235 327 240 -->  39 éléments.
Vk[2] : 331 27 195 97 32 454 419 86 372 193 477 215 314 31 439 96 378 440 212 48 6 425 121 369 471 228 252 199 448 165 379 205 0 362 101 221 427 89 -->  38 éléments.
Vk[3] : 69 387 181 255 352 144 463 360 365 483 430 54 34 322 307 150 172 56 257 324 424 346 281 190 75 302 356 443 175 265 168 138 102 112 90 499 14 486 132 -->  39 éléments.
Vk[4] : 245 408 100 95 10 184 4 332 487 301 269 98 469 217 137 45 231 124 24 349 342 253 414 395 214 225 287 371 326 459 458 35 22 70 223 7 350 30 -->  38 éléments.
Vk[5] : 289 435 418 169 247 452 135 160 5 290 159 104 446 127 353 396 230 106 140 126 386 113 355 473 209 394 375 109 270 37 192 382 151 420 125 274 313 368 130 -->  39 éléments.
Vk[6] : 432 107 481 494 219 358 273 220 303 436 393 422 72 61 116 465 194 470 442 392 467 9 293 334 108 484 178 161 55 176 210 179 268 78 242 495 267 227 40 -->  39 éléments.
Vk[7] : 429 364 148 339 141 197 400 485 305 370 49 222 444 129 139 312 203 276 198 300 26 11 492 119 155 239 336 66 344 188 18 142 285 46 248 343 260 384 -->  38 éléments.
Vk[8] : 311 185 347 399 410 468 51 437 284 218 20 25 498 250 237 146 272 320 117 453 105 280 390 413 39 308 226 115 233 131 120 341 71 87 229 462 423 28 -->  38 éléments.
Vk[9] : 243 456 67 92 402 447 389 474 277 170 315 211 23 167 216 297 244 16 73 200 166 68 321 363 241 94 204 450 351 17 201 438 91 84 391 263 398 152 -->  38 éléments.
Vk[10] : 42 3 431 294 118 156 416 361 478 149 310 264 82 134 433 145 43 292 2 128 296 164 338 457 306 191 19 283 83 359 213 412 404 388 266 88 41 58 -->  38 éléments.
Vk[11] : 476 162 295 411 44 299 376 461 409 304 154 489 298 397 377 173 278 180 224 316 47 206 254 50 158 123 464 189 367 76 325 426 143 77 202 345 251 286 383 -->  39 éléments.
Vk[12] : 490 319 288 417 36 405 111 406 282 330 163 182 79 357 81 114 53 63 323 441 238 328 374 136 415 207 401 33 381 103 80 236 93 99 59 385 279 246 -->  38 éléments.
Matrice M
M[0] : 3 4 0 6 7 7 3 0 5 3 7 1 6
M[1] : 0 3 3 2 6 4 3 2 4 4 4 9 8
M[2] : 3 2 4 3 9 5 6 3 5 5 0 3 5
M[3] : 6 3 3 3 8 5 8 4 4 4 0 1 4
M[4] : 6 2 6 5 0 4 8 2 2 2 3 4 3
M[5] : 5 4 2 5 2 0 6 3 3 2 2 4 3
M[6] : 2 5 0 4 6 3 4 5 4 1 7 2 3
M[7] : 4 3 8 7 0 1 2 5 5 2 5 3 4
M[8] : 0 4 3 1 3 3 8 1 5 5 5 3 8
M[9] : 5 3 3 1 4 3 0 5 3 7 4 5 4
M[10] : 10 8 5 3 0 7 7 3 3 6 4 4 5
M[11] : 3 3 2 7 3 6 5 0 2 4 4 3 3
M[12] : 5 0 6 3 8 2 2 4 5 7 7 3 4
M[13] : 5 0 7 8 3 4 2 5 4 5 2 6 3
M[14] : 3 2 2 0 1 4 5 3 0 7 3 1 4
M[15] : 0 4 6 6 2 11 6 3 5 2 0 5 5
M[16] : 4 2 11 3 2 5 5 3 6 0 6 4 1
M[17] : 4 1 6 2 2 4 4 2 5 0 1 5 11
M[18] : 1 1 4 1 3 6 4 0 1 6 5 5 4
M[19] : 5 4 3 5 2 7 1 4 3 2 0 2 6
M[20] : 1 5 6 4 7 5 5 4 0 6 9 4 1
M[21] : 0 3 4 5 5 6 3 3 1 2 5 7 5
M[22] : 7 3 6 6 0 6 5 4 8 2 3 4 2
M[23] : 2 5 3 4 5 3 3 4 4 0 3 5 5
M[24] : 2 1 5 5 0 6 7 2 5 2 4 4 1
M[25] : 6 3 6 3 3 1 5 5 0 3 6 0 2
M[26] : 3 8 3 5 9 3 2 0 4 1 6 3 4
M[27] : 2 4 0 4 5 4 3 2 2 4 7 5 6
M[28] : 0 6 5 7 2 2 4 4 0 1 4 4 2
M[29] : 0 3 8 2 6 5 3 4 4 5 5 1 3
M[30] : 1 4 13 4 0 2 7 4 5 4 4 1 0
M[31] : 5 8 0 4 5 9 6 5 4 4 8 4 6
M[32] : 6 6 0 4 7 3 2 4 3 6 2 4 2
M[33] : 6 4 1 1 3 1 6 5 4 1 2 6 0
M[34] : 5 4 4 0 2 5 4 4 1 3 2 5 3
M[35] : 5 3 2 2 0 3 0 6 1 2 4 3 6
M[36] : 6 5 5 3 2 2 3 7 6 4 6 7 0
M[37] : 8 3 8 5 3 0 3 5 2 1 5 2 7
M[38] : 3 0 10 6 6 4 5 7 8 3 3 2 2
M[39] : 3 4 3 11 2 1 5 5 0 10 4 4 7
M[40] : 6 0 3 3 6 6 0 4 4 2 3 3 1
M[41] : 6 5 1 8 3 6 5 9 7 3 0 5 3
M[42] : 4 4 4 3 3 5 6 4 3 5 0 2 6
M[43] : 3 8 6 5 4 3 4 3 6 4 0 2 2
M[44] : 2 6 2 6 4 4 6 1 3 5 3 0 3
M[45] : 4 5 2 1 0 6 3 5 4 4 5 5 3
M[46] : 5 7 4 8 7 3 5 0 6 2 6 0 6
M[47] : 4 6 4 4 1 3 4 1 3 4 7 0 4
M[48] : 3 3 0 4 4 2 4 5 5 3 4 1 5
M[49] : 2 5 3 4 8 7 5 0 5 1 3 7 2
M[50] : 5 6 5 2 5 8 6 4 1 4 6 0 6
M[51] : 4 3 5 3 3 3 7 8 0 3 3 4 7
M[52] : 0 8 6 1 4 2 3 2 5 3 4 5 4
M[53] : 7 4 5 3 5 3 4 4 5 4 4 3 0
M[54] : 5 4 8 0 5 3 2 4 9 3 4 5 3
M[55] : 9 2 4 3 9 5 0 2 3 3 5 4 7
M[56] : 6 2 1 0 8 4 6 6 4 6 6 5 3
M[57] : 0 8 3 3 6 4 5 5 5 9 3 2 2
M[58] : 6 3 4 4 4 3 3 5 5 9 0 4 0
M[59] : 5 1 2 3 3 9 2 2 4 5 5 4 0
M[60] : 0 3 8 4 4 6 7 6 2 4 5 3 5
M[61] : 3 3 2 6 6 6 0 4 7 5 2 1 4
M[62] : 0 3 2 6 7 5 4 7 4 5 5 5 6
M[63] : 3 2 3 3 5 5 3 7 6 3 5 2 0
M[64] : 2 0 4 7 5 8 6 5 2 7 2 4 7
M[65] : 2 0 2 2 3 4 3 6 4 3 1 6 4
M[66] : 5 4 6 4 4 2 8 0 7 4 6 3 3
M[67] : 1 6 4 4 4 6 5 6 5 0 3 6 6
M[68] : 4 5 4 4 5 2 6 11 3 0 2 2 6
M[69] : 5 6 5 0 6 5 10 5 5 4 5 3 3
M[70] : 3 5 5 4 0 7 3 2 5 1 6 7 4
M[71] : 4 4 3 6 2 4 6 5 0 2 3 2 4
M[72] : 6 2 3 6 5 2 0 4 4 7 5 3 5
M[73] : 6 6 5 3 2 1 7 2 5 0 2 4 9
M[74] : 3 0 4 7 1 3 3 6 5 6 7 5 7
M[75] : 7 3 1 0 7 1 5 4 3 6 5 1 7
M[76] : 3 4 1 0 4 3 7 4 3 3 3 0 5
M[77] : 5 6 8 2 3 2 4 4 7 3 1 0 2
M[78] : 4 3 4 2 3 3 0 4 4 2 6 4 4
M[79] : 5 6 6 2 4 2 5 7 4 2 6 7 0
M[80] : 7 5 8 3 4 6 6 5 2 9 2 3 0
M[81] : 7 3 3 5 6 2 5 5 5 5 2 3 0
M[82] : 6 4 2 4 1 2 5 5 5 3 0 4 3
M[83] : 5 1 6 3 6 3 3 3 3 1 0 6 6
M[84] : 2 5 3 3 1 6 2 4 2 0 4 4 3
M[85] : 0 6 5 6 8 5 5 3 4 2 6 4 2
M[86] : 4 8 0 4 8 8 5 3 3 5 5 5 3
M[87] : 0 4 3 2 6 7 5 4 0 4 5 3 1
M[88] : 12 3 5 6 4 6 3 1 5 3 0 5 5
M[89] : 7 6 0 3 10 8 6 1 3 4 6 4 5
M[90] : 5 3 5 0 6 5 5 2 2 3 2 0 4
M[91] : 3 13 2 7 1 4 2 4 2 0 1 7 2
M[92] : 4 5 1 4 3 2 4 4 3 0 9 6 2
M[93] : 10 4 2 4 6 2 3 8 2 4 2 5 0
M[94] : 1 6 5 4 3 3 6 3 4 0 4 2 3
M[95] : 4 6 5 4 0 6 1 4 4 6 4 5 4
M[96] : 2 4 0 6 5 4 3 5 1 2 5 6 8
M[97] : 4 4 0 7 3 5 5 6 6 4 4 3 5
M[98] : 3 3 4 3 0 2 3 5 2 3 5 5 4
M[99] : 5 3 1 4 3 4 6 1 1 6 2 3 0
M[100] : 5 5 5 7 0 4 5 3 6 4 4 2 6
M[101] : 4 3 0 7 1 2 3 6 3 9 4 6 6
M[102] : 4 3 4 0 6 5 3 4 5 2 2 4 2
M[103] : 2 1 3 2 3 8 7 3 5 4 9 0 0
M[104] : 3 4 3 6 4 0 5 4 3 5 5 4 9
M[105] : 3 3 3 3 4 3 4 3 0 5 3 2 6
M[106] : 3 3 3 3 5 0 4 3 5 2 5 3 4
M[107] : 4 4 5 5 2 1 0 6 6 5 2 5 5
M[108] : 3 2 4 4 3 3 0 8 4 3 8 2 4
M[109] : 4 2 3 3 5 0 4 8 4 3 2 5 4
M[110] : 0 1 1 5 4 6 3 2 4 3 5 8 4
M[111] : 6 5 4 5 7 4 3 2 4 5 3 4 0
M[112] : 2 6 2 0 3 2 5 2 2 3 4 9 0
M[113] : 7 7 3 6 3 0 5 3 4 1 2 3 5
M[114] : 4 0 4 4 3 6 4 4 4 2 5 4 0
M[115] : 4 6 3 4 2 2 6 2 0 2 3 6 6
M[116] : 4 3 8 6 5 3 0 3 3 2 3 1 5
M[117] : 4 2 6 4 3 5 2 5 0 5 3 2 2
M[118] : 5 4 1 7 8 7 6 3 4 1 0 4 4
M[119] : 1 4 8 3 4 4 6 0 2 5 10 5 3
M[120] : 5 4 5 6 5 6 4 4 0 1 3 6 5
M[121] : 4 3 0 7 3 3 6 1 7 4 4 5 3
M[122] : 4 0 6 2 6 5 5 1 3 6 4 6 2
M[123] : 5 3 5 6 5 5 5 4 1 5 3 0 3
M[124] : 5 4 2 3 0 6 2 4 0 3 3 8 6
M[125] : 2 7 3 3 4 0 4 2 1 2 3 4 6
M[126] : 5 3 3 3 7 0 4 5 3 7 3 7 4
M[127] : 5 2 4 5 5 0 6 4 4 4 5 2 1
M[128] : 3 6 5 3 6 2 2 5 8 1 0 3 6
M[129] : 3 3 3 4 3 4 3 0 4 4 4 3 2
M[130] : 5 5 6 3 0 0 1 5 4 1 3 5 5
M[131] : 5 2 3 2 4 4 0 4 0 5 4 2 6
M[132] : 3 3 5 0 3 6 3 4 2 0 1 1 4
M[133] : 7 0 3 5 6 4 3 4 1 6 5 2 3
M[134] : 5 2 6 8 7 5 5 6 5 4 0 5 1
M[135] : 6 4 7 5 4 0 5 8 4 4 8 8 5
M[136] : 5 5 4 6 4 6 1 7 2 3 6 6 0
M[137] : 3 2 6 2 0 2 2 2 3 8 5 2 5
M[138] : 2 4 5 0 3 3 5 1 3 2 6 5 4
M[139] : 4 4 4 5 10 3 5 0 5 3 7 5 4
M[140] : 6 5 3 3 5 0 5 3 3 2 5 4 1
M[141] : 3 2 3 1 3 7 4 0 4 5 4 6 7
M[142] : 4 2 7 5 3 7 1 0 5 0 2 6 6
M[143] : 2 2 4 3 2 3 4 5 4 3 4 0 3
M[144] : 3 5 6 0 3 7 8 2 1 4 3 6 3
M[145] : 4 3 7 3 6 3 5 2 2 3 0 4 1
M[146] : 6 6 5 3 4 2 4 7 0 4 5 6 5
M[147] : 0 5 3 4 6 2 1 5 5 6 5 6 5
M[148] : 6 5 5 4 3 3 5 0 6 4 4 5 2
M[149] : 7 6 4 7 3 7 5 5 6 6 0 3 1
M[150] : 4 5 5 0 5 3 1 5 3 4 6 4 3
M[151] : 3 4 4 3 2 0 2 5 3 3 4 3 5
M[152] : 5 9 6 1 4 3 5 1 2 0 6 5 3
M[153] : 0 6 2 1 3 6 4 2 2 3 6 0 4
M[154] : 6 5 4 5 3 3 4 9 3 6 8 0 3
M[155] : 0 7 6 5 0 3 5 0 5 2 3 7 5
M[156] : 2 6 2 4 4 4 5 5 4 5 0 2 5
M[157] : 0 3 4 3 3 3 3 2 2 4 5 6 9
M[158] : 3 5 4 5 4 6 3 3 1 1 1 0 3
M[159] : 2 4 4 5 6 0 3 2 7 3 3 2 8
M[160] : 5 2 4 5 8 0 4 9 6 6 5 3 5
M[161] : 4 2 6 7 4 3 0 3 2 4 1 5 3
M[162] : 7 1 4 2 6 3 5 7 2 5 3 0 4
M[163] : 4 2 5 4 4 2 2 2 6 3 4 3 0
M[164] : 4 6 2 8 2 2 5 5 6 10 0 3 1
M[165] : 8 3 0 5 8 6 1 2 7 5 2 3 2
M[166] : 4 7 7 4 6 6 4 1 9 0 2 5 5
M[167] : 5 8 2 4 5 4 1 5 4 0 6 4 4
M[168] : 1 4 5 0 4 2 3 2 6 4 2 0 4
M[169] : 4 8 3 4 7 0 1 5 6 8 5 2 1
M[170] : 5 3 3 4 5 2 5 4 5 0 2 2 5
M[171] : 2 0 7 1 3 4 2 8 5 5 5 8 4
M[172] : 1 1 3 0 4 6 6 1 4 6 4 4 5
M[173] : 2 4 2 5 2 6 2 4 7 2 3 0 7
M[174] : 2 0 6 4 0 5 4 4 6 5 4 4 2
M[175] : 7 4 4 0 2 3 2 7 8 3 4 2 3
M[176] : 5 5 3 6 8 4 0 2 1 2 3 6 2
M[177] : 0 5 3 3 2 1 8 0 5 3 7 0 3
M[178] : 5 5 3 2 5 3 0 5 4 2 3 6 6
M[179] : 5 5 8 2 1 5 0 4 2 4 7 4 4
M[180] : 4 4 4 3 5 4 0 3 6 2 2 0 2
M[181] : 5 6 6 0 3 3 3 8 2 4 7 3 4
M[182] : 2 6 2 9 6 3 5 5 5 2 4 5 0
M[183] : 3 0 2 1 3 6 1 3 4 5 4 7 6
M[184] : 2 5 3 5 0 5 4 6 5 4 5 3 2
M[185] : 3 2 4 5 3 1 6 2 0 2 2 3 10
M[186] : 8 0 1 3 5 1 5 6 3 3 4 4 4
M[187] : 4 0 4 5 3 7 7 4 5 6 5 2 6
M[188] : 4 8 1 7 6 7 3 0 3 3 2 5 6
M[189] : 5 5 5 4 2 5 7 6 7 6 5 0 1
M[190] : 7 5 6 0 4 5 7 3 5 3 3 7 7
M[191] : 6 3 8 6 2 3 2 2 2 8 0 4 5
M[192] : 6 5 3 4 4 0 5 5 4 6 5 1 5
M[193] : 4 3 0 3 3 5 4 3 3 3 7 7 6
M[194] : 5 3 9 3 5 5 0 2 4 2 3 4 3
M[195] : 4 4 0 5 6 3 5 7 2 4 5 5 3
M[196] : 9 0 3 5 0 5 5 1 2 3 3 4 0
M[197] : 2 6 6 5 2 3 2 0 2 3 5 5 7
M[198] : 4 5 6 3 4 4 2 0 4 6 6 4 5
M[199] : 6 5 0 3 4 3 5 7 6 6 2 4 4
M[200] : 4 5 1 4 3 5 4 4 4 0 2 6 5
M[201] : 1 6 4 5 2 2 7 7 7 0 6 2 4
M[202] : 5 8 3 5 6 5 3 0 7 8 5 0 8
M[203] : 4 4 7 3 5 6 5 0 3 4 6 6 8
M[204] : 2 3 1 6 6 3 5 1 5 0 6 5 2
M[205] : 4 9 0 4 6 4 5 5 4 4 0 7 6
M[206] : 4 4 7 4 1 4 3 6 2 4 5 0 6
M[207] : 4 3 4 3 3 4 7 5 3 5 4 3 0
M[208] : 0 6 4 4 4 5 5 6 1 2 6 5 2
M[209] : 3 6 5 1 3 0 4 2 4 5 2 1 2
M[210] : 9 3 3 8 1 2 0 2 8 4 4 7 2
M[211] : 5 1 3 5 2 3 4 5 1 0 3 6 3
M[212] : 4 7 0 4 8 5 5 3 3 6 4 3 2
M[213] : 4 4 6 5 0 2 1 5 4 1 0 4 1
M[214] : 6 6 6 4 0 3 4 7 2 4 4 2 5
M[215] : 4 6 0 5 7 5 6 4 4 1 6 6 2
M[216] : 3 4 7 3 4 6 4 3 5 0 6 1 3
M[217] : 6 6 3 6 0 3 6 5 4 4 4 4 2
M[218] : 4 3 4 3 6 1 6 4 0 3 5 7 6
M[219] : 6 4 7 5 5 4 0 5 4 5 7 2 4
M[220] : 4 4 5 5 2 3 0 5 4 2 5 3 6
M[221] : 1 7 0 1 2 2 6 6 2 4 2 2 1
M[222] : 4 5 5 6 4 2 4 0 4 3 4 6 5
M[223] : 5 3 3 4 0 3 1 1 3 1 6 3 4
M[224] : 4 4 2 2 5 2 5 3 5 6 6 0 4
M[225] : 3 6 4 6 0 4 5 4 4 4 2 5 1
M[226] : 4 2 3 3 7 5 3 4 0 4 4 4 5
M[227] : 3 7 4 4 4 5 0 2 1 7 5 4 5
M[228] : 5 5 0 3 1 4 4 6 4 5 5 5 6
M[229] : 3 8 5 6 4 4 4 2 0 1 4 4 3
M[230] : 4 7 1 4 3 0 1 4 2 6 8 5 8
M[231] : 2 3 7 3 0 8 5 3 7 6 4 2 5
M[232] : 5 0 4 5 5 2 1 2 5 5 4 4 4
M[233] : 6 6 3 6 3 4 4 3 0 1 7 3 5
M[234] : 4 0 3 4 6 4 3 5 3 6 3 8 1
M[235] : 1 0 3 2 7 3 1 10 3 4 1 1 3
M[236] : 5 4 3 1 3 4 4 4 7 3 3 7 0
M[237] : 4 3 3 3 8 4 3 2 0 5 5 2 7
M[238] : 2 7 4 4 2 7 3 3 2 3 5 4 0
M[239] : 7 4 4 6 1 8 4 0 8 6 3 7 9
M[240] : 5 0 4 5 3 3 3 0 4 2 3 6 3
M[241] : 6 3 2 5 2 4 1 5 5 0 3 6 5
M[242] : 6 1 3 4 6 6 0 6 1 2 2 5 2
M[243] : 6 4 6 6 4 9 5 6 4 0 4 5 5
M[244] : 4 2 6 4 4 2 3 4 3 0 3 3 2
M[245] : 8 1 5 4 0 5 4 6 5 3 4 6 5
M[246] : 4 0 4 3 4 4 3 6 7 6 3 7 0
M[247] : 5 3 4 5 2 0 5 5 5 4 6 3 3
M[248] : 2 4 1 6 7 2 8 0 1 6 1 3 4
M[249] : 0 5 6 6 7 3 6 2 6 3 7 3 5
M[250] : 6 3 2 5 8 5 3 2 0 8 2 5 4
M[251] : 4 2 5 2 4 2 2 4 2 4 5 0 6
M[252] : 7 2 0 4 2 5 2 5 7 5 7 8 5
M[253] : 3 7 4 2 0 1 2 3 3 3 4 4 2
M[254] : 5 7 5 5 6 2 7 5 4 3 6 0 5
M[255] : 7 6 7 0 3 5 4 3 5 10 8 3 4
M[256] : 9 0 6 4 3 2 3 2 0 5 4 2 5
M[257] : 5 5 5 0 8 4 4 5 5 3 8 4 3
M[258] : 4 0 2 4 5 4 7 3 1 8 3 3 5
M[259] : 0 5 8 5 6 6 3 6 1 9 3 4 6
M[260] : 2 3 8 2 4 4 5 0 3 3 1 3 6
M[261] : 3 0 5 2 4 4 4 5 7 7 3 4 2
M[262] : 4 0 4 3 4 4 3 5 2 4 7 5 3
M[263] : 2 2 6 6 3 6 5 1 4 0 4 3 2
M[264] : 4 3 2 2 6 5 1 5 2 5 0 6 5
M[265] : 3 3 4 0 4 4 3 6 3 5 0 2 3
M[266] : 7 7 4 2 2 1 2 6 0 3 0 4 5
M[267] : 4 4 5 4 5 0 0 5 7 7 4 3 4
M[268] : 4 6 5 3 4 4 0 4 2 5 1 8 6
M[269] : 4 3 3 3 0 4 5 7 3 3 5 4 2
M[270] : 4 2 3 6 2 0 6 4 3 2 5 0 5
M[271] : 1 0 2 2 4 6 5 4 3 6 2 5 3
M[272] : 5 7 1 5 3 3 2 3 0 4 1 1 5
M[273] : 2 5 6 2 4 4 0 7 4 2 3 4 2
M[274] : 7 6 3 1 4 0 2 2 2 4 1 4 2
M[275] : 3 0 6 7 4 5 2 4 3 3 2 4 5
M[276] : 2 1 3 5 7 3 5 0 6 3 4 3 2
M[277] : 3 4 3 3 3 1 2 4 3 0 7 4 5
M[278] : 2 4 5 4 3 4 3 1 4 4 2 0 3
M[279] : 3 1 5 3 3 3 6 6 7 4 2 2 0
M[280] : 4 3 4 3 2 4 4 6 0 2 5 5 3
M[281] : 4 4 3 0 2 6 1 6 8 3 7 6 3
M[282] : 4 7 5 2 6 5 1 3 6 5 5 5 0
M[283] : 2 3 4 2 1 3 4 1 6 4 0 4 4
M[284] : 2 3 3 5 3 2 3 4 0 5 5 5 3
M[285] : 4 3 7 3 2 4 4 0 7 4 7 0 6
M[286] : 1 6 4 4 6 5 8 3 1 3 1 0 3
M[287] : 5 3 7 4 0 6 4 5 8 5 6 3 7
M[288] : 7 1 4 4 5 3 3 2 3 5 4 3 0
M[289] : 3 5 5 9 2 0 3 3 2 6 8 3 6
M[290] : 2 8 7 2 8 0 4 4 3 3 2 2 3
M[291] : 0 2 6 5 3 1 3 0 4 3 3 5 4
M[292] : 6 7 3 5 2 3 2 5 2 5 0 3 5
M[293] : 3 7 7 3 4 4 0 2 6 2 4 4 5
M[294] : 6 9 2 2 4 7 7 4 4 4 0 7 7
M[295] : 7 6 4 4 3 4 3 4 1 2 4 0 3
M[296] : 3 3 6 6 5 2 2 4 4 7 0 4 3
M[297] : 2 3 4 5 5 5 9 2 4 0 3 3 2
M[298] : 5 1 4 4 10 3 2 2 3 3 5 0 6
M[299] : 2 5 2 1 5 1 5 5 4 4 2 0 7
M[300] : 2 2 5 6 4 5 7 0 1 4 4 0 1
M[301] : 2 6 4 4 0 6 6 7 3 4 3 1 2
M[302] : 2 5 0 0 1 7 2 5 1 2 3 4 3
M[303] : 4 3 3 3 2 5 0 5 4 2 9 6 2
M[304] : 4 5 8 5 4 4 5 3 4 3 3 0 3
M[305] : 2 7 6 4 2 4 6 0 5 6 5 4 5
M[306] : 1 6 4 5 7 10 3 5 3 4 0 0 6
M[307] : 4 5 5 0 3 5 5 7 3 4 1 4 7
M[308] : 3 1 3 1 6 4 7 3 0 1 4 5 3
M[309] : 3 0 2 4 3 1 6 6 4 4 5 1 3
M[310] : 3 3 6 2 5 1 3 4 6 1 0 2 5
M[311] : 3 4 9 3 5 5 4 8 0 5 3 4 2
M[312] : 4 4 4 2 7 7 6 0 3 2 9 0 6
M[313] : 6 1 6 6 4 0 4 6 4 4 6 8 1
M[314] : 2 3 0 4 6 3 4 6 6 4 3 3 0
M[315] : 4 4 2 5 1 6 3 4 3 0 4 2 5
M[316] : 1 5 5 4 4 5 5 5 5 3 3 0 6
M[317] : 0 2 5 4 3 2 2 4 6 1 4 8 6
M[318] : 0 4 7 5 2 7 4 3 5 1 6 1 6
M[319] : 4 6 5 8 1 4 7 4 3 4 4 3 0
M[320] : 1 4 2 7 4 4 3 3 0 6 5 3 9
M[321] : 7 5 7 6 5 6 0 2 3 0 3 5 3
M[322] : 5 12 4 0 3 6 2 4 4 6 4 4 3
M[323] : 10 5 3 2 7 6 2 2 7 5 2 5 0
M[324] : 2 7 5 0 3 3 5 4 5 8 1 5 5
M[325] : 6 1 9 5 5 8 7 5 3 3 4 0 5
M[326] : 3 3 6 5 0 4 2 4 0 4 5 4 5
M[327] : 5 0 5 4 4 6 3 4 3 7 6 2 5
M[328] : 5 6 3 4 2 3 6 3 4 8 3 3 0
M[329] : 4 0 7 3 4 4 4 6 3 6 5 2 8
M[330] : 7 4 8 5 4 4 2 3 5 2 5 3 0
M[331] : 3 5 0 7 5 5 3 5 5 6 8 8 7
M[332] : 3 5 3 2 0 6 4 5 4 4 1 4 1
M[333] : 0 3 4 6 4 8 4 5 4 3 5 2 6
M[334] : 2 6 2 4 4 4 0 5 3 3 4 4 2
M[335] : 0 4 4 5 7 5 7 6 5 6 3 7 3
M[336] : 8 5 1 3 6 6 2 0 2 6 5 7 2
M[337] : 0 3 1 5 5 4 2 4 4 5 4 6 6
M[338] : 3 4 7 4 2 5 4 5 8 7 0 4 5
M[339] : 2 7 3 3 5 3 8 0 2 4 4 6 5
M[340] : 0 3 4 6 3 7 8 7 4 1 5 4 10
M[341] : 4 2 1 5 8 5 1 1 0 6 3 4 4
M[342] : 5 3 8 4 0 4 3 5 4 2 6 8 6
M[343] : 2 6 3 0 3 3 7 0 3 3 6 4 8
M[344] : 8 4 5 5 5 3 3 0 2 4 7 0 4
M[345] : 5 0 5 4 3 4 8 4 1 3 4 0 7
M[346] : 4 1 5 0 3 0 6 6 4 3 7 2 5
M[347] : 6 2 4 4 6 4 3 2 0 4 3 4 3
M[348] : 4 0 7 3 3 9 5 5 4 5 4 7 2
M[349] : 3 5 5 7 0 5 2 4 2 3 4 2 3
M[350] : 2 1 6 3 0 3 4 7 7 6 3 8 5
M[351] : 2 11 4 4 6 4 1 2 2 0 2 6 5
M[352] : 6 3 2 0 7 5 9 3 6 8 3 6 5
M[353] : 4 7 5 1 4 0 4 4 1 5 2 2 3
M[354] : 0 1 4 3 5 5 6 4 4 5 9 4 5
M[355] : 4 3 5 5 4 0 5 3 5 4 5 2 4
M[356] : 4 2 4 0 4 5 3 4 5 4 3 1 4
M[357] : 4 3 2 3 3 2 4 5 3 5 3 6 0
M[358] : 4 3 3 4 4 2 0 6 2 3 4 6 5
M[359] : 6 3 2 3 3 5 4 7 3 4 0 3 3
M[360] : 3 7 7 0 4 5 4 7 5 7 6 5 2
M[361] : 4 3 7 2 5 3 6 3 4 3 0 5 5
M[362] : 4 2 0 2 0 6 1 7 2 6 4 2 7
M[363] : 5 5 4 5 6 3 7 5 5 0 4 6 5
M[364] : 4 6 4 2 3 6 3 0 6 2 2 3 5
M[365] : 3 4 4 0 4 7 3 7 4 4 6 4 4
M[366] : 0 4 6 4 1 7 5 2 2 2 2 0 2
M[367] : 7 2 0 4 3 3 3 3 3 4 2 0 8
M[368] : 6 4 5 5 9 0 5 1 7 5 3 3 1
M[369] : 5 2 0 5 4 3 5 5 3 4 5 7 2
M[370] : 5 3 4 2 3 4 5 0 5 4 6 4 4
M[371] : 8 4 2 3 0 4 7 4 6 8 2 2 6
M[372] : 7 3 0 5 4 4 3 2 1 8 1 5 1
M[373] : 6 0 1 6 5 3 4 7 1 3 5 4 3
M[374] : 4 3 2 5 6 6 5 2 4 6 3 3 0
M[375] : 6 4 5 4 2 0 4 7 6 3 4 4 5
M[376] : 6 3 5 3 7 2 2 2 4 4 1 0 3
M[377] : 5 3 2 4 6 7 1 4 6 5 3 0 5
M[378] : 6 4 0 7 5 2 3 7 2 6 3 3 4
M[379] : 2 4 0 4 7 3 7 2 3 2 3 5 7
M[380] : 5 0 6 2 6 5 8 3 5 5 4 6 2
M[381] : 2 2 9 2 2 3 5 1 8 1 6 8 0
M[382] : 5 4 6 3 3 0 3 6 2 6 4 1 4
M[383] : 1 5 1 1 5 6 2 6 2 5 4 0 1
M[384] : 3 2 4 8 3 4 2 0 4 5 1 4 2
M[385] : 8 5 2 5 1 5 4 3 6 5 8 7 0
M[386] : 4 3 6 3 3 0 3 1 4 4 1 4 6
M[387] : 2 4 4 0 6 4 7 2 5 6 4 3 1
M[388] : 2 7 4 6 4 5 4 9 1 3 0 7 7
M[389] : 7 8 7 6 8 3 4 3 4 0 4 4 4
M[390] : 8 3 3 2 5 3 6 4 0 9 7 1 5
M[391] : 0 6 2 7 4 4 3 4 8 0 5 2 3
M[392] : 4 5 5 3 5 2 0 3 5 4 2 9 5
M[393] : 9 4 5 5 4 6 0 5 5 6 2 3 2
M[394] : 3 6 6 6 1 0 0 3 4 4 9 9 2
M[395] : 3 6 4 5 0 4 3 7 4 1 2 4 6
M[396] : 4 5 2 5 6 0 3 5 1 2 2 6 3
M[397] : 3 3 3 4 1 3 2 8 3 5 7 0 4
M[398] : 4 6 6 8 7 6 3 1 2 0 5 1 4
M[399] : 6 3 6 4 12 5 2 3 0 4 3 5 3
M[400] : 7 7 8 3 5 3 3 0 1 4 5 5 3
M[401] : 1 4 3 2 5 4 3 3 3 7 2 5 0
M[402] : 3 5 6 6 2 3 5 2 3 0 7 5 3
M[403] : 3 0 5 7 8 3 4 6 5 9 4 7 3
M[404] : 2 4 5 5 2 4 4 7 6 2 0 6 2
M[405] : 6 3 6 2 2 6 7 6 7 4 4 7 0
M[406] : 3 3 4 6 2 5 7 4 3 3 2 5 0
M[407] : 0 4 3 3 2 3 2 4 1 4 1 2 5
M[408] : 7 4 4 7 0 4 5 6 7 5 5 7 3
M[409] : 6 6 4 8 3 6 2 5 2 5 7 0 6
M[410] : 3 6 4 7 2 5 3 7 0 6 5 2 4
M[411] : 5 3 6 7 1 2 7 5 5 2 3 0 4
M[412] : 3 5 7 7 3 4 2 8 4 8 0 5 2
M[413] : 7 5 3 4 4 2 1 6 0 6 7 4 7
M[414] : 8 8 4 4 0 5 6 3 6 5 3 5 3
M[415] : 3 3 2 8 4 4 4 7 8 4 2 0 0
M[416] : 6 3 7 2 3 4 5 4 3 4 0 3 5
M[417] : 3 5 5 5 4 6 5 5 5 3 4 4 0
M[418] : 4 3 4 5 5 0 0 5 5 3 4 5 4
M[419] : 7 2 0 4 4 6 2 8 5 5 5 3 4
M[420] : 7 2 4 9 5 0 0 3 0 4 4 5 5
M[421] : 0 3 1 2 5 2 4 3 3 3 4 5 6
M[422] : 2 5 3 3 1 5 0 3 4 6 3 4 5
M[423] : 5 5 2 1 3 4 3 7 0 2 1 2 4
M[424] : 7 3 6 0 5 5 6 5 2 2 7 5 4
M[425] : 5 4 0 6 3 3 4 2 5 6 3 3 5
M[426] : 7 2 6 3 4 4 4 3 3 4 2 0 3
M[427] : 6 8 0 4 4 4 3 6 3 4 3 1 5
M[428] : 5 0 4 4 2 2 4 5 5 4 4 4 5
M[429] : 2 5 4 5 4 6 4 0 8 2 7 6 2
M[430] : 2 5 4 0 4 6 3 3 7 6 4 3 4
M[431] : 3 2 6 7 2 7 7 4 4 5 0 3 8
M[432] : 5 4 3 10 2 2 0 3 4 5 8 3 6
M[433] : 4 3 5 7 6 5 5 3 5 5 0 2 2
M[434] : 0 4 5 4 5 3 2 3 4 4 4 5 3
M[435] : 5 7 4 5 7 0 3 4 3 3 4 4 2
M[436] : 3 2 3 3 1 2 0 7 1 3 4 1 5
M[437] : 6 4 8 4 3 4 7 4 0 3 7 3 3
M[438] : 3 3 5 6 3 3 5 2 3 0 7 5 5
M[439] : 2 4 0 3 4 5 2 3 6 5 5 5 2
M[440] : 7 4 0 6 6 5 5 5 4 2 4 3 3
M[441] : 4 5 7 3 1 3 2 8 3 3 3 5 0
M[442] : 3 3 3 2 3 2 0 4 3 7 4 5 4
M[443] : 4 1 2 0 2 5 3 5 2 4 7 6 7
M[444] : 4 3 5 3 3 5 3 0 4 4 3 3 3
M[445] : 0 5 2 2 5 6 3 6 7 3 4 6 5
M[446] : 4 6 6 4 6 0 5 2 5 5 5 2 5
M[447] : 5 6 8 4 5 7 7 2 10 0 3 2 5
M[448] : 6 7 0 7 4 2 5 1 5 7 5 5 1
M[449] : 0 6 5 2 4 3 6 3 6 7 3 3 4
M[450] : 7 7 7 3 6 4 4 7 3 0 3 5 1
M[451] : 5 0 10 6 3 3 3 5 5 2 5 5 3
M[452] : 3 3 4 6 6 0 6 6 3 4 5 11 6
M[453] : 3 4 2 6 2 6 4 2 0 7 3 5 9
M[454] : 7 5 0 3 6 3 7 3 5 4 6 4 2
M[455] : 4 0 1 3 3 7 3 3 5 3 2 2 2
M[456] : 7 4 4 2 3 3 4 4 6 0 4 2 7
M[457] : 5 2 1 3 3 6 4 8 1 4 0 4 2
M[458] : 5 2 8 2 0 3 2 4 5 5 4 5 6
M[459] : 2 5 7 7 0 5 4 5 6 5 5 1 6
M[460] : 0 3 8 4 2 3 5 2 4 3 6 4 5
M[461] : 6 3 3 2 4 4 6 2 2 3 3 0 5
M[462] : 1 4 2 3 2 6 4 2 0 6 6 0 6
M[463] : 2 3 5 0 2 5 2 1 9 3 4 5 8
M[464] : 1 6 5 4 1 1 6 4 3 7 4 0 2
M[465] : 3 6 3 3 5 2 0 5 4 4 4 5 3
M[466] : 0 2 2 4 6 2 5 4 3 2 1 5 3
M[467] : 3 2 2 5 3 2 0 2 3 5 1 5 4
M[468] : 5 4 4 3 2 4 7 3 0 4 3 7 5
M[469] : 6 1 3 5 0 5 5 2 8 3 4 3 1
M[470] : 8 5 6 4 1 5 0 6 5 5 3 5 5
M[471] : 1 5 0 3 9 5 5 8 1 8 2 4 4
M[472] : 2 0 3 6 6 3 5 7 3 7 9 3 5
M[473] : 3 4 4 4 3 0 4 6 5 8 5 4 4
M[474] : 4 5 5 3 2 5 6 5 4 0 11 4 4
M[475] : 4 0 4 6 2 5 3 3 3 4 4 1 7
M[476] : 7 4 4 5 4 2 7 3 4 6 3 0 4
M[477] : 3 2 0 5 5 7 8 7 6 3 1 7 4
M[478] : 3 2 3 3 6 5 2 5 3 4 0 7 4
M[479] : 3 0 4 1 4 5 4 7 7 4 3 5 2
M[480] : 5 0 7 5 2 8 2 1 4 3 6 4 4
M[481] : 6 4 3 7 6 8 0 7 6 4 1 4 4
M[482] : 0 4 3 5 2 2 4 1 4 6 5 5 3
M[483] : 3 5 7 0 2 4 1 5 5 3 2 5 2
M[484] : 2 5 3 4 5 3 0 3 6 5 7 8 5
M[485] : 5 6 4 5 6 1 4 0 3 3 6 1 3
M[486] : 3 6 6 0 7 5 3 1 3 4 8 2 2
M[487] : 3 7 4 1 0 4 8 2 5 3 3 7 4
M[488] : 4 0 3 6 5 8 8 1 4 7 2 2 2
M[489] : 4 5 5 5 4 2 2 1 5 2 2 0 2
M[490] : 6 8 5 5 7 6 2 5 6 4 6 5 0
M[491] : 0 5 6 5 0 3 4 2 3 4 3 2 4
M[492] : 5 8 2 4 2 4 8 0 3 4 3 4 2
M[493] : 0 2 5 6 4 7 6 4 7 6 7 9 3
M[494] : 1 8 3 4 4 4 0 6 7 5 3 2 3
M[495] : 5 3 0 5 5 3 0 7 3 7 2 4 4
M[496] : 0 7 2 4 9 4 7 4 5 2 2 2 3
M[497] : 0 8 4 4 3 8 4 6 3 1 2 5 5
M[498] : 6 6 9 6 6 3 3 2 0 5 1 3 3
M[499] : 5 2 6 0 4 2 4 1 6 6 8 6 1

