 Execution de l'algoritme BITS sur le fichier dsjc500.1.txt
=====================================================================
 Partitions  : 
Vk[0] : 363 254 257 450 437 23 388 419 375 227 393 167 304 409 474 310 168 496 251 90 385 263 118 0 11 253 462 4 441 117 470 77 140 65 89 492 272 411 398 -->  39 éléments.
Vk[1] : 322 47 62 243 270 104 93 183 497 495 116 473 154 101 175 211 109 439 233 125 442 27 434 323 242 18 291 76 267 445 103 494 499 96 415 92 486 290 -->  38 éléments.
Vk[2] : 134 231 336 43 389 455 60 73 162 476 325 392 49 223 181 281 145 278 283 75 238 214 21 368 53 479 387 330 221 135 252 132 236 217 84 461 13 265 -->  38 éléments.
Vk[3] : 108 149 169 337 416 25 360 44 256 313 219 423 83 120 373 204 122 457 401 74 194 115 390 226 443 197 467 338 240 133 152 235 345 311 128 303 346 244 286 -->  39 éléments.
Vk[4] : 259 201 137 319 31 15 324 57 309 394 468 320 174 7 8 350 315 182 301 70 449 349 1 472 395 332 119 331 126 284 362 469 97 317 143 334 129 397 -->  38 éléments.
Vk[5] : 316 230 327 405 139 198 271 150 483 6 297 216 488 64 157 298 159 22 321 29 413 339 262 417 124 466 40 180 459 106 329 432 460 38 161 370 208 186 475 -->  39 éléments.
Vk[6] : 431 424 59 306 410 361 420 246 448 171 427 210 164 67 55 205 425 176 292 341 110 189 165 241 477 153 400 123 269 79 130 440 188 185 35 249 138 454 -->  38 éléments.
Vk[7] : 435 453 412 32 58 3 261 296 380 340 458 82 383 451 421 248 348 358 196 489 121 144 430 78 131 428 456 191 42 372 260 172 213 24 250 347 376 264 -->  38 éléments.
Vk[8] : 342 447 16 228 63 258 326 178 17 225 234 429 141 239 406 229 464 245 302 318 193 354 386 71 377 41 195 200 391 294 378 10 51 102 28 491 98 277 -->  38 éléments.
Vk[9] : 287 61 408 166 142 367 471 481 66 36 95 414 80 19 371 184 463 433 418 444 170 88 379 484 487 34 384 190 402 199 209 480 99 404 478 220 33 187 274 -->  39 éléments.
Vk[10] : 12 111 352 446 173 452 215 52 224 369 293 308 333 72 179 490 30 202 14 237 46 365 300 48 344 307 206 45 422 356 364 343 299 50 222 482 156 407 94 -->  39 éléments.
Vk[11] : 403 312 148 498 328 203 305 275 381 282 276 100 87 255 85 112 155 288 285 113 335 357 114 366 438 374 163 158 280 355 207 147 314 436 247 107 359 86 -->  38 éléments.
Vk[12] : 39 493 212 353 56 160 37 218 81 91 69 266 151 399 295 351 396 5 9 273 426 177 136 146 26 289 20 465 268 68 2 54 279 382 105 127 232 192 485 -->  39 éléments.
Matrice M
M[0] : 0 6 6 4 2 6 6 4 4 4 3 3 4
M[1] : 4 3 8 6 0 3 4 4 5 5 2 2 6
M[2] : 4 4 4 5 6 5 7 2 4 4 5 3 0
M[3] : 4 4 2 4 10 4 4 0 3 3 6 6 3
M[4] : 0 2 5 1 4 7 7 1 3 9 6 0 2
M[5] : 5 4 1 4 4 3 3 5 4 3 4 1 0
M[6] : 3 3 2 5 4 0 5 4 4 3 3 5 5
M[7] : 3 4 2 5 0 4 2 6 3 6 4 5 5
M[8] : 2 3 5 5 0 4 6 4 6 3 2 4 5
M[9] : 7 4 4 3 3 3 6 3 4 6 2 2 0
M[10] : 4 5 8 4 6 12 4 2 0 7 3 8 2
M[11] : 0 7 2 3 2 2 4 1 7 1 2 2 12
M[12] : 6 2 3 3 7 3 3 5 7 6 0 2 9
M[13] : 3 10 0 6 4 3 5 3 6 0 7 4 3
M[14] : 3 4 2 1 3 2 2 2 3 4 0 6 3
M[15] : 3 7 5 2 0 5 6 7 3 6 2 4 5
M[16] : 6 5 5 4 3 3 4 6 0 4 5 4 3
M[17] : 3 6 2 2 3 2 5 4 0 4 5 6 5
M[18] : 6 0 2 6 4 2 4 4 2 1 3 4 3
M[19] : 1 3 4 5 6 4 2 3 1 0 6 5 4
M[20] : 7 2 2 4 5 3 4 8 4 10 4 4 0
M[21] : 2 7 0 5 4 5 4 4 2 7 4 2 3
M[22] : 2 6 5 2 1 0 3 6 5 5 6 6 9
M[23] : 0 4 4 4 5 3 2 3 4 5 4 6 2
M[24] : 6 4 3 4 2 2 10 0 2 3 1 2 5
M[25] : 5 2 4 0 1 3 5 3 2 6 4 6 2
M[26] : 4 2 4 3 2 6 2 5 6 7 4 6 0
M[27] : 4 0 6 4 4 4 2 5 2 4 8 1 4
M[28] : 0 3 4 3 5 3 4 6 0 2 4 5 2
M[29] : 11 2 2 2 6 0 3 3 5 5 2 4 4
M[30] : 3 7 4 6 4 5 5 2 4 4 0 2 3
M[31] : 6 5 6 7 0 9 3 7 6 6 4 4 5
M[32] : 7 3 3 5 4 5 2 0 6 2 6 4 2
M[33] : 2 5 1 5 5 2 6 4 1 0 2 4 3
M[34] : 1 7 7 2 2 4 3 3 6 0 3 3 1
M[35] : 2 2 3 5 3 4 0 3 2 3 2 3 5
M[36] : 9 3 4 4 3 4 3 6 5 0 8 2 5
M[37] : 6 5 9 3 4 3 4 4 2 3 4 5 0
M[38] : 2 8 5 8 5 0 9 0 3 5 4 4 6
M[39] : 9 7 5 3 2 4 2 6 5 8 3 5 0
M[40] : 3 5 2 5 1 0 3 2 3 6 5 5 1
M[41] : 9 5 3 7 3 5 3 6 0 4 5 3 8
M[42] : 2 7 5 5 3 5 0 0 7 2 4 4 5
M[43] : 3 4 0 5 4 1 6 5 7 2 6 4 3
M[44] : 3 6 7 0 4 4 5 3 3 3 2 1 4
M[45] : 7 2 5 3 3 4 6 3 3 0 0 7 4
M[46] : 2 6 4 5 9 6 1 4 5 6 0 5 6
M[47] : 3 0 3 4 5 2 4 6 1 4 4 3 6
M[48] : 4 3 2 3 3 6 5 2 2 4 0 3 6
M[49] : 2 6 0 7 6 3 4 2 4 4 6 4 4
M[50] : 2 3 3 6 9 3 6 8 4 4 0 4 6
M[51] : 4 4 5 5 3 7 1 4 0 8 5 6 1
M[52] : 4 2 4 6 2 5 7 3 2 4 0 2 6
M[53] : 4 5 0 3 5 5 3 2 10 3 4 5 2
M[54] : 5 5 2 5 3 3 5 7 7 5 3 5 0
M[55] : 4 4 9 4 6 4 0 4 2 4 4 7 4
M[56] : 4 5 3 4 6 6 6 4 5 6 5 3 0
M[57] : 5 6 5 7 0 5 5 3 7 2 4 2 4
M[58] : 5 5 5 5 5 3 3 0 6 2 4 2 5
M[59] : 5 5 4 8 4 5 0 2 1 3 3 2 3
M[60] : 6 3 0 7 3 4 8 6 4 3 1 6 6
M[61] : 7 3 3 3 4 6 3 2 2 0 5 5 6
M[62] : 9 0 3 5 2 5 4 5 6 5 6 5 4
M[63] : 4 5 6 3 5 1 5 2 0 6 2 4 4
M[64] : 8 4 6 4 5 0 7 4 4 4 6 4 3
M[65] : 0 3 0 1 4 6 3 2 4 2 5 5 5
M[66] : 4 4 6 7 5 7 4 4 5 0 2 2 6
M[67] : 5 7 7 5 4 4 0 5 7 5 2 3 2
M[68] : 4 4 1 3 8 6 5 4 4 4 6 5 0
M[69] : 4 6 3 6 6 5 7 4 5 6 5 5 0
M[70] : 2 4 7 4 0 6 2 4 4 6 2 4 7
M[71] : 2 4 2 1 5 3 4 4 0 4 10 2 4
M[72] : 4 4 5 8 7 3 3 2 1 5 0 7 3
M[73] : 6 2 0 6 2 4 6 7 2 4 3 6 4
M[74] : 6 3 1 0 7 3 7 6 2 8 4 4 6
M[75] : 3 3 0 5 8 2 2 2 7 4 6 5 3
M[76] : 3 0 6 1 1 4 4 3 5 6 2 1 4
M[77] : 0 4 3 4 3 3 5 6 1 4 4 5 5
M[78] : 3 5 1 3 2 5 5 0 2 5 3 3 6
M[79] : 5 7 3 6 5 4 0 1 5 4 7 3 6
M[80] : 7 5 5 6 7 4 5 6 1 0 5 2 7
M[81] : 4 2 2 4 5 8 4 4 4 5 5 4 0
M[82] : 1 5 4 4 2 7 5 0 4 4 2 2 4
M[83] : 3 3 6 0 4 3 4 5 2 5 3 4 4
M[84] : 2 6 0 1 5 2 3 6 3 4 4 2 1
M[85] : 6 5 7 4 5 3 5 4 3 5 4 0 5
M[86] : 5 3 5 6 1 11 3 7 4 3 6 0 7
M[87] : 1 2 5 5 4 6 2 2 3 6 6 0 2
M[88] : 4 8 4 8 4 4 2 4 2 0 9 6 3
M[89] : 0 2 4 1 5 9 4 7 7 6 8 3 7
M[90] : 0 2 5 4 7 6 2 2 2 3 4 3 2
M[91] : 6 2 3 6 2 4 4 3 3 5 6 4 0
M[92] : 3 0 9 2 0 5 5 5 2 5 5 1 5
M[93] : 4 0 5 4 9 6 2 1 5 6 3 5 2
M[94] : 6 1 2 4 0 3 3 6 2 8 0 5 4
M[95] : 7 6 5 3 4 4 2 4 4 0 7 3 4
M[96] : 4 0 8 8 3 5 2 2 5 4 3 6 1
M[97] : 7 4 5 3 0 8 4 6 4 1 3 6 5
M[98] : 2 3 2 4 2 4 7 4 0 2 5 2 5
M[99] : 3 5 3 3 5 5 0 4 3 0 2 1 5
M[100] : 4 6 3 7 1 4 6 5 6 3 5 0 6
M[101] : 2 0 6 5 5 5 7 2 4 4 3 7 4
M[102] : 5 3 4 1 7 3 2 5 0 4 2 6 2
M[103] : 2 0 2 4 2 2 6 5 6 6 6 3 3
M[104] : 3 0 7 3 6 2 8 4 5 5 2 6 4
M[105] : 4 2 1 4 3 4 2 5 4 3 4 6 0
M[106] : 3 2 3 5 0 0 7 2 4 7 3 4 3
M[107] : 3 4 4 7 7 6 2 5 6 1 1 0 4
M[108] : 3 5 2 0 2 3 4 7 4 3 4 5 6
M[109] : 2 0 6 3 2 1 3 2 6 7 6 3 6
M[110] : 4 6 4 7 2 1 0 2 3 2 6 2 7
M[111] : 3 3 3 5 8 5 3 6 3 6 0 4 3
M[112] : 4 5 2 2 7 2 4 5 2 3 2 0 2
M[113] : 3 3 3 4 8 6 4 3 7 3 4 0 1
M[114] : 2 2 4 3 3 5 6 1 3 5 6 0 4
M[115] : 6 4 3 0 1 4 8 4 2 2 5 4 3
M[116] : 3 0 2 2 7 2 4 0 4 8 7 5 2
M[117] : 0 1 3 5 7 4 3 3 6 4 1 4 2
M[118] : 0 3 5 3 1 7 4 6 4 4 3 7 7
M[119] : 7 2 6 7 0 3 7 1 4 6 3 3 6
M[120] : 3 2 4 0 10 6 5 4 7 4 3 2 4
M[121] : 6 4 2 4 4 4 3 0 4 7 3 5 4
M[122] : 3 5 5 0 6 5 5 0 3 5 5 5 3
M[123] : 1 5 5 3 5 3 0 3 6 7 6 4 2
M[124] : 4 3 2 6 4 0 2 5 5 1 4 4 6
M[125] : 4 0 2 3 1 2 2 5 5 7 6 2 2
M[126] : 8 2 5 3 0 7 6 4 5 4 7 1 2
M[127] : 7 1 4 2 4 2 2 3 7 2 9 4 0
M[128] : 5 3 2 0 9 5 6 7 3 4 1 1 4
M[129] : 1 2 4 3 0 1 5 2 6 2 5 6 3
M[130] : 4 6 3 4 4 3 0 5 3 4 1 4 2
M[131] : 0 3 4 3 5 2 1 0 6 3 3 7 4
M[132] : 3 2 0 2 6 5 1 1 1 4 4 1 5
M[133] : 3 4 7 0 2 5 4 0 4 5 6 4 5
M[134] : 5 3 0 5 2 7 2 6 7 5 5 6 6
M[135] : 9 10 0 3 7 4 6 2 6 6 4 7 4
M[136] : 7 5 5 2 3 5 8 4 5 2 5 4 0
M[137] : 3 2 3 3 0 3 5 4 5 7 3 2 2
M[138] : 2 2 4 7 6 2 0 5 5 2 5 0 3
M[139] : 5 6 6 5 4 0 3 2 8 9 5 4 2
M[140] : 0 3 3 3 4 2 2 7 5 6 3 2 5
M[141] : 8 6 1 3 6 4 1 5 0 2 3 6 4
M[142] : 5 7 3 3 6 2 6 2 5 0 4 3 2
M[143] : 2 3 3 3 0 2 1 4 5 3 3 5 5
M[144] : 5 4 3 4 5 6 2 0 6 4 6 3 3
M[145] : 5 5 0 3 5 3 2 0 5 3 5 1 6
M[146] : 5 8 1 5 6 3 4 4 3 6 8 4 0
M[147] : 5 2 7 6 4 5 7 5 5 4 3 0 0
M[148] : 6 4 3 5 8 5 2 4 8 3 2 0 2
M[149] : 11 7 3 0 6 5 6 4 3 2 4 4 5
M[150] : 3 4 5 4 6 0 7 4 6 3 2 2 2
M[151] : 8 2 4 3 3 5 3 3 2 3 2 3 0
M[152] : 2 2 3 0 9 9 5 6 4 3 3 1 3
M[153] : 2 3 6 4 2 3 0 5 1 6 1 4 2
M[154] : 4 0 4 4 7 1 5 4 10 3 4 8 5
M[155] : 2 5 4 4 3 3 5 1 6 3 6 0 6
M[156] : 1 2 4 7 6 2 4 4 6 1 0 6 5
M[157] : 5 2 5 3 5 0 5 9 3 2 3 2 3
M[158] : 2 2 3 4 3 2 4 0 6 5 5 0 3
M[159] : 2 1 3 9 4 0 2 3 7 5 4 7 2
M[160] : 3 6 6 5 6 6 3 4 7 9 3 4 0
M[161] : 2 3 5 1 6 0 5 2 5 1 3 5 6
M[162] : 4 2 0 3 5 3 4 6 8 3 3 5 3
M[163] : 5 4 3 3 1 5 2 2 5 3 8 0 0
M[164] : 9 4 3 3 7 4 0 4 4 4 7 4 1
M[165] : 3 1 5 5 9 4 0 6 5 4 1 4 5
M[166] : 4 4 5 7 2 2 6 7 4 0 4 6 9
M[167] : 0 4 5 5 7 2 5 4 3 4 4 3 6
M[168] : 0 3 3 1 7 3 5 2 1 3 1 2 6
M[169] : 5 1 5 0 8 2 3 7 3 6 6 6 2
M[170] : 5 5 3 5 4 4 2 2 4 0 2 4 5
M[171] : 2 5 7 4 3 6 0 1 7 3 5 6 5
M[172] : 7 2 2 5 3 5 1 0 3 4 4 3 6
M[173] : 6 4 3 7 3 5 1 3 4 4 0 3 3
M[174] : 6 4 2 5 0 2 3 4 2 3 3 7 5
M[175] : 5 0 3 2 2 2 4 6 4 6 3 7 5
M[176] : 4 4 4 6 5 3 0 1 4 2 4 6 4
M[177] : 3 1 4 5 3 2 5 6 2 3 2 4 0
M[178] : 3 4 2 8 4 4 3 3 0 6 4 4 4
M[179] : 4 2 4 2 4 3 3 8 4 5 0 5 7
M[180] : 3 2 3 7 5 0 6 1 5 2 2 2 1
M[181] : 5 4 0 4 3 5 4 2 2 11 4 2 8
M[182] : 2 4 5 3 0 4 4 7 3 6 8 2 6
M[183] : 5 0 2 4 3 3 3 4 5 3 3 4 6
M[184] : 2 7 5 5 2 4 6 5 2 0 3 3 5
M[185] : 3 5 4 2 3 5 0 2 1 3 6 5 4
M[186] : 5 2 4 3 6 0 0 5 5 4 3 6 4
M[187] : 4 8 12 0 4 3 5 1 4 0 4 4 9
M[188] : 2 5 6 2 2 3 0 5 9 4 3 6 8
M[189] : 5 4 8 7 3 6 0 5 1 5 2 6 6
M[190] : 7 8 2 5 7 3 5 4 5 0 5 7 4
M[191] : 4 7 3 1 8 4 5 0 4 5 6 2 2
M[192] : 7 2 6 4 5 5 7 6 4 3 3 1 0
M[193] : 6 5 5 4 2 3 3 6 0 3 5 5 4
M[194] : 5 5 4 0 4 5 3 2 6 2 6 2 4
M[195] : 5 1 7 3 9 4 2 5 0 4 4 2 7
M[196] : 3 6 2 2 4 2 5 0 3 2 4 1 6
M[197] : 2 1 7 0 4 6 2 6 1 4 6 6 3
M[198] : 4 4 5 7 4 0 6 5 3 4 3 5 3
M[199] : 5 6 4 7 4 6 5 2 3 0 2 4 7
M[200] : 2 6 5 3 8 4 5 2 0 2 3 2 5
M[201] : 5 5 3 8 0 3 3 5 7 3 4 3 4
M[202] : 4 4 3 4 4 7 12 2 9 4 0 5 5
M[203] : 6 7 6 5 6 4 4 2 3 6 5 0 7
M[204] : 5 2 4 0 5 4 2 4 2 5 4 6 2
M[205] : 7 3 4 5 3 4 0 6 5 3 9 5 4
M[206] : 3 1 7 3 3 3 6 3 7 6 0 7 1
M[207] : 5 5 3 2 2 4 4 2 8 2 3 0 8
M[208] : 6 1 2 3 1 0 8 4 3 5 4 10 3
M[209] : 4 2 2 4 4 6 4 2 4 0 2 3 1
M[210] : 5 3 3 4 7 5 0 6 3 4 5 3 5
M[211] : 2 0 7 2 4 6 4 3 1 1 4 4 3
M[212] : 3 3 5 4 2 7 3 4 6 7 6 4 0
M[213] : 1 2 2 4 2 5 4 0 4 2 4 2 5
M[214] : 4 1 0 4 5 3 6 7 3 7 4 6 3
M[215] : 5 6 8 6 6 4 4 4 3 5 0 1 4
M[216] : 5 5 2 5 3 0 3 6 2 4 2 6 6
M[217] : 4 4 0 9 4 5 2 10 0 4 0 8 3
M[218] : 5 5 5 1 2 6 4 2 5 5 6 6 0
M[219] : 2 3 4 0 4 3 6 7 10 3 8 6 2
M[220] : 7 1 2 3 6 2 5 9 3 0 4 4 2
M[221] : 4 2 0 2 2 3 4 2 3 5 4 3 2
M[222] : 8 4 7 2 2 3 8 5 3 2 0 6 2
M[223] : 3 5 0 5 3 3 1 4 2 2 4 3 2
M[224] : 2 6 4 5 4 4 2 6 7 2 0 3 3
M[225] : 8 4 4 2 3 7 3 2 0 3 7 3 2
M[226] : 4 5 2 0 5 4 3 3 0 5 5 6 6
M[227] : 0 6 6 0 7 2 6 3 5 4 5 4 3
M[228] : 5 3 6 4 3 6 3 6 0 4 4 6 3
M[229] : 5 4 9 3 3 5 4 4 0 4 1 3 3
M[230] : 3 5 5 3 4 0 3 6 5 3 7 6 3
M[231] : 3 5 0 3 4 4 4 5 7 7 6 3 4
M[232] : 5 3 5 2 6 4 3 2 5 6 3 2 0
M[233] : 4 0 7 3 8 1 4 4 5 6 1 3 5
M[234] : 3 4 2 3 5 3 7 2 0 3 6 4 8
M[235] : 4 4 2 0 2 5 3 4 3 3 1 5 3
M[236] : 4 4 0 2 1 4 4 7 3 5 3 6 5
M[237] : 3 1 3 5 7 5 3 4 5 5 0 5 3
M[238] : 1 7 0 8 2 2 3 3 3 6 5 4 2
M[239] : 5 10 5 4 8 4 3 6 0 3 7 3 9
M[240] : 2 4 4 0 1 5 5 2 1 3 3 4 7
M[241] : 4 4 1 1 5 6 0 6 1 4 3 5 7
M[242] : 4 0 5 1 2 6 4 3 1 6 5 1 6
M[243] : 7 0 4 4 5 5 9 5 2 10 6 5 2
M[244] : 3 2 3 0 6 0 4 7 4 2 2 4 3
M[245] : 3 4 3 6 4 6 1 4 0 6 5 6 8
M[246] : 3 3 1 3 5 3 0 5 4 7 9 5 3
M[247] : 0 5 2 7 5 3 7 3 4 5 4 0 5
M[248] : 6 5 6 3 4 4 3 0 3 4 1 3 3
M[249] : 3 4 5 6 4 4 0 7 6 7 5 2 6
M[250] : 3 5 5 1 3 8 6 0 3 6 3 6 4
M[251] : 0 4 2 7 2 5 5 3 6 2 2 3 1
M[252] : 6 5 0 4 5 6 6 2 2 7 8 5 3
M[253] : 0 3 3 3 3 4 3 5 1 4 6 1 2
M[254] : 0 4 4 7 5 5 3 4 4 7 5 4 8
M[255] : 8 3 6 3 4 5 8 6 3 4 7 0 8
M[256] : 2 4 5 0 6 8 2 2 2 7 4 2 1
M[257] : 0 3 7 6 7 4 4 6 5 4 4 5 4
M[258] : 3 6 4 2 4 3 6 1 0 4 4 6 6
M[259] : 8 3 4 7 0 3 5 6 7 6 3 6 4
M[260] : 8 1 5 2 4 3 7 0 3 1 5 3 2
M[261] : 3 2 4 4 4 6 6 0 4 4 2 5 6
M[262] : 7 3 7 4 3 0 3 4 4 3 5 2 3
M[263] : 0 8 2 2 5 2 2 4 4 2 5 2 6
M[264] : 6 3 3 3 4 5 3 0 5 2 4 4 4
M[265] : 6 6 0 4 0 6 4 1 3 4 1 4 1
M[266] : 2 5 2 4 1 6 4 5 2 5 5 2 0
M[267] : 8 0 1 6 2 4 4 3 5 6 2 7 4
M[268] : 3 2 4 4 4 5 1 5 7 3 8 6 0
M[269] : 4 1 5 3 3 6 0 7 0 6 3 2 6
M[270] : 5 0 7 3 1 4 7 2 1 3 2 4 3
M[271] : 5 1 2 2 6 0 1 3 4 2 10 4 3
M[272] : 0 6 2 1 2 3 6 3 1 2 4 7 3
M[273] : 7 4 4 3 3 2 4 6 3 2 3 4 0
M[274] : 3 3 4 0 8 6 2 1 4 0 2 2 3
M[275] : 6 3 3 7 7 5 3 2 2 5 2 0 3
M[276] : 3 6 3 2 6 1 4 3 2 5 4 0 5
M[277] : 3 5 2 3 1 6 4 3 0 2 4 6 3
M[278] : 5 2 0 4 3 2 7 5 1 3 3 2 2
M[279] : 6 1 3 4 3 2 5 2 7 3 6 3 0
M[280] : 1 6 3 4 4 2 7 2 4 5 3 0 4
M[281] : 3 3 0 3 3 7 3 8 3 4 5 4 7
M[282] : 4 3 4 5 7 7 7 4 5 3 2 0 3
M[283] : 5 6 0 6 1 1 6 2 2 2 3 3 1
M[284] : 5 3 4 5 0 3 1 7 5 1 4 3 2
M[285] : 2 5 4 5 7 3 3 2 3 5 7 0 5
M[286] : 2 4 3 0 0 8 7 2 6 3 3 3 4
M[287] : 5 5 9 7 6 4 7 3 4 0 5 4 4
M[288] : 2 6 5 5 3 5 4 3 4 3 2 0 2
M[289] : 1 5 7 8 2 4 4 5 6 4 4 5 0
M[290] : 3 0 1 2 3 8 4 4 8 4 4 5 2
M[291] : 4 0 4 4 1 2 5 2 3 3 6 4 1
M[292] : 5 6 2 7 6 3 0 1 3 2 3 7 3
M[293] : 8 3 6 4 6 3 2 4 1 2 0 6 6
M[294] : 5 3 2 4 8 8 4 4 0 4 6 6 9
M[295] : 2 5 2 3 4 5 2 6 6 4 3 3 0
M[296] : 4 2 4 6 4 3 5 0 6 6 2 4 3
M[297] : 2 3 2 4 8 0 2 1 3 8 6 4 4
M[298] : 6 2 2 5 4 0 4 3 7 2 4 5 4
M[299] : 3 2 3 3 4 1 2 6 6 5 0 5 3
M[300] : 3 5 2 4 2 3 5 2 4 5 0 1 5
M[301] : 6 4 4 6 0 3 4 3 3 4 4 3 4
M[302] : 3 3 3 5 2 1 4 1 0 1 5 3 4
M[303] : 4 6 6 0 2 1 5 0 3 4 6 6 5
M[304] : 0 5 4 3 5 1 8 6 2 3 2 6 6
M[305] : 4 7 5 5 3 5 4 3 5 5 4 0 6
M[306] : 7 3 5 4 5 6 0 3 2 6 4 5 4
M[307] : 3 4 4 7 4 3 5 2 4 5 0 4 8
M[308] : 1 4 2 3 2 6 3 4 4 5 0 4 3
M[309] : 3 3 4 4 0 1 3 3 3 6 4 6 2
M[310] : 0 3 1 5 5 4 3 2 7 1 3 5 2
M[311] : 4 1 7 0 2 6 6 4 2 5 4 5 9
M[312] : 6 4 4 6 2 9 4 1 7 4 4 0 3
M[313] : 5 4 6 0 2 9 6 5 2 7 2 4 4
M[314] : 5 5 2 4 4 3 5 2 3 8 2 0 1
M[315] : 3 3 1 5 0 3 3 6 4 3 2 7 3
M[316] : 7 4 5 5 1 0 3 3 2 8 6 5 2
M[317] : 5 5 0 2 0 4 4 4 6 2 6 5 4
M[318] : 3 3 4 3 1 6 7 5 0 2 6 4 7
M[319] : 7 3 6 3 0 9 5 1 2 7 3 4 3
M[320] : 5 3 8 4 0 6 3 2 4 4 7 4 1
M[321] : 1 2 4 6 5 0 1 5 9 4 4 4 7
M[322] : 9 0 5 3 5 5 4 3 4 4 3 7 5
M[323] : 4 0 3 3 8 5 6 4 8 4 5 4 2
M[324] : 6 7 2 4 0 5 5 2 5 6 3 4 4
M[325] : 2 8 0 4 7 7 3 3 5 9 4 2 7
M[326] : 4 2 2 3 2 3 2 8 0 4 4 5 6
M[327] : 5 5 3 4 7 0 5 5 5 4 5 3 3
M[328] : 3 3 4 4 5 3 5 1 6 7 7 0 2
M[329] : 6 6 6 4 3 0 6 3 2 4 6 2 8
M[330] : 6 7 0 3 7 3 6 1 5 5 3 4 2
M[331] : 5 1 6 10 0 6 4 5 6 4 7 9 4
M[332] : 4 4 4 4 0 3 2 3 1 1 6 3 7
M[333] : 5 8 3 3 4 5 4 4 6 4 0 1 7
M[334] : 5 2 6 6 0 2 4 4 0 6 1 4 3
M[335] : 5 4 8 0 5 6 5 5 5 8 7 0 4
M[336] : 2 4 0 4 6 5 6 3 3 5 6 6 3
M[337] : 7 2 5 0 3 5 5 3 3 4 2 4 6
M[338] : 3 6 3 0 6 7 0 2 8 3 9 7 4
M[339] : 2 5 4 3 4 0 4 7 3 8 2 4 6
M[340] : 2 6 1 5 5 5 7 0 6 6 4 5 10
M[341] : 6 5 2 7 3 2 0 2 1 6 3 2 5
M[342] : 5 7 9 4 4 3 6 3 0 3 4 4 6
M[343] : 3 4 2 6 5 6 5 2 3 2 0 5 5
M[344] : 4 4 3 6 4 1 5 8 4 6 0 3 2
M[345] : 2 5 5 0 2 3 7 4 2 6 4 1 7
M[346] : 6 3 4 0 3 3 8 1 4 3 1 7 3
M[347] : 6 1 4 2 7 3 4 0 4 5 3 2 4
M[348] : 3 6 2 1 4 4 3 0 8 10 7 4 6
M[349] : 3 7 6 6 0 3 6 3 1 2 5 3 0
M[350] : 8 3 2 3 0 5 7 4 1 2 6 4 10
M[351] : 3 3 3 3 4 4 6 5 3 4 6 5 0
M[352] : 4 5 4 4 5 7 4 4 9 6 0 5 6
M[353] : 3 3 2 4 4 7 4 2 3 2 4 4 0
M[354] : 3 2 4 5 3 7 4 4 0 11 5 5 2
M[355] : 9 5 1 2 3 6 4 2 2 5 5 0 5
M[356] : 1 4 3 2 3 4 6 2 2 3 0 6 7
M[357] : 3 1 6 6 3 4 3 4 3 2 6 0 2
M[358] : 1 1 6 7 4 4 2 0 3 5 7 3 3
M[359] : 5 1 7 7 6 2 3 5 1 2 2 0 5
M[360] : 5 3 4 0 5 5 6 6 5 3 7 8 5
M[361] : 6 6 7 7 2 4 0 2 2 4 5 3 2
M[362] : 4 1 6 3 0 2 4 2 2 5 1 7 6
M[363] : 0 7 3 4 6 5 4 5 7 7 4 4 4
M[364] : 3 2 1 5 5 5 7 5 3 2 0 3 5
M[365] : 5 7 2 2 2 7 8 4 7 5 0 3 2
M[366] : 4 5 4 5 1 3 2 2 1 4 4 0 2
M[367] : 3 5 6 3 2 4 2 4 3 0 2 4 4
M[368] : 4 2 0 6 5 5 9 3 9 1 5 3 2
M[369] : 4 5 5 3 2 4 1 3 5 7 0 5 6
M[370] : 4 7 2 5 3 0 6 5 4 2 3 1 7
M[371] : 8 5 4 4 1 9 3 4 6 0 4 3 5
M[372] : 3 6 5 2 5 2 6 0 4 2 4 1 4
M[373] : 2 3 3 0 7 3 4 5 1 8 6 3 3
M[374] : 2 5 1 0 5 5 4 4 9 6 4 0 4
M[375] : 0 5 2 4 7 6 2 4 3 7 5 5 4
M[376] : 4 2 7 2 4 6 4 0 5 4 1 0 3
M[377] : 2 7 4 2 7 7 5 4 0 5 2 3 3
M[378] : 4 2 5 5 6 4 4 4 0 5 3 6 4
M[379] : 5 5 4 5 5 1 6 4 5 0 5 2 2
M[380] : 5 2 5 7 7 4 5 0 7 3 8 1 3
M[381] : 2 6 4 4 3 3 3 7 4 4 6 0 3
M[382] : 4 4 3 6 8 0 6 2 1 6 5 2 0
M[383] : 5 2 2 5 6 1 2 0 3 4 3 3 3
M[384] : 3 3 4 4 7 1 2 2 4 0 3 2 7
M[385] : 0 7 5 3 4 7 4 4 5 4 4 6 6
M[386] : 5 5 5 2 1 4 2 4 0 4 2 5 3
M[387] : 2 3 0 5 4 7 8 4 3 5 0 2 5
M[388] : 0 7 5 4 6 8 4 1 3 4 3 6 8
M[389] : 4 5 0 5 7 6 3 4 5 4 5 4 10
M[390] : 2 6 8 0 8 2 8 2 5 5 4 2 4
M[391] : 3 4 1 6 4 7 1 6 0 2 6 5 3
M[392] : 3 2 0 5 7 5 6 2 8 7 4 2 1
M[393] : 0 4 2 4 6 6 6 4 5 4 4 5 6
M[394] : 5 4 4 4 0 6 8 9 1 5 3 3 1
M[395] : 4 4 5 0 0 2 8 2 7 3 6 2 6
M[396] : 1 5 2 1 5 3 5 4 7 4 5 2 0
M[397] : 4 5 4 1 0 1 1 4 6 1 4 11 4
M[398] : 0 5 7 4 3 1 6 3 4 8 2 2 8
M[399] : 7 7 3 1 8 3 2 2 9 6 5 3 0
M[400] : 7 5 4 8 4 10 0 3 4 1 4 1 3
M[401] : 4 2 4 0 3 6 4 1 4 4 3 3 4
M[402] : 2 4 4 6 1 3 8 5 3 0 8 3 3
M[403] : 10 5 5 4 2 8 5 5 6 6 5 0 3
M[404] : 1 4 7 4 1 3 7 4 5 0 5 3 5
M[405] : 2 4 5 7 5 0 6 7 5 4 4 3 8
M[406] : 5 6 0 2 4 4 4 3 0 6 7 2 4
M[407] : 4 1 2 5 1 0 2 4 5 4 0 3 3
M[408] : 6 5 7 5 6 4 2 6 4 0 7 5 7
M[409] : 0 6 4 6 6 7 5 5 3 7 4 4 3
M[410] : 2 7 4 3 2 3 0 7 6 6 4 4 6
M[411] : 0 3 6 4 7 2 3 7 2 4 6 3 3
M[412] : 7 7 4 3 3 9 5 0 4 5 5 4 2
M[413] : 5 2 5 5 5 0 3 6 7 7 5 3 3
M[414] : 5 4 5 5 3 9 3 2 3 0 8 8 5
M[415] : 3 0 3 5 4 2 3 2 8 5 3 3 8
M[416] : 4 4 6 0 4 4 5 1 2 3 8 7 1
M[417] : 4 5 4 4 2 0 4 7 2 4 9 5 4
M[418] : 4 4 2 1 3 3 2 7 5 0 5 8 3
M[419] : 0 2 3 4 6 6 4 2 4 7 7 4 6
M[420] : 4 5 5 3 2 7 0 2 4 3 5 2 6
M[421] : 3 4 4 4 2 3 3 0 3 8 3 2 2
M[422] : 3 0 9 1 1 5 5 2 5 5 0 5 3
M[423] : 2 3 5 0 4 2 1 4 5 4 2 4 3
M[424] : 6 5 3 8 4 4 0 6 3 6 6 2 4
M[425] : 4 3 6 3 6 3 0 7 5 3 2 5 2
M[426] : 5 4 1 5 4 3 6 3 3 3 5 3 0
M[427] : 3 4 3 4 6 2 0 7 4 3 4 8 3
M[428] : 5 3 5 5 2 4 5 0 3 5 4 2 5
M[429] : 5 3 7 1 4 5 3 8 0 6 3 4 6
M[430] : 2 1 5 5 3 4 5 0 4 2 6 8 6
M[431] : 6 4 5 4 3 3 0 2 3 4 6 11 7
M[432] : 6 6 4 4 4 0 3 8 4 2 4 6 4
M[433] : 5 8 2 2 3 5 5 0 7 0 7 3 5
M[434] : 4 0 3 2 6 4 5 6 2 4 5 2 3
M[435] : 2 5 3 6 4 5 4 0 4 4 6 4 4
M[436] : 1 5 2 3 1 3 3 4 2 4 4 0 3
M[437] : 0 4 4 5 2 6 4 5 6 8 4 4 4
M[438] : 2 4 8 4 5 1 5 7 3 3 4 0 4
M[439] : 4 0 5 2 2 3 7 7 4 3 3 3 3
M[440] : 5 5 3 1 3 6 0 5 4 4 6 8 4
M[441] : 0 3 2 2 6 2 6 4 5 2 5 4 6
M[442] : 4 0 1 3 2 5 1 2 10 4 3 3 5
M[443] : 4 2 6 0 2 5 7 4 4 2 6 4 2
M[444] : 3 4 2 3 3 4 2 3 6 0 2 5 6
M[445] : 4 0 10 6 3 1 2 4 5 8 4 3 4
M[446] : 5 4 5 2 3 8 4 5 4 6 0 4 5
M[447] : 4 5 5 6 4 5 4 4 0 5 10 8 4
M[448] : 4 5 6 5 6 4 0 4 3 5 3 5 5
M[449] : 4 7 4 5 0 4 4 3 3 1 7 4 6
M[450] : 0 3 9 5 7 6 4 4 7 2 3 2 5
M[451] : 9 6 6 4 3 5 6 0 4 2 3 3 4
M[452] : 5 8 8 3 3 3 3 3 6 7 0 7 7
M[453] : 7 5 7 6 2 2 5 0 4 4 3 5 3
M[454] : 6 2 6 7 4 2 0 4 5 5 4 4 6
M[455] : 4 3 0 4 2 1 4 1 5 3 4 4 3
M[456] : 2 5 4 2 8 8 1 0 4 1 6 3 6
M[457] : 1 4 1 0 5 2 4 3 6 5 1 5 6
M[458] : 2 5 3 4 3 6 5 0 3 4 3 7 6
M[459] : 7 2 4 5 3 0 6 3 6 1 6 6 9
M[460] : 5 2 6 3 1 0 3 3 4 8 3 7 4
M[461] : 2 7 0 1 4 2 6 1 2 7 3 4 4
M[462] : 0 3 5 5 1 5 3 1 4 3 1 6 5
M[463] : 4 3 4 3 2 3 4 4 7 0 6 6 3
M[464] : 6 3 7 2 2 5 3 5 0 2 2 4 3
M[465] : 3 1 6 4 4 7 3 4 4 5 5 1 0
M[466] : 5 3 5 1 5 0 3 2 5 1 3 5 1
M[467] : 3 3 4 0 3 1 2 3 2 5 5 1 5
M[468] : 7 5 2 3 0 5 6 2 4 5 6 3 3
M[469] : 7 2 2 4 0 5 4 1 3 6 4 5 3
M[470] : 0 5 8 6 3 3 4 3 7 4 7 4 4
M[471] : 3 3 5 6 5 3 3 5 6 0 5 7 4
M[472] : 11 2 2 4 0 4 3 10 6 5 4 3 5
M[473] : 5 0 8 5 5 3 5 5 4 4 2 6 2
M[474] : 0 8 1 8 7 3 5 5 2 10 4 2 3
M[475] : 5 4 2 5 6 0 1 4 6 3 4 1 5
M[476] : 5 5 0 5 6 7 3 6 4 3 3 3 3
M[477] : 6 5 1 7 4 5 0 4 5 3 5 6 7
M[478] : 6 2 6 5 4 6 6 4 1 0 3 2 2
M[479] : 6 3 0 6 3 1 2 5 4 2 3 9 5
M[480] : 7 4 4 2 0 3 4 6 3 0 4 9 5
M[481] : 4 6 4 5 5 7 5 3 6 0 7 3 5
M[482] : 6 6 5 3 1 4 3 2 3 5 0 1 5
M[483] : 7 4 2 4 3 0 2 5 5 5 1 2 4
M[484] : 6 3 5 5 2 4 6 6 5 0 3 6 5
M[485] : 4 0 4 9 5 4 3 3 4 3 3 5 0
M[486] : 2 0 7 6 5 5 5 7 2 3 0 5 3
M[487] : 3 5 2 4 3 4 4 4 4 0 4 5 9
M[488] : 7 2 5 2 2 0 3 8 3 4 7 4 5
M[489] : 2 3 2 1 4 2 3 0 3 6 6 3 4
M[490] : 6 3 3 5 4 12 2 7 4 5 0 6 8
M[491] : 3 5 5 3 1 4 2 5 0 4 1 1 7
M[492] : 0 3 3 4 6 7 2 6 2 5 6 1 4
M[493] : 9 9 6 8 2 3 9 4 1 5 8 2 0
M[494] : 6 0 2 4 4 4 2 8 7 3 5 1 4
M[495] : 7 0 3 2 2 5 4 4 3 5 2 7 4
M[496] : 0 2 2 2 3 7 7 7 3 4 3 4 7
M[497] : 2 0 6 4 1 5 3 2 4 7 3 8 8
M[498] : 2 2 1 3 9 4 6 6 8 3 4 0 5
M[499] : 6 0 3 4 5 4 6 6 1 5 4 2 5

