 Execution de l'algoritme BITS sur le fichier dsjc500.1.txt
=====================================================================
 Partitions  : 
Vk[0] : 360 294 448 121 209 98 473 425 138 162 431 147 118 375 271 93 159 373 434 389 395 445 71 91 285 321 163 295 267 455 210 406 396 27 72 35 164 132 65 -->  39 éléments.
Vk[1] : 13 452 272 224 234 333 477 194 490 170 212 439 259 283 260 228 461 270 362 236 404 204 202 423 213 108 374 97 106 178 193 435 184 62 165 372 487 142 265 -->  39 éléments.
Vk[2] : 365 334 254 410 319 243 363 189 238 347 7 206 226 78 241 155 174 302 167 453 462 225 400 497 386 253 327 59 326 245 139 94 284 342 359 4 185 317 -->  38 éléments.
Vk[3] : 23 412 482 38 287 313 208 478 191 16 233 297 171 443 64 129 100 29 136 346 240 444 441 48 421 104 160 411 77 345 197 463 408 24 47 466 143 237 274 -->  39 éléments.
Vk[4] : 256 440 190 324 10 31 350 335 376 293 149 370 493 429 433 120 41 332 388 32 182 401 288 207 152 451 338 229 90 2 286 235 311 488 292 158 242 449 -->  38 éléments.
Vk[5] : 262 495 405 281 52 85 450 36 447 148 183 258 416 355 144 58 381 349 257 53 472 291 379 175 92 99 415 301 496 63 279 198 145 153 481 19 81 196 -->  38 éléments.
Vk[6] : 459 12 430 316 391 186 0 187 331 329 368 480 28 37 305 60 154 264 115 141 354 382 88 341 428 87 378 56 66 456 309 44 248 223 137 407 172 173 -->  38 éléments.
Vk[7] : 409 20 188 246 96 320 113 251 476 467 344 402 277 21 398 54 424 76 116 114 312 318 18 422 15 426 383 200 399 125 50 46 107 314 177 26 117 49 25 -->  39 éléments.
Vk[8] : 427 30 323 179 69 247 221 231 304 464 68 275 220 457 485 339 51 413 84 217 474 475 325 5 214 364 45 216 201 123 102 70 156 266 269 22 366 357 -->  38 éléments.
Vk[9] : 55 8 417 150 361 86 307 244 479 299 437 192 414 460 352 377 353 168 83 105 33 465 486 298 322 109 140 310 151 180 306 181 356 498 483 442 67 14 -->  38 éléments.
Vk[10] : 39 336 484 146 432 1 252 74 227 494 135 222 280 80 471 176 43 230 40 134 161 470 101 420 219 95 315 367 61 397 268 351 436 273 157 11 130 263 124 -->  39 éléments.
Vk[11] : 394 203 371 89 369 492 112 166 330 358 385 491 128 249 73 169 119 127 103 205 300 282 232 308 446 438 215 110 340 387 111 278 499 418 276 392 343 195 -->  38 éléments.
Vk[12] : 261 296 380 403 390 255 239 17 289 3 57 133 348 419 199 337 79 328 75 250 468 290 218 34 9 6 393 82 126 469 454 131 489 384 42 303 458 211 122 -->  39 éléments.
Matrice M
M[0] : 3 4 2 6 6 6 0 1 7 4 4 5 4
M[1] : 4 6 3 3 3 4 6 3 8 2 0 5 5
M[2] : 5 5 7 4 0 3 2 6 5 3 6 4 3
M[3] : 6 5 4 4 4 4 2 6 5 4 5 4 0
M[4] : 4 7 0 5 1 3 5 4 1 5 4 5 3
M[5] : 2 4 2 2 2 7 4 5 0 1 6 3 3
M[6] : 1 4 6 3 9 1 5 4 6 4 1 2 0
M[7] : 4 3 0 2 3 3 5 3 2 6 5 7 6
M[8] : 4 3 4 3 4 5 4 5 7 0 4 2 4
M[9] : 4 5 4 3 3 3 5 5 3 4 5 3 0
M[10] : 6 5 3 5 0 9 8 6 3 6 3 4 7
M[11] : 6 4 6 2 3 6 5 2 1 3 0 5 2
M[12] : 6 4 4 6 8 4 0 3 4 6 6 1 4
M[13] : 4 0 7 4 5 4 3 3 6 4 2 5 7
M[14] : 4 4 4 1 5 4 0 1 1 0 2 8 1
M[15] : 7 4 3 8 5 4 4 0 5 4 5 3 3
M[16] : 4 2 2 0 3 5 7 4 3 8 5 4 5
M[17] : 5 4 1 3 4 5 3 5 2 4 7 4 0
M[18] : 3 6 3 2 3 2 2 0 6 3 5 2 4
M[19] : 1 4 2 4 3 0 6 2 7 4 6 5 0
M[20] : 5 4 2 6 3 2 7 0 5 5 4 7 7
M[21] : 2 8 4 5 4 5 3 0 3 3 6 1 5
M[22] : 2 6 1 7 4 7 7 2 0 5 5 5 5
M[23] : 5 4 2 0 3 5 5 4 3 2 3 5 5
M[24] : 1 3 2 0 3 4 4 6 3 8 5 4 1
M[25] : 4 5 7 3 4 1 3 0 2 4 3 4 3
M[26] : 2 4 4 3 5 4 9 0 1 7 3 4 5
M[27] : 0 8 1 8 5 5 4 1 5 3 3 2 3
M[28] : 4 2 2 4 5 6 0 2 4 2 4 3 3
M[29] : 4 4 3 0 3 6 5 4 5 4 3 1 7
M[30] : 4 3 3 2 7 2 4 5 0 5 5 5 4
M[31] : 6 6 3 6 0 6 9 8 3 6 6 3 6
M[32] : 4 2 0 6 0 8 5 4 9 3 2 4 2
M[33] : 4 1 1 4 4 2 4 7 2 0 2 3 6
M[34] : 5 3 3 3 1 2 6 9 3 2 3 2 0
M[35] : 0 5 1 2 4 5 4 1 1 6 3 4 1
M[36] : 5 3 8 4 5 0 7 5 2 2 5 6 4
M[37] : 4 7 1 3 2 7 0 3 5 7 4 6 3
M[38] : 4 6 6 0 7 3 3 6 5 4 5 6 4
M[39] : 8 4 4 3 6 7 7 4 4 5 0 4 3
M[40] : 2 7 5 4 3 2 2 4 3 2 0 5 2
M[41] : 3 4 5 7 0 5 7 5 4 8 3 4 6
M[42] : 4 7 5 3 3 6 2 6 6 0 5 2 0
M[43] : 2 5 4 3 2 6 6 3 2 7 0 3 7
M[44] : 6 1 5 3 1 4 0 1 4 7 3 3 7
M[45] : 4 4 3 3 4 3 6 6 0 6 2 2 4
M[46] : 5 4 5 5 8 8 3 0 4 4 4 3 6
M[47] : 1 4 2 0 6 5 4 4 2 4 4 4 5
M[48] : 2 3 4 0 3 6 1 5 5 3 3 4 4
M[49] : 3 3 5 5 3 5 9 0 6 1 4 4 4
M[50] : 3 6 3 6 5 2 7 0 4 3 7 6 6
M[51] : 5 7 3 2 1 5 6 6 0 3 5 6 4
M[52] : 6 3 6 4 2 0 4 4 5 4 2 2 5
M[53] : 5 4 3 5 2 0 8 6 4 6 2 3 3
M[54] : 4 4 8 5 4 6 7 0 3 3 5 2 4
M[55] : 3 4 4 5 7 3 6 4 7 0 3 6 4
M[56] : 4 5 2 6 9 5 0 4 4 2 9 1 6
M[57] : 7 7 3 4 8 3 3 3 5 2 4 6 0
M[58] : 4 3 4 10 2 0 4 6 1 3 4 7 2
M[59] : 3 5 0 3 6 4 3 4 4 4 3 3 3
M[60] : 3 6 4 7 7 5 0 2 1 7 4 6 5
M[61] : 5 1 5 4 2 3 4 5 8 7 0 4 1
M[62] : 4 0 7 7 2 1 4 4 7 3 5 7 8
M[63] : 7 3 3 7 4 0 3 4 3 2 8 2 1
M[64] : 7 5 7 0 9 2 2 5 4 6 3 6 3
M[65] : 0 4 4 0 3 5 4 4 3 3 3 3 4
M[66] : 3 5 6 4 3 4 0 1 10 5 4 4 7
M[67] : 9 5 7 5 3 2 1 5 1 0 7 5 6
M[68] : 4 3 9 7 6 3 5 2 0 2 7 5 1
M[69] : 5 8 6 8 3 2 7 3 0 4 6 4 6
M[70] : 9 3 0 3 4 5 6 3 0 8 3 1 7
M[71] : 0 5 4 4 3 4 3 5 4 3 2 6 2
M[72] : 0 2 4 6 7 6 1 1 4 6 6 5 4
M[73] : 1 5 3 7 5 5 4 1 6 3 4 0 8
M[74] : 3 4 3 4 3 8 8 2 6 2 0 5 9
M[75] : 4 2 9 8 9 6 1 3 2 3 1 2 0
M[76] : 3 5 2 6 3 1 3 0 4 2 6 2 3
M[77] : 5 3 6 0 7 2 3 2 1 4 7 4 3
M[78] : 5 2 0 2 3 5 3 2 4 7 2 6 2
M[79] : 4 8 5 2 4 1 5 7 3 2 10 5 0
M[80] : 3 3 3 7 3 5 6 7 4 6 0 7 6
M[81] : 3 5 7 4 5 0 1 3 3 5 7 5 3
M[82] : 2 5 3 3 7 3 1 4 6 7 0 3 0
M[83] : 6 5 2 4 4 3 2 4 4 0 3 5 4
M[84] : 3 4 4 2 2 1 6 4 0 5 1 2 5
M[85] : 3 5 2 7 6 0 4 4 4 4 4 4 9
M[86] : 2 5 6 8 6 3 8 3 6 0 5 4 5
M[87] : 5 4 3 3 4 2 0 2 6 3 6 3 3
M[88] : 5 3 6 5 4 6 0 2 4 5 7 8 3
M[89] : 2 6 7 6 3 6 3 6 11 4 7 0 2
M[90] : 3 3 3 4 0 4 4 2 1 4 4 7 3
M[91] : 0 4 3 6 2 2 2 1 5 8 4 1 10
M[92] : 1 6 4 4 5 0 6 3 2 3 7 2 4
M[93] : 0 6 7 6 5 4 4 5 4 2 3 4 2
M[94] : 4 4 0 2 1 6 4 3 3 1 7 6 3
M[95] : 5 6 6 8 0 6 2 6 3 3 0 2 6
M[96] : 4 5 3 4 7 3 3 0 2 6 7 2 5
M[97] : 8 0 6 4 5 6 5 0 3 6 5 6 2
M[98] : 0 5 3 4 2 4 3 5 3 5 4 1 3
M[99] : 2 1 5 2 2 0 2 6 7 3 4 2 3
M[100] : 5 4 3 0 5 6 2 4 4 9 5 4 5
M[101] : 2 2 8 4 5 3 3 7 7 6 0 4 3
M[102] : 4 3 5 4 3 3 6 9 0 1 1 1 4
M[103] : 3 4 4 2 2 3 5 2 3 8 6 0 5
M[104] : 6 2 3 0 5 6 5 6 2 5 5 4 6
M[105] : 5 6 2 3 4 4 4 4 2 0 3 2 3
M[106] : 2 0 5 3 5 3 1 4 5 5 2 6 2
M[107] : 3 4 2 6 9 3 4 0 5 1 5 3 5
M[108] : 2 0 3 2 6 1 2 8 3 5 3 6 7
M[109] : 2 3 6 2 5 7 2 7 4 0 4 4 1
M[110] : 4 6 3 2 2 5 4 6 3 2 1 0 8
M[111] : 6 6 5 4 4 4 10 3 3 2 3 0 2
M[112] : 3 3 3 3 3 3 4 3 2 2 6 0 5
M[113] : 3 3 6 4 6 4 3 0 5 3 5 2 5
M[114] : 2 3 2 3 4 2 4 0 6 9 3 3 3
M[115] : 5 5 4 2 4 4 0 5 2 3 4 2 6
M[116] : 2 6 5 0 5 5 3 0 2 5 2 3 8
M[117] : 3 3 4 6 3 1 7 0 2 1 6 2 5
M[118] : 0 2 8 6 6 3 4 4 2 2 6 4 7
M[119] : 7 4 3 7 4 4 1 5 8 3 6 0 3
M[120] : 6 6 5 4 0 6 8 2 1 6 2 3 5
M[121] : 0 3 6 4 2 2 4 3 6 7 6 5 2
M[122] : 3 6 3 4 1 4 6 4 6 7 5 1 0
M[123] : 3 6 4 7 5 4 1 3 0 1 7 6 3
M[124] : 4 5 1 5 6 1 5 5 3 0 0 7 4
M[125] : 2 6 4 4 6 5 5 0 2 1 3 0 3
M[126] : 1 5 4 6 3 1 4 5 8 5 5 7 0
M[127] : 2 2 4 4 8 3 5 1 3 7 4 0 4
M[128] : 2 1 6 3 5 6 8 3 3 3 5 0 5
M[129] : 5 3 4 0 3 3 4 6 4 1 3 3 1
M[130] : 4 5 2 4 4 2 5 6 1 1 0 3 6
M[131] : 2 3 1 4 5 4 3 4 1 4 3 7 0
M[132] : 0 4 1 7 3 2 3 0 5 2 5 2 1
M[133] : 6 5 2 2 5 3 4 5 6 3 2 6 0
M[134] : 2 3 4 4 5 4 4 7 6 6 0 8 6
M[135] : 10 4 9 6 7 5 6 5 3 6 0 5 2
M[136] : 6 4 6 0 5 5 5 2 1 5 5 8 3
M[137] : 3 4 6 3 4 5 0 1 3 2 3 3 5
M[138] : 0 7 7 3 5 4 4 1 2 3 2 2 3
M[139] : 6 5 0 7 5 3 4 4 6 6 8 4 1
M[140] : 5 4 4 1 6 4 10 4 3 0 3 0 1
M[141] : 2 1 5 6 6 1 0 4 7 7 5 1 4
M[142] : 7 0 6 4 5 4 2 4 3 2 5 3 3
M[143] : 5 5 4 0 6 4 3 2 1 2 3 3 1
M[144] : 3 6 3 4 2 0 4 6 6 1 6 5 5
M[145] : 6 3 4 3 3 0 2 6 1 3 3 4 5
M[146] : 4 7 6 5 8 3 2 6 2 2 0 6 6
M[147] : 0 3 4 2 7 4 4 3 5 9 3 4 5
M[148] : 3 4 9 5 4 0 5 4 2 4 6 2 4
M[149] : 4 4 5 8 0 4 5 10 3 6 3 2 6
M[150] : 7 3 6 4 3 4 6 3 3 0 4 2 3
M[151] : 4 5 3 2 3 1 2 3 2 0 4 8 4
M[152] : 3 7 5 5 0 3 7 3 3 4 3 3 4
M[153] : 3 2 3 4 5 0 4 1 4 4 5 3 1
M[154] : 4 4 8 4 8 2 0 8 8 1 3 6 3
M[155] : 2 6 0 4 3 6 5 4 4 3 8 1 2
M[156] : 2 0 3 2 5 5 9 3 0 1 5 8 5
M[157] : 4 6 5 1 5 3 6 3 2 2 0 6 4
M[158] : 5 6 2 3 0 5 1 2 1 5 3 5 1
M[159] : 0 7 4 3 9 4 4 2 4 4 3 1 4
M[160] : 2 6 4 0 5 4 6 5 9 4 2 5 10
M[161] : 4 1 6 2 4 2 5 3 5 4 0 4 4
M[162] : 0 4 4 2 3 3 3 6 3 2 4 4 11
M[163] : 0 3 4 4 3 2 5 2 4 4 4 0 6
M[164] : 0 5 6 5 4 4 3 8 2 3 5 5 4
M[165] : 4 0 4 6 5 1 4 0 5 4 4 3 12
M[166] : 5 3 8 1 4 5 5 6 4 4 4 0 11
M[167] : 3 5 0 6 6 6 6 4 3 2 3 4 4
M[168] : 3 1 3 3 2 4 2 3 1 0 6 5 4
M[169] : 3 1 9 8 4 3 6 5 5 3 4 0 3
M[170] : 6 0 4 4 3 1 5 5 3 4 4 2 4
M[171] : 4 8 2 0 5 3 2 5 7 2 5 7 4
M[172] : 3 3 3 2 3 5 0 5 5 5 10 1 0
M[173] : 4 6 6 3 5 0 0 5 3 4 2 5 3
M[174] : 8 1 0 2 5 3 7 2 3 5 2 5 3
M[175] : 2 7 3 5 3 0 3 5 4 1 6 5 5
M[176] : 1 2 6 3 8 4 2 4 5 6 0 4 2
M[177] : 2 0 5 1 4 6 3 0 2 2 3 5 7
M[178] : 3 0 4 5 7 6 3 6 5 4 1 2 3
M[179] : 3 2 3 2 4 5 3 5 0 3 6 5 10
M[180] : 2 2 8 3 3 0 2 2 3 0 4 5 5
M[181] : 5 7 3 4 8 1 3 4 2 0 8 6 3
M[182] : 6 2 1 6 0 5 7 5 2 5 3 6 6
M[183] : 5 4 3 3 1 0 3 2 5 4 5 4 6
M[184] : 3 0 5 2 4 4 0 9 2 6 3 4 7
M[185] : 2 3 0 3 5 6 1 4 5 5 3 5 1
M[186] : 2 3 2 2 8 6 0 7 3 3 2 4 5
M[187] : 5 5 5 3 6 3 0 7 5 5 7 5 2
M[188] : 6 3 3 3 3 6 8 0 6 6 3 2 6
M[189] : 4 4 0 8 4 7 2 8 1 1 10 4 5
M[190] : 9 6 7 6 0 5 2 3 3 3 6 8 4
M[191] : 5 4 4 0 4 5 4 3 6 4 4 5 3
M[192] : 4 3 7 3 5 5 4 1 5 0 4 7 5
M[193] : 5 0 3 5 6 5 4 4 1 2 6 3 7
M[194] : 5 0 4 5 4 4 2 1 6 4 1 8 4
M[195] : 4 3 6 2 7 6 4 5 4 1 4 0 7
M[196] : 9 5 2 0 0 0 5 5 3 2 5 2 2
M[197] : 4 7 4 0 3 4 1 4 7 4 3 3 4
M[198] : 7 3 6 6 5 0 6 4 3 2 4 2 5
M[199] : 6 3 4 5 5 3 4 4 4 6 3 8 0
M[200] : 4 3 3 2 3 3 4 0 3 5 5 3 9
M[201] : 4 2 6 4 6 5 6 4 0 5 5 1 5
M[202] : 12 0 10 3 3 3 5 4 3 5 8 3 4
M[203] : 7 11 6 5 3 6 3 4 5 3 5 0 3
M[204] : 4 0 3 3 6 2 2 3 5 5 6 3 3
M[205] : 5 6 5 5 7 4 5 2 4 6 6 0 3
M[206] : 5 8 0 3 2 8 1 4 2 3 5 6 3
M[207] : 5 1 6 3 0 2 4 4 7 4 7 2 3
M[208] : 6 4 4 0 4 3 4 4 5 4 5 2 5
M[209] : 0 4 3 2 3 2 4 4 3 3 3 3 4
M[210] : 0 5 6 6 4 2 3 4 4 5 1 5 8
M[211] : 5 6 4 3 4 2 1 3 1 3 6 3 0
M[212] : 4 0 6 6 0 8 5 6 6 3 4 3 3
M[213] : 3 0 1 6 2 2 4 5 2 3 6 1 2
M[214] : 4 3 3 1 6 8 7 5 0 2 4 6 4
M[215] : 5 5 6 8 1 3 3 6 4 5 5 0 5
M[216] : 4 3 4 5 6 2 6 2 0 1 4 6 6
M[217] : 4 5 3 4 2 5 4 8 0 2 3 5 8
M[218] : 5 4 3 5 5 6 2 1 7 7 3 4 0
M[219] : 4 8 3 6 5 7 5 4 3 6 0 3 4
M[220] : 4 2 3 7 1 7 3 1 0 6 4 4 6
M[221] : 2 5 3 3 3 4 3 3 0 3 4 2 1
M[222] : 2 2 3 9 3 5 4 4 7 6 0 2 5
M[223] : 4 1 2 3 9 2 0 5 1 4 3 3 0
M[224] : 4 0 2 0 5 5 3 6 3 2 4 4 10
M[225] : 4 4 0 4 7 5 4 1 1 6 5 3 4
M[226] : 1 2 0 2 5 4 4 4 6 6 3 4 7
M[227] : 3 4 5 2 3 6 5 7 5 7 0 3 1
M[228] : 2 0 2 6 4 3 2 9 4 3 4 9 5
M[229] : 2 4 2 5 0 4 7 1 4 3 3 6 7
M[230] : 5 5 5 4 6 4 4 7 3 4 0 2 4
M[231] : 4 7 3 4 5 5 9 3 0 3 3 6 3
M[232] : 5 2 7 4 7 3 1 5 3 5 3 0 1
M[233] : 4 3 1 0 8 6 3 3 2 3 6 5 7
M[234] : 6 0 5 4 2 2 3 4 5 6 5 5 3
M[235] : 5 2 6 4 0 3 4 5 6 0 1 2 1
M[236] : 3 0 3 4 4 3 6 4 4 6 4 5 2
M[237] : 5 4 5 0 4 6 5 3 2 2 5 2 6
M[238] : 5 4 0 4 3 3 7 2 4 5 4 2 3
M[239] : 4 9 5 4 5 8 6 5 3 5 9 4 0
M[240] : 2 3 3 0 3 5 2 5 3 4 8 1 2
M[241] : 3 5 0 9 3 4 3 3 3 4 1 5 4
M[242] : 5 5 0 2 0 1 4 3 5 3 7 4 5
M[243] : 8 6 0 5 3 4 4 3 1 7 5 8 10
M[244] : 3 4 6 1 1 5 5 2 4 0 3 2 4
M[245] : 6 7 0 3 6 1 8 5 2 3 5 7 3
M[246] : 3 4 5 5 3 3 4 0 3 4 5 7 5
M[247] : 3 5 3 4 5 5 4 6 0 3 5 2 5
M[248] : 2 1 8 5 2 4 0 4 6 4 5 1 3
M[249] : 3 6 5 7 6 7 3 5 3 7 1 0 6
M[250] : 6 4 4 3 3 5 5 1 7 5 4 6 0
M[251] : 4 6 2 3 8 4 2 0 2 3 4 2 2
M[252] : 5 4 5 6 4 6 4 8 3 6 0 4 4
M[253] : 2 4 0 2 5 1 2 2 3 5 2 3 7
M[254] : 2 5 0 6 6 5 2 3 6 5 7 4 9
M[255] : 9 6 5 9 2 3 6 8 4 4 4 5 0
M[256] : 3 5 3 3 0 3 2 5 3 7 4 4 3
M[257] : 3 4 5 5 8 0 3 2 9 2 4 6 8
M[258] : 6 4 5 3 2 0 2 4 5 4 9 2 3
M[259] : 6 0 4 8 2 5 3 5 5 5 5 4 10
M[260] : 0 0 3 1 7 2 3 3 7 3 2 8 5
M[261] : 4 4 4 3 3 3 7 4 8 3 4 3 0
M[262] : 2 4 5 5 5 0 4 3 5 4 3 5 3
M[263] : 3 2 5 1 4 3 5 4 1 5 0 4 7
M[264] : 3 3 4 4 3 3 0 6 4 3 2 8 3
M[265] : 3 0 4 4 4 3 5 5 1 3 2 3 3
M[266] : 3 3 2 5 3 5 8 3 0 1 3 2 5
M[267] : 0 4 5 6 2 7 5 3 6 1 4 4 5
M[268] : 4 4 2 1 6 7 5 4 4 4 0 6 5
M[269] : 6 2 1 7 1 1 6 2 0 4 5 6 5
M[270] : 4 0 1 1 4 6 1 4 4 3 6 6 2
M[271] : 0 3 3 3 3 4 4 5 4 5 2 5 2
M[272] : 3 0 9 4 2 5 5 2 2 2 1 1 4
M[273] : 5 4 2 3 0 5 6 2 4 1 0 7 6
M[274] : 6 7 2 0 0 1 3 5 5 2 3 0 4
M[275] : 3 4 4 4 5 4 4 3 0 4 4 6 3
M[276] : 7 5 8 0 2 2 2 0 3 4 6 0 5
M[277] : 5 1 4 3 3 3 3 0 6 1 5 5 3
M[278] : 0 3 5 5 4 4 3 3 3 3 2 0 4
M[279] : 4 2 4 1 6 0 1 3 4 4 7 7 2
M[280] : 4 4 5 7 3 3 2 5 2 5 0 4 1
M[281] : 4 3 6 3 8 0 5 3 4 5 5 3 4
M[282] : 3 8 4 4 4 2 5 4 5 7 3 0 5
M[283] : 4 0 2 3 3 3 3 2 4 3 4 4 3
M[284] : 0 3 0 5 6 2 6 3 6 2 2 4 4
M[285] : 0 3 5 0 3 6 3 5 4 5 8 3 6
M[286] : 4 3 5 4 0 1 5 4 3 7 3 4 2
M[287] : 5 8 3 0 7 5 3 7 3 3 5 8 6
M[288] : 4 5 3 6 0 4 2 4 5 3 4 1 3
M[289] : 4 3 1 5 3 6 6 5 6 6 4 6 0
M[290] : 4 8 7 4 3 3 5 1 3 1 3 6 0
M[291] : 3 4 1 3 3 0 1 6 4 3 4 3 4
M[292] : 5 3 0 6 0 4 6 4 3 3 2 5 7
M[293] : 5 3 3 7 0 3 5 5 4 3 4 4 5
M[294] : 0 6 3 3 3 8 5 5 5 8 5 5 7
M[295] : 0 7 4 1 6 4 2 4 2 4 4 3 4
M[296] : 5 4 4 6 3 6 3 3 3 3 6 3 0
M[297] : 2 5 2 0 6 3 6 2 4 6 2 4 5
M[298] : 7 3 5 5 1 4 6 3 2 0 1 3 8
M[299] : 3 3 5 2 3 2 5 2 4 0 5 5 4
M[300] : 2 5 1 4 8 5 1 1 3 3 3 0 5
M[301] : 7 0 5 3 8 0 2 4 2 4 5 4 4
M[302] : 3 3 0 2 2 2 2 4 5 4 3 4 1
M[303] : 6 6 1 4 3 4 4 6 4 6 1 3 0
M[304] : 5 6 3 5 5 4 2 3 0 3 7 4 4
M[305] : 3 3 4 6 7 6 0 4 6 4 4 5 4
M[306] : 3 5 6 6 1 4 4 5 7 0 3 6 4
M[307] : 7 4 3 2 4 6 5 5 2 0 7 5 3
M[308] : 4 2 5 4 3 4 3 2 4 2 6 0 2
M[309] : 3 1 1 3 3 2 0 5 6 3 6 5 4
M[310] : 3 2 7 4 3 5 3 2 3 0 1 3 5
M[311] : 5 4 3 5 0 2 5 8 5 6 3 4 5
M[312] : 7 8 2 8 3 1 2 0 7 3 9 1 3
M[313] : 2 2 4 0 5 7 5 9 7 3 5 4 3
M[314] : 5 2 6 3 2 2 5 0 4 6 3 3 3
M[315] : 5 3 2 2 4 6 2 5 4 2 0 4 4
M[316] : 5 3 2 4 4 5 0 5 2 5 5 6 5
M[317] : 5 3 0 4 3 7 3 7 0 6 4 3 2
M[318] : 5 6 3 1 6 5 1 0 3 8 5 4 4
M[319] : 7 3 0 2 4 2 1 3 6 5 9 6 5
M[320] : 5 3 2 7 4 5 4 0 5 6 1 5 4
M[321] : 0 5 2 3 4 5 5 2 7 8 4 4 3
M[322] : 2 5 4 6 5 8 4 4 5 0 7 2 5
M[323] : 4 3 6 5 4 3 5 9 0 2 6 3 6
M[324] : 3 3 4 5 0 4 7 6 6 2 4 4 5
M[325] : 3 5 3 6 6 8 5 3 0 4 9 4 5
M[326] : 6 8 0 5 5 4 2 3 3 6 0 1 2
M[327] : 5 7 0 1 5 9 4 4 1 4 3 6 5
M[328] : 4 5 4 6 2 2 7 5 3 3 6 3 0
M[329] : 3 5 2 3 5 4 0 3 9 7 4 6 5
M[330] : 3 6 6 6 3 3 7 4 2 5 3 0 4
M[331] : 5 5 7 5 8 5 0 4 6 6 6 5 5
M[332] : 2 2 4 1 0 1 6 4 6 2 3 7 4
M[333] : 5 0 5 3 4 8 3 5 4 3 8 2 4
M[334] : 4 3 0 5 3 3 3 4 3 6 2 4 3
M[335] : 8 5 2 4 0 6 7 6 5 5 5 5 4
M[336] : 5 2 4 8 1 6 4 3 5 7 0 5 3
M[337] : 6 1 6 2 5 2 3 4 7 4 5 4 0
M[338] : 4 4 4 4 0 6 9 5 4 3 6 6 3
M[339] : 5 3 6 5 6 4 2 3 0 3 6 4 5
M[340] : 7 8 5 4 5 4 3 2 8 7 6 0 3
M[341] : 5 0 3 7 3 2 0 5 5 4 1 3 6
M[342] : 3 8 0 0 4 5 4 6 4 3 7 6 8
M[343] : 5 4 1 2 4 6 6 5 4 1 6 0 4
M[344] : 3 8 4 4 4 5 1 0 6 3 2 4 6
M[345] : 6 5 2 0 4 5 4 3 3 4 7 4 1
M[346] : 7 0 3 0 5 4 5 6 3 1 5 4 3
M[347] : 4 6 0 4 2 3 3 3 3 4 3 5 5
M[348] : 7 4 6 4 5 3 4 5 3 4 6 7 0
M[349] : 7 4 2 4 4 0 2 7 2 4 2 5 2
M[350] : 1 3 4 4 0 4 4 4 8 4 7 7 5
M[351] : 4 5 1 4 5 5 8 3 4 3 0 1 6
M[352] : 8 3 4 6 3 2 5 10 4 0 9 4 5
M[353] : 4 5 5 3 4 2 2 7 4 0 3 0 3
M[354] : 4 5 2 3 7 6 0 6 3 3 4 5 7
M[355] : 5 2 2 7 2 0 5 3 4 5 7 4 3
M[356] : 4 4 5 3 2 3 8 4 2 0 3 3 2
M[357] : 4 5 4 7 2 1 1 5 0 3 5 3 3
M[358] : 2 6 1 3 5 4 5 4 6 4 4 0 2
M[359] : 3 3 0 4 1 4 5 7 3 3 5 5 3
M[360] : 0 4 6 2 5 3 5 7 7 3 5 8 7
M[361] : 5 4 5 3 3 6 4 3 5 0 7 2 3
M[362] : 7 0 2 4 6 2 2 6 3 2 1 4 4
M[363] : 3 4 0 5 6 4 7 7 5 4 6 5 4
M[364] : 6 1 2 5 8 0 3 7 0 4 2 4 4
M[365] : 12 6 0 4 6 2 3 4 6 2 4 2 3
M[366] : 2 1 2 1 3 5 5 3 0 2 5 2 6
M[367] : 2 2 5 5 3 6 0 1 6 4 0 4 4
M[368] : 4 4 4 2 5 5 0 7 7 4 4 3 5
M[369] : 3 4 1 4 8 3 6 3 4 4 3 0 7
M[370] : 7 2 5 8 0 3 2 6 4 4 1 2 5
M[371] : 4 7 4 3 5 2 5 6 4 6 6 0 4
M[372] : 4 0 3 4 0 4 3 6 5 2 3 6 4
M[373] : 0 6 6 3 6 4 3 4 2 2 5 4 3
M[374] : 6 0 7 1 1 5 6 3 2 3 5 4 6
M[375] : 0 5 7 7 8 3 3 5 3 3 4 3 3
M[376] : 3 5 6 2 0 2 5 3 3 3 5 1 4
M[377] : 11 7 4 6 3 2 2 3 3 0 2 4 4
M[378] : 4 2 3 7 3 5 0 6 5 6 3 3 5
M[379] : 1 3 7 3 3 0 2 5 6 6 2 6 5
M[380] : 5 6 5 6 8 4 5 4 3 3 5 3 0
M[381] : 2 7 5 5 3 0 8 2 3 4 1 3 6
M[382] : 1 5 2 2 8 6 0 4 5 5 3 5 1
M[383] : 3 2 4 6 1 2 3 0 6 3 1 5 3
M[384] : 6 8 1 1 3 4 2 4 2 4 5 2 0
M[385] : 5 4 4 7 5 6 4 4 3 7 5 0 5
M[386] : 4 3 0 4 3 0 2 3 6 2 6 4 5
M[387] : 3 2 5 7 1 4 2 4 3 4 7 0 6
M[388] : 6 4 6 7 0 3 6 1 3 5 7 7 4
M[389] : 0 4 3 5 7 6 4 2 7 4 6 5 9
M[390] : 3 6 7 4 4 7 4 2 7 4 4 4 0
M[391] : 3 3 2 3 4 3 0 6 4 5 5 1 9
M[392] : 4 6 6 7 5 6 2 3 4 1 5 0 3
M[393] : 4 4 1 4 5 4 7 7 6 5 3 6 0
M[394] : 6 5 6 5 4 3 2 4 2 5 4 0 7
M[395] : 0 4 2 4 3 6 2 6 3 6 3 5 5
M[396] : 0 5 5 4 3 4 1 2 5 6 1 5 3
M[397] : 4 1 4 6 1 5 4 6 3 2 0 6 4
M[398] : 2 5 1 6 4 6 6 0 4 6 5 5 3
M[399] : 7 7 3 7 6 2 4 0 3 6 4 3 4
M[400] : 4 2 0 6 5 6 5 1 4 6 8 2 5
M[401] : 2 3 3 3 0 2 5 5 5 4 6 2 2
M[402] : 5 4 2 4 7 4 3 0 5 3 4 4 5
M[403] : 7 7 4 5 5 5 6 3 6 6 5 5 0
M[404] : 6 0 7 3 2 3 1 7 4 2 5 6 3
M[405] : 5 6 2 6 4 0 5 4 2 7 8 7 4
M[406] : 0 5 2 2 1 4 3 5 6 4 4 5 6
M[407] : 4 1 3 5 3 4 0 3 0 1 4 3 3
M[408] : 0 5 9 0 8 6 4 7 7 7 2 4 5
M[409] : 4 3 6 6 5 8 6 0 5 6 3 6 2
M[410] : 3 9 0 4 1 9 3 4 2 4 4 6 5
M[411] : 2 5 5 0 8 3 5 2 3 4 5 5 3
M[412] : 4 6 4 0 8 5 5 2 7 3 7 4 3
M[413] : 5 6 4 7 4 8 1 5 0 5 4 2 5
M[414] : 4 4 4 10 3 5 5 5 3 0 5 6 6
M[415] : 3 7 7 4 1 0 4 3 4 2 5 5 4
M[416] : 4 2 3 5 2 0 8 3 5 3 4 7 3
M[417] : 4 5 3 7 7 4 4 7 2 0 2 4 5
M[418] : 2 5 2 4 6 5 3 6 4 3 1 0 6
M[419] : 5 3 6 4 4 5 3 4 2 6 5 8 0
M[420] : 2 7 2 3 3 5 4 5 6 6 0 0 5
M[421] : 4 1 5 0 2 4 4 2 5 0 6 6 2
M[422] : 6 5 2 4 3 6 3 0 5 1 2 3 4
M[423] : 2 0 1 3 1 5 4 6 3 1 2 6 5
M[424] : 4 6 4 10 5 5 4 0 6 1 3 4 5
M[425] : 0 4 3 3 4 6 4 2 5 4 4 7 3
M[426] : 2 4 4 5 3 2 3 0 2 2 9 6 3
M[427] : 1 4 4 2 5 2 7 7 0 5 2 8 4
M[428] : 3 2 5 4 2 5 0 4 3 5 8 4 3
M[429] : 2 6 4 4 0 4 3 5 5 6 5 4 7
M[430] : 6 3 5 2 3 3 0 6 6 6 4 4 3
M[431] : 0 4 4 3 3 4 5 8 5 3 6 7 6
M[432] : 5 3 3 4 5 5 5 6 5 3 0 6 5
M[433] : 1 2 5 3 0 2 9 4 4 7 4 7 4
M[434] : 0 4 4 6 4 3 3 2 2 4 2 7 5
M[435] : 6 0 9 4 6 2 4 1 2 4 4 6 3
M[436] : 0 3 3 1 4 4 2 3 4 1 0 6 4
M[437] : 4 4 2 7 8 5 3 3 3 0 6 5 6
M[438] : 7 3 4 3 2 4 2 6 2 5 5 0 7
M[439] : 2 0 4 3 5 3 4 2 5 4 5 4 5
M[440] : 2 7 4 9 0 3 5 3 5 3 3 5 5
M[441] : 3 4 4 0 5 5 2 9 4 3 5 1 2
M[442] : 2 2 3 4 9 5 2 3 3 0 1 6 3
M[443] : 6 4 4 0 3 6 2 2 4 4 5 6 2
M[444] : 2 3 4 0 3 2 9 8 6 1 1 3 1
M[445] : 0 9 4 3 4 6 6 4 2 3 6 3 4
M[446] : 6 5 8 4 4 7 4 3 2 3 6 0 3
M[447] : 5 5 5 6 4 0 4 1 5 6 8 8 7
M[448] : 0 4 4 6 5 4 3 8 1 6 5 4 5
M[449] : 4 4 2 5 0 1 4 4 6 5 5 5 7
M[450] : 4 6 4 2 7 0 7 4 4 3 7 3 6
M[451] : 3 5 2 4 0 4 6 5 7 6 7 4 2
M[452] : 6 0 3 8 3 3 6 5 2 5 6 9 7
M[453] : 3 3 0 1 4 8 4 5 3 8 2 7 5
M[454] : 0 6 6 5 6 6 4 3 6 4 5 4 0
M[455] : 0 2 3 4 4 3 3 5 2 4 5 2 1
M[456] : 0 6 4 3 4 7 0 4 4 1 7 6 4
M[457] : 4 4 3 3 3 4 6 4 0 2 2 5 3
M[458] : 5 3 2 2 5 4 3 6 7 5 3 6 0
M[459] : 3 5 5 3 9 5 0 4 6 4 4 6 4
M[460] : 4 3 3 2 7 5 4 2 1 0 7 4 7
M[461] : 5 0 2 6 1 4 3 2 1 5 3 5 6
M[462] : 5 6 0 4 3 5 3 2 1 5 1 6 1
M[463] : 1 3 1 0 3 4 5 3 6 6 2 9 6
M[464] : 4 5 4 4 4 3 4 5 0 2 3 3 3
M[465] : 2 1 4 5 7 2 8 2 2 0 3 5 6
M[466] : 3 2 3 0 6 2 1 6 4 4 0 3 5
M[467] : 3 3 6 2 1 3 4 0 4 2 4 4 1
M[468] : 6 6 3 2 4 6 1 3 6 3 6 5 0
M[469] : 2 0 3 6 3 5 2 6 6 4 5 4 0
M[470] : 8 9 4 2 4 6 5 7 5 3 0 2 3
M[471] : 8 2 7 7 5 6 4 1 5 4 0 2 4
M[472] : 6 2 5 4 4 0 4 3 9 3 4 8 7
M[473] : 0 5 4 3 5 4 6 5 4 4 7 2 5
M[474] : 10 3 2 7 7 5 4 6 0 1 5 4 4
M[475] : 2 2 4 5 8 7 0 1 0 4 2 3 8
M[476] : 4 3 3 5 4 4 1 0 4 4 10 7 4
M[477] : 7 0 3 6 6 3 3 9 3 5 6 4 3
M[478] : 3 4 7 0 1 1 3 7 7 3 2 4 5
M[479] : 4 2 5 3 6 4 5 2 3 0 3 7 5
M[480] : 5 5 4 5 5 4 0 6 4 7 2 3 1
M[481] : 6 4 5 9 4 0 6 4 6 2 1 8 5
M[482] : 3 2 2 0 3 4 5 4 4 4 4 3 6
M[483] : 3 6 3 0 5 2 8 6 1 0 4 3 3
M[484] : 7 2 5 4 5 5 4 3 7 3 0 6 5
M[485] : 5 5 2 5 6 2 2 1 0 4 2 5 8
M[486] : 5 2 6 6 7 5 3 2 2 0 6 2 4
M[487] : 5 0 7 4 8 3 5 3 2 3 1 4 6
M[488] : 5 1 9 3 0 6 1 4 3 7 3 4 6
M[489] : 4 5 1 2 3 2 3 3 4 2 3 7 0
M[490] : 7 0 6 4 4 8 6 4 7 3 3 4 9
M[491] : 4 6 2 3 2 4 4 1 2 3 5 0 5
M[492] : 3 4 2 2 5 5 5 3 5 8 3 0 4
M[493] : 7 5 8 6 0 5 2 5 7 5 3 7 6
M[494] : 2 3 6 6 5 3 5 3 4 3 0 3 7
M[495] : 3 3 5 3 6 0 6 5 6 5 2 1 3
M[496] : 6 2 7 3 3 0 5 3 4 6 5 3 4
M[497] : 4 2 0 3 4 5 6 7 5 5 6 5 1
M[498] : 6 4 6 4 5 1 10 4 5 0 1 4 3
M[499] : 5 6 3 3 6 4 4 5 6 4 4 0 1

