 Execution de l'algoritme BITS sur le fichier dsjc500.1.txt
=====================================================================
 Partitions  : 
Vk[0] : 23 160 391 146 59 47 316 183 80 361 367 85 173 376 365 184 147 326 130 372 72 463 225 138 297 172 354 32 356 470 26 355 177 152 314 174 466 133 102 -->  39 éléments.
Vk[1] : 295 148 250 96 136 390 246 396 6 333 122 135 276 99 385 50 199 21 439 375 454 140 25 105 192 221 127 207 369 352 205 218 496 248 344 9 75 409 -->  38 éléments.
Vk[2] : 459 471 461 301 41 299 338 334 386 351 323 237 397 62 84 433 425 236 364 495 492 118 290 240 158 134 217 142 97 170 231 186 156 252 101 232 423 201 -->  38 éléments.
Vk[3] : 322 477 483 22 268 287 220 404 384 311 468 2 298 307 270 417 88 488 43 327 442 29 479 244 124 18 60 413 242 302 359 434 104 401 416 243 198 455 407 -->  39 éléments.
Vk[4] : 249 424 408 324 394 166 484 179 428 108 31 278 30 100 371 78 239 330 159 292 251 445 125 273 188 93 414 44 213 400 161 460 436 392 7 95 366 283 35 -->  39 éléments.
Vk[5] : 259 478 182 313 224 89 13 293 61 453 497 294 222 193 315 350 469 284 336 429 266 115 151 235 10 300 241 395 162 462 449 473 110 288 178 406 405 49 74 -->  39 éléments.
Vk[6] : 476 399 464 123 472 403 393 279 3 189 81 57 150 261 426 415 493 40 171 58 422 377 111 38 167 19 481 238 141 306 264 180 63 494 90 154 131 206 -->  38 éléments.
Vk[7] : 490 331 20 214 212 137 208 441 70 388 345 197 202 11 387 411 82 427 53 0 67 480 341 339 337 165 48 65 421 34 92 303 486 196 245 204 281 143 362 -->  39 éléments.
Vk[8] : 325 447 71 289 79 215 431 16 228 113 389 229 420 271 451 370 475 210 378 296 112 448 55 275 256 347 51 485 260 328 17 164 358 185 24 209 308 317 -->  38 éléments.
Vk[9] : 121 305 340 304 432 452 227 119 107 145 263 149 8 253 332 343 265 226 1 491 349 267 262 440 64 230 73 353 444 45 373 360 233 272 157 348 195 489 -->  38 éléments.
Vk[10] : 363 83 465 155 418 216 168 254 190 456 77 321 94 437 120 128 310 187 109 27 132 175 129 410 234 126 342 382 153 14 15 446 346 402 277 498 269 467 -->  38 éléments.
Vk[11] : 379 255 203 398 474 318 12 291 181 247 357 5 438 499 381 435 33 450 200 274 380 312 282 280 257 36 419 56 87 285 211 76 383 223 86 374 176 98 258 -->  39 éléments.
Vk[12] : 139 69 66 368 169 412 114 37 194 191 286 335 28 39 46 430 219 443 457 4 329 68 103 52 116 144 482 319 117 309 54 106 42 487 320 91 163 458 -->  38 éléments.
Matrice M
M[0] : 4 3 5 7 7 4 5 0 4 3 6 4 0
M[1] : 3 5 4 4 9 2 7 4 3 0 5 4 2
M[2] : 4 7 3 0 5 5 5 5 3 5 4 5 2
M[3] : 5 4 2 7 7 3 0 4 2 7 4 5 3
M[4] : 1 6 2 6 3 4 4 4 2 7 3 5 0
M[5] : 4 4 2 4 2 2 3 4 3 4 5 0 4
M[6] : 1 0 2 4 7 5 4 2 6 3 4 1 7
M[7] : 7 9 3 6 0 1 3 3 5 2 6 2 2
M[8] : 2 4 5 3 5 5 5 2 7 0 5 4 2
M[9] : 3 0 1 5 5 1 4 7 5 5 1 4 6
M[10] : 8 4 2 4 7 0 6 8 6 7 6 4 3
M[11] : 4 6 4 5 1 2 8 0 1 4 6 2 2
M[12] : 5 4 5 3 3 7 3 4 5 9 3 0 5
M[13] : 5 5 4 4 1 0 5 8 3 6 5 3 5
M[14] : 1 5 2 4 3 4 1 2 2 5 0 3 3
M[15] : 5 6 7 6 2 6 2 3 8 3 0 5 2
M[16] : 4 9 5 5 2 2 5 3 0 5 4 3 5
M[17] : 6 3 4 1 4 4 7 4 0 2 3 6 3
M[18] : 4 3 3 0 2 2 4 2 3 10 2 4 2
M[19] : 1 3 2 4 4 4 0 5 3 5 1 10 2
M[20] : 3 4 5 2 6 4 5 0 7 5 5 7 4
M[21] : 5 0 3 8 4 4 4 2 4 4 4 4 3
M[22] : 8 6 4 0 3 4 3 3 3 5 4 5 8
M[23] : 0 4 2 3 5 3 5 5 3 3 4 3 6
M[24] : 3 3 5 4 4 0 6 4 0 5 5 3 2
M[25] : 3 0 2 6 3 6 1 1 5 2 6 6 2
M[26] : 0 4 3 6 8 3 5 5 1 2 6 5 3
M[27] : 1 2 4 3 6 4 2 7 2 4 0 6 7
M[28] : 5 2 5 1 2 3 4 4 4 4 5 2 0
M[29] : 2 5 6 0 1 3 2 6 7 5 2 7 3
M[30] : 4 6 4 4 0 6 3 2 4 3 5 3 5
M[31] : 3 8 5 6 0 4 6 4 5 6 6 3 12
M[32] : 0 3 4 3 4 0 4 5 5 6 5 5 5
M[33] : 3 3 3 4 6 0 3 3 4 3 2 0 6
M[34] : 4 6 3 2 1 4 4 0 4 2 3 2 7
M[35] : 2 3 5 3 0 3 5 3 0 2 5 3 3
M[36] : 5 6 3 3 6 5 4 9 6 3 5 0 1
M[37] : 2 5 6 4 2 8 5 4 4 4 3 5 0
M[38] : 3 2 5 4 7 8 0 5 4 4 5 7 5
M[39] : 6 4 6 5 9 6 3 3 3 4 7 3 0
M[40] : 4 1 8 2 1 4 0 3 6 5 2 4 1
M[41] : 5 6 0 2 5 5 4 4 6 5 6 5 8
M[42] : 4 3 5 4 4 6 3 3 3 7 3 4 0
M[43] : 3 5 3 0 3 6 4 7 5 3 5 5 1
M[44] : 3 3 4 3 0 5 4 4 4 5 4 4 2
M[45] : 3 2 4 2 2 6 2 4 3 0 9 5 5
M[46] : 3 2 8 4 4 6 5 6 2 8 5 6 0
M[47] : 0 4 1 5 6 2 3 5 5 5 3 5 1
M[48] : 2 3 1 5 4 4 5 0 5 3 3 4 4
M[49] : 0 2 2 6 7 0 6 6 6 7 4 2 4
M[50] : 3 0 4 8 5 8 3 3 4 5 5 7 3
M[51] : 2 3 6 0 5 3 6 3 0 7 7 5 6
M[52] : 5 3 1 5 5 4 3 5 7 2 6 1 0
M[53] : 3 1 4 6 7 9 1 0 2 4 5 4 5
M[54] : 7 6 6 3 2 3 6 5 5 4 6 2 0
M[55] : 2 4 2 6 6 5 2 5 0 4 6 4 10
M[56] : 5 3 4 2 8 5 3 6 7 4 5 0 5
M[57] : 4 2 6 6 3 6 0 4 7 2 5 3 7
M[58] : 3 4 4 3 6 5 0 5 4 3 6 3 4
M[59] : 0 3 2 3 1 3 5 3 2 9 6 4 4
M[60] : 9 3 1 0 6 2 3 5 6 5 5 6 6
M[61] : 3 4 3 3 5 0 2 3 4 4 7 4 7
M[62] : 4 10 0 3 5 3 8 6 2 2 7 2 7
M[63] : 5 5 7 6 4 4 0 2 1 4 6 1 2
M[64] : 6 7 6 1 9 4 3 4 4 0 1 5 9
M[65] : 5 3 8 2 3 1 3 0 6 4 1 3 1
M[66] : 4 6 1 5 5 5 3 8 3 5 8 3 0
M[67] : 8 5 3 6 5 9 3 0 2 4 4 4 3
M[68] : 3 2 3 3 4 6 3 7 5 8 5 5 0
M[69] : 6 2 7 4 5 7 6 6 6 6 6 1 0
M[70] : 5 6 4 2 6 3 8 0 1 3 4 5 5
M[71] : 2 4 6 4 7 3 4 3 0 4 2 1 5
M[72] : 0 4 4 2 3 10 3 5 1 3 5 8 4
M[73] : 5 5 5 0 5 3 8 4 7 0 3 2 5
M[74] : 4 5 1 5 8 0 4 6 4 3 5 6 6
M[75] : 6 0 4 5 6 5 5 4 1 0 5 5 4
M[76] : 3 3 2 3 5 4 6 2 5 2 1 0 4
M[77] : 5 3 4 5 3 6 2 3 3 4 0 5 4
M[78] : 3 4 7 3 0 2 5 2 4 3 4 1 5
M[79] : 2 3 7 5 3 12 3 4 0 6 2 4 5
M[80] : 0 6 3 6 8 2 2 8 4 4 6 7 4
M[81] : 8 2 2 6 3 5 0 5 4 5 4 4 3
M[82] : 2 3 2 8 4 5 4 0 6 4 2 1 3
M[83] : 8 5 3 4 4 2 4 3 4 1 0 3 5
M[84] : 2 5 0 2 1 2 5 5 2 3 5 5 2
M[85] : 0 7 7 7 3 5 1 6 4 4 1 5 6
M[86] : 5 3 7 7 6 4 5 6 7 2 2 0 7
M[87] : 3 2 6 5 3 7 0 2 3 5 3 0 5
M[88] : 3 6 5 0 6 6 3 7 3 3 4 3 9
M[89] : 7 4 6 6 6 0 8 4 9 3 3 4 3
M[90] : 3 3 3 4 3 2 0 6 1 4 4 2 7
M[91] : 2 7 3 6 2 1 4 4 5 3 5 6 0
M[92] : 4 4 6 5 5 2 4 0 2 4 4 2 5
M[93] : 5 4 6 4 0 4 0 6 3 6 4 5 5
M[94] : 5 5 2 2 2 3 5 1 3 5 0 5 6
M[95] : 2 5 5 2 0 1 5 5 5 6 3 11 3
M[96] : 8 0 5 6 2 7 4 3 3 6 1 4 2
M[97] : 2 4 0 5 8 2 6 3 5 5 6 3 7
M[98] : 6 6 4 4 4 3 3 2 4 3 3 0 0
M[99] : 5 0 1 3 8 3 1 2 1 3 3 4 5
M[100] : 4 4 3 3 0 5 7 5 4 7 5 5 4
M[101] : 1 2 0 7 4 4 4 2 7 5 9 3 6
M[102] : 0 3 2 2 5 3 4 5 4 5 3 2 6
M[103] : 3 5 5 4 5 2 4 3 3 3 6 4 0
M[104] : 7 2 3 0 2 3 9 3 7 4 4 6 5
M[105] : 2 0 4 4 3 4 1 6 1 3 4 3 7
M[106] : 1 3 3 6 4 6 3 3 2 3 6 3 0
M[107] : 5 5 4 2 7 6 3 3 4 0 3 3 5
M[108] : 2 3 3 4 0 5 1 4 5 4 3 8 6
M[109] : 3 8 3 3 5 6 3 3 4 2 0 4 3
M[110] : 3 9 1 5 2 0 4 3 4 5 3 3 4
M[111] : 4 0 7 3 7 4 0 5 6 3 5 2 6
M[112] : 3 1 4 4 2 2 4 1 0 7 5 4 3
M[113] : 6 2 4 4 4 7 6 5 0 5 4 2 0
M[114] : 4 3 6 3 5 2 3 5 5 3 3 2 0
M[115] : 8 7 4 2 2 0 5 5 6 2 1 2 2
M[116] : 5 6 5 2 3 0 4 2 5 4 3 7 0
M[117] : 7 3 3 2 3 7 1 3 6 4 2 2 0
M[118] : 5 5 0 1 3 2 4 6 6 6 4 8 4
M[119] : 5 3 3 5 3 8 2 5 5 0 5 4 7
M[120] : 5 4 5 5 4 4 8 5 2 4 0 4 4
M[121] : 6 3 3 6 1 4 3 4 4 0 7 4 5
M[122] : 6 0 4 2 5 2 5 8 3 3 5 4 3
M[123] : 6 2 8 2 4 7 0 2 3 7 1 4 4
M[124] : 3 5 6 0 3 6 4 2 2 0 4 7 4
M[125] : 4 4 4 1 0 7 3 2 4 1 4 4 3
M[126] : 5 3 7 7 3 1 6 3 6 6 0 2 5
M[127] : 4 0 3 5 3 5 5 5 3 4 6 2 2
M[128] : 3 3 2 1 6 7 5 3 6 5 0 5 4
M[129] : 5 5 3 4 4 4 4 0 5 2 0 3 1
M[130] : 0 3 3 3 4 4 4 7 5 2 1 5 2
M[131] : 3 4 3 4 1 3 0 2 3 4 4 6 4
M[132] : 2 4 1 4 3 2 2 7 2 4 0 2 2
M[133] : 0 4 4 6 7 3 3 4 4 5 0 4 5
M[134] : 2 6 0 6 5 4 6 3 5 6 5 4 7
M[135] : 5 0 4 7 7 6 5 8 4 4 7 5 6
M[136] : 4 0 5 2 5 5 5 2 3 6 8 7 3
M[137] : 5 2 5 5 2 3 5 0 5 3 1 4 2
M[138] : 0 0 4 5 5 4 7 5 4 1 3 1 4
M[139] : 8 4 7 5 7 4 2 3 5 5 6 3 0
M[140] : 6 0 2 4 8 4 6 4 2 3 2 1 3
M[141] : 2 4 6 7 3 5 0 3 4 1 3 7 4
M[142] : 5 7 0 2 8 2 4 3 4 2 4 3 4
M[143] : 4 2 0 2 3 5 3 0 7 2 5 5 1
M[144] : 5 4 4 6 4 5 4 4 3 5 4 3 0
M[145] : 5 5 2 3 5 1 2 3 3 0 3 6 5
M[146] : 0 5 4 5 6 3 5 3 3 4 10 6 3
M[147] : 0 5 5 8 5 3 5 6 3 2 4 2 5
M[148] : 3 0 7 3 3 5 5 4 5 4 6 2 5
M[149] : 6 3 3 8 4 6 3 7 5 0 3 8 4
M[150] : 5 2 6 8 4 3 0 5 3 4 3 2 3
M[151] : 3 4 2 5 3 0 1 6 1 3 4 5 4
M[152] : 0 1 4 4 4 5 9 7 6 2 2 3 3
M[153] : 2 1 3 7 4 4 3 1 6 2 0 3 3
M[154] : 7 2 5 2 7 7 0 5 3 5 8 4 4
M[155] : 5 3 8 1 2 5 4 5 2 3 0 3 7
M[156] : 6 5 0 1 5 4 5 2 4 3 2 4 7
M[157] : 2 3 4 1 6 6 3 7 6 0 4 0 5
M[158] : 6 4 0 4 3 4 2 4 1 3 4 2 2
M[159] : 6 4 2 2 0 6 5 7 2 5 3 3 4
M[160] : 0 5 4 7 3 7 4 4 7 5 5 6 5
M[161] : 3 4 2 3 0 4 7 4 5 2 3 5 2
M[162] : 7 4 3 2 3 0 5 7 4 1 5 6 2
M[163] : 4 4 4 6 0 5 3 6 2 3 3 1 0
M[164] : 6 6 1 2 6 2 4 5 0 6 6 6 4
M[165] : 5 3 4 3 4 5 1 0 8 2 8 3 6
M[166] : 11 6 7 3 0 5 5 4 5 6 4 2 2
M[167] : 3 9 6 3 7 3 0 6 4 3 0 3 5
M[168] : 3 4 3 3 2 3 2 3 4 4 0 3 3
M[169] : 6 4 6 6 2 5 6 5 4 4 4 2 0
M[170] : 6 2 0 2 5 6 4 4 2 5 3 1 5
M[171] : 1 9 5 7 5 4 0 2 4 4 4 6 3
M[172] : 0 5 4 1 4 8 4 3 1 5 3 2 5
M[173] : 0 7 5 3 3 2 2 5 4 5 1 3 6
M[174] : 0 7 3 1 3 2 1 3 5 6 5 4 6
M[175] : 3 4 3 6 5 6 1 3 4 4 0 3 7
M[176] : 3 6 5 4 6 2 5 5 2 5 2 0 2
M[177] : 0 3 2 6 2 4 4 5 4 4 0 4 2
M[178] : 2 6 2 5 5 0 5 5 5 1 5 3 5
M[179] : 4 5 3 3 0 3 6 2 5 5 5 6 4
M[180] : 1 4 5 2 2 3 0 4 8 5 3 1 1
M[181] : 4 6 8 4 6 6 2 3 4 6 3 0 2
M[182] : 1 6 6 3 4 0 6 3 5 3 7 4 6
M[183] : 0 5 3 4 2 2 5 2 1 7 5 4 5
M[184] : 0 8 2 7 1 2 6 5 2 3 5 5 3
M[185] : 1 3 6 4 3 4 6 3 0 1 3 3 6
M[186] : 4 4 0 1 1 4 5 4 3 6 6 4 5
M[187] : 2 4 8 8 11 0 3 4 3 5 0 3 7
M[188] : 5 3 1 4 0 7 9 2 4 2 4 9 5
M[189] : 6 6 6 5 5 3 0 6 2 6 3 5 5
M[190] : 8 6 6 4 4 2 4 4 6 6 0 7 5
M[191] : 4 4 6 5 5 4 4 4 4 3 6 2 0
M[192] : 5 0 6 4 2 8 3 4 4 4 2 6 5
M[193] : 2 4 4 5 3 0 3 4 4 5 4 6 7
M[194] : 3 7 3 4 2 4 5 2 1 10 1 6 0
M[195] : 2 1 5 3 5 2 10 7 4 0 4 4 6
M[196] : 3 4 1 4 4 7 4 0 3 4 2 0 4
M[197] : 4 4 7 4 3 3 3 0 6 1 2 5 6
M[198] : 3 3 6 0 3 4 5 6 2 4 7 4 6
M[199] : 6 0 5 6 7 3 2 2 6 3 6 2 7
M[200] : 2 2 4 7 3 5 7 2 3 4 4 0 4
M[201] : 4 4 0 8 1 6 4 4 4 5 6 6 1
M[202] : 8 6 3 10 4 7 2 0 7 3 5 5 3
M[203] : 2 6 10 7 3 5 9 1 4 4 6 0 4
M[204] : 4 1 5 4 5 7 4 0 3 4 2 3 3
M[205] : 4 0 3 4 5 9 5 7 6 2 5 3 5
M[206] : 4 3 4 1 7 7 0 2 4 5 3 8 2
M[207] : 6 0 7 5 1 4 4 3 6 4 5 2 1
M[208] : 4 2 4 2 2 5 5 0 5 3 5 9 4
M[209] : 3 2 3 6 2 4 3 4 0 3 3 3 2
M[210] : 4 2 4 5 2 5 2 8 0 8 5 6 2
M[211] : 7 4 5 4 8 4 0 1 2 4 1 0 1
M[212] : 4 2 4 6 3 3 4 0 5 4 10 4 5
M[213] : 6 4 1 3 0 2 2 4 4 2 2 5 2
M[214] : 8 7 3 6 2 3 4 0 4 4 3 2 7
M[215] : 6 2 5 5 8 3 3 4 0 4 5 5 6
M[216] : 5 5 6 3 3 2 3 4 4 3 0 6 5
M[217] : 4 4 0 2 6 4 4 4 2 5 1 7 10
M[218] : 1 0 6 5 6 6 3 5 3 9 0 5 3
M[219] : 5 5 6 4 5 4 3 2 4 5 8 7 0
M[220] : 4 6 3 0 2 3 2 3 5 5 7 2 6
M[221] : 4 0 4 2 3 3 4 2 6 5 2 1 0
M[222] : 3 5 1 6 3 0 7 7 5 3 3 4 5
M[223] : 7 2 5 4 5 0 4 1 2 1 0 0 6
M[224] : 1 4 2 5 4 0 4 5 4 5 4 7 3
M[225] : 0 5 4 2 2 7 5 3 3 5 6 5 1
M[226] : 3 3 2 2 6 6 5 3 5 0 5 3 5
M[227] : 6 3 3 6 5 3 5 3 4 0 5 4 4
M[228] : 5 3 1 5 4 3 6 7 0 4 3 9 3
M[229] : 4 5 7 3 6 1 6 3 0 4 4 2 3
M[230] : 5 6 4 2 3 5 2 1 8 0 4 9 4
M[231] : 5 2 0 2 2 10 6 3 9 3 2 6 5
M[232] : 1 3 0 4 5 7 3 1 4 3 9 5 1
M[233] : 4 4 7 2 4 7 6 6 3 0 1 4 3
M[234] : 4 2 7 5 6 1 6 3 5 2 0 5 4
M[235] : 4 3 4 2 6 0 2 1 4 3 4 4 2
M[236] : 3 4 0 2 3 4 7 4 2 5 3 7 4
M[237] : 6 3 0 5 1 6 4 3 2 3 6 3 7
M[238] : 9 5 6 2 3 3 0 3 1 3 3 3 5
M[239] : 7 5 6 3 0 10 4 5 4 5 5 5 8
M[240] : 7 2 0 5 3 3 4 3 3 5 2 1 3
M[241] : 3 5 6 4 0 0 7 6 2 5 1 5 3
M[242] : 5 8 4 0 4 3 3 3 0 7 4 1 2
M[243] : 3 9 1 0 9 6 7 7 7 2 6 5 2
M[244] : 4 4 2 0 4 3 3 5 5 3 3 2 2
M[245] : 5 7 4 8 5 5 4 0 2 4 3 5 4
M[246] : 3 0 4 5 4 6 4 3 5 4 2 7 4
M[247] : 3 5 4 6 4 5 5 6 4 3 3 0 2
M[248] : 2 0 4 6 8 1 6 7 2 3 1 4 1
M[249] : 4 6 2 7 0 5 8 2 6 5 6 3 5
M[250] : 12 0 1 6 5 4 3 6 2 2 6 4 2
M[251] : 4 2 6 4 0 5 3 6 4 4 1 1 2
M[252] : 1 4 0 7 5 5 5 3 7 3 8 6 5
M[253] : 2 4 3 7 2 1 5 4 3 0 2 4 1
M[254] : 3 7 3 7 5 6 3 6 6 7 0 2 5
M[255] : 6 8 4 1 7 7 4 7 4 4 6 0 7
M[256] : 3 4 3 4 4 2 5 4 0 4 5 3 4
M[257] : 2 5 5 8 4 9 4 5 6 4 3 0 4
M[258] : 1 8 3 4 3 4 7 2 4 4 5 0 4
M[259] : 5 3 6 4 3 0 4 7 3 8 4 11 4
M[260] : 2 7 4 0 4 5 5 1 0 5 4 4 3
M[261] : 3 2 5 4 5 6 0 6 2 2 6 6 3
M[262] : 6 2 6 3 8 5 5 4 0 0 4 2 3
M[263] : 4 4 3 6 1 3 5 2 4 0 5 4 3
M[264] : 1 4 4 4 3 5 0 5 4 5 4 4 3
M[265] : 5 4 3 4 4 2 2 3 3 0 2 3 5
M[266] : 3 3 2 1 3 0 7 7 2 6 1 5 3
M[267] : 4 4 1 4 2 4 4 4 6 0 9 5 5
M[268] : 2 4 6 0 2 3 3 7 5 4 7 6 3
M[269] : 1 7 2 1 4 6 5 6 5 3 0 2 4
M[270] : 3 4 2 0 6 3 5 3 2 6 2 3 3
M[271] : 8 3 2 2 5 1 7 3 0 2 5 1 4
M[272] : 9 2 2 5 3 2 3 1 4 0 4 1 4
M[273] : 1 4 4 5 0 1 1 5 5 7 7 4 1
M[274] : 2 3 5 2 3 4 3 5 2 2 3 0 4
M[275] : 2 4 7 2 4 4 3 5 0 7 2 3 5
M[276] : 2 0 4 3 6 4 3 3 4 4 6 3 2
M[277] : 2 2 5 3 1 3 3 2 6 5 0 5 5
M[278] : 2 3 2 1 0 3 3 8 2 3 5 3 4
M[279] : 2 5 1 4 6 8 0 1 6 4 3 3 2
M[280] : 4 3 4 3 4 2 8 4 3 1 4 0 5
M[281] : 5 1 7 5 4 8 3 0 7 0 5 2 6
M[282] : 2 3 4 5 4 6 5 6 7 3 7 0 2
M[283] : 1 2 1 2 0 3 4 6 8 4 2 5 0
M[284] : 4 4 3 1 3 0 4 3 2 6 5 4 4
M[285] : 4 8 8 6 1 2 4 3 1 5 4 0 5
M[286] : 2 3 2 10 8 2 3 1 2 4 5 3 0
M[287] : 2 5 4 0 6 7 6 8 8 3 6 4 4
M[288] : 2 4 3 4 5 0 0 3 6 6 3 4 4
M[289] : 2 3 5 6 6 3 5 6 0 5 4 4 6
M[290] : 3 2 0 4 4 9 6 3 2 5 3 4 3
M[291] : 3 3 1 1 3 2 3 4 7 5 4 0 3
M[292] : 6 5 4 4 0 3 2 7 1 7 3 4 2
M[293] : 4 7 10 2 3 0 4 4 3 3 3 3 5
M[294] : 4 6 5 4 5 0 8 9 6 3 3 5 5
M[295] : 3 0 1 4 2 5 3 5 2 6 6 3 5
M[296] : 7 2 6 1 2 7 4 7 0 4 2 6 1
M[297] : 0 3 3 5 3 3 7 7 2 4 4 3 3
M[298] : 3 4 1 0 4 4 6 8 1 3 1 8 5
M[299] : 2 6 0 5 4 4 2 3 7 2 4 3 1
M[300] : 1 3 4 4 7 0 3 3 4 3 2 5 2
M[301] : 5 5 0 7 6 3 3 2 2 3 4 5 3
M[302] : 3 5 3 0 3 2 4 4 3 2 1 2 3
M[303] : 9 7 1 6 3 6 2 0 5 5 1 2 1
M[304] : 5 5 3 6 3 5 3 3 6 0 3 3 6
M[305] : 4 4 5 10 4 3 7 6 3 0 4 4 2
M[306] : 5 4 4 5 6 2 0 6 1 4 5 5 7
M[307] : 3 5 4 0 3 6 3 5 4 3 5 4 8
M[308] : 3 2 0 5 4 3 6 1 0 6 3 4 4
M[309] : 4 3 1 2 3 3 4 7 1 4 5 5 0
M[310] : 5 5 5 4 4 3 3 2 2 3 0 1 4
M[311] : 7 4 6 0 3 2 4 5 6 3 6 4 5
M[312] : 6 1 6 4 3 5 3 9 6 6 1 0 4
M[313] : 3 2 4 11 3 0 9 6 2 3 6 2 5
M[314] : 0 4 0 4 5 4 3 5 3 8 3 2 3
M[315] : 4 2 3 4 1 0 3 6 3 4 2 6 5
M[316] : 0 6 7 2 5 2 5 3 2 4 6 2 7
M[317] : 4 8 2 1 3 2 7 6 0 3 4 5 2
M[318] : 2 6 5 3 6 5 3 3 6 6 3 0 3
M[319] : 3 6 4 2 3 1 4 4 7 10 4 5 0
M[320] : 5 3 4 7 3 5 8 4 3 2 2 5 0
M[321] : 4 0 1 5 5 5 6 4 3 5 0 4 10
M[322] : 4 7 5 0 3 4 6 3 5 7 5 4 4
M[323] : 2 4 0 4 5 3 3 6 6 6 5 6 6
M[324] : 4 4 3 3 0 2 6 6 6 5 3 8 3
M[325] : 2 5 6 3 7 9 4 6 0 4 5 5 5
M[326] : 0 5 3 4 0 4 3 7 1 3 4 4 7
M[327] : 2 5 6 0 6 4 4 6 5 4 4 3 5
M[328] : 8 0 6 2 7 6 0 7 0 5 5 2 2
M[329] : 6 4 7 5 4 2 3 7 6 6 4 2 0
M[330] : 3 2 4 9 0 2 2 8 4 6 6 3 3
M[331] : 8 5 5 6 4 8 7 0 6 4 4 7 3
M[332] : 4 4 3 2 3 4 3 2 3 0 3 4 7
M[333] : 5 0 4 5 3 3 5 4 4 2 8 4 7
M[334] : 2 6 0 4 3 2 1 5 3 2 2 5 8
M[335] : 5 7 6 5 9 3 3 6 5 4 4 5 0
M[336] : 4 4 4 4 6 0 9 4 2 3 4 5 4
M[337] : 5 3 1 4 6 6 5 0 3 3 3 6 4
M[338] : 7 4 0 4 2 4 6 5 5 4 5 6 6
M[339] : 8 7 3 6 3 5 4 0 5 1 5 2 3
M[340] : 5 7 7 4 4 6 3 4 6 0 5 4 7
M[341] : 3 4 4 4 3 1 4 0 3 3 4 6 5
M[342] : 2 4 11 3 6 3 7 8 1 5 0 4 4
M[343] : 5 3 6 5 4 5 5 3 3 0 0 4 5
M[344] : 7 0 4 4 5 4 3 6 5 3 2 3 4
M[345] : 3 3 2 7 8 6 4 0 2 5 1 4 3
M[346] : 3 3 5 2 5 4 2 4 4 5 0 5 4
M[347] : 4 5 1 3 6 4 1 7 0 2 6 3 3
M[348] : 5 5 4 5 6 5 3 2 11 0 6 4 2
M[349] : 4 2 4 6 2 3 3 3 4 0 6 5 3
M[350] : 5 9 10 2 2 0 3 5 4 3 4 5 3
M[351] : 6 6 0 3 5 2 3 5 3 4 2 6 4
M[352] : 5 0 5 6 6 4 3 7 6 1 3 9 8
M[353] : 4 3 4 5 5 3 1 4 4 0 2 3 4
M[354] : 0 5 8 3 7 4 5 3 5 4 4 3 4
M[355] : 0 4 3 3 5 4 5 8 4 3 4 0 6
M[356] : 0 4 5 1 1 2 6 4 5 3 3 5 4
M[357] : 2 2 3 3 2 6 4 3 5 5 3 0 5
M[358] : 4 2 6 9 2 4 2 5 0 3 1 4 4
M[359] : 1 5 1 0 4 1 2 8 1 6 8 4 5
M[360] : 5 3 6 9 6 4 8 3 6 0 1 6 5
M[361] : 0 3 5 3 3 4 4 4 4 5 4 6 5
M[362] : 3 6 1 3 2 3 4 0 8 4 1 4 4
M[363] : 3 5 3 6 4 6 9 5 2 7 0 5 5
M[364] : 3 3 0 5 3 4 3 2 6 1 5 2 9
M[365] : 0 2 6 4 7 4 3 3 8 3 3 5 6
M[366] : 2 4 4 4 0 5 4 1 0 5 3 3 2
M[367] : 0 3 2 3 4 3 4 7 6 1 3 3 3
M[368] : 7 5 5 4 5 3 3 3 6 5 5 3 0
M[369] : 5 0 4 5 2 3 7 1 2 5 3 6 7
M[370] : 7 6 0 3 3 4 4 7 0 7 2 2 4
M[371] : 7 3 5 6 0 5 6 5 3 4 5 2 5
M[372] : 0 4 1 2 8 1 1 5 2 7 5 4 4
M[373] : 1 3 3 5 9 6 5 6 2 0 1 4 3
M[374] : 4 2 6 5 5 4 4 4 5 4 2 0 4
M[375] : 7 0 9 8 4 4 3 2 2 6 2 2 5
M[376] : 0 8 4 4 3 7 4 3 2 2 1 2 2
M[377] : 7 2 5 5 4 4 0 2 4 3 4 5 6
M[378] : 2 5 4 5 8 3 2 4 0 4 7 4 4
M[379] : 5 4 8 5 4 1 3 5 4 2 5 0 3
M[380] : 2 5 4 5 4 7 1 6 5 5 6 0 7
M[381] : 2 9 3 6 1 6 4 5 4 3 4 0 2
M[382] : 3 3 7 3 6 6 3 4 1 5 0 3 3
M[383] : 2 1 7 2 3 4 4 3 0 4 5 0 4
M[384] : 4 4 3 0 2 5 4 3 2 3 4 5 3
M[385] : 6 0 4 5 2 8 5 3 8 4 5 3 6
M[386] : 4 4 0 3 7 1 2 2 2 4 2 7 4
M[387] : 1 3 1 10 6 2 6 0 6 5 2 3 3
M[388] : 4 4 4 5 5 5 2 0 2 7 5 10 6
M[389] : 4 6 4 7 2 5 5 3 0 7 4 6 9
M[390] : 1 0 7 7 6 4 3 5 8 4 3 5 3
M[391] : 0 6 4 8 1 5 1 2 5 3 2 3 8
M[392] : 5 6 5 2 0 2 3 3 7 6 5 2 6
M[393] : 6 5 3 3 9 7 0 3 5 4 2 3 6
M[394] : 3 3 5 5 0 5 9 4 3 2 6 4 4
M[395] : 3 4 4 4 4 0 11 2 6 3 2 4 2
M[396] : 4 0 4 5 3 2 5 5 2 3 3 6 2
M[397] : 4 3 0 2 3 4 3 4 5 4 3 5 6
M[398] : 9 4 3 4 8 4 2 4 5 3 4 0 3
M[399] : 4 2 7 6 3 5 0 9 3 4 4 3 6
M[400] : 1 6 8 7 0 5 7 4 3 4 4 2 3
M[401] : 4 2 5 0 6 6 2 3 2 2 4 4 2
M[402] : 4 4 6 5 2 4 6 4 4 4 0 2 5
M[403] : 5 4 6 5 5 6 0 5 7 6 4 6 5
M[404] : 1 5 2 0 2 8 6 4 6 3 5 3 4
M[405] : 8 3 3 3 8 0 5 5 5 7 6 2 5
M[406] : 4 6 3 7 3 0 3 5 5 1 1 1 8
M[407] : 5 2 1 0 1 1 1 2 5 4 5 3 4
M[408] : 5 5 4 5 0 6 5 7 8 6 2 3 8
M[409] : 4 0 7 6 3 4 0 5 5 5 5 7 9
M[410] : 3 4 4 4 4 5 6 6 5 1 0 6 6
M[411] : 2 5 3 1 6 5 4 0 5 6 5 5 3
M[412] : 7 4 4 3 5 4 4 6 7 4 4 6 0
M[413] : 3 4 6 0 5 6 8 9 2 3 3 1 6
M[414] : 9 6 3 3 0 2 3 5 5 4 7 6 7
M[415] : 6 3 3 3 5 5 0 2 7 5 6 2 2
M[416] : 5 7 7 0 4 2 1 6 3 5 1 3 5
M[417] : 3 8 2 0 6 2 5 4 6 2 1 6 9
M[418] : 2 2 3 3 3 4 5 7 4 5 0 6 3
M[419] : 6 3 4 4 4 8 4 0 4 8 5 0 5
M[420] : 2 6 3 9 2 4 4 3 0 2 3 4 6
M[421] : 4 2 3 4 6 4 6 0 4 2 1 1 4
M[422] : 3 3 2 4 5 2 0 4 9 3 4 3 2
M[423] : 0 4 0 2 7 0 7 0 3 2 3 9 2
M[424] : 4 3 4 3 0 2 4 8 6 7 6 5 5
M[425] : 2 0 0 2 6 4 5 6 5 4 9 4 2
M[426] : 3 6 3 3 4 4 0 4 3 5 3 5 2
M[427] : 3 4 1 2 5 6 3 0 2 6 4 6 9
M[428] : 2 4 6 5 0 4 4 5 3 5 4 2 4
M[429] : 3 6 3 4 3 0 9 4 5 2 5 6 5
M[430] : 2 6 3 3 3 6 2 4 6 5 7 4 0
M[431] : 5 7 1 5 2 6 3 5 0 3 4 9 8
M[432] : 3 3 3 2 2 6 4 4 6 0 4 11 7
M[433] : 3 6 0 5 5 4 1 5 1 3 6 9 4
M[434] : 5 2 3 0 7 1 7 7 2 3 3 2 4
M[435] : 6 2 3 7 2 7 5 5 1 6 5 0 2
M[436] : 2 4 2 7 0 1 5 0 3 2 0 2 7
M[437] : 6 5 3 7 6 5 4 4 8 5 0 2 1
M[438] : 3 5 6 3 2 5 8 2 5 4 5 0 2
M[439] : 5 0 3 2 5 4 3 3 5 3 4 4 5
M[440] : 5 2 2 6 9 2 3 2 6 0 9 4 4
M[441] : 1 7 5 3 5 7 5 0 3 1 3 4 3
M[442] : 4 3 3 0 2 4 6 2 7 3 2 4 3
M[443] : 3 3 7 2 5 4 7 2 8 1 4 2 0
M[444] : 3 5 4 3 3 3 3 3 1 0 4 4 7
M[445] : 4 8 7 2 0 6 3 4 2 5 2 8 3
M[446] : 6 5 7 8 1 1 5 2 7 5 0 5 3
M[447] : 3 7 7 8 8 8 2 2 0 4 4 5 6
M[448] : 2 5 2 7 6 1 4 7 0 5 4 9 3
M[449] : 4 4 4 5 2 0 5 3 6 8 4 5 2
M[450] : 5 3 3 8 4 6 7 4 5 5 4 0 3
M[451] : 5 2 8 5 4 5 5 6 0 5 3 5 2
M[452] : 6 5 2 6 8 3 8 5 5 0 3 8 4
M[453] : 4 5 5 3 5 0 6 5 3 1 7 5 4
M[454] : 7 0 5 6 7 4 0 3 5 6 4 3 5
M[455] : 3 1 2 0 2 3 3 4 4 3 5 5 3
M[456] : 3 6 7 3 7 3 4 2 1 5 0 4 5
M[457] : 7 2 2 1 6 3 3 1 5 2 5 6 0
M[458] : 1 5 5 7 6 3 1 7 3 1 2 10 0
M[459] : 3 3 0 4 5 10 5 6 7 4 5 4 2
M[460] : 3 7 6 4 0 6 2 4 6 1 1 6 3
M[461] : 4 2 0 4 3 4 5 4 5 3 4 4 1
M[462] : 5 1 7 5 4 0 6 1 5 2 3 2 1
M[463] : 0 2 2 2 2 4 10 1 5 8 6 4 3
M[464] : 7 4 1 6 2 4 0 5 4 2 2 3 4
M[465] : 5 7 6 3 4 5 1 4 3 3 0 2 4
M[466] : 0 3 1 1 5 7 5 2 3 2 5 4 1
M[467] : 4 0 3 2 4 5 3 2 1 3 0 4 6
M[468] : 3 4 4 0 6 6 5 3 5 6 3 3 3
M[469] : 5 1 3 1 3 0 6 2 6 6 5 5 3
M[470] : 0 9 6 4 4 6 3 5 4 5 4 5 3
M[471] : 5 4 0 3 6 4 6 5 5 4 3 6 4
M[472] : 7 1 5 3 4 7 0 5 5 6 7 7 2
M[473] : 3 4 9 3 4 0 3 6 2 5 1 8 6
M[474] : 2 2 5 3 5 5 10 5 5 6 4 0 6
M[475] : 4 4 2 5 2 6 2 6 0 2 2 5 6
M[476] : 4 3 4 3 4 9 0 4 5 5 4 7 1
M[477] : 9 6 2 0 4 5 4 3 6 4 4 6 5
M[478] : 3 3 5 3 4 0 3 4 2 2 7 6 5
M[479] : 2 7 5 0 3 5 2 3 1 7 4 7 3
M[480] : 11 2 2 1 3 7 4 0 2 2 4 6 7
M[481] : 6 5 4 3 2 9 0 8 8 2 5 3 5
M[482] : 2 7 4 6 2 3 5 1 2 4 5 3 0
M[483] : 6 6 3 0 4 4 1 3 6 2 3 3 3
M[484] : 4 5 7 4 0 3 5 2 6 9 4 4 3
M[485] : 0 5 4 6 4 8 5 4 0 3 3 4 1
M[486] : 3 3 6 2 7 4 3 0 8 7 2 1 4
M[487] : 6 5 7 3 3 8 6 2 3 2 1 5 0
M[488] : 3 5 4 0 5 4 4 3 6 6 3 6 3
M[489] : 3 5 5 3 3 3 1 4 5 0 4 3 0
M[490] : 7 4 5 7 6 3 7 0 5 8 4 5 4
M[491] : 2 4 4 2 3 2 6 4 1 0 5 3 5
M[492] : 3 2 0 5 3 7 5 2 2 8 5 5 2
M[493] : 4 6 3 4 7 8 0 7 4 6 6 8 3
M[494] : 5 3 1 6 2 10 0 2 4 4 3 2 8
M[495] : 2 5 0 3 7 3 7 3 4 1 3 5 5
M[496] : 4 0 3 5 7 6 3 2 5 2 1 7 6
M[497] : 6 8 6 3 6 0 3 5 2 3 3 7 1
M[498] : 11 0 3 2 4 6 4 4 5 3 0 4 7
M[499] : 6 3 3 2 4 5 3 6 4 5 6 0 4

