 Execution de l'algoritme BITS sur le fichier r250.5.col.txt
=====================================================================
 Partitions  : 
Vk[0] : 229 217 24 101 -->  4 éléments.
Vk[1] : 92 154 242 120 -->  4 éléments.
Vk[2] : 205 45 19 21 -->  4 éléments.
Vk[3] : 17 73 8 10 -->  4 éléments.
Vk[4] : 40 132 238 -->  3 éléments.
Vk[5] : 223 85 222 -->  3 éléments.
Vk[6] : 233 70 81 64 -->  4 éléments.
Vk[7] : 35 174 94 239 -->  4 éléments.
Vk[8] : 107 218 195 -->  3 éléments.
Vk[9] : 136 194 129 39 -->  4 éléments.
Vk[10] : 232 108 95 162 -->  4 éléments.
Vk[11] : 221 76 1 102 -->  4 éléments.
Vk[12] : 61 153 51 79 -->  4 éléments.
Vk[13] : 28 189 89 -->  3 éléments.
Vk[14] : 211 179 32 3 -->  4 éléments.
Vk[15] : 135 82 7 167 -->  4 éléments.
Vk[16] : 177 103 165 147 -->  4 éléments.
Vk[17] : 151 18 228 72 -->  4 éléments.
Vk[18] : 60 201 42 77 -->  4 éléments.
Vk[19] : 191 6 230 200 -->  4 éléments.
Vk[20] : 31 144 140 23 -->  4 éléments.
Vk[21] : 249 139 75 58 -->  4 éléments.
Vk[22] : 184 248 142 -->  3 éléments.
Vk[23] : 164 133 131 5 -->  4 éléments.
Vk[24] : 62 9 204 186 -->  4 éléments.
Vk[25] : 175 240 55 66 -->  4 éléments.
Vk[26] : 215 160 180 68 -->  4 éléments.
Vk[27] : 130 26 124 96 -->  4 éléments.
Vk[28] : 213 14 49 34 -->  4 éléments.
Vk[29] : 113 65 169 197 -->  4 éléments.
Vk[30] : 93 12 119 37 -->  4 éléments.
Vk[31] : 141 216 127 199 -->  4 éléments.
Vk[32] : 220 241 125 -->  3 éléments.
Vk[33] : 25 243 110 173 -->  4 éléments.
Vk[34] : 182 210 27 -->  3 éléments.
Vk[35] : 112 33 176 0 -->  4 éléments.
Vk[36] : 171 111 236 -->  3 éléments.
Vk[37] : 48 22 44 -->  3 éléments.
Vk[38] : 150 16 206 185 -->  4 éléments.
Vk[39] : 118 38 203 36 -->  4 éléments.
Vk[40] : 126 106 13 30 -->  4 éléments.
Vk[41] : 207 46 157 100 -->  4 éléments.
Vk[42] : 183 235 41 -->  3 éléments.
Vk[43] : 178 54 245 -->  3 éléments.
Vk[44] : 244 198 90 43 -->  4 éléments.
Vk[45] : 234 148 11 117 -->  4 éléments.
Vk[46] : 122 114 4 -->  3 éléments.
Vk[47] : 202 224 87 138 -->  4 éléments.
Vk[48] : 137 188 67 56 -->  4 éléments.
Vk[49] : 172 78 226 187 -->  4 éléments.
Vk[50] : 91 104 143 63 -->  4 éléments.
Vk[51] : 161 134 88 -->  3 éléments.
Vk[52] : 2 208 155 -->  3 éléments.
Vk[53] : 225 71 159 231 -->  4 éléments.
Vk[54] : 59 128 47 84 -->  4 éléments.
Vk[55] : 123 53 109 145 -->  4 éléments.
Vk[56] : 98 166 214 86 -->  4 éléments.
Vk[57] : 116 74 237 190 -->  4 éléments.
Vk[58] : 227 219 168 -->  3 éléments.
Vk[59] : 57 193 97 -->  3 éléments.
Vk[60] : 105 212 246 -->  3 éléments.
Vk[61] : 209 156 247 146 -->  4 éléments.
Vk[62] : 83 152 69 -->  3 éléments.
Vk[63] : 15 158 29 115 -->  4 éléments.
Vk[64] : 181 50 163 99 -->  4 éléments.
Vk[65] : 52 192 121 149 -->  4 éléments.
Vk[66] : 170 196 20 80 -->  4 éléments.
Matrice M
M[0] : 3 2 3 2 2 3 2 2 2 2 4 3 2 3 2 3 2 2 3 2 2 3 2 1 4 2 2 3 3 3 3 4 3 3 1 0 2 3 3 2 3 2 1 3 2 3 3 3 2 3 2 2 3 2 3 4 3 4 3 3 3 2 2 1 3 3 3
M[1] : 3 2 1 2 1 2 3 2 2 3 2 0 2 1 2 1 2 0 2 2 2 1 2 3 2 2 2 2 2 2 2 2 1 2 2 2 1 2 2 2 2 2 2 2 2 2 1 2 2 2 2 1 2 1 2 1 3 2 2 1 1 2 1 3 2 2 2
M[2] : 1 2 2 1 0 1 1 2 2 2 2 2 2 1 1 2 2 1 2 2 2 2 1 2 2 2 3 1 1 1 2 2 1 2 1 2 1 2 2 2 2 3 1 1 2 2 1 1 2 1 2 2 0 1 1 2 1 2 2 1 1 1 1 2 2 1 2
M[3] : 1 2 1 1 1 1 1 1 1 1 1 1 1 1 0 2 1 2 1 1 1 2 1 0 2 1 1 1 1 1 1 1 2 1 1 1 1 1 1 1 1 1 1 1 1 2 2 2 1 1 1 1 1 1 1 2 1 1 1 1 1 1 1 0 1 2 1
M[4] : 2 2 1 4 3 2 3 3 2 2 3 3 3 2 3 2 2 2 3 3 2 1 3 3 2 3 2 3 3 1 3 2 2 2 3 3 1 1 2 3 1 3 3 2 3 3 0 3 3 3 3 3 1 2 3 2 2 3 2 2 2 2 3 3 2 3 1
M[5] : 3 2 3 2 2 3 2 4 2 2 4 4 3 3 2 3 3 3 3 3 3 2 3 0 4 3 2 3 3 3 3 4 3 3 3 3 2 3 3 2 3 4 3 3 3 4 2 3 2 3 3 3 3 3 3 3 2 4 3 3 3 2 3 2 3 3 3
M[6] : 2 1 1 2 1 1 1 2 1 2 2 2 2 1 2 1 2 0 2 0 2 1 1 2 2 2 2 1 2 1 1 2 1 1 1 2 1 2 2 2 2 2 1 1 1 1 1 2 1 2 2 1 1 1 2 1 2 2 1 1 1 2 1 2 2 2 2
M[7] : 1 1 2 2 1 1 2 2 1 1 2 1 2 1 1 0 2 2 1 2 1 2 1 2 1 1 2 2 2 2 2 1 2 2 1 1 2 1 2 1 2 1 1 1 1 2 1 2 2 2 2 1 1 2 1 1 2 2 1 1 2 2 1 2 1 1 2
M[8] : 2 1 3 0 3 3 2 3 2 2 3 2 2 3 3 4 2 2 3 2 2 3 3 2 3 2 2 3 3 4 3 3 3 2 2 2 3 2 2 3 3 2 2 3 3 2 3 3 3 3 2 2 2 4 3 3 2 3 2 3 3 3 3 2 2 3 3
M[9] : 2 2 3 1 2 2 2 2 1 2 2 2 2 2 2 2 2 1 2 2 2 3 1 2 0 2 2 2 2 3 2 2 1 3 1 2 3 2 2 3 2 1 1 2 3 1 1 2 3 2 2 1 2 3 2 3 2 2 1 2 2 2 1 2 2 3 2
M[10] : 1 1 2 0 2 1 2 2 1 1 2 1 2 1 1 1 2 1 1 2 2 2 1 2 1 1 2 2 2 2 2 2 2 2 1 2 1 1 2 2 2 1 1 1 1 2 1 2 2 2 2 1 1 2 2 1 2 2 1 1 2 2 1 2 1 2 2
M[11] : 2 2 3 2 2 3 2 2 2 2 3 2 2 2 3 3 2 2 2 2 2 3 3 2 2 2 2 3 2 3 3 3 2 3 2 2 3 2 3 3 3 2 2 2 3 0 3 3 2 3 2 2 2 4 3 3 2 3 2 3 2 3 3 2 2 3 3
M[12] : 3 2 4 2 1 3 2 1 1 2 2 2 2 2 2 3 2 3 3 2 1 3 2 1 4 2 2 3 3 3 0 3 2 2 1 1 2 3 2 2 3 1 1 3 3 2 3 3 3 3 3 1 3 2 3 3 2 3 2 3 2 2 2 1 2 3 2
M[13] : 3 2 1 4 3 2 3 3 2 2 3 3 2 3 3 2 4 2 4 4 3 1 3 3 2 3 2 3 3 2 3 3 2 3 3 3 1 2 3 2 0 3 3 3 3 3 1 2 2 3 3 3 1 2 3 2 2 3 2 2 2 1 3 3 3 3 1
M[14] : 1 2 1 1 1 2 1 1 1 1 1 1 1 1 2 2 1 3 1 1 1 2 1 0 2 1 1 1 0 1 1 1 1 1 1 1 1 1 1 1 1 1 1 1 1 1 2 2 1 1 1 1 1 1 1 2 1 1 1 1 1 1 1 0 1 2 1
M[15] : 1 2 2 2 2 2 2 1 1 1 2 2 3 1 1 2 1 2 1 1 1 2 2 3 2 1 2 2 1 2 2 1 1 2 1 1 2 1 2 2 2 2 1 1 2 2 2 2 3 1 1 1 1 2 1 2 1 2 1 2 2 2 2 0 1 1 2
M[16] : 1 2 2 2 1 1 2 3 1 2 2 2 2 1 1 1 2 1 1 2 3 2 1 2 1 3 2 1 1 1 1 2 2 1 2 2 0 2 0 1 2 2 2 1 2 1 2 1 1 1 1 2 1 1 1 2 2 1 2 1 0 2 1 2 2 1 2
M[17] : 1 1 1 0 1 1 2 1 1 2 2 2 1 1 1 1 2 1 3 2 1 1 2 1 2 1 1 2 1 1 2 1 1 2 1 1 1 1 2 2 1 2 2 2 2 2 1 1 1 2 1 2 0 2 2 2 2 2 2 1 1 1 1 2 1 1 1
M[18] : 1 1 1 0 0 1 1 1 1 1 1 1 0 1 1 1 1 0 1 1 1 2 0 0 1 1 1 1 1 1 1 1 1 1 0 0 1 1 1 1 1 1 0 1 1 1 2 1 1 1 1 0 1 1 1 2 1 1 1 1 1 1 0 0 1 1 1
M[19] : 1 2 0 2 2 2 1 2 2 1 1 2 2 1 1 2 1 1 2 1 1 2 2 1 2 1 1 1 1 3 3 1 1 2 1 1 2 1 2 1 1 1 1 2 2 1 1 1 1 1 1 2 1 2 2 2 2 1 1 2 1 2 2 1 1 2 1
M[20] : 1 1 1 2 2 2 1 1 1 1 1 2 2 1 1 2 1 1 1 1 1 1 2 1 1 1 0 1 1 2 2 1 1 2 1 1 1 0 1 1 1 0 1 2 2 1 1 1 1 1 1 1 1 2 1 2 1 1 1 2 1 1 2 1 1 2 0
M[21] : 3 3 0 4 3 3 3 3 2 2 4 4 3 3 3 2 4 3 4 3 3 1 3 3 3 3 3 3 3 2 3 4 2 3 3 3 2 3 3 1 3 3 3 3 3 3 2 3 2 3 3 3 2 2 3 3 2 4 3 3 3 2 3 3 3 3 2
M[22] : 1 2 2 1 0 1 1 2 1 2 2 2 2 2 1 2 2 1 1 2 2 2 1 2 2 3 2 1 1 1 2 3 1 2 1 2 1 0 2 1 3 3 2 1 2 2 1 1 1 1 1 2 1 1 1 2 1 1 2 1 1 1 1 2 1 1 3
M[23] : 3 2 3 2 1 2 2 1 1 2 2 2 2 1 2 3 1 3 2 2 0 3 2 1 3 1 2 3 2 2 1 2 2 1 1 1 1 3 2 2 3 2 1 2 1 2 2 3 2 2 2 1 3 2 2 2 3 2 2 2 2 1 1 1 3 2 3
M[24] : 0 2 2 3 3 3 2 3 2 2 4 3 3 3 2 3 2 2 3 2 3 2 3 3 3 3 2 3 3 3 4 3 2 3 3 3 3 2 3 2 3 2 2 3 3 3 2 3 3 3 3 3 1 3 3 2 1 4 1 3 3 3 3 3 2 3 3
M[25] : 3 2 3 2 1 2 2 1 1 2 2 2 2 1 2 3 2 3 2 2 1 3 2 1 2 1 2 3 2 2 1 1 2 0 1 1 1 3 1 2 3 2 1 2 2 2 2 3 2 2 2 1 3 2 2 2 3 3 2 2 2 1 1 1 2 2 2
M[26] : 1 2 1 1 1 2 2 1 1 1 1 1 1 1 2 2 1 3 1 1 1 2 1 1 2 1 2 0 2 1 1 1 2 1 1 1 1 1 1 1 1 1 1 1 1 2 2 2 2 1 2 1 1 2 1 2 1 1 1 2 1 1 1 1 1 2 1
M[27] : 3 3 3 2 2 3 2 3 2 2 3 3 2 3 2 3 2 2 3 2 2 3 2 1 4 2 3 3 3 3 3 4 3 3 0 1 2 3 3 2 3 2 1 3 2 3 3 3 2 3 2 2 3 2 3 4 3 3 3 3 2 2 2 1 3 3 3
M[28] : 3 3 1 3 1 2 3 3 2 2 2 2 3 0 2 1 3 1 3 3 2 1 2 3 2 3 2 2 2 2 2 2 1 2 3 3 1 2 2 2 2 2 3 2 2 2 1 2 2 2 2 3 1 2 3 2 3 2 2 2 1 2 1 3 3 2 2
M[29] : 3 3 2 3 2 3 2 3 3 2 4 4 3 3 2 3 3 3 4 3 3 2 3 3 4 3 2 3 3 3 3 4 3 3 3 3 2 3 3 1 3 4 3 3 3 4 2 3 2 2 3 3 2 2 3 3 2 4 3 3 3 2 3 0 4 2 3
M[30] : 1 1 1 1 0 1 1 1 1 2 1 2 1 1 0 0 1 1 1 1 1 1 1 1 1 2 1 1 1 1 1 1 0 1 1 1 0 1 1 0 0 2 1 1 1 1 0 1 0 1 1 1 1 0 1 1 1 1 1 1 0 1 1 1 1 1 1
M[31] : 2 2 1 3 1 2 3 1 1 2 2 2 2 2 3 1 3 1 3 3 0 1 2 3 2 2 2 2 3 1 2 1 1 2 3 2 1 1 2 2 1 2 3 2 2 2 1 2 2 2 2 2 1 2 3 2 2 2 2 2 1 1 2 2 3 3 1
M[32] : 3 2 3 2 2 3 2 3 2 2 4 4 2 3 0 3 3 3 3 3 3 2 3 1 4 3 3 3 3 3 3 4 3 3 3 2 2 3 3 2 3 4 3 3 3 3 3 3 2 3 3 3 3 2 3 3 2 4 3 3 3 2 2 1 3 3 3
M[33] : 1 2 2 2 2 2 2 2 1 2 2 2 3 1 2 3 1 2 1 1 1 2 2 3 2 1 2 2 1 2 2 2 2 2 1 0 2 1 2 2 2 2 1 1 2 2 1 2 3 1 2 2 1 2 1 1 1 2 1 1 2 2 2 3 1 1 2
M[34] : 1 2 2 2 2 2 2 3 2 3 2 2 3 1 2 3 1 2 2 1 2 2 2 3 2 1 2 2 0 2 3 2 2 2 2 2 2 1 2 2 2 2 2 2 2 2 2 2 3 1 3 2 1 3 1 2 1 2 1 2 2 2 2 3 1 1 2
M[35] : 1 1 1 1 0 1 1 0 1 2 1 2 1 1 1 1 2 1 1 2 1 1 1 2 1 3 1 1 1 1 1 2 1 1 1 1 0 1 1 1 1 2 2 1 1 1 1 1 1 1 1 1 1 1 1 1 1 1 2 1 0 1 1 2 1 1 1
M[36] : 1 2 2 1 1 2 1 1 1 1 1 2 1 1 2 2 1 3 1 1 1 2 1 1 2 1 1 1 2 1 1 1 2 1 1 1 1 1 1 0 1 1 1 1 1 2 2 2 2 1 2 1 2 2 1 2 1 1 1 2 1 1 1 0 1 2 1
M[37] : 1 0 1 2 2 2 0 1 0 1 1 1 1 1 1 2 1 1 1 1 1 1 1 1 1 1 0 1 1 1 0 1 1 2 1 1 1 0 1 1 1 0 0 0 2 1 1 1 1 1 1 0 1 2 1 2 1 1 1 2 1 1 2 1 1 2 1
M[38] : 1 1 0 2 1 1 2 1 1 1 1 2 1 1 1 0 1 1 1 2 1 0 1 1 1 1 1 1 1 1 1 1 1 1 2 1 1 1 1 0 1 2 2 1 2 1 1 1 1 1 1 1 0 1 1 1 1 1 0 1 1 1 1 1 1 1 1
M[39] : 1 1 1 2 2 1 1 1 1 0 1 2 1 2 2 1 2 1 2 2 2 0 1 1 1 2 1 1 2 1 1 1 1 1 2 2 1 1 1 1 1 1 2 1 1 1 1 1 1 1 1 1 0 1 2 1 2 1 1 1 1 1 2 1 1 2 1
M[40] : 3 2 1 4 0 2 3 1 1 2 2 2 2 2 3 1 3 1 3 3 1 1 2 3 2 2 3 2 2 2 2 1 1 2 3 2 1 1 2 2 1 2 3 2 2 2 1 2 2 2 2 3 1 2 3 2 2 2 2 2 1 1 2 2 3 3 1
M[41] : 3 2 3 2 2 3 3 3 2 2 4 4 2 3 2 3 3 2 3 2 2 3 2 1 4 3 3 3 3 3 3 4 3 3 1 1 2 3 3 2 3 3 0 3 3 3 3 3 2 3 2 2 3 2 3 4 3 4 3 3 3 2 2 1 3 3 3
M[42] : 2 2 2 3 3 2 2 3 2 2 2 2 3 2 3 3 2 2 0 2 2 2 2 3 2 1 2 2 2 2 3 2 2 2 2 3 2 1 2 2 2 2 2 2 2 2 1 2 3 3 3 2 1 3 1 1 2 2 1 1 2 2 3 3 2 2 2
M[43] : 2 2 2 3 3 1 2 3 2 2 2 3 3 2 3 3 2 2 2 2 2 2 3 3 2 2 2 3 2 1 3 2 2 1 3 3 1 1 2 3 2 2 3 1 0 3 1 2 3 3 3 2 1 3 3 1 2 2 1 2 2 2 3 3 2 3 2
M[44] : 2 2 2 4 3 3 3 3 2 2 3 3 3 3 3 3 3 2 4 4 3 1 3 3 3 3 2 3 3 2 3 3 2 3 3 3 1 0 3 3 2 3 3 3 3 3 1 3 3 3 3 3 1 2 4 2 2 3 2 2 2 2 3 3 2 3 1
M[45] : 1 2 0 1 1 1 2 1 1 1 2 1 1 1 2 2 1 2 1 1 1 2 1 1 2 1 2 1 1 1 1 1 2 1 1 1 1 1 1 1 2 1 1 1 2 2 2 3 2 1 2 1 1 1 1 2 1 2 1 1 2 1 1 0 2 2 1
M[46] : 2 2 1 3 2 1 2 2 1 2 2 2 3 2 3 2 2 2 2 2 2 2 1 3 1 2 2 2 2 1 1 2 2 1 2 2 1 1 1 3 1 0 2 1 1 2 1 1 3 3 3 1 1 2 2 1 2 2 1 1 2 2 2 3 2 2 1
M[47] : 1 1 0 2 1 1 2 1 1 1 1 2 1 1 2 0 1 1 1 2 1 0 1 1 1 1 1 1 1 1 1 1 1 1 2 1 1 1 1 1 1 2 2 1 2 1 1 1 1 1 1 2 0 1 0 1 1 1 0 1 1 1 1 1 1 1 1
M[48] : 3 2 3 1 1 2 2 1 1 2 2 2 1 1 2 3 1 3 1 2 1 3 2 1 2 1 2 3 2 2 1 1 2 1 1 1 1 0 1 2 2 1 1 1 2 2 2 3 2 2 2 1 3 2 1 2 2 2 2 2 2 1 1 1 2 2 1
M[49] : 2 1 1 2 1 1 3 1 1 2 2 2 1 2 2 2 2 1 2 3 2 1 2 2 1 2 2 2 0 1 2 1 1 2 2 1 1 1 1 2 1 2 2 2 2 2 1 1 2 2 2 2 1 2 3 2 2 1 2 1 1 1 2 2 1 2 1
M[50] : 1 2 2 1 1 1 1 2 1 2 2 2 2 1 1 1 2 1 1 2 3 2 1 2 2 3 2 1 1 1 1 3 2 1 2 2 1 1 1 1 3 2 2 1 2 1 1 1 1 1 1 2 1 1 1 2 1 1 2 1 1 2 1 2 0 1 3
M[51] : 1 1 1 2 1 1 0 1 1 0 2 1 0 1 1 2 1 2 1 1 1 1 2 1 2 1 1 1 1 2 2 1 1 2 1 1 2 1 2 1 1 1 1 1 2 2 1 1 2 1 1 1 1 2 1 1 1 1 1 1 1 1 1 1 1 1 1
M[52] : 3 2 3 2 2 3 2 3 2 3 2 3 2 2 2 2 3 2 2 3 3 2 2 2 4 3 3 3 2 3 3 3 3 3 2 2 2 3 3 2 3 3 2 3 3 3 2 2 2 2 2 2 3 2 2 3 2 3 3 3 3 3 2 2 3 0 3
M[53] : 2 2 2 2 1 1 1 2 1 2 1 2 1 1 2 1 2 1 2 2 2 2 1 2 1 3 2 1 2 1 1 2 1 1 2 3 1 2 2 1 2 2 2 1 1 1 1 2 1 1 1 2 1 1 1 0 2 2 1 1 1 2 1 2 2 2 2
M[54] : 2 2 3 1 1 3 2 1 1 2 2 1 1 2 2 3 2 2 2 2 1 3 2 2 2 2 2 3 3 2 1 2 2 2 1 1 3 2 1 2 3 1 1 0 2 2 2 3 3 3 3 1 2 3 2 3 2 2 2 2 2 2 1 1 2 3 3
M[55] : 1 2 2 2 3 2 2 3 2 2 2 2 3 2 2 3 2 2 2 2 2 2 2 3 2 0 2 2 2 2 3 2 2 2 2 3 2 1 2 2 2 2 2 2 2 2 1 2 3 3 3 2 1 3 1 1 1 2 1 2 2 2 3 3 1 1 2
M[56] : 2 2 3 2 2 3 2 4 2 2 4 4 3 3 2 3 3 3 3 3 3 2 3 1 4 3 2 3 3 3 3 4 3 3 3 3 2 3 3 2 3 4 3 3 3 4 2 3 0 3 3 3 2 2 3 3 2 4 3 3 3 2 3 2 4 3 3
M[57] : 2 2 3 1 1 2 2 1 1 2 2 1 1 2 2 3 2 2 1 2 1 2 1 2 2 2 2 2 2 2 2 2 2 1 1 1 2 1 1 2 2 1 1 1 2 2 2 3 3 3 3 1 2 3 2 2 2 2 2 0 2 1 1 2 2 3 2
M[58] : 1 1 1 2 2 2 1 1 1 0 1 1 1 1 1 2 1 2 1 1 1 0 2 1 2 1 1 1 1 2 2 1 1 2 1 1 2 0 2 1 1 1 1 1 2 2 1 1 1 1 1 1 1 2 1 2 1 1 1 1 1 1 2 1 1 1 1
M[59] : 3 2 2 3 2 2 2 3 3 2 3 3 3 2 2 1 3 2 3 3 3 2 1 2 2 3 2 1 2 2 3 3 2 3 2 3 2 2 3 1 3 3 2 2 3 2 2 2 1 1 2 2 2 1 0 3 2 2 3 2 2 2 2 2 3 2 3
M[60] : 2 2 2 3 1 1 2 3 2 2 2 2 2 2 1 1 2 1 0 2 3 2 1 2 3 3 2 1 1 1 2 3 2 2 2 2 2 2 3 1 3 3 2 1 2 1 2 2 1 1 1 2 2 1 1 2 2 1 3 1 2 2 1 2 2 1 3
M[61] : 1 2 2 1 0 1 1 2 1 2 2 2 0 2 1 2 2 1 1 2 2 2 1 2 2 2 2 1 1 1 2 2 1 2 1 2 1 1 2 1 2 3 1 1 2 2 1 1 1 1 1 2 1 1 1 2 1 2 2 1 1 1 1 2 1 1 2
M[62] : 2 2 2 2 1 2 1 1 1 1 1 2 2 1 2 1 1 3 2 1 1 2 1 1 0 1 2 2 2 2 1 2 1 1 1 1 1 2 1 1 1 2 1 1 1 1 1 2 2 2 2 1 2 2 1 1 1 2 1 2 1 1 1 1 2 2 2
M[63] : 1 2 2 2 2 2 1 2 2 1 2 2 2 1 2 2 1 2 1 1 1 2 2 2 2 1 2 2 1 2 3 1 1 2 1 1 2 1 2 2 2 2 1 2 2 2 2 2 3 1 0 2 1 2 1 2 1 2 1 2 2 2 2 2 1 1 2
M[64] : 2 2 1 2 1 1 0 2 1 2 2 2 2 1 2 1 2 0 2 1 2 1 1 3 2 2 2 1 2 2 2 2 1 1 1 2 1 2 2 2 2 1 2 2 1 1 1 2 1 2 2 1 1 1 2 1 2 2 1 1 1 2 1 2 2 2 2
M[65] : 2 2 2 2 1 1 2 2 2 2 2 2 2 2 1 2 2 1 2 2 2 2 1 2 2 3 2 1 1 0 2 3 2 2 2 2 1 3 2 1 3 3 2 1 2 2 1 1 1 1 1 2 2 1 1 2 2 2 2 1 1 2 1 2 1 1 3
M[66] : 1 1 1 1 0 1 1 1 1 1 1 2 1 0 0 0 1 1 1 1 1 1 1 1 1 0 1 1 1 1 1 1 0 1 0 1 0 1 1 0 1 2 0 1 1 1 0 1 0 1 0 1 1 0 1 1 1 1 1 1 0 1 0 1 1 1 1
M[67] : 2 1 1 2 2 1 2 2 1 2 1 2 2 2 2 2 2 1 2 2 2 1 1 2 1 2 2 2 2 1 1 2 1 1 2 2 1 1 1 3 1 1 2 1 1 1 1 1 0 2 2 1 1 1 2 1 2 1 1 1 1 1 2 3 2 2 1
M[68] : 2 1 1 2 2 1 2 2 1 1 1 1 2 1 2 1 2 1 2 2 2 2 1 2 1 1 0 2 2 1 1 2 1 1 1 2 1 1 2 2 1 1 1 1 1 1 1 1 2 2 2 1 1 1 2 1 2 2 1 1 2 2 1 2 2 2 1
M[69] : 2 2 3 1 2 3 2 2 2 2 2 2 1 2 2 3 2 1 2 2 2 3 3 2 3 2 2 3 3 3 3 2 3 2 2 2 3 2 3 2 3 1 2 2 3 2 3 4 3 3 3 1 2 3 3 3 2 2 2 3 2 3 0 2 2 3 3
M[70] : 2 1 1 2 2 1 0 2 1 1 1 2 1 2 2 2 2 1 2 2 2 1 1 1 1 2 1 1 2 1 1 1 1 1 2 2 1 1 1 3 1 1 2 1 1 1 1 1 1 1 1 1 1 1 2 1 2 1 1 1 1 1 2 2 1 2 1
M[71] : 1 0 1 2 2 2 1 1 1 1 1 2 2 1 1 2 1 1 2 1 1 1 1 1 1 1 0 1 1 1 1 1 1 2 1 1 1 0 1 1 1 1 0 1 2 1 1 1 1 1 1 0 1 0 2 2 1 1 1 2 1 1 2 1 1 2 1
M[72] : 2 2 3 1 2 3 2 2 2 2 3 2 2 2 3 4 2 0 2 2 2 3 3 2 3 2 2 3 3 3 3 3 3 3 2 2 3 2 3 3 3 2 2 2 3 2 3 4 3 3 2 2 2 4 3 3 2 2 2 3 2 3 3 2 2 3 3
M[73] : 2 2 2 0 1 1 2 3 2 2 2 2 2 2 1 1 2 1 1 2 3 2 1 2 2 3 2 1 1 1 2 3 2 2 2 2 1 2 2 1 3 3 2 1 2 2 2 1 1 1 1 2 1 1 1 2 2 1 2 1 1 2 1 2 1 1 3
M[74] : 1 2 3 2 2 2 1 2 2 2 2 2 2 2 2 3 1 2 2 1 1 2 2 2 2 1 2 1 1 3 3 2 1 3 2 2 2 2 3 2 2 2 2 2 3 1 2 2 2 1 2 2 1 3 2 2 2 0 1 2 1 3 2 2 1 2 2
M[75] : 3 2 2 4 3 3 3 3 2 2 4 4 3 3 3 3 3 3 4 3 3 0 3 3 3 3 2 3 3 3 3 3 3 3 3 3 2 3 3 1 3 3 3 3 3 3 2 3 3 3 3 3 2 2 3 3 2 4 3 3 3 2 3 2 4 3 2
M[76] : 2 2 3 1 1 3 2 1 1 2 2 0 1 2 2 3 2 2 2 2 2 3 2 2 3 2 2 3 3 2 1 2 2 2 1 2 3 2 2 2 3 1 1 2 3 2 3 3 3 3 3 1 2 3 3 3 2 2 2 3 2 3 1 2 2 3 3
M[77] : 1 1 1 1 1 1 2 1 1 2 2 2 1 1 1 1 2 1 0 2 1 1 2 1 2 1 1 2 1 1 2 1 1 2 1 1 1 1 1 2 1 2 2 2 2 2 1 1 1 2 1 2 0 1 2 2 2 1 2 1 1 1 1 2 1 1 1
M[78] : 1 2 2 2 2 2 1 2 2 2 2 2 3 1 2 3 1 2 2 1 1 2 2 3 2 1 2 1 1 2 3 1 2 2 2 2 2 1 3 2 2 2 2 2 3 2 2 2 3 0 2 2 1 3 2 2 2 2 1 2 2 3 2 2 1 2 2
M[79] : 2 1 1 2 2 1 3 2 1 2 1 2 0 2 2 2 2 1 2 3 2 1 1 2 1 2 2 2 2 1 2 2 1 1 2 2 1 1 1 3 1 2 2 1 2 2 1 1 2 3 1 2 1 2 3 1 2 1 2 1 1 1 2 3 2 2 1
M[80] : 3 2 1 4 3 2 3 3 2 2 3 3 2 3 3 2 4 2 4 4 3 1 3 3 2 3 2 3 3 2 3 3 2 3 3 3 1 2 3 3 1 3 3 3 3 3 1 3 3 3 3 3 1 2 3 2 2 3 2 2 2 1 3 3 3 3 0
M[81] : 3 2 3 3 3 3 0 3 2 2 4 3 2 3 2 3 2 2 3 2 3 2 3 3 3 3 2 3 3 3 3 3 3 3 2 3 2 2 3 2 3 2 2 3 3 3 3 3 3 3 2 3 2 3 3 3 2 4 2 3 3 3 3 2 2 3 3
M[82] : 2 2 2 1 2 2 2 2 1 1 2 2 2 2 2 0 2 1 2 1 2 3 1 2 1 2 2 2 2 3 2 2 1 3 1 2 2 2 2 3 2 1 1 2 3 1 1 2 2 2 2 1 2 3 2 2 2 2 1 2 2 2 1 2 2 2 2
M[83] : 3 3 1 3 1 2 3 3 3 2 2 3 3 2 2 1 4 3 3 4 2 1 2 3 2 3 2 2 2 2 3 2 1 2 3 3 1 2 2 2 2 3 3 2 3 3 1 2 2 2 2 3 2 2 3 2 3 2 2 2 1 2 0 3 3 3 2
M[84] : 1 2 2 2 3 2 2 3 2 3 2 2 3 2 2 3 2 2 2 2 2 2 2 3 2 1 2 2 2 2 3 2 2 2 2 3 2 1 2 2 2 2 2 2 3 2 1 2 3 3 3 2 1 3 0 2 1 2 1 2 2 2 3 3 1 1 2
M[85] : 2 2 3 1 1 0 2 2 1 2 2 1 1 2 2 3 2 2 2 2 2 3 1 2 2 2 2 2 2 3 2 2 2 3 1 2 2 2 2 2 2 1 1 1 2 2 2 3 3 2 3 1 2 3 2 3 2 2 2 1 2 2 1 2 2 3 2
M[86] : 1 1 0 2 1 1 1 1 1 1 1 2 1 1 2 1 1 1 2 1 1 0 1 1 1 1 1 1 1 1 1 1 1 1 2 1 1 1 1 1 1 1 2 1 1 1 1 1 1 1 1 1 0 1 1 1 0 1 0 1 1 1 2 1 1 1 1
M[87] : 2 2 3 2 2 2 2 2 2 1 1 2 2 2 2 3 1 1 2 1 2 3 2 2 2 1 1 1 1 3 3 2 1 3 2 2 2 2 3 2 1 1 2 2 3 1 2 0 2 2 2 2 1 3 2 2 2 2 1 2 1 3 2 2 1 2 2
M[88] : 3 2 4 2 2 3 2 1 2 2 3 3 2 3 2 3 2 2 3 2 2 3 2 1 4 2 2 3 3 3 2 4 3 3 1 2 2 3 3 2 3 2 1 3 3 3 3 4 3 3 3 0 3 2 3 4 3 3 2 3 2 2 2 1 3 3 2
M[89] : 1 2 2 2 3 2 2 3 2 3 2 2 3 0 2 3 1 2 1 2 2 2 2 3 2 1 2 2 2 2 3 2 2 2 2 3 2 1 2 2 2 2 2 2 2 2 1 2 3 3 3 2 1 3 1 1 1 2 1 2 2 2 3 3 1 1 2
M[90] : 2 1 2 1 2 1 2 2 1 1 1 1 2 2 0 1 1 1 2 1 1 2 1 1 1 1 1 1 1 2 2 1 1 2 0 1 1 1 2 1 1 1 0 1 0 1 1 1 1 2 1 1 1 1 2 2 1 1 1 1 1 2 1 1 1 2 1
M[91] : 2 1 1 2 2 1 2 1 1 2 2 2 1 2 2 2 2 1 2 3 2 1 1 2 1 2 2 1 2 1 2 1 1 2 2 2 1 1 1 2 1 2 2 1 2 2 1 1 2 2 0 2 1 2 3 1 2 1 2 1 1 1 2 2 1 2 1
M[92] : 2 0 2 2 2 1 2 2 1 2 2 1 3 2 2 2 2 1 2 2 2 2 1 2 1 1 2 2 2 1 1 2 1 1 1 2 1 1 2 3 1 1 1 1 1 2 1 2 2 2 2 1 1 1 2 1 2 2 1 1 2 2 2 3 2 2 2
M[93] : 3 2 2 2 1 1 2 2 1 2 2 2 3 1 2 1 1 1 2 1 2 1 1 2 2 3 2 1 2 1 0 2 1 1 2 3 1 2 2 1 2 2 2 1 1 1 1 2 1 2 2 1 1 1 1 1 2 2 1 1 1 2 1 2 2 2 2
M[94] : 2 2 1 4 2 2 3 0 1 2 2 2 2 2 3 2 3 1 3 3 2 1 2 2 2 2 2 2 3 1 2 1 1 2 3 3 1 1 2 2 1 2 3 2 2 2 1 2 2 2 2 2 1 2 3 2 2 2 2 2 1 1 2 2 2 3 1
M[95] : 2 2 3 2 2 2 2 2 2 2 0 2 2 2 2 3 1 1 2 1 2 3 2 2 2 1 1 1 1 3 3 2 1 3 2 2 2 2 3 2 3 2 2 2 3 1 2 1 2 2 2 2 1 3 2 2 2 2 1 2 1 3 2 2 1 2 2
M[96] : 1 2 2 2 2 2 1 2 2 2 2 2 3 2 2 3 1 2 2 1 2 2 2 2 2 2 2 0 1 3 3 3 2 3 2 2 2 2 3 2 2 2 2 2 3 2 2 2 3 2 2 2 1 3 2 2 2 2 1 2 2 3 2 2 1 3 2
M[97] : 2 2 2 3 3 1 2 3 2 2 2 2 3 2 3 3 2 2 2 2 2 2 3 3 2 2 2 3 2 1 3 2 2 1 3 3 1 1 2 3 2 2 2 1 1 3 1 2 3 3 3 2 1 3 3 1 2 2 1 0 2 2 3 3 2 3 2
M[98] : 1 2 2 1 1 1 2 1 1 1 2 1 1 1 1 2 1 2 1 1 1 1 1 0 1 1 2 2 1 2 2 2 1 1 1 1 2 1 1 1 2 1 1 1 2 2 1 2 2 2 1 1 1 2 1 2 0 2 1 1 2 1 1 0 2 1 2
M[99] : 2 1 1 1 1 1 2 1 1 2 2 2 1 1 1 1 2 1 3 2 1 1 2 1 2 1 1 2 1 1 2 1 1 2 2 1 1 1 2 2 1 2 2 2 2 2 1 1 2 2 1 2 1 2 2 2 2 2 2 1 1 1 1 2 0 1 1
M[100] : 1 2 1 1 0 1 0 1 1 2 2 1 1 1 1 2 2 1 1 2 2 1 1 2 2 2 1 1 1 1 1 2 1 2 1 2 1 1 2 0 2 0 1 1 2 2 1 1 1 1 2 2 1 1 1 2 1 1 2 1 1 1 0 2 1 1 2
M[101] : 0 1 1 1 1 1 2 1 1 2 2 2 1 1 1 1 2 1 2 2 1 1 2 1 1 1 1 1 1 1 2 1 1 2 2 1 1 1 1 2 1 2 2 2 2 2 1 1 1 2 1 2 0 1 2 2 2 1 2 1 1 1 1 2 1 1 1
M[102] : 2 2 2 3 3 1 2 3 1 2 2 0 3 2 3 3 2 2 2 2 2 2 2 3 2 1 2 2 2 2 2 2 2 2 1 3 1 1 2 3 2 2 2 1 1 2 1 2 3 3 3 2 1 3 2 1 2 2 1 1 2 2 3 3 2 2 2
M[103] : 2 1 2 2 1 1 1 2 1 2 1 2 1 1 2 1 0 1 2 1 2 1 1 2 1 3 1 1 1 1 1 2 1 1 1 2 0 1 1 1 2 2 2 1 1 1 0 1 1 1 1 1 1 1 1 1 1 1 1 1 0 2 1 2 2 1 2
M[104] : 2 2 3 2 2 3 2 3 3 2 4 4 2 3 1 3 3 2 3 3 3 2 3 2 4 3 3 3 3 3 3 4 3 3 2 3 2 3 3 2 3 4 3 3 3 3 2 3 1 3 0 3 3 2 3 3 2 4 3 3 3 3 2 2 3 2 3
M[105] : 3 2 3 2 1 2 2 1 1 2 1 2 2 1 2 3 1 3 2 1 1 3 2 1 3 1 2 2 2 2 1 2 2 1 1 1 1 2 1 2 1 2 1 2 1 2 2 2 2 2 2 1 3 2 2 1 2 2 1 2 0 1 1 1 2 2 2
M[106] : 2 1 3 2 2 2 2 2 2 1 1 2 2 2 2 2 1 1 2 1 2 3 1 2 2 1 1 1 1 3 3 2 1 3 2 2 2 2 3 2 0 1 2 2 3 1 1 1 2 2 1 1 1 2 2 2 2 2 1 2 1 2 2 2 1 2 1
M[107] : 3 2 3 2 1 3 2 1 0 2 2 2 1 2 2 3 2 3 3 2 2 3 2 1 3 2 2 3 3 3 2 2 2 2 1 1 3 2 2 2 3 1 1 3 3 2 3 3 3 3 3 1 3 3 3 3 2 3 2 3 2 2 2 1 2 3 2
M[108] : 3 2 2 2 1 1 2 3 1 2 0 2 2 1 2 1 2 1 2 2 2 2 1 2 2 3 2 1 2 1 1 2 1 1 2 3 1 2 2 1 2 2 2 1 2 1 1 2 1 1 2 2 2 1 1 1 2 2 1 1 1 2 1 2 2 2 2
M[109] : 2 2 2 1 1 1 2 2 1 1 2 1 1 1 1 1 1 2 1 1 1 2 1 1 1 0 2 2 2 2 2 2 1 2 1 1 1 1 2 1 2 1 1 1 2 1 1 2 1 2 1 1 2 2 2 0 1 2 0 1 1 2 1 1 2 2 2
M[110] : 0 0 1 1 1 1 0 1 0 0 1 1 1 1 1 2 1 1 1 1 1 1 1 1 1 1 0 1 1 1 1 1 1 0 1 1 1 0 1 1 1 0 0 0 1 1 1 1 1 1 1 0 0 2 1 2 0 1 0 0 1 1 1 1 1 1 1
M[111] : 1 0 1 1 2 1 0 1 1 1 1 1 1 1 0 2 1 1 2 1 1 1 1 1 1 1 0 1 1 2 1 1 1 1 0 1 0 0 1 1 1 0 0 1 1 1 1 1 1 1 1 0 1 1 2 1 1 1 0 1 1 2 1 1 1 2 1
M[112] : 2 1 1 2 1 1 3 1 1 2 2 2 1 2 2 1 3 1 2 3 1 1 2 2 2 2 2 2 1 1 2 1 1 2 2 0 1 1 1 2 1 2 2 2 2 2 1 1 2 2 2 2 1 2 3 2 2 1 2 1 1 1 2 2 1 1 1
M[113] : 2 2 2 1 1 2 2 1 1 1 2 1 1 1 2 2 1 2 1 1 1 3 1 1 2 1 2 2 1 0 1 1 2 1 1 1 2 1 1 2 2 1 1 1 2 2 2 3 2 1 2 1 2 2 1 2 1 2 1 1 2 1 1 1 2 2 1
M[114] : 2 2 2 1 1 1 2 2 1 1 2 1 1 1 2 1 1 2 1 1 1 2 1 1 1 0 2 2 2 2 2 2 1 2 1 1 2 1 2 1 2 1 1 1 2 1 0 2 2 2 1 1 2 2 1 1 1 2 0 1 2 2 1 1 2 2 2
M[115] : 1 1 1 1 0 1 1 1 1 2 1 2 1 1 0 1 1 1 1 2 1 1 1 1 1 3 1 1 1 1 1 1 0 1 0 1 0 1 1 0 1 2 1 1 1 1 0 1 0 1 1 1 1 1 1 1 1 1 1 1 0 1 1 0 1 1 1
M[116] : 2 2 2 2 1 1 2 3 2 2 2 2 2 2 1 1 2 1 1 2 3 2 1 2 2 3 2 1 1 1 2 3 2 2 2 2 2 2 3 1 3 3 2 1 2 1 2 1 1 1 1 2 2 1 1 2 2 0 2 1 2 2 1 2 2 1 3
M[117] : 2 2 2 2 1 2 1 1 1 1 1 2 2 1 2 1 1 3 1 1 1 2 1 1 1 1 1 2 2 2 1 1 1 1 1 1 1 2 1 1 1 2 1 1 1 0 1 2 2 2 2 1 2 2 1 1 2 1 1 2 1 1 1 1 1 2 1
M[118] : 1 1 1 2 1 1 2 1 1 0 2 1 2 1 1 2 1 2 1 1 1 1 2 2 2 1 2 2 1 2 2 1 1 2 1 1 2 1 2 0 1 1 1 1 2 2 1 2 2 1 1 1 1 2 1 1 1 2 1 1 2 2 1 2 1 1 2
M[119] : 2 2 2 3 3 1 3 3 2 2 2 2 3 2 3 2 2 2 2 2 2 2 3 3 1 2 2 3 2 1 0 2 2 1 3 3 1 1 2 3 2 3 3 1 1 3 1 2 3 3 3 3 1 2 3 1 2 2 1 2 2 2 3 3 2 3 2
M[120] : 1 0 2 1 0 1 1 1 1 2 1 2 1 1 1 1 2 1 1 2 1 1 1 2 1 3 1 1 1 1 1 2 1 1 2 1 0 1 1 1 1 2 2 1 1 1 1 1 1 1 1 1 1 1 1 1 1 1 1 1 0 1 1 2 1 1 1
M[121] : 1 1 1 2 1 1 2 1 1 2 2 2 1 1 2 1 1 1 2 2 1 0 1 1 1 1 1 1 1 1 2 1 1 2 2 1 1 1 1 2 1 2 2 1 2 2 1 1 1 1 1 2 0 1 2 2 2 1 2 1 1 1 1 1 1 0 1
M[122] : 2 3 3 2 1 2 2 2 2 2 1 2 2 1 2 2 1 3 2 1 1 3 1 1 2 1 3 2 2 2 1 2 1 1 1 1 1 2 2 2 1 2 1 2 1 2 0 2 2 2 2 1 2 2 2 1 1 2 1 2 1 1 1 1 2 2 2
M[123] : 2 2 3 2 1 2 2 1 1 2 1 2 2 1 2 2 1 3 2 1 1 3 2 1 3 1 2 2 2 2 1 2 1 1 1 1 1 2 2 2 1 2 1 2 1 2 1 2 2 2 2 1 2 2 2 0 2 2 1 2 1 1 1 1 2 2 2
M[124] : 2 1 1 2 2 1 1 2 1 1 1 2 1 2 2 2 2 1 2 2 2 1 1 1 1 2 1 0 2 1 1 2 1 1 2 2 1 1 1 3 1 1 2 1 1 1 1 1 1 1 2 1 1 1 2 1 2 1 1 1 1 1 2 2 1 2 1
M[125] : 2 2 1 4 3 2 3 3 1 2 2 2 2 2 3 2 3 2 3 3 2 1 2 2 2 3 2 3 3 2 2 2 0 2 3 3 1 1 2 2 1 3 3 2 2 3 1 2 2 3 2 3 1 2 3 2 2 2 2 2 2 1 3 2 3 3 1
M[126] : 3 2 3 2 1 2 2 1 1 2 2 2 2 1 2 3 1 3 2 2 1 3 2 1 3 1 2 2 2 2 1 2 2 1 1 1 1 2 1 2 0 2 1 2 1 2 2 2 2 2 2 1 3 2 2 2 3 2 2 2 2 1 1 1 3 2 2
M[127] : 3 3 1 4 2 2 3 3 1 2 2 2 2 2 3 1 3 2 3 3 2 1 2 3 2 3 3 3 3 2 3 0 1 2 3 3 1 2 2 2 1 3 3 2 3 3 1 2 2 2 2 3 1 2 3 2 2 2 2 2 1 1 2 2 3 3 1
M[128] : 2 2 3 1 1 2 2 1 1 2 2 1 1 1 2 3 2 3 1 2 1 3 2 1 2 1 2 3 2 1 1 2 2 1 1 1 2 2 1 2 2 1 1 1 2 2 2 3 2 3 2 1 2 3 0 2 2 2 2 2 2 1 1 1 2 3 1
M[129] : 3 3 2 3 2 3 2 3 3 0 4 4 3 3 2 1 3 3 4 3 4 2 3 3 3 3 2 2 3 2 3 4 3 3 3 4 2 3 3 1 3 4 3 3 3 3 2 2 2 3 2 3 2 2 3 3 2 4 3 3 3 3 2 2 3 3 3
M[130] : 2 2 2 3 2 2 2 3 2 2 3 3 2 2 1 2 3 2 3 3 3 2 1 2 3 3 2 0 2 2 3 3 2 3 2 3 2 3 3 1 3 3 2 3 3 3 2 2 1 1 1 2 2 1 2 3 2 3 3 2 2 3 2 2 3 1 3
M[131] : 1 1 2 1 1 1 1 1 1 2 1 2 1 1 0 1 1 1 1 1 2 0 1 0 1 2 1 1 1 1 1 2 0 1 1 1 0 1 1 1 2 2 1 1 1 1 0 1 0 1 1 1 1 1 1 1 1 1 1 1 0 1 1 2 1 1 1
M[132] : 1 1 2 2 0 1 2 2 1 1 2 1 3 1 1 2 1 2 1 2 1 2 2 2 2 1 2 2 1 2 2 1 2 2 1 1 2 1 2 2 2 1 1 1 2 2 1 2 2 2 2 1 1 2 1 1 1 2 1 1 2 2 2 2 1 1 2
M[133] : 2 1 1 2 2 1 3 2 1 2 1 2 1 2 2 2 2 1 2 2 2 1 1 0 1 2 2 1 2 1 1 2 1 1 2 2 1 1 1 3 1 2 2 1 1 2 1 1 1 2 1 1 1 1 2 1 2 1 1 1 1 1 2 3 2 2 1
M[134] : 2 2 2 3 2 1 2 2 1 2 2 1 3 2 3 2 2 2 2 2 2 2 1 3 1 2 2 2 2 1 1 2 2 1 2 2 1 1 2 3 1 1 1 1 1 2 1 2 3 3 3 0 1 2 2 1 2 2 1 1 2 2 2 3 2 2 2
M[135] : 2 2 2 1 1 2 1 1 1 1 1 2 2 1 2 0 1 3 1 1 1 2 2 1 1 1 2 2 2 2 1 1 1 1 1 1 1 2 1 1 1 2 1 1 1 1 1 2 2 2 2 1 2 2 1 1 2 1 1 2 1 1 1 1 1 2 1
M[136] : 1 1 1 1 0 1 1 1 1 0 1 2 1 0 0 0 1 1 1 1 1 1 1 1 1 1 1 1 1 1 1 1 0 1 0 1 0 1 1 0 1 2 0 1 1 1 0 1 0 1 0 1 1 0 1 1 1 1 1 1 0 1 0 1 1 1 1
M[137] : 1 2 2 1 1 2 1 1 1 1 1 2 1 1 2 1 1 3 1 1 1 2 1 0 2 1 1 1 1 1 1 1 1 1 1 1 1 1 1 1 1 1 1 1 1 1 2 2 0 1 1 1 2 1 1 1 1 1 1 1 1 1 1 0 1 2 1
M[138] : 2 2 1 3 3 1 3 3 1 2 2 2 2 2 3 2 2 2 3 3 2 1 2 3 2 2 2 3 2 1 2 2 2 2 3 3 1 1 1 3 1 3 3 2 2 3 1 0 3 3 3 3 1 2 3 2 2 2 2 2 2 2 3 3 2 3 1
M[139] : 2 3 2 1 1 1 0 2 2 2 2 2 2 1 2 2 1 2 2 1 2 0 1 1 2 2 3 2 2 2 1 2 1 1 1 2 1 2 2 2 2 2 1 2 1 1 1 1 2 2 2 1 2 2 2 2 1 2 1 1 1 2 0 2 2 1 2
M[140] : 1 2 2 2 2 2 2 3 2 2 2 2 3 1 2 3 1 2 1 1 0 2 2 3 2 1 2 2 2 2 2 2 2 2 1 1 2 1 2 2 2 2 1 1 2 2 1 2 3 2 2 2 1 3 1 1 1 2 1 1 2 2 2 3 1 1 2
M[141] : 3 2 3 2 1 2 2 1 1 2 2 2 2 1 2 3 2 3 2 2 1 3 2 1 3 1 2 3 2 2 1 0 2 1 1 1 1 3 1 2 3 2 1 2 1 2 2 3 2 2 2 1 3 2 2 2 3 3 2 2 2 1 1 1 3 2 2
M[142] : 2 2 2 3 2 1 2 2 1 2 2 2 3 2 3 2 2 2 2 2 2 2 0 3 1 2 2 2 2 1 1 2 2 1 2 2 1 1 2 3 1 1 2 1 1 2 1 2 3 3 3 1 1 2 2 1 2 2 1 1 2 2 3 3 2 2 2
M[143] : 2 2 2 0 1 2 1 1 1 1 1 2 0 1 2 1 1 2 1 1 1 2 0 0 1 1 1 1 2 1 1 1 1 1 1 1 1 1 1 1 1 2 1 1 1 1 1 2 1 1 0 1 2 1 1 1 1 1 1 2 1 1 1 0 1 2 1
M[144] : 1 1 1 1 0 1 1 1 1 2 1 2 1 1 0 1 1 1 1 2 0 1 1 1 1 3 1 1 1 1 1 1 0 1 1 1 0 1 1 0 1 2 1 1 1 1 0 1 0 1 1 1 1 1 1 1 1 1 1 1 0 1 1 1 1 1 1
M[145] : 2 2 2 3 3 2 2 3 2 2 2 2 3 2 3 3 2 2 3 2 2 2 3 3 2 2 2 3 2 2 3 2 2 2 3 3 1 1 2 3 2 2 2 2 3 2 1 2 3 3 3 2 1 3 3 0 2 2 1 1 2 2 3 3 2 3 2
M[146] : 1 1 1 2 2 2 1 1 1 1 2 2 2 1 1 2 1 2 1 1 1 1 2 1 2 1 2 1 1 2 2 1 1 2 1 1 2 1 2 1 1 1 1 1 2 2 2 2 1 1 1 1 1 2 1 2 1 1 1 1 1 0 2 1 1 1 1
M[147] : 1 1 1 2 1 1 2 1 1 1 1 2 1 1 2 1 0 1 2 2 1 0 1 1 1 2 1 1 1 1 1 1 1 1 2 1 1 1 1 1 1 2 2 1 2 1 1 1 1 1 1 2 0 1 2 1 2 1 1 1 1 1 2 1 1 1 1
M[148] : 2 1 1 2 2 1 2 2 1 2 1 2 3 2 2 2 2 1 2 2 2 2 1 3 1 2 2 2 2 1 1 2 1 1 2 2 1 1 1 3 1 1 2 1 1 0 1 1 3 2 2 1 1 2 2 1 2 1 1 1 2 2 2 3 2 2 1
M[149] : 1 2 2 2 3 2 2 3 2 3 2 2 3 1 2 3 1 2 2 1 2 2 2 3 2 1 2 2 2 2 3 2 2 2 2 2 2 1 2 2 2 2 2 2 3 2 2 2 3 2 3 2 1 3 2 2 1 2 1 2 2 2 3 3 1 0 2
M[150] : 3 2 3 2 1 2 2 1 1 2 2 2 2 1 2 3 2 3 2 2 1 3 2 1 2 1 2 3 2 2 1 2 2 1 1 1 1 3 0 2 3 2 1 2 2 2 2 3 2 3 2 1 3 2 2 2 3 3 2 2 2 2 1 1 2 2 2
M[151] : 2 1 1 3 2 1 2 2 1 2 1 1 3 2 3 2 2 0 2 2 2 2 1 3 1 2 2 2 2 1 1 2 1 1 2 2 1 1 1 3 1 1 2 1 1 2 1 1 3 2 2 1 1 2 2 1 2 2 1 1 2 2 2 3 2 2 1
M[152] : 1 1 2 2 2 1 2 2 1 1 2 1 3 1 1 2 2 2 1 2 2 2 2 3 1 1 2 2 2 2 2 2 2 2 1 2 1 1 2 2 2 1 1 1 1 2 1 2 3 2 2 1 1 2 1 1 2 2 1 1 2 2 0 3 1 1 2
M[153] : 3 2 3 2 3 3 2 3 2 2 4 3 0 3 3 3 2 3 3 2 3 3 3 2 4 2 2 3 3 3 3 3 3 3 2 2 2 3 3 2 3 2 2 3 3 4 3 3 3 3 2 2 3 4 3 3 2 4 2 3 3 3 3 2 3 3 3
M[154] : 1 0 1 0 1 1 1 1 1 1 1 1 0 1 1 2 1 2 1 1 1 2 1 0 2 1 1 1 1 1 1 1 1 1 1 1 1 1 1 1 1 1 0 1 1 1 2 1 1 1 1 1 1 1 1 2 1 1 1 1 1 1 1 0 1 1 1
M[155] : 1 2 2 2 3 3 2 3 2 2 4 3 3 3 2 3 2 2 3 2 3 2 3 3 3 3 2 3 3 4 3 3 2 2 3 3 3 2 3 2 3 2 2 3 3 3 2 3 3 3 3 2 0 3 3 2 1 4 1 3 3 3 3 3 2 3 3
M[156] : 2 2 3 1 1 2 2 1 1 2 2 1 1 1 2 3 2 3 1 2 1 3 2 1 2 1 2 3 2 1 1 2 2 1 1 1 2 1 1 2 2 1 1 1 2 2 2 3 2 3 2 1 2 2 1 2 2 2 2 2 2 0 1 1 2 2 1
M[157] : 3 2 3 2 1 3 2 2 2 2 2 3 2 2 2 3 2 3 3 2 2 3 2 2 4 2 2 3 3 3 2 3 3 2 1 2 2 3 2 2 3 0 1 3 3 2 3 4 3 3 3 1 3 3 3 3 2 3 2 3 2 2 2 2 2 3 2
M[158] : 2 1 1 2 2 1 1 2 1 1 1 2 1 2 2 1 2 1 2 2 2 0 1 1 1 2 1 1 2 1 1 1 1 1 2 2 1 1 1 2 1 1 2 1 1 1 1 1 1 1 1 1 1 1 2 1 2 1 1 1 1 1 2 0 1 2 1
M[159] : 2 2 2 3 2 3 2 3 3 2 4 4 3 3 1 3 3 3 3 3 4 2 3 2 4 3 2 3 3 3 3 4 3 3 3 3 2 3 3 2 2 4 3 3 3 4 2 3 1 3 2 3 2 0 3 3 2 4 3 3 3 3 2 2 4 2 3
M[160] : 3 2 3 3 3 3 2 3 2 2 4 4 3 3 2 4 2 3 3 3 3 2 3 3 4 3 0 3 3 3 3 3 3 3 3 3 2 3 3 2 3 3 3 3 4 3 3 3 3 3 3 3 2 2 3 4 2 4 3 3 3 3 3 2 3 3 2
M[161] : 3 2 2 2 1 1 2 2 1 2 2 2 2 1 2 1 2 1 2 1 2 1 1 2 2 3 2 1 2 2 2 2 1 1 2 3 1 2 2 1 2 2 2 1 1 1 1 2 1 2 2 0 1 1 2 1 2 2 2 1 1 2 1 2 2 2 2
M[162] : 2 2 1 3 2 1 3 2 1 2 0 2 3 2 3 2 2 2 2 3 2 1 2 3 1 2 2 3 2 1 2 2 2 2 2 3 1 1 1 3 1 2 3 1 2 3 1 1 3 3 3 2 1 2 3 1 2 2 2 1 2 2 2 3 2 2 1
M[163] : 2 2 3 2 3 3 1 3 2 2 3 2 3 3 2 3 2 2 2 2 3 2 3 3 2 2 2 2 1 3 3 3 2 3 2 2 2 2 3 2 3 2 2 2 3 2 2 3 3 3 2 2 1 3 3 2 2 3 1 3 2 3 3 2 0 3 3
M[164] : 1 1 1 2 2 2 1 1 1 1 2 2 2 1 1 2 1 2 1 1 1 2 2 0 2 1 2 1 1 2 2 1 1 2 1 1 2 1 2 1 1 2 1 2 2 2 2 2 2 1 1 1 1 2 1 2 1 1 1 2 1 2 2 1 1 1 2
M[165] : 1 2 2 2 3 2 2 3 2 3 2 2 3 3 2 3 0 2 2 2 2 2 3 3 2 2 2 3 2 2 3 3 2 3 2 3 2 1 3 2 2 2 2 2 3 2 2 3 3 3 3 2 1 3 3 2 1 2 1 3 2 3 3 3 1 2 2
M[166] : 1 2 2 1 0 1 1 2 1 2 2 2 1 2 1 2 2 1 1 2 2 2 1 2 2 3 1 1 1 1 1 2 1 2 1 2 1 1 2 1 2 2 2 1 2 2 1 1 1 1 1 2 1 1 1 2 0 1 2 1 1 1 1 2 1 1 2
M[167] : 3 3 2 3 2 3 3 3 3 1 4 4 3 3 3 0 3 3 4 3 4 2 3 3 3 3 2 3 3 2 3 4 3 3 3 4 2 3 3 1 2 4 3 3 3 3 2 3 2 3 2 3 2 2 3 3 2 4 3 3 3 3 3 2 3 3 3
M[168] : 2 2 2 3 3 3 2 3 2 3 3 3 3 3 3 3 3 2 4 3 3 2 3 3 2 3 2 3 3 1 3 3 2 2 3 3 1 2 3 2 3 2 2 3 3 3 1 3 3 3 3 3 1 3 3 1 1 2 0 3 2 3 3 3 2 3 2
M[169] : 0 0 1 2 2 1 0 1 0 1 1 1 1 1 1 2 1 1 1 1 1 1 1 1 1 1 0 1 1 0 1 1 1 1 1 1 1 0 1 1 1 0 0 0 1 1 1 1 1 1 1 0 1 1 1 2 1 1 0 1 1 1 2 1 1 2 1
M[170] : 3 2 3 2 1 2 2 1 1 2 1 2 2 1 2 3 1 3 2 1 1 3 2 1 3 1 2 2 2 2 1 2 2 1 1 1 1 2 1 2 1 2 1 2 1 2 2 2 2 2 2 1 3 2 2 2 3 2 1 2 2 1 1 1 3 2 0
M[171] : 3 2 3 2 1 2 2 1 1 2 1 2 2 1 2 3 1 3 2 1 1 3 2 1 2 1 2 2 2 2 1 2 2 1 1 1 0 2 1 2 1 2 1 2 1 2 2 2 2 2 2 1 3 2 2 1 2 2 1 2 1 1 1 1 2 2 2
M[172] : 1 2 1 1 1 2 2 1 1 1 2 1 1 1 2 2 1 2 1 1 1 2 1 1 2 1 2 1 1 1 1 1 2 1 1 1 1 1 1 1 2 1 1 1 2 2 2 3 2 0 2 1 1 2 1 2 1 1 1 1 2 1 1 0 2 2 1
M[173] : 2 2 2 3 3 2 2 3 2 2 2 3 3 2 3 3 2 2 3 2 2 2 3 3 2 3 2 3 2 1 3 2 2 0 3 3 1 1 2 3 2 2 3 2 2 3 1 3 3 3 3 2 1 3 3 1 2 2 1 2 2 2 3 3 2 3 2
M[174] : 3 2 4 2 1 3 2 0 2 2 3 3 2 3 2 3 2 3 3 2 2 3 2 1 4 2 2 3 3 3 2 3 3 2 1 1 2 3 3 2 3 1 1 3 3 3 3 4 3 3 3 1 3 2 3 3 3 3 2 3 2 2 2 1 3 3 2
M[175] : 3 3 3 2 1 2 2 2 2 2 2 2 2 2 2 3 3 3 2 2 2 3 2 1 3 0 3 3 2 3 2 3 3 3 1 2 2 3 3 2 2 2 1 2 1 3 2 2 2 2 2 2 3 2 2 2 3 2 3 2 2 3 2 2 3 2 3
M[176] : 1 1 1 1 0 1 1 1 1 2 1 2 1 1 0 1 1 1 1 2 1 1 1 1 1 3 1 1 1 1 1 1 0 1 1 0 0 1 1 0 1 2 1 1 1 1 0 1 0 1 1 1 1 1 1 1 1 1 1 1 0 1 1 1 1 1 1
M[177] : 3 3 3 2 1 2 2 2 2 2 2 2 2 1 2 3 0 3 2 2 1 3 2 1 3 1 3 2 2 2 1 2 2 2 1 1 1 3 2 2 2 2 1 2 1 3 1 2 2 2 2 1 3 2 2 2 3 2 2 2 2 2 2 1 3 2 3
M[178] : 3 2 2 3 1 1 2 3 2 2 2 2 2 2 2 1 2 1 2 2 3 2 1 2 2 3 2 1 2 2 2 3 2 2 2 3 2 2 3 1 3 3 2 0 2 1 2 2 1 1 1 2 2 1 1 2 2 2 3 1 2 2 1 2 2 1 3
M[179] : 1 1 1 1 1 1 2 1 1 2 2 2 1 1 0 1 2 1 2 2 1 1 2 1 2 1 1 1 1 1 2 1 1 2 2 1 1 1 1 2 1 2 2 2 2 2 1 1 1 2 1 2 0 1 2 2 2 1 2 1 1 1 1 1 1 1 1
M[180] : 1 1 2 1 1 1 1 1 1 2 1 2 1 1 1 1 2 1 1 2 1 1 1 2 1 3 0 1 1 1 1 2 1 1 2 1 0 1 1 1 1 2 2 1 1 1 1 1 1 1 1 1 1 1 1 1 1 1 1 1 0 1 1 2 1 1 1
M[181] : 1 2 2 1 1 2 2 1 1 1 1 2 1 1 2 2 1 3 1 1 1 3 1 1 2 1 2 1 2 1 1 1 2 1 1 1 1 1 1 2 1 1 1 1 1 2 2 2 2 2 2 1 2 2 1 2 1 1 1 2 2 1 1 1 0 2 1
M[182] : 2 1 1 2 1 2 2 1 1 2 2 1 1 1 2 1 2 1 2 2 2 1 2 3 2 1 2 2 2 2 2 1 1 2 0 2 1 1 2 2 2 2 2 2 2 2 1 1 2 2 2 2 1 1 2 2 2 2 2 2 1 2 1 2 2 2 1
M[183] : 2 1 1 2 1 2 2 2 2 2 2 1 1 1 2 1 2 1 2 2 2 1 2 3 2 1 2 2 2 2 2 2 1 2 1 2 1 2 2 2 2 2 0 2 2 2 1 1 2 2 2 1 0 1 2 1 3 2 1 1 1 2 1 3 2 2 2
M[184] : 2 2 3 1 2 3 2 2 2 2 2 2 2 2 2 3 2 1 2 2 2 3 0 2 2 2 2 2 2 3 3 2 1 3 2 2 3 2 3 3 3 1 1 2 3 1 2 3 3 3 2 1 2 3 2 3 2 2 2 2 2 3 2 2 2 3 3
M[185] : 1 1 1 1 1 2 0 1 1 0 1 1 1 1 1 2 1 1 1 1 1 1 2 1 1 1 1 1 1 2 2 1 1 2 1 1 1 0 0 1 1 0 1 1 2 1 1 1 1 1 1 1 1 2 1 2 0 1 1 1 1 1 2 1 1 1 1
M[186] : 2 2 2 3 3 2 3 3 2 2 3 3 3 2 3 2 2 2 3 3 2 2 3 3 0 2 2 3 2 1 3 2 2 2 3 3 1 1 1 3 2 3 3 2 3 3 1 3 3 3 3 3 1 2 3 1 2 2 2 2 2 2 3 3 2 3 1
M[187] : 2 1 1 2 2 1 2 1 1 2 1 2 1 2 2 2 2 1 2 3 2 1 1 1 1 2 1 1 1 1 2 1 1 1 2 1 1 1 1 2 1 2 2 1 2 2 1 1 1 0 1 2 1 1 2 1 2 1 1 1 1 1 2 1 1 1 1
M[188] : 1 2 1 2 2 2 1 2 2 1 2 2 2 1 1 2 1 2 2 1 1 2 2 2 2 1 2 1 1 2 3 1 1 2 1 1 2 1 2 1 1 2 1 2 2 2 2 2 0 1 1 2 1 2 1 2 2 1 1 2 1 2 2 1 1 2 2
M[189] : 3 2 3 2 1 2 2 1 1 2 2 2 2 0 2 3 2 3 2 2 1 3 2 1 3 1 2 3 2 2 1 1 2 1 1 1 1 3 1 2 3 2 1 2 2 2 2 3 2 2 2 1 3 2 2 2 3 3 2 2 2 1 1 1 2 2 2
M[190] : 2 2 1 3 2 1 3 2 1 2 2 2 2 2 3 2 2 1 2 3 2 1 2 2 2 2 2 3 2 1 2 2 1 2 2 3 1 1 1 3 1 2 3 2 2 3 1 1 2 3 3 2 1 2 3 2 2 0 2 2 2 1 2 3 2 3 1
M[191] : 3 3 3 2 1 2 2 2 2 2 2 2 2 1 2 2 1 3 2 0 2 3 2 1 3 1 3 2 2 2 1 2 2 2 1 2 1 3 2 2 2 2 1 2 1 3 1 2 2 2 2 1 3 2 2 2 3 2 2 2 2 3 2 2 3 2 3
M[192] : 2 2 2 1 1 1 2 1 1 1 2 1 1 1 2 2 1 2 1 2 1 2 1 1 2 1 2 2 1 2 2 2 2 1 1 1 2 1 1 1 2 1 1 1 2 2 2 2 3 2 1 1 2 2 1 2 1 2 1 1 2 1 1 0 2 0 2
M[193] : 2 2 2 2 2 2 2 3 2 2 2 3 2 2 1 2 3 2 2 3 3 2 1 2 3 3 2 2 1 2 3 3 3 3 2 2 2 3 3 2 3 3 2 3 3 3 2 2 1 1 2 2 2 1 2 2 2 3 3 0 2 3 2 2 3 1 3
M[194] : 2 2 2 1 1 1 2 1 1 0 2 1 1 2 2 2 2 2 1 2 1 2 1 2 2 1 2 2 2 2 2 2 2 1 1 1 2 1 1 2 2 1 1 1 2 2 2 3 3 2 3 1 2 3 2 2 2 2 2 1 2 2 1 2 2 3 2
M[195] : 2 2 2 3 3 1 2 3 0 2 2 2 3 2 3 2 2 2 2 2 2 2 2 3 1 2 2 2 2 1 1 2 2 1 3 3 1 1 2 3 2 2 3 1 1 3 1 2 3 3 3 2 1 2 3 1 2 2 1 1 2 2 3 3 2 2 2
M[196] : 1 1 1 1 0 1 1 1 1 2 2 2 1 1 1 1 2 1 1 2 2 1 1 2 2 2 1 1 1 1 1 1 1 1 1 2 1 1 1 1 2 2 2 1 2 1 1 1 1 1 1 1 1 1 1 2 1 1 2 1 1 1 1 2 1 1 0
M[197] : 2 2 2 3 3 3 3 3 2 2 2 3 3 2 3 3 2 2 3 2 2 2 3 3 2 3 2 3 2 0 2 2 2 1 3 3 1 1 2 3 2 3 3 3 2 3 1 3 3 3 3 3 1 2 3 1 2 2 1 2 2 2 3 3 2 3 2
M[198] : 2 1 1 2 1 1 1 2 1 2 2 2 2 1 2 1 2 1 2 1 2 1 1 2 2 2 2 1 2 1 1 2 1 1 1 2 1 2 2 2 2 2 2 1 0 1 1 2 1 2 2 1 1 1 2 1 2 2 1 1 1 2 1 2 2 2 2
M[199] : 1 2 2 2 2 2 1 2 2 2 2 2 3 1 2 3 1 2 2 1 1 2 2 3 2 1 2 2 1 2 3 0 2 2 2 2 2 1 3 2 2 2 2 2 3 2 2 2 3 1 2 2 1 3 2 2 2 2 1 2 2 3 2 2 1 2 2
M[200] : 1 1 0 2 2 1 1 1 1 1 1 2 1 2 2 1 2 1 2 0 1 0 1 1 1 2 1 1 1 1 1 1 1 1 2 1 1 1 1 1 1 1 2 1 1 1 1 1 1 1 1 1 0 1 2 1 2 1 1 1 1 1 2 1 1 1 1
M[201] : 3 2 3 1 1 2 2 1 1 2 2 2 1 1 2 3 2 3 0 2 1 3 2 1 2 2 2 3 3 3 1 2 2 2 1 1 3 2 1 2 3 1 1 1 2 2 2 3 3 3 2 1 3 3 3 3 2 2 2 2 2 2 1 1 2 3 2
M[202] : 3 2 3 2 2 3 2 3 2 3 2 3 2 2 2 2 3 2 2 3 3 2 2 2 3 3 3 2 2 3 2 3 3 3 1 2 2 3 3 2 3 3 1 2 2 3 2 0 2 2 2 2 3 2 2 2 2 2 3 2 2 3 2 2 3 1 3
M[203] : 3 3 2 3 3 3 3 4 2 2 4 4 3 3 3 2 3 3 4 3 3 2 3 3 3 3 2 3 3 3 3 4 3 3 3 3 2 3 3 0 3 3 3 3 3 3 2 3 2 3 3 3 2 2 3 3 2 4 3 3 3 2 3 2 4 3 3
M[204] : 2 2 2 2 1 1 2 3 1 2 2 2 2 2 2 1 2 1 2 2 3 2 1 2 0 3 2 1 1 1 2 3 2 1 2 3 1 2 2 1 3 3 2 1 2 1 2 2 1 1 1 2 2 1 1 2 2 2 2 1 2 2 1 2 2 1 3
M[205] : 1 2 0 1 0 1 0 2 1 2 2 1 1 1 1 2 2 1 1 1 2 1 1 2 2 2 2 1 1 1 2 2 1 2 1 2 1 2 2 2 2 1 1 1 1 2 1 1 2 1 2 2 1 1 1 2 1 2 2 1 1 1 0 2 2 1 2
M[206] : 2 2 2 3 3 2 3 3 2 2 3 3 3 2 3 2 2 2 3 3 2 2 3 3 2 3 2 3 2 1 3 2 2 2 3 3 1 1 0 3 2 3 3 2 3 3 1 3 3 3 3 3 1 2 3 2 2 3 2 2 2 2 3 3 2 3 1
M[207] : 2 1 1 2 1 1 1 2 1 2 2 2 2 1 2 1 2 0 2 1 2 1 1 3 2 2 2 1 2 2 2 2 1 1 1 2 1 2 2 2 2 0 2 1 1 1 1 2 1 2 2 1 1 1 2 1 2 2 1 1 1 2 1 2 2 2 2
M[208] : 1 2 1 1 1 2 2 1 1 1 1 1 1 1 2 2 1 3 1 1 1 2 1 1 2 1 1 1 1 1 1 1 2 1 1 1 1 1 1 1 1 1 1 1 1 2 2 2 1 1 2 1 0 1 1 2 1 1 1 1 1 1 1 0 1 2 1
M[209] : 1 1 1 1 0 1 1 1 1 2 1 2 1 1 0 1 1 1 1 2 1 1 1 1 1 3 1 1 1 1 1 1 0 1 1 1 0 1 1 0 1 2 1 1 1 1 0 1 0 1 1 1 1 1 1 1 1 1 1 1 0 0 1 1 1 1 1
M[210] : 2 2 2 2 3 1 2 2 1 2 2 1 3 2 3 2 2 2 1 2 2 2 2 3 1 1 2 2 2 2 2 2 2 2 0 2 1 1 2 3 2 1 1 1 1 2 1 2 3 2 2 1 1 3 2 1 2 2 1 1 2 2 3 3 2 2 2
M[211] : 1 1 2 2 2 1 2 2 1 1 2 1 3 1 0 2 2 2 1 2 2 2 1 3 1 1 2 2 2 2 2 2 2 2 1 2 1 1 2 2 2 1 1 1 1 2 1 2 3 2 2 1 1 2 2 1 2 2 1 1 2 2 1 3 1 2 2
M[212] : 2 2 3 2 2 2 2 2 2 2 3 2 2 2 2 3 2 2 2 2 2 3 2 2 2 2 2 1 1 3 3 2 2 3 2 2 2 2 3 2 3 2 2 2 3 2 2 3 2 3 2 2 1 3 2 2 2 3 1 2 0 3 2 2 2 3 3
M[213] : 2 2 2 2 2 1 2 3 2 2 2 3 2 2 1 2 2 2 2 2 3 2 1 2 2 3 3 2 0 1 2 3 2 2 2 2 2 3 2 2 3 3 2 2 2 3 2 1 1 1 2 2 2 1 2 2 2 2 3 1 1 3 2 2 2 1 3
M[214] : 3 2 2 4 3 3 3 3 2 3 4 3 3 3 3 3 3 2 4 4 3 2 3 3 3 3 2 3 3 2 3 3 2 3 3 3 1 2 3 2 3 3 3 3 3 3 1 3 3 3 3 3 1 2 3 2 0 3 2 3 2 3 3 3 2 3 2
M[215] : 1 2 2 1 1 2 1 1 1 1 1 2 1 1 2 2 1 3 1 1 1 2 1 0 2 1 0 1 2 1 1 1 1 1 1 1 1 1 1 1 1 1 1 1 1 2 2 2 1 1 2 1 2 1 1 2 1 1 1 1 1 1 1 0 1 2 1
M[216] : 1 2 2 1 0 1 1 1 1 2 2 2 1 1 1 1 2 1 1 2 2 1 1 2 2 3 1 1 1 1 1 0 1 1 1 2 1 1 1 1 2 2 2 1 2 1 1 1 1 1 1 2 1 1 1 2 1 1 2 1 1 1 1 2 1 1 2
M[217] : 0 2 1 1 1 1 2 1 1 1 2 1 1 1 2 2 1 2 1 1 1 2 1 1 2 1 2 1 1 1 1 1 2 1 1 1 1 1 1 1 2 1 1 1 2 2 2 3 1 1 1 1 1 1 1 2 1 1 1 1 2 1 1 0 2 2 1
M[218] : 1 1 1 1 0 1 1 1 0 2 1 2 1 1 0 1 2 1 1 2 1 1 1 1 1 3 1 1 1 1 1 1 1 1 0 1 0 1 1 0 1 2 1 1 1 1 1 1 0 1 1 1 1 1 1 1 1 1 1 1 0 1 1 2 1 1 1
M[219] : 2 2 2 2 1 1 1 2 1 2 2 2 2 1 2 1 1 1 2 1 2 1 1 2 2 3 2 1 2 1 1 2 1 1 2 3 1 2 2 1 2 2 2 1 1 1 1 2 1 1 2 1 1 1 1 1 2 2 0 1 1 2 1 2 2 2 2
M[220] : 2 3 2 2 1 2 2 2 2 2 1 2 2 1 2 2 1 3 2 1 1 3 1 1 2 1 3 2 2 2 1 2 0 1 1 1 1 2 2 2 1 2 1 2 1 1 1 2 2 2 2 1 2 2 2 1 1 2 1 2 1 1 1 1 2 2 2
M[221] : 1 2 2 1 0 1 1 2 2 2 2 0 2 1 1 2 2 1 2 2 2 2 1 2 2 2 3 1 1 1 2 2 1 2 1 2 1 2 2 2 2 3 1 1 2 2 1 1 2 1 2 2 1 1 1 2 1 2 2 1 1 1 1 2 2 1 2
M[222] : 2 2 2 3 3 0 2 3 2 2 2 3 3 2 3 3 2 2 2 2 2 2 3 3 2 2 2 3 2 1 3 2 2 1 3 3 1 1 2 3 2 2 3 2 2 3 1 3 3 3 3 2 1 3 3 1 2 2 1 2 2 2 3 3 2 3 2
M[223] : 2 2 2 2 2 0 2 3 2 2 2 3 2 2 1 2 2 2 2 3 3 2 2 2 3 3 3 2 2 3 2 3 3 2 2 2 2 3 3 2 3 3 2 2 2 3 2 1 2 2 2 2 3 2 2 2 2 2 3 2 1 3 2 2 3 1 3
M[224] : 1 1 1 0 1 1 1 1 1 1 1 1 0 1 1 2 1 2 1 1 1 1 1 0 2 1 1 1 1 1 1 1 1 1 0 0 1 1 1 1 1 1 0 1 1 1 2 0 1 1 1 1 1 1 1 2 1 1 1 1 1 1 1 0 1 1 1
M[225] : 1 2 1 1 1 2 1 1 1 1 1 1 1 1 2 2 1 3 1 1 1 2 1 1 2 1 1 1 1 1 1 1 2 1 1 1 1 1 1 1 1 1 1 1 1 2 2 2 1 1 2 1 1 0 1 2 1 1 1 1 1 1 1 0 1 2 1
M[226] : 3 2 2 3 2 2 2 3 3 2 3 4 3 3 2 2 3 2 4 3 3 2 3 2 3 4 2 2 2 2 3 3 3 3 2 3 2 3 3 1 3 4 3 3 3 3 2 2 1 0 2 3 2 1 3 3 2 3 3 3 3 3 2 2 4 2 3
M[227] : 2 2 3 2 1 2 2 2 1 2 1 2 2 1 2 2 1 3 2 1 1 3 2 1 2 1 2 2 2 2 1 2 1 1 1 1 1 2 2 2 1 2 1 2 1 2 1 2 2 2 2 1 2 2 2 1 2 2 0 2 1 1 1 1 2 2 2
M[228] : 1 2 2 1 0 1 0 2 2 2 2 1 2 1 1 2 2 0 2 1 2 2 1 2 2 2 3 2 2 1 2 2 1 2 1 2 1 2 2 2 2 2 1 1 2 2 1 1 2 1 2 2 2 2 2 2 1 2 2 1 1 2 1 2 2 1 2
M[229] : 0 2 2 1 1 1 2 2 2 2 2 2 2 2 1 2 2 1 2 2 2 2 1 2 2 3 2 1 1 1 2 3 1 2 1 2 1 2 2 1 3 3 2 1 2 2 1 1 1 1 2 2 1 1 1 2 2 2 2 1 1 2 1 2 1 1 3
M[230] : 1 2 2 2 3 3 2 3 2 3 2 2 3 3 2 3 2 2 2 0 3 2 3 3 2 2 2 3 2 2 3 3 2 3 2 3 2 2 3 2 3 2 2 2 3 2 2 3 3 3 3 2 1 3 3 2 1 2 1 3 2 3 3 3 1 3 2
M[231] : 2 1 2 3 2 1 2 2 1 2 2 1 3 2 2 2 2 2 2 2 2 2 1 3 1 1 2 2 2 1 2 2 2 2 1 2 1 1 2 3 2 1 1 1 1 2 1 2 3 2 2 1 1 0 2 1 2 2 1 1 2 2 2 3 2 2 2
M[232] : 3 2 3 2 1 2 2 1 1 2 0 2 2 1 2 3 1 3 2 1 1 3 2 1 3 1 2 2 2 2 1 2 2 1 1 1 1 2 2 2 1 2 1 2 1 2 2 2 2 2 2 1 3 2 2 2 3 2 2 2 2 1 1 1 3 2 2
M[233] : 1 2 1 1 1 1 0 1 1 1 2 1 1 1 1 2 1 2 1 1 1 1 1 0 2 1 1 1 1 1 1 1 2 1 1 1 1 1 1 1 2 1 1 1 2 2 2 2 1 1 1 1 1 1 1 2 1 1 1 1 2 1 1 0 1 1 1
M[234] : 3 2 2 2 1 2 2 3 2 2 2 2 3 1 2 1 2 1 2 2 2 1 1 3 2 3 2 1 2 2 2 2 1 2 2 3 1 2 2 1 2 2 2 2 3 0 1 2 1 2 2 2 2 1 1 1 2 2 2 2 1 2 1 2 2 2 2
M[235] : 2 2 2 3 2 1 2 2 1 2 2 1 3 2 3 2 2 2 2 2 2 2 1 3 1 2 2 2 2 1 1 2 2 1 2 2 1 1 2 3 2 1 0 1 1 2 1 2 3 3 3 1 1 2 2 1 2 2 1 1 2 2 3 3 2 2 2
M[236] : 2 2 2 3 3 2 3 3 2 2 3 3 3 2 3 2 2 2 4 3 2 2 3 3 3 3 2 3 3 1 3 2 2 2 3 3 0 1 1 3 2 3 3 3 3 3 1 3 3 3 3 3 1 2 3 2 2 3 2 2 2 2 3 3 2 3 1
M[237] : 3 2 3 1 1 2 2 1 1 2 2 2 2 1 2 3 1 3 1 1 1 3 2 1 2 1 2 2 2 2 1 1 2 1 1 1 1 1 1 2 2 1 1 1 1 2 2 3 2 2 2 1 3 2 1 2 1 0 1 2 2 1 1 1 2 2 1
M[238] : 2 2 3 1 0 3 2 2 2 2 2 2 1 2 2 3 2 1 2 2 2 4 2 2 3 2 2 3 3 3 3 3 3 2 2 2 3 2 2 2 3 1 1 2 3 2 3 4 3 3 3 1 2 3 3 3 2 2 2 3 2 3 1 2 2 3 3
M[239] : 1 2 2 2 2 2 2 0 1 0 2 1 3 1 1 2 1 2 1 1 1 2 2 3 2 1 2 2 1 2 2 1 2 2 1 1 2 1 2 2 2 2 1 1 2 2 2 2 3 1 1 1 1 2 1 2 1 2 1 1 2 2 2 2 1 1 2
M[240] : 3 2 1 2 1 2 3 2 2 2 2 1 1 1 2 1 2 1 2 2 2 1 2 3 2 0 2 2 2 2 2 2 1 2 1 2 1 2 2 2 2 2 3 2 2 2 1 2 2 2 2 2 1 1 2 2 3 2 2 2 1 2 1 3 2 2 1
M[241] : 2 1 3 2 2 3 2 2 2 2 3 2 2 2 3 3 2 1 2 2 2 3 2 2 2 2 1 2 1 3 3 2 0 3 2 2 3 2 3 3 3 2 2 2 3 1 2 3 2 3 2 2 2 4 2 2 2 2 1 3 2 3 2 2 2 3 3
M[242] : 3 0 4 2 2 3 3 3 2 2 4 4 2 3 2 3 2 2 3 2 3 3 3 1 4 3 2 3 3 3 3 4 3 3 2 2 2 3 3 2 3 3 2 3 3 3 3 3 3 3 3 3 3 2 3 4 3 4 3 3 3 2 2 2 3 3 2
M[243] : 3 2 2 2 1 1 2 2 1 2 2 2 2 1 2 1 2 1 2 2 2 1 1 2 2 3 2 1 2 1 1 2 1 0 2 3 1 2 2 1 2 2 2 1 1 1 1 2 1 1 2 2 1 1 1 1 2 2 1 1 1 2 1 2 2 2 2
M[244] : 3 2 3 2 1 3 2 1 1 2 3 2 2 1 2 3 2 3 2 2 1 3 2 1 4 1 2 3 2 3 1 4 2 2 1 1 2 3 3 2 3 2 1 3 0 3 3 3 2 3 2 1 3 2 3 3 3 3 2 2 2 2 2 1 3 3 3
M[245] : 2 2 2 3 3 1 3 3 2 2 2 3 3 2 3 3 2 2 2 2 2 2 3 3 2 2 2 3 2 1 2 2 2 1 3 3 1 1 2 3 2 2 3 0 2 3 1 2 3 3 3 2 1 2 3 1 2 2 1 2 2 2 3 3 2 3 2
M[246] : 2 2 1 3 2 1 3 2 1 2 2 2 2 2 3 2 2 1 3 3 2 1 2 2 2 2 2 3 2 1 2 2 1 2 2 3 1 1 1 3 1 2 3 2 2 2 1 1 2 3 3 2 1 2 3 2 2 2 2 2 0 1 2 3 2 3 1
M[247] : 3 2 1 4 3 2 3 3 2 2 3 3 2 2 3 2 4 2 4 4 2 1 3 3 2 3 2 3 3 2 3 2 2 2 3 3 1 1 3 3 1 3 3 3 3 3 1 3 3 3 3 3 1 2 3 2 2 3 2 2 2 0 3 3 3 3 1
M[248] : 3 2 2 3 2 2 2 3 2 2 3 3 2 2 2 2 3 2 3 3 3 2 0 2 3 3 2 1 2 2 3 3 2 3 2 3 2 3 3 1 3 3 2 3 3 3 2 2 1 1 1 2 2 1 2 3 2 3 3 2 2 3 2 2 3 1 3
M[249] : 1 2 1 1 1 1 1 1 1 1 2 1 1 1 1 2 1 2 1 1 1 0 1 0 2 1 1 1 1 1 1 1 2 1 1 1 1 1 1 1 2 1 1 1 2 2 2 2 1 1 1 1 1 1 1 2 1 1 1 1 2 1 1 0 1 1 1

