 Execution de l'algoritme BITS sur le fichier r250.5.col.txt
=====================================================================
 Partitions  : 
Vk[0] : 122 98 234 165 -->  4 éléments.
Vk[1] : 151 72 228 -->  3 éléments.
Vk[2] : 172 22 206 37 -->  4 éléments.
Vk[3] : 227 9 180 186 -->  4 éléments.
Vk[4] : 139 194 21 118 -->  4 éléments.
Vk[5] : 40 33 174 -->  3 éléments.
Vk[6] : 218 75 158 45 -->  4 éléments.
Vk[7] : 209 214 105 -->  3 éléments.
Vk[8] : 170 144 247 146 -->  4 éléments.
Vk[9] : 215 229 77 24 -->  4 éléments.
Vk[10] : 5 224 101 132 -->  4 éléments.
Vk[11] : 112 140 0 -->  3 éléments.
Vk[12] : 133 26 74 226 -->  4 éléments.
Vk[13] : 1 235 157 100 -->  4 éléments.
Vk[14] : 63 217 159 187 -->  4 éléments.
Vk[15] : 6 141 149 86 -->  4 éléments.
Vk[16] : 66 41 142 -->  3 éléments.
Vk[17] : 16 12 195 71 -->  4 éléments.
Vk[18] : 25 50 78 94 -->  4 éléments.
Vk[19] : 126 35 80 169 -->  4 éléments.
Vk[20] : 237 178 230 200 -->  4 éléments.
Vk[21] : 36 111 124 29 -->  4 éléments.
Vk[22] : 161 67 153 18 -->  4 éléments.
Vk[23] : 28 89 244 -->  3 éléments.
Vk[24] : 202 96 49 -->  3 éléments.
Vk[25] : 17 104 192 210 -->  4 éléments.
Vk[26] : 31 7 88 -->  3 éléments.
Vk[27] : 83 34 150 -->  3 éléments.
Vk[28] : 191 131 4 106 -->  4 éléments.
Vk[29] : 246 11 65 137 -->  4 éléments.
Vk[30] : 128 13 216 188 -->  4 éléments.
Vk[31] : 93 189 145 -->  3 éléments.
Vk[32] : 223 109 222 -->  3 éléments.
Vk[33] : 58 47 225 203 -->  4 éléments.
Vk[34] : 163 207 220 70 -->  4 éléments.
Vk[35] : 233 32 164 79 -->  4 éléments.
Vk[36] : 219 201 245 -->  3 éléments.
Vk[37] : 248 113 42 -->  3 éléments.
Vk[38] : 179 81 51 166 -->  4 éléments.
Vk[39] : 154 241 130 148 -->  4 éléments.
Vk[40] : 177 176 236 20 -->  4 éléments.
Vk[41] : 117 82 129 211 -->  4 éléments.
Vk[42] : 127 199 23 115 -->  4 éléments.
Vk[43] : 183 134 69 2 -->  4 éléments.
Vk[44] : 181 243 155 147 -->  4 éléments.
Vk[45] : 208 56 92 30 -->  4 éléments.
Vk[46] : 73 143 8 10 -->  4 éléments.
Vk[47] : 221 57 44 185 -->  4 éléments.
Vk[48] : 52 249 99 55 -->  4 éléments.
Vk[49] : 231 136 242 182 -->  4 éléments.
Vk[50] : 238 152 121 116 -->  4 éléments.
Vk[51] : 59 38 48 84 -->  4 éléments.
Vk[52] : 60 76 119 -->  3 éléments.
Vk[53] : 46 19 27 -->  3 éléments.
Vk[54] : 103 90 173 232 -->  4 éléments.
Vk[55] : 114 62 168 198 -->  4 éléments.
Vk[56] : 175 64 43 -->  3 éléments.
Vk[57] : 184 213 138 -->  3 éléments.
Vk[58] : 15 125 107 196 -->  4 éléments.
Vk[59] : 108 162 87 135 -->  4 éléments.
Vk[60] : 53 91 123 212 -->  4 éléments.
Vk[61] : 95 171 190 120 -->  4 éléments.
Vk[62] : 193 85 97 -->  3 éléments.
Vk[63] : 239 39 167 14 -->  4 éléments.
Vk[64] : 3 68 160 205 -->  4 éléments.
Vk[65] : 204 156 110 197 -->  4 éléments.
Vk[66] : 54 61 240 102 -->  4 éléments.
Matrice M
M[0] : 4 2 3 3 3 2 2 2 2 3 1 0 3 2 2 2 1 3 4 2 3 2 2 3 2 2 2 3 3 4 3 3 3 2 2 2 3 3 2 3 2 3 3 2 3 2 3 3 3 1 2 3 3 1 2 3 2 3 3 4 3 3 3 2 3 3 3
M[1] : 1 0 2 2 1 1 3 2 2 3 2 1 2 0 2 2 3 2 2 2 2 2 2 1 2 2 1 1 2 2 2 1 2 2 2 2 2 1 3 2 2 1 2 2 3 2 1 1 2 3 2 2 2 2 2 2 2 2 2 2 2 2 1 2 1 2 2
M[2] : 2 1 1 2 2 1 2 2 2 2 1 1 1 3 1 2 2 2 2 2 2 2 2 1 1 1 1 2 2 2 1 2 1 1 2 1 2 1 1 1 2 2 2 0 2 2 2 1 1 2 1 2 1 1 2 2 2 1 2 2 2 2 1 1 2 1 1
M[3] : 2 1 1 2 2 1 1 1 1 1 1 1 1 1 1 1 1 1 1 1 1 1 2 1 1 1 1 1 1 2 1 1 1 1 1 1 1 1 0 2 1 2 1 1 1 1 2 1 2 1 1 1 1 1 1 2 1 1 1 1 1 1 1 1 0 1 1
M[4] : 2 2 1 1 2 3 2 1 2 2 3 3 3 3 3 3 2 3 2 1 3 2 3 3 3 3 3 2 0 2 2 2 2 2 3 3 2 2 3 3 1 2 2 3 3 2 3 1 3 3 4 3 3 2 1 2 3 3 3 3 3 2 2 3 2 2 2
M[5] : 3 3 3 4 3 3 2 2 2 2 0 3 3 4 3 3 2 3 4 3 3 2 2 3 3 3 2 3 3 3 4 3 2 2 3 2 3 3 2 3 2 4 3 4 3 2 2 3 2 3 3 3 3 2 3 3 3 3 4 4 4 4 3 2 2 3 4
M[6] : 1 0 2 2 1 1 2 2 2 2 2 1 1 2 2 0 1 1 2 2 1 1 1 1 2 2 1 1 2 2 2 1 1 2 1 2 1 1 2 1 2 1 2 2 2 2 1 2 2 2 2 2 1 0 1 1 1 2 2 2 2 2 1 1 1 1 2
M[7] : 1 2 2 1 2 1 2 1 2 1 1 1 2 1 2 2 1 2 2 2 2 2 1 1 2 1 0 1 2 2 2 1 1 1 2 2 1 1 2 2 2 1 1 1 2 1 2 2 1 1 1 1 1 2 1 1 1 1 2 2 2 2 1 2 2 2 1
M[8] : 3 2 3 3 3 3 2 2 3 2 2 2 3 2 3 2 2 3 3 3 3 3 1 3 2 3 2 3 3 4 3 2 3 3 2 3 2 3 2 2 3 4 3 2 2 2 0 2 3 2 2 3 3 3 3 3 2 3 3 3 2 3 3 3 2 2 2
M[9] : 2 1 2 0 3 2 2 2 2 2 3 2 2 1 3 2 1 2 2 2 2 3 1 2 1 2 1 2 2 2 2 2 2 3 1 3 2 2 2 2 3 2 2 1 2 2 1 3 3 1 1 2 1 2 3 2 2 1 2 1 2 2 2 3 2 3 2
M[10] : 1 1 2 1 2 2 2 1 2 1 1 2 2 1 2 2 1 2 2 2 2 1 1 1 2 1 2 1 2 2 2 1 1 2 2 2 1 1 2 2 2 1 2 1 2 1 0 2 1 1 2 2 1 2 1 1 1 1 2 2 2 2 1 2 2 2 1
M[11] : 3 2 3 3 3 2 2 2 3 2 2 2 3 2 3 2 2 3 2 3 2 3 1 2 2 3 2 3 3 0 3 2 3 3 1 3 2 3 2 2 3 3 3 2 2 3 2 3 3 2 2 3 2 3 3 2 2 3 3 2 2 3 3 2 2 3 2
M[12] : 3 2 3 3 3 1 2 2 2 3 2 1 3 1 3 2 1 0 2 2 3 2 2 2 2 2 1 3 3 3 3 2 3 2 2 2 2 3 1 3 2 3 3 2 2 2 3 3 3 1 2 3 2 2 3 3 2 2 1 2 2 2 3 2 3 3 2
M[13] : 2 2 2 1 1 3 2 1 1 3 3 3 3 3 3 4 2 3 4 1 3 2 3 3 3 3 3 3 3 3 0 3 2 2 3 2 3 2 2 3 2 2 3 3 3 2 3 1 3 3 4 3 3 2 2 2 3 3 3 2 3 2 2 3 2 2 3
M[14] : 2 2 1 2 2 1 1 1 1 1 1 1 1 1 1 1 1 1 1 1 1 1 2 1 1 1 1 1 1 1 1 1 2 1 1 2 1 1 0 1 1 2 1 1 1 1 2 1 2 1 1 1 1 1 1 2 1 1 1 1 1 1 1 0 1 1 1
M[15] : 1 2 2 2 3 1 1 1 2 1 2 1 2 2 1 1 1 2 1 2 1 2 2 1 1 1 1 1 2 2 2 1 2 2 2 2 1 1 2 2 2 2 1 2 1 2 2 3 1 2 2 1 2 2 2 2 1 2 0 2 1 2 2 1 2 2 1
M[16] : 2 1 1 2 2 2 2 2 2 1 1 1 1 2 1 1 2 0 2 2 1 1 2 2 1 2 2 1 3 1 2 1 1 1 2 1 1 1 2 1 2 1 3 2 1 2 1 2 2 3 1 1 1 1 2 1 2 1 2 1 2 1 1 1 2 1 2
M[17] : 1 1 1 1 1 1 2 1 1 1 1 1 2 2 2 2 1 2 1 1 2 2 2 1 1 0 1 1 1 1 1 2 1 2 2 1 2 2 1 2 1 1 1 2 2 1 0 1 1 2 2 2 2 1 2 2 2 1 1 2 2 1 1 2 1 2 2
M[18] : 2 0 1 1 2 1 1 1 1 1 1 0 1 1 1 1 0 1 1 1 1 1 0 1 0 1 0 1 1 1 1 1 1 1 1 1 1 1 0 1 1 1 1 0 1 1 1 1 1 0 0 1 1 0 1 2 1 0 1 1 1 1 1 1 1 1 1
M[19] : 2 1 2 2 2 2 1 1 1 1 1 1 1 2 1 1 1 3 1 1 1 1 1 1 1 2 2 1 1 1 2 1 2 1 1 1 2 2 2 1 2 2 1 2 1 1 2 3 1 2 2 1 2 0 2 2 1 1 2 1 1 1 2 1 1 3 2
M[20] : 2 1 1 1 2 1 0 0 1 1 1 1 1 1 1 1 1 2 1 1 1 1 1 1 1 2 1 1 1 1 1 1 2 1 1 1 1 1 2 1 0 2 1 2 1 1 2 2 1 1 2 1 2 1 2 2 1 1 1 1 1 1 2 1 0 2 2
M[21] : 3 3 2 4 0 3 2 2 2 3 3 3 3 3 3 3 2 3 4 2 3 2 3 3 3 3 3 3 4 3 3 3 2 1 3 2 3 2 3 3 2 2 3 4 3 2 3 3 3 3 4 3 3 2 3 2 3 3 3 3 4 4 3 3 2 3 4
M[22] : 2 1 0 2 2 1 2 2 2 1 1 1 1 3 1 2 2 2 2 3 1 1 2 2 1 1 1 2 2 1 2 2 1 1 2 1 1 1 1 1 2 2 3 2 1 2 1 1 1 2 1 1 1 1 2 2 2 1 1 2 2 2 1 1 2 1 2
M[23] : 2 2 2 2 3 1 2 2 1 3 2 1 2 2 2 1 1 2 2 2 3 2 2 1 2 2 1 1 2 3 3 1 2 2 2 2 1 2 2 3 1 3 0 2 2 2 3 3 2 1 2 2 2 1 1 3 1 2 2 2 2 2 2 2 3 2 2
M[24] : 2 2 2 2 3 3 2 2 3 0 2 3 3 3 3 2 2 3 3 2 3 3 3 3 3 3 3 3 3 3 3 3 3 2 2 3 2 3 2 3 3 3 3 2 2 2 3 3 3 3 3 3 3 3 3 2 2 3 3 3 2 3 3 2 2 3 3
M[25] : 3 2 2 2 3 1 2 2 1 3 2 1 3 2 2 1 1 1 0 2 3 2 2 1 2 2 1 1 2 3 2 1 2 2 2 2 1 2 2 3 1 3 1 2 2 2 3 3 2 1 2 2 2 1 2 3 1 2 1 2 2 2 2 2 3 1 2
M[26] : 2 2 1 2 2 1 1 1 1 1 2 1 0 1 2 1 1 1 1 1 1 2 2 1 1 2 1 1 1 2 1 1 2 1 1 2 1 1 1 2 1 2 1 1 1 2 2 1 2 1 1 1 1 1 1 2 1 2 1 1 1 1 2 1 2 1 1
M[27] : 4 2 3 4 3 2 2 2 2 3 1 1 3 3 2 2 1 3 4 3 3 2 2 3 2 2 2 3 3 3 3 3 3 2 2 2 3 3 2 3 2 3 3 2 3 2 3 3 3 1 2 3 3 0 2 3 2 3 3 3 3 3 3 2 3 3 2
M[28] : 2 1 2 2 1 2 3 2 2 3 2 2 2 2 2 2 2 2 2 2 3 2 3 0 2 3 2 1 2 2 2 2 2 2 3 2 2 2 3 2 2 1 2 2 3 3 2 1 3 3 2 3 2 2 2 2 3 2 2 2 2 2 2 2 1 2 3
M[29] : 3 3 2 4 3 3 2 2 2 3 2 3 4 4 2 3 2 3 4 3 3 0 3 3 3 3 2 3 4 3 3 3 2 1 3 2 3 3 2 3 2 4 3 4 3 2 2 3 3 3 3 3 3 2 3 3 3 3 3 4 4 4 3 1 2 3 4
M[30] : 1 1 1 1 1 0 1 1 1 1 0 0 1 2 0 1 1 1 1 1 1 0 1 1 1 1 0 1 1 1 1 1 1 0 1 0 1 1 1 1 1 1 1 2 1 0 1 1 1 2 1 1 1 0 1 1 1 1 1 1 1 1 1 0 1 1 2
M[31] : 2 1 1 1 1 1 2 1 1 2 2 2 2 2 2 3 2 2 2 1 3 2 3 2 2 3 0 2 2 1 1 2 2 2 3 2 2 2 2 2 1 2 1 2 3 2 2 1 3 3 3 3 2 2 2 2 2 2 1 2 2 1 2 2 2 2 2
M[32] : 3 3 3 4 3 3 2 2 2 3 1 2 3 4 3 3 2 3 4 3 3 2 2 3 2 3 2 3 3 4 3 3 2 2 3 0 3 3 2 2 2 3 3 4 3 2 3 3 2 2 2 3 3 2 3 4 3 3 3 4 3 4 3 2 2 3 4
M[33] : 1 2 2 2 2 0 2 1 2 1 2 1 2 2 1 1 1 2 2 2 1 3 2 1 1 1 2 1 2 2 2 1 1 2 2 3 1 1 2 2 2 3 2 2 1 2 2 2 1 2 2 1 2 2 2 1 1 2 2 2 2 2 2 3 2 2 1
M[34] : 1 2 2 2 3 2 2 1 2 1 2 2 2 2 2 1 2 3 2 2 1 3 2 1 1 2 3 0 2 2 2 1 2 2 2 3 2 1 2 2 2 3 2 2 1 2 2 3 1 2 2 1 2 3 2 2 1 2 3 2 2 2 2 3 2 2 2
M[35] : 2 1 1 2 1 0 1 1 1 1 1 0 1 2 1 1 2 1 1 0 1 1 1 1 1 1 0 1 2 1 1 1 1 1 2 1 1 1 1 1 2 1 2 2 1 2 1 1 1 1 1 1 1 1 1 1 2 1 1 1 1 1 1 1 1 1 2
M[36] : 2 2 1 2 2 1 1 1 1 1 2 1 1 1 2 1 1 1 1 1 1 0 2 1 1 2 1 1 1 2 1 1 2 1 1 2 1 1 0 2 1 2 1 2 1 2 2 2 2 1 1 1 1 1 1 2 1 2 1 1 1 1 2 1 2 1 1
M[37] : 2 1 0 1 2 1 0 0 1 1 1 1 1 0 1 1 0 1 1 1 1 1 0 1 1 2 1 1 1 1 1 1 2 1 1 1 0 1 1 1 1 2 1 1 1 0 2 2 1 1 2 1 0 1 2 2 1 1 1 1 1 1 2 1 0 1 1
M[38] : 0 1 1 1 0 1 1 0 1 1 1 1 1 2 1 2 1 1 1 1 1 1 1 1 1 2 1 1 1 1 1 1 1 1 2 1 1 0 1 1 1 0 1 2 1 1 1 1 1 2 1 0 1 1 1 1 2 1 1 1 1 1 1 1 1 1 2
M[39] : 1 1 1 1 1 2 1 1 1 1 2 2 1 2 1 2 1 1 1 1 2 1 1 2 1 2 2 2 1 1 1 1 1 1 1 1 1 1 1 1 1 1 1 2 1 1 1 1 2 2 2 2 1 1 1 1 1 1 1 1 1 1 1 0 1 1 2
M[40] : 2 1 1 2 1 0 2 1 1 3 2 2 2 2 2 3 2 2 2 1 3 2 3 2 2 3 2 1 2 2 1 2 2 2 3 2 2 2 2 2 1 2 1 2 3 2 3 1 3 3 3 3 2 2 2 2 2 2 1 2 2 1 2 2 2 2 2
M[41] : 4 2 3 4 3 2 2 2 2 3 1 1 3 3 2 2 0 3 4 3 3 2 2 3 2 2 2 3 3 4 3 3 3 2 3 2 3 3 2 2 2 3 3 2 3 2 3 3 3 1 2 3 3 1 3 4 3 3 3 4 3 4 3 2 3 3 4
M[42] : 1 2 2 2 2 3 2 1 2 1 3 3 3 2 3 2 2 3 2 2 2 3 2 2 2 3 3 2 2 2 2 1 1 2 2 3 1 0 3 2 2 3 2 2 2 2 2 2 2 2 3 1 2 3 2 1 1 2 3 2 2 2 2 3 2 2 2
M[43] : 2 2 2 2 2 3 2 1 2 2 3 3 3 3 3 2 2 3 2 1 2 2 2 2 2 3 3 2 2 2 2 1 1 3 2 3 1 2 3 3 2 3 2 3 2 2 2 2 3 3 3 3 2 3 1 1 0 2 3 2 2 2 2 3 2 1 2
M[44] : 2 2 1 2 2 3 2 1 2 2 3 3 3 3 3 4 2 3 3 1 3 2 3 3 3 3 3 3 3 3 3 3 2 2 3 3 3 2 3 3 2 3 3 3 3 2 3 0 3 3 4 3 3 3 1 2 3 3 3 3 3 2 3 3 2 2 3
M[45] : 2 1 1 2 2 1 0 1 1 1 2 1 2 1 1 1 1 1 1 1 1 1 2 1 1 2 1 1 2 2 1 1 1 1 2 2 1 1 1 2 1 2 1 1 1 2 2 1 2 1 1 1 1 1 2 2 1 1 1 2 2 2 1 1 2 1 1
M[46] : 1 2 1 1 2 2 2 1 2 2 3 2 3 2 3 2 1 1 2 1 2 2 2 2 2 3 2 2 1 2 2 1 1 3 2 3 1 1 3 2 1 2 2 2 2 2 2 1 2 3 2 2 1 0 1 1 1 1 2 1 2 2 1 3 2 1 2
M[47] : 0 1 1 1 0 1 1 0 1 1 1 1 1 2 1 2 1 1 1 1 1 1 2 1 1 2 1 1 1 1 1 1 1 0 2 1 1 0 1 1 1 1 1 2 1 1 1 1 1 2 1 1 1 1 1 1 2 1 1 1 1 1 1 1 1 1 2
M[48] : 2 2 1 2 3 1 2 2 1 3 2 1 3 1 2 1 1 1 1 1 2 2 2 1 2 2 1 1 2 3 1 1 2 2 2 2 1 2 1 3 1 3 1 2 2 2 2 2 2 1 1 0 1 1 2 3 1 2 1 2 2 2 2 2 3 1 1
M[49] : 2 1 1 1 1 1 2 1 1 2 2 2 2 2 2 3 1 1 1 1 3 2 2 2 0 3 2 1 1 1 1 2 1 2 2 1 2 2 2 2 1 2 1 2 3 2 1 1 2 2 2 3 1 1 1 2 2 1 1 2 2 1 1 2 2 1 2
M[50] : 2 1 1 2 2 2 2 2 3 1 1 1 1 2 1 2 2 1 0 3 1 1 2 2 1 1 2 1 2 1 2 1 1 1 2 1 1 1 1 1 2 1 3 2 1 2 1 1 1 3 1 1 1 1 2 2 2 1 2 1 2 2 1 1 2 1 2
M[51] : 1 2 2 2 1 1 0 1 1 1 1 1 1 1 1 1 1 2 1 1 1 1 1 1 1 1 1 1 2 1 1 1 1 1 1 1 1 1 0 2 2 2 1 1 1 1 2 2 1 1 1 1 1 2 2 1 1 1 1 2 1 1 1 1 1 2 1
M[52] : 3 2 3 4 3 2 3 3 3 3 1 1 2 3 2 2 2 2 3 3 3 2 2 2 2 1 2 2 3 4 3 3 2 2 3 1 3 2 2 2 3 2 3 3 3 3 3 3 0 3 2 2 3 1 3 3 3 3 3 2 3 3 3 2 3 3 3
M[53] : 1 1 2 1 2 1 2 2 2 2 2 2 1 2 1 1 2 1 2 2 1 1 1 1 2 2 2 1 3 2 2 1 1 1 1 1 1 1 2 1 3 1 2 2 1 2 1 2 2 3 2 1 1 1 1 1 2 2 2 1 0 2 1 1 2 1 2
M[54] : 3 1 1 2 3 1 2 2 2 2 2 1 3 1 3 2 1 2 2 2 2 3 2 2 2 2 1 2 2 2 3 2 3 2 2 3 1 3 1 3 3 3 2 1 2 2 2 2 3 1 1 2 1 2 3 3 1 2 1 2 2 2 2 2 2 2 0
M[55] : 1 2 2 2 2 3 2 1 2 1 2 3 3 2 3 1 2 3 2 2 2 3 2 2 2 2 3 2 2 2 2 1 1 2 2 3 2 1 2 2 2 3 2 2 2 2 2 3 0 2 2 1 2 3 2 1 1 2 3 2 2 2 2 3 2 2 2
M[56] : 3 3 3 4 3 3 2 2 2 2 1 3 3 4 2 3 2 3 4 3 3 2 2 3 3 3 2 3 3 3 3 3 2 1 3 2 3 3 2 3 2 4 3 4 3 0 2 3 3 3 3 3 3 2 3 3 3 3 4 4 4 4 3 2 2 3 4
M[57] : 3 1 2 2 2 1 2 2 1 2 2 1 3 1 3 2 1 2 2 2 2 3 2 2 2 2 1 2 2 2 2 1 2 2 2 3 1 1 1 2 2 3 2 1 2 2 2 0 3 1 1 2 1 2 2 3 1 1 2 2 2 2 1 2 2 1 1
M[58] : 1 2 2 2 1 1 0 1 1 1 1 1 1 1 1 1 1 2 1 1 1 1 0 1 1 1 1 1 1 1 1 1 2 0 1 1 1 1 2 2 2 2 1 2 1 1 2 1 1 1 2 1 1 2 2 2 1 1 1 1 1 1 2 1 1 2 1
M[59] : 3 2 2 3 2 2 2 3 3 3 2 2 1 3 1 2 2 3 3 3 2 1 2 2 2 2 2 2 3 3 2 3 2 1 3 2 3 1 3 1 3 1 3 3 2 2 2 2 2 3 3 0 3 1 3 2 3 2 3 2 3 3 2 1 2 2 2
M[60] : 2 1 2 3 2 2 2 3 3 2 1 1 1 3 1 2 2 2 3 3 1 1 2 2 1 2 2 2 3 2 2 2 1 1 2 1 1 1 2 1 3 1 3 2 2 2 2 2 2 3 1 1 0 1 2 3 2 2 3 1 2 2 1 1 2 1 2
M[61] : 2 1 1 2 2 1 2 2 2 1 1 1 1 3 1 2 2 2 2 2 2 1 1 2 1 1 1 2 2 1 1 2 1 1 2 1 1 1 1 1 2 2 2 1 1 2 1 1 1 2 1 1 1 1 2 2 2 1 1 2 2 2 1 1 2 1 0
M[62] : 1 2 2 1 2 1 1 1 1 2 2 1 2 2 2 1 1 1 2 1 1 2 2 1 1 2 1 1 1 2 2 1 1 1 1 2 1 2 1 2 1 1 1 2 1 2 3 2 2 1 2 1 2 1 1 0 1 1 2 1 1 1 2 1 3 1 2
M[63] : 1 2 2 2 3 2 1 1 2 1 2 1 1 2 0 1 1 3 1 2 1 3 2 1 1 1 2 1 2 2 2 1 2 2 1 2 1 1 2 2 2 2 1 2 1 2 2 3 1 2 2 1 2 2 2 2 1 2 2 2 1 2 2 1 2 2 2
M[64] : 1 0 2 2 1 1 2 2 2 2 2 1 2 1 2 1 2 1 2 2 1 1 1 1 2 2 1 1 2 2 2 1 1 2 1 2 2 1 2 1 2 1 2 2 2 2 1 2 2 3 2 2 2 0 1 1 0 2 2 2 2 2 1 1 1 2 2
M[65] : 2 1 1 2 2 2 2 3 3 2 1 1 1 3 1 2 2 2 2 3 2 1 2 2 1 1 1 2 2 0 2 2 1 1 2 1 2 1 2 1 2 2 3 2 2 2 2 2 1 3 1 2 1 1 2 2 2 1 3 2 2 2 1 1 2 1 2
M[66] : 1 1 1 1 1 0 1 1 1 1 0 0 1 2 0 1 0 1 1 1 1 0 1 0 1 0 0 0 1 1 1 1 1 0 1 0 1 1 1 1 1 0 1 1 1 1 1 1 1 1 1 1 1 0 1 1 1 1 1 1 1 1 1 0 1 1 1
M[67] : 1 1 1 1 2 2 2 1 1 2 2 2 1 2 2 2 1 1 2 1 2 2 0 2 2 2 2 2 1 1 1 1 1 2 2 2 1 1 3 1 1 2 2 2 2 1 1 1 2 2 2 2 1 1 1 1 1 1 2 1 1 1 1 3 2 1 2
M[68] : 1 1 1 1 2 2 2 1 2 2 2 2 2 1 2 2 1 1 2 1 2 1 1 1 2 2 2 1 1 1 2 1 1 2 2 2 1 1 3 1 1 1 2 1 2 1 1 2 2 1 2 2 1 1 1 1 1 1 2 1 2 1 1 2 0 1 1
M[69] : 3 1 3 3 2 2 2 2 3 2 3 2 3 2 3 2 2 3 2 3 2 3 1 2 2 3 1 2 3 2 3 2 3 3 2 3 2 3 1 3 3 3 2 0 2 2 2 3 3 1 1 3 2 2 3 3 2 3 3 2 2 2 3 3 2 2 2
M[70] : 1 1 1 1 2 2 2 1 1 2 2 2 1 2 1 2 1 1 1 1 2 1 1 2 1 2 2 2 1 1 1 1 1 2 0 1 1 1 1 1 1 1 1 2 2 1 1 1 2 2 2 2 1 1 1 1 1 1 2 1 1 1 1 3 1 1 2
M[71] : 2 1 1 1 2 1 0 0 1 1 1 1 1 1 1 1 0 0 1 1 1 1 1 1 1 2 1 1 1 1 2 1 2 1 1 1 1 1 2 1 1 2 1 1 1 0 2 2 1 0 2 1 1 1 2 2 1 1 2 1 1 1 2 1 0 1 2
M[72] : 3 0 3 3 3 2 2 2 3 2 3 2 3 2 3 2 2 3 2 3 2 3 1 2 2 3 2 3 3 2 3 2 3 3 2 3 2 3 2 3 3 4 3 2 2 2 1 3 3 2 2 3 2 3 3 3 2 3 3 3 2 2 3 3 2 3 2
M[73] : 2 1 1 2 2 2 2 3 3 2 1 1 1 3 1 2 2 2 3 3 1 1 2 2 1 1 2 2 3 1 2 2 1 1 2 1 1 1 2 1 2 2 3 2 1 2 0 2 1 3 1 1 1 1 2 2 2 1 3 1 2 2 1 1 2 1 2
M[74] : 2 2 2 2 3 2 2 1 2 1 2 2 0 2 2 2 2 3 2 2 1 2 1 2 1 3 2 2 2 1 3 2 2 2 1 2 2 2 2 1 2 3 1 2 1 2 2 3 1 2 2 2 2 3 2 2 1 2 2 2 1 1 2 2 2 3 2
M[75] : 3 3 2 3 2 3 0 2 2 3 3 3 3 3 3 3 2 3 4 2 3 2 3 3 3 4 3 3 3 3 3 3 2 1 4 3 3 3 3 3 2 3 3 4 3 2 3 3 3 3 3 3 3 3 3 2 3 3 3 3 4 3 3 2 2 3 4
M[76] : 3 1 2 3 3 2 2 2 3 2 2 2 3 1 3 2 1 2 2 2 2 3 2 2 2 2 1 2 3 2 3 2 3 2 2 3 2 3 1 3 3 3 2 1 2 2 2 2 3 1 1 3 0 2 3 3 2 2 2 2 2 2 3 2 2 2 1
M[77] : 1 1 1 1 1 1 2 1 1 0 1 1 2 2 1 2 1 1 1 1 2 2 2 1 1 1 1 1 1 1 1 2 1 2 2 1 2 1 1 2 1 1 1 2 2 1 0 1 1 2 1 2 1 1 2 2 2 1 1 2 2 1 1 2 1 2 2
M[78] : 2 2 2 2 3 2 1 1 2 1 2 2 2 2 2 1 2 3 0 2 1 2 2 2 1 3 2 2 2 2 3 1 2 2 1 3 2 1 2 2 2 3 1 2 1 2 2 3 1 2 2 1 2 3 2 2 1 2 3 2 1 2 2 2 2 3 2
M[79] : 2 1 1 1 2 2 2 1 1 2 3 2 2 2 2 3 1 1 2 1 2 2 2 2 2 2 2 2 1 1 1 2 1 2 3 0 2 1 2 1 1 2 2 2 2 2 1 1 2 2 2 3 1 1 1 2 2 1 2 1 1 1 1 3 2 1 2
M[80] : 2 2 2 1 2 3 2 1 1 3 3 3 3 3 3 4 2 3 4 0 3 2 3 3 3 3 3 3 2 3 2 3 2 2 3 3 3 2 2 3 2 2 3 3 3 2 3 1 3 3 4 3 3 2 2 2 3 3 3 3 3 2 2 3 2 2 3
M[81] : 4 2 2 3 3 3 2 2 3 2 2 3 4 3 3 2 2 4 3 2 3 1 3 3 3 3 3 3 3 3 3 3 3 2 2 3 2 3 0 3 3 3 3 2 3 3 3 2 2 2 3 3 3 3 3 2 2 3 3 3 2 3 3 2 2 3 3
M[82] : 2 1 2 1 2 2 2 2 2 2 3 2 2 1 3 2 1 2 2 2 2 3 1 2 1 2 1 2 1 1 2 2 2 3 1 3 2 2 2 2 2 0 2 1 2 2 1 3 2 1 1 2 1 2 3 2 2 1 2 1 1 2 2 2 2 3 2
M[83] : 2 3 2 2 1 2 3 2 2 3 2 2 2 3 2 3 2 3 2 2 3 2 3 3 2 3 2 0 3 3 2 2 2 2 3 2 2 2 3 2 3 1 2 3 3 3 2 2 3 3 2 3 2 2 2 2 3 2 3 2 2 2 2 2 1 2 3
M[84] : 1 2 2 2 3 3 2 1 2 1 2 3 3 2 3 1 2 3 2 2 2 3 2 3 2 2 3 2 2 2 2 1 2 2 2 3 2 1 2 2 2 3 2 2 2 2 2 3 1 2 2 0 2 3 2 1 1 2 3 2 2 2 2 3 2 2 2
M[85] : 3 1 2 2 2 2 2 2 2 2 2 2 2 1 3 2 1 2 2 2 2 3 2 2 2 2 1 2 2 2 2 2 1 3 2 3 1 2 1 2 2 3 2 1 2 2 2 3 3 1 1 2 1 2 3 3 1 1 2 2 2 2 0 3 2 3 1
M[86] : 0 1 1 1 0 1 1 0 1 1 1 1 1 2 1 0 1 1 1 1 1 1 1 1 1 2 2 1 1 1 1 1 1 1 1 1 1 1 1 1 1 1 1 2 1 1 1 1 1 2 2 1 1 1 1 0 1 1 1 1 1 1 1 1 1 1 2
M[87] : 2 1 3 2 3 2 2 1 2 1 2 2 1 2 3 2 2 3 2 2 2 2 1 2 1 3 2 2 2 1 2 2 2 2 1 3 2 2 2 1 2 2 2 2 1 2 2 3 2 2 2 2 2 2 2 2 1 1 2 0 1 1 2 2 1 3 2
M[88] : 4 2 3 3 3 3 2 2 2 3 2 2 3 2 3 2 1 3 3 2 3 2 1 3 2 2 0 3 3 3 4 2 3 2 2 2 2 3 2 3 2 3 3 2 3 2 3 3 3 1 2 3 3 2 3 3 2 3 2 3 3 2 3 2 3 3 3
M[89] : 1 2 2 2 3 3 2 1 2 1 2 3 3 2 3 1 2 3 2 2 2 3 2 0 2 2 3 2 2 2 2 1 1 2 2 3 1 1 2 2 2 3 2 2 1 2 2 3 1 2 2 1 2 3 2 1 1 2 3 2 2 2 2 3 2 2 2
M[90] : 2 1 2 1 2 2 1 0 1 1 1 1 1 1 2 1 0 2 2 1 1 1 1 1 1 1 1 2 1 1 2 2 1 1 1 2 1 2 2 1 1 1 1 1 1 0 1 2 2 1 1 2 1 1 0 2 0 1 2 1 1 1 1 1 1 2 1
M[91] : 2 1 1 1 1 2 2 1 1 2 3 2 2 2 2 3 1 1 1 1 2 2 2 2 1 2 2 2 1 1 1 2 1 2 2 1 2 1 1 1 1 2 1 2 3 2 1 1 2 2 2 3 1 1 1 2 2 1 1 2 0 1 1 2 2 1 2
M[92] : 1 1 1 1 2 2 2 1 2 2 2 2 2 1 2 2 1 1 2 1 2 2 2 2 2 2 2 2 1 2 2 1 1 3 2 2 1 1 3 1 2 2 2 1 2 0 1 2 2 1 2 2 1 2 1 1 1 1 2 2 2 2 1 3 2 1 1
M[93] : 1 1 2 2 1 1 2 2 2 3 2 2 1 2 2 1 2 1 2 2 1 1 2 1 2 2 1 1 2 2 2 0 1 1 1 2 1 1 3 1 2 1 2 2 1 2 1 2 2 3 2 1 1 1 1 1 2 2 2 2 2 2 1 1 2 1 2
M[94] : 2 1 1 1 1 2 2 1 1 2 3 3 2 2 2 3 2 2 0 1 3 2 3 2 2 3 2 2 1 1 1 2 2 2 3 2 2 2 2 2 1 2 1 2 3 2 3 1 3 3 3 3 2 2 2 2 2 2 1 2 2 1 2 2 2 2 2
M[95] : 2 1 3 2 3 2 2 1 2 1 2 2 1 2 3 2 2 3 2 3 2 2 1 2 1 3 2 2 2 1 3 2 2 2 1 3 2 2 2 1 2 3 2 2 1 2 2 3 2 2 2 2 2 3 2 2 1 1 2 1 1 0 2 2 1 3 2
M[96] : 2 2 2 2 3 2 1 1 2 1 2 2 2 2 2 2 2 3 2 2 1 2 2 2 0 3 2 2 2 2 3 2 2 2 1 3 2 2 2 2 2 3 3 2 1 2 2 3 2 2 2 2 2 3 2 2 2 2 3 2 1 2 2 2 2 3 2
M[97] : 2 2 2 2 2 3 2 1 2 2 3 3 3 2 3 2 2 3 2 1 2 2 2 2 2 3 3 2 2 2 2 1 1 3 2 3 1 2 3 3 2 3 2 2 2 2 2 2 3 3 3 3 2 3 1 1 1 2 3 2 2 2 0 3 2 1 2
M[98] : 0 1 2 2 1 1 1 1 1 1 1 1 2 1 1 1 1 2 2 2 1 2 2 1 1 1 1 1 2 2 2 1 1 1 1 1 1 1 1 2 2 2 2 1 1 1 2 1 1 1 1 1 1 2 2 1 1 1 1 2 2 2 1 1 2 1 1
M[99] : 1 1 1 1 1 1 2 1 1 2 1 1 2 2 2 2 1 2 1 1 2 2 2 1 1 2 1 1 1 1 1 2 1 2 2 1 2 2 1 2 1 1 1 2 3 2 0 1 0 2 2 2 2 1 2 2 2 1 1 2 2 1 1 2 1 2 2
M[100] : 2 1 1 2 1 0 1 2 2 1 1 1 1 0 1 2 2 1 2 2 1 1 1 1 1 1 1 1 2 1 1 2 1 0 1 1 1 1 1 1 2 2 2 1 1 2 2 1 1 2 1 1 1 1 2 2 1 1 1 2 2 2 1 1 1 1 1
M[101] : 1 1 1 1 1 1 2 1 1 1 0 1 2 2 1 2 1 1 1 1 2 2 2 1 1 2 1 1 1 1 1 2 1 2 2 1 2 2 1 1 1 1 1 2 2 1 0 1 1 2 1 2 1 1 2 2 2 1 1 2 2 1 1 2 1 1 2
M[102] : 1 2 2 2 2 3 2 1 2 2 3 3 3 2 3 2 2 2 2 2 2 2 2 2 2 3 3 2 2 2 2 1 1 3 2 3 1 1 3 2 2 3 2 2 2 2 2 2 2 2 3 2 1 2 1 1 1 2 2 2 2 2 1 3 2 2 0
M[103] : 1 1 1 1 1 1 2 1 2 2 2 1 1 2 1 1 2 1 2 2 1 1 1 1 1 2 1 1 1 1 2 1 1 1 1 1 1 1 2 1 1 1 2 2 1 2 1 1 2 2 1 1 1 0 0 1 2 1 2 1 1 1 1 1 1 1 2
M[104] : 3 2 3 4 3 2 3 3 3 3 1 2 3 4 1 3 2 3 4 3 3 2 2 3 3 0 2 3 3 3 3 3 2 2 3 1 3 3 2 2 3 3 4 4 3 3 2 3 2 2 2 3 3 2 3 3 3 3 3 4 3 4 3 1 2 3 4
M[105] : 2 2 2 2 3 1 2 0 1 3 2 1 2 2 2 1 1 1 2 1 2 2 2 1 1 2 1 1 1 3 2 1 1 2 1 2 1 2 2 3 1 3 1 2 2 2 3 2 2 1 2 2 2 1 1 2 1 2 2 1 1 1 2 2 3 2 2
M[106] : 2 1 3 2 3 2 2 1 1 1 2 2 1 2 2 2 1 3 2 1 2 2 1 2 1 2 2 2 0 1 2 2 2 2 1 3 2 2 2 1 2 2 2 1 1 1 2 3 2 2 2 2 2 2 2 2 1 1 2 1 1 1 2 1 1 3 2
M[107] : 3 2 2 3 3 1 2 2 2 3 2 2 3 1 3 2 1 2 2 2 3 3 2 2 2 2 1 3 3 3 3 2 3 2 2 2 2 3 1 3 2 3 2 2 2 2 3 3 3 1 2 3 3 2 3 3 2 2 0 2 2 2 3 2 2 2 1
M[108] : 1 1 2 2 2 2 2 2 2 3 2 2 1 2 1 1 2 1 2 2 1 1 2 2 2 2 2 1 3 2 2 1 1 1 1 1 1 1 3 1 3 1 2 2 2 2 1 2 2 3 2 1 1 1 1 1 2 2 2 0 2 2 1 1 2 1 2
M[109] : 2 1 2 1 1 1 1 0 2 2 1 1 2 1 2 2 1 2 2 2 2 2 2 1 1 1 1 2 1 1 2 1 0 2 1 2 1 1 1 2 1 1 2 1 2 1 1 2 1 1 1 2 1 2 2 1 0 1 2 1 1 1 1 2 2 2 1
M[110] : 1 1 1 1 1 1 0 0 1 0 1 1 1 0 1 1 0 1 1 1 1 1 0 1 1 1 1 1 1 1 1 1 1 1 1 1 0 1 1 1 1 2 1 0 0 0 1 1 1 1 1 1 0 1 1 1 0 1 1 1 1 1 1 1 0 0 1
M[111] : 2 1 1 1 2 1 0 0 1 1 1 1 1 0 1 1 0 1 1 1 1 0 0 1 1 1 1 1 1 1 2 0 1 1 1 1 1 2 1 1 1 1 1 1 1 0 1 2 1 0 1 1 1 1 1 1 0 1 2 1 1 1 1 1 0 2 1
M[112] : 2 1 1 1 1 1 2 1 1 2 2 0 2 2 2 2 1 1 1 1 3 2 2 2 1 3 1 1 1 1 1 2 1 2 2 1 2 2 2 2 1 2 1 2 3 2 1 1 2 2 2 3 1 1 2 2 2 1 1 2 2 1 1 2 2 2 2
M[113] : 2 1 1 2 2 1 2 1 1 2 2 1 2 1 2 1 1 1 1 1 1 3 2 1 2 2 1 1 2 2 1 1 2 2 2 2 1 0 1 2 1 2 1 1 2 2 2 1 2 1 1 1 1 2 2 2 1 1 1 2 2 2 1 1 2 1 1
M[114] : 2 1 2 1 1 1 1 1 2 2 1 1 2 1 2 2 1 2 2 2 2 2 2 1 1 1 1 2 1 2 2 1 1 2 1 3 1 1 1 2 1 1 2 1 2 1 1 2 1 1 1 1 1 2 2 0 0 1 2 1 1 2 1 2 2 2 1
M[115] : 1 1 1 1 1 0 1 1 1 1 0 0 1 2 1 1 1 1 1 1 1 0 1 1 1 1 0 1 2 1 1 1 1 0 1 0 1 1 1 1 1 1 0 2 1 1 1 1 1 1 1 1 1 0 1 1 2 1 1 1 1 1 1 1 1 1 2
M[116] : 2 1 2 2 2 2 2 3 3 2 1 1 1 3 1 2 2 2 3 3 1 1 2 2 1 2 2 2 3 2 2 2 1 1 2 1 1 1 2 1 3 1 3 2 2 2 1 2 2 3 0 1 1 1 2 2 2 1 3 1 2 2 1 1 2 1 2
M[117] : 2 2 2 1 2 1 1 1 1 2 2 1 2 2 2 1 1 1 1 1 1 2 2 1 1 2 1 1 1 2 1 1 1 1 1 2 1 2 1 2 1 0 1 2 1 2 3 2 2 1 1 1 1 1 1 1 1 1 1 1 1 1 2 1 2 1 2
M[118] : 1 2 2 2 0 1 1 1 2 1 1 1 2 1 1 1 1 2 1 2 1 2 1 1 1 1 1 1 2 2 1 1 1 1 2 2 1 1 2 2 2 2 1 1 1 1 2 2 1 1 1 1 1 2 2 1 1 2 1 2 1 2 1 1 2 2 1
M[119] : 2 2 1 1 2 3 2 1 2 2 3 3 3 3 3 2 2 1 2 1 2 2 3 2 2 3 3 2 2 2 2 1 1 3 3 3 1 2 3 3 2 2 2 3 2 2 2 2 3 3 3 3 0 3 1 1 2 2 3 2 2 2 2 3 2 1 2
M[120] : 2 1 1 1 2 0 1 1 1 1 1 0 1 2 1 1 2 1 1 1 1 1 1 1 1 1 0 1 2 1 1 1 1 1 2 1 1 1 1 1 2 1 2 2 1 2 1 1 1 2 1 1 1 1 1 1 2 1 1 1 1 0 1 1 1 1 2
M[121] : 1 1 1 1 1 1 1 1 1 1 1 1 1 2 1 2 1 1 1 1 1 1 2 1 1 2 1 1 1 1 1 2 1 2 2 1 2 1 1 1 1 2 1 2 2 1 1 1 1 2 0 2 1 1 1 2 2 1 1 2 2 1 1 2 1 1 2
M[122] : 0 2 2 2 3 1 3 1 1 2 2 1 2 2 2 1 1 2 2 2 2 2 2 1 1 2 1 1 1 3 2 1 1 2 1 2 1 2 2 2 1 2 1 2 1 2 3 2 2 1 2 2 2 1 1 1 1 1 2 1 1 2 2 2 3 2 2
M[123] : 2 2 2 2 3 1 2 1 1 2 2 1 2 2 2 1 1 2 2 1 2 2 2 1 1 2 1 1 1 3 2 1 1 2 1 2 1 2 2 2 1 2 1 2 1 2 3 2 2 1 2 2 2 1 1 1 1 2 2 1 0 1 2 2 3 2 2
M[124] : 1 1 1 1 2 2 2 1 1 2 2 2 1 2 2 2 1 1 1 1 2 0 1 2 1 2 2 2 1 1 1 1 1 2 1 1 1 1 1 1 1 1 2 2 2 1 1 1 2 2 2 2 1 1 1 1 1 1 2 1 1 1 1 3 1 1 2
M[125] : 2 2 1 1 1 3 2 1 1 2 3 3 2 3 2 3 2 2 3 1 3 2 3 2 3 3 3 2 1 3 1 2 2 2 3 2 2 2 2 2 1 2 2 3 3 2 3 1 3 3 4 3 2 2 2 2 3 2 0 2 3 1 2 3 2 2 2
M[126] : 2 2 2 2 3 1 2 2 1 3 2 1 2 2 2 1 1 1 2 0 3 2 2 1 1 2 1 1 1 3 2 1 2 2 2 2 1 2 2 3 1 3 1 2 2 2 3 2 2 1 2 2 2 1 1 3 1 2 2 1 2 2 2 2 3 2 2
M[127] : 2 2 2 2 1 3 2 1 1 3 2 3 2 3 2 3 2 3 2 2 3 2 3 3 3 3 2 2 2 3 1 2 2 2 3 2 2 2 2 2 1 2 0 2 3 2 3 1 3 3 4 3 2 2 2 2 3 2 1 2 2 2 2 2 2 2 2
M[128] : 3 2 1 2 3 1 2 2 1 2 2 1 3 1 2 2 1 2 2 1 2 3 2 1 2 2 1 1 2 2 0 1 2 2 2 2 1 2 1 3 1 3 2 1 2 2 2 2 2 1 1 1 1 2 2 3 1 2 1 2 2 2 2 2 2 1 1
M[129] : 3 3 2 4 2 3 2 3 3 3 2 3 3 4 2 3 2 3 4 3 3 1 3 3 3 3 2 3 3 3 3 3 2 1 3 2 3 2 3 3 3 0 4 4 2 3 2 3 3 3 3 3 3 2 3 2 3 3 3 2 4 4 3 1 2 3 4
M[130] : 3 2 2 3 2 2 2 3 3 3 1 2 1 3 1 2 2 2 3 3 3 1 2 2 2 2 2 2 3 3 3 3 2 1 3 1 3 1 2 0 3 2 3 3 2 2 2 2 2 3 2 2 3 1 3 3 3 2 3 3 2 3 2 1 2 3 3
M[131] : 1 1 1 1 1 1 1 1 1 1 0 0 1 2 1 1 1 1 1 1 1 1 1 1 1 1 1 1 0 1 2 1 1 1 1 0 1 1 1 1 1 1 2 2 1 1 1 1 1 2 1 1 1 0 1 1 1 1 1 1 1 1 1 1 1 1 2
M[132] : 1 2 2 2 2 1 2 1 2 1 0 1 2 1 2 1 1 2 2 2 2 2 2 1 1 1 1 1 2 2 2 1 1 2 2 2 1 1 2 2 2 2 1 2 1 1 2 2 1 1 1 1 1 2 2 1 1 2 2 2 2 2 1 2 2 2 1
M[133] : 2 1 1 1 2 2 2 1 1 2 2 2 0 2 1 2 1 1 2 1 2 2 1 2 1 2 2 2 1 1 1 1 1 2 3 1 1 1 2 1 1 2 2 2 2 1 1 1 2 2 2 2 1 1 1 1 2 1 2 1 1 1 1 3 2 1 2
M[134] : 1 2 1 1 2 2 2 1 2 2 3 2 3 1 3 2 1 1 2 1 2 2 2 2 2 3 2 2 1 2 2 1 1 3 2 3 1 1 3 2 2 2 2 0 2 2 2 2 2 3 2 2 1 2 1 1 1 1 2 2 2 2 1 3 2 1 2
M[135] : 2 2 2 1 2 1 1 1 1 2 2 1 2 2 2 1 1 1 1 1 1 2 2 1 1 2 1 1 1 2 1 1 1 1 1 2 1 2 1 2 1 1 1 2 1 2 2 2 2 1 1 1 1 1 1 1 1 2 1 0 1 1 2 1 3 1 2
M[136] : 1 1 1 1 1 0 1 1 1 1 0 0 1 2 0 1 1 1 1 1 1 0 1 0 1 0 0 0 1 1 1 1 1 0 1 0 1 1 1 1 1 0 1 1 1 1 1 1 1 0 1 1 1 0 1 1 1 1 1 1 1 1 1 0 1 1 1
M[137] : 2 2 1 2 2 1 1 1 1 1 1 1 1 1 1 1 1 1 1 1 1 1 2 1 1 1 1 1 1 0 1 1 1 1 1 2 1 1 0 1 1 1 1 2 1 1 2 2 2 1 1 1 1 1 1 2 1 1 1 1 1 1 1 1 2 1 1
M[138] : 2 2 1 1 2 3 2 1 2 2 3 3 3 3 3 3 2 1 2 1 3 2 3 2 2 3 3 2 1 2 2 2 1 2 3 3 2 2 2 3 1 2 2 3 3 2 2 1 3 3 3 3 2 2 1 2 2 0 2 2 3 1 2 3 2 2 2
M[139] : 1 1 2 2 0 1 2 2 2 2 1 1 2 2 2 1 2 2 2 2 2 2 2 1 1 1 1 1 1 2 2 1 1 2 1 1 1 2 1 2 2 2 2 1 1 3 2 1 1 2 2 2 2 1 1 1 1 1 2 2 2 2 1 2 3 2 2
M[140] : 1 2 2 2 2 2 2 1 2 1 2 0 2 2 3 1 1 2 2 2 1 3 2 1 2 1 2 1 2 2 2 1 1 2 2 3 1 1 2 2 2 3 2 2 1 2 2 2 1 2 2 1 2 2 2 1 1 2 3 2 2 2 2 3 2 2 1
M[141] : 3 2 2 2 3 1 2 2 1 3 2 1 3 2 2 0 1 1 2 2 3 2 2 1 2 2 1 1 2 3 2 1 2 2 2 2 1 2 2 3 1 3 1 2 2 2 3 3 2 1 2 2 2 1 1 3 1 2 1 2 2 2 2 2 3 2 2
M[142] : 1 2 1 1 2 2 2 1 2 2 3 2 3 2 3 2 0 1 2 1 2 2 2 2 2 3 2 2 1 2 2 1 1 3 2 3 1 1 3 2 2 2 2 3 2 2 2 2 2 3 2 2 1 2 1 1 1 1 2 2 2 2 1 3 2 1 2
M[143] : 2 1 1 1 2 1 1 1 1 2 1 1 1 2 1 1 1 1 1 1 1 1 1 1 1 1 1 1 1 1 1 1 1 1 1 2 1 1 0 1 1 1 1 2 1 1 0 2 2 1 1 1 1 1 1 1 1 1 1 1 1 1 2 1 2 1 1
M[144] : 1 1 1 1 1 0 1 1 0 1 0 0 1 2 1 1 1 1 1 1 1 0 1 1 1 1 0 1 2 1 1 1 1 0 1 0 1 1 1 1 1 1 1 2 1 1 1 1 1 2 1 1 1 0 1 1 2 1 1 1 1 1 1 1 1 1 2
M[145] : 1 2 2 2 2 3 2 1 2 2 3 3 3 2 3 2 2 3 2 2 2 2 2 3 2 3 3 2 2 2 2 0 1 3 2 3 2 2 3 3 2 3 2 2 2 2 2 2 3 3 3 3 2 3 2 1 1 2 3 2 2 2 2 3 2 2 3
M[146] : 1 2 2 2 2 1 0 1 0 1 1 1 1 1 1 1 1 2 1 1 1 1 1 1 1 1 1 1 2 1 1 1 2 1 1 1 1 1 2 2 2 2 1 2 1 1 2 2 1 1 2 1 2 2 2 2 1 2 1 2 1 1 2 1 2 2 1
M[147] : 0 1 1 1 1 1 1 1 1 1 1 1 1 2 1 2 1 1 1 1 1 1 2 1 1 2 2 1 1 1 1 1 1 1 2 1 1 1 1 1 1 1 1 2 0 1 1 1 2 2 2 2 1 1 1 2 2 1 1 1 1 1 1 1 1 1 2
M[148] : 1 1 1 1 2 2 2 1 2 2 3 2 1 2 3 2 1 1 2 1 2 2 2 2 2 2 2 2 1 1 2 1 1 3 2 2 1 1 3 0 1 2 2 2 2 2 1 1 2 2 2 2 1 1 1 1 1 1 2 1 2 1 1 3 2 1 2
M[149] : 1 2 2 2 3 3 2 1 2 1 2 2 3 2 2 0 2 3 2 2 1 3 2 2 2 2 3 2 2 2 3 1 2 2 2 3 2 1 2 2 2 3 2 2 1 2 2 3 1 2 2 1 2 3 2 2 1 2 3 2 2 2 2 3 2 2 2
M[150] : 3 2 2 2 3 1 2 2 2 3 2 1 3 2 2 1 1 1 2 2 3 2 2 1 2 2 1 0 2 3 2 1 2 2 2 2 1 2 2 3 1 3 2 2 2 2 3 3 2 1 2 2 2 1 2 3 1 2 1 2 2 2 2 2 3 1 2
M[151] : 1 0 1 1 2 2 2 1 2 2 3 2 2 1 3 2 1 1 2 1 2 2 2 2 2 2 2 2 1 2 2 1 1 3 2 3 1 1 3 1 1 2 2 2 2 2 2 1 2 2 2 2 1 1 1 1 1 1 2 1 2 1 1 3 2 1 2
M[152] : 1 2 2 1 2 2 2 1 2 1 2 2 2 1 2 2 1 2 2 2 2 2 2 1 2 1 2 1 2 2 2 1 1 2 2 2 1 1 2 2 2 1 2 1 2 2 2 2 1 1 0 1 1 2 1 1 1 2 2 2 2 2 1 3 2 2 1
M[153] : 4 3 3 3 3 3 2 2 3 3 2 2 3 2 3 2 2 4 4 2 3 2 0 3 2 3 2 3 3 4 3 3 3 2 2 3 2 3 1 3 3 4 3 3 3 3 2 3 3 2 3 3 3 3 3 3 2 3 3 4 2 3 3 3 2 3 2
M[154] : 2 1 1 2 2 1 1 1 1 1 1 1 1 1 1 1 0 1 1 1 1 1 1 1 0 1 1 1 1 1 1 1 1 1 1 1 1 1 0 0 1 2 1 1 1 1 1 1 1 0 1 1 1 1 1 2 1 1 1 1 1 1 1 1 1 1 1
M[155] : 2 2 2 2 3 3 2 2 3 1 2 3 3 3 3 2 2 3 3 3 3 3 2 3 3 3 3 3 3 3 3 2 3 2 2 3 2 3 2 3 3 3 3 2 0 2 2 3 3 3 3 3 3 3 3 2 2 3 3 3 2 3 3 2 2 3 3
M[156] : 3 2 1 2 3 1 2 2 1 2 2 1 3 1 2 1 1 1 2 1 2 3 2 1 2 2 1 1 2 2 1 1 2 2 2 2 1 2 1 3 1 3 2 1 2 2 2 1 2 1 1 1 1 2 2 3 1 2 1 2 2 2 2 2 2 0 1
M[157] : 3 2 3 3 3 2 2 2 2 3 2 2 3 0 3 2 1 3 2 2 3 2 2 2 2 2 1 3 3 3 3 2 3 2 2 3 2 3 1 3 2 3 3 2 2 2 3 3 3 1 2 3 3 2 3 3 2 3 3 2 2 2 3 3 2 3 3
M[158] : 1 1 1 1 2 2 0 1 1 2 2 2 1 2 1 2 1 1 1 1 2 1 1 2 1 2 2 2 1 1 1 1 1 1 1 1 1 1 1 1 1 1 1 2 2 1 1 1 2 2 2 2 1 1 1 1 1 1 1 1 1 1 1 2 1 1 2
M[159] : 3 3 3 4 3 2 2 3 3 2 1 3 3 4 0 3 2 3 4 3 3 2 2 3 3 3 2 3 3 3 3 3 2 1 3 2 3 3 2 3 3 3 4 4 3 1 2 3 3 2 2 3 3 2 3 3 3 3 3 4 4 4 3 1 2 3 4
M[160] : 4 3 3 3 4 3 2 2 3 2 2 3 4 3 3 3 2 3 4 2 3 1 3 3 3 3 3 3 3 3 3 3 3 1 3 3 3 3 1 3 2 3 3 4 3 2 3 3 2 3 3 3 3 3 3 4 3 3 3 4 4 3 3 2 0 3 4
M[161] : 1 1 2 2 1 1 2 2 2 3 2 2 1 2 2 1 2 1 2 2 1 1 0 1 2 2 1 1 2 2 2 1 1 2 1 2 1 1 3 1 2 1 2 2 2 2 1 2 2 3 2 1 2 1 1 2 2 2 2 2 2 2 1 1 2 2 2
M[162] : 2 2 1 1 2 2 2 1 2 2 3 3 3 2 3 3 2 1 2 1 2 2 3 2 2 3 2 2 1 2 2 2 1 2 3 3 2 2 3 3 1 2 2 2 3 2 2 1 2 3 2 3 1 1 1 2 2 1 2 0 2 1 1 3 2 1 2
M[163] : 2 2 3 2 3 3 2 1 3 1 2 2 3 2 3 2 2 3 3 3 2 2 2 3 2 3 3 3 3 2 3 2 3 2 0 3 2 3 2 3 3 3 3 2 1 2 2 3 2 2 2 3 2 3 3 2 2 2 3 2 1 2 3 2 2 3 2
M[164] : 1 2 2 2 2 1 1 1 2 1 1 1 1 2 1 1 1 2 1 2 1 1 2 1 1 1 1 1 2 1 1 1 2 1 1 0 1 1 2 2 2 2 1 2 1 1 2 3 1 1 2 1 2 2 2 2 1 2 1 2 1 1 2 1 2 2 2
M[165] : 0 2 2 2 3 3 2 1 2 1 2 3 3 2 3 2 2 3 3 2 2 3 2 3 3 2 3 3 2 2 3 2 2 2 2 3 2 2 2 3 2 3 2 2 1 2 2 3 2 2 2 2 2 3 2 2 2 2 3 2 2 2 3 3 2 3 2
M[166] : 2 1 1 2 2 1 2 2 2 1 1 1 1 2 1 2 2 1 2 2 1 1 1 2 1 1 1 2 2 1 1 2 1 1 2 1 1 1 0 1 2 2 2 2 1 2 1 1 1 2 1 1 1 1 2 2 2 1 1 2 2 2 1 1 1 1 2
M[167] : 3 3 2 4 2 3 2 3 3 3 2 3 3 4 2 3 2 3 4 3 3 2 3 3 3 3 2 3 3 3 3 3 2 1 4 2 3 2 3 3 3 2 4 4 2 2 2 3 3 3 4 3 3 2 3 2 3 3 3 3 4 4 3 0 2 3 4
M[168] : 2 2 2 2 3 3 2 1 2 2 3 3 3 3 3 2 2 3 3 2 3 2 3 3 3 3 3 3 3 2 3 2 2 2 2 3 2 2 3 3 3 3 3 2 2 2 2 3 3 3 3 3 3 3 3 0 2 3 3 2 2 2 3 3 2 2 3
M[169] : 2 1 1 1 2 1 0 0 1 0 1 1 1 0 1 1 0 1 1 0 1 1 0 1 1 2 1 1 1 1 1 1 1 1 1 1 0 1 1 1 1 2 1 1 1 0 2 2 1 0 2 1 0 1 1 1 0 1 1 1 1 1 1 1 0 1 1
M[170] : 2 2 2 2 3 1 2 2 0 3 2 1 2 2 2 1 1 1 2 1 2 2 2 1 1 2 1 1 1 3 2 1 2 2 2 2 1 2 2 3 1 3 1 2 2 2 3 2 2 1 2 2 2 1 1 2 1 2 1 1 2 1 2 2 3 2 2
M[171] : 2 2 2 2 3 1 2 1 1 3 2 1 2 2 2 1 1 1 2 1 2 2 2 1 1 2 1 1 1 3 2 1 1 2 1 2 1 2 2 3 1 3 1 2 2 2 3 2 2 1 2 2 2 1 1 2 1 2 2 1 1 0 2 2 3 1 2
M[172] : 2 1 0 2 2 1 1 1 1 1 2 1 1 1 2 1 1 1 1 1 1 1 2 1 1 2 1 1 2 2 1 1 2 1 2 2 1 1 1 2 1 2 1 1 1 2 2 1 2 1 1 1 1 1 2 2 1 1 1 2 2 2 1 1 2 1 1
M[173] : 2 2 2 2 2 3 2 1 2 2 3 3 3 3 3 2 2 3 2 1 2 2 2 3 3 3 3 2 2 2 2 1 1 3 2 3 2 2 3 3 2 3 2 3 2 2 2 2 3 3 3 3 2 3 0 1 2 2 3 2 2 2 3 3 2 1 3
M[174] : 4 2 3 3 3 0 2 2 2 3 2 2 3 1 3 2 1 3 3 2 3 2 2 3 2 2 1 3 3 3 3 2 3 2 2 2 2 3 2 3 2 3 3 2 2 2 3 3 3 1 2 3 3 2 3 3 2 3 2 3 2 2 3 2 3 3 3
M[175] : 4 2 3 3 3 1 3 3 3 3 2 1 2 2 2 1 1 2 2 3 3 2 3 2 2 2 1 2 2 3 3 2 1 2 2 2 2 2 2 3 3 3 3 2 3 2 3 3 2 1 2 2 2 1 3 2 0 2 3 2 3 2 2 2 3 3 2
M[176] : 1 1 1 1 1 0 1 1 1 1 0 0 1 2 1 1 1 1 1 1 1 0 1 1 1 1 0 1 2 1 1 1 1 0 1 0 1 1 1 1 0 1 1 2 1 1 1 1 1 2 1 1 1 0 1 1 2 1 1 1 1 1 1 1 1 1 2
M[177] : 3 2 2 3 3 1 3 2 2 3 2 1 2 2 2 1 1 2 2 3 3 2 2 1 1 2 1 2 1 3 3 1 1 2 2 2 1 2 2 3 0 3 1 2 3 2 3 3 2 1 2 2 2 1 1 2 1 2 2 2 3 2 2 2 3 2 2
M[178] : 2 1 2 3 2 2 2 3 3 3 2 2 1 3 1 2 2 2 3 3 0 1 2 2 2 2 2 2 3 2 2 2 1 1 2 1 1 1 3 1 3 1 3 2 2 2 2 2 2 3 1 1 1 1 2 2 2 2 3 1 2 3 1 1 2 2 2
M[179] : 1 1 1 1 1 1 2 1 1 1 1 1 2 2 1 2 1 1 1 1 2 1 2 1 1 2 1 1 1 1 1 2 1 2 2 1 2 2 0 1 1 1 1 2 2 1 0 1 1 2 1 2 1 1 2 2 2 1 1 2 2 1 1 2 1 2 2
M[180] : 2 1 1 0 2 1 1 1 1 1 1 0 1 2 1 1 2 1 1 1 1 1 1 1 1 1 0 1 2 1 1 1 1 1 2 1 1 1 1 1 2 1 2 2 1 2 1 1 1 2 1 1 1 1 1 1 2 1 1 1 1 1 1 1 1 1 2
M[181] : 2 2 1 2 2 1 2 1 1 1 2 1 2 1 2 1 1 1 1 1 1 2 2 1 1 2 1 1 1 2 1 1 2 2 1 2 1 1 1 2 1 2 1 2 0 2 2 2 2 1 1 1 1 1 1 2 1 2 1 1 2 1 2 1 3 1 1
M[182] : 1 1 1 2 1 1 2 2 2 2 2 1 2 2 2 2 1 2 2 1 2 2 2 1 1 2 1 1 2 2 1 2 2 2 2 2 2 1 1 2 2 1 1 2 3 2 1 1 2 0 2 2 2 1 2 2 2 2 1 2 2 2 2 2 1 2 1
M[183] : 1 1 2 2 1 1 3 2 2 2 2 1 2 1 2 2 1 2 2 2 2 2 2 1 1 2 1 1 2 2 2 1 2 2 2 2 2 1 2 2 2 1 2 0 2 2 1 1 2 1 2 2 2 1 2 1 2 2 2 2 2 2 1 2 1 2 1
M[184] : 2 1 3 3 3 2 2 2 3 2 3 2 3 1 3 2 1 3 2 3 2 3 1 2 2 3 1 2 3 2 3 2 3 3 1 3 2 2 2 2 3 2 2 1 2 2 1 3 3 1 2 2 2 2 3 2 2 0 2 2 2 2 2 3 2 3 2
M[185] : 1 1 1 1 1 1 0 0 1 1 1 1 1 1 1 1 1 2 1 1 1 1 0 1 1 1 1 1 1 1 1 1 2 1 1 1 1 1 1 1 1 2 1 2 1 1 1 0 1 1 1 1 1 1 2 2 1 1 1 1 1 1 2 1 1 2 1
M[186] : 2 2 1 0 2 3 2 1 2 2 3 3 3 3 3 3 2 2 2 1 3 2 3 3 3 3 3 2 2 2 2 2 2 3 3 3 2 2 3 3 1 2 2 3 3 2 2 1 3 3 3 3 3 3 1 2 2 2 3 3 2 2 2 3 2 1 2
M[187] : 2 1 1 1 1 1 2 1 1 2 2 2 1 2 0 2 1 1 1 1 2 1 2 2 1 2 2 1 1 1 1 2 1 2 2 1 1 1 1 1 1 2 1 2 2 1 1 1 2 2 2 2 1 1 1 2 2 1 1 1 1 1 1 2 1 1 2
M[188] : 2 2 2 2 2 2 1 1 2 1 2 1 1 2 1 1 1 3 1 2 1 1 1 1 1 2 2 1 2 1 0 1 2 1 1 1 2 1 2 2 2 2 1 2 1 1 2 3 1 2 2 1 2 2 2 2 1 2 2 2 1 1 2 1 2 2 2
M[189] : 3 2 2 2 3 1 2 2 1 3 2 1 3 2 2 1 1 1 1 2 3 2 2 1 2 2 1 1 2 3 2 0 2 2 2 2 1 2 2 3 1 3 1 2 2 2 3 3 2 1 2 2 2 1 2 3 1 2 1 2 2 2 2 2 3 2 2
M[190] : 2 1 1 1 2 2 2 1 1 2 3 3 2 2 3 3 2 1 2 1 3 2 3 2 2 3 2 2 1 2 1 2 1 2 3 2 2 2 2 2 1 2 2 2 3 2 2 1 3 3 2 3 1 1 1 2 2 1 2 2 3 0 2 3 2 2 2
M[191] : 3 2 2 3 3 1 3 3 3 3 2 1 2 2 2 1 1 2 2 3 2 2 2 1 1 2 1 2 0 3 3 1 1 2 2 2 1 2 2 3 2 2 2 2 3 2 3 3 2 1 2 2 2 1 1 2 1 2 2 2 3 2 2 2 3 2 2
M[192] : 2 1 2 2 1 1 2 1 1 2 2 1 2 1 1 1 1 2 2 2 2 2 2 1 1 0 1 1 2 2 2 1 1 1 2 2 1 1 1 2 2 2 2 1 2 2 2 1 1 1 1 1 1 2 2 2 1 1 1 2 2 2 1 1 2 1 1
M[193] : 3 2 2 3 2 2 2 3 3 2 1 1 2 3 1 2 2 2 3 3 3 2 2 2 1 1 2 2 3 3 3 2 2 1 3 1 3 1 2 2 3 2 3 3 3 2 3 2 1 3 2 2 3 1 3 3 3 2 3 2 2 3 0 1 2 3 3
M[194] : 3 1 2 2 0 1 2 2 2 2 2 1 2 1 3 2 1 2 2 2 2 3 2 2 2 2 1 2 2 2 2 1 1 2 2 3 1 1 1 2 2 2 2 1 2 2 2 1 2 1 1 2 1 2 2 3 1 1 2 2 2 2 1 1 2 1 1
M[195] : 2 2 1 1 2 3 2 1 2 2 3 3 3 3 3 2 2 0 2 1 2 2 2 2 2 3 3 2 2 2 2 1 1 3 2 3 1 1 3 2 2 2 2 3 2 2 2 2 2 3 3 3 1 3 1 1 1 2 2 2 2 2 1 3 2 1 2
M[196] : 2 1 1 2 1 0 1 2 1 1 1 1 1 2 1 1 2 1 1 2 1 1 1 2 1 1 0 1 2 1 1 1 1 1 2 1 1 1 1 1 2 1 2 2 1 2 1 1 1 1 1 1 1 1 2 2 2 1 0 1 2 2 1 1 1 1 1
M[197] : 2 2 1 2 2 3 2 1 2 2 3 3 3 3 3 2 2 2 2 1 3 2 3 3 3 3 3 2 2 2 2 1 2 3 3 3 2 2 3 3 2 3 2 3 2 2 2 2 3 3 3 3 2 3 1 1 3 2 3 2 2 2 3 3 2 0 3
M[198] : 1 1 2 2 1 1 2 2 2 2 2 1 1 2 2 1 2 1 2 2 1 1 1 1 2 2 1 1 2 2 2 1 1 2 1 2 1 1 2 1 2 1 2 2 2 2 1 2 2 2 2 2 1 0 1 0 1 2 2 2 2 2 1 1 1 1 2
M[199] : 2 2 2 2 3 2 1 1 2 1 2 2 2 2 2 1 2 3 1 2 1 3 2 2 1 3 2 2 2 2 3 1 2 2 1 3 2 1 2 2 2 3 0 2 1 2 2 3 1 2 2 1 2 3 2 2 1 2 3 2 1 2 2 2 2 3 2
M[200] : 1 1 1 1 0 1 1 1 1 1 2 1 1 2 1 1 1 1 1 1 0 1 1 2 1 2 2 1 1 1 1 1 1 1 1 1 1 1 1 1 1 1 1 2 1 1 1 1 2 2 2 2 1 1 1 1 1 1 1 1 1 1 1 1 1 1 2
M[201] : 3 2 1 2 3 1 2 2 2 3 2 1 3 1 2 2 1 2 2 2 2 3 2 1 2 2 1 2 2 3 3 2 2 2 2 2 0 2 1 3 2 3 2 2 2 2 2 3 3 1 1 3 1 2 3 3 1 2 1 2 2 2 2 2 2 2 1
M[202] : 3 2 3 3 3 2 3 3 3 3 1 1 2 3 2 2 2 2 3 3 3 2 2 2 0 1 2 2 3 3 3 2 2 2 3 1 2 2 2 2 3 2 3 2 3 3 3 3 1 2 2 2 2 1 3 3 2 2 3 2 3 2 2 2 3 3 3
M[203] : 3 3 2 4 3 3 1 2 2 3 3 3 3 3 3 3 2 3 4 3 3 2 3 3 3 3 2 3 4 3 3 3 2 0 4 2 3 3 3 3 2 3 3 4 3 2 2 3 3 3 4 3 3 2 3 2 3 3 4 3 4 4 3 2 2 3 4
M[204] : 2 1 2 2 2 2 2 3 3 3 1 2 1 3 1 2 2 2 2 3 1 1 2 2 1 2 2 1 3 2 2 2 1 1 2 1 1 1 3 1 3 1 3 2 2 2 1 2 2 3 1 1 1 1 2 1 2 2 2 1 2 2 1 1 2 0 2
M[205] : 2 1 1 2 1 1 1 2 2 2 1 1 1 1 1 1 2 2 2 2 2 2 1 1 1 1 1 1 2 2 1 2 1 1 1 1 1 1 1 1 2 2 2 1 2 2 2 1 1 2 1 2 1 1 2 1 1 1 1 2 2 2 1 1 0 1 1
M[206] : 2 2 0 1 2 3 2 1 2 2 3 3 3 3 3 3 2 2 2 1 3 2 3 3 3 3 3 2 2 2 2 2 2 3 3 3 2 2 3 3 1 2 2 3 3 2 2 1 3 3 4 3 3 3 1 2 3 2 3 3 3 2 2 3 2 2 2
M[207] : 1 0 2 2 1 1 2 2 2 2 2 1 2 1 2 1 2 1 2 2 1 1 1 1 2 2 1 1 2 2 2 1 1 2 0 2 1 1 2 1 2 1 2 2 2 2 1 2 2 2 2 2 2 0 1 1 1 2 2 2 2 2 1 1 1 2 2
M[208] : 2 2 1 2 2 1 1 1 1 1 2 1 1 1 1 1 1 1 1 1 1 1 2 1 1 2 1 1 1 2 1 1 2 1 1 2 1 1 1 2 1 2 1 1 1 0 2 1 2 1 1 1 1 1 1 2 1 1 1 1 1 1 1 1 1 1 1
M[209] : 1 1 1 1 1 0 1 0 1 1 0 0 1 2 1 1 1 1 1 1 1 0 1 1 1 1 0 1 2 1 1 1 1 0 1 0 1 1 1 1 1 1 1 2 1 1 1 1 1 2 1 1 1 0 1 1 2 1 1 1 1 1 1 1 1 1 2
M[210] : 1 2 2 1 2 2 2 1 2 1 3 2 2 1 3 2 1 2 2 2 2 2 2 2 2 0 2 2 2 2 2 1 1 3 2 3 1 1 3 2 2 2 2 2 2 2 2 2 2 2 3 2 1 2 1 1 1 2 2 2 2 2 1 3 2 2 1
M[211] : 1 2 2 1 2 2 2 1 2 1 2 2 2 1 2 2 1 2 2 2 2 2 2 1 2 1 2 1 2 2 2 1 1 3 2 2 1 1 2 2 2 0 2 1 2 2 2 2 1 1 2 1 1 2 1 1 1 1 2 2 2 2 1 3 2 2 1
M[212] : 2 2 3 2 3 2 2 1 3 1 2 2 2 2 3 2 2 3 2 3 2 2 1 2 2 3 2 2 3 1 3 2 2 2 1 3 2 2 2 2 3 3 2 2 2 2 2 3 3 2 2 2 2 3 3 2 2 2 3 2 0 2 2 2 2 3 2
M[213] : 2 2 1 2 2 2 2 3 3 3 1 1 2 3 1 2 2 2 3 3 2 2 2 2 1 1 2 2 3 2 3 2 1 1 2 1 2 1 2 1 3 2 3 3 3 2 3 2 1 3 2 2 2 1 2 3 2 0 3 2 2 2 1 1 2 2 3
M[214] : 2 2 1 2 3 3 2 0 3 3 3 3 3 3 3 3 2 3 3 2 3 2 3 3 3 3 3 3 3 3 3 3 2 2 3 3 3 2 3 3 2 3 3 3 3 2 3 2 3 3 4 3 3 3 2 2 3 3 3 3 3 2 3 3 2 3 3
M[215] : 2 2 1 2 2 1 1 1 1 0 1 1 1 1 1 1 1 1 1 1 1 1 2 1 1 2 1 1 1 2 1 1 2 1 1 2 1 1 0 1 1 2 1 2 1 1 2 2 2 1 1 1 1 1 1 2 1 2 1 1 1 1 1 1 2 1 1
M[216] : 2 1 1 2 2 0 1 2 2 1 1 1 1 2 1 1 2 1 1 2 1 1 1 2 1 1 1 1 2 1 0 1 1 1 2 1 1 1 1 1 2 1 2 2 1 2 1 1 1 2 1 1 1 1 2 2 2 1 1 1 2 2 1 1 1 1 2
M[217] : 2 1 1 2 2 1 1 1 1 1 2 1 1 1 0 1 1 1 1 1 1 1 2 1 1 1 1 1 2 2 1 1 1 1 2 2 1 1 1 2 1 2 1 1 1 1 2 1 2 1 1 1 1 1 2 2 1 1 1 2 2 2 1 1 2 1 1
M[218] : 2 1 1 1 1 0 0 1 1 1 0 0 1 2 1 1 1 1 1 1 1 1 1 1 1 1 0 1 2 1 1 1 1 0 2 0 1 1 1 1 2 1 1 2 1 1 1 1 1 1 1 1 1 0 1 1 2 1 1 1 1 1 1 1 1 1 2
M[219] : 1 1 2 2 1 1 2 2 2 2 2 2 1 2 1 1 2 1 2 2 1 1 1 1 2 2 1 1 2 2 2 1 1 1 1 2 0 1 2 1 2 1 2 2 1 2 1 2 2 3 2 1 1 1 1 1 2 2 2 2 2 2 1 1 2 1 2
M[220] : 1 2 2 2 2 1 3 1 1 2 2 1 2 2 2 1 1 2 2 2 2 2 2 1 1 2 1 1 1 2 2 1 1 2 0 2 1 2 2 2 1 2 1 2 1 2 3 2 2 1 2 2 2 1 1 1 1 1 2 1 1 2 2 2 3 2 2
M[221] : 2 1 1 2 2 1 2 2 2 2 1 1 1 2 1 2 2 2 2 2 2 2 2 1 1 1 1 2 2 2 1 2 1 1 2 1 2 1 1 1 2 2 2 1 2 2 2 0 1 2 1 2 1 1 2 2 2 1 2 2 2 2 1 1 2 1 1
M[222] : 2 2 2 2 2 3 2 1 2 2 3 3 3 3 3 2 2 3 2 1 2 2 2 3 3 3 3 2 2 2 2 1 0 3 2 3 1 2 3 3 2 3 2 3 2 2 2 2 3 3 3 3 2 3 1 1 1 2 3 2 2 2 2 3 2 1 3
M[223] : 2 2 3 3 2 2 2 3 3 3 1 1 2 3 1 2 2 2 3 3 3 2 2 2 1 1 2 2 3 3 3 2 0 2 3 1 2 2 2 2 3 2 3 3 3 3 3 3 1 3 2 2 2 1 2 3 2 2 3 2 2 2 1 2 2 3 3
M[224] : 2 1 1 2 1 1 1 1 1 1 0 0 1 1 1 1 0 1 1 1 1 1 1 1 0 1 1 1 1 1 1 1 1 1 1 1 1 1 0 1 1 2 1 1 1 1 1 1 1 0 1 1 1 0 1 2 1 1 1 1 1 1 1 1 1 1 1
M[225] : 2 2 1 2 2 1 1 1 1 1 2 1 1 1 1 1 1 1 1 1 1 1 2 1 1 2 1 1 1 2 1 1 2 0 1 2 1 1 0 2 1 2 1 1 1 1 2 1 2 1 1 1 1 1 1 2 1 1 1 1 1 1 1 1 1 1 1
M[226] : 3 2 2 3 2 2 2 3 3 3 2 2 0 4 1 3 3 3 3 3 3 1 2 3 3 2 2 2 3 3 3 3 2 1 3 2 3 2 3 2 3 2 3 4 3 2 2 3 3 3 2 3 3 2 3 3 3 3 3 3 4 3 2 1 2 3 4
M[227] : 2 2 2 0 3 1 2 1 1 2 2 1 2 2 2 1 1 2 2 2 2 2 2 1 1 2 1 1 1 3 2 1 1 2 1 2 1 2 2 2 1 2 1 2 1 2 3 2 2 1 2 2 2 1 1 1 1 2 2 1 1 1 2 2 3 2 2
M[228] : 2 0 1 2 2 1 2 2 2 2 1 1 2 2 1 1 2 2 2 2 2 2 2 1 1 1 1 2 2 2 2 2 1 2 1 1 2 1 1 1 2 2 2 1 2 3 2 1 1 2 1 2 1 1 2 2 1 1 2 2 2 2 1 2 2 2 1
M[229] : 2 1 1 2 2 2 2 3 3 0 1 1 1 3 1 2 2 2 2 3 2 1 2 2 1 1 1 2 2 1 2 2 1 1 2 1 2 1 2 1 2 2 3 2 1 2 2 1 1 2 1 2 1 1 2 2 2 1 2 2 2 2 1 1 2 1 2
M[230] : 1 2 2 2 3 3 2 1 2 1 2 3 3 2 3 2 2 3 3 3 0 3 2 3 3 3 3 3 2 2 3 2 3 2 2 3 2 2 2 3 3 3 3 2 1 2 2 3 2 2 2 3 2 3 2 2 2 2 3 2 2 2 3 3 2 3 2
M[231] : 1 2 2 1 2 2 2 1 2 2 3 2 2 1 2 2 1 1 2 1 2 2 2 2 2 2 2 2 2 2 2 1 1 3 2 2 1 1 3 2 2 2 2 1 2 2 2 2 2 0 2 2 1 2 1 1 1 1 2 2 2 2 1 3 2 2 1
M[232] : 2 2 2 2 3 1 2 2 1 3 2 1 2 2 2 1 1 2 2 1 2 2 2 1 1 2 1 1 1 3 2 1 2 2 2 2 1 2 2 3 1 3 1 2 2 2 3 2 2 1 2 2 2 1 0 3 1 2 2 1 2 1 2 2 3 2 2
M[233] : 2 1 1 2 1 1 1 1 1 1 1 1 1 1 1 1 1 1 1 1 1 1 2 1 0 1 1 1 2 2 1 1 1 1 1 0 1 1 0 2 1 2 1 1 1 1 2 1 1 1 1 1 1 1 2 2 1 1 1 2 2 2 1 1 1 1 1
M[234] : 0 1 2 2 1 2 2 2 2 3 2 2 2 2 2 1 2 2 2 2 1 1 2 2 2 2 2 1 3 2 2 1 2 1 1 2 2 1 3 1 3 1 2 2 2 2 1 2 2 3 2 1 2 1 2 2 3 2 2 2 2 2 2 1 2 2 2
M[235] : 1 2 1 1 2 2 2 1 2 2 3 2 3 0 3 2 1 1 2 1 2 2 2 2 2 3 2 2 2 2 2 1 1 3 2 3 1 1 3 2 2 2 2 2 2 2 2 2 2 3 2 2 1 2 1 1 1 1 2 2 2 2 1 3 2 1 2
M[236] : 2 2 1 2 2 3 2 1 2 2 3 3 3 3 3 3 2 2 2 1 3 2 3 3 3 3 3 2 2 2 2 2 2 3 3 3 3 2 3 3 0 2 2 3 3 2 2 1 3 3 4 3 3 3 1 2 3 3 3 3 3 2 2 3 2 2 3
M[237] : 2 2 1 2 3 1 2 1 1 3 2 1 2 1 2 1 1 1 1 1 0 2 2 1 1 2 1 1 2 3 1 1 2 2 2 2 1 2 1 3 1 3 1 2 2 2 2 2 2 1 1 1 1 1 1 2 1 2 1 2 2 2 2 2 3 1 2
M[238] : 3 1 3 3 3 2 2 2 3 2 2 2 3 1 3 2 1 3 2 3 2 3 1 2 2 3 1 2 3 2 3 2 3 3 2 3 2 3 1 3 3 3 3 1 2 2 2 2 3 1 0 3 2 2 3 3 2 3 3 2 2 2 3 3 2 2 2
M[239] : 1 2 2 2 2 1 2 1 2 1 2 1 2 2 1 1 1 2 1 2 1 2 2 1 1 1 1 1 2 2 2 1 2 2 2 2 1 1 2 2 2 2 1 2 1 2 2 2 1 2 2 1 1 2 2 2 1 2 2 2 1 2 2 0 2 2 1
M[240] : 1 1 2 2 1 1 3 2 2 3 2 1 2 2 2 2 2 2 2 2 2 2 2 1 2 2 1 1 2 2 2 2 2 2 2 2 2 1 3 2 2 1 2 2 3 2 1 1 2 2 2 2 2 1 2 2 2 2 1 2 2 2 2 2 1 2 0
M[241] : 2 1 3 2 3 2 2 2 3 1 2 2 3 2 3 2 2 3 2 3 2 3 1 2 2 3 2 2 3 1 3 2 3 3 1 3 2 2 2 0 3 3 2 2 2 2 2 3 3 2 2 2 2 3 3 2 2 2 2 2 1 2 3 2 2 3 2
M[242] : 4 2 3 3 3 3 2 2 2 3 1 2 3 4 3 2 2 3 4 2 3 2 2 3 2 3 2 3 3 4 4 3 3 2 2 2 3 3 2 2 2 3 3 3 3 2 3 3 3 0 2 3 3 3 3 3 3 3 3 4 3 3 3 3 3 3 4
M[243] : 1 1 2 2 1 1 2 2 2 3 2 2 1 2 1 1 2 1 2 2 1 1 2 1 2 2 2 1 3 2 2 1 1 1 1 1 1 1 3 1 3 1 2 2 0 2 1 2 2 3 2 1 1 1 1 1 2 2 2 2 2 2 1 1 2 1 2
M[244] : 4 2 3 3 3 1 2 2 2 3 2 1 3 2 2 2 1 2 3 2 3 2 2 0 2 2 1 2 3 3 3 2 3 2 2 2 2 2 2 3 2 3 3 2 2 2 3 3 2 1 2 3 2 1 2 3 1 2 2 3 2 2 2 2 3 3 2
M[245] : 2 2 1 2 2 3 2 1 2 2 3 3 3 3 3 2 2 2 2 1 2 2 2 3 2 3 3 2 2 2 2 1 1 3 2 3 0 2 3 3 2 3 2 3 2 2 2 2 3 3 3 3 2 3 1 1 2 2 3 2 2 2 2 3 2 1 2
M[246] : 2 1 1 1 2 2 2 1 1 2 3 3 2 2 3 3 2 1 2 1 3 2 3 2 2 3 2 2 1 0 1 2 1 2 3 2 2 2 2 2 1 2 2 2 3 2 2 1 3 3 3 3 2 1 1 2 2 1 2 2 2 1 2 3 2 2 2
M[247] : 2 2 1 1 2 3 2 1 0 3 3 3 3 3 3 3 2 3 3 1 3 2 3 3 3 3 3 3 2 3 2 2 2 2 3 3 3 2 2 3 2 2 2 3 3 2 3 1 3 3 4 3 3 2 2 2 3 3 3 3 3 2 2 3 2 2 3
M[248] : 3 2 2 3 2 2 2 3 3 3 2 2 1 3 1 2 2 2 3 3 3 1 2 2 2 2 2 2 3 3 3 3 2 1 3 1 3 0 3 1 3 2 3 3 2 2 2 2 2 3 2 2 3 1 3 3 3 2 3 3 2 3 2 1 2 3 3
M[249] : 2 1 1 2 1 1 1 1 1 1 1 1 1 1 1 1 1 1 1 1 1 1 2 1 0 1 1 1 2 2 1 1 1 1 1 1 1 1 0 2 1 2 1 1 1 1 2 1 0 1 1 1 1 1 2 2 1 1 1 2 2 2 1 1 1 1 1

