 Execution de l'algoritme BITS sur le fichier r250.5.col.txt
=====================================================================
 Partitions  : 
Vk[0] : 7 5 215 131 -->  4 éléments.
Vk[1] : 85 115 80 51 -->  4 éléments.
Vk[2] : 139 69 162 -->  3 éléments.
Vk[3] : 118 153 49 120 -->  4 éléments.
Vk[4] : 58 225 167 38 -->  4 éléments.
Vk[5] : 172 71 44 35 -->  4 éléments.
Vk[6] : 101 33 41 30 -->  4 éléments.
Vk[7] : 233 221 81 91 -->  4 éléments.
Vk[8] : 181 130 187 199 -->  4 éléments.
Vk[9] : 218 227 185 214 -->  4 éléments.
Vk[10] : 123 106 136 247 -->  4 éléments.
Vk[11] : 95 202 154 138 -->  4 éléments.
Vk[12] : 178 54 169 245 -->  4 éléments.
Vk[13] : 67 19 224 32 -->  4 éléments.
Vk[14] : 105 64 163 70 -->  4 éléments.
Vk[15] : 122 53 24 147 -->  4 éléments.
Vk[16] : 240 27 90 102 -->  4 éléments.
Vk[17] : 196 174 210 77 -->  4 éléments.
Vk[18] : 144 220 206 9 -->  4 éléments.
Vk[19] : 213 137 17 55 -->  4 éléments.
Vk[20] : 86 98 132 29 -->  4 éléments.
Vk[21] : 76 65 110 119 -->  4 éléments.
Vk[22] : 36 100 124 160 -->  4 éléments.
Vk[23] : 156 60 222 -->  3 éléments.
Vk[24] : 10 8 50 99 -->  4 éléments.
Vk[25] : 88 239 31 -->  3 éléments.
Vk[26] : 158 14 75 146 -->  4 éléments.
Vk[27] : 211 194 226 -->  3 éléments.
Vk[28] : 128 63 125 216 -->  4 éléments.
Vk[29] : 189 161 42 -->  3 éléments.
Vk[30] : 246 212 223 18 -->  4 éléments.
Vk[31] : 16 25 186 20 -->  4 éléments.
Vk[32] : 249 228 155 179 -->  4 éléments.
Vk[33] : 237 73 112 149 -->  4 éléments.
Vk[34] : 175 6 114 43 -->  4 éléments.
Vk[35] : 198 244 97 -->  3 éléments.
Vk[36] : 151 117 59 241 -->  4 éléments.
Vk[37] : 126 108 197 37 -->  4 éléments.
Vk[38] : 203 62 209 68 -->  4 éléments.
Vk[39] : 229 72 190 -->  3 éléments.
Vk[40] : 248 184 143 235 -->  4 éléments.
Vk[41] : 40 140 166 12 -->  4 éléments.
Vk[42] : 28 89 201 -->  3 éléments.
Vk[43] : 164 79 104 3 -->  4 éléments.
Vk[44] : 74 177 127 -->  3 éléments.
Vk[45] : 171 219 109 168 -->  4 éléments.
Vk[46] : 57 61 236 -->  3 éléments.
Vk[47] : 141 83 34 -->  3 éléments.
Vk[48] : 193 217 145 -->  3 éléments.
Vk[49] : 208 39 159 15 -->  4 éléments.
Vk[50] : 204 113 230 -->  3 éléments.
Vk[51] : 183 231 242 -->  3 éléments.
Vk[52] : 0 1 134 -->  3 éléments.
Vk[53] : 23 78 94 180 -->  4 éléments.
Vk[54] : 150 93 173 -->  3 éléments.
Vk[55] : 191 103 82 4 -->  4 éléments.
Vk[56] : 152 47 129 26 -->  4 éléments.
Vk[57] : 116 11 148 135 -->  4 éléments.
Vk[58] : 52 192 121 84 -->  4 éléments.
Vk[59] : 243 133 96 232 -->  4 éléments.
Vk[60] : 48 22 165 182 -->  4 éléments.
Vk[61] : 170 87 13 66 -->  4 éléments.
Vk[62] : 207 205 107 195 -->  4 éléments.
Vk[63] : 92 111 56 176 -->  4 éléments.
Vk[64] : 234 157 46 -->  3 éléments.
Vk[65] : 200 188 21 45 -->  4 éléments.
Vk[66] : 2 238 142 -->  3 éléments.
Matrice M
M[0] : 2 2 3 1 2 2 1 3 3 2 3 4 3 1 2 3 2 2 3 3 2 3 3 3 2 2 2 2 3 3 3 3 3 3 3 2 3 3 2 3 3 3 3 2 3 4 3 3 3 2 3 1 0 3 3 3 2 3 3 3 3 3 3 1 2 2 2
M[1] : 2 2 1 2 2 2 3 2 2 2 2 2 2 2 2 3 2 2 2 2 2 2 2 2 2 1 2 1 2 1 2 2 2 2 2 1 1 2 2 2 1 2 1 2 1 2 2 1 1 2 1 2 0 2 2 2 2 2 2 2 2 2 2 2 2 2 2
M[2] : 3 1 1 2 1 1 2 1 2 2 2 1 1 1 2 2 1 2 2 2 1 1 3 1 1 1 1 1 1 2 1 2 1 2 2 2 2 2 3 1 2 2 1 1 1 2 1 2 1 1 1 1 2 2 2 2 1 2 1 2 2 2 3 2 2 1 0
M[3] : 1 1 2 1 1 1 1 1 1 1 1 2 1 1 1 1 1 1 2 1 1 1 1 1 1 1 1 1 1 1 1 1 1 1 2 1 2 1 1 1 2 1 1 0 1 2 1 1 1 1 1 1 1 1 1 2 1 2 2 1 1 1 1 0 1 1 1
M[4] : 2 2 2 3 2 1 3 2 3 1 1 3 2 2 3 3 3 3 1 3 3 2 2 2 3 3 3 2 2 2 3 2 2 3 3 3 3 2 2 2 3 3 2 3 2 2 1 2 2 3 2 3 3 2 2 0 3 3 3 3 2 2 3 2 3 3 2
M[5] : 0 2 3 3 2 3 2 3 3 2 3 3 3 1 3 3 3 3 3 2 1 3 3 3 2 3 1 3 4 3 3 3 2 4 3 3 4 3 2 3 3 4 3 2 3 3 3 3 3 3 3 3 3 4 3 4 3 4 3 3 4 3 4 1 3 3 3
M[6] : 2 2 1 2 2 2 2 2 2 2 2 2 1 1 1 2 1 2 2 2 1 1 2 1 2 1 1 1 2 1 2 2 1 2 0 1 1 1 2 2 1 2 1 2 1 1 2 1 1 1 1 1 1 2 1 2 2 1 2 1 2 2 1 2 1 1 1
M[7] : 0 2 1 2 1 2 1 2 2 2 2 2 2 2 2 2 1 1 1 1 2 2 2 1 2 1 3 1 2 1 2 2 1 1 1 1 2 2 1 2 1 1 1 2 1 1 1 1 1 2 1 1 1 2 1 1 1 2 1 2 1 2 1 2 1 3 1
M[8] : 3 3 2 2 3 3 2 2 3 2 3 3 4 2 2 2 3 2 3 3 3 3 2 3 0 2 3 3 3 2 3 3 2 2 3 2 4 3 2 2 3 3 3 3 3 3 2 3 3 3 2 2 2 3 2 3 3 2 3 2 2 3 2 2 2 3 2
M[9] : 2 2 1 2 3 3 2 2 2 2 2 2 3 3 2 1 3 1 0 2 3 2 2 2 1 2 3 1 2 2 1 2 2 2 3 2 1 3 1 1 1 2 2 3 2 3 2 2 2 3 2 1 1 2 2 2 2 1 3 2 2 2 1 2 1 3 1
M[10] : 1 2 1 2 2 2 1 2 2 2 2 2 2 2 2 2 1 1 1 1 2 2 2 1 0 2 3 1 2 1 2 2 1 2 1 1 2 2 1 1 1 2 1 2 2 1 1 1 1 2 1 1 1 2 1 1 2 2 2 2 1 2 1 1 1 3 1
M[11] : 3 3 2 2 3 3 2 2 3 3 3 3 3 2 2 2 3 2 2 2 3 3 2 2 2 2 2 3 3 2 2 3 2 2 3 2 3 3 1 2 3 2 2 3 3 3 2 3 3 3 2 2 2 2 2 3 3 0 3 2 2 3 2 3 2 3 2
M[12] : 2 2 2 1 2 2 1 3 3 2 3 3 3 3 2 2 2 1 3 3 2 2 2 3 1 1 2 2 2 2 3 2 3 3 3 2 3 2 2 2 3 0 2 2 3 3 3 3 3 2 3 1 1 2 2 3 2 3 3 2 3 3 2 1 1 3 2
M[13] : 3 1 2 2 2 1 3 2 3 1 1 3 3 2 3 3 3 3 1 3 3 3 2 2 4 3 2 2 2 3 3 3 2 3 3 3 3 2 2 3 3 3 3 2 3 2 1 3 2 3 2 3 3 3 3 3 3 3 3 3 3 0 3 2 3 2 2
M[14] : 1 1 2 1 1 1 1 1 1 1 1 2 1 2 1 1 1 1 2 1 1 1 1 1 1 1 0 1 1 1 2 1 2 1 2 1 1 1 1 1 2 1 1 1 1 2 1 1 1 1 1 1 1 1 1 2 1 1 2 1 1 1 1 0 1 1 1
M[15] : 2 3 2 2 1 2 1 1 1 2 2 2 2 2 2 1 2 1 2 1 1 3 2 1 2 1 2 2 1 1 2 2 1 1 2 1 2 2 2 2 2 1 1 2 1 2 2 1 1 0 1 2 1 1 1 2 1 2 1 2 1 2 1 3 2 2 2
M[16] : 2 2 1 2 1 2 2 2 1 3 3 1 1 1 1 2 2 2 2 2 1 1 2 1 2 2 1 1 2 1 1 0 1 1 2 2 1 1 2 1 1 2 1 1 2 1 1 1 1 1 1 2 2 3 1 3 1 1 1 2 2 2 2 2 1 1 1
M[17] : 0 1 1 1 2 1 1 1 2 1 1 1 2 1 2 2 2 1 1 0 2 1 1 2 1 1 2 1 1 2 1 2 1 1 2 2 2 2 2 1 2 1 1 1 1 2 1 1 1 2 1 2 2 1 2 2 2 2 1 2 1 1 2 1 2 2 1
M[18] : 1 1 1 0 1 1 0 1 1 1 1 1 1 1 1 1 0 1 1 1 1 1 1 1 0 0 1 1 1 1 0 1 1 1 2 1 1 1 1 0 1 1 1 1 1 2 1 1 1 1 1 0 0 1 1 1 1 1 1 1 1 1 1 0 1 1 0
M[19] : 1 2 1 2 1 2 1 1 1 2 1 1 3 0 1 1 2 2 2 1 2 3 1 2 2 2 2 2 2 1 1 2 1 1 2 1 1 2 0 1 2 2 2 1 1 2 2 1 1 1 2 2 1 1 1 1 1 1 2 1 1 1 2 2 1 1 2
M[20] : 1 2 1 2 1 1 1 1 1 1 1 1 3 1 1 1 2 1 1 1 2 3 0 1 2 1 1 2 1 1 1 0 1 1 2 1 1 2 0 1 2 1 1 1 1 2 1 1 1 1 1 1 1 1 1 1 1 1 2 1 1 1 1 2 0 1 2
M[21] : 3 2 2 3 1 1 3 3 3 2 3 3 3 2 4 4 3 3 2 3 2 3 2 3 4 3 2 2 4 3 3 3 3 4 3 3 3 3 2 3 3 4 3 2 3 3 3 3 2 3 2 3 3 4 3 3 2 3 3 4 4 3 3 2 3 0 3
M[22] : 2 2 1 2 1 1 2 1 1 2 2 1 1 1 2 2 2 2 2 1 1 1 2 1 1 1 1 1 1 2 1 2 1 1 2 2 2 2 3 1 1 2 1 1 2 2 1 2 1 1 1 2 2 2 2 2 1 2 1 2 0 3 2 2 2 1 1
M[23] : 2 2 2 1 2 2 1 3 2 2 2 3 2 2 2 2 1 2 2 2 2 2 3 2 2 1 2 2 2 1 3 2 3 2 2 1 3 1 2 2 3 2 1 2 1 3 2 1 2 2 3 1 1 0 1 2 2 3 2 2 2 3 2 1 1 2 2
M[24] : 2 3 2 3 2 2 2 2 3 2 2 3 3 3 3 0 4 2 2 2 2 3 2 3 3 3 3 3 3 3 3 3 1 4 3 2 3 4 2 2 3 3 3 3 3 3 2 3 2 2 3 2 3 3 3 3 2 3 3 4 3 3 2 3 3 2 2
M[25] : 2 2 2 1 2 2 1 3 2 2 2 3 2 2 2 2 2 1 2 2 2 2 3 2 1 1 2 2 1 1 3 0 3 2 2 1 3 1 2 2 3 2 1 2 2 3 2 1 2 2 2 1 1 1 1 2 2 3 2 2 3 3 2 1 1 2 2
M[26] : 2 1 2 1 1 1 1 2 1 1 1 2 1 2 1 1 1 1 2 2 2 1 2 1 1 1 1 1 1 1 2 1 2 1 2 1 2 1 1 1 2 1 1 2 1 2 1 1 2 2 1 1 1 1 1 2 0 2 2 1 1 1 1 1 1 1 1
M[27] : 2 2 2 2 2 3 1 3 3 2 3 4 3 1 2 3 0 2 3 3 2 3 3 3 2 2 2 2 3 3 2 3 3 3 3 2 3 3 2 2 3 3 3 2 3 4 3 3 3 2 3 1 2 4 3 3 2 3 3 3 3 3 3 1 2 2 2
M[28] : 2 2 1 3 2 2 3 2 2 2 1 2 2 2 3 3 3 4 2 3 2 2 2 2 3 2 2 1 2 2 2 2 2 2 3 2 2 2 2 2 2 2 0 2 1 2 2 1 2 2 2 3 3 2 2 2 2 2 3 2 3 1 2 3 2 2 1
M[29] : 2 2 3 3 1 2 3 3 3 3 3 3 3 2 3 3 3 4 3 3 0 3 2 3 3 2 1 3 4 3 3 3 2 4 3 3 4 3 2 3 3 4 3 2 3 3 3 3 2 1 3 3 3 4 3 4 3 4 2 4 4 3 4 2 3 1 3
M[30] : 1 1 1 1 0 1 0 1 1 1 1 1 1 0 1 1 1 1 1 1 0 1 1 1 1 0 0 1 1 1 1 1 1 1 1 1 1 1 1 1 1 1 1 1 0 1 1 1 1 0 1 1 1 1 1 1 1 1 1 1 2 1 2 1 1 0 1
M[31] : 2 1 1 2 2 1 2 2 2 1 1 2 2 2 3 3 3 2 1 3 2 1 2 2 3 0 2 2 1 2 2 2 2 3 2 2 2 2 2 1 2 1 2 2 1 2 1 2 2 2 2 3 3 1 2 2 3 2 3 2 2 1 2 2 2 2 1
M[32] : 2 2 3 2 2 3 2 2 3 2 3 3 3 0 3 3 3 3 3 3 1 3 3 3 2 2 2 2 4 3 3 3 2 3 4 3 4 3 2 3 4 4 3 1 3 3 3 3 3 2 3 2 3 4 3 4 2 3 3 3 4 3 4 1 3 2 3
M[33] : 2 3 2 2 2 2 0 2 1 2 2 2 2 3 2 1 2 1 2 1 2 3 2 1 2 2 3 1 2 1 2 2 1 1 1 1 2 2 2 2 2 1 1 2 2 1 1 1 1 2 1 2 1 2 1 2 2 2 1 2 1 2 1 3 2 2 2
M[34] : 2 3 2 2 2 2 2 2 1 2 2 2 3 3 2 1 3 2 2 1 2 3 2 1 2 3 3 2 2 1 2 2 1 1 2 1 2 2 2 2 2 2 2 3 2 2 2 0 1 3 1 2 2 2 1 2 2 2 1 2 1 2 2 3 2 2 2
M[35] : 2 1 1 1 1 0 2 1 1 2 1 1 1 1 1 2 2 1 2 1 1 1 1 1 1 0 0 1 1 1 1 1 1 1 2 1 1 1 2 1 1 1 1 1 2 1 1 1 1 1 1 1 1 1 1 2 1 1 1 1 1 1 2 2 1 0 1
M[36] : 2 1 2 1 1 1 1 2 1 1 1 2 1 2 1 1 1 1 2 2 1 1 0 1 1 1 1 1 1 1 2 1 2 1 2 1 2 1 1 1 2 1 1 2 1 2 1 1 2 2 1 1 1 1 1 2 1 2 2 1 1 1 2 1 1 1 2
M[37] : 1 2 1 1 1 1 1 0 1 1 1 1 1 1 1 1 2 1 1 1 2 1 0 1 2 1 1 2 1 1 1 1 1 1 2 1 1 0 0 1 1 1 1 1 1 2 1 1 1 1 1 1 0 1 1 1 1 1 2 1 1 1 0 1 0 1 1
M[38] : 0 1 1 1 0 1 1 1 1 0 1 1 1 1 2 1 2 2 1 1 1 1 1 1 2 1 1 0 1 0 1 1 1 1 2 2 1 1 1 1 1 1 1 1 1 0 1 1 1 1 0 2 2 1 1 1 1 1 1 1 1 1 2 1 1 1 1
M[39] : 1 1 1 1 1 1 2 1 1 1 1 1 1 1 1 1 2 2 1 2 2 1 1 1 2 1 1 1 1 1 1 1 1 2 1 1 1 1 1 1 1 2 2 1 1 1 1 2 1 0 1 2 2 1 1 1 2 1 2 1 2 1 1 1 1 2 1
M[40] : 2 1 1 2 2 1 2 2 2 1 1 2 2 2 3 3 3 2 1 3 2 2 2 2 4 2 2 2 1 2 2 2 2 3 2 2 2 2 2 2 2 0 2 2 1 2 1 1 2 2 2 3 3 2 2 2 3 2 3 2 2 1 2 2 2 2 1
M[41] : 2 2 3 2 2 3 0 3 3 2 3 3 3 1 3 3 3 2 3 3 2 3 3 3 2 2 2 2 3 3 3 3 3 3 3 3 3 3 2 3 3 3 3 2 3 4 3 3 3 2 3 1 2 4 3 4 2 3 3 3 3 3 4 1 2 2 2
M[42] : 2 3 2 3 2 2 3 2 2 2 2 2 3 3 2 2 3 2 2 2 3 3 2 1 3 3 3 2 2 0 2 2 2 2 1 1 2 2 2 2 2 3 2 3 2 1 1 2 1 3 1 2 2 2 1 2 2 2 2 2 1 2 2 3 2 3 2
M[43] : 2 2 2 3 3 2 3 2 3 2 2 2 1 3 2 2 3 3 2 2 3 2 2 1 3 3 3 2 2 1 2 2 2 2 0 1 3 2 2 2 3 3 2 3 2 1 1 2 2 3 1 3 3 2 1 2 3 2 3 2 2 2 2 2 3 3 2
M[44] : 2 3 2 3 2 0 3 2 3 1 2 3 3 3 3 3 3 3 2 3 3 3 2 2 3 3 3 2 3 3 3 3 2 3 3 3 3 2 2 2 3 3 3 3 3 2 1 3 2 3 2 3 3 3 3 3 3 3 3 3 2 2 3 2 3 3 2
M[45] : 2 1 2 1 1 1 1 2 1 1 2 3 1 2 2 1 2 1 2 1 1 1 2 1 1 1 1 1 1 1 2 1 1 1 2 1 2 1 1 1 2 1 1 2 2 2 1 1 1 1 1 1 1 1 1 2 1 2 2 1 1 2 1 1 1 0 1
M[46] : 2 2 1 3 3 1 2 2 2 1 1 2 1 2 2 2 2 2 1 2 3 1 2 1 3 2 3 2 2 1 2 1 2 2 1 1 2 1 2 2 1 2 2 3 2 1 1 2 1 3 1 3 2 2 1 1 3 2 2 2 2 1 1 2 0 3 1
M[47] : 0 1 1 1 1 1 1 1 1 0 1 1 1 1 2 1 2 2 1 1 1 1 1 1 2 1 1 1 1 1 1 1 1 1 2 2 1 1 1 1 1 1 1 1 1 0 1 1 1 1 0 2 2 1 1 1 0 1 1 1 1 1 2 1 1 1 1
M[48] : 2 1 2 1 2 1 1 3 2 2 2 3 1 2 2 2 2 1 2 2 2 2 2 1 1 1 2 2 1 1 3 1 3 1 2 1 2 1 2 2 3 1 1 2 2 3 1 1 2 2 2 1 1 1 1 2 2 2 2 2 0 2 2 1 1 2 2
M[49] : 2 1 1 0 2 1 1 2 2 1 1 1 2 1 2 3 2 2 1 2 2 1 2 1 2 1 2 2 1 2 1 1 2 2 2 2 2 2 2 1 2 2 2 2 1 2 1 1 1 2 1 2 2 1 2 1 3 1 2 2 2 1 2 2 2 2 1
M[50] : 2 2 1 2 1 1 2 1 1 2 3 1 1 1 2 2 2 2 2 1 1 1 2 1 0 2 1 1 2 1 1 1 1 1 2 2 1 2 3 1 1 2 1 1 2 2 1 2 1 1 1 2 2 2 1 2 1 1 1 2 2 3 2 2 1 1 1
M[51] : 1 0 1 1 1 2 1 0 1 2 1 1 2 2 1 1 2 1 2 1 1 2 0 1 2 1 1 1 1 1 1 2 1 1 1 1 2 2 1 1 2 1 1 1 1 1 1 1 1 1 1 1 1 1 1 2 1 2 1 1 1 1 1 2 1 1 1
M[52] : 3 3 2 2 2 3 2 2 2 3 3 2 3 1 3 3 2 2 4 2 1 3 3 3 2 2 2 2 3 2 3 3 2 2 3 3 3 3 3 3 3 3 2 2 2 3 3 2 3 2 3 2 2 3 3 3 2 3 0 3 4 3 3 2 2 2 2
M[53] : 2 2 1 2 1 2 3 1 1 2 2 2 1 1 1 0 2 2 2 2 1 1 2 1 2 2 1 1 2 1 2 1 2 2 2 1 1 1 2 2 1 2 1 1 2 1 2 1 1 1 1 2 2 2 1 3 1 1 2 1 2 2 2 2 1 1 1
M[54] : 2 2 2 1 2 3 1 2 3 2 3 3 0 3 2 2 2 1 2 3 2 1 2 2 1 1 2 2 2 2 3 2 2 2 2 1 2 2 2 1 3 1 2 3 2 3 2 2 3 2 2 1 1 2 2 2 2 2 3 2 2 3 1 2 1 3 1
M[55] : 2 3 2 3 2 2 2 2 2 2 2 2 3 3 2 2 3 2 2 0 2 3 2 1 2 3 3 2 2 1 2 2 1 2 1 1 2 2 2 2 2 3 3 3 2 1 2 2 1 3 1 2 2 2 1 2 2 2 1 2 1 2 2 3 2 3 2
M[56] : 1 2 3 3 1 3 2 3 3 2 3 3 3 1 3 3 3 3 3 2 1 3 3 3 3 3 1 3 4 3 3 3 2 4 3 3 4 3 2 3 3 4 3 2 3 3 3 3 2 2 3 3 3 4 3 4 3 4 3 3 4 3 4 0 3 2 3
M[57] : 2 1 1 1 2 2 1 2 2 2 2 3 2 3 2 2 2 1 2 2 2 1 2 1 1 1 2 2 2 1 3 2 2 2 2 1 2 2 2 1 2 1 2 3 2 3 0 2 1 3 2 1 1 2 1 2 2 2 3 2 2 2 1 2 1 3 1
M[58] : 1 2 1 1 0 1 1 1 1 2 1 1 2 1 1 1 2 1 2 1 1 2 0 1 2 1 1 1 1 1 1 2 1 1 2 1 2 2 1 1 2 1 1 1 1 2 1 1 1 1 1 1 1 1 1 1 1 2 1 1 1 1 1 2 1 1 2
M[59] : 2 2 3 3 1 2 3 3 1 3 3 2 2 1 3 3 2 3 3 2 1 3 2 2 3 2 1 1 2 2 2 3 3 2 3 3 0 3 2 3 1 3 2 2 2 3 2 2 2 1 2 2 2 3 3 3 1 2 2 2 3 3 4 2 2 1 2
M[60] : 2 2 1 2 1 2 2 2 1 3 3 2 1 1 2 3 2 2 3 2 1 1 2 0 3 2 1 1 2 2 2 3 2 1 2 2 1 2 3 1 1 3 1 1 2 3 2 2 1 1 1 2 2 3 2 3 1 1 1 2 2 3 3 2 2 1 1
M[61] : 2 1 1 1 1 1 2 1 1 2 2 1 1 1 2 2 1 2 2 1 1 1 2 1 1 1 1 1 1 2 1 2 1 2 2 2 2 2 3 1 1 2 1 1 1 2 0 2 1 1 1 1 2 2 2 2 1 2 1 2 1 2 2 2 2 1 1
M[62] : 2 1 2 1 1 1 1 2 2 1 1 2 1 2 1 1 1 2 1 2 1 2 3 2 2 1 1 2 2 1 2 1 2 2 1 1 1 1 0 2 2 2 1 2 1 1 2 1 2 2 1 1 1 1 1 1 1 2 2 1 2 1 2 1 1 1 2
M[63] : 2 3 2 2 1 2 1 1 1 2 2 2 3 3 1 1 2 2 2 1 2 3 2 1 2 2 2 2 0 1 2 2 1 1 2 1 2 2 2 2 2 2 1 1 1 2 2 1 1 1 1 2 1 1 1 2 1 2 1 1 1 2 2 3 2 2 2
M[64] : 2 2 1 2 2 2 3 2 2 2 2 2 2 1 0 2 1 2 2 2 1 2 1 1 2 1 1 1 2 1 2 2 1 2 1 1 1 2 2 2 1 2 1 2 1 1 2 1 1 1 1 2 1 2 1 2 2 1 2 2 2 2 1 2 1 1 1
M[65] : 2 2 1 2 1 2 2 2 1 3 3 1 1 1 2 3 2 2 2 1 1 0 2 1 2 1 1 1 2 2 1 2 2 2 2 2 2 2 3 1 1 3 2 1 2 2 1 2 1 1 1 2 2 2 2 2 1 2 1 2 3 3 3 2 2 1 1
M[66] : 1 1 1 1 0 1 1 1 1 1 1 1 1 0 1 1 0 1 1 1 0 1 1 1 1 0 0 1 1 1 1 1 1 1 1 1 1 1 1 1 1 1 0 0 0 1 1 0 1 0 1 0 1 1 1 1 0 1 1 1 1 0 2 1 1 0 1
M[67] : 1 2 1 2 2 1 2 2 2 1 1 1 1 0 2 2 2 2 1 2 3 1 2 1 2 2 2 1 2 1 1 1 2 2 1 1 1 1 2 1 1 2 2 2 1 1 1 2 1 2 1 2 2 2 1 1 3 1 2 2 2 1 1 1 1 2 1
M[68] : 1 2 1 2 2 1 2 2 2 2 1 1 1 1 2 2 1 2 1 2 2 1 1 1 2 2 3 1 2 1 2 1 2 2 1 1 1 1 0 1 1 2 1 2 2 1 1 1 1 2 1 1 1 2 1 1 2 1 2 2 1 1 1 1 1 3 1
M[69] : 2 2 0 1 3 3 2 2 3 3 3 4 3 3 2 2 3 2 3 3 3 2 2 2 1 2 3 2 3 2 2 3 2 2 3 2 3 3 2 1 4 2 2 3 2 3 2 2 3 3 2 1 1 2 2 3 2 2 3 2 2 3 2 2 1 3 2
M[70] : 1 1 1 2 2 1 2 1 1 1 1 1 1 1 0 2 2 2 1 2 2 1 1 1 2 2 2 1 1 1 1 1 2 2 1 1 1 1 2 1 1 2 2 1 1 1 1 2 1 2 1 2 2 1 1 1 2 1 2 1 2 1 1 1 1 2 1
M[71] : 1 2 1 2 1 0 1 1 1 1 1 1 2 1 1 1 2 1 1 1 2 2 0 1 2 1 1 2 2 1 1 1 1 1 2 1 1 1 0 1 1 1 2 1 1 2 1 1 1 1 1 0 0 1 1 1 1 1 2 1 1 1 1 1 1 1 1
M[72] : 3 3 2 2 3 3 2 2 3 3 3 4 3 3 2 2 3 2 3 3 3 3 2 2 1 2 3 3 3 2 2 3 2 2 3 2 3 3 2 0 3 2 2 3 3 3 2 3 3 3 2 2 2 2 2 3 3 2 3 2 2 3 2 2 2 3 2
M[73] : 2 2 1 2 1 2 2 2 1 3 3 1 1 1 2 3 2 2 2 1 1 1 2 1 1 2 1 1 2 2 1 2 1 0 2 2 2 2 3 1 1 3 1 1 2 2 1 2 1 1 1 2 2 3 2 3 1 1 1 2 2 3 3 2 2 1 1
M[74] : 2 3 2 2 2 2 2 1 1 2 2 2 3 2 1 1 3 2 2 1 3 3 1 2 2 2 2 2 2 2 1 3 1 1 2 2 2 2 2 1 2 2 2 2 0 2 2 2 1 2 2 2 2 1 2 2 2 1 2 1 2 2 2 3 2 3 2
M[75] : 2 2 2 2 1 1 3 3 4 2 3 3 3 3 4 3 3 3 3 3 2 3 2 3 4 3 0 3 3 3 3 3 3 4 3 3 3 3 2 3 3 4 3 3 3 3 3 3 2 2 3 3 3 3 3 4 2 3 3 4 4 3 3 2 3 2 3
M[76] : 2 2 2 1 2 3 2 2 3 2 3 3 2 3 2 2 2 1 3 3 2 0 2 2 1 1 3 2 2 2 3 3 2 2 3 2 3 2 2 1 3 2 2 3 2 3 2 2 3 3 2 1 1 2 2 3 2 2 3 2 2 3 1 2 1 3 1
M[77] : 0 1 1 1 2 1 1 1 2 1 1 1 2 1 2 2 2 0 1 1 2 1 1 1 1 1 2 1 1 1 1 1 1 1 2 2 2 2 2 1 2 1 1 1 1 2 1 1 1 1 1 2 2 1 2 2 2 1 1 2 1 1 2 1 2 2 1
M[78] : 2 3 2 2 2 2 2 1 1 2 2 2 3 3 1 1 3 2 2 1 3 3 1 2 2 2 2 2 3 1 2 2 1 1 2 2 2 2 2 2 2 2 2 3 1 2 2 1 1 2 1 2 2 0 2 2 2 2 2 2 1 2 2 3 2 2 2
M[79] : 2 1 1 2 2 1 2 2 2 1 1 1 1 1 3 2 2 2 1 2 3 1 2 1 2 2 2 2 1 2 1 1 2 2 2 2 2 1 2 1 1 2 2 0 1 2 1 2 1 3 1 2 2 2 2 1 3 1 2 2 2 1 2 2 2 2 1
M[80] : 2 0 2 3 2 1 3 2 3 1 1 3 3 2 3 3 3 3 1 3 3 3 2 2 4 3 2 2 2 3 3 3 2 3 3 3 3 2 2 3 3 3 3 3 3 2 1 3 2 3 2 3 3 3 3 3 3 3 3 3 3 2 3 2 3 3 2
M[81] : 2 2 2 3 2 3 2 0 3 2 3 3 3 3 2 2 4 2 3 2 3 3 1 3 2 3 2 3 3 3 3 4 1 4 3 2 3 3 2 3 3 3 3 3 3 3 2 3 3 3 3 2 3 3 3 3 3 3 3 4 2 3 2 2 3 3 2
M[82] : 2 2 1 2 2 3 2 2 2 2 1 2 3 3 2 1 3 1 1 1 3 2 2 2 1 2 3 1 2 2 1 2 2 2 3 2 1 3 1 1 1 2 2 3 2 3 1 2 2 3 2 1 1 2 2 0 1 1 2 2 2 2 1 2 1 2 1
M[83] : 2 2 1 3 2 2 3 3 2 2 1 2 2 2 3 3 3 4 2 3 2 2 2 2 3 2 2 1 2 2 2 2 3 3 3 3 2 2 2 3 2 3 2 2 2 2 2 0 2 2 2 3 3 2 2 3 2 3 3 2 3 1 3 3 3 2 2
M[84] : 2 3 2 3 2 2 2 2 2 2 2 2 3 3 2 2 3 2 2 1 2 3 2 1 2 3 3 3 2 1 2 2 1 2 1 2 2 2 2 2 2 3 3 3 2 2 2 2 1 3 1 2 2 2 1 2 2 2 0 2 1 2 2 3 2 3 2
M[85] : 2 0 1 1 3 3 2 2 2 3 2 3 2 3 2 2 2 1 2 2 2 2 2 1 1 2 3 1 2 2 2 2 2 2 2 1 2 3 2 1 2 2 2 3 2 3 1 2 2 3 2 1 1 2 2 2 2 2 3 2 2 2 1 2 1 3 1
M[86] : 1 1 1 1 1 1 1 1 1 0 1 1 1 1 1 1 2 2 1 1 0 1 1 1 2 1 1 1 1 1 1 1 1 1 1 1 1 1 1 1 1 1 1 1 1 0 1 1 1 1 0 2 2 1 1 1 2 1 1 1 1 1 1 1 1 1 1
M[87] : 2 3 1 2 2 3 2 2 1 2 2 1 3 2 1 1 3 2 2 1 3 3 1 2 2 2 2 2 2 2 1 3 2 2 2 2 1 2 1 1 2 2 2 2 1 2 2 2 2 2 2 2 2 2 2 2 1 1 2 1 2 0 2 3 1 3 2
M[88] : 2 2 2 1 2 2 2 3 3 2 3 4 3 3 2 3 3 1 3 3 2 3 3 3 2 0 2 2 4 2 2 3 3 3 3 2 3 3 2 2 3 4 3 2 3 3 3 3 3 2 3 1 1 2 2 3 2 3 3 3 3 3 3 1 2 3 2
M[89] : 2 3 2 3 2 2 2 2 2 2 2 2 3 3 2 1 3 2 2 1 2 3 2 1 2 3 3 3 2 1 2 2 1 2 1 1 2 2 2 2 2 3 0 3 2 1 2 2 1 3 1 2 2 2 1 2 2 2 1 2 1 2 2 3 2 3 2
M[90] : 0 2 1 2 1 2 1 2 1 1 1 1 2 1 1 1 0 1 1 1 2 2 1 1 1 2 1 1 2 2 1 2 2 1 1 0 1 1 0 1 1 2 2 1 1 2 1 1 2 1 2 1 0 1 1 1 0 1 2 1 2 1 1 1 1 2 1
M[91] : 2 1 1 1 2 1 2 0 1 1 1 1 1 1 2 2 2 2 1 2 3 1 2 1 2 1 2 2 1 2 1 1 2 2 2 2 2 2 2 1 1 2 2 1 1 2 1 2 1 2 1 2 2 1 2 1 3 1 2 2 2 1 2 2 2 2 1
M[92] : 1 2 1 3 3 1 2 2 2 2 1 2 1 2 2 2 1 2 1 2 3 1 2 1 2 2 3 1 2 1 2 2 2 2 1 1 1 1 2 1 1 2 2 2 2 1 1 2 1 2 1 1 1 2 1 1 3 2 2 2 1 2 1 0 1 3 1
M[93] : 2 2 1 3 1 2 3 3 2 2 2 2 1 1 1 2 2 2 2 2 1 1 2 1 2 1 1 1 2 1 2 2 2 2 2 1 1 1 2 2 1 2 1 2 1 1 2 1 1 1 1 2 2 2 0 2 1 1 2 1 2 2 2 2 1 1 1
M[94] : 2 1 1 2 2 1 3 2 2 1 1 2 2 2 3 3 3 2 1 3 3 1 2 2 3 1 2 2 1 2 2 2 2 3 2 2 2 2 2 1 2 2 2 2 1 2 1 2 2 2 2 3 3 0 2 2 3 2 3 2 2 1 2 2 2 2 1
M[95] : 2 3 1 2 2 3 2 2 1 2 2 0 3 2 1 1 3 2 2 1 3 3 1 2 2 2 2 2 2 2 1 3 2 2 2 2 1 3 1 1 2 2 2 2 1 2 2 2 2 2 2 2 2 2 2 2 2 1 2 1 2 2 2 3 2 3 2
M[96] : 2 3 2 2 2 2 2 1 1 2 2 2 3 3 1 1 3 2 2 1 3 3 1 2 2 2 2 3 3 2 2 3 1 1 3 2 2 2 2 2 2 2 2 3 2 2 2 2 1 2 2 2 2 2 2 2 2 2 3 0 2 2 2 3 2 2 2
M[97] : 2 2 2 3 3 2 3 2 3 2 2 2 1 3 2 2 3 3 2 2 3 2 2 1 3 3 3 2 2 1 2 2 2 2 1 0 3 2 2 2 3 3 2 3 2 1 1 2 1 3 1 2 2 2 1 2 3 2 3 2 2 2 2 2 3 3 2
M[98] : 1 1 1 1 1 2 1 2 2 1 2 2 2 2 2 0 2 1 1 1 0 1 2 1 1 1 1 1 1 1 2 2 1 1 2 1 2 2 0 1 2 1 1 1 2 2 1 1 1 1 1 1 1 2 1 2 1 2 1 2 1 2 1 1 1 2 1
M[99] : 0 1 1 1 2 1 1 1 2 1 1 1 2 1 2 3 2 2 1 1 2 1 1 2 0 1 2 1 1 2 1 2 2 1 2 2 2 2 2 1 2 1 1 1 1 2 1 1 1 2 1 2 2 1 2 2 2 2 1 2 1 1 2 2 2 2 1
M[100] : 2 1 1 1 1 1 2 1 1 2 2 1 1 1 1 2 1 1 2 1 1 1 0 1 1 1 0 1 1 2 1 2 1 1 2 2 2 2 2 1 2 1 0 1 1 2 1 1 1 1 1 1 1 2 2 2 1 2 1 2 1 2 1 2 1 0 1
M[101] : 0 1 1 1 2 1 0 1 1 1 1 1 2 1 2 2 2 2 1 1 2 1 1 1 1 1 2 1 1 2 1 1 1 1 2 2 2 2 2 1 2 1 1 1 1 2 1 1 1 1 0 2 2 1 2 2 2 1 1 2 1 1 2 1 2 2 1
M[102] : 2 2 2 3 3 2 3 2 2 2 2 2 2 3 2 2 0 3 2 2 3 2 2 1 3 3 3 2 2 1 2 2 2 2 1 1 2 2 2 2 2 2 2 3 2 1 1 2 1 3 1 2 2 2 1 2 3 2 2 2 1 2 1 2 2 3 2
M[103] : 2 2 0 1 1 1 3 1 1 1 2 1 1 1 1 1 1 2 1 2 1 1 1 1 2 1 1 1 2 1 1 1 2 2 2 1 1 1 2 1 1 2 1 1 1 1 1 1 1 1 1 1 1 2 1 0 1 1 1 1 2 2 2 2 1 1 1
M[104] : 3 3 3 3 2 3 2 2 3 3 2 3 3 1 3 3 3 2 4 2 1 3 3 3 2 2 1 2 3 3 3 3 2 4 3 3 3 3 3 3 3 3 3 0 3 3 3 3 2 2 3 2 3 4 3 4 2 3 2 3 4 3 4 2 3 2 3
M[105] : 2 1 2 1 2 1 1 3 2 1 1 2 2 2 0 2 1 2 2 2 2 2 3 2 2 1 2 2 2 1 2 1 3 2 2 1 3 1 2 2 3 2 1 2 1 1 2 1 2 2 2 1 1 1 1 2 2 3 2 1 2 1 2 1 1 2 2
M[106] : 2 2 1 2 1 3 2 2 1 2 0 1 3 2 1 1 3 2 2 1 3 3 1 2 2 2 2 2 2 2 1 3 2 2 2 2 1 2 1 1 2 2 2 1 1 2 2 2 2 1 2 2 1 2 2 1 1 1 2 1 2 1 2 2 1 3 1
M[107] : 2 2 2 1 2 3 1 3 3 2 3 3 3 3 2 2 2 1 3 3 2 3 2 3 1 1 2 2 2 2 3 2 3 3 3 2 3 2 2 2 3 2 2 2 2 3 2 3 3 2 2 1 1 2 2 3 2 3 3 2 2 3 0 2 1 3 2
M[108] : 2 2 1 3 1 2 3 3 1 2 2 2 1 1 1 2 2 3 2 2 1 1 2 1 2 2 1 1 2 1 2 2 3 2 2 2 1 0 2 2 1 2 1 1 2 1 2 1 1 1 1 2 2 2 1 3 1 1 2 1 2 2 2 2 1 1 1
M[109] : 1 1 1 1 2 2 1 2 2 1 1 2 2 2 1 1 2 1 1 0 1 2 2 1 1 2 2 1 2 1 2 2 2 2 1 1 1 2 0 1 1 1 1 2 1 0 1 2 1 2 2 1 1 2 1 1 1 1 2 2 2 2 1 1 1 2 1
M[110] : 1 2 0 1 1 1 1 0 1 1 1 1 1 1 1 0 2 1 1 1 1 0 0 0 1 1 1 1 1 1 1 1 0 1 1 0 1 1 0 1 1 1 1 1 1 1 0 1 1 1 1 1 0 1 0 1 1 1 1 1 1 1 0 1 0 1 0
M[111] : 1 2 1 1 1 1 1 0 1 1 1 1 2 1 1 1 1 0 1 1 2 2 0 1 1 1 1 1 2 1 1 1 1 1 1 0 1 1 0 1 1 1 2 1 1 1 1 1 0 1 2 0 0 1 0 1 0 1 2 1 1 1 1 0 0 1 1
M[112] : 1 1 1 1 2 1 1 2 2 1 1 1 2 1 2 3 2 2 1 2 2 1 2 1 2 1 2 2 1 2 1 1 2 0 2 2 2 2 2 1 2 1 2 2 1 2 1 1 1 2 2 2 2 1 2 2 3 1 2 2 2 1 2 2 2 2 1
M[113] : 2 1 2 1 1 1 1 2 1 1 2 3 1 3 2 2 2 1 2 1 2 1 2 1 1 1 2 1 1 1 3 1 2 1 2 1 2 1 2 1 2 1 1 2 2 2 1 1 1 2 0 1 1 1 1 2 1 2 2 2 1 2 1 2 1 1 1
M[114] : 1 1 1 1 2 2 1 2 2 1 1 2 2 3 2 1 2 1 1 1 1 2 2 1 1 2 2 1 2 1 2 2 2 2 0 1 1 2 0 1 1 1 1 2 1 2 1 2 1 2 2 1 1 2 1 1 1 1 1 2 2 2 1 1 1 2 1
M[115] : 1 0 1 1 1 1 1 1 1 1 1 1 1 0 1 1 1 1 1 1 0 1 1 1 1 0 0 1 1 1 1 1 1 1 2 1 1 1 1 1 1 1 1 1 0 1 1 1 1 1 1 1 1 1 1 2 1 1 1 1 1 1 2 1 1 0 1
M[116] : 2 2 1 2 1 2 2 2 1 3 3 1 1 1 2 3 2 2 3 2 1 1 2 1 2 2 1 1 2 2 2 2 2 1 2 2 1 2 3 1 1 3 1 1 2 2 2 2 1 1 1 2 2 3 2 3 1 0 1 2 2 3 3 2 2 1 1
M[117] : 2 1 2 1 1 1 1 2 2 1 1 2 1 2 1 1 1 1 1 2 2 2 2 1 1 1 1 2 1 1 2 1 2 2 1 1 0 1 1 2 2 2 1 2 1 1 2 1 2 2 1 1 1 1 1 1 1 1 2 1 2 1 2 1 1 1 2
M[118] : 1 2 1 0 1 2 1 1 1 2 2 2 2 2 2 1 2 1 2 1 1 2 2 1 2 1 2 1 1 1 2 2 1 1 1 1 2 2 1 2 2 1 1 2 1 1 1 1 1 1 1 1 1 1 1 2 1 2 1 2 1 1 1 2 1 1 1
M[119] : 2 2 2 3 3 1 3 2 3 2 2 2 1 3 3 2 3 3 1 2 3 0 2 1 3 3 3 2 2 2 2 2 2 2 1 1 3 1 2 2 3 2 2 3 2 1 1 2 2 3 1 3 3 2 1 1 3 2 3 2 2 2 3 2 3 3 2
M[120] : 2 1 1 0 1 1 2 1 1 1 1 1 1 1 1 2 2 1 2 1 1 1 1 1 1 0 0 1 1 1 1 1 1 1 2 1 1 1 2 1 1 1 1 1 2 1 1 1 1 1 1 1 1 1 1 2 1 1 1 1 2 1 2 2 1 1 1
M[121] : 0 1 1 1 2 1 1 1 1 1 1 1 1 1 2 2 2 2 1 1 1 1 1 1 2 1 1 1 1 2 1 1 1 1 2 2 2 2 2 1 1 1 1 1 1 2 1 1 1 1 0 2 2 1 2 1 2 1 0 2 1 1 2 1 2 2 1
M[122] : 2 1 2 2 2 2 1 3 2 2 1 2 2 2 1 0 1 2 1 2 1 2 3 2 2 1 2 2 2 1 2 2 2 2 1 1 2 1 2 2 2 2 1 2 1 1 2 1 2 2 2 1 1 2 1 1 2 3 2 1 2 1 2 1 1 2 2
M[123] : 2 1 2 1 2 1 1 3 2 1 0 2 2 2 1 1 1 2 2 2 2 2 3 2 2 1 2 2 2 1 2 2 2 2 1 1 2 1 2 2 3 2 1 2 1 1 2 1 2 2 2 1 1 1 1 1 2 3 2 1 2 1 2 1 1 2 2
M[124] : 1 1 1 2 2 1 2 1 2 1 1 1 1 1 1 2 2 2 1 2 2 1 0 1 2 2 2 1 2 1 1 1 2 2 1 1 1 1 2 1 1 2 2 1 1 1 1 2 1 2 1 2 2 1 1 1 2 1 2 1 2 1 1 1 1 2 1
M[125] : 2 1 2 2 2 1 3 2 3 1 1 2 2 2 3 3 3 3 1 3 3 2 2 2 4 3 2 2 0 2 3 2 2 3 3 2 2 2 2 2 2 2 2 2 1 2 1 2 2 2 2 3 3 2 2 2 3 3 3 3 2 1 2 2 3 2 2
M[126] : 2 1 2 1 2 1 1 3 2 2 1 3 2 2 2 2 1 2 2 2 2 2 3 2 2 1 2 2 2 1 3 1 3 2 2 1 3 0 2 2 3 2 1 2 1 3 2 1 2 2 3 1 1 1 1 2 2 3 2 1 2 1 2 1 1 2 2
M[127] : 2 1 1 3 2 2 3 2 2 1 1 2 2 2 3 3 3 3 1 3 2 2 2 2 4 2 2 2 1 2 2 2 2 3 3 3 2 2 2 3 2 3 2 2 0 2 1 2 2 2 2 3 3 2 2 2 3 3 3 3 3 1 2 2 3 2 2
M[128] : 2 1 2 1 2 3 1 2 3 2 2 3 1 3 2 2 2 1 2 2 2 1 2 1 1 1 2 2 0 1 3 1 3 2 2 1 2 1 2 1 3 1 1 2 2 3 1 1 2 2 2 1 1 2 1 2 2 2 2 2 2 2 1 2 1 2 1
M[129] : 2 3 3 3 1 2 4 3 3 3 2 3 3 2 3 3 3 4 4 3 1 3 2 3 3 2 1 1 3 3 3 3 3 4 3 3 3 3 2 3 3 4 3 2 3 3 3 3 2 1 2 3 3 4 3 3 0 3 3 4 4 2 4 3 3 1 3
M[130] : 2 2 3 3 1 2 2 2 0 3 3 2 3 1 3 3 2 3 3 2 1 3 2 3 3 2 1 1 3 2 2 3 2 3 3 3 2 3 3 3 1 3 2 1 2 3 2 2 2 1 2 2 2 3 3 3 1 3 1 2 4 3 3 2 2 1 2
M[131] : 0 1 0 1 1 1 1 1 1 1 1 1 1 0 1 1 1 1 1 1 1 1 1 1 1 1 0 1 1 1 1 1 1 1 1 1 1 1 2 1 1 2 1 1 1 1 1 1 1 1 1 1 1 1 1 1 1 1 1 1 2 2 2 1 1 1 1
M[132] : 1 2 2 2 1 2 1 2 2 2 2 2 2 2 2 1 2 1 2 1 0 2 2 1 2 1 3 1 2 1 2 2 1 1 1 1 2 2 2 2 2 1 1 2 1 1 1 1 1 2 1 1 1 2 1 2 1 2 1 2 1 2 1 2 1 3 1
M[133] : 1 1 1 2 2 1 2 2 2 1 1 1 1 1 3 2 2 2 1 2 3 1 2 1 2 2 2 1 1 1 1 1 2 2 1 1 1 1 2 1 1 2 2 1 1 1 1 2 1 2 1 2 2 2 1 1 3 1 2 0 2 1 2 1 2 2 1
M[134] : 2 2 1 3 3 1 2 2 2 2 1 2 1 3 2 2 2 2 1 2 3 1 2 1 3 2 3 2 2 1 2 2 2 2 1 1 2 1 2 2 1 2 2 3 2 1 1 2 1 3 1 2 0 2 1 1 3 2 2 2 2 2 1 2 1 3 1
M[135] : 2 1 2 1 1 1 1 2 2 1 1 2 1 2 1 1 1 1 1 2 2 2 3 1 1 1 1 2 1 1 2 1 2 1 1 1 1 1 1 2 3 2 1 2 1 1 2 1 2 2 1 1 1 1 1 1 1 0 2 1 2 1 2 1 1 1 2
M[136] : 1 1 1 1 0 1 1 1 1 1 0 1 1 0 1 1 0 1 1 1 0 1 1 1 1 0 0 1 1 1 1 1 1 1 1 1 1 1 1 1 1 1 0 0 0 1 1 0 1 0 1 0 1 1 1 1 0 1 1 1 1 1 2 1 1 0 1
M[137] : 1 1 2 1 1 1 1 2 1 1 1 2 1 2 1 1 1 1 2 0 1 1 1 1 1 1 1 1 1 1 2 1 2 1 2 1 1 1 1 1 2 1 1 1 1 1 1 1 1 1 1 1 1 1 1 1 1 1 2 1 1 1 2 0 1 1 2
M[138] : 2 1 2 3 2 1 3 2 3 1 1 0 2 2 3 3 3 3 1 2 3 1 2 2 3 3 3 2 2 2 2 1 2 2 2 2 3 2 2 2 2 2 2 3 2 2 1 2 2 3 2 3 3 2 2 1 3 2 3 3 2 1 2 2 3 3 2
M[139] : 2 1 0 2 2 2 2 1 2 2 2 2 2 1 1 2 1 2 2 2 1 2 3 2 1 1 1 1 2 1 2 2 1 2 1 1 2 2 3 1 2 2 1 2 1 1 1 1 2 2 2 1 1 2 1 1 2 2 1 1 2 2 2 2 1 1 2
M[140] : 2 3 2 3 2 2 1 2 2 2 2 2 2 3 2 1 2 2 2 1 2 3 2 1 2 2 3 1 2 1 2 2 1 1 1 1 2 2 2 2 2 0 1 2 2 1 1 1 1 3 1 2 1 2 1 2 2 2 1 2 1 2 2 3 2 2 2
M[141] : 2 2 2 1 2 2 1 3 2 2 2 3 2 2 2 2 1 1 2 2 2 2 3 2 2 1 2 2 1 1 3 1 3 2 2 1 3 1 2 2 3 2 1 2 2 3 2 0 2 2 3 1 1 1 1 2 2 3 2 2 3 3 2 1 1 2 2
M[142] : 2 2 2 3 3 1 2 2 2 2 1 2 1 3 2 2 2 2 1 2 3 1 2 1 3 2 3 2 2 1 2 2 2 2 1 1 2 1 2 2 1 2 2 3 2 1 1 2 1 3 1 3 2 2 1 1 3 2 2 2 2 2 1 2 1 3 0
M[143] : 1 1 2 0 1 1 1 2 1 1 1 2 1 2 1 1 1 1 1 2 1 1 2 1 0 1 1 1 1 1 2 1 2 1 1 1 1 1 1 1 0 1 1 1 1 1 1 1 2 1 1 1 1 1 1 1 1 1 2 1 1 1 2 0 1 1 2
M[144] : 1 1 1 1 1 1 1 1 1 1 1 1 1 0 1 1 1 1 0 1 0 1 1 1 1 0 0 1 1 1 1 1 1 1 2 1 1 1 1 1 1 1 1 1 0 1 1 1 1 1 1 1 1 1 1 2 1 1 1 1 2 1 2 1 1 0 1
M[145] : 2 3 2 3 3 2 3 2 3 2 2 2 3 3 2 2 4 3 2 2 3 3 2 1 3 3 3 2 2 1 2 2 2 2 1 2 3 2 2 2 3 3 3 3 2 1 1 2 0 3 1 2 2 2 1 2 3 2 3 2 2 2 2 2 2 3 2
M[146] : 1 2 2 2 1 2 1 1 1 2 1 2 2 1 1 1 2 1 2 1 1 3 1 1 2 1 0 2 1 1 1 2 1 1 2 1 2 2 1 1 2 1 1 1 1 2 1 1 1 1 1 1 1 1 1 2 1 2 1 1 1 1 1 2 1 1 2
M[147] : 1 1 1 1 1 1 1 1 1 1 1 1 1 1 2 0 2 2 1 2 1 1 1 1 2 1 1 1 1 2 1 1 1 1 2 2 1 1 1 1 1 1 1 1 1 1 1 1 1 1 0 2 2 1 1 1 2 1 2 1 1 1 2 1 1 2 1
M[148] : 2 2 1 3 3 1 2 2 2 1 1 1 1 1 2 2 2 2 1 2 3 1 2 1 2 2 3 1 2 1 2 1 2 2 1 1 1 1 2 1 1 2 2 2 1 1 1 2 1 3 1 2 2 2 1 1 3 0 2 2 2 1 1 2 1 3 1
M[149] : 2 3 2 3 2 2 2 2 1 2 2 2 3 3 2 1 3 2 2 1 2 3 2 1 2 3 3 3 3 1 2 2 1 0 2 2 2 2 2 2 2 3 2 3 2 2 2 2 1 3 1 2 2 2 1 2 2 2 1 2 1 2 2 3 2 2 2
M[150] : 2 2 2 1 2 2 1 3 3 2 3 3 2 2 2 2 2 1 2 2 2 2 3 2 1 1 2 2 1 1 3 1 3 2 2 1 3 1 2 2 3 2 1 2 2 3 2 1 2 2 2 1 1 2 0 2 2 3 2 2 3 3 2 1 1 2 2
M[151] : 2 2 1 3 3 1 2 2 2 1 1 1 1 2 2 2 2 2 1 2 3 1 2 1 3 2 3 1 2 1 2 1 2 2 1 1 0 1 2 1 1 2 2 2 2 1 1 2 1 3 1 2 1 2 1 1 3 2 2 2 2 1 1 2 1 3 1
M[152] : 2 2 1 3 2 2 1 2 2 2 2 2 2 2 2 2 1 1 1 1 3 2 2 1 2 2 3 1 2 1 2 2 1 2 1 1 2 2 2 2 2 2 1 2 2 1 1 1 1 2 1 1 1 2 1 1 0 2 1 2 1 2 1 2 1 3 1
M[153] : 2 2 3 0 2 3 2 3 3 2 3 3 3 2 2 2 3 2 3 3 3 3 2 3 2 3 3 3 3 2 3 4 3 3 3 2 4 3 2 3 3 3 3 3 3 3 2 3 3 3 3 2 2 3 3 3 3 4 3 3 3 3 2 2 3 3 3
M[154] : 1 1 2 0 1 1 0 1 1 1 1 0 1 1 1 1 1 1 2 1 1 1 1 1 0 1 1 1 1 1 1 1 1 1 2 1 1 1 1 1 2 1 1 1 1 2 1 1 1 1 1 0 1 1 1 2 1 1 1 1 1 1 1 0 1 1 1
M[155] : 2 3 2 3 2 2 2 2 3 2 2 3 4 3 3 1 4 2 2 2 2 3 2 3 3 3 3 3 3 2 3 3 0 3 3 2 3 4 2 2 3 3 3 3 3 3 2 3 2 2 3 2 3 3 2 3 2 3 3 3 3 3 2 3 3 2 2
M[156] : 2 1 2 1 2 1 1 2 3 2 2 3 1 3 2 2 2 1 2 2 2 1 2 0 1 1 2 2 1 1 3 1 3 1 2 1 2 1 2 1 3 1 1 2 2 3 1 1 2 2 2 1 1 2 1 2 2 2 2 2 2 2 1 2 1 2 1
M[157] : 2 2 2 1 2 3 2 3 3 2 3 4 3 3 2 2 3 1 3 3 2 3 2 3 1 2 2 2 3 2 3 2 3 3 3 2 3 2 2 2 3 2 2 3 3 3 3 3 3 3 3 1 1 2 2 3 2 3 3 2 3 3 2 1 0 3 2
M[158] : 1 1 1 2 1 1 2 1 1 1 1 1 1 1 1 2 2 2 1 2 2 1 1 1 2 2 0 1 1 1 1 1 2 2 1 1 1 1 1 1 1 2 2 1 1 1 1 2 1 1 1 2 2 1 1 1 2 1 2 1 2 1 1 1 1 2 1
M[159] : 2 3 3 3 1 3 1 3 3 3 2 3 3 1 3 3 3 3 4 3 1 3 3 3 3 2 1 2 3 3 3 3 2 4 3 3 4 3 3 3 3 4 3 2 3 3 3 3 2 0 3 2 3 4 3 4 2 4 2 3 4 3 4 2 3 1 3
M[160] : 2 2 3 3 1 2 2 3 3 2 3 3 3 3 3 3 4 2 3 2 3 3 0 3 3 3 2 3 3 3 3 3 2 4 4 3 3 3 2 3 3 3 3 3 3 4 3 3 3 2 3 3 3 3 3 3 3 4 3 4 4 3 3 2 3 3 3
M[161] : 2 2 1 2 1 2 3 3 2 2 2 2 1 1 1 3 2 2 2 2 1 2 2 1 2 1 1 1 2 0 2 2 2 2 2 1 1 2 2 2 1 2 1 2 1 2 2 1 1 1 1 2 2 2 1 2 2 1 2 1 2 2 2 2 1 1 1
M[162] : 2 2 0 3 2 1 3 2 3 1 1 1 1 2 3 2 2 2 1 2 3 1 2 1 3 2 3 2 2 2 2 1 2 2 2 2 3 1 2 2 2 2 2 3 2 2 1 2 1 3 1 3 3 2 2 1 3 2 2 3 2 1 2 2 2 3 1
M[163] : 2 3 2 2 2 3 2 1 2 2 2 3 3 3 0 1 3 2 2 1 3 3 1 2 2 3 2 3 3 2 3 3 1 2 3 2 3 3 2 2 3 3 3 3 3 2 2 3 3 2 2 2 2 3 2 3 2 2 3 3 2 3 2 3 2 3 2
M[164] : 1 3 2 2 1 2 1 1 1 2 2 2 3 2 1 1 2 1 2 1 1 3 1 1 2 1 2 2 1 1 1 2 1 1 2 1 2 2 1 1 2 1 1 0 1 2 2 1 1 1 1 1 1 1 1 2 1 2 1 1 1 1 1 2 2 1 2
M[165] : 2 3 2 3 2 2 2 2 3 2 2 3 3 3 2 1 3 2 2 1 2 3 2 2 2 3 3 3 3 2 2 3 1 2 3 2 3 2 2 2 3 3 3 3 2 2 2 3 2 3 1 2 2 2 2 2 2 2 2 2 0 2 2 3 2 3 2
M[166] : 2 1 1 1 1 1 2 1 1 2 2 1 1 1 2 2 2 2 2 1 1 1 1 1 1 1 1 1 1 2 1 2 1 1 2 2 2 2 3 1 1 0 1 1 1 2 1 2 1 1 1 2 2 2 2 2 1 2 1 2 1 2 2 2 1 1 1
M[167] : 2 3 3 3 0 2 3 3 3 3 2 3 3 2 4 3 3 4 4 3 1 3 3 3 3 2 1 2 3 3 3 3 3 4 3 3 3 3 2 3 3 4 3 2 3 3 3 3 2 1 2 3 3 4 3 3 2 3 3 4 4 3 4 3 3 1 3
M[168] : 2 3 2 3 2 2 3 2 3 2 2 3 3 3 2 2 4 3 2 3 2 2 2 3 3 3 3 3 3 3 3 3 2 2 2 2 3 3 2 2 3 3 3 3 3 0 2 3 2 3 1 2 3 3 2 3 2 2 3 3 3 2 2 2 3 3 2
M[169] : 1 2 1 1 1 1 1 0 1 1 1 1 0 1 1 0 2 1 1 1 2 1 0 0 2 1 1 2 1 1 1 1 1 1 1 0 1 1 0 1 1 1 1 1 1 1 1 1 1 1 1 0 0 1 0 1 1 1 2 1 1 1 0 1 0 1 1
M[170] : 2 1 2 1 2 1 1 3 2 2 1 2 2 2 2 2 1 1 2 2 2 2 3 2 2 1 2 2 2 1 3 1 3 2 2 1 3 1 2 2 3 2 1 2 1 2 2 1 2 2 2 1 1 1 1 2 2 3 2 1 2 0 2 1 1 2 2
M[171] : 2 1 2 1 2 1 1 3 2 1 1 2 2 2 1 2 1 2 2 2 2 2 3 2 2 1 2 2 2 1 2 1 3 2 2 1 3 1 2 2 3 2 1 2 1 0 2 1 2 2 1 1 1 1 1 2 2 3 2 1 2 1 2 1 1 2 2
M[172] : 2 1 2 1 1 0 1 2 1 1 2 3 1 2 2 1 2 1 2 1 1 1 2 1 1 1 1 1 1 1 3 1 1 1 2 1 2 1 1 1 2 1 1 2 1 2 1 1 1 2 1 1 1 1 1 2 1 2 2 1 1 2 1 1 1 1 1
M[173] : 2 3 2 3 3 2 3 2 3 2 2 3 2 3 2 2 3 3 2 2 3 2 2 1 3 3 3 2 2 1 2 2 2 2 2 2 3 2 2 2 3 3 3 3 2 1 1 2 2 3 1 3 3 2 0 2 3 2 3 2 2 2 2 2 3 3 2
M[174] : 2 2 2 1 2 2 1 3 3 2 3 4 3 3 2 2 3 0 3 3 2 3 2 3 2 1 2 2 3 2 3 3 3 3 3 2 3 3 2 2 3 3 3 2 3 3 3 3 3 2 3 1 1 2 2 3 2 3 3 2 3 3 3 1 2 3 2
M[175] : 2 3 2 2 2 3 1 3 2 3 2 2 2 2 2 3 1 2 4 2 2 2 3 2 2 1 2 2 3 2 3 2 3 2 0 1 3 3 3 2 3 2 2 2 2 3 3 2 2 2 3 1 1 2 3 4 2 3 2 3 3 2 2 2 2 2 2
M[176] : 1 1 1 1 1 1 1 1 1 1 1 1 1 0 1 1 1 1 1 1 0 1 1 1 1 0 0 1 1 1 1 1 1 1 2 1 1 1 1 1 1 1 1 1 0 1 1 1 1 1 1 1 1 1 1 2 1 1 1 1 2 1 2 0 1 0 1
M[177] : 2 2 2 2 2 3 1 3 2 3 2 2 2 2 2 3 1 2 2 2 2 2 3 2 2 1 2 2 2 1 3 2 3 2 1 1 3 2 2 2 3 2 1 2 0 2 2 2 2 2 3 1 1 2 1 2 2 3 2 2 2 2 2 1 2 2 2
M[178] : 2 2 1 3 1 2 3 2 1 3 3 2 0 1 2 3 2 3 3 2 1 1 2 1 3 2 1 1 2 2 2 3 3 2 2 2 1 3 2 2 1 3 1 1 2 3 2 2 1 1 1 2 2 3 2 3 1 1 1 2 2 3 3 2 2 1 1
M[179] : 0 1 1 1 2 1 1 1 1 1 1 1 2 1 2 2 2 2 1 1 1 1 1 1 1 1 2 1 1 2 1 1 0 1 2 2 2 2 2 1 2 1 1 1 1 2 1 1 1 1 1 2 2 1 2 2 2 1 1 2 1 1 2 1 2 2 1
M[180] : 2 1 1 1 1 1 2 1 1 1 1 1 1 1 1 2 2 1 2 1 1 1 1 1 1 0 0 1 1 1 1 1 1 1 2 1 1 1 2 1 1 2 1 1 2 1 1 1 1 1 1 1 1 0 1 2 1 1 1 1 2 1 2 2 1 1 1
M[181] : 2 1 2 1 1 1 1 3 0 1 1 2 1 2 1 1 1 1 2 2 2 1 2 1 1 1 2 2 1 1 3 1 2 1 2 1 2 1 2 1 2 1 1 2 1 2 1 1 2 2 1 1 1 1 1 2 1 2 2 1 1 1 2 1 1 1 2
M[182] : 2 1 1 2 2 1 2 1 2 1 1 1 2 2 2 3 1 1 2 2 2 2 2 2 2 1 2 1 1 1 2 2 2 2 2 2 2 2 2 1 2 1 1 2 1 2 1 1 2 2 1 1 2 2 2 2 2 2 2 2 0 1 2 2 2 2 1
M[183] : 2 2 1 2 2 2 2 1 2 2 1 1 2 2 2 2 1 2 2 2 2 2 2 2 2 1 2 1 2 1 2 2 1 2 2 1 2 2 2 2 1 2 1 2 1 1 1 1 1 2 1 0 1 2 2 2 2 2 2 2 2 1 2 2 2 2 1
M[184] : 2 3 1 2 3 3 2 2 2 3 3 3 3 3 2 1 3 2 2 2 3 3 2 2 1 2 3 2 2 2 2 3 2 2 3 2 1 3 1 1 0 2 2 3 2 3 2 2 2 3 2 1 1 2 2 3 3 2 3 2 2 3 2 2 1 3 1
M[185] : 1 2 1 1 1 1 1 0 1 0 1 1 2 1 1 1 2 1 1 1 1 2 0 1 1 1 1 1 1 1 1 1 1 1 2 1 1 2 1 1 2 1 1 1 1 2 0 1 1 1 1 1 1 1 1 1 1 1 1 1 1 1 1 2 0 1 1
M[186] : 2 2 2 3 3 1 3 2 3 1 2 3 2 3 3 2 3 3 1 2 3 2 2 2 3 3 3 2 2 2 3 0 2 2 2 3 3 2 2 2 3 3 2 3 2 2 1 2 2 3 1 3 3 2 2 1 3 2 3 3 2 2 3 2 3 3 2
M[187] : 1 1 1 1 2 1 1 1 0 1 1 1 1 1 2 2 2 2 1 2 2 1 1 1 2 1 2 1 1 2 1 1 2 1 2 2 1 1 2 1 1 2 2 1 1 1 1 1 1 1 1 2 2 1 2 1 3 1 2 1 2 1 2 1 2 2 1
M[188] : 2 3 2 2 1 2 1 1 1 2 2 2 3 1 1 1 2 2 2 1 2 3 1 1 2 2 2 2 1 1 1 2 1 1 2 1 2 2 1 1 2 2 2 1 1 2 2 1 1 1 1 2 1 1 1 2 1 2 2 1 1 1 2 2 2 0 2
M[189] : 2 2 2 1 2 2 1 3 2 2 2 3 2 2 2 2 2 1 2 2 2 2 3 2 1 1 2 2 1 0 3 1 3 2 2 1 3 1 2 2 3 2 1 2 2 3 2 1 2 2 3 1 1 1 1 2 2 3 2 2 3 3 2 1 1 2 2
M[190] : 2 1 1 3 2 1 3 2 3 1 1 1 2 2 3 3 2 2 1 2 3 1 2 1 3 2 2 2 2 2 2 1 2 2 2 2 2 2 2 0 2 2 2 2 1 2 1 2 2 3 2 3 3 2 2 1 3 2 3 3 2 1 2 2 2 2 1
M[191] : 2 3 2 2 2 3 1 3 2 3 2 2 2 2 2 3 1 2 3 2 2 2 3 2 2 1 2 2 2 1 3 2 3 2 1 1 3 2 3 2 3 2 1 2 1 2 2 2 2 2 2 1 1 2 1 0 2 3 2 2 2 2 2 2 2 2 2
M[192] : 2 1 1 1 1 2 1 2 2 1 2 2 2 3 2 2 2 1 2 1 1 1 2 1 1 1 2 1 1 1 2 2 2 1 2 1 2 2 1 1 2 1 1 1 2 2 1 1 1 1 2 1 1 2 1 2 1 2 0 2 1 2 1 2 1 2 1
M[193] : 2 2 2 2 1 2 2 2 2 3 3 2 3 1 3 3 2 2 3 1 1 3 3 3 2 2 1 1 3 2 2 3 2 2 3 2 3 3 3 3 2 3 2 1 2 3 2 2 0 1 2 2 2 3 3 3 2 3 1 2 4 3 3 2 2 1 2
M[194] : 2 1 1 1 1 2 1 2 2 2 2 3 2 3 2 2 2 1 2 1 2 1 2 1 1 1 3 0 2 1 2 2 2 2 2 1 2 2 2 1 2 1 2 3 2 3 1 2 1 3 2 1 1 2 1 2 1 2 3 2 2 2 1 2 1 2 1
M[195] : 2 2 2 3 3 1 3 2 2 2 2 2 1 3 2 2 3 3 1 2 3 1 2 1 3 3 3 2 2 1 2 2 2 2 1 1 3 1 2 2 2 2 2 3 2 1 1 2 1 3 1 3 3 2 1 1 3 2 2 2 2 2 0 2 3 3 2
M[196] : 2 1 1 1 1 1 2 1 1 2 2 1 1 1 2 2 1 0 2 1 1 1 1 1 1 0 0 1 1 1 1 1 1 1 2 2 1 2 3 1 1 1 1 1 1 2 1 1 1 1 1 1 2 2 1 2 1 1 1 2 1 1 2 2 1 0 1
M[197] : 2 3 2 3 3 1 3 2 3 2 2 3 3 3 3 2 3 3 2 2 3 2 2 1 3 3 3 2 2 2 3 2 2 2 2 2 3 0 2 2 3 3 3 3 2 1 1 2 2 3 1 3 3 2 1 2 3 2 3 2 2 2 3 2 3 3 2
M[198] : 2 2 1 2 2 2 3 2 2 2 2 2 1 1 1 2 1 2 2 2 1 1 2 1 2 1 1 1 2 1 2 2 2 2 1 0 1 1 2 2 1 2 1 2 1 1 2 1 1 1 1 1 1 2 1 2 2 1 2 1 2 2 1 2 1 1 1
M[199] : 2 3 2 2 2 2 2 1 0 2 2 2 3 3 1 1 3 2 2 1 3 3 2 2 2 2 2 2 3 1 2 2 1 1 2 2 2 2 2 2 2 2 2 3 1 2 2 1 1 2 1 2 2 1 2 2 2 2 2 2 1 2 2 3 2 2 2
M[200] : 1 1 1 1 1 1 1 1 1 1 1 1 1 1 1 1 2 2 1 2 2 1 1 1 2 1 1 1 1 1 1 1 1 1 1 1 1 1 1 1 1 1 2 1 1 1 1 1 1 1 0 2 2 1 1 1 2 1 2 1 2 1 1 1 1 0 1
M[201] : 2 2 2 1 2 3 1 3 3 2 3 3 1 3 2 2 2 1 2 3 2 2 2 1 1 1 2 2 1 1 3 1 3 2 2 1 3 2 2 2 3 1 0 2 2 3 2 2 3 2 2 1 1 2 2 2 2 2 3 2 2 3 1 2 1 3 2
M[202] : 3 3 2 2 2 3 2 2 2 3 3 0 2 1 3 3 2 2 3 2 1 2 3 3 2 2 2 2 3 2 2 3 2 2 2 2 3 3 3 2 3 3 2 2 2 3 3 2 2 2 3 1 2 3 3 3 2 3 1 2 3 3 3 2 2 2 2
M[203] : 2 2 3 3 1 2 3 3 4 2 3 3 3 2 4 3 3 4 3 3 2 3 2 3 3 3 1 3 4 3 3 3 3 4 3 3 3 3 0 3 3 4 3 2 3 3 3 3 2 2 3 3 3 4 3 4 2 3 3 4 4 3 4 2 3 1 3
M[204] : 2 2 1 2 1 2 2 2 1 3 3 2 1 1 2 3 2 3 3 2 1 1 2 1 2 2 1 1 2 2 2 1 3 2 2 2 1 2 2 2 1 3 1 1 2 1 2 2 1 1 0 2 2 3 1 3 1 1 1 2 2 3 2 2 2 1 1
M[205] : 3 1 1 1 1 1 2 1 2 2 2 1 1 1 1 2 1 2 2 2 1 1 2 1 1 1 0 1 1 2 1 2 1 2 1 1 2 2 3 1 2 2 0 1 1 2 1 1 1 1 1 1 1 2 2 2 1 2 1 2 2 2 0 2 1 0 1
M[206] : 2 2 2 3 3 1 3 2 3 1 2 3 2 3 3 3 3 3 0 2 3 2 2 2 3 3 3 2 2 2 3 1 2 2 3 3 3 2 2 2 3 3 2 3 2 2 1 2 2 3 2 3 3 2 2 1 3 3 3 3 2 2 3 2 3 3 2
M[207] : 2 2 1 2 2 2 3 2 2 2 2 2 1 1 1 2 1 2 2 2 1 2 1 1 2 1 1 1 2 1 2 2 1 2 1 1 1 2 2 2 1 2 1 2 1 1 2 1 1 1 1 1 1 2 1 2 2 1 2 2 2 2 0 2 1 1 1
M[208] : 2 1 2 1 1 1 1 2 1 1 1 2 1 2 1 1 1 1 2 1 1 1 1 1 1 1 1 1 1 1 2 1 2 1 2 1 2 1 1 1 2 1 1 2 1 2 1 1 1 0 1 1 1 1 1 2 1 2 2 1 1 1 1 0 1 1 1
M[209] : 1 1 1 1 1 1 1 1 1 1 1 1 1 0 1 1 1 1 1 1 0 1 1 1 1 0 0 1 1 1 1 1 1 1 2 1 1 1 0 1 1 1 1 1 0 1 1 1 1 1 1 1 1 1 1 2 1 1 1 1 2 1 2 1 1 0 1
M[210] : 2 2 2 3 3 2 2 2 2 2 2 2 2 3 2 2 1 0 1 1 3 2 2 1 3 2 3 1 2 1 2 2 2 2 1 1 2 2 2 2 2 2 2 2 2 1 1 2 1 3 1 2 1 2 1 1 3 2 2 2 1 2 1 2 1 3 2
M[211] : 2 2 1 3 2 2 1 2 2 2 2 2 2 2 2 2 1 1 1 1 3 2 2 1 2 2 3 0 2 1 2 2 1 2 1 1 2 2 2 2 1 2 1 2 2 1 1 1 1 2 1 1 1 2 1 1 2 2 2 2 1 2 1 2 1 3 1
M[212] : 2 3 2 2 2 3 2 2 2 2 2 3 3 2 1 1 3 2 2 1 3 3 1 2 2 2 2 3 3 2 0 3 2 2 3 2 2 3 2 2 2 2 2 2 2 2 2 2 2 2 2 2 2 2 2 3 2 2 3 2 2 3 2 3 2 3 2
M[213] : 3 2 2 2 1 2 2 2 2 3 3 1 2 1 2 3 2 2 2 0 1 2 3 2 2 2 1 1 3 2 1 2 2 2 2 2 2 2 3 2 2 3 2 1 2 3 2 2 1 1 1 2 2 3 2 3 2 3 1 2 3 3 3 2 2 1 2
M[214] : 2 3 2 3 2 1 3 2 3 0 2 3 3 3 3 3 3 3 2 3 2 3 2 3 3 3 3 3 3 3 3 3 2 3 3 3 3 3 2 3 3 3 3 3 3 2 2 3 2 3 2 3 3 3 3 3 2 3 3 4 3 3 3 2 3 3 2
M[215] : 0 1 2 1 1 1 1 2 1 1 1 2 1 2 1 1 1 1 2 2 1 1 1 1 1 1 1 1 1 1 2 1 2 1 2 1 1 1 1 1 2 1 1 2 1 2 1 1 1 1 1 1 1 1 1 2 1 2 2 1 1 1 2 0 1 1 2
M[216] : 2 1 1 1 1 1 2 1 1 2 2 1 1 1 2 2 2 1 2 1 1 1 1 1 1 1 0 1 0 1 1 1 1 1 2 2 1 2 3 1 1 1 1 1 1 2 1 1 1 1 1 2 2 2 1 2 1 1 1 2 1 2 2 2 1 1 1
M[217] : 2 1 2 1 1 1 1 2 1 1 2 3 1 2 2 1 2 1 2 1 1 1 2 1 1 1 1 1 1 1 2 1 1 1 2 1 2 1 1 1 2 1 1 1 1 2 1 1 0 1 1 1 1 1 1 2 1 2 2 1 1 2 1 0 1 1 1
M[218] : 1 1 1 1 1 1 1 1 1 0 1 1 1 0 1 2 1 1 2 1 1 1 1 1 1 0 0 1 1 1 1 1 1 1 2 1 1 1 1 1 1 1 1 1 1 1 1 1 1 1 1 1 1 1 1 2 1 1 1 1 1 1 2 1 1 0 1
M[219] : 2 2 1 2 1 2 3 2 1 2 2 2 1 1 1 1 2 2 2 2 1 1 2 1 2 1 1 1 2 1 2 2 2 2 2 1 1 1 2 2 1 2 1 2 1 0 2 1 1 1 1 2 2 2 1 2 1 1 2 1 2 2 2 2 1 1 1
M[220] : 2 1 2 2 2 2 1 3 2 2 1 2 2 2 1 1 1 2 0 2 1 2 3 2 2 1 2 2 2 1 2 2 2 2 1 1 2 1 2 2 2 2 1 2 1 1 2 1 2 2 2 1 1 2 1 1 2 2 2 1 2 1 2 1 1 1 2
M[221] : 3 1 1 2 1 1 2 0 2 2 2 1 1 1 2 2 1 2 2 2 1 1 3 1 1 1 1 1 1 2 1 2 1 2 2 2 2 2 3 1 2 2 1 1 1 2 1 2 1 1 1 1 1 2 2 2 1 2 1 2 2 2 3 2 2 1 1
M[222] : 2 2 2 3 3 2 3 2 3 2 2 3 2 3 2 2 3 3 2 2 3 2 2 0 3 3 3 2 2 1 2 2 2 2 1 2 3 2 2 2 3 3 2 3 2 1 1 2 2 3 1 3 3 2 1 2 3 2 3 2 2 2 2 2 3 3 2
M[223] : 3 2 2 2 2 3 2 2 2 3 3 1 2 1 3 3 2 2 3 2 1 2 3 2 2 2 2 1 3 2 0 3 2 2 2 2 3 3 3 2 3 3 2 1 2 3 3 2 1 2 3 2 2 3 2 3 2 3 1 2 3 3 3 2 2 1 2
M[224] : 1 1 1 0 1 1 0 1 1 1 1 1 1 0 1 1 0 1 2 1 1 1 1 1 0 1 1 1 1 1 1 1 1 1 2 1 1 1 1 1 2 1 1 1 1 2 1 1 1 1 1 0 0 1 1 2 1 1 1 1 1 1 1 0 1 1 1
M[225] : 2 1 2 1 0 1 1 1 1 1 1 2 1 2 1 1 1 1 2 1 1 1 1 1 1 1 1 1 1 1 2 1 2 1 2 1 2 1 1 1 2 1 1 2 1 2 1 1 1 1 1 1 1 1 1 2 1 2 2 1 1 1 1 0 1 1 1
M[226] : 2 2 3 3 1 2 3 3 2 3 3 2 3 1 3 3 3 3 3 3 1 3 2 3 3 2 1 0 3 3 3 3 3 4 3 3 3 3 3 3 3 3 3 2 2 3 3 2 2 1 2 2 3 3 3 3 1 3 2 3 4 3 4 2 3 1 3
M[227] : 2 1 2 1 2 2 1 3 2 0 1 2 2 2 1 1 1 2 1 2 2 2 3 2 2 1 2 2 2 1 2 2 2 2 1 1 2 1 2 2 3 2 1 2 1 1 2 1 2 2 2 1 1 1 1 1 2 3 2 1 2 1 2 1 1 2 2
M[228] : 3 1 1 2 2 1 2 1 2 2 2 1 1 1 1 2 1 2 2 2 1 1 3 2 1 1 2 1 2 2 1 2 0 2 1 2 2 2 3 1 2 2 1 1 1 2 1 2 1 2 1 1 1 2 2 2 2 2 1 2 2 2 2 2 2 1 1
M[229] : 2 2 1 2 1 1 2 2 1 3 3 1 1 1 2 2 2 2 2 1 1 1 2 1 1 1 1 1 1 2 1 2 1 2 2 2 2 2 3 0 2 3 2 1 2 2 1 2 1 1 1 2 2 2 2 2 1 2 1 2 2 3 3 2 2 1 1
M[230] : 2 3 2 3 2 2 2 2 3 2 2 3 3 3 2 1 3 2 2 1 2 3 2 2 2 3 3 3 3 2 3 3 1 2 3 2 3 3 2 2 3 3 3 3 3 2 2 3 2 3 0 2 2 3 2 2 2 2 3 2 2 2 2 3 2 2 2
M[231] : 2 2 1 3 3 1 2 2 2 2 2 2 1 2 2 2 1 2 1 2 3 2 2 1 3 2 3 1 2 1 2 2 2 2 1 1 2 2 2 2 1 2 2 2 2 1 1 2 1 2 1 0 1 2 1 1 3 2 2 2 1 2 1 2 1 3 1
M[232] : 2 1 2 1 2 1 1 3 2 2 1 2 2 2 2 2 1 2 2 2 2 2 3 2 2 1 2 2 2 1 3 2 3 2 2 1 3 1 2 2 3 2 1 2 1 3 2 1 2 2 2 1 1 1 1 2 2 3 2 0 2 1 2 1 1 2 2
M[233] : 1 1 1 1 1 1 1 0 1 1 2 2 1 1 1 1 2 1 2 1 1 1 1 1 1 1 1 1 1 1 2 1 1 1 2 1 2 1 1 1 2 1 1 1 1 2 1 1 1 1 1 1 1 1 1 2 1 2 1 1 1 2 1 0 1 1 1
M[234] : 2 2 1 3 1 2 3 3 2 2 2 2 2 1 1 2 2 3 2 2 1 2 2 2 2 2 1 1 2 1 2 2 3 2 3 3 1 2 2 2 1 2 1 2 2 2 2 1 1 1 1 2 2 2 2 3 1 1 2 2 2 2 3 2 0 1 1
M[235] : 2 2 2 3 3 1 2 2 2 2 2 2 1 3 2 2 2 2 1 2 3 1 2 1 3 2 3 2 2 1 2 2 2 2 1 1 2 1 2 2 0 2 2 3 2 1 1 2 1 3 1 2 1 2 1 1 3 2 2 2 2 2 1 2 1 3 1
M[236] : 2 2 2 3 3 1 3 2 3 1 2 3 3 3 3 3 3 3 2 3 3 2 2 2 3 3 3 2 2 2 3 1 2 2 3 3 3 2 2 2 3 3 3 3 2 2 0 2 2 3 2 3 3 2 2 1 3 3 3 3 2 2 3 2 3 3 2
M[237] : 2 1 2 1 2 1 1 3 2 1 2 3 1 2 2 2 1 1 2 2 2 2 2 1 1 1 2 2 1 1 3 1 3 0 2 1 2 1 2 2 3 1 1 2 1 2 2 1 2 2 1 1 1 1 1 2 2 2 2 1 1 2 2 1 1 2 2
M[238] : 2 2 2 1 3 3 2 2 3 2 3 4 3 3 2 2 3 2 3 3 2 2 2 2 1 2 3 2 3 2 2 3 2 2 3 2 3 3 2 1 3 2 2 3 3 3 2 2 3 3 2 1 1 2 2 3 2 2 3 2 2 3 2 2 1 3 0
M[239] : 2 3 2 2 1 2 1 1 1 2 2 2 2 2 2 1 2 1 2 1 1 2 2 1 2 0 3 1 2 1 2 2 1 1 2 1 2 2 2 2 2 1 1 2 1 2 1 1 1 1 1 2 1 1 1 2 1 2 1 2 1 2 1 3 2 2 2
M[240] : 2 2 1 2 2 2 3 2 2 2 1 2 2 2 2 3 0 1 2 2 2 2 2 2 2 1 2 1 2 1 2 2 2 2 2 2 2 2 2 2 2 2 1 2 1 2 1 1 2 2 1 2 2 2 2 2 2 2 2 2 2 1 2 2 2 2 1
M[241] : 2 3 2 2 3 3 2 2 2 2 2 3 3 2 2 1 3 2 2 1 3 3 2 2 2 2 2 3 2 2 2 3 2 2 3 2 0 3 1 1 2 2 2 3 2 3 2 2 3 3 2 2 2 2 2 3 3 1 3 2 2 3 2 2 2 3 2
M[242] : 2 2 3 1 2 2 2 3 3 2 3 3 3 2 3 3 4 2 3 3 2 3 3 3 2 3 2 2 4 3 3 3 3 3 3 2 3 3 2 3 4 4 3 2 3 4 3 3 3 3 3 0 3 3 3 3 2 3 3 3 3 3 3 1 3 3 3
M[243] : 2 2 1 3 1 2 3 3 1 2 2 2 1 1 1 2 2 2 2 2 1 1 2 1 2 2 1 1 2 1 2 2 2 2 2 1 1 1 2 2 1 2 1 1 2 1 2 1 1 1 1 2 2 2 1 3 1 1 2 0 2 2 2 2 1 1 1
M[244] : 2 2 2 1 2 2 1 3 3 2 3 3 3 2 2 2 1 2 3 2 2 2 3 3 2 1 2 2 2 1 3 3 3 3 2 0 3 3 2 2 3 2 1 2 3 3 3 2 3 2 3 1 1 2 2 3 2 3 3 2 3 3 2 1 2 2 2
M[245] : 2 2 2 3 3 1 3 2 3 2 2 2 0 3 3 2 3 3 2 2 3 2 2 1 3 3 3 2 2 1 2 2 2 2 1 2 3 1 2 2 3 3 2 3 2 1 1 2 2 3 1 3 3 2 1 2 3 2 3 2 2 2 2 2 3 3 2
M[246] : 2 1 1 3 2 1 3 2 3 1 1 1 2 2 3 3 2 2 1 2 3 1 2 2 3 2 2 2 2 2 0 1 2 2 2 2 2 2 2 1 2 2 2 2 1 2 1 2 2 3 2 3 3 2 2 1 3 2 3 3 2 1 2 2 2 2 1
M[247] : 2 1 2 3 2 1 3 2 3 1 0 3 3 2 3 3 3 3 1 3 3 3 2 2 4 3 2 2 2 2 3 2 2 3 3 3 3 2 2 3 3 3 3 3 3 2 1 2 2 3 2 3 3 2 3 3 3 3 3 3 2 2 3 2 3 3 2
M[248] : 2 2 3 3 1 2 3 2 1 3 3 2 3 1 3 3 2 3 3 2 1 3 2 3 3 2 1 1 3 2 2 3 3 3 3 3 2 3 3 3 0 3 2 1 2 3 2 2 2 1 2 2 2 3 3 3 1 3 1 2 4 3 3 2 2 1 2
M[249] : 1 1 1 1 1 1 1 1 1 1 2 2 1 1 1 1 2 1 2 1 1 1 1 1 1 1 1 1 1 1 2 1 0 1 2 1 2 1 1 1 2 1 1 1 1 2 1 1 1 1 1 1 1 1 1 2 1 2 1 1 1 2 1 0 1 1 1

