 Execution de l'algoritme BITS sur le fichier r250.5.col.txt
=====================================================================
 Partitions  : 
Vk[0] : 180 158 75 58 -->  4 éléments.
Vk[1] : 182 218 27 102 -->  4 éléments.
Vk[2] : 210 183 41 90 -->  4 éléments.
Vk[3] : 156 65 84 38 -->  4 éléments.
Vk[4] : 12 243 195 169 -->  4 éléments.
Vk[5] : 74 202 249 190 -->  4 éléments.
Vk[6] : 1 0 134 -->  3 éléments.
Vk[7] : 48 59 89 -->  3 éléments.
Vk[8] : 227 9 93 119 -->  4 éléments.
Vk[9] : 191 103 42 47 -->  4 éléments.
Vk[10] : 73 181 121 155 -->  4 éléments.
Vk[11] : 177 78 127 -->  3 éléments.
Vk[12] : 131 122 197 -->  3 éléments.
Vk[13] : 25 161 173 -->  3 éléments.
Vk[14] : 175 64 114 145 -->  4 éléments.
Vk[15] : 136 81 99 225 -->  4 éléments.
Vk[16] : 128 205 80 51 -->  4 éléments.
Vk[17] : 229 54 4 185 -->  4 éléments.
Vk[18] : 117 116 163 124 -->  4 éléments.
Vk[19] : 196 150 236 111 -->  4 éléments.
Vk[20] : 221 39 24 45 -->  4 éléments.
Vk[21] : 100 203 172 146 -->  4 éléments.
Vk[22] : 170 106 35 247 -->  4 éléments.
Vk[23] : 160 68 209 14 -->  4 éléments.
Vk[24] : 83 211 76 -->  3 éléments.
Vk[25] : 23 108 165 147 -->  4 éléments.
Vk[26] : 94 239 174 216 -->  4 éléments.
Vk[27] : 71 159 231 208 -->  4 éléments.
Vk[28] : 226 113 199 70 -->  4 éléments.
Vk[29] : 63 91 104 192 -->  4 éléments.
Vk[30] : 223 85 97 -->  3 éléments.
Vk[31] : 2 238 235 -->  3 éléments.
Vk[32] : 115 157 142 -->  3 éléments.
Vk[33] : 126 53 96 187 -->  4 éléments.
Vk[34] : 178 69 18 162 -->  4 éléments.
Vk[35] : 193 154 55 77 -->  4 éléments.
Vk[36] : 26 164 167 -->  3 éléments.
Vk[37] : 118 109 200 21 -->  4 éléments.
Vk[38] : 141 6 43 -->  3 éléments.
Vk[39] : 60 101 72 10 -->  4 éléments.
Vk[40] : 204 186 36 -->  3 éléments.
Vk[41] : 232 240 66 230 -->  4 éléments.
Vk[42] : 219 151 88 -->  3 éléments.
Vk[43] : 233 50 110 168 -->  4 éléments.
Vk[44] : 112 153 7 30 -->  4 éléments.
Vk[45] : 198 148 242 20 -->  4 éléments.
Vk[46] : 34 40 244 144 -->  4 éléments.
Vk[47] : 16 62 95 138 -->  4 éléments.
Vk[48] : 246 11 220 -->  3 éléments.
Vk[49] : 49 15 32 224 -->  4 éléments.
Vk[50] : 201 61 206 -->  3 éléments.
Vk[51] : 237 166 214 86 -->  4 éléments.
Vk[52] : 123 241 125 -->  3 éléments.
Vk[53] : 207 57 228 222 -->  4 éléments.
Vk[54] : 189 149 28 -->  3 éléments.
Vk[55] : 135 82 129 152 -->  4 éléments.
Vk[56] : 176 105 37 44 -->  4 éléments.
Vk[57] : 67 19 137 5 -->  4 éléments.
Vk[58] : 194 213 245 -->  3 éléments.
Vk[59] : 52 98 140 17 -->  4 éléments.
Vk[60] : 92 234 139 8 -->  4 éléments.
Vk[61] : 171 87 13 120 -->  4 éléments.
Vk[62] : 179 132 29 217 -->  4 éléments.
Vk[63] : 3 188 133 56 -->  4 éléments.
Vk[64] : 22 31 107 33 -->  4 éléments.
Vk[65] : 184 143 130 46 -->  4 éléments.
Vk[66] : 248 79 215 212 -->  4 éléments.
Matrice M
M[0] : 1 2 1 3 3 4 0 3 4 2 3 3 2 3 3 2 3 3 3 3 3 3 3 2 2 3 3 2 3 2 3 2 1 3 3 3 2 2 2 2 3 2 2 3 1 1 3 4 3 1 3 3 3 3 3 3 2 2 3 2 3 3 2 2 3 3 3
M[1] : 3 3 2 2 2 2 0 1 2 2 3 1 2 2 1 3 1 2 2 2 2 1 2 2 1 2 2 1 2 2 1 1 2 2 2 2 1 2 2 2 2 2 1 2 2 3 2 2 1 2 2 3 1 2 1 1 2 2 2 2 1 2 2 2 2 2 2
M[2] : 2 2 1 1 2 1 2 2 2 2 2 1 2 2 2 1 1 1 2 2 1 2 2 2 1 2 2 1 1 1 1 0 2 2 1 1 1 1 2 1 2 2 2 1 2 2 2 2 1 1 2 2 1 2 1 2 2 2 1 1 2 2 1 1 2 2 2
M[3] : 0 1 1 1 1 2 1 1 2 1 1 1 1 1 2 1 1 1 1 1 1 1 1 1 1 1 1 1 1 1 1 1 1 1 2 1 1 1 1 1 1 1 1 1 1 1 1 1 2 1 1 1 2 1 1 2 1 1 1 2 2 1 1 0 1 2 1
M[4] : 2 3 3 2 3 3 3 2 2 2 3 2 1 2 3 2 2 0 3 1 2 2 1 2 3 3 3 2 3 3 2 2 2 3 3 3 2 3 2 4 2 2 3 1 3 3 3 3 2 3 1 2 2 2 2 2 1 2 2 3 3 2 3 3 3 3 3
M[5] : 2 3 3 3 3 3 3 3 4 3 3 3 2 3 3 2 3 3 3 3 3 3 4 1 3 3 4 3 3 4 3 3 2 3 3 2 2 1 3 2 3 3 3 2 2 3 3 4 3 3 3 3 3 4 3 4 2 0 3 2 3 4 2 2 4 3 3
M[6] : 2 2 1 2 1 2 1 1 1 2 2 1 1 1 1 2 1 2 1 2 1 2 2 2 1 2 2 1 1 2 1 1 1 2 2 2 1 1 0 2 2 2 1 1 2 1 2 2 1 2 2 2 1 1 1 1 2 1 1 2 1 2 2 1 2 1 2
M[7] : 3 1 1 1 2 2 1 1 1 1 1 1 1 1 1 1 2 2 2 2 2 1 2 2 1 2 2 2 2 2 1 1 1 2 1 1 1 3 1 2 1 1 1 2 0 2 1 2 2 2 1 2 2 1 1 1 2 2 1 1 2 2 1 2 1 1 2
M[8] : 2 2 3 3 3 4 2 3 3 2 2 3 2 2 3 2 3 2 2 3 2 3 3 2 3 2 3 4 3 3 3 2 2 2 3 2 3 3 2 2 2 2 2 2 2 2 3 3 3 2 2 2 3 2 3 4 3 3 3 3 0 3 3 3 2 3 3
M[9] : 2 2 2 2 2 2 1 2 0 2 2 2 1 2 3 2 2 2 1 3 2 3 2 2 1 2 2 3 2 3 2 1 1 2 1 2 3 3 2 1 1 2 1 3 1 2 2 1 1 3 1 2 2 2 2 2 3 3 2 3 1 2 3 3 2 1 2
M[10] : 3 1 1 2 2 2 1 1 1 2 2 2 1 1 1 1 2 2 2 1 2 1 2 2 1 2 2 2 2 2 1 1 1 2 1 1 1 3 1 0 1 1 1 2 2 2 2 2 2 2 1 2 2 1 1 1 2 2 1 1 1 2 1 2 2 1 2
M[11] : 2 2 3 2 3 4 2 3 3 2 2 3 2 2 3 2 3 3 1 3 2 3 3 1 3 2 2 4 3 3 3 2 2 2 2 2 3 3 2 2 2 2 2 3 2 2 2 2 0 2 2 2 3 2 2 3 3 2 3 3 2 3 3 3 2 3 3
M[12] : 1 1 2 3 0 3 1 3 2 2 3 3 2 2 3 2 3 3 3 2 3 2 3 2 2 2 1 2 3 3 3 2 1 2 3 3 2 2 2 2 3 2 1 2 1 1 2 2 2 2 3 2 2 3 2 3 2 3 3 2 2 3 2 3 2 3 3
M[13] : 2 3 3 3 3 3 3 2 2 4 3 3 2 3 3 2 1 3 3 2 2 1 1 2 3 4 3 2 3 3 2 2 2 3 3 3 1 2 3 4 2 2 3 2 3 3 3 3 2 3 2 2 2 2 3 2 1 2 2 3 3 0 3 2 4 3 3
M[14] : 0 1 1 1 1 2 1 1 2 1 1 1 1 1 2 1 1 1 1 1 1 1 1 0 1 1 1 1 1 1 2 1 1 1 2 1 1 1 1 1 1 1 1 1 1 1 1 1 1 2 1 1 1 2 1 2 1 1 1 2 2 1 1 1 1 2 1
M[15] : 2 1 2 1 2 2 1 1 2 1 1 1 1 1 2 1 2 2 2 2 1 2 2 2 2 1 1 2 2 1 2 2 2 1 2 1 1 3 1 2 1 1 1 2 2 3 1 2 2 0 1 1 1 2 1 2 2 3 2 1 2 2 1 3 1 2 2
M[16] : 2 3 2 1 1 1 2 1 2 2 1 2 2 1 2 3 2 2 1 1 1 2 2 2 1 2 3 1 1 1 1 1 1 1 1 1 1 1 1 1 1 3 2 1 2 2 3 0 1 1 1 2 2 2 1 1 2 1 1 2 2 2 1 1 2 1 1
M[17] : 2 2 1 1 2 1 2 1 2 3 1 1 1 2 2 1 1 1 2 1 1 1 1 1 1 2 1 2 2 1 1 1 1 2 2 1 1 2 2 2 2 1 2 1 1 2 1 2 1 1 1 2 1 2 1 1 1 1 1 0 2 1 2 1 1 2 2
M[18] : 0 0 0 1 1 1 0 1 1 1 1 1 1 1 2 1 1 1 1 1 1 1 1 1 1 1 1 1 1 1 1 0 1 1 0 1 1 1 1 0 1 1 0 1 0 0 1 1 1 1 1 1 1 1 1 1 1 1 1 1 1 1 1 1 1 1 1
M[19] : 2 1 2 2 3 1 1 1 2 1 1 1 1 1 2 1 2 2 1 2 1 1 1 1 2 1 2 2 2 2 2 2 2 1 1 1 1 2 1 2 1 1 1 2 2 2 1 1 1 1 2 1 1 2 1 2 2 0 2 2 2 1 1 1 2 1 1
M[20] : 1 1 2 1 2 1 1 1 2 1 1 1 1 1 2 1 1 2 1 1 1 1 1 0 2 1 1 2 1 2 2 2 1 1 1 1 1 2 1 2 0 1 0 2 2 0 1 1 1 1 0 0 1 2 1 2 1 1 2 2 2 1 1 1 1 1 1
M[21] : 3 3 3 3 3 3 3 3 4 3 3 3 3 3 3 2 2 3 3 2 3 1 3 2 3 4 4 2 3 3 3 3 2 4 3 3 1 0 3 4 2 3 3 2 3 3 3 3 2 3 3 3 3 4 3 2 2 2 2 3 3 4 3 2 4 3 3
M[22] : 2 2 2 1 2 1 2 1 2 2 1 2 2 2 2 1 2 1 2 2 1 2 2 2 1 2 2 1 1 1 1 1 2 2 1 1 1 1 2 1 1 3 2 1 2 2 2 2 1 1 1 1 1 2 2 2 2 1 1 1 2 3 1 1 0 1 1
M[23] : 1 1 1 2 1 2 1 2 2 1 3 1 1 1 2 2 3 2 3 2 3 3 2 2 1 0 2 2 2 2 2 2 1 2 3 2 2 2 1 2 2 2 1 3 1 1 1 3 2 2 2 3 2 2 1 3 2 2 2 2 2 3 2 2 2 3 3
M[24] : 3 3 3 3 3 3 3 3 3 2 2 3 1 3 3 2 3 3 3 3 0 2 3 2 3 3 3 3 4 4 3 2 2 3 3 2 2 3 2 3 2 3 2 1 3 3 3 2 2 3 2 2 2 2 3 3 3 3 3 2 3 3 2 3 3 3 3
M[25] : 1 1 2 2 1 3 1 2 2 1 3 1 1 0 2 2 3 2 3 1 3 3 2 2 1 2 1 2 2 2 2 2 1 2 3 2 2 2 1 2 1 2 1 2 1 1 1 2 2 2 2 3 2 2 1 3 2 2 2 2 2 3 2 2 2 3 3
M[26] : 0 1 1 1 1 2 1 1 2 1 1 1 1 1 2 2 1 1 1 1 1 1 1 2 1 1 1 2 1 2 2 1 1 1 2 2 0 1 1 1 1 1 1 1 1 1 1 1 2 2 1 1 2 2 1 2 1 2 2 2 2 1 2 2 1 2 1
M[27] : 2 0 1 3 3 3 2 3 4 2 3 3 2 3 3 2 3 3 3 3 3 3 4 2 2 3 3 2 3 2 3 2 1 3 2 3 2 2 2 2 3 2 2 3 1 1 3 4 2 1 3 3 3 3 3 3 2 2 3 2 3 4 2 2 3 3 3
M[28] : 3 4 3 3 2 2 3 1 2 3 3 1 2 2 3 2 1 2 3 2 2 1 2 2 1 3 3 2 2 2 2 1 2 2 2 3 1 2 2 2 2 2 3 2 3 3 2 2 1 2 2 3 1 2 0 1 2 2 2 2 3 2 2 2 2 2 2
M[29] : 2 4 3 3 3 3 3 3 4 3 3 3 3 3 3 2 3 3 3 3 2 2 4 1 3 3 3 2 3 3 3 3 2 3 3 3 2 1 3 3 2 3 3 2 2 3 3 4 3 2 3 3 3 4 3 4 2 2 3 3 4 4 0 2 4 3 3
M[30] : 1 2 1 1 1 1 1 1 1 1 1 0 1 1 1 1 1 1 1 1 1 1 1 1 1 1 1 0 1 1 1 1 1 1 1 1 0 0 1 1 1 2 1 1 0 1 1 1 0 0 1 1 0 2 1 1 1 0 1 1 2 1 0 0 1 1 1
M[31] : 2 3 3 2 2 2 3 2 2 3 3 1 2 2 2 2 1 1 3 1 2 1 1 2 2 3 1 2 2 2 2 1 1 2 2 3 1 2 2 3 2 2 2 2 2 3 2 2 1 2 1 2 1 2 2 2 1 2 2 2 2 1 2 2 0 2 2
M[32] : 2 3 3 3 3 3 3 3 4 3 3 3 2 3 4 2 3 3 3 3 3 3 4 2 2 3 3 2 3 3 3 3 2 3 3 2 2 1 3 2 3 3 3 2 1 2 3 4 3 0 3 3 3 4 3 3 2 2 3 2 3 4 2 1 4 4 3
M[33] : 3 1 2 1 2 2 1 1 2 1 1 2 1 1 1 1 2 2 2 2 2 2 2 2 2 1 2 2 2 2 2 2 2 1 2 1 2 2 1 2 1 1 2 2 2 3 1 2 2 2 1 1 2 1 1 3 2 3 1 1 2 2 2 3 0 2 2
M[34] : 3 2 3 1 3 2 2 1 2 1 1 2 1 1 2 1 2 3 2 2 2 2 2 2 2 1 3 3 2 3 2 2 2 1 2 1 2 3 1 2 1 1 2 2 2 3 0 2 2 2 2 1 2 2 1 3 2 3 2 1 2 2 2 3 3 2 2
M[35] : 1 2 2 1 1 1 1 1 2 2 1 2 2 1 2 1 1 1 1 1 1 2 0 1 1 1 1 1 1 1 1 1 1 1 1 1 1 0 1 1 1 2 1 1 1 1 1 1 1 1 1 1 0 2 1 1 1 1 1 1 2 1 1 1 1 1 1
M[36] : 0 1 1 1 1 2 1 1 2 1 1 1 1 1 2 1 2 1 1 1 2 1 1 1 1 1 1 2 1 2 2 2 1 1 2 2 1 1 1 1 0 1 1 1 1 1 1 1 2 2 1 1 2 2 1 2 1 2 2 2 2 1 1 2 1 2 1
M[37] : 1 1 2 1 1 1 0 1 1 1 1 1 0 1 2 0 1 1 1 1 1 1 1 0 1 1 1 2 1 2 2 1 0 1 1 1 1 2 1 2 0 1 0 2 1 1 1 1 1 1 0 0 1 2 1 2 0 1 1 2 1 1 1 1 1 1 1
M[38] : 1 2 2 0 1 1 2 0 1 1 1 1 1 1 2 1 1 1 1 1 1 0 1 1 1 1 1 1 1 1 1 1 1 1 1 1 0 1 2 2 1 1 1 0 1 2 1 1 1 1 1 1 1 2 1 0 1 1 1 1 1 1 1 1 1 1 1
M[39] : 1 2 2 2 1 1 2 1 1 2 1 1 1 1 1 1 1 1 1 1 0 0 1 1 2 2 1 1 1 1 1 1 1 1 1 2 0 2 1 2 1 2 1 1 2 1 2 1 1 1 1 2 1 1 2 1 1 1 1 2 1 1 2 1 2 1 1
M[40] : 3 3 3 3 2 2 3 2 2 3 3 1 2 2 2 2 1 2 3 1 2 1 1 2 2 3 1 2 2 2 2 1 1 2 2 3 1 2 2 3 2 2 3 2 2 3 0 2 1 2 1 2 1 2 2 2 1 2 2 2 3 1 2 2 1 2 2
M[41] : 2 2 0 3 3 4 2 3 4 3 3 3 2 3 4 2 3 3 3 3 3 3 4 2 2 3 3 2 3 2 3 2 1 3 3 2 2 2 2 2 3 3 2 3 1 2 3 4 3 1 3 3 3 4 3 3 2 2 3 2 3 4 2 2 3 3 3
M[42] : 3 2 3 1 3 2 2 1 2 0 2 2 1 1 1 2 2 3 2 2 2 2 2 2 3 2 3 3 3 3 2 2 2 2 2 1 2 3 1 3 1 1 2 2 3 3 2 2 2 3 1 2 2 1 2 3 2 3 1 2 2 2 3 3 3 2 2
M[43] : 3 3 3 2 2 2 3 2 2 2 2 2 1 1 1 2 2 2 2 1 2 2 2 2 3 2 3 3 3 3 1 2 2 2 2 3 2 3 0 3 1 2 2 1 3 3 2 2 2 3 1 2 2 1 2 3 2 3 1 3 3 2 3 3 3 3 3
M[44] : 2 3 3 3 3 3 3 2 3 3 3 3 1 3 3 2 3 2 3 2 2 2 2 2 3 4 3 2 3 3 3 2 2 3 3 3 2 3 3 4 2 2 3 1 3 3 3 3 2 3 2 2 2 2 3 3 0 3 2 3 3 2 3 3 3 3 3
M[45] : 0 1 2 1 1 3 1 1 2 1 1 1 1 1 2 2 1 1 2 1 0 1 2 2 1 1 1 1 1 2 1 1 1 1 2 1 1 1 1 1 1 1 1 1 1 1 1 2 2 2 1 1 2 1 1 2 1 2 1 2 2 2 1 2 1 2 2
M[46] : 3 2 2 2 1 2 2 1 1 2 2 2 1 1 1 2 2 1 2 1 2 2 1 2 2 2 2 2 3 3 1 1 1 2 1 2 2 3 1 3 1 2 1 1 3 2 2 2 2 3 1 2 2 1 2 2 1 2 1 2 2 1 3 3 2 0 2
M[47] : 1 2 2 1 1 1 2 0 1 0 1 1 1 2 2 1 1 1 1 1 1 0 1 1 2 1 1 1 1 1 1 1 1 1 1 1 0 1 2 2 1 1 1 0 1 2 1 1 1 1 1 1 1 2 1 0 1 1 1 1 1 1 1 1 1 1 1
M[48] : 1 1 2 2 1 3 1 0 2 1 2 1 1 1 2 2 2 2 2 1 3 2 2 2 1 1 1 2 2 2 2 2 1 2 2 2 2 2 1 1 1 2 1 2 1 1 1 2 2 2 1 2 2 2 1 3 1 2 2 2 2 2 2 2 1 3 3
M[49] : 2 2 2 2 2 1 2 2 2 2 2 1 1 2 2 2 1 1 1 1 2 1 1 2 2 3 1 2 2 2 1 1 1 2 2 2 1 2 2 2 1 2 2 1 2 2 1 1 1 0 1 2 1 2 2 2 1 2 1 2 2 1 2 2 1 2 2
M[50] : 2 3 2 1 1 1 2 1 2 2 1 2 2 1 2 1 2 1 1 1 1 2 3 2 1 2 2 1 1 1 1 1 1 2 1 1 1 1 2 1 1 3 2 0 2 2 3 2 1 1 1 1 2 2 1 1 2 1 1 1 2 3 1 1 2 1 1
M[51] : 1 1 2 1 2 1 1 1 2 1 1 1 1 1 1 0 0 2 1 2 1 1 1 1 1 1 1 2 1 1 1 1 1 1 1 1 1 1 1 2 1 1 1 2 1 2 1 1 1 1 1 1 1 1 1 2 2 2 1 1 2 1 1 1 1 2 1
M[52] : 2 3 2 2 2 2 2 2 4 2 3 2 3 3 3 3 3 3 3 3 3 3 3 3 2 3 3 2 2 1 3 2 2 3 2 1 2 1 3 2 3 4 2 2 2 2 3 3 3 1 3 3 3 4 2 2 3 2 3 0 3 3 2 2 3 3 3
M[53] : 2 3 2 1 1 2 2 1 1 2 2 2 1 1 2 2 2 2 1 2 1 2 2 2 1 1 2 1 1 1 1 1 1 0 1 2 1 1 1 2 1 2 2 1 2 2 2 2 1 2 2 2 1 2 1 1 2 1 1 2 2 2 2 1 2 1 1
M[54] : 1 1 2 2 1 3 1 2 2 2 2 2 2 2 3 2 2 0 2 3 2 2 3 2 1 2 1 3 3 3 2 1 1 2 2 3 3 2 1 1 1 2 1 2 1 2 2 2 2 2 1 2 2 2 2 3 2 3 2 2 2 3 2 3 1 3 3
M[55] : 3 2 3 1 3 2 2 1 2 1 1 2 1 1 1 1 2 3 2 2 2 2 2 2 3 2 3 3 3 3 2 2 2 2 2 0 2 3 1 2 1 1 2 2 3 3 2 2 2 3 2 1 2 2 2 3 2 3 1 1 2 2 2 3 3 2 2
M[56] : 2 3 3 3 3 3 3 3 4 3 3 3 2 3 3 2 3 3 3 3 3 3 4 1 3 3 4 2 3 4 3 3 2 3 3 2 2 1 3 2 3 3 3 2 2 3 3 4 3 3 3 3 3 4 3 4 2 1 3 2 3 4 1 0 4 3 3
M[57] : 1 1 2 2 2 3 1 2 2 1 2 2 1 1 2 2 1 1 2 2 2 2 2 2 1 2 1 3 3 3 2 1 1 2 2 2 3 2 1 1 1 2 1 2 1 2 2 2 2 3 1 2 2 0 2 3 2 3 1 2 1 2 2 3 1 2 2
M[58] : 0 1 2 1 2 1 1 1 2 1 1 1 1 1 2 1 1 1 1 2 1 1 1 1 1 1 1 2 1 1 2 2 1 1 1 1 1 2 1 2 1 1 1 2 1 2 1 1 1 1 1 1 1 1 1 2 1 1 1 1 2 1 1 1 1 2 1
M[59] : 2 3 2 1 3 2 2 0 3 2 3 2 3 3 3 3 2 2 2 3 2 2 3 2 2 3 3 1 1 2 2 2 2 2 3 2 1 1 3 3 2 4 2 2 3 2 3 2 3 2 3 2 2 3 2 1 3 1 2 2 3 3 2 1 3 1 2
M[60] : 2 3 2 1 2 1 2 1 2 2 2 2 2 2 2 3 2 2 1 3 2 2 3 2 1 2 3 1 1 1 1 1 2 2 1 1 1 1 2 0 2 3 2 2 2 2 3 3 2 1 2 2 2 2 2 1 3 1 1 2 3 3 1 1 3 1 1
M[61] : 2 2 1 1 2 1 2 1 2 2 1 1 2 2 2 1 1 1 2 2 1 2 2 2 1 2 2 1 1 1 1 1 2 2 1 1 1 1 2 1 1 2 2 1 1 2 2 2 1 1 0 2 1 2 2 2 2 1 1 1 2 2 1 1 1 1 1
M[62] : 0 1 1 2 1 2 1 1 1 1 2 1 1 1 1 1 2 2 2 2 2 2 1 2 1 1 2 2 2 2 2 2 1 1 2 2 1 0 1 2 1 1 1 2 1 1 1 0 1 2 2 2 1 2 1 1 1 2 2 1 2 1 2 2 2 2 2
M[63] : 2 1 2 1 3 2 1 1 2 1 1 1 1 1 2 1 2 3 2 2 1 2 2 2 2 1 2 2 1 0 2 2 2 1 2 1 1 3 1 2 1 1 2 2 2 3 1 2 2 2 1 1 1 2 1 2 2 3 2 1 2 2 2 2 2 2 1
M[64] : 2 2 2 2 1 2 1 1 2 2 2 1 2 1 0 2 1 2 1 2 1 1 2 2 1 2 2 1 1 2 1 1 1 2 2 2 1 1 1 2 2 2 1 1 2 2 2 2 1 2 2 2 1 1 1 1 2 1 2 2 1 2 2 2 2 1 2
M[65] : 2 3 2 0 2 1 2 2 2 2 2 2 2 2 2 2 2 1 2 2 2 2 3 2 1 2 2 1 1 1 1 1 2 2 1 1 1 1 2 1 1 3 2 1 2 2 3 2 1 1 2 3 2 2 2 2 3 1 1 1 3 3 1 1 2 1 1
M[66] : 1 1 0 1 1 1 1 1 1 1 1 0 1 1 1 1 1 1 1 1 1 1 1 1 0 1 1 0 1 0 1 1 1 1 1 1 0 0 1 1 1 0 1 1 1 1 1 1 0 0 1 1 0 2 0 0 1 0 1 1 2 1 0 0 1 1 1
M[67] : 2 2 2 2 1 1 2 1 1 2 2 2 1 1 1 2 2 1 2 1 2 1 1 2 2 2 2 1 2 2 1 1 1 2 1 2 2 3 1 2 1 2 1 1 2 1 2 1 1 2 1 2 1 1 2 2 1 0 1 2 1 1 3 1 2 1 1
M[68] : 3 1 1 2 1 2 1 1 1 2 2 2 1 1 1 2 2 2 2 1 2 1 1 0 1 2 2 1 2 2 1 1 1 2 1 2 1 3 1 2 1 1 1 1 2 1 2 1 1 2 1 2 1 1 1 1 1 1 1 2 1 1 2 2 2 1 2
M[69] : 2 2 3 2 3 3 1 3 3 2 2 2 2 2 3 2 2 3 2 3 2 3 3 2 1 2 2 3 3 3 3 2 2 2 0 3 3 2 2 1 2 2 1 2 1 2 2 3 2 3 2 2 3 2 2 3 3 3 3 3 1 3 3 3 2 3 3
M[70] : 2 2 2 2 1 1 2 1 1 2 2 1 1 1 1 1 1 1 1 1 2 1 1 1 2 2 2 1 0 1 1 1 1 1 1 2 1 3 1 2 1 2 1 1 2 1 2 1 1 2 1 2 1 1 2 1 1 1 1 2 1 1 2 1 2 1 1
M[71] : 1 1 2 1 1 1 0 1 1 1 1 1 0 1 2 1 2 2 1 1 1 1 1 0 2 1 1 0 1 2 2 1 1 1 1 1 1 2 1 2 0 1 0 2 2 1 1 1 1 1 1 0 1 2 1 2 1 1 1 2 1 1 1 1 2 1 1
M[72] : 2 2 3 2 3 3 2 3 3 2 2 3 2 2 3 2 3 3 2 3 2 3 3 2 3 2 2 4 3 3 3 2 2 2 2 3 3 3 2 0 2 2 1 3 2 2 2 3 2 3 2 2 3 2 2 4 3 3 3 3 1 3 3 3 2 3 3
M[73] : 2 3 2 1 2 1 2 1 2 2 0 2 2 2 2 2 2 2 2 2 2 2 3 2 1 2 3 1 1 1 1 1 2 2 1 1 1 1 2 1 1 3 2 1 2 2 3 2 1 1 1 2 2 2 2 1 3 1 1 1 2 3 1 1 3 1 1
M[74] : 2 2 3 2 3 0 2 2 2 1 1 1 1 2 2 1 3 3 1 3 2 2 2 2 2 1 2 3 2 3 2 2 2 1 2 1 2 3 2 2 1 1 2 2 2 2 2 2 1 2 2 1 1 2 2 3 2 2 2 2 2 2 2 2 2 2 1
M[75] : 0 3 3 3 3 3 3 3 4 3 3 3 2 3 3 2 2 3 3 2 2 1 3 2 3 3 3 2 4 4 3 3 2 4 3 3 2 1 3 4 2 3 3 2 3 3 3 3 3 3 3 3 3 4 3 3 2 3 3 3 3 3 3 3 4 3 3
M[76] : 1 1 2 2 1 3 1 3 2 2 2 2 2 2 3 2 2 2 2 3 2 3 3 2 0 2 1 3 3 3 3 1 1 2 2 3 3 2 2 1 2 2 1 2 1 2 2 2 2 3 2 2 2 2 2 3 2 3 3 3 2 3 2 3 2 3 3
M[77] : 2 2 1 1 2 1 2 1 2 2 1 1 1 2 2 1 1 1 1 1 1 1 1 1 1 2 1 1 2 1 1 1 1 2 2 0 1 2 2 1 2 1 2 1 1 2 1 1 1 1 1 2 1 2 1 1 1 1 1 1 2 1 2 1 1 2 2
M[78] : 2 2 3 2 3 2 2 1 2 1 1 0 1 1 2 1 3 3 1 3 1 2 2 2 2 1 2 3 1 3 2 2 2 1 2 1 2 3 1 2 1 1 2 2 2 3 2 2 2 2 2 1 2 2 1 3 2 3 2 2 2 2 2 3 2 2 2
M[79] : 2 2 2 2 1 1 2 2 2 2 2 2 1 2 2 2 1 1 2 1 2 1 1 2 2 2 2 2 3 1 1 1 1 2 1 2 1 3 2 2 1 2 2 1 2 2 2 1 1 2 1 2 1 2 2 2 1 2 1 2 2 1 3 2 2 1 0
M[80] : 2 3 3 3 3 3 3 2 2 4 3 3 1 3 3 2 0 3 3 2 2 1 1 2 3 4 3 2 3 3 2 2 2 3 3 3 2 3 3 4 2 2 3 2 3 3 3 3 2 3 2 2 2 2 3 2 1 2 2 3 3 2 3 3 4 3 3
M[81] : 2 2 3 3 3 3 3 3 4 2 3 3 2 3 3 0 2 3 2 2 2 3 3 2 3 3 3 4 3 3 3 2 2 2 3 2 3 3 2 3 2 3 2 1 3 3 3 3 3 3 2 2 3 2 3 3 2 3 3 3 3 3 3 3 3 3 3
M[82] : 2 2 2 2 2 2 1 2 1 1 2 2 1 2 3 2 2 2 1 2 2 3 2 2 1 2 2 3 2 3 2 1 1 2 1 2 2 2 2 1 1 2 1 3 1 2 2 1 1 3 1 2 1 2 2 0 3 2 2 2 1 2 3 3 2 1 2
M[83] : 3 4 3 3 3 2 3 2 2 4 3 2 2 2 3 2 1 2 3 2 3 1 2 2 0 3 3 2 2 2 2 2 3 2 2 3 1 2 2 3 2 2 3 2 3 3 3 2 2 2 2 3 1 3 2 1 2 2 2 2 3 2 2 2 3 2 2
M[84] : 3 2 3 0 3 2 2 1 2 1 1 2 1 1 1 1 2 3 2 2 2 2 2 2 3 2 3 3 3 3 2 2 2 2 2 1 2 4 1 2 1 1 2 2 3 3 3 2 2 3 2 1 2 2 2 3 2 3 2 1 2 2 2 3 3 2 2
M[85] : 2 1 2 2 2 3 1 2 2 2 2 2 2 2 3 2 1 2 2 2 2 3 2 2 1 2 2 3 2 3 0 1 1 2 2 2 3 2 1 1 1 2 1 3 1 2 2 2 2 3 1 2 2 1 2 3 3 3 1 3 1 2 2 3 2 2 2
M[86] : 1 2 2 1 1 1 2 0 1 2 1 1 1 1 1 1 1 1 1 1 1 0 1 1 2 1 1 1 1 1 1 1 1 1 1 1 0 1 1 2 1 1 1 0 2 1 1 1 1 1 1 0 1 1 1 1 1 1 1 1 1 1 1 1 1 1 1
M[87] : 2 2 3 2 3 2 2 2 2 1 1 1 1 2 2 1 3 3 1 3 2 3 2 1 2 2 2 3 2 3 2 2 2 1 1 1 2 3 2 2 1 1 1 3 2 2 2 1 1 2 2 2 1 2 2 2 2 2 2 2 2 0 3 2 2 1 1
M[88] : 1 2 2 3 3 3 1 3 3 2 3 3 2 2 3 2 3 3 3 2 3 3 3 2 2 3 2 2 3 3 3 2 1 3 2 3 2 2 2 2 3 2 0 3 1 1 3 4 2 2 3 3 3 3 3 3 2 3 3 3 3 3 2 3 3 3 3
M[89] : 3 2 3 1 3 2 2 0 2 1 1 2 1 1 1 1 2 3 2 2 2 2 2 2 3 1 3 3 3 3 2 2 2 2 2 1 2 3 1 2 1 1 2 2 3 3 2 2 2 3 1 1 2 2 1 3 2 3 2 1 2 2 2 3 3 2 2
M[90] : 1 0 0 2 2 2 0 2 1 1 1 1 0 1 2 1 2 2 1 2 2 2 1 1 1 1 2 1 2 2 1 1 1 1 1 1 1 2 0 1 0 1 1 3 1 2 1 1 1 1 1 0 1 1 2 1 1 1 1 2 1 1 2 1 2 1 1
M[91] : 2 2 2 2 2 1 2 2 2 2 2 1 1 2 2 1 1 1 1 1 2 1 1 2 2 3 1 2 2 0 1 1 1 1 1 2 1 2 2 2 1 2 2 1 2 2 2 1 1 1 1 2 1 2 2 2 1 2 1 2 2 1 3 2 2 1 1
M[92] : 3 1 1 2 1 2 1 1 1 2 2 2 1 1 1 2 2 2 2 1 2 2 1 2 2 2 2 1 2 2 1 1 1 2 1 2 2 3 1 2 1 1 1 1 3 2 2 2 2 2 1 2 1 1 2 2 1 2 1 2 0 2 3 2 2 1 2
M[93] : 2 3 2 1 1 2 2 1 0 1 2 1 1 1 2 3 2 2 1 2 2 2 2 2 1 1 2 1 1 2 1 1 1 2 2 2 1 1 1 2 2 2 1 1 3 2 2 2 1 2 2 2 1 2 1 1 2 1 1 2 1 2 2 1 2 1 2
M[94] : 2 3 3 2 2 2 3 2 2 3 3 1 1 2 2 2 1 1 3 1 2 1 1 2 2 3 0 2 2 2 2 1 1 2 2 3 1 2 2 3 2 2 2 1 3 3 2 2 1 2 1 2 1 2 2 2 1 2 2 3 3 1 3 2 2 2 2
M[95] : 2 2 3 2 3 2 2 2 2 1 1 1 1 2 2 1 3 3 1 3 2 3 2 1 2 2 2 3 2 3 2 2 2 2 1 1 2 3 2 2 1 1 1 3 2 2 2 0 1 2 2 2 1 2 2 3 2 2 2 2 2 2 3 2 2 2 1
M[96] : 2 2 3 2 3 2 2 2 2 1 1 2 1 2 3 1 3 3 1 3 1 2 2 2 2 2 2 3 3 3 2 2 2 0 2 1 2 3 2 2 1 1 2 2 2 3 2 2 2 2 2 1 2 2 2 3 2 3 2 3 2 2 2 2 2 2 2
M[97] : 3 3 2 2 2 2 2 2 2 2 2 2 1 1 1 2 2 2 2 1 2 2 2 2 3 2 3 3 3 3 0 2 2 2 2 2 2 3 1 3 1 2 2 1 3 3 2 2 2 3 1 2 2 1 2 3 2 3 1 3 3 2 3 3 3 3 3
M[98] : 0 1 2 1 2 2 1 1 2 1 1 2 0 1 2 2 1 1 2 2 1 1 2 2 1 1 1 2 2 1 1 1 1 2 2 1 1 1 1 1 1 1 1 1 1 2 1 1 1 1 1 1 2 1 1 2 2 2 1 0 1 2 1 2 1 2 2
M[99] : 2 2 2 1 2 1 2 1 2 3 2 1 1 2 2 0 1 1 2 1 2 1 1 1 1 2 1 2 2 1 1 1 1 2 2 1 1 2 2 2 2 1 2 1 1 2 1 2 1 1 1 2 1 2 1 1 1 1 1 1 2 1 2 2 1 2 2
M[100] : 1 2 1 1 1 1 1 1 2 2 1 1 2 2 1 1 1 1 2 2 1 0 2 1 0 2 1 1 1 1 1 1 1 2 1 1 1 0 2 1 1 2 2 1 1 2 2 2 1 1 1 1 1 1 1 2 2 1 1 1 2 2 1 1 1 2 1
M[101] : 2 2 2 1 2 1 2 1 2 3 1 1 1 2 2 1 1 1 1 1 1 1 1 1 1 2 1 1 2 1 1 1 1 2 2 1 1 2 2 0 1 1 2 1 1 2 1 1 1 1 1 2 1 2 1 1 1 1 1 1 2 1 2 1 1 1 2
M[102] : 3 0 2 2 2 2 2 1 2 2 2 2 1 1 1 2 2 2 2 1 2 2 2 2 2 2 3 3 3 3 1 2 2 2 2 2 2 3 1 3 1 1 2 2 3 3 2 2 2 3 1 2 2 1 2 3 2 3 1 2 2 2 3 3 2 2 2
M[103] : 2 2 2 1 1 1 1 1 1 0 1 1 1 1 2 2 2 1 1 1 1 2 2 1 1 1 2 1 1 1 1 1 1 1 1 2 1 1 1 2 1 2 1 1 2 1 2 1 0 1 1 1 1 2 1 1 1 1 1 2 1 2 2 1 2 1 1
M[104] : 2 4 2 3 3 3 3 3 4 3 3 3 3 3 3 2 3 3 3 3 3 3 3 2 2 3 3 2 3 0 3 3 3 3 3 2 2 1 3 2 3 3 2 2 3 2 4 4 3 2 3 3 3 4 3 3 3 1 3 1 3 4 1 1 3 3 3
M[105] : 1 1 1 2 1 2 1 2 2 1 3 1 1 1 2 2 2 2 2 2 3 3 1 2 1 1 2 2 2 2 2 2 1 1 3 2 2 1 1 2 2 1 1 2 1 1 1 1 2 2 2 2 2 2 1 3 0 2 2 2 2 1 2 2 2 3 2
M[106] : 2 2 3 2 3 2 1 2 2 1 1 1 1 2 2 1 2 2 1 3 2 3 0 1 2 2 2 2 2 2 2 2 1 1 1 1 1 3 2 2 1 1 1 3 2 2 2 1 1 2 2 2 1 2 2 2 2 2 2 2 1 1 3 2 2 1 1
M[107] : 1 1 2 3 1 3 1 3 3 2 3 2 2 2 3 2 2 3 3 3 3 2 3 2 2 2 1 3 3 3 3 2 1 2 3 3 2 2 2 2 2 2 1 2 1 1 2 2 2 2 2 2 2 3 2 3 2 3 3 3 2 3 2 3 0 3 3
M[108] : 2 3 2 1 1 2 2 1 1 2 3 2 1 1 2 3 2 2 1 2 2 2 2 2 1 0 3 1 1 2 1 1 1 1 1 2 1 1 1 2 2 2 2 1 3 2 3 2 1 2 2 2 1 2 1 1 2 1 1 2 2 2 2 1 2 1 1
M[109] : 1 1 2 2 2 2 1 1 1 0 2 1 0 1 1 2 1 2 1 2 2 2 2 2 1 2 2 2 2 2 1 1 1 2 2 1 2 0 1 1 1 2 1 2 1 2 2 1 1 2 1 1 1 1 2 1 1 1 1 1 1 1 1 2 1 1 2
M[110] : 1 1 2 1 1 1 0 1 1 1 0 1 0 0 2 0 1 1 1 1 0 1 1 0 1 1 1 2 1 1 1 0 0 1 0 1 1 2 0 2 0 1 0 0 1 1 1 1 1 1 0 0 1 0 1 2 1 1 0 1 0 1 1 1 1 1 1
M[111] : 1 0 1 2 1 1 0 1 1 1 1 1 0 0 1 0 2 2 1 0 1 1 1 0 1 1 1 1 2 2 1 1 0 1 1 1 1 2 0 1 0 1 0 1 1 1 1 1 1 1 1 0 1 1 1 1 1 1 1 2 1 1 1 1 2 1 1
M[112] : 2 2 2 2 2 1 2 2 2 3 2 1 1 2 2 2 1 1 1 1 2 1 1 2 2 3 1 2 2 2 1 1 1 2 2 2 1 2 2 2 2 2 2 1 0 2 1 1 1 1 1 2 1 2 1 2 1 2 1 1 2 1 2 2 1 2 2
M[113] : 1 1 2 1 1 3 1 1 2 1 2 1 1 1 2 2 1 1 2 2 2 2 2 2 1 1 1 2 0 2 2 1 1 2 2 1 1 1 1 1 1 1 1 1 1 1 1 2 2 2 1 1 2 1 1 2 1 3 1 2 2 2 2 2 1 2 2
M[114] : 1 1 2 1 2 2 1 1 1 0 2 1 0 1 0 2 1 2 1 2 2 2 2 2 1 2 2 2 2 2 1 1 1 2 2 1 2 1 1 1 1 2 1 2 1 2 2 1 1 3 1 1 1 1 2 1 2 2 1 1 1 2 1 2 1 1 2
M[115] : 1 1 1 1 1 1 1 1 1 2 1 0 1 1 2 1 1 1 1 1 1 1 1 1 1 1 1 1 1 1 1 1 0 1 1 1 1 0 1 1 1 2 1 1 1 1 1 1 0 0 1 1 0 2 1 1 1 0 1 1 2 1 0 0 1 1 1
M[116] : 2 3 2 1 2 1 2 1 2 2 2 2 2 2 2 3 2 2 0 3 2 2 3 2 1 2 3 1 1 1 1 1 2 2 1 1 1 1 2 1 1 3 2 1 2 2 3 2 2 1 2 2 2 2 2 1 3 1 1 2 2 3 1 1 3 1 1
M[117] : 0 1 1 2 1 2 1 1 1 1 2 1 1 1 1 1 2 2 0 1 2 2 1 1 1 1 1 2 2 2 2 2 1 1 2 2 1 0 1 1 1 1 1 1 1 1 1 1 1 2 2 2 1 2 1 1 1 2 2 2 2 1 2 2 2 2 2
M[118] : 2 1 2 1 2 2 1 1 2 1 1 1 1 1 1 1 2 2 2 2 1 1 2 2 1 1 1 2 2 1 1 1 1 1 1 1 1 0 1 2 1 1 1 2 1 2 1 2 2 1 1 1 1 1 1 2 2 2 1 1 2 1 1 2 1 2 2
M[119] : 3 3 3 2 1 2 3 2 0 2 2 2 1 2 2 2 2 2 2 1 2 2 2 2 2 2 3 2 3 3 1 2 2 2 2 3 2 3 1 3 1 2 2 1 3 3 2 2 2 3 1 2 2 2 2 2 1 3 1 3 3 2 3 3 3 3 3
M[120] : 1 3 2 1 1 1 1 1 1 2 1 2 2 1 2 1 1 1 1 1 1 2 1 1 1 1 1 1 1 1 1 1 1 1 1 1 1 1 1 1 1 2 1 1 1 1 1 1 1 1 1 1 0 2 1 1 1 1 1 1 2 0 1 1 1 1 1
M[121] : 1 2 2 1 2 1 2 1 2 2 0 1 1 2 2 1 1 1 1 1 1 1 1 1 2 2 1 1 1 1 1 1 1 2 1 1 1 2 2 2 1 1 2 1 1 2 1 1 1 1 1 2 1 2 1 1 1 1 1 1 2 1 1 1 1 1 1
M[122] : 2 2 1 2 1 2 1 2 1 1 2 1 0 1 1 2 2 2 2 2 2 3 2 2 1 1 2 2 2 2 2 2 1 1 3 2 2 1 1 2 2 1 1 2 1 1 1 2 2 2 2 2 1 2 1 2 1 2 2 1 2 2 2 2 2 2 2
M[123] : 1 1 1 2 1 2 1 2 2 1 2 1 1 1 1 2 2 2 2 2 2 3 1 2 1 1 2 2 2 2 2 2 1 1 3 2 2 1 1 2 2 1 1 2 1 1 1 2 2 2 2 2 0 2 1 2 1 2 2 2 2 1 2 2 2 3 2
M[124] : 2 2 2 2 1 1 2 1 1 2 2 1 1 1 1 1 1 1 0 1 2 1 1 1 2 2 2 1 2 2 1 1 1 1 1 2 1 3 1 2 1 2 1 1 2 1 2 1 1 2 1 2 1 1 2 1 1 1 1 2 1 1 2 1 2 1 1
M[125] : 2 3 3 3 2 2 3 2 2 3 3 2 1 2 3 2 1 1 3 1 2 1 1 2 2 3 3 2 3 2 2 2 2 3 3 3 1 2 2 4 2 2 3 2 3 3 2 2 2 2 1 2 0 2 2 2 1 2 2 3 3 1 3 2 2 2 3
M[126] : 1 1 1 2 1 2 1 2 2 1 3 1 1 1 2 2 2 2 3 2 3 3 1 2 1 1 2 2 2 2 2 2 1 0 3 2 2 2 1 2 2 2 1 3 1 1 1 2 2 2 2 3 2 2 1 3 1 2 2 2 2 1 2 2 2 3 3
M[127] : 3 3 3 3 3 2 3 2 2 3 3 0 2 2 3 2 1 2 3 1 2 1 2 2 2 3 2 2 2 2 2 2 2 3 2 3 1 2 2 4 2 2 3 2 2 3 3 2 2 2 1 2 1 2 2 2 1 2 2 3 3 2 2 2 3 2 2
M[128] : 1 1 2 1 1 3 1 1 2 1 2 2 1 1 2 2 0 1 2 2 2 2 2 2 1 2 1 3 3 2 2 1 1 2 2 2 2 2 1 1 1 2 1 2 1 1 1 2 2 2 1 2 2 2 2 3 2 3 2 2 2 2 2 2 1 3 3
M[129] : 2 4 3 3 3 3 3 3 4 3 3 3 3 3 3 2 3 3 2 3 2 2 3 2 2 3 3 2 2 2 3 3 3 4 3 3 1 1 3 3 2 3 3 2 3 3 4 3 3 2 3 3 3 4 3 0 3 2 2 3 4 3 2 2 4 3 3
M[130] : 2 3 2 2 2 2 2 2 3 2 2 2 3 3 3 3 3 3 3 3 2 2 3 2 2 3 3 1 1 1 2 2 2 2 3 2 1 1 3 2 2 4 2 2 3 2 3 3 3 2 3 3 2 3 2 2 3 1 2 2 3 3 1 1 3 0 1
M[131] : 1 2 1 1 1 1 1 1 1 1 1 1 0 1 1 1 1 1 1 1 1 2 1 1 1 1 1 1 1 1 1 1 1 1 1 1 1 1 1 1 1 2 1 1 1 1 2 1 0 0 1 1 0 2 1 1 1 0 1 1 1 2 1 0 2 1 1
M[132] : 3 1 2 1 2 2 1 1 2 1 1 1 1 1 1 1 2 2 2 2 2 2 2 2 1 1 2 2 2 2 1 1 1 2 2 1 1 3 1 2 1 1 1 2 2 2 1 2 2 1 1 1 2 1 1 2 2 2 1 1 2 2 0 2 1 2 2
M[133] : 2 2 2 2 1 1 2 1 1 2 2 2 1 1 2 2 1 1 2 1 2 1 1 2 2 2 2 1 2 1 1 1 1 1 1 2 1 3 1 2 1 2 1 1 2 1 2 1 1 2 1 2 1 2 2 2 1 1 1 2 2 1 3 0 2 1 1
M[134] : 3 2 1 2 1 2 0 1 1 2 2 2 1 1 1 2 2 2 2 1 2 2 1 2 2 2 2 2 3 3 1 1 1 2 1 2 2 3 1 3 1 2 1 1 3 3 2 2 2 3 1 2 2 1 2 2 1 3 1 2 2 2 3 3 2 1 2
M[135] : 0 1 1 2 1 2 1 1 1 1 1 1 1 1 1 1 2 2 1 1 2 2 1 2 1 1 1 2 2 2 2 2 1 1 2 2 1 0 1 1 1 1 1 1 1 1 1 1 1 2 2 2 1 2 1 0 1 2 2 2 2 1 2 2 2 3 2
M[136] : 1 1 0 1 1 1 1 1 1 1 1 0 1 1 1 0 1 1 1 1 1 1 1 1 0 1 1 0 1 0 1 1 1 1 1 1 0 0 1 1 1 1 1 1 1 1 1 1 0 0 1 1 0 2 0 0 1 0 1 1 2 1 0 0 1 1 1
M[137] : 0 1 1 1 1 2 1 1 2 1 1 1 1 1 2 1 2 1 1 1 2 1 1 1 1 1 1 1 1 1 2 2 1 1 2 1 1 0 1 1 1 1 1 1 1 1 1 1 1 2 1 1 1 2 1 1 1 0 1 2 2 1 1 1 1 2 1
M[138] : 2 3 3 2 2 2 3 2 2 2 2 2 1 2 2 2 1 1 2 1 2 2 1 2 2 3 3 2 3 3 1 2 2 3 3 3 2 3 2 4 2 2 3 1 3 3 2 0 2 3 1 2 2 2 2 2 1 2 1 3 3 1 3 3 2 2 3
M[139] : 1 2 1 2 1 1 1 2 1 1 2 1 1 1 1 2 2 2 2 2 2 3 2 3 1 2 2 2 2 1 1 2 2 2 2 2 2 0 1 1 2 2 1 1 2 1 2 2 1 1 2 2 1 1 1 2 2 2 1 1 0 2 2 2 2 2 2
M[140] : 3 1 2 1 2 2 1 1 2 1 1 2 1 1 1 1 2 2 2 2 2 2 2 2 2 1 3 3 2 2 2 2 2 2 2 1 2 2 1 2 1 1 2 2 2 3 1 2 2 3 1 1 2 1 1 3 2 3 1 0 2 2 2 3 2 2 2
M[141] : 1 1 1 2 1 3 1 2 2 1 3 1 1 1 2 2 3 2 3 1 3 3 2 2 1 2 1 2 2 2 2 2 1 2 3 2 2 2 0 2 2 2 1 3 1 1 1 2 2 2 2 3 2 2 1 3 2 2 2 2 2 3 2 2 2 3 3
M[142] : 3 2 2 2 1 2 2 1 1 2 2 2 1 1 1 2 2 2 2 1 2 2 1 2 2 2 2 2 3 3 1 1 0 2 2 2 2 3 1 3 1 2 1 1 3 3 2 2 2 3 1 2 2 1 2 2 1 3 1 2 2 2 3 3 2 1 2
M[143] : 0 1 1 1 1 2 1 1 1 1 1 1 1 1 1 1 2 2 1 1 2 2 1 1 1 1 1 1 1 1 2 2 1 1 2 2 1 0 1 0 1 1 1 1 0 1 1 1 1 2 1 1 1 2 1 1 1 1 2 2 1 1 1 1 1 0 1
M[144] : 1 2 1 1 1 1 1 1 1 2 1 0 1 1 2 1 1 1 1 1 1 1 1 1 1 1 1 1 1 1 1 1 1 1 1 1 1 0 1 1 1 2 1 1 1 1 0 1 0 0 1 1 0 2 1 1 1 0 1 1 2 1 0 0 1 1 1
M[145] : 3 3 3 2 3 2 2 2 2 2 2 2 1 1 0 2 2 3 2 1 2 2 2 2 3 2 3 3 3 3 2 2 2 2 2 2 2 3 1 3 1 2 2 2 3 3 3 2 2 3 2 2 2 1 2 3 2 3 1 3 2 2 3 3 3 3 3
M[146] : 1 1 2 1 2 1 1 1 2 1 1 1 1 1 2 1 1 2 1 2 1 0 1 2 2 1 1 2 1 1 2 2 1 1 2 1 1 2 1 2 1 1 1 2 2 2 1 2 1 1 1 1 1 1 1 2 2 1 2 1 2 1 1 1 1 2 1
M[147] : 1 2 2 2 1 1 2 0 1 2 1 1 1 2 2 1 1 1 1 1 1 0 1 1 2 0 1 1 1 1 1 1 1 1 1 2 0 2 2 2 1 1 1 1 2 2 1 1 1 1 1 2 1 2 1 1 1 1 1 1 1 1 1 1 1 1 1
M[148] : 3 2 2 2 1 1 2 1 1 2 2 2 1 1 1 2 2 1 2 1 2 2 1 2 2 2 2 2 2 2 1 1 1 2 1 2 2 3 1 2 1 2 1 1 3 0 2 1 1 2 1 2 1 1 2 2 1 2 1 2 1 1 3 3 2 1 2
M[149] : 3 2 3 1 3 2 2 1 2 1 1 2 1 1 2 1 3 3 2 2 2 2 2 2 3 1 3 3 3 3 2 2 2 1 2 1 2 3 1 2 1 1 2 2 2 3 3 2 2 3 2 1 2 2 0 3 2 3 2 1 2 2 2 3 3 2 2
M[150] : 1 1 2 2 1 3 1 2 2 1 3 2 1 1 2 2 3 2 3 0 3 3 3 2 1 2 1 2 3 2 2 2 1 2 3 2 2 2 1 2 1 2 1 2 1 1 1 2 2 2 2 3 2 2 1 3 2 2 2 2 2 3 2 2 2 3 3
M[151] : 3 2 2 2 1 2 1 1 1 2 2 2 1 1 1 2 2 1 2 1 2 2 1 2 2 2 2 2 2 2 1 1 1 2 1 2 2 3 1 2 1 2 0 1 3 1 2 1 2 3 1 2 1 1 2 2 1 2 1 2 2 1 3 3 2 1 2
M[152] : 3 1 1 1 2 2 1 1 1 1 1 2 1 1 1 1 2 2 2 1 2 2 2 2 1 2 2 2 2 2 1 1 1 2 1 1 2 3 1 2 1 1 1 2 3 2 2 2 2 2 1 2 2 1 1 0 2 3 1 1 2 2 2 3 2 2 2
M[153] : 1 2 3 3 3 4 2 3 4 2 3 3 2 2 3 2 2 3 3 2 3 3 3 2 3 3 3 4 3 3 3 3 2 2 3 2 3 2 2 2 3 2 2 3 0 3 3 4 3 2 2 2 3 3 3 4 2 3 3 3 4 3 3 3 4 3 3
M[154] : 0 1 0 1 1 1 1 1 2 1 1 1 1 1 2 1 1 1 1 1 1 1 1 1 1 1 1 1 1 1 1 1 1 1 2 0 1 1 1 1 1 1 1 1 0 0 1 1 1 1 1 1 1 1 1 2 1 1 1 1 1 1 1 1 1 2 1
M[155] : 3 3 3 3 3 3 3 3 2 2 0 3 1 2 3 2 3 3 3 3 1 2 3 2 3 3 3 3 4 4 3 2 2 3 3 2 2 3 2 3 2 3 2 1 3 3 3 2 2 3 2 2 2 2 3 3 3 3 3 2 3 3 2 3 3 3 3
M[156] : 1 1 2 0 1 3 1 1 2 1 2 2 1 1 2 2 1 1 2 2 2 2 2 2 1 2 1 2 3 2 2 1 1 2 2 2 2 2 1 1 1 2 1 2 1 1 1 2 2 2 1 2 2 2 1 3 1 3 2 2 2 2 2 2 1 3 3
M[157] : 1 2 2 3 2 3 1 3 3 2 3 3 2 2 3 2 2 3 3 2 3 2 3 2 2 2 2 3 3 3 3 2 0 2 3 3 3 2 2 2 3 2 1 2 1 1 2 3 2 3 3 2 3 3 2 3 2 3 3 3 2 3 2 3 3 3 3
M[158] : 0 2 2 2 1 1 2 1 1 2 2 1 1 1 1 1 1 1 1 1 2 0 1 1 2 2 2 1 1 1 1 1 1 1 1 2 0 3 1 2 1 2 1 1 2 1 2 1 1 1 1 2 1 1 2 1 1 1 1 2 1 1 2 1 2 1 1
M[159] : 2 4 3 3 3 3 3 3 4 3 3 3 3 3 3 2 3 3 3 3 2 3 3 2 2 3 3 0 3 2 3 3 3 3 3 2 2 1 3 2 3 3 3 2 2 3 4 4 3 2 3 3 3 4 3 3 3 1 3 3 3 4 1 1 3 3 3
M[160] : 1 3 4 3 3 3 3 3 4 2 3 3 2 3 4 1 2 3 2 2 3 3 3 0 3 3 3 2 3 4 3 3 2 3 3 2 3 3 3 3 2 3 3 2 3 3 3 4 3 3 3 2 3 4 3 4 2 3 3 3 4 3 3 3 4 3 3
M[161] : 2 3 2 1 1 2 2 1 2 2 2 1 2 0 2 3 2 2 1 2 2 2 2 2 1 2 2 1 1 2 1 1 1 2 2 2 1 1 1 2 2 2 1 2 2 2 2 2 1 2 2 2 1 2 1 1 2 1 1 2 1 2 2 1 2 1 2
M[162] : 2 2 3 2 2 2 3 2 2 2 2 2 1 2 2 2 2 1 2 1 2 2 1 2 2 2 2 2 3 3 1 1 1 2 0 2 2 3 2 3 1 2 2 1 3 3 2 1 2 3 1 2 2 2 2 2 1 2 1 2 3 1 3 3 2 2 3
M[163] : 2 2 3 2 3 3 2 3 2 2 1 3 1 2 3 1 3 3 0 3 2 3 3 2 3 2 3 3 3 3 3 2 2 2 2 2 2 3 2 2 1 2 2 2 2 3 3 2 2 2 2 2 2 2 3 3 2 3 2 3 2 2 3 3 3 3 3
M[164] : 2 1 2 1 2 1 1 1 2 1 1 1 1 1 2 1 2 3 1 2 1 1 2 2 2 1 1 2 1 1 2 2 2 1 2 1 0 2 1 2 1 1 1 2 2 2 1 2 1 1 1 1 1 2 1 2 2 2 2 1 2 1 1 1 1 2 1
M[165] : 3 2 3 2 3 3 2 2 2 1 1 2 1 2 3 1 3 3 2 3 2 2 2 2 3 0 3 3 3 3 2 2 2 2 2 2 2 4 2 2 1 1 2 2 3 3 3 2 2 3 2 1 2 2 3 3 2 3 2 2 2 2 2 3 3 3 3
M[166] : 2 2 2 1 1 1 2 1 2 2 1 1 2 2 2 1 1 1 2 2 1 2 2 1 1 2 2 1 1 1 1 1 1 2 1 1 1 1 2 1 1 3 2 1 1 2 2 2 1 1 1 0 1 2 2 2 2 1 1 1 2 2 1 1 1 1 1
M[167] : 2 4 3 3 3 3 3 3 4 3 3 3 3 3 3 2 3 3 3 3 2 2 3 2 3 3 3 2 3 2 3 3 3 4 3 3 0 1 3 3 2 3 3 2 2 3 4 3 3 2 3 3 3 4 3 2 3 2 2 3 4 4 2 2 4 3 3
M[168] : 3 3 3 2 2 3 3 3 2 2 2 3 1 3 2 2 3 3 2 2 2 2 2 2 3 3 3 3 3 3 3 2 2 3 3 3 2 3 2 4 1 3 2 0 3 3 3 2 2 3 2 1 2 2 3 3 2 3 3 3 3 2 3 3 3 3 3
M[169] : 1 1 2 1 0 1 0 1 1 1 1 1 0 0 2 0 1 1 1 1 0 1 1 0 1 1 1 1 1 2 1 1 0 1 1 1 1 2 0 2 0 1 0 1 1 1 1 1 1 1 0 0 1 1 1 2 1 1 1 2 1 1 1 1 1 1 1
M[170] : 1 1 1 2 1 2 1 2 2 1 3 1 1 1 2 2 2 2 3 1 3 3 0 2 1 1 2 2 2 2 2 2 1 1 3 2 2 2 1 2 2 1 1 2 1 1 1 1 2 2 2 3 2 2 1 3 1 2 2 2 2 1 2 2 2 3 3
M[171] : 1 1 1 2 1 2 1 2 2 1 3 1 1 1 2 2 2 2 2 2 3 3 1 2 1 1 2 2 2 2 2 2 1 1 3 2 2 1 1 2 1 1 1 2 1 1 1 1 2 2 2 2 2 2 1 3 1 2 2 2 2 0 2 2 2 3 2
M[172] : 0 1 2 1 1 2 1 1 2 1 1 1 1 1 2 2 1 1 2 1 1 0 2 2 1 1 1 2 1 2 2 1 1 1 2 1 1 1 1 1 1 1 1 1 1 1 1 2 2 2 1 1 2 1 1 2 1 2 1 2 2 2 1 2 1 2 2
M[173] : 3 3 3 2 2 3 3 2 2 2 2 2 1 0 2 2 2 3 2 1 2 2 2 2 3 2 3 3 3 3 2 2 2 2 2 3 2 3 1 3 1 2 2 1 3 3 3 2 2 3 2 2 2 1 2 3 2 3 1 3 3 2 3 3 3 3 3
M[174] : 1 2 2 3 2 3 1 3 3 2 3 3 2 2 3 2 3 3 3 2 3 2 3 2 2 3 0 2 3 3 3 2 1 2 3 3 2 2 2 2 3 2 1 3 1 1 2 4 2 2 3 3 3 3 3 3 2 3 3 3 3 3 2 3 2 3 3
M[175] : 2 2 1 2 2 2 1 2 3 2 3 2 2 3 0 2 3 3 3 3 3 3 3 3 2 3 2 2 2 2 2 2 2 3 3 2 2 1 1 2 2 2 2 3 1 1 2 2 2 2 3 3 3 2 2 3 3 2 2 2 3 3 2 2 2 3 3
M[176] : 1 2 1 1 1 1 1 1 1 2 1 0 1 1 2 1 1 1 1 1 1 1 1 1 1 1 1 1 1 1 1 1 1 1 1 1 1 0 1 1 1 2 1 1 1 1 1 1 0 0 1 1 0 2 1 1 0 0 1 1 2 1 0 0 1 1 1
M[177] : 2 2 1 2 2 2 1 2 2 1 3 0 1 1 1 2 3 2 3 2 3 3 3 2 2 2 2 2 2 2 2 2 1 2 3 2 2 1 1 2 2 2 1 3 1 1 1 2 2 2 2 3 2 2 1 3 2 2 2 2 3 3 2 2 2 3 3
M[178] : 2 3 2 1 2 2 2 1 2 2 2 2 3 2 2 3 2 2 1 3 2 2 3 2 1 2 3 1 1 1 1 1 2 2 0 2 1 1 2 2 2 3 2 2 3 2 3 2 2 2 2 2 2 2 2 1 3 1 1 2 3 3 2 1 3 1 1
M[179] : 2 2 2 1 2 1 2 1 2 3 1 1 1 2 2 1 1 1 1 1 1 1 1 1 1 2 1 1 2 1 1 1 1 2 2 1 1 2 2 1 2 1 2 1 1 2 1 1 1 1 1 2 1 2 1 1 1 1 1 1 2 1 0 1 1 1 2
M[180] : 0 3 2 1 1 1 1 1 1 2 1 2 2 1 2 1 1 1 1 1 1 2 1 1 1 1 1 1 1 1 1 1 1 1 1 1 1 1 1 1 1 2 1 1 1 1 2 1 1 1 1 1 0 2 1 1 1 1 1 1 2 1 1 1 1 1 1
M[181] : 1 1 1 1 1 2 1 1 2 1 0 1 1 1 2 2 2 1 1 1 2 2 1 2 1 1 1 2 2 2 2 2 1 1 2 2 1 1 1 1 1 1 1 1 1 1 1 1 2 2 1 1 2 2 1 2 1 2 2 2 2 1 2 2 1 2 2
M[182] : 3 0 1 2 2 1 2 1 2 2 3 1 2 2 2 1 1 1 2 1 2 1 1 2 1 2 1 1 2 2 2 1 1 2 2 2 1 2 2 2 2 1 2 2 2 2 2 2 1 2 1 2 1 2 1 1 2 2 2 2 1 2 2 2 1 2 2
M[183] : 3 2 0 2 2 1 1 1 2 2 2 1 2 2 1 1 1 2 2 2 1 1 2 2 1 2 2 1 2 2 1 0 2 2 2 2 1 2 2 2 2 1 2 1 2 2 2 2 1 2 1 3 1 2 1 1 2 2 2 2 1 2 2 2 2 2 2
M[184] : 2 2 3 2 3 3 1 2 3 2 2 2 1 2 3 2 3 3 1 3 2 3 3 2 1 2 2 3 3 3 3 1 1 2 1 2 3 3 2 1 2 2 1 3 1 2 2 1 1 3 2 2 2 2 2 4 3 3 2 3 1 3 3 3 2 0 2
M[185] : 1 1 2 1 2 1 1 1 2 1 1 1 1 1 2 0 1 0 1 1 1 1 1 1 1 1 1 2 1 1 2 1 1 1 1 1 1 2 1 2 0 1 0 2 1 1 1 1 1 1 0 0 1 1 1 2 1 1 1 1 1 1 1 1 1 1 1
M[186] : 3 3 3 2 3 3 3 2 2 2 2 2 1 2 2 2 2 1 2 1 2 2 2 2 3 3 3 2 3 3 2 2 2 2 3 3 2 3 2 4 0 2 3 1 3 3 3 2 2 3 1 2 2 2 2 2 1 3 1 3 3 2 3 3 3 3 3
M[187] : 2 2 2 2 1 1 2 1 2 2 2 1 1 2 2 1 1 1 1 1 2 1 1 1 2 2 1 1 1 1 1 1 1 0 1 2 1 2 2 2 1 2 1 1 2 2 1 1 1 1 1 2 1 2 1 2 1 1 1 2 2 1 2 1 1 1 1
M[188] : 2 1 2 1 3 1 1 1 2 1 1 1 1 1 2 1 2 3 1 2 1 1 2 2 2 1 2 2 1 2 2 2 2 1 2 1 1 2 1 2 1 1 2 2 2 3 1 2 1 1 2 1 1 2 1 2 2 2 2 2 2 1 1 0 2 2 1
M[189] : 1 1 2 2 1 3 1 2 2 1 3 1 1 1 2 2 3 2 3 1 3 3 2 2 1 2 1 2 2 2 2 2 1 2 3 2 2 2 1 2 2 2 1 2 1 1 1 2 2 2 2 3 2 2 0 3 2 2 2 2 2 3 2 2 2 3 3
M[190] : 2 2 3 2 2 0 3 2 2 2 2 2 1 2 2 2 1 1 2 1 2 1 1 2 2 3 2 2 3 3 1 1 1 3 2 3 1 3 2 2 2 2 2 1 3 3 2 1 2 3 1 2 1 2 2 2 1 2 1 3 3 1 3 2 2 2 3
M[191] : 2 2 1 2 2 2 1 2 2 0 3 1 1 1 1 2 3 2 3 2 3 3 3 3 2 2 2 2 2 2 2 2 2 2 3 2 2 1 1 2 2 1 1 3 1 1 2 2 2 2 2 3 2 2 1 2 3 2 2 2 3 3 2 2 2 3 3
M[192] : 1 1 2 1 2 2 1 1 2 1 2 2 1 1 2 2 1 1 2 2 2 1 2 2 1 1 1 2 2 0 1 1 1 2 2 1 1 1 1 1 1 2 1 1 1 2 1 2 2 2 1 1 2 1 1 2 2 3 1 1 1 2 1 3 1 2 2
M[193] : 2 3 2 2 2 2 2 2 3 2 3 2 3 3 2 2 3 3 3 3 2 2 3 2 2 3 3 1 1 1 1 2 2 2 2 0 2 1 3 2 3 4 2 2 2 2 3 3 3 1 3 3 3 3 2 2 3 1 2 1 3 3 1 1 3 2 1
M[194] : 1 1 2 2 2 3 1 2 2 1 2 2 1 1 2 2 1 1 2 2 2 3 2 2 1 2 1 3 2 3 1 1 1 2 2 1 2 1 1 1 1 2 1 2 1 2 2 2 2 3 1 2 2 1 2 2 2 3 0 2 1 2 2 3 1 2 2
M[195] : 3 3 3 2 0 2 3 2 1 2 2 2 1 1 1 2 2 2 2 1 2 2 2 2 2 2 3 2 3 3 1 2 2 2 2 2 2 3 1 3 1 2 2 1 3 3 2 2 2 3 1 2 2 1 2 2 1 3 1 2 3 2 3 3 2 2 2
M[196] : 1 2 2 1 1 1 2 1 2 2 1 1 2 1 2 1 1 1 1 0 1 2 1 1 1 2 1 1 1 1 1 1 1 2 1 1 1 0 1 1 1 2 1 1 1 1 2 2 1 1 1 1 1 2 1 1 2 1 1 1 2 2 1 1 1 1 1
M[197] : 3 3 3 2 2 3 3 2 2 2 2 2 0 2 3 2 2 3 2 1 2 2 2 2 3 2 3 2 3 3 3 2 2 2 3 3 2 3 1 3 1 2 2 1 3 3 3 2 2 3 2 2 2 2 2 3 1 3 1 3 3 2 3 3 3 3 3
M[198] : 2 2 2 2 1 2 1 1 1 2 2 1 1 1 1 2 1 2 1 2 1 2 2 2 1 2 2 1 1 2 1 1 1 2 2 2 1 1 1 2 2 2 1 1 2 0 2 2 1 2 2 2 1 2 1 1 2 1 1 2 1 2 2 1 2 1 2
M[199] : 2 2 3 2 3 2 2 1 2 1 1 1 1 1 2 1 3 3 2 3 1 2 2 2 2 1 2 3 0 3 2 2 2 1 2 1 2 3 1 2 1 1 2 2 2 3 2 2 2 2 2 1 2 2 1 3 2 3 2 2 2 2 2 3 2 2 2
M[200] : 1 2 2 2 1 1 2 1 1 2 1 1 1 1 1 1 1 1 1 1 1 0 1 1 2 2 1 1 1 1 1 1 1 1 1 2 0 0 1 2 1 1 1 1 2 1 1 1 1 1 1 2 1 1 1 1 1 1 1 1 1 1 2 1 1 1 1
M[201] : 1 1 2 3 1 3 1 2 2 1 2 2 2 2 3 2 2 2 2 3 3 2 3 2 1 2 1 3 3 2 2 2 1 2 2 3 2 2 1 1 1 2 1 2 1 1 2 2 2 2 0 2 2 2 2 3 2 3 2 2 2 3 2 3 1 3 3
M[202] : 2 2 1 2 2 0 2 2 2 2 3 2 3 3 2 3 3 3 3 3 3 3 3 3 2 3 3 2 2 1 2 2 2 2 2 1 2 1 2 2 3 4 2 2 2 2 3 2 2 1 3 3 3 4 2 2 3 2 2 1 3 3 2 2 3 3 3
M[203] : 2 3 3 3 3 3 3 3 4 3 4 3 3 3 3 2 3 3 3 3 2 0 4 1 3 3 4 2 4 3 3 3 2 4 3 3 1 1 3 3 2 3 3 2 2 3 3 3 3 3 3 3 3 4 3 3 2 2 3 3 4 4 3 2 4 3 3
M[204] : 2 3 2 1 2 2 2 1 2 2 2 2 2 1 2 3 2 2 1 2 2 2 3 2 1 2 3 1 1 1 1 1 2 2 1 2 1 1 2 1 0 3 2 1 3 2 3 2 2 1 2 2 2 2 2 1 3 1 1 2 2 2 2 1 2 1 1
M[205] : 1 2 1 1 2 1 1 2 2 2 2 1 2 2 1 1 0 1 2 2 1 2 2 1 0 2 2 1 1 1 1 1 1 2 1 1 1 0 1 1 2 2 2 1 1 1 2 2 1 1 1 2 1 1 1 2 2 2 1 1 2 2 1 1 1 2 2
M[206] : 3 3 3 2 3 3 3 2 2 2 2 2 1 2 3 2 2 1 3 1 2 2 2 2 3 3 3 2 3 3 2 2 2 3 3 3 2 3 2 4 2 2 3 1 3 3 3 2 2 3 0 2 2 2 2 2 1 3 1 3 3 2 3 3 3 3 3
M[207] : 2 2 2 2 1 2 1 1 2 2 2 1 2 1 1 2 1 2 1 2 1 1 2 2 1 2 2 1 1 2 1 1 1 2 2 2 1 1 1 2 2 2 1 1 2 1 2 2 1 2 2 2 1 0 1 1 2 1 1 2 1 2 2 2 2 1 2
M[208] : 0 1 1 1 1 2 1 1 2 1 1 1 1 1 2 2 1 1 1 1 1 1 1 1 1 1 1 0 1 2 2 1 1 1 2 1 1 1 1 1 1 1 1 1 1 1 1 1 2 2 1 1 2 2 1 2 1 2 1 2 2 1 1 1 1 2 1
M[209] : 1 2 1 1 1 1 1 1 1 2 1 0 1 1 2 1 1 1 1 1 1 1 1 0 1 1 1 1 1 1 1 1 1 1 1 1 1 0 1 1 1 2 1 1 1 1 1 1 0 0 1 1 0 2 1 1 1 0 1 1 2 1 0 0 1 1 1
M[210] : 3 1 0 2 2 2 1 1 1 2 2 2 1 1 1 2 2 2 2 1 2 2 2 2 2 2 2 3 2 2 1 2 1 2 2 1 2 3 1 3 1 1 1 2 3 3 2 2 2 3 1 2 2 1 2 2 2 3 1 1 2 2 3 3 2 2 2
M[211] : 3 1 1 1 2 2 1 1 1 2 2 2 1 1 1 1 2 2 2 1 2 2 2 2 0 2 2 2 2 2 1 1 1 2 1 1 2 3 1 2 1 1 1 2 3 2 2 2 2 2 1 2 2 1 1 1 2 3 1 1 2 2 2 3 2 1 2
M[212] : 2 2 3 2 3 4 2 2 2 2 2 2 1 2 3 1 3 3 1 3 2 3 3 2 2 2 2 3 3 3 2 2 2 2 2 1 2 3 2 2 1 2 2 3 2 3 2 2 1 2 2 2 2 2 2 3 2 2 2 3 2 2 3 2 2 2 0
M[213] : 2 3 2 2 2 1 2 2 2 2 3 2 2 2 2 2 3 3 2 3 2 2 3 2 2 2 3 1 1 1 1 2 2 2 2 1 2 1 2 2 2 3 2 2 2 2 3 2 2 1 2 3 2 2 2 2 3 1 0 1 3 3 1 1 3 2 2
M[214] : 3 3 3 3 3 3 3 3 3 2 3 3 1 3 3 2 3 3 3 2 2 2 3 2 3 4 3 2 3 3 3 2 2 4 3 3 2 3 3 4 2 3 3 1 3 3 3 3 2 3 2 0 2 3 3 3 1 3 3 3 3 2 3 3 3 3 3
M[215] : 0 1 1 1 1 2 1 1 2 1 1 1 1 1 2 1 2 1 1 1 2 1 1 1 1 1 1 1 1 2 2 2 1 1 2 1 1 1 1 1 1 1 1 1 1 1 1 1 2 2 1 1 1 2 1 2 1 1 2 2 2 1 1 1 1 2 0
M[216] : 1 2 2 1 1 1 2 1 2 2 1 1 2 1 2 1 1 1 1 1 1 2 2 1 1 2 0 1 1 1 1 1 1 2 1 1 1 1 1 1 1 3 2 1 1 2 2 2 1 1 1 1 1 2 1 1 2 1 1 1 2 2 1 1 1 1 1
M[217] : 0 1 2 1 1 2 1 1 2 1 1 1 1 1 2 2 1 1 2 1 1 1 2 2 1 1 1 1 1 1 1 1 1 1 2 1 1 1 1 1 1 1 1 1 1 1 1 2 2 2 1 1 2 1 1 2 1 2 1 2 2 2 0 1 1 2 2
M[218] : 1 0 1 1 1 1 1 1 1 2 1 1 2 1 2 1 1 1 1 1 1 1 1 1 1 1 1 1 1 1 1 1 1 1 1 1 1 0 1 1 1 2 1 1 1 1 1 1 1 0 1 1 0 2 1 1 1 0 1 1 2 1 1 0 1 1 1
M[219] : 2 3 2 1 1 2 2 1 1 1 2 1 1 1 2 2 2 2 1 2 1 2 2 2 1 1 2 1 1 2 1 1 1 1 2 2 1 1 1 2 2 2 0 1 2 2 2 2 1 2 2 2 1 2 1 1 2 1 1 2 1 2 2 1 2 1 2
M[220] : 2 2 1 2 1 2 1 2 1 1 2 1 1 1 1 2 2 2 2 2 2 3 2 2 1 1 2 2 2 2 2 2 1 1 3 2 2 0 1 2 2 1 1 2 1 1 1 2 0 2 2 2 1 2 1 2 1 2 2 1 2 2 2 2 2 2 2
M[221] : 2 2 1 1 2 1 1 2 2 2 2 1 2 2 2 1 1 1 2 2 0 2 2 2 1 2 2 1 1 1 1 1 2 2 1 1 1 1 2 1 2 2 2 1 2 2 2 2 1 1 2 2 1 2 1 2 2 2 1 1 2 2 1 1 2 2 2
M[222] : 3 3 3 2 2 3 3 2 2 2 2 2 1 1 1 2 2 3 2 1 2 2 2 2 3 2 3 3 3 3 1 2 2 2 2 3 2 3 1 3 1 2 2 1 3 3 3 2 2 3 1 2 2 0 2 3 2 3 1 3 3 2 3 3 3 3 3
M[223] : 2 3 2 2 2 1 2 2 2 2 3 2 3 2 2 3 3 3 3 3 2 3 3 3 2 2 3 2 2 1 0 2 2 2 2 1 2 1 2 2 3 4 2 2 2 2 3 2 2 1 3 3 3 3 2 2 3 2 1 1 3 3 1 1 3 3 2
M[224] : 0 0 0 1 1 1 0 1 2 1 1 1 1 1 2 1 1 1 1 1 1 1 1 1 1 1 1 1 1 1 1 1 1 1 2 1 1 1 1 1 1 1 1 1 0 0 1 1 1 0 1 1 1 1 1 2 1 1 1 1 0 1 1 1 1 2 1
M[225] : 0 1 1 1 1 2 1 1 2 1 1 1 1 1 2 0 1 1 1 1 1 1 1 1 1 1 1 1 1 2 2 1 1 1 2 1 1 1 1 1 1 1 1 1 1 1 1 1 2 2 1 1 2 2 1 2 1 2 1 2 2 1 1 1 1 2 1
M[226] : 2 4 2 3 3 2 3 3 3 3 3 2 3 3 3 3 3 3 3 3 2 2 3 2 2 3 3 1 0 2 2 3 3 3 3 3 1 1 3 3 2 4 2 2 3 2 3 3 3 2 3 3 3 4 3 2 3 1 2 2 3 3 2 1 3 3 3
M[227] : 1 1 1 2 1 2 1 2 0 1 2 1 1 1 1 2 2 2 2 2 2 3 2 2 1 1 2 2 2 2 2 2 1 1 3 2 2 1 1 2 2 1 1 2 1 1 1 2 2 2 2 2 1 2 1 2 1 2 2 2 2 1 2 2 2 3 2
M[228] : 2 2 1 2 2 1 1 2 2 2 2 1 2 2 1 2 2 1 2 2 1 2 2 3 1 2 2 2 1 1 1 1 2 2 1 1 2 1 1 1 2 2 2 1 2 2 2 2 1 1 2 2 1 0 1 2 2 2 1 1 2 2 1 1 2 2 2
M[229] : 2 2 2 1 2 1 2 2 2 2 1 2 2 2 2 2 2 0 2 2 1 2 3 2 1 2 2 1 1 1 1 1 2 2 1 1 1 1 2 1 1 3 2 1 2 2 3 2 1 1 2 3 1 2 2 2 2 1 1 1 2 3 1 1 2 2 1
M[230] : 3 2 3 2 3 3 2 3 2 1 1 3 1 2 3 1 3 3 2 3 2 2 2 2 3 2 3 3 3 4 3 2 2 3 2 2 2 3 2 2 1 0 2 2 3 3 3 2 2 3 2 1 2 2 3 3 2 3 2 2 2 2 2 3 3 3 3
M[231] : 3 1 1 2 1 2 1 1 1 2 2 2 1 1 1 2 2 2 2 1 2 2 2 2 2 2 2 0 2 2 1 1 1 2 1 2 2 3 1 3 1 1 1 2 3 2 2 2 2 2 1 2 2 1 2 2 2 3 1 2 2 2 3 3 2 1 2
M[232] : 1 1 1 2 1 2 1 2 2 1 3 1 1 1 2 2 2 2 3 2 3 3 1 2 1 1 2 2 2 2 2 2 1 1 3 2 2 2 1 2 2 0 1 3 1 1 1 2 2 2 2 3 2 2 1 3 1 2 2 2 2 1 2 2 2 3 3
M[233] : 0 1 2 1 1 1 1 1 2 1 1 1 1 1 2 1 1 1 1 1 1 1 2 1 1 1 1 1 1 1 1 1 1 1 2 1 1 1 1 1 1 1 1 0 1 1 1 2 2 1 1 1 2 1 1 2 1 1 1 1 1 2 1 1 1 2 2
M[234] : 2 3 2 1 2 2 2 1 2 2 3 2 2 2 2 3 2 2 1 2 2 2 2 2 1 1 3 1 1 2 2 1 1 2 2 2 1 1 2 2 2 2 2 2 3 2 3 2 1 2 2 2 1 3 1 1 2 1 2 2 0 2 2 2 2 1 2
M[235] : 3 2 1 2 1 2 1 1 1 2 2 2 1 1 1 2 2 2 2 1 2 2 2 2 2 2 2 2 3 3 1 0 1 2 2 2 2 3 1 3 1 2 1 1 3 3 2 2 2 3 1 2 2 1 2 2 1 3 1 2 2 2 3 3 2 1 2
M[236] : 3 3 3 2 3 3 3 2 3 2 2 2 1 2 3 2 2 2 3 0 2 2 2 2 3 3 3 2 3 3 2 2 2 3 3 3 2 3 2 4 2 2 3 1 3 3 3 2 2 3 2 2 2 2 2 2 1 3 2 3 3 2 3 3 3 3 3
M[237] : 1 1 1 2 1 2 1 1 2 1 2 1 1 1 2 2 2 2 2 1 3 2 2 2 1 1 1 2 2 2 2 2 1 1 2 2 2 2 1 1 1 1 1 1 1 1 1 2 2 2 2 0 2 2 1 3 1 2 2 2 2 2 2 2 1 3 3
M[238] : 2 2 3 2 3 3 1 3 3 2 2 3 2 2 3 2 2 2 2 3 2 3 3 2 1 2 2 3 3 3 3 0 1 2 1 3 3 2 2 1 2 2 1 2 1 2 2 3 2 3 2 2 3 2 2 3 3 3 3 3 2 3 2 3 2 3 3
M[239] : 3 1 2 1 2 2 1 1 2 1 1 1 1 1 2 1 2 2 2 2 1 2 2 2 1 1 0 2 2 1 2 2 2 1 2 1 1 3 1 2 1 1 1 2 2 3 1 2 2 1 1 1 2 1 1 2 2 3 1 1 2 2 1 3 1 2 2
M[240] : 3 2 2 2 2 2 2 1 2 2 3 1 2 2 2 2 1 2 2 1 2 1 2 2 1 2 2 1 2 2 2 1 2 2 2 2 1 2 2 2 2 0 2 2 2 3 2 2 1 2 1 3 1 2 1 1 2 2 2 2 1 2 2 2 2 2 2
M[241] : 2 2 3 2 3 3 2 2 2 2 2 2 1 2 3 2 3 3 1 3 2 3 3 1 2 2 2 4 3 3 3 2 2 2 2 2 3 3 2 2 2 2 1 3 2 2 2 2 1 2 2 2 0 2 2 3 3 2 2 3 1 3 3 3 2 2 1
M[242] : 1 2 3 3 3 4 3 3 4 2 3 3 2 3 4 2 3 3 3 2 3 3 3 2 2 3 4 2 3 3 3 3 2 3 3 2 2 2 2 2 3 3 2 3 1 0 3 4 3 2 3 3 3 3 3 3 2 3 3 3 3 3 2 3 4 4 3
M[243] : 2 3 2 1 0 2 2 1 1 2 2 2 1 1 2 3 2 2 1 2 2 2 2 2 1 1 2 1 1 2 1 1 1 1 2 2 1 1 1 2 2 2 2 1 3 2 2 2 1 2 2 2 1 2 1 1 2 1 1 2 1 2 2 1 2 1 1
M[244] : 1 1 1 3 1 3 1 2 2 1 3 3 2 2 3 2 3 3 3 3 3 3 3 2 2 3 2 2 3 2 2 2 1 2 3 2 2 2 1 2 3 2 1 3 1 1 0 3 2 2 3 3 2 3 2 3 2 2 3 2 3 3 2 2 2 3 3
M[245] : 3 3 3 2 2 2 3 2 2 2 2 2 1 1 2 2 2 2 2 1 2 2 2 2 3 2 3 2 3 3 1 2 2 2 2 3 2 3 1 3 1 2 2 1 3 3 3 2 2 3 1 2 2 1 2 3 1 3 0 3 3 2 3 3 3 3 3
M[246] : 2 2 3 2 2 1 3 2 2 2 2 2 1 2 2 2 1 1 3 1 2 1 1 2 2 3 2 2 3 3 1 1 1 3 2 3 1 3 2 3 2 2 2 1 3 3 2 1 0 3 1 2 1 2 2 2 1 2 1 3 3 1 3 2 2 2 2
M[247] : 2 3 3 3 3 3 3 2 2 4 3 3 1 2 3 2 1 3 3 2 2 1 0 2 3 3 3 2 3 3 2 2 2 3 3 3 2 3 2 4 2 2 3 2 3 3 3 3 2 3 2 2 2 2 2 2 1 2 2 3 3 2 3 3 3 3 3
M[248] : 2 3 2 2 2 2 2 2 3 2 2 2 3 3 3 3 3 3 3 3 2 2 3 2 2 3 3 1 1 1 2 2 2 2 3 2 1 1 3 3 2 4 2 2 3 2 3 3 3 2 3 3 2 3 2 2 3 1 2 2 3 3 2 1 3 1 0
M[249] : 0 1 2 1 1 0 1 1 2 1 1 1 1 1 2 1 1 1 1 1 1 1 2 1 1 1 1 1 1 1 1 1 1 1 2 1 1 1 1 1 1 1 1 1 1 1 1 2 2 1 1 1 2 1 1 2 1 1 1 1 1 2 1 1 1 2 2

