 Execution de l'algoritme BITS sur le fichier r250.5.col.txt
=====================================================================
 Partitions  : 
Vk[0] : 9 143 226 210 -->  4 éléments.
Vk[1] : 171 246 131 212 -->  4 éléments.
Vk[2] : 57 228 44 185 -->  4 éléments.
Vk[3] : 198 244 97 -->  3 éléments.
Vk[4] : 123 35 24 39 -->  4 éléments.
Vk[5] : 15 49 32 98 -->  4 éléments.
Vk[6] : 161 220 11 148 -->  4 éléments.
Vk[7] : 178 225 124 163 -->  4 éléments.
Vk[8] : 23 247 146 -->  3 éléments.
Vk[9] : 1 88 151 20 -->  4 éléments.
Vk[10] : 200 140 104 233 -->  4 éléments.
Vk[11] : 38 29 176 132 -->  4 éléments.
Vk[12] : 238 65 190 51 -->  4 éléments.
Vk[13] : 2 28 68 72 -->  4 éléments.
Vk[14] : 79 248 36 74 -->  4 éléments.
Vk[15] : 218 77 56 164 -->  4 éléments.
Vk[16] : 3 100 75 118 -->  4 éléments.
Vk[17] : 113 196 168 -->  3 éléments.
Vk[18] : 12 119 50 -->  3 éléments.
Vk[19] : 231 242 30 154 -->  4 éléments.
Vk[20] : 153 219 67 -->  3 éléments.
Vk[21] : 215 158 81 207 -->  4 éléments.
Vk[22] : 116 172 101 55 -->  4 éléments.
Vk[23] : 25 206 111 -->  3 éléments.
Vk[24] : 26 136 188 21 -->  4 éléments.
Vk[25] : 83 211 139 69 -->  4 éléments.
Vk[26] : 59 187 48 149 -->  4 éléments.
Vk[27] : 204 150 89 121 -->  4 éléments.
Vk[28] : 53 141 169 173 -->  4 éléments.
Vk[29] : 54 60 43 -->  3 éléments.
Vk[30] : 95 138 202 -->  3 éléments.
Vk[31] : 46 6 41 224 -->  4 éléments.
Vk[32] : 177 31 78 -->  3 éléments.
Vk[33] : 133 19 5 137 -->  4 éléments.
Vk[34] : 192 193 99 84 -->  4 éléments.
Vk[35] : 232 144 87 13 -->  4 éléments.
Vk[36] : 201 93 245 37 -->  4 éléments.
Vk[37] : 107 61 127 239 -->  4 éléments.
Vk[38] : 130 184 18 142 -->  4 éléments.
Vk[39] : 194 213 222 -->  3 éléments.
Vk[40] : 180 94 199 189 -->  4 éléments.
Vk[41] : 109 7 203 135 -->  4 éléments.
Vk[42] : 120 105 58 80 -->  4 éléments.
Vk[43] : 170 115 42 182 -->  4 éléments.
Vk[44] : 40 33 209 174 -->  4 éléments.
Vk[45] : 76 221 195 110 -->  4 éléments.
Vk[46] : 128 236 73 -->  3 éléments.
Vk[47] : 117 70 160 216 -->  4 éléments.
Vk[48] : 235 183 27 -->  3 éléments.
Vk[49] : 237 230 234 -->  3 éléments.
Vk[50] : 156 108 145 -->  3 éléments.
Vk[51] : 85 223 102 -->  3 éléments.
Vk[52] : 62 82 129 10 -->  4 éléments.
Vk[53] : 227 114 214 86 -->  4 éléments.
Vk[54] : 122 241 125 66 -->  4 éléments.
Vk[55] : 249 52 112 34 -->  4 éléments.
Vk[56] : 157 16 162 -->  3 éléments.
Vk[57] : 243 126 197 -->  3 éléments.
Vk[58] : 14 167 147 63 -->  4 éléments.
Vk[59] : 134 64 0 71 -->  4 éléments.
Vk[60] : 181 22 47 155 -->  4 éléments.
Vk[61] : 191 103 4 106 -->  4 éléments.
Vk[62] : 208 229 96 91 -->  4 éléments.
Vk[63] : 90 186 175 -->  3 éléments.
Vk[64] : 45 179 159 152 -->  4 éléments.
Vk[65] : 205 8 92 240 -->  4 éléments.
Vk[66] : 166 165 17 217 -->  4 éléments.
Matrice M
M[0] : 3 3 3 2 2 2 3 3 2 1 2 1 3 3 3 1 3 3 3 2 2 2 3 2 2 3 3 3 3 3 3 1 3 2 3 3 3 3 2 3 3 3 2 2 2 3 3 3 1 3 3 3 3 3 3 3 3 3 2 0 3 3 3 2 2 2 3
M[1] : 1 2 1 1 3 2 2 2 1 0 2 3 2 2 2 3 1 2 2 2 2 3 2 1 2 1 2 2 2 2 2 3 1 2 2 2 2 2 2 2 2 1 2 2 2 1 2 3 2 1 1 1 1 2 2 2 2 2 2 1 3 2 2 1 2 1 2
M[2] : 2 2 1 2 2 1 2 1 1 2 1 2 1 0 2 2 2 1 2 2 2 2 1 1 2 2 2 2 2 1 1 2 1 2 1 2 2 2 1 1 2 2 2 2 2 1 1 3 1 2 1 1 2 1 2 1 2 2 1 2 2 2 1 1 1 1 1
M[3] : 2 1 1 1 1 1 2 1 1 1 1 0 1 1 1 0 0 1 1 2 1 1 1 1 1 2 1 1 1 1 1 2 1 1 1 1 1 1 2 1 1 2 1 1 1 1 1 1 1 1 1 1 2 2 2 2 1 1 1 1 1 1 1 1 1 1 1
M[4] : 2 2 1 3 2 3 3 3 2 3 3 3 3 3 3 3 2 1 2 2 3 3 3 1 2 3 3 3 2 2 3 3 2 2 3 2 2 3 3 2 2 2 1 2 3 2 2 2 3 2 2 2 2 2 2 3 3 2 3 3 2 0 2 2 3 3 2
M[5] : 3 3 3 3 3 3 4 3 2 3 2 1 3 3 4 1 2 3 3 2 2 2 3 2 3 4 3 3 3 3 3 3 3 0 3 3 3 4 3 3 4 2 3 3 3 3 3 3 3 3 3 3 3 2 3 3 3 3 2 3 3 4 4 2 3 3 3
M[6] : 1 2 1 1 1 2 1 1 1 1 1 3 2 2 2 3 2 1 1 1 1 1 2 1 2 1 2 2 1 1 2 0 1 1 2 2 1 2 1 1 2 1 2 2 2 1 2 2 1 1 1 1 1 1 2 2 2 1 2 1 2 2 2 1 2 1 2
M[7] : 1 2 2 1 2 2 2 2 2 2 2 1 2 2 2 1 2 1 1 1 1 2 1 2 2 1 2 1 2 1 2 1 1 2 1 2 2 1 1 1 2 0 2 1 1 2 1 2 1 1 1 1 1 2 2 1 1 1 2 2 1 2 2 1 1 2 1
M[8] : 3 3 2 2 2 3 2 3 3 3 3 2 4 2 3 2 3 2 2 2 1 2 2 3 3 3 3 2 3 3 3 2 2 3 3 3 3 3 3 3 3 4 3 2 3 2 2 2 2 2 2 3 3 3 3 3 2 2 3 3 2 3 2 3 3 0 2
M[9] : 0 2 3 2 2 3 1 2 2 2 3 2 2 1 2 2 3 2 1 2 1 2 2 2 3 1 2 2 3 2 1 2 2 3 2 2 3 2 1 2 2 2 2 2 2 2 2 1 1 2 2 2 2 2 1 3 1 2 3 2 2 2 2 2 2 1 2
M[10] : 1 2 2 1 2 2 2 2 2 2 2 2 2 1 2 1 2 1 1 1 1 2 1 1 2 1 2 2 2 1 2 1 2 2 1 2 2 2 1 1 2 1 2 1 2 2 1 2 1 1 1 1 0 2 2 2 1 1 2 2 2 2 2 1 1 1 1
M[11] : 3 2 3 2 2 3 0 2 3 3 3 2 3 1 3 2 3 2 2 2 1 2 2 3 3 3 3 2 3 2 3 2 2 2 3 3 3 3 3 3 2 3 3 2 2 3 2 1 2 2 2 3 3 3 3 3 2 2 2 3 2 3 2 3 3 2 2
M[12] : 3 2 3 2 2 2 2 3 2 1 2 1 2 2 3 1 2 2 0 2 1 2 3 2 3 3 3 3 2 3 2 2 2 3 3 3 2 3 3 3 2 3 2 2 1 2 3 2 1 2 2 2 3 3 2 3 1 2 3 1 3 3 3 3 2 2 2
M[13] : 2 3 1 3 2 3 3 3 2 3 3 3 3 3 3 2 1 1 3 2 3 3 3 2 1 3 3 4 3 3 3 3 3 2 3 0 3 3 3 2 3 2 1 2 3 2 2 2 3 2 2 2 2 2 2 3 3 2 3 3 3 3 3 2 3 3 2
M[14] : 2 1 2 1 1 2 1 1 1 1 1 0 1 1 1 0 1 1 1 2 1 1 1 1 1 2 1 1 1 1 1 2 1 1 1 1 1 1 2 1 1 2 1 1 1 1 1 1 1 1 1 2 2 2 1 2 1 1 0 1 1 1 1 1 1 1 1
M[15] : 2 2 3 1 1 0 2 2 2 2 1 1 3 2 2 2 2 1 1 2 2 1 1 2 2 2 1 1 2 1 2 1 1 3 1 2 2 1 2 2 1 3 2 1 1 3 1 2 1 1 1 2 2 2 1 1 2 1 1 2 1 2 1 2 1 2 1
M[16] : 1 1 2 2 2 1 2 1 2 2 1 2 1 2 1 2 2 1 1 2 2 2 1 0 2 2 1 1 1 1 1 2 2 1 2 3 1 2 1 1 2 1 2 2 3 1 1 2 2 1 1 1 1 2 3 1 0 1 1 2 1 3 1 1 1 2 2
M[17] : 1 1 1 2 1 1 2 2 1 2 1 2 1 2 2 1 1 1 1 1 2 2 2 1 1 1 2 2 2 2 1 2 1 1 1 1 2 1 2 1 1 1 1 2 1 1 1 1 2 1 2 1 1 2 1 1 2 2 2 2 1 2 1 1 2 2 0
M[18] : 1 1 1 1 1 1 1 1 1 0 1 0 0 0 1 0 1 1 1 1 0 1 1 1 1 1 1 1 1 1 0 1 1 1 1 1 1 1 0 1 1 2 1 1 1 1 1 1 0 1 1 1 1 2 1 1 1 1 1 0 1 1 1 1 1 0 1
M[19] : 2 1 3 1 1 2 1 1 1 2 1 1 2 1 1 1 2 2 2 2 1 1 1 2 1 2 1 1 2 2 1 0 1 0 2 1 3 2 2 2 1 2 1 1 2 3 2 1 1 1 2 2 2 2 1 1 1 1 1 2 1 1 1 2 1 2 1
M[20] : 2 1 2 1 1 2 1 1 1 0 1 1 2 1 1 1 1 1 1 1 1 1 1 1 1 2 1 1 2 2 1 0 1 1 2 1 2 1 2 2 1 2 1 1 1 3 0 0 1 1 1 2 2 1 1 1 0 1 1 2 1 1 1 1 1 2 1
M[21] : 3 4 3 3 3 3 3 3 2 3 2 2 3 4 3 2 1 1 3 2 3 3 3 2 0 3 4 4 3 3 3 3 3 2 3 3 3 4 3 2 4 2 3 3 3 3 3 3 3 3 3 3 2 2 3 3 3 3 3 3 2 4 3 2 3 3 3
M[22] : 1 2 1 2 2 1 2 1 1 2 1 2 1 2 1 2 2 1 2 2 2 1 1 1 2 2 1 2 2 1 1 2 1 1 1 3 1 2 1 1 2 2 3 2 2 1 1 3 2 1 1 1 2 1 2 1 2 2 1 2 0 2 1 1 1 2 1
M[23] : 3 2 3 1 2 2 2 3 0 1 2 1 2 2 2 1 3 3 2 2 1 2 2 1 2 2 2 2 1 2 2 2 1 2 2 3 1 2 3 2 1 3 2 1 1 2 2 3 1 2 1 2 3 3 2 2 2 1 2 1 3 2 3 1 2 2 2
M[24] : 3 3 3 2 0 3 3 3 3 4 2 2 4 3 3 2 2 2 2 2 2 2 2 3 2 3 4 3 2 3 3 2 3 3 4 3 4 3 3 3 3 3 3 3 3 2 3 2 2 3 3 3 3 2 2 3 2 3 2 3 1 3 2 3 2 3 1
M[25] : 3 2 3 1 2 2 2 3 1 1 2 1 2 2 3 1 3 2 1 2 1 2 2 0 2 2 2 1 1 2 2 2 1 2 2 3 1 2 3 2 1 3 2 1 1 2 2 2 1 2 1 2 3 3 2 2 1 1 2 1 3 2 3 2 2 2 3
M[26] : 2 1 2 1 1 2 2 1 1 1 2 1 1 1 1 1 1 1 1 2 1 2 1 1 0 2 1 1 1 1 1 2 1 2 2 1 1 1 2 2 1 2 1 1 1 1 1 2 1 1 1 2 2 2 2 2 1 1 1 1 1 1 1 1 2 1 1
M[27] : 3 2 3 2 3 2 3 3 2 2 2 1 2 3 3 1 3 3 3 2 2 2 3 2 2 3 3 3 3 3 3 1 3 2 3 3 3 3 2 3 4 3 3 2 2 3 3 3 0 3 3 2 3 3 3 3 2 3 2 1 3 3 3 2 2 2 3
M[28] : 2 2 1 2 3 2 2 3 1 3 2 3 2 0 2 3 1 2 2 3 3 3 3 1 1 1 2 2 2 2 2 3 1 2 3 2 2 2 2 2 2 1 2 3 3 1 2 3 3 2 2 2 1 2 1 2 2 2 2 3 3 2 2 2 2 3 3
M[29] : 3 4 3 3 3 2 4 2 2 3 2 0 3 3 3 3 2 3 3 2 3 2 3 2 2 4 3 3 3 3 3 3 3 2 3 3 3 3 3 3 4 2 3 3 3 3 3 3 3 3 3 3 3 2 3 3 3 3 2 3 3 4 3 2 2 4 3
M[30] : 1 1 1 1 1 0 1 1 0 1 1 1 1 2 1 1 1 1 1 0 1 1 1 0 1 2 1 1 1 1 1 1 0 0 1 1 1 1 1 1 1 0 1 2 1 1 1 1 1 1 1 1 1 0 1 1 1 1 0 1 1 1 1 0 0 2 1
M[31] : 2 2 1 2 2 2 2 3 1 2 2 2 1 2 2 2 1 1 2 2 3 3 3 1 1 2 3 3 2 2 2 3 0 2 3 1 2 1 2 2 1 1 1 2 1 1 2 2 3 2 2 2 2 2 1 3 2 2 2 3 2 2 1 1 3 2 2
M[32] : 4 3 3 3 3 0 3 3 2 3 2 1 3 3 3 1 2 3 3 1 2 3 3 2 2 3 3 3 3 3 3 3 3 2 3 3 3 3 3 3 4 2 3 3 3 3 3 3 3 3 3 3 3 3 3 2 3 3 3 3 3 4 3 2 2 3 3
M[33] : 2 2 2 1 2 2 2 2 2 3 1 2 3 2 2 2 2 1 1 2 2 2 1 2 2 2 1 1 2 1 2 1 1 3 1 2 2 2 2 1 2 2 2 1 0 3 1 2 1 1 1 2 3 1 2 1 2 1 2 2 1 2 2 2 1 2 1
M[34] : 2 2 3 1 2 2 2 2 2 3 2 2 3 2 2 2 2 1 2 2 2 2 1 2 2 2 1 1 2 2 2 2 2 3 1 2 3 3 2 2 2 3 2 1 2 3 1 2 2 1 1 2 3 2 2 0 2 1 2 3 1 2 2 2 2 2 1
M[35] : 1 1 1 1 0 1 2 1 0 1 1 2 1 2 1 2 1 1 1 1 1 1 1 0 1 2 1 1 1 1 1 2 1 1 1 1 1 2 1 1 1 1 1 1 1 1 1 1 2 1 1 1 1 1 2 1 1 1 1 1 1 2 1 1 1 2 1
M[36] : 2 1 2 1 1 2 2 1 1 1 2 0 1 2 0 1 1 1 1 2 1 1 1 1 1 2 1 1 1 1 1 2 1 2 2 1 1 1 2 2 1 2 1 1 1 2 1 1 1 1 1 2 2 2 2 2 1 1 1 1 1 1 1 1 2 2 1
M[37] : 2 1 2 1 1 2 1 1 1 1 1 1 2 1 1 1 1 1 0 1 0 0 1 1 1 2 1 1 2 1 1 0 1 1 2 1 0 1 1 2 1 2 1 1 1 1 0 0 0 1 1 2 2 1 1 1 0 0 1 1 1 1 1 1 1 1 1
M[38] : 1 1 1 2 1 1 1 1 1 2 1 0 1 2 1 1 0 0 1 1 1 2 1 1 0 1 1 1 1 1 1 2 1 1 1 1 1 1 1 1 1 0 1 1 1 1 1 1 2 0 1 1 1 1 1 1 1 1 1 2 1 1 1 1 1 2 1
M[39] : 1 1 1 1 0 1 1 1 1 2 2 2 1 2 1 1 0 1 1 1 1 1 2 1 1 2 2 2 1 1 1 1 1 1 2 1 1 1 1 1 1 1 1 2 2 1 1 1 2 1 1 1 1 2 1 2 1 1 1 1 1 1 1 1 2 2 2
M[40] : 2 2 1 2 2 2 2 3 1 3 2 2 2 2 2 2 1 1 2 2 3 3 3 1 1 2 3 3 2 2 2 3 1 2 3 1 2 1 2 2 2 1 1 2 0 1 2 2 3 2 2 2 2 2 1 2 2 2 2 3 2 2 2 1 3 3 2
M[41] : 3 3 3 3 3 2 3 3 2 2 2 1 3 3 3 1 3 3 3 1 2 3 3 2 2 3 3 3 3 3 3 0 3 2 3 3 3 3 2 3 4 3 3 2 2 3 3 3 1 3 3 3 3 3 3 3 3 3 2 2 3 4 3 2 2 3 3
M[42] : 3 2 2 1 2 3 2 2 2 3 3 2 3 3 2 2 2 1 2 2 2 2 2 2 2 3 2 2 2 2 2 2 2 3 2 2 2 3 2 1 2 2 2 0 3 3 1 2 2 1 1 2 3 2 2 2 2 1 3 3 1 2 2 2 3 2 2
M[43] : 3 2 2 1 2 3 2 2 2 4 3 3 3 3 3 3 2 1 2 2 2 2 2 1 2 3 3 2 1 0 2 2 2 3 3 2 2 3 3 1 2 2 2 2 3 2 1 2 3 2 1 1 3 2 2 3 2 1 3 3 2 2 2 1 3 3 2
M[44] : 3 2 0 3 2 3 3 3 3 3 3 3 4 3 3 3 2 1 2 2 3 3 3 2 2 3 3 4 3 3 3 3 3 3 3 2 3 3 3 2 3 2 1 2 3 2 3 2 3 2 2 3 3 2 2 3 3 2 3 3 2 3 2 2 3 3 2
M[45] : 2 2 1 1 1 2 2 2 1 1 2 0 1 1 2 1 1 1 1 2 1 2 1 1 1 2 1 1 1 1 2 2 1 2 1 2 1 1 2 1 1 2 1 1 1 1 1 2 1 1 1 1 2 2 2 2 1 1 1 1 1 2 1 2 0 1 1
M[46] : 2 2 1 1 2 3 2 2 2 2 3 3 2 3 2 3 2 1 1 2 2 2 2 1 2 2 2 2 1 1 2 0 2 2 2 1 1 2 1 1 2 2 2 2 2 1 1 2 2 1 1 1 2 2 2 2 1 1 3 1 2 1 2 1 3 3 2
M[47] : 1 1 1 2 1 1 2 1 1 2 1 1 1 2 1 1 0 0 1 1 1 2 1 1 0 2 1 1 1 1 1 2 1 1 1 1 1 1 1 1 1 0 1 1 1 1 1 1 2 0 1 1 1 1 1 1 1 1 1 2 0 1 1 1 1 2 1
M[48] : 3 2 2 1 2 2 2 2 1 1 2 1 2 2 3 1 2 2 1 2 1 2 1 1 2 2 0 1 1 1 2 2 1 2 2 2 1 1 3 2 1 3 1 1 1 2 1 2 1 2 1 2 3 3 2 2 1 1 2 1 2 2 3 2 2 2 1
M[49] : 2 1 1 2 2 0 2 2 1 2 3 2 1 2 2 2 1 1 1 1 2 3 2 1 1 2 3 2 2 1 1 2 1 2 2 1 2 1 2 1 1 2 1 2 1 1 1 2 2 2 2 1 2 2 1 1 1 2 2 2 2 1 1 1 3 2 2
M[50] : 1 2 1 2 2 1 2 1 2 2 1 2 1 2 1 2 2 1 0 2 2 1 1 0 2 2 1 1 2 1 1 2 2 1 1 3 1 2 1 1 1 1 3 3 3 1 1 2 2 1 1 1 2 1 3 1 1 2 1 2 1 2 1 1 1 2 1
M[51] : 2 1 2 1 1 1 2 1 1 2 1 1 0 2 1 1 1 1 1 1 1 0 1 2 1 1 1 1 2 1 1 1 1 1 1 1 2 1 2 1 1 1 1 1 1 2 1 0 1 1 1 1 2 1 1 1 1 1 1 2 1 2 1 2 1 2 1
M[52] : 3 4 3 3 3 1 3 3 2 2 1 2 3 3 2 2 3 3 3 2 2 3 2 2 3 3 2 2 3 3 2 2 2 2 1 3 3 3 2 3 3 2 3 3 3 2 3 3 2 3 3 2 2 2 4 0 2 3 2 2 3 3 3 2 2 3 3
M[53] : 1 2 2 1 1 2 1 1 1 2 1 2 2 2 1 3 2 1 1 2 1 1 2 1 2 2 1 2 0 1 2 2 2 1 2 2 1 2 1 1 2 1 2 2 2 1 2 2 2 1 1 1 1 1 2 2 1 1 1 2 1 3 1 1 2 2 2
M[54] : 3 2 2 1 2 2 2 2 2 2 2 1 1 1 3 2 2 2 1 2 1 2 2 2 3 2 2 2 2 0 2 2 2 3 3 3 1 1 3 3 2 3 2 2 1 1 2 2 1 2 2 2 3 3 2 3 1 2 3 2 2 2 2 2 2 1 2
M[55] : 3 2 3 1 2 3 2 2 2 3 3 2 3 3 2 2 2 1 2 2 2 2 0 2 2 3 2 1 2 2 2 2 2 3 1 2 3 3 2 1 2 2 2 1 3 3 1 2 2 1 1 2 3 1 2 2 2 1 3 3 1 2 2 2 2 2 1
M[56] : 3 3 3 3 3 3 4 2 2 3 2 1 3 3 4 0 2 3 3 2 2 2 3 2 2 4 3 3 3 3 3 3 3 1 4 3 3 4 3 3 4 2 3 3 3 3 3 3 3 3 3 3 3 2 3 3 3 3 2 3 3 4 3 2 3 3 2
M[57] : 3 2 0 1 2 3 2 2 1 2 2 1 1 1 2 2 2 2 1 2 1 2 2 2 3 1 2 2 2 1 2 2 2 3 2 2 2 1 2 1 2 3 1 1 1 1 1 2 1 2 1 2 3 3 2 3 1 1 3 2 2 2 2 2 2 1 2
M[58] : 2 1 1 1 1 1 2 1 1 2 1 1 2 2 1 1 1 1 1 1 0 1 1 2 1 2 1 1 2 1 1 1 1 1 1 1 2 1 2 1 1 2 0 1 1 2 1 0 1 1 1 2 2 2 1 1 0 1 1 2 1 1 1 2 1 2 1
M[59] : 1 3 2 3 3 2 3 2 2 2 1 2 3 3 2 3 2 2 3 2 2 2 2 2 2 3 0 3 3 2 2 2 2 1 2 3 3 3 1 2 3 1 3 3 3 3 2 2 2 2 2 1 1 2 3 2 3 3 1 2 2 3 2 2 2 3 3
M[60] : 1 3 2 2 3 1 2 1 2 2 1 2 1 2 1 2 2 2 2 2 2 2 1 2 2 2 1 2 2 0 2 2 2 1 2 3 1 3 1 1 3 1 3 3 3 1 2 2 2 1 1 1 2 2 3 1 2 2 1 2 2 3 1 2 1 3 2
M[61] : 1 2 1 2 2 1 2 1 1 2 1 2 1 2 1 2 2 1 2 2 1 1 1 1 2 2 1 2 2 1 1 2 1 1 1 2 1 0 1 1 2 2 2 2 2 1 1 3 1 2 1 1 2 1 2 1 2 2 1 2 1 2 1 1 1 1 1
M[62] : 2 1 2 1 1 1 1 1 1 1 2 1 2 2 2 1 2 2 2 2 1 1 2 1 1 2 1 1 1 2 1 2 1 2 2 1 1 2 2 2 1 1 1 1 1 2 2 3 1 1 1 2 0 1 1 2 1 1 1 1 2 1 2 1 2 2 2
M[63] : 2 2 3 1 1 2 2 2 2 3 1 2 3 2 1 2 2 1 2 2 2 1 1 2 2 2 1 1 2 2 2 1 1 2 1 2 2 2 2 2 1 3 2 1 2 3 1 1 1 1 1 2 2 2 1 1 2 1 0 2 1 2 1 2 1 2 1
M[64] : 1 2 1 1 1 2 1 1 1 1 1 3 2 2 2 3 1 1 2 2 1 1 2 1 2 1 2 2 1 1 2 2 1 2 2 2 2 2 1 1 2 1 2 2 2 1 2 2 1 1 1 1 1 1 2 2 2 2 2 0 2 2 2 1 2 1 2
M[65] : 1 2 2 2 3 1 2 1 2 2 1 2 0 2 1 2 2 1 2 2 2 2 1 1 2 2 2 2 2 1 1 2 1 1 1 3 2 3 1 1 2 2 3 3 3 1 1 3 2 2 1 1 2 2 3 1 2 2 1 2 2 2 1 1 1 3 1
M[66] : 1 1 1 1 1 0 1 1 0 1 0 1 1 1 1 1 1 1 1 1 1 1 1 0 1 1 1 1 1 1 1 1 0 0 1 1 1 1 1 1 1 0 1 1 1 1 1 1 0 1 1 1 0 0 0 1 1 1 0 1 1 1 1 0 0 1 1
M[67] : 1 1 1 1 2 2 1 2 1 2 2 3 2 2 1 2 2 1 1 1 0 2 2 1 1 2 2 2 1 1 1 1 2 1 2 1 1 2 1 1 2 2 1 2 2 1 1 2 2 1 1 1 2 2 1 2 1 1 3 1 2 1 2 1 2 2 2
M[68] : 1 2 2 1 2 2 1 2 2 1 2 2 2 0 2 2 2 1 1 1 1 2 2 1 2 1 2 2 1 1 1 1 2 1 2 1 1 2 1 1 2 1 2 1 2 1 1 1 1 1 1 1 1 2 1 2 1 1 2 1 2 1 2 1 2 1 2
M[69] : 4 2 3 2 2 3 2 2 3 2 3 2 1 1 3 2 2 2 2 2 1 2 2 3 3 0 3 2 3 2 3 2 2 3 3 3 3 2 3 3 2 3 3 2 2 2 2 2 2 2 2 3 3 3 3 3 1 2 3 2 2 3 2 3 2 1 2
M[70] : 1 1 1 1 2 2 1 1 1 2 2 2 1 2 1 1 2 1 1 1 1 1 2 1 1 2 2 2 1 1 1 1 1 1 2 1 1 2 1 1 1 2 1 2 2 1 1 0 2 1 1 1 1 2 1 2 1 1 2 1 2 1 1 1 2 2 2
M[71] : 2 1 2 1 1 2 1 1 1 1 1 1 2 1 1 1 1 1 0 0 1 1 1 1 1 2 1 1 2 2 1 0 1 1 2 1 2 2 1 2 1 2 1 1 1 2 1 0 0 1 1 2 2 1 1 1 1 0 1 0 1 1 1 1 1 1 1
M[72] : 3 2 3 2 2 3 2 2 3 2 3 2 2 0 3 2 3 2 2 3 1 2 2 3 3 3 3 2 3 2 3 3 2 3 3 3 3 3 3 3 2 4 3 2 2 3 2 2 2 2 2 3 3 3 3 3 2 2 3 3 2 3 2 3 3 1 2
M[73] : 1 2 2 2 3 1 2 1 2 2 1 2 1 2 1 2 2 1 2 2 2 2 1 1 2 2 1 2 2 1 1 2 2 1 1 3 1 3 1 1 3 1 3 3 3 1 0 3 2 1 1 1 2 2 3 1 2 2 1 2 1 3 1 1 1 2 1
M[74] : 2 1 3 2 1 3 1 1 2 3 2 2 2 2 0 2 2 2 2 2 1 1 1 3 2 2 2 2 3 2 2 2 1 2 2 2 3 2 2 2 2 3 2 1 2 3 2 1 2 1 2 2 3 2 1 1 2 1 2 3 1 2 1 2 3 2 1
M[75] : 3 3 3 3 2 3 4 3 2 3 2 2 3 4 3 3 0 2 3 2 3 2 3 2 2 3 4 3 3 3 3 3 3 3 4 3 3 4 3 3 3 2 2 3 3 3 3 2 3 3 3 3 3 2 3 3 3 3 2 3 3 4 3 2 3 3 3
M[76] : 3 2 2 2 2 3 2 2 3 2 3 1 1 1 3 2 2 2 1 2 1 2 2 3 3 2 3 2 2 2 2 2 2 3 3 3 2 1 3 3 2 3 2 2 2 0 2 2 1 2 2 2 3 3 2 3 1 2 3 2 2 3 2 3 2 1 2
M[77] : 1 1 1 2 1 1 2 2 1 2 1 2 1 2 2 0 1 1 1 1 2 2 1 1 1 1 2 2 2 1 1 2 1 1 1 1 2 1 2 1 1 1 1 1 1 1 1 1 2 1 2 1 1 2 1 1 1 2 2 2 1 2 1 1 1 2 1
M[78] : 2 2 3 2 1 3 2 1 2 3 2 2 3 2 2 2 2 1 2 2 2 1 1 2 2 2 1 2 2 2 2 2 0 3 2 2 3 2 2 2 1 3 2 1 2 3 2 1 2 1 2 2 3 2 2 1 2 1 2 3 1 2 1 2 2 2 1
M[79] : 2 1 1 2 2 2 2 2 1 2 2 3 1 2 0 2 2 1 1 1 2 3 2 1 1 2 3 2 1 1 1 2 2 2 2 1 2 2 1 1 2 2 1 2 2 1 1 2 2 2 1 1 2 2 1 2 1 1 2 2 2 1 2 1 3 2 2
M[80] : 2 2 1 3 2 3 3 3 2 3 3 3 3 3 3 3 2 1 3 2 3 3 3 2 2 3 3 4 3 3 3 3 3 2 3 2 3 3 3 2 3 2 0 2 3 2 2 2 3 2 2 2 2 2 2 3 3 2 3 3 3 3 3 2 3 3 2
M[81] : 3 3 2 2 2 4 4 2 3 4 2 2 3 3 3 2 2 2 2 2 2 0 3 2 3 3 3 3 2 3 3 2 3 3 3 3 3 3 3 3 3 3 3 2 3 2 3 1 2 3 3 3 3 3 3 3 3 3 2 3 2 3 3 3 3 3 2
M[82] : 1 2 3 2 1 3 1 2 2 2 3 2 2 1 2 2 3 2 1 2 1 2 2 2 2 1 2 2 3 2 1 2 2 2 2 2 3 2 1 2 2 2 2 2 2 2 1 1 1 2 2 2 0 2 1 2 1 2 2 2 2 1 2 2 2 1 2
M[83] : 2 2 2 3 3 2 3 3 1 3 2 3 2 3 2 3 1 2 3 3 3 3 3 1 1 0 3 3 2 2 2 3 2 2 3 2 2 3 2 2 2 1 2 3 3 2 2 3 3 2 2 2 1 2 1 2 3 2 2 3 3 3 2 2 2 3 3
M[84] : 3 2 3 2 2 3 2 2 2 3 3 2 3 3 2 2 2 1 2 2 2 2 1 2 2 3 2 1 2 2 2 2 2 3 0 2 3 3 2 2 2 3 2 1 3 3 1 2 2 1 1 2 3 1 2 2 2 1 3 3 1 2 2 2 2 2 1
M[85] : 2 2 3 1 2 3 2 2 2 2 3 1 1 1 2 2 2 2 1 2 1 2 2 2 3 1 2 2 3 1 2 2 2 3 2 2 2 2 2 1 2 3 2 2 2 2 1 2 1 2 2 0 3 3 2 3 1 2 3 2 2 2 2 2 2 1 2
M[86] : 1 1 1 1 1 1 1 1 1 2 1 1 1 2 1 1 0 0 1 1 1 1 1 1 0 2 1 1 1 1 1 1 1 1 1 1 1 1 1 1 1 1 1 2 1 1 1 1 2 0 1 1 1 0 1 1 1 1 1 1 1 1 1 1 2 2 1
M[87] : 2 1 3 2 1 3 1 1 3 2 3 2 2 1 1 2 2 2 2 2 1 1 2 3 2 2 2 2 3 2 1 1 1 2 2 0 3 2 2 2 2 3 2 1 2 3 2 1 2 2 2 2 2 2 1 2 1 1 2 3 1 2 1 2 3 2 2
M[88] : 3 2 3 2 2 2 2 3 2 0 3 1 2 3 3 1 3 2 3 2 1 2 3 2 3 3 3 3 3 3 3 2 2 3 3 3 2 3 2 3 2 3 2 2 3 3 3 3 1 3 3 3 3 3 3 3 2 3 3 1 3 3 3 3 2 2 3
M[89] : 3 2 3 1 2 3 2 2 2 3 3 2 3 2 2 2 2 1 2 2 2 2 1 2 2 3 2 0 2 2 2 2 2 3 1 2 2 3 2 2 2 2 2 1 3 3 1 2 2 1 1 2 3 1 2 2 2 1 2 3 1 2 2 2 2 2 1
M[90] : 1 1 2 0 1 2 1 1 1 2 2 1 2 1 1 1 1 2 1 1 1 1 2 2 1 1 2 2 1 1 1 0 1 1 2 1 2 2 1 1 2 1 1 1 2 2 1 1 0 1 2 1 1 1 1 2 1 0 1 1 1 1 1 0 1 1 2
M[91] : 2 1 1 2 2 1 2 1 1 2 2 3 1 2 1 2 1 1 1 1 2 2 2 1 1 2 3 2 1 1 1 2 1 2 2 1 2 1 1 1 1 2 1 2 2 1 1 2 2 2 2 1 2 2 1 2 1 2 2 2 2 1 0 1 3 2 2
M[92] : 1 2 2 1 2 2 2 2 2 2 2 3 2 2 2 2 2 1 1 1 2 2 2 1 2 2 2 2 1 1 2 1 2 2 2 2 1 2 1 1 2 2 2 1 2 1 1 2 1 1 1 1 2 2 1 2 1 1 3 1 2 1 2 1 2 0 2
M[93] : 1 2 2 1 2 2 1 1 1 1 1 2 2 2 2 3 2 1 1 2 2 2 2 1 2 1 2 2 1 1 2 2 1 1 2 2 0 2 1 1 2 1 2 2 2 1 2 2 2 1 1 1 1 1 2 2 2 1 1 2 1 2 2 2 2 2 2
M[94] : 2 1 1 2 2 2 2 3 1 2 3 3 1 2 2 2 1 1 1 2 3 3 3 1 1 2 3 3 2 2 2 3 1 2 3 1 2 1 2 2 0 2 1 2 2 1 2 2 3 2 2 2 2 2 1 3 2 2 2 3 2 2 1 1 3 3 2
M[95] : 2 1 3 2 1 3 1 1 3 2 3 2 2 1 1 2 2 2 2 2 1 1 2 3 2 2 2 2 3 2 0 2 1 2 2 2 3 2 2 2 2 3 2 1 2 3 2 1 2 2 2 2 3 2 1 2 1 2 2 3 1 2 1 2 3 2 2
M[96] : 3 2 3 2 1 3 2 1 3 3 2 2 3 2 2 2 2 2 2 2 2 1 1 3 2 2 2 2 3 2 2 2 1 2 2 2 3 3 2 2 2 3 2 1 2 3 2 1 2 1 2 2 3 2 2 2 2 1 2 3 1 2 0 3 2 2 1
M[97] : 3 2 2 0 2 3 2 2 2 3 3 3 3 3 3 3 2 1 2 2 2 2 2 1 2 3 3 2 1 1 2 2 2 3 2 2 2 3 3 1 2 2 2 2 3 2 1 2 2 2 1 1 3 2 2 3 2 1 3 3 2 2 2 1 3 3 2
M[98] : 2 2 1 1 1 0 1 2 1 2 1 0 1 1 2 0 1 1 1 2 1 2 1 2 2 1 1 1 2 1 1 2 2 2 1 2 2 1 2 1 2 2 1 1 1 1 1 2 1 1 1 1 1 2 1 1 1 1 1 2 1 2 2 2 1 1 1
M[99] : 2 1 1 2 2 1 2 2 1 2 1 2 1 2 2 2 1 1 1 1 2 2 2 1 1 1 2 2 2 2 1 2 1 1 0 1 2 1 2 1 1 1 1 2 1 1 1 1 2 1 2 1 1 2 1 1 2 2 2 2 2 2 1 1 2 2 1
M[100] : 2 2 1 2 2 1 2 1 1 1 1 2 1 1 1 2 0 1 1 2 1 0 1 1 1 1 1 2 2 1 1 2 1 1 1 2 1 1 1 1 2 1 2 2 1 1 1 2 1 1 1 1 2 1 2 1 1 2 1 1 1 2 1 1 1 1 1
M[101] : 2 1 1 2 1 1 2 2 1 2 1 2 1 2 2 1 1 1 1 1 2 2 0 1 1 1 2 1 2 1 1 2 1 1 1 1 2 1 1 1 1 1 1 2 1 1 1 1 2 1 2 1 1 2 1 1 1 2 2 2 1 2 1 1 1 2 1
M[102] : 3 2 2 1 2 3 2 2 2 3 3 3 3 3 2 3 2 1 1 2 2 2 2 1 2 3 2 2 2 1 2 2 2 3 2 2 2 2 2 1 2 2 2 1 3 2 1 2 1 1 1 0 3 2 2 2 2 1 3 3 2 2 2 1 3 2 2
M[103] : 1 1 1 1 1 1 1 1 1 1 1 2 1 2 1 3 2 1 1 1 1 1 2 0 2 1 1 1 1 1 1 2 1 1 2 2 1 2 1 1 2 1 2 2 2 1 1 1 1 1 1 1 1 0 2 2 1 1 1 1 1 0 1 1 2 2 2
M[104] : 2 4 3 3 3 2 3 3 2 2 0 2 3 3 3 2 2 3 3 2 2 3 3 2 2 3 3 3 3 3 3 3 3 1 2 4 3 3 3 3 4 2 3 4 3 3 3 3 3 3 3 3 3 2 3 3 3 3 1 3 3 3 3 2 2 3 2
M[105] : 3 1 2 1 2 2 2 2 1 1 2 1 2 2 2 1 3 2 2 2 1 2 2 1 2 2 2 2 1 2 1 2 1 2 2 1 1 2 3 2 1 2 0 1 1 2 2 3 1 1 1 2 3 2 2 2 1 1 2 1 3 1 2 1 2 2 2
M[106] : 2 1 3 2 1 3 1 1 2 2 2 2 2 1 1 2 2 2 2 2 1 1 2 3 2 2 2 2 3 2 1 1 1 2 2 1 3 2 1 2 2 3 1 1 2 3 2 1 2 2 2 2 2 2 1 2 1 1 1 2 1 0 1 2 2 1 2
M[107] : 3 2 3 2 2 2 2 3 2 1 3 1 2 2 3 1 2 2 2 2 1 2 3 3 3 3 3 2 2 3 2 2 2 3 3 3 2 0 3 3 2 3 2 2 1 2 3 2 1 2 2 2 3 3 2 3 1 2 3 2 2 3 3 3 2 1 2
M[108] : 1 2 2 2 2 2 1 1 1 2 1 2 2 2 1 3 2 1 1 2 2 2 2 1 2 2 1 2 1 1 2 2 2 1 2 2 1 2 1 1 2 1 2 2 3 1 2 2 2 1 0 1 1 1 2 2 1 1 1 2 2 3 2 2 2 2 2
M[109] : 1 1 2 1 1 2 1 2 2 2 1 0 1 1 2 1 1 1 1 2 1 2 1 2 2 1 2 1 2 1 1 2 1 1 2 2 2 2 2 1 2 0 1 1 1 2 1 1 1 2 1 1 1 1 1 2 1 1 2 2 2 1 2 1 1 1 2
M[110] : 2 1 1 0 0 1 1 1 1 1 1 1 1 1 1 1 1 0 0 1 0 0 1 1 1 1 1 1 1 0 1 0 1 1 1 1 1 1 1 0 1 2 1 1 1 0 0 0 0 1 1 2 2 1 1 1 0 0 1 1 0 1 1 1 1 0 1
M[111] : 1 1 2 0 1 2 1 1 1 1 1 1 2 1 1 1 1 1 0 0 0 0 1 0 1 1 1 1 1 1 1 0 1 1 2 1 2 2 1 1 1 2 1 1 1 2 1 0 0 1 1 1 1 1 1 1 0 0 1 1 1 1 1 1 0 1 1
M[112] : 2 1 1 2 2 1 2 2 1 2 2 2 1 2 2 2 1 1 1 1 2 3 2 1 1 2 2 3 2 1 1 2 1 2 2 1 2 1 2 1 1 1 1 2 1 1 1 2 2 2 2 1 2 2 1 0 1 2 2 2 2 2 1 1 3 2 2
M[113] : 2 2 1 1 2 2 2 2 1 1 2 1 1 1 2 1 2 0 1 2 1 2 1 2 1 2 1 1 1 1 2 2 1 3 1 2 1 1 2 1 1 3 1 1 1 1 1 2 1 1 1 2 2 2 2 2 1 1 1 1 2 2 2 2 2 1 1
M[114] : 1 2 2 1 1 3 1 2 2 2 1 0 1 1 2 1 1 1 1 2 1 2 1 2 2 1 2 1 2 1 1 2 1 2 1 2 2 2 2 1 2 1 2 1 1 2 1 1 1 2 1 1 1 0 1 2 1 1 2 2 2 1 2 1 1 1 2
M[115] : 1 1 1 1 1 0 1 1 0 1 1 1 1 2 1 1 1 1 1 1 1 1 1 0 1 2 1 1 1 1 1 1 0 0 1 1 1 1 1 1 1 0 1 0 1 1 1 1 1 1 1 1 1 0 1 1 1 1 1 1 1 2 1 1 1 2 1
M[116] : 1 3 2 2 3 1 2 1 2 2 1 2 1 2 1 2 2 1 2 2 2 2 0 2 2 2 1 2 2 1 1 2 2 1 2 3 1 3 1 1 3 1 3 3 3 1 2 2 2 1 1 1 2 2 3 1 2 2 1 2 2 3 1 1 1 2 2
M[117] : 2 1 2 1 1 2 1 1 1 1 2 1 2 2 2 1 2 1 1 2 1 1 1 1 1 2 1 1 1 1 1 2 1 2 2 1 1 2 2 2 1 1 1 1 1 2 2 0 1 1 1 2 1 1 1 2 1 1 1 1 2 1 2 1 2 2 2
M[118] : 2 2 2 1 1 1 2 2 2 2 1 1 2 2 2 1 0 1 1 1 1 2 1 2 1 1 1 1 2 1 2 1 1 2 1 1 2 1 2 1 1 1 2 1 1 2 1 2 1 1 1 1 2 1 1 1 1 1 1 2 1 2 1 2 1 2 1
M[119] : 2 2 2 1 2 3 3 2 2 4 3 3 3 3 3 3 2 1 0 2 2 3 2 1 2 3 3 2 1 1 2 2 2 3 3 2 1 3 3 1 2 2 2 2 3 1 1 2 3 2 1 1 2 2 2 3 2 1 3 3 2 2 2 1 3 3 2
M[120] : 1 1 1 1 1 1 2 1 0 1 1 2 1 2 1 2 1 1 1 1 1 1 1 0 2 2 1 1 1 1 1 2 1 1 1 1 1 2 1 1 1 1 0 2 1 1 1 1 2 1 1 1 1 0 2 1 1 1 1 1 1 2 1 1 1 2 1
M[121] : 1 1 1 2 1 1 2 1 1 2 1 1 1 2 1 1 0 1 1 1 2 2 1 1 1 2 2 0 2 1 1 2 1 1 1 1 2 1 1 1 1 1 1 2 1 1 1 1 2 1 2 1 2 2 1 1 1 2 2 2 1 1 1 1 1 2 1
M[122] : 2 1 2 1 2 1 2 2 1 1 2 1 2 2 2 2 3 2 2 2 1 2 2 1 2 2 2 2 1 2 1 2 1 2 2 1 1 2 2 2 2 2 2 1 1 2 2 3 1 1 1 2 2 1 0 2 2 1 2 1 2 1 2 1 2 2 2
M[123] : 3 1 2 1 0 2 2 2 1 1 2 1 2 2 2 1 3 2 2 2 1 2 2 1 2 2 2 2 1 2 1 2 1 2 2 1 1 2 3 2 1 2 1 1 1 2 2 3 1 1 1 2 2 1 1 2 2 1 2 1 2 1 2 1 2 2 2
M[124] : 1 1 1 1 2 2 1 0 1 2 2 2 1 2 1 1 2 1 1 1 1 1 2 1 1 2 2 2 1 1 1 1 1 1 2 1 1 2 1 1 2 2 1 2 2 1 1 1 2 1 1 1 1 2 1 2 1 1 3 1 2 1 1 1 2 2 2
M[125] : 2 2 1 2 2 2 3 3 1 3 3 3 3 3 2 2 1 1 2 2 3 3 3 1 1 3 3 3 2 2 2 3 2 2 3 1 2 2 2 2 2 2 1 2 3 1 2 2 3 2 2 2 2 2 0 3 3 2 2 3 2 2 2 2 3 3 2
M[126] : 3 2 2 1 2 2 2 3 1 1 2 1 2 2 2 1 3 3 2 2 1 2 2 1 2 2 2 2 1 2 2 2 1 2 2 1 1 2 3 2 1 3 1 1 1 2 2 3 1 2 1 2 3 3 2 2 1 0 2 1 3 1 2 1 2 2 2
M[127] : 2 2 1 3 3 2 3 3 1 3 3 2 3 3 2 2 1 1 3 2 3 3 3 1 1 2 3 3 2 2 2 3 1 2 3 1 2 0 2 2 2 1 2 2 3 1 2 2 3 2 2 2 2 2 1 3 3 2 2 3 3 2 3 2 3 3 2
M[128] : 3 2 3 1 2 2 2 2 1 1 2 1 1 1 3 1 2 2 1 2 1 2 1 2 2 2 2 1 1 1 2 2 2 3 2 2 1 1 3 2 2 3 1 1 1 1 0 2 1 2 1 2 3 3 2 2 1 1 2 2 2 2 2 2 2 1 2
M[129] : 3 4 3 3 3 2 4 2 2 3 2 2 3 3 3 3 2 2 3 3 3 2 3 2 1 3 4 4 3 3 3 3 3 2 3 3 3 3 3 2 4 1 3 4 4 3 3 2 3 3 3 3 0 2 3 3 3 3 1 3 2 3 3 2 2 4 3
M[130] : 1 3 2 3 3 2 3 2 2 2 1 2 3 3 1 3 2 2 3 2 2 2 1 2 2 3 2 2 3 3 2 2 2 1 2 3 3 3 0 2 3 2 3 3 3 2 3 3 2 3 3 1 2 2 3 2 3 3 1 2 2 3 1 2 1 3 3
M[131] : 1 0 1 1 1 0 1 1 0 1 1 2 1 2 1 1 1 1 1 1 1 1 1 0 2 1 1 1 1 1 1 1 1 0 1 2 1 2 1 1 1 1 1 2 2 1 1 1 1 1 1 1 1 0 1 1 1 1 1 1 1 1 1 0 1 2 1
M[132] : 2 2 2 1 2 1 2 2 2 2 2 0 2 2 2 1 2 1 1 1 2 2 1 2 2 2 2 1 2 1 2 1 1 2 1 2 2 1 2 1 2 2 2 1 1 2 1 2 1 1 1 1 2 1 2 1 1 1 1 2 1 2 2 2 1 2 1
M[133] : 1 1 1 1 2 2 1 2 1 2 2 3 1 2 1 1 2 1 1 1 1 3 2 1 1 2 2 2 1 1 1 1 2 0 2 1 1 2 1 1 2 2 1 2 2 1 1 2 2 2 1 1 2 2 1 2 1 1 2 2 2 1 1 1 2 2 2
M[134] : 2 2 2 1 2 3 2 2 2 2 3 3 2 3 2 3 2 1 1 2 2 2 2 1 2 2 2 2 1 1 2 1 2 3 2 2 1 2 1 1 2 2 2 2 2 1 1 2 1 1 1 1 2 2 2 2 1 1 3 0 2 1 2 1 3 3 2
M[135] : 2 1 2 1 1 2 1 1 1 1 2 1 2 2 2 1 2 1 1 2 1 1 1 1 1 2 1 1 1 1 1 2 1 2 2 1 1 2 3 2 1 0 1 1 1 2 1 2 1 1 1 2 1 1 1 2 1 1 1 1 2 1 2 1 2 2 2
M[136] : 1 1 1 1 1 0 1 1 0 1 0 1 1 1 1 1 1 1 1 1 1 1 1 0 0 1 1 1 1 1 1 1 0 0 1 1 1 1 1 1 1 0 1 1 1 1 1 1 0 1 1 1 0 0 1 1 1 1 0 1 1 1 1 0 0 1 1
M[137] : 2 1 2 1 1 2 1 1 1 1 1 0 1 2 1 0 1 1 1 2 1 1 1 1 1 2 1 1 1 1 1 2 1 0 1 1 1 1 2 1 1 1 1 1 1 2 1 1 1 1 1 2 1 2 1 2 1 1 1 1 1 1 1 1 1 2 1
M[138] : 2 2 1 2 2 3 3 3 2 3 3 3 2 3 3 3 2 1 1 2 3 3 2 1 2 3 3 3 2 2 0 3 2 2 3 1 2 2 2 1 2 2 1 2 3 1 1 2 3 2 2 1 2 2 2 3 2 2 3 3 2 1 2 1 3 3 2
M[139] : 2 1 1 1 2 1 1 2 1 1 1 2 2 1 2 2 2 2 2 3 1 1 2 1 2 0 2 2 2 2 1 1 1 2 1 2 1 2 2 1 2 2 2 2 2 2 2 3 1 1 2 1 2 1 2 1 2 1 2 1 2 1 2 1 2 1 2
M[140] : 2 2 2 1 2 3 2 2 2 3 0 2 3 2 2 2 2 1 1 2 2 2 1 2 2 2 2 1 2 1 2 1 1 3 1 2 2 3 2 1 2 2 2 1 2 3 1 2 1 1 1 2 3 1 2 1 2 1 2 2 1 2 2 2 2 2 1
M[141] : 3 2 3 1 2 2 2 3 1 1 2 1 2 2 3 1 3 2 2 2 1 2 2 1 2 2 2 2 0 2 2 2 1 2 2 3 1 2 3 2 1 3 2 1 1 2 2 2 1 2 1 2 3 3 2 2 1 1 2 1 3 2 3 1 2 2 3
M[142] : 2 2 2 1 2 3 2 2 2 3 3 3 2 3 2 3 2 1 1 2 2 2 2 1 2 3 2 2 1 1 2 1 2 3 2 2 1 2 0 1 2 2 2 2 2 1 1 2 2 1 1 1 2 2 2 2 1 1 3 1 2 1 2 1 3 3 2
M[143] : 0 1 2 1 1 2 1 1 1 1 1 0 1 1 1 0 2 1 1 2 0 1 1 1 1 2 1 1 1 1 1 2 1 1 2 1 1 1 1 2 1 1 1 1 1 2 1 1 1 1 1 2 1 1 1 2 1 1 1 1 1 1 2 1 1 1 1
M[144] : 1 1 1 1 1 0 1 1 0 1 1 1 1 2 1 1 1 1 1 1 1 1 1 0 1 2 1 1 1 1 1 1 0 0 1 0 1 1 1 1 1 0 1 2 1 1 1 1 1 1 1 1 1 0 1 1 1 1 1 1 1 2 1 1 1 2 1
M[145] : 3 2 2 2 2 3 2 2 2 3 3 3 3 3 3 3 2 1 2 2 2 2 2 1 2 3 3 2 2 2 2 2 2 3 2 2 3 3 3 1 2 2 2 2 3 3 1 2 2 1 0 2 3 2 2 3 2 1 3 3 2 2 2 2 3 3 2
M[146] : 2 1 2 1 1 1 2 1 0 2 1 1 2 2 1 1 1 1 1 1 1 1 1 2 1 2 1 1 2 1 2 1 1 1 1 1 2 1 2 2 1 2 1 1 1 3 1 1 1 1 1 2 2 2 1 1 1 1 1 2 1 2 1 2 1 2 1
M[147] : 1 1 1 2 1 1 2 1 1 2 1 1 1 2 1 1 0 1 1 1 1 2 2 1 1 2 1 1 1 1 1 2 1 1 2 1 1 1 1 1 1 1 1 2 1 1 1 1 2 0 1 1 1 2 1 1 1 1 0 2 1 1 1 1 2 2 1
M[148] : 1 2 1 1 2 2 0 2 2 2 2 3 2 2 1 3 2 1 1 1 2 2 2 1 2 2 2 2 1 1 1 1 2 2 2 1 1 2 1 1 2 2 2 2 2 1 1 2 2 1 1 1 2 2 1 2 1 1 3 1 2 1 2 1 3 2 2
M[149] : 3 2 3 2 2 3 2 2 2 3 2 2 3 2 2 2 2 1 2 2 2 2 1 2 2 3 0 1 2 2 2 2 2 3 1 2 3 3 2 2 2 3 2 1 3 3 2 2 2 1 1 2 3 2 2 1 2 1 2 3 1 2 2 2 2 2 1
M[150] : 3 2 3 1 2 2 2 3 2 1 2 1 2 2 3 1 3 2 1 2 1 2 2 1 2 2 2 0 1 2 2 2 2 2 2 3 1 2 3 2 2 3 2 1 1 2 2 2 1 2 1 2 3 3 2 2 1 1 2 1 3 2 3 2 2 2 3
M[151] : 1 2 1 1 2 3 2 2 2 0 2 3 2 2 2 3 2 1 1 1 2 2 2 1 2 2 2 2 1 1 1 1 2 2 2 1 1 2 1 1 2 2 2 2 2 1 1 2 2 1 1 1 2 2 1 2 1 1 3 1 2 1 2 1 3 3 2
M[152] : 1 2 2 1 2 2 2 2 2 2 2 2 2 2 2 2 2 1 1 1 2 2 1 1 2 1 2 1 2 1 2 1 2 3 1 2 2 2 2 1 2 2 2 1 2 2 1 2 1 1 1 1 1 2 2 2 1 1 3 2 1 2 2 1 0 2 1
M[153] : 3 3 3 2 2 3 3 3 3 3 3 2 3 3 3 2 2 2 3 2 0 2 3 2 3 4 3 3 2 3 3 2 3 3 3 3 3 3 3 3 3 3 2 2 3 3 3 2 2 3 3 3 3 3 3 3 3 3 3 3 3 3 3 3 3 2 2
M[154] : 2 1 1 1 1 1 1 1 1 1 1 0 1 1 1 0 1 1 1 0 0 1 1 1 1 2 1 1 1 1 0 1 1 1 1 1 1 1 2 1 1 2 1 1 1 1 1 1 1 1 1 1 2 2 1 1 1 1 1 1 1 1 1 1 1 0 1
M[155] : 3 3 3 2 1 3 2 3 3 4 2 2 4 3 3 2 2 2 2 2 2 2 2 3 2 3 4 3 3 3 3 2 3 3 4 3 3 3 3 3 3 3 3 3 3 2 2 2 2 3 3 3 3 2 2 3 2 2 2 3 0 3 2 3 2 3 1
M[156] : 3 2 2 1 2 2 2 2 1 1 2 1 1 1 3 1 2 2 1 2 1 2 1 2 2 2 1 1 1 1 2 2 2 3 2 2 1 1 3 2 2 3 1 1 1 1 1 2 1 2 0 2 3 3 2 2 1 1 2 1 2 2 2 2 2 1 2
M[157] : 3 2 3 2 2 3 2 3 2 1 3 1 2 2 3 2 2 2 2 2 1 2 3 2 3 3 3 3 2 3 3 2 2 3 3 3 2 4 3 3 2 3 2 2 2 3 3 2 1 2 2 3 3 3 3 3 0 2 3 2 3 3 3 3 2 1 2
M[158] : 1 1 1 1 2 1 1 1 1 2 2 2 1 2 1 1 1 1 1 1 1 0 2 1 1 2 2 2 1 1 1 1 1 1 2 1 1 2 1 1 1 1 1 2 2 1 1 1 2 1 1 1 1 2 1 2 1 1 1 1 2 1 1 1 2 2 2
M[159] : 3 4 3 3 3 2 4 2 2 3 2 2 3 3 4 2 2 3 3 1 2 2 3 2 2 3 3 3 3 3 3 3 3 1 3 4 3 3 3 3 4 2 3 4 3 3 3 3 3 3 3 3 3 2 3 3 3 3 1 3 3 3 3 2 0 3 3
M[160] : 3 3 3 3 2 4 4 2 3 3 2 2 3 3 3 2 2 2 3 2 3 2 3 2 3 4 3 3 3 3 3 3 3 3 3 3 3 4 3 3 3 4 2 3 3 3 3 0 3 3 3 3 4 3 3 3 3 3 2 3 3 3 3 3 3 3 2
M[161] : 1 2 2 1 2 2 0 1 1 1 1 2 2 2 2 3 2 2 2 2 1 2 2 1 2 1 2 2 1 1 2 2 1 1 2 2 1 2 1 1 2 1 2 2 2 1 2 2 2 1 1 1 1 1 2 2 2 2 2 2 2 2 2 2 2 2 2
M[162] : 2 2 1 2 2 3 3 2 2 2 3 3 2 3 3 3 2 1 1 2 3 3 2 1 2 2 3 2 1 1 1 3 2 2 2 1 2 2 2 1 2 2 1 2 2 1 1 2 2 2 1 1 2 2 2 2 0 2 3 3 2 1 2 1 3 3 2
M[163] : 3 2 3 2 1 3 2 0 3 3 2 2 3 3 3 2 2 2 2 2 2 1 2 3 2 3 3 2 3 2 3 2 3 3 3 3 3 3 3 2 3 3 2 2 3 3 2 1 2 2 2 3 3 2 2 2 2 2 2 3 1 3 1 3 3 2 2
M[164] : 2 1 3 1 1 1 2 1 2 2 1 1 2 2 1 0 2 1 1 1 2 1 1 2 1 2 1 1 2 2 2 1 1 1 1 1 2 1 2 2 1 2 2 1 1 3 1 1 1 1 1 2 2 2 1 1 2 1 1 2 1 2 1 2 1 2 1
M[165] : 3 2 3 2 2 3 2 2 2 3 3 2 3 3 3 2 2 1 2 2 2 2 1 3 2 3 3 2 3 2 3 2 2 3 2 2 3 3 3 2 3 3 2 1 3 3 2 2 2 1 2 2 3 2 2 3 2 1 2 3 1 2 2 3 2 2 0
M[166] : 1 2 1 2 2 1 2 1 1 2 1 2 1 2 1 2 2 1 1 2 1 1 1 1 2 2 1 2 2 1 1 2 1 1 1 2 1 1 1 1 2 2 2 2 2 1 1 2 2 1 1 1 2 1 2 1 1 2 1 2 1 2 1 1 1 2 0
M[167] : 3 4 3 3 3 2 4 3 2 3 2 2 3 3 3 3 2 2 3 2 3 2 3 2 1 4 4 4 3 3 3 3 3 2 3 4 3 3 3 2 4 1 3 4 4 3 3 3 3 3 3 3 1 2 3 3 3 3 0 3 2 3 3 2 3 4 3
M[168] : 3 2 3 2 2 3 3 3 3 4 3 2 3 3 3 3 2 0 2 2 2 2 2 2 2 3 4 3 2 3 3 2 3 3 3 3 3 3 3 3 3 2 2 2 3 2 2 2 2 2 2 3 3 1 2 3 2 2 3 3 1 3 2 3 3 3 2
M[169] : 2 1 2 0 0 2 1 1 1 1 1 1 2 1 1 1 1 0 0 0 0 0 1 1 1 2 1 1 0 0 1 0 1 1 2 1 1 1 1 1 1 2 1 1 1 1 0 0 0 1 1 2 2 1 1 1 0 0 1 1 1 1 1 1 1 1 1
M[170] : 3 2 2 1 2 2 2 3 1 1 2 1 2 2 2 1 3 1 2 2 1 2 2 1 2 2 2 2 1 2 1 2 1 2 2 1 1 2 3 2 1 3 1 0 1 2 2 3 1 1 1 2 3 3 2 2 1 1 2 1 3 1 2 1 2 2 2
M[171] : 3 0 2 1 2 2 2 2 1 1 2 1 2 2 2 1 3 2 2 2 1 2 2 1 2 2 2 1 1 2 1 2 1 2 2 1 1 2 3 2 1 2 1 1 1 2 2 3 1 1 1 2 3 2 2 2 1 1 2 1 3 1 2 1 2 2 2
M[172] : 2 2 1 1 1 2 2 2 1 1 2 0 1 1 1 1 1 1 1 2 1 2 0 1 1 2 1 1 1 1 2 2 1 2 1 2 1 1 2 1 1 2 1 1 1 1 1 2 1 1 1 2 2 2 2 2 1 1 1 1 1 2 1 2 2 1 1
M[173] : 3 2 2 2 2 3 2 2 2 4 3 3 3 3 3 3 2 1 2 2 2 2 2 1 2 3 3 2 0 2 3 2 2 3 3 2 3 3 3 1 2 2 2 2 3 2 1 2 3 2 1 2 3 2 2 3 2 1 3 3 2 2 2 2 3 3 2
M[174] : 3 2 3 2 2 2 2 3 2 1 3 1 2 3 3 1 2 2 3 2 1 2 3 2 3 3 3 3 2 3 3 2 2 3 3 3 2 3 3 3 2 3 2 2 0 3 3 2 1 3 3 3 3 3 3 3 2 2 3 1 3 3 3 3 2 2 3
M[175] : 3 2 3 1 3 2 3 3 2 1 2 2 2 3 2 2 3 3 2 2 2 2 2 2 2 3 2 2 3 2 1 2 1 2 2 3 2 3 3 2 2 2 3 2 2 2 3 3 1 3 2 2 3 2 3 2 2 3 2 1 3 3 3 0 2 2 3
M[176] : 1 1 1 1 1 0 1 1 0 1 1 0 1 2 1 1 1 1 1 1 1 1 1 0 1 2 1 1 1 1 1 1 0 0 1 1 1 1 1 1 1 0 1 2 1 1 1 1 1 1 1 1 1 0 1 1 1 1 1 1 1 2 1 1 1 2 1
M[177] : 3 2 3 1 3 2 2 3 2 1 2 1 2 2 2 2 3 3 2 2 1 2 2 1 2 3 2 2 2 2 1 2 0 2 2 2 1 2 3 2 2 2 3 1 1 2 2 3 1 3 2 2 3 2 2 2 2 2 2 1 3 1 2 1 2 2 2
M[178] : 1 3 2 2 3 2 2 0 2 2 1 2 2 2 1 3 2 2 2 2 2 2 2 2 2 2 1 2 2 1 2 2 2 1 2 3 1 3 1 1 3 1 3 3 3 1 2 2 2 1 1 1 1 2 3 2 2 3 1 2 2 3 1 2 2 3 2
M[179] : 2 1 1 2 1 1 2 2 1 2 1 1 1 2 2 1 1 1 1 1 2 2 1 1 1 1 2 2 2 1 1 2 1 1 1 1 2 1 1 1 1 1 1 2 1 1 1 1 2 1 2 1 1 2 1 1 1 2 2 2 1 2 1 1 0 2 1
M[180] : 1 1 1 1 1 1 2 1 0 1 1 2 1 2 1 2 1 1 1 1 1 1 1 0 2 2 1 1 1 1 1 2 1 1 1 1 1 2 1 1 0 1 1 2 2 1 1 1 2 1 1 1 1 0 2 1 1 1 1 1 1 2 1 1 1 2 1
M[181] : 3 2 2 1 1 2 2 1 1 1 2 1 1 2 1 1 2 1 1 2 1 2 1 1 1 2 1 1 1 1 1 2 1 2 2 1 1 1 2 2 1 3 1 1 1 2 1 2 1 1 1 2 2 2 2 2 1 1 1 1 0 1 1 1 2 2 1
M[182] : 1 2 1 2 2 2 2 2 1 2 2 3 2 1 2 2 1 1 2 1 2 2 2 1 1 1 2 2 2 2 1 2 1 2 2 2 2 1 2 2 2 1 2 0 2 1 2 2 2 1 2 1 1 2 1 2 2 2 2 2 2 2 1 1 2 1 1
M[183] : 1 2 1 1 2 2 2 2 1 2 2 3 2 1 2 3 1 1 2 1 2 2 2 1 1 1 2 2 2 2 1 2 1 2 2 2 2 1 2 2 2 1 2 2 2 1 2 3 0 1 1 1 1 2 1 2 2 2 2 1 2 2 2 1 2 1 2
M[184] : 3 2 3 2 2 3 1 2 3 2 3 2 2 1 2 2 3 2 2 2 1 2 2 3 3 1 2 2 3 2 2 2 2 3 2 3 3 2 0 2 2 3 3 2 2 3 2 1 1 2 2 3 2 3 1 3 1 2 3 2 2 3 2 3 3 1 2
M[185] : 2 1 0 1 1 1 1 1 1 1 1 1 1 2 1 1 1 1 1 1 0 0 1 1 1 2 1 1 2 1 1 0 1 1 1 1 2 1 2 1 1 2 1 1 1 2 0 0 1 1 1 2 2 1 1 1 0 1 1 2 1 1 1 1 1 1 1
M[186] : 2 2 1 3 2 3 3 3 2 3 3 3 3 3 3 3 2 1 2 2 3 3 2 1 2 3 3 2 1 2 3 3 2 3 3 2 2 3 3 1 2 2 2 2 3 2 1 2 3 2 2 2 2 2 2 3 2 2 3 3 2 2 2 0 3 3 2
M[187] : 1 1 1 2 2 1 2 1 1 2 2 2 1 2 1 1 1 1 1 1 1 2 2 1 1 2 0 2 1 1 1 2 1 1 2 1 2 1 1 1 1 2 1 2 1 1 1 1 2 2 1 1 2 2 1 1 1 1 2 2 2 1 1 1 2 2 2
M[188] : 2 1 3 1 1 2 2 1 2 3 1 1 2 2 1 1 2 1 2 2 1 1 1 2 0 2 1 1 2 2 2 1 1 2 2 1 3 2 2 2 1 2 2 1 2 3 1 1 1 1 1 2 2 2 1 1 2 1 1 2 1 2 1 2 1 2 1
M[189] : 3 2 3 1 2 2 2 3 1 1 2 1 2 2 3 1 3 2 1 2 1 2 2 1 2 2 2 2 1 2 2 2 1 2 2 3 1 2 3 2 0 3 2 1 1 2 2 2 1 2 1 2 3 3 2 2 1 1 2 1 3 2 3 2 2 2 3
M[190] : 2 2 1 2 2 3 3 3 1 2 3 3 0 2 2 2 2 1 1 2 3 3 2 1 1 2 3 3 2 1 1 3 2 2 3 1 2 2 2 1 2 2 1 2 2 1 1 2 2 2 2 1 2 2 1 3 1 2 3 3 2 1 2 1 3 3 2
M[191] : 3 2 3 1 3 2 2 3 2 1 2 2 2 2 2 2 3 3 2 2 1 2 2 1 2 3 2 2 2 2 1 2 1 2 2 3 1 2 3 2 2 2 3 2 2 2 2 3 1 2 2 2 2 2 2 2 2 2 2 1 3 0 2 1 2 2 2
M[192] : 2 2 1 1 2 2 2 2 1 2 1 0 1 1 2 1 2 1 1 2 1 2 1 2 2 1 1 1 2 1 1 2 2 3 0 2 2 1 2 1 2 2 1 1 1 1 1 2 1 2 1 1 2 2 2 1 1 1 1 2 2 2 2 2 1 1 1
M[193] : 2 3 2 2 3 1 3 2 2 2 1 2 3 3 2 2 2 2 3 2 2 2 1 2 3 3 2 2 3 3 2 2 2 1 0 3 3 3 1 2 3 2 3 3 3 2 3 3 2 3 2 1 2 2 4 1 2 3 1 2 3 3 1 2 1 3 2
M[194] : 2 2 1 1 2 3 2 2 2 2 2 1 1 1 2 2 2 2 1 2 1 2 1 2 2 1 2 2 2 1 2 2 2 3 2 2 2 1 2 0 2 3 1 1 1 1 1 2 1 2 1 1 2 3 2 3 1 1 2 2 2 2 2 2 2 1 2
M[195] : 2 2 2 1 2 3 2 2 2 4 3 3 3 3 2 3 2 1 1 2 2 2 2 1 2 3 3 2 1 1 2 2 2 3 2 2 1 2 2 1 2 2 2 2 3 0 1 2 3 2 1 1 2 2 2 2 2 1 3 2 2 2 2 1 3 3 2
M[196] : 1 2 1 2 2 1 2 1 1 1 1 2 1 2 1 2 1 0 1 1 1 1 1 0 1 2 1 1 1 1 1 2 1 1 1 2 1 1 1 1 1 1 2 1 1 1 1 1 2 1 1 1 2 1 2 1 1 2 1 2 1 2 1 1 1 1 1
M[197] : 3 2 2 2 2 3 3 3 2 4 3 3 3 3 3 3 2 1 2 2 2 3 2 1 2 3 3 2 1 2 3 2 2 3 3 2 2 3 3 1 2 2 2 2 3 2 1 2 3 2 1 3 3 2 2 3 2 0 3 3 2 2 2 2 3 3 2
M[198] : 1 2 2 0 1 2 1 1 1 1 1 3 2 2 2 3 2 1 1 1 1 1 2 1 2 1 2 2 1 1 2 2 1 1 2 2 1 2 1 1 2 1 2 2 2 1 2 2 1 1 1 1 1 1 2 2 2 1 2 1 2 2 2 1 2 1 2
M[199] : 2 2 3 2 1 3 2 2 2 3 2 2 3 2 2 2 2 1 2 2 2 1 1 2 2 2 1 2 2 2 2 2 1 3 2 2 3 2 2 2 0 3 2 1 2 3 2 1 2 1 2 2 3 2 2 1 2 1 2 3 1 2 1 2 2 2 1
M[200] : 1 1 1 1 1 1 1 1 1 2 0 2 1 2 1 1 0 1 1 1 1 1 2 1 0 2 1 2 1 1 1 1 1 1 2 1 1 1 1 1 1 1 1 2 1 1 1 1 2 0 1 1 1 2 1 1 1 1 1 1 1 1 1 1 2 2 2
M[201] : 3 2 3 1 2 2 2 2 2 1 2 1 2 2 3 1 2 2 1 2 1 2 2 2 3 2 3 1 2 1 2 2 2 3 3 3 0 1 3 2 2 3 2 1 1 2 2 2 1 2 2 2 3 3 2 3 1 2 2 2 2 2 3 2 2 1 2
M[202] : 2 3 3 2 3 1 3 3 2 2 1 2 2 3 2 2 3 3 2 2 2 3 2 2 3 3 2 2 3 2 0 2 2 2 1 3 2 3 2 3 3 2 3 2 3 2 3 3 1 3 2 2 2 2 4 1 2 3 2 2 3 3 2 2 2 3 3
M[203] : 3 4 3 3 3 3 4 3 2 3 2 2 3 3 3 2 1 3 3 2 3 2 3 2 1 4 4 4 3 3 3 3 3 2 3 3 3 4 3 3 4 0 3 3 3 3 3 3 3 3 3 3 2 2 3 3 3 3 2 3 3 4 3 2 3 4 3
M[204] : 1 2 2 2 3 1 2 1 2 2 1 2 2 2 1 3 2 1 2 2 2 2 1 1 2 2 1 0 2 1 2 2 2 1 2 3 1 2 1 1 3 1 3 3 3 1 2 2 2 1 1 1 1 2 3 2 2 2 1 2 2 3 1 1 2 2 2
M[205] : 2 2 1 1 2 1 2 1 1 1 1 2 1 1 2 2 1 1 2 2 1 1 1 1 1 1 2 2 2 1 1 1 1 2 1 2 1 1 1 1 2 2 2 2 2 1 1 2 1 2 1 1 2 1 2 1 1 2 1 1 2 2 1 1 1 0 1
M[206] : 2 2 1 3 2 3 3 3 2 3 3 3 3 3 3 3 2 1 2 2 3 3 3 0 2 3 3 3 2 2 3 3 2 3 3 2 2 3 3 1 2 2 2 2 3 2 1 2 3 2 2 2 2 2 2 3 2 2 3 3 2 2 2 2 3 3 2
M[207] : 1 2 1 1 1 2 1 1 1 1 1 3 2 2 2 3 1 1 2 1 1 0 2 1 2 1 2 2 1 1 2 2 1 2 2 2 1 2 1 1 2 1 2 2 2 1 2 2 1 1 1 1 1 1 2 2 2 2 2 1 2 2 2 1 2 1 2
M[208] : 2 1 2 1 1 2 2 1 1 1 2 0 1 1 1 0 1 1 1 2 1 2 1 1 1 2 1 1 1 1 1 2 1 2 1 1 1 1 2 1 1 2 1 1 1 1 1 1 1 1 1 2 2 2 2 2 1 1 1 1 1 1 0 1 1 1 1
M[209] : 1 1 1 1 1 0 1 1 0 1 1 1 1 2 1 1 1 1 1 1 1 1 1 0 1 2 1 1 1 1 1 1 0 0 1 1 1 1 1 1 1 0 1 2 0 1 1 1 1 1 1 1 1 0 1 1 1 1 1 1 1 2 1 1 1 2 1
M[210] : 0 2 2 1 2 3 2 2 2 2 2 3 3 3 2 2 2 1 1 2 2 2 2 1 2 3 2 2 2 1 2 1 2 3 2 2 2 2 2 1 2 2 2 1 2 2 1 2 1 1 1 1 2 2 2 2 1 1 3 2 2 2 2 1 3 2 1
M[211] : 1 2 2 1 2 2 2 2 2 2 2 2 2 2 2 2 2 1 1 1 2 2 1 1 2 0 2 2 2 1 2 1 2 3 1 2 2 2 1 1 2 2 2 1 2 2 1 2 1 1 1 1 1 2 2 2 1 1 3 2 2 2 2 1 1 2 1
M[212] : 3 0 3 2 1 3 2 1 3 3 3 2 3 2 1 2 2 2 2 2 1 1 2 3 2 2 2 2 3 2 3 2 2 2 2 3 3 2 2 2 2 3 2 2 2 3 2 1 2 2 2 2 3 2 2 3 2 2 2 3 2 3 1 3 3 2 2
M[213] : 2 2 2 2 3 1 3 1 2 2 1 2 2 3 2 2 2 2 2 2 2 3 1 1 3 3 2 2 2 2 1 2 2 1 1 3 2 3 1 0 3 2 3 3 3 2 3 3 2 2 2 1 2 2 3 1 2 2 1 2 3 3 1 1 1 3 1
M[214] : 3 2 2 3 2 3 3 3 3 3 3 2 4 3 3 3 2 1 2 2 3 3 3 2 2 3 4 4 3 3 3 3 3 3 3 3 3 3 3 3 3 2 2 3 3 2 3 2 3 2 3 3 3 0 2 3 3 3 3 3 1 3 3 2 3 3 2
M[215] : 2 1 2 1 1 2 2 1 1 1 2 0 1 2 1 0 1 1 1 2 1 0 1 1 1 2 1 1 1 1 1 2 1 1 1 1 1 1 2 2 1 2 1 1 1 2 1 1 1 1 1 2 2 2 1 2 1 1 1 1 1 1 1 1 1 2 1
M[216] : 1 2 1 2 2 1 2 1 1 2 1 2 1 2 1 2 1 1 1 2 1 1 1 0 2 2 1 1 1 1 1 2 1 1 1 2 1 1 1 1 1 1 2 2 1 1 1 0 2 1 1 1 2 1 2 1 1 2 1 2 1 2 1 1 1 2 1
M[217] : 2 2 1 1 1 2 2 2 1 1 1 0 1 1 1 0 1 1 1 2 1 2 1 1 1 2 1 1 1 1 2 2 1 2 1 2 1 1 2 1 1 2 1 1 1 1 1 2 1 1 1 1 2 2 2 2 1 1 1 1 1 2 1 2 1 1 0
M[218] : 1 1 1 1 1 0 2 1 0 1 1 2 1 2 1 0 1 1 1 1 1 1 1 0 1 2 1 1 1 1 1 1 1 0 1 1 1 1 1 1 1 0 1 1 1 1 1 1 1 1 1 1 1 0 2 1 1 1 1 1 1 2 1 1 1 2 1
M[219] : 1 2 2 1 1 2 1 1 1 1 1 2 2 2 2 3 2 1 1 2 0 1 2 1 2 1 1 2 1 1 2 2 1 1 2 2 1 2 1 1 2 1 2 2 2 1 2 2 2 1 1 1 1 1 2 2 2 1 1 2 1 2 2 2 2 2 2
M[220] : 2 1 2 1 2 1 0 2 1 1 2 1 2 2 2 2 3 2 2 2 1 2 2 1 1 2 2 2 1 2 1 2 1 2 2 1 1 2 2 2 2 2 2 1 1 2 2 3 1 1 1 2 2 1 1 2 2 1 2 1 2 1 2 1 2 2 2
M[221] : 2 2 1 2 2 1 2 1 1 1 1 2 1 1 2 2 2 1 2 2 2 2 1 1 2 2 2 2 2 1 1 2 1 2 1 2 2 2 1 1 2 2 2 2 2 0 1 3 1 2 1 1 2 1 2 1 2 2 1 2 2 2 1 1 1 1 1
M[222] : 3 2 2 2 2 3 2 2 2 4 3 3 3 3 3 3 2 1 2 2 2 2 2 1 2 3 3 2 1 2 3 2 2 3 3 2 2 3 3 0 2 2 2 2 3 2 1 2 3 2 1 1 3 2 2 3 2 1 3 3 2 2 2 1 3 3 2
M[223] : 2 2 3 2 3 1 3 3 2 2 1 2 2 3 2 2 2 3 2 2 2 3 2 2 3 3 2 2 2 2 1 2 2 2 1 3 2 3 2 1 3 2 3 3 3 2 3 3 2 3 2 0 2 2 4 1 2 3 2 2 3 3 2 2 1 3 1
M[224] : 2 1 1 1 1 1 1 1 1 1 1 0 1 1 1 0 1 1 1 1 0 1 1 1 1 1 1 1 1 1 0 0 1 1 1 1 1 1 2 1 1 2 1 1 1 1 1 1 0 1 1 1 2 2 1 1 1 1 1 0 1 1 1 1 1 0 1
M[225] : 2 1 2 1 1 2 2 0 1 1 2 0 1 1 1 0 1 1 1 2 1 1 1 1 1 2 1 1 1 1 1 2 1 2 1 1 1 1 2 1 1 2 1 1 1 1 1 1 1 1 1 2 2 2 2 2 1 1 1 1 1 1 1 1 1 1 1
M[226] : 0 4 3 3 3 2 3 2 2 2 1 2 3 3 2 3 2 2 3 2 2 2 3 2 2 3 3 3 3 3 2 3 2 1 3 3 3 3 3 2 3 2 3 4 3 3 3 3 3 3 3 2 2 2 4 2 3 3 1 3 3 3 3 2 2 3 3
M[227] : 2 1 2 1 2 2 2 2 1 1 2 1 2 2 2 1 3 2 2 2 1 2 2 1 2 2 2 2 1 2 1 2 1 2 2 1 1 2 3 2 1 2 1 1 1 2 2 3 1 1 1 2 2 0 1 2 2 1 2 1 2 1 2 1 2 2 2
M[228] : 2 2 0 2 2 1 2 2 1 1 1 2 1 1 2 2 2 1 2 2 2 1 1 1 3 2 2 2 2 1 1 1 1 2 1 2 2 2 1 1 2 2 2 2 2 1 2 3 1 2 2 1 2 1 2 1 2 2 2 1 2 2 2 1 1 1 1
M[229] : 2 2 1 2 2 1 2 1 2 2 1 2 1 2 1 2 2 1 2 2 2 2 1 1 2 2 2 2 2 1 1 2 1 1 1 3 2 3 1 1 2 2 3 2 3 1 1 3 2 2 1 1 2 2 2 1 2 2 1 2 1 2 0 1 1 2 1
M[230] : 3 2 3 2 2 3 2 2 3 3 2 2 3 3 3 2 2 1 2 2 2 2 1 3 2 3 4 2 3 2 3 2 3 3 3 2 3 3 3 2 3 3 2 1 3 3 2 2 2 0 2 3 3 2 2 3 2 2 2 3 1 2 2 3 2 2 1
M[231] : 1 2 2 1 2 2 2 2 2 2 2 3 2 3 2 3 2 1 1 0 2 2 2 1 2 2 2 2 1 1 2 1 2 3 2 2 2 2 1 1 2 2 2 1 2 2 1 2 1 1 1 1 2 2 2 2 1 1 3 1 2 2 2 1 2 2 2
M[232] : 3 2 2 1 2 2 2 3 1 1 2 1 2 2 2 1 3 3 2 2 1 2 2 1 2 2 2 2 1 2 1 2 1 2 2 0 1 2 3 2 1 3 1 1 1 2 2 3 1 1 1 2 3 3 2 2 2 1 2 1 3 1 2 1 2 2 2
M[233] : 2 2 1 1 1 1 2 1 1 1 0 0 1 1 1 0 1 1 1 2 1 1 1 1 1 1 1 1 1 1 1 2 1 1 1 2 1 1 2 1 1 2 1 1 1 1 1 1 1 1 1 1 2 2 2 1 1 1 1 1 1 2 1 2 1 1 1
M[234] : 1 2 2 3 2 2 1 1 1 2 1 2 2 2 2 3 2 2 2 2 2 2 2 1 2 1 2 2 2 2 2 2 2 2 2 2 2 2 1 2 2 1 2 2 3 2 2 2 2 0 1 1 1 1 2 2 2 2 1 2 2 3 2 2 2 2 2
M[235] : 2 2 2 1 2 3 2 2 2 2 3 3 2 3 2 3 2 1 1 2 2 2 2 1 2 3 2 2 1 1 2 1 2 3 2 2 1 2 1 1 2 2 2 2 2 1 1 2 0 1 1 1 2 2 2 2 1 1 3 1 2 2 2 1 3 3 2
M[236] : 3 2 1 3 2 3 3 3 2 3 3 3 3 3 3 3 2 1 2 2 3 3 3 1 2 3 3 3 2 3 3 3 2 3 3 2 3 3 3 2 2 2 2 2 3 2 0 2 3 2 2 2 2 2 2 3 2 2 3 3 2 2 2 2 3 3 2
M[237] : 3 2 2 1 2 2 2 2 1 1 2 1 2 2 2 1 2 1 1 2 1 2 1 1 2 2 1 1 1 1 2 2 1 2 2 2 1 2 3 2 1 3 1 1 1 2 1 2 1 0 1 2 3 2 2 2 1 1 2 1 2 2 2 1 2 2 1
M[238] : 4 2 2 2 2 3 2 2 3 2 3 1 0 1 3 2 2 2 2 2 1 2 2 3 3 2 3 2 3 2 3 2 2 3 3 3 3 3 2 3 2 3 3 2 2 2 2 2 1 2 2 3 3 3 3 3 1 2 3 2 2 3 2 3 2 1 2
M[239] : 2 2 2 1 1 1 2 2 2 2 1 1 3 2 2 2 2 1 1 2 2 2 1 2 2 2 1 1 2 1 2 1 1 3 1 2 2 0 2 1 1 3 2 1 1 2 1 2 1 1 1 2 2 2 2 1 2 1 1 2 1 2 1 2 1 2 1
M[240] : 1 2 1 2 3 2 2 2 1 2 2 3 2 1 2 3 1 1 2 2 2 3 2 1 1 1 2 2 2 2 2 3 1 2 2 2 2 1 2 2 2 1 2 2 2 1 2 3 2 1 2 1 1 2 1 2 2 2 2 2 3 2 2 1 2 0 2
M[241] : 3 2 3 2 1 3 1 2 3 2 3 2 2 1 2 2 3 2 2 2 1 1 2 3 3 2 2 2 3 2 3 2 2 2 3 3 3 2 2 2 2 3 3 2 2 3 2 1 2 2 2 3 3 2 0 3 2 2 2 3 2 3 2 3 3 1 2
M[242] : 4 3 3 2 2 3 3 3 2 2 3 1 3 3 3 1 3 2 3 0 2 2 3 2 3 3 3 3 3 3 3 2 3 3 3 3 3 4 3 3 3 3 2 2 3 3 3 3 2 3 3 3 3 3 3 3 3 3 3 3 3 3 3 3 2 3 3
M[243] : 1 2 2 1 2 2 1 1 1 2 1 2 2 2 1 3 2 1 1 2 2 2 2 1 2 1 1 2 1 1 2 2 2 1 2 2 1 2 1 1 2 1 2 2 2 1 2 2 2 1 1 1 1 1 2 2 2 0 1 2 1 3 2 2 2 2 2
M[244] : 3 2 3 0 2 2 2 3 2 1 2 1 2 2 3 1 3 3 2 2 1 2 2 2 2 3 3 2 2 2 2 2 2 2 3 3 2 3 3 3 2 3 2 1 1 2 3 3 1 3 3 2 3 3 2 2 2 2 2 1 3 3 3 2 2 2 3
M[245] : 3 2 2 2 2 3 2 2 2 4 3 3 3 3 3 3 2 1 2 2 2 2 2 1 2 3 3 2 1 1 2 2 2 3 3 2 0 3 3 1 2 2 2 2 3 2 1 2 3 2 1 1 3 2 2 3 2 1 3 3 2 2 2 1 3 3 2
M[246] : 2 0 1 2 2 3 2 3 1 2 3 3 1 2 2 2 2 1 1 2 3 3 3 1 1 2 3 3 2 2 1 3 2 2 3 1 2 2 2 1 2 2 1 2 2 1 1 2 2 2 2 1 2 2 1 3 1 2 3 3 2 1 2 1 3 3 2
M[247] : 2 2 1 3 2 3 3 3 0 3 3 3 3 3 3 3 2 1 3 2 3 3 3 1 2 3 3 4 2 3 3 3 3 2 3 2 3 3 3 2 2 2 1 2 3 2 2 2 3 2 2 2 2 2 2 3 3 2 3 3 2 3 3 2 3 3 2
M[248] : 1 3 2 3 3 2 3 2 2 2 1 2 3 3 0 3 2 2 3 2 2 2 2 2 2 3 2 2 3 3 2 2 2 1 2 3 3 3 1 2 3 2 3 3 3 2 3 3 2 3 3 1 2 2 3 2 3 3 1 2 2 3 1 2 2 3 3
M[249] : 2 2 1 1 1 1 2 1 1 1 1 0 1 1 1 0 1 1 1 2 1 1 1 1 1 1 1 1 1 1 1 2 1 1 1 2 1 1 2 1 1 2 1 1 1 1 1 1 1 1 1 1 2 2 2 0 1 1 1 1 1 2 1 2 1 1 1

