 Execution de l'algoritme BITS sur le fichier r250.5.col.txt
=====================================================================
 Partitions  : 
Vk[0] : 122 234 200 230 -->  4 éléments.
Vk[1] : 79 146 154 242 -->  4 éléments.
Vk[2] : 194 193 97 -->  3 éléments.
Vk[3] : 171 86 165 53 -->  4 éléments.
Vk[4] : 224 0 64 235 -->  4 éléments.
Vk[5] : 187 5 118 18 -->  4 éléments.
Vk[6] : 68 36 167 106 -->  4 éléments.
Vk[7] : 237 74 190 166 -->  4 éléments.
Vk[8] : 123 108 109 168 -->  4 éléments.
Vk[9] : 82 209 21 -->  3 éléments.
Vk[10] : 67 188 56 -->  3 éléments.
Vk[11] : 140 104 192 17 -->  4 éléments.
Vk[12] : 7 112 153 136 -->  4 éléments.
Vk[13] : 156 59 84 47 -->  4 éléments.
Vk[14] : 139 31 8 -->  3 éléments.
Vk[15] : 207 148 11 135 -->  4 éléments.
Vk[16] : 25 103 185 236 -->  4 éléments.
Vk[17] : 127 199 177 -->  3 éléments.
Vk[18] : 62 124 129 164 -->  4 éléments.
Vk[19] : 180 88 162 37 -->  4 éléments.
Vk[20] : 181 65 94 78 -->  4 éléments.
Vk[21] : 3 223 246 212 -->  4 éléments.
Vk[22] : 16 157 210 -->  3 éléments.
Vk[23] : 2 128 182 42 -->  4 éléments.
Vk[24] : 213 57 173 -->  3 éléments.
Vk[25] : 144 13 87 232 -->  4 éléments.
Vk[26] : 26 19 247 -->  3 éléments.
Vk[27] : 126 58 120 80 -->  4 éléments.
Vk[28] : 204 150 119 -->  3 éléments.
Vk[29] : 96 91 248 172 -->  4 éléments.
Vk[30] : 132 49 115 32 -->  4 éléments.
Vk[31] : 28 228 211 238 -->  4 éléments.
Vk[32] : 27 46 198 -->  3 éléments.
Vk[33] : 117 218 203 10 -->  4 éléments.
Vk[34] : 48 22 89 77 -->  4 éléments.
Vk[35] : 201 61 186 -->  3 éléments.
Vk[36] : 100 83 69 152 -->  4 éléments.
Vk[37] : 191 114 131 4 -->  4 éléments.
Vk[38] : 99 30 160 137 -->  4 éléments.
Vk[39] : 202 249 183 145 -->  4 éléments.
Vk[40] : 227 9 206 -->  3 éléments.
Vk[41] : 178 143 72 151 -->  4 éléments.
Vk[42] : 158 216 75 208 -->  4 éléments.
Vk[43] : 184 220 243 142 -->  4 éléments.
Vk[44] : 239 39 29 98 -->  4 éléments.
Vk[45] : 33 40 174 196 -->  4 éléments.
Vk[46] : 45 155 73 147 -->  4 éléments.
Vk[47] : 70 163 116 -->  3 éléments.
Vk[48] : 161 12 195 110 -->  4 éléments.
Vk[49] : 189 50 197 -->  3 éléments.
Vk[50] : 85 60 222 -->  3 éléments.
Vk[51] : 105 20 214 35 -->  4 éléments.
Vk[52] : 221 76 1 134 -->  4 éléments.
Vk[53] : 54 93 43 -->  3 éléments.
Vk[54] : 23 219 169 245 -->  4 éléments.
Vk[55] : 141 90 102 240 -->  4 éléments.
Vk[56] : 179 55 244 -->  3 éléments.
Vk[57] : 130 14 241 92 -->  4 éléments.
Vk[58] : 175 95 138 -->  3 éléments.
Vk[59] : 34 226 121 113 -->  4 éléments.
Vk[60] : 133 6 63 41 -->  4 éléments.
Vk[61] : 15 125 176 107 -->  4 éléments.
Vk[62] : 205 225 51 81 -->  4 éléments.
Vk[63] : 215 229 38 24 -->  4 éléments.
Vk[64] : 71 66 44 170 -->  4 éléments.
Vk[65] : 52 101 233 149 -->  4 éléments.
Vk[66] : 111 231 159 217 -->  4 éléments.
Matrice M
M[0] : 3 2 3 3 0 1 3 4 4 2 1 2 1 3 3 2 2 3 2 2 4 4 2 3 3 3 2 2 3 3 1 3 1 2 3 3 3 3 2 3 3 3 3 3 2 3 3 2 3 3 3 2 2 3 3 2 2 3 3 3 1 2 3 3 2 3 2
M[1] : 2 2 1 2 1 2 1 2 2 2 2 2 2 2 1 2 2 1 2 2 2 2 1 2 2 2 1 2 2 2 3 1 3 2 2 2 1 2 3 2 1 1 3 2 2 2 3 2 2 2 2 2 0 2 2 1 1 1 1 2 3 2 1 3 2 2 1
M[2] : 2 1 1 2 2 1 2 2 2 2 1 1 2 1 1 2 2 1 2 2 2 1 2 0 1 2 0 2 2 1 2 1 2 3 2 2 2 2 3 1 1 2 2 2 1 2 1 1 2 2 1 2 2 1 2 1 1 1 1 1 2 2 1 2 2 1 1
M[3] : 1 2 1 1 2 1 1 1 2 1 0 1 1 1 2 2 1 1 1 1 1 0 1 1 1 1 1 1 1 1 0 1 1 1 1 1 1 2 1 2 2 2 1 2 1 1 1 0 1 1 1 1 1 1 1 1 1 2 1 1 1 1 1 1 1 2 1
M[4] : 3 3 2 3 3 3 2 2 2 1 3 3 3 3 2 3 1 2 3 2 2 3 3 2 2 2 1 1 2 3 3 3 3 2 2 1 3 0 2 3 1 3 2 3 3 3 3 3 3 1 2 1 3 2 2 2 3 3 3 3 4 3 2 2 1 3 2
M[5] : 3 2 3 3 3 0 3 4 3 2 2 3 2 3 3 4 3 3 2 3 4 3 3 4 3 3 2 3 3 4 2 4 3 2 3 3 4 2 1 3 3 3 3 4 2 4 3 2 3 3 3 3 4 3 3 3 2 2 3 3 3 3 3 2 2 2 3
M[6] : 1 1 1 1 1 2 1 2 1 2 1 2 2 2 1 1 2 1 1 2 2 2 1 2 1 2 1 2 1 2 3 1 1 2 2 2 2 2 3 2 1 1 2 1 1 2 2 1 1 1 1 2 2 1 1 1 1 1 1 2 0 2 0 2 2 2 1
M[7] : 2 2 1 2 1 2 2 2 1 1 2 1 0 1 1 2 2 1 2 2 2 2 1 1 1 2 2 2 1 2 2 1 1 1 1 1 1 1 1 1 1 2 2 1 2 1 2 2 2 1 1 2 1 1 2 1 1 2 2 1 2 2 2 1 2 1 2
M[8] : 2 2 3 2 2 2 3 3 3 2 2 3 2 3 0 2 2 3 3 3 4 4 2 2 3 3 3 3 2 3 2 3 2 2 2 2 3 3 2 3 3 3 2 3 3 3 2 1 2 2 3 3 2 2 3 3 2 3 3 3 2 3 3 2 3 3 4
M[9] : 1 3 2 2 2 2 3 2 3 2 2 3 1 2 1 1 3 2 2 2 2 2 1 2 2 2 2 2 1 2 2 1 1 1 2 1 1 2 2 2 0 1 2 1 3 2 2 1 2 2 2 3 1 2 3 3 2 2 2 2 2 2 3 2 3 3 3
M[10] : 2 2 1 2 1 2 2 2 1 1 2 1 2 2 1 2 2 2 2 2 2 2 1 1 1 2 2 2 1 2 2 1 1 0 1 1 1 1 1 1 1 1 2 1 2 2 2 2 2 1 1 2 1 1 2 1 1 2 2 2 2 2 2 2 2 1 1
M[11] : 2 2 3 2 2 2 3 3 3 2 2 3 2 3 1 0 3 3 2 3 2 3 2 2 3 3 3 3 2 3 2 2 2 2 2 2 3 3 1 3 3 2 2 2 3 2 2 1 3 2 2 3 2 2 3 3 2 3 3 3 2 3 3 2 3 3 4
M[12] : 2 2 3 2 2 2 3 2 3 2 2 2 1 3 2 2 2 3 2 1 3 3 1 3 3 3 3 2 2 3 1 2 1 2 3 3 2 3 2 3 3 3 2 2 2 1 3 2 0 2 3 2 2 2 2 2 2 3 2 3 2 1 3 3 2 3 2
M[13] : 3 2 2 3 3 2 2 2 2 1 2 3 3 3 2 3 3 3 2 2 3 3 3 2 2 0 1 1 3 3 3 3 3 2 3 2 3 3 2 3 1 3 2 3 3 3 3 3 3 3 2 1 3 3 3 3 3 3 3 3 4 3 1 3 1 3 2
M[14] : 1 2 1 1 2 1 1 1 2 1 0 1 1 1 2 1 1 1 1 1 1 2 1 1 1 1 1 1 1 1 1 2 1 1 1 1 1 2 1 2 2 2 1 2 1 1 1 0 1 1 1 1 1 1 1 1 1 0 1 1 1 1 1 1 1 2 1
M[15] : 1 3 2 1 1 2 2 2 2 2 3 1 2 1 1 2 2 1 2 2 1 2 2 1 2 2 2 2 1 1 1 2 1 2 1 1 2 2 1 1 2 2 1 2 1 1 1 2 2 1 2 2 2 1 2 2 1 2 2 1 2 0 2 1 2 1 2
M[16] : 2 1 1 1 2 1 1 1 2 2 1 2 2 1 2 1 1 2 1 2 2 1 0 2 1 3 1 2 1 1 2 2 2 2 1 1 2 3 3 2 1 1 2 2 1 3 1 1 1 1 1 2 2 1 2 1 1 1 1 1 2 2 2 1 2 1 1
M[17] : 2 1 1 2 2 1 2 1 2 1 1 0 1 2 1 2 2 1 2 1 1 1 1 2 1 1 1 1 2 2 1 1 2 1 1 1 1 1 1 2 1 2 2 2 2 1 1 2 2 1 2 1 2 2 2 2 1 2 1 2 2 1 0 1 1 1 2
M[18] : 1 1 1 1 1 0 1 1 2 0 0 1 0 1 1 1 1 1 1 0 1 1 1 1 1 1 1 1 1 1 0 0 0 1 1 1 0 2 1 1 1 1 1 1 1 1 1 0 1 1 1 1 1 1 1 1 1 1 1 1 0 1 1 1 1 1 1
M[19] : 1 2 2 1 1 1 1 1 2 1 1 2 2 2 1 1 2 1 1 2 1 1 2 2 2 1 0 1 1 1 1 2 0 1 1 2 2 1 1 1 2 1 1 2 2 2 1 1 3 1 2 2 2 2 2 2 1 2 1 2 1 2 2 1 2 1 2
M[20] : 1 1 2 1 1 1 1 1 2 1 1 2 2 1 1 1 1 1 1 1 1 1 1 1 2 1 1 1 1 1 1 2 0 1 1 0 2 1 0 1 1 1 0 2 2 1 1 1 2 1 2 0 2 2 2 2 1 2 1 1 1 1 2 1 1 1 2
M[21] : 3 2 2 3 3 2 3 4 3 0 2 3 3 3 2 3 3 3 2 3 3 3 3 4 3 3 1 3 3 3 3 4 3 2 4 3 3 3 2 3 3 3 3 3 3 3 3 3 3 3 3 2 4 3 3 3 3 3 3 3 4 3 1 2 2 3 2
M[22] : 2 1 1 2 2 1 1 1 2 2 1 1 2 1 1 2 2 2 2 2 1 1 2 1 1 3 0 3 2 1 2 2 2 3 0 1 2 2 2 2 1 1 2 2 1 2 1 1 2 2 1 2 2 1 2 2 1 1 1 1 2 1 1 1 2 1 1
M[23] : 2 2 2 1 2 2 3 2 3 2 1 2 1 2 2 2 1 1 2 1 2 3 2 2 2 3 1 2 2 3 1 2 1 2 2 2 2 2 2 2 2 3 3 2 2 2 3 2 1 2 2 2 2 1 0 1 1 3 2 2 1 1 3 3 2 2 2
M[24] : 2 3 3 2 2 3 3 3 3 2 3 3 3 3 2 2 3 3 3 3 3 3 2 3 3 3 2 3 3 3 3 3 2 2 2 2 3 3 2 2 2 3 2 3 2 3 2 3 3 2 3 3 3 3 2 4 2 3 3 3 3 3 2 0 3 2 3
M[25] : 2 2 2 2 2 2 3 3 3 2 1 2 1 2 2 2 0 1 2 1 2 3 1 2 2 3 1 2 1 3 1 2 1 2 2 2 2 2 2 2 2 3 2 2 2 1 3 2 1 1 2 2 2 1 1 2 1 3 2 2 1 1 3 3 2 2 2
M[26] : 1 2 2 1 2 2 1 1 2 1 1 2 1 1 2 2 1 1 1 1 1 2 1 1 2 1 0 1 1 1 1 2 1 1 1 1 1 2 2 2 2 2 1 2 2 1 1 0 1 1 1 1 1 1 1 1 1 2 1 1 1 1 2 1 1 2 2
M[27] : 3 2 3 3 1 1 3 3 4 2 1 2 1 3 3 2 2 3 2 2 4 3 2 3 3 3 2 3 3 3 1 3 0 2 3 3 3 3 2 3 3 3 3 3 2 3 3 2 3 3 3 3 3 3 3 1 2 3 3 3 1 2 3 3 2 3 2
M[28] : 3 2 2 3 3 2 1 2 2 2 2 2 2 3 2 2 2 1 2 3 2 2 2 2 2 2 1 2 2 2 3 0 3 2 2 2 1 2 3 3 1 2 3 2 2 3 3 3 2 2 2 2 2 2 2 2 2 2 2 2 3 2 1 3 1 2 2
M[29] : 3 2 3 3 3 1 2 4 3 2 2 3 2 3 3 4 3 3 2 3 4 3 3 4 3 3 2 3 3 3 2 4 3 3 4 3 4 3 2 3 3 3 2 4 0 4 2 2 3 3 3 3 4 3 3 3 2 3 3 3 4 2 2 2 2 3 2
M[30] : 1 0 1 1 1 0 0 1 1 1 0 1 1 1 1 1 1 0 1 1 1 1 1 2 1 1 0 1 1 1 1 2 1 1 1 1 2 1 0 2 0 1 1 1 0 1 1 1 1 1 1 1 2 1 1 1 0 1 0 1 1 1 1 1 1 1 0
M[31] : 3 2 2 3 3 2 2 1 2 1 2 2 2 3 0 2 2 1 2 1 1 2 2 2 2 1 1 1 2 2 2 2 3 2 2 1 2 2 2 3 1 2 2 2 2 1 3 3 2 2 2 1 2 2 2 2 2 2 1 3 3 1 1 2 1 3 2
M[32] : 3 1 3 3 3 1 3 4 3 2 1 3 1 3 3 3 3 3 2 3 4 3 3 4 3 3 2 3 3 3 0 3 3 2 3 3 3 3 2 3 3 4 3 4 1 4 3 2 3 3 3 3 4 3 3 3 2 3 3 3 3 2 3 3 2 2 2
M[33] : 1 3 1 1 1 2 3 2 1 2 3 1 2 1 1 2 2 2 3 3 2 2 2 1 1 2 2 2 1 2 2 2 1 2 1 1 2 1 1 1 2 2 2 2 3 0 1 2 2 1 2 2 2 1 2 2 1 2 2 1 2 2 2 1 2 1 2
M[34] : 1 3 2 1 2 2 3 2 2 2 3 2 2 1 2 2 2 2 3 3 2 2 2 1 2 2 2 2 1 2 2 2 2 2 1 2 2 2 1 1 2 2 2 2 3 2 1 2 3 1 2 2 2 2 2 2 1 2 2 0 3 3 2 1 2 1 3
M[35] : 2 0 1 1 1 1 1 1 1 1 1 1 1 1 1 1 1 2 1 1 1 1 1 1 1 1 0 1 1 1 2 2 2 2 1 1 2 2 1 2 1 1 1 2 1 1 1 1 1 1 1 0 2 1 1 1 0 1 1 1 2 1 1 1 1 1 1
M[36] : 1 2 2 1 2 2 0 1 2 1 1 2 1 1 2 2 1 1 1 1 1 2 1 2 2 1 1 1 1 1 1 2 1 1 1 1 1 2 1 2 2 2 1 2 1 1 1 0 1 1 1 1 2 1 1 1 1 2 1 1 1 1 2 1 1 2 2
M[37] : 1 1 2 1 0 1 1 1 2 1 1 2 1 1 1 1 1 1 1 0 1 1 1 1 2 1 1 1 0 1 1 2 0 1 1 0 2 1 0 1 1 1 0 1 2 1 1 1 1 0 2 1 0 1 1 2 1 1 1 1 1 1 1 1 1 1 2
M[38] : 1 1 1 1 2 1 1 1 0 0 1 1 1 1 1 2 1 1 1 1 1 1 1 1 1 1 1 1 1 1 1 1 2 1 1 1 1 1 1 2 1 1 1 1 1 1 1 1 1 1 1 0 2 1 1 2 1 1 1 1 2 1 0 0 1 1 1
M[39] : 2 1 1 2 1 1 1 1 1 1 1 2 2 2 1 1 1 1 1 1 1 1 1 2 1 1 1 1 1 1 2 2 1 1 2 1 2 1 1 2 1 1 1 1 0 2 1 1 1 1 1 1 2 1 1 2 2 1 1 2 1 1 0 1 1 2 1
M[40] : 3 2 2 3 3 2 2 1 2 1 2 2 2 3 2 2 2 1 2 3 2 2 2 2 2 1 1 1 2 2 2 2 3 2 2 1 2 2 2 3 1 2 2 2 2 0 3 3 2 2 2 1 2 2 2 2 2 2 1 2 3 1 1 3 1 3 2
M[41] : 3 1 3 3 2 1 3 4 4 2 1 2 1 3 3 3 3 3 2 3 4 4 2 3 3 3 2 3 3 3 1 3 2 2 3 3 3 3 2 3 3 3 3 3 2 3 3 2 3 3 3 3 3 3 3 3 2 3 3 3 0 2 3 3 2 3 2
M[42] : 2 3 1 2 2 3 3 2 1 2 3 3 3 1 2 2 2 2 3 3 2 2 2 0 1 2 2 2 1 2 3 3 2 2 1 1 3 1 2 1 2 2 2 2 3 3 2 2 3 1 2 2 2 2 2 2 2 2 2 3 3 3 2 1 2 2 3
M[43] : 3 3 2 2 2 3 3 2 1 2 3 3 3 3 2 2 2 2 3 3 2 2 2 2 1 2 2 2 1 3 3 3 2 2 2 1 3 1 2 2 2 2 2 2 3 3 2 2 2 1 1 2 3 0 1 2 2 3 2 3 3 3 2 2 2 3 2
M[44] : 3 3 2 3 3 3 3 2 2 2 3 3 3 3 2 3 2 3 3 2 3 3 3 3 2 2 2 1 3 3 3 3 3 2 2 2 3 2 2 3 2 3 2 3 3 3 3 3 3 2 3 1 3 3 3 3 3 3 3 3 4 3 2 2 0 3 2
M[45] : 1 2 1 1 2 2 2 2 2 1 1 2 1 1 2 2 1 1 1 1 1 2 1 1 1 2 1 1 1 1 1 1 1 1 1 1 1 2 2 2 2 2 1 2 1 1 0 1 1 1 1 1 1 1 1 2 1 2 2 1 1 1 2 1 1 2 1
M[46] : 2 3 1 2 1 3 2 2 1 1 3 3 3 2 2 2 1 2 3 1 2 2 1 2 1 1 1 2 1 2 3 2 0 2 2 1 2 1 2 2 1 2 2 1 3 2 2 2 1 1 1 1 2 1 1 2 2 2 2 3 2 2 2 2 1 2 2
M[47] : 1 1 1 1 2 1 1 1 0 0 1 1 1 0 1 2 1 1 1 1 1 1 1 1 1 1 1 1 1 1 1 2 2 1 1 1 1 1 1 2 1 1 1 1 1 1 1 1 2 1 1 0 2 1 1 2 1 1 1 1 2 1 0 1 1 1 1
M[48] : 2 2 2 1 2 2 3 2 3 2 1 2 1 1 2 2 1 1 2 1 2 3 1 2 2 2 1 1 1 3 1 2 1 2 0 1 1 2 2 2 2 2 2 2 2 1 2 1 1 1 1 2 2 1 1 2 1 3 2 2 1 1 3 3 1 2 2
M[49] : 3 1 1 3 2 2 2 1 2 1 2 3 2 3 1 2 1 1 2 1 1 1 1 2 1 1 1 1 1 2 0 2 2 2 2 1 2 1 2 2 1 2 2 2 2 1 2 1 2 1 1 1 2 2 2 2 2 2 1 2 2 1 1 2 1 2 2
M[50] : 2 1 1 2 2 1 1 1 2 2 1 1 2 1 2 1 1 2 2 2 1 1 1 2 1 3 1 3 1 1 2 2 2 2 1 1 2 2 2 2 1 1 2 2 1 3 1 1 1 0 1 2 2 1 2 2 1 1 1 1 2 2 1 1 2 1 1
M[51] : 1 1 1 1 1 1 2 1 1 1 2 1 1 1 1 2 2 1 1 2 1 1 1 1 1 1 1 1 1 1 1 1 1 1 1 1 1 1 0 1 2 2 0 2 1 1 1 1 2 1 1 2 1 1 2 2 1 2 1 1 1 1 0 1 2 1 2
M[52] : 3 1 3 3 2 1 2 3 3 2 1 1 2 2 3 3 3 2 2 2 3 4 2 3 3 3 2 3 3 3 2 3 2 3 2 3 3 3 3 3 3 3 3 3 1 3 3 2 2 3 3 3 3 3 3 2 1 3 2 2 2 3 3 3 3 0 2
M[53] : 1 1 1 0 2 1 1 2 1 2 1 2 2 1 2 1 2 2 1 2 2 2 1 2 1 2 1 2 1 1 3 2 2 2 2 1 2 3 3 2 1 1 2 1 1 2 1 1 1 1 1 2 2 1 1 1 1 1 2 2 2 2 1 1 2 2 1
M[54] : 2 2 2 2 2 2 3 2 3 2 2 2 1 2 2 2 2 2 3 1 2 3 1 2 3 3 3 2 1 3 1 1 1 2 2 1 1 2 2 3 2 2 2 2 2 1 2 1 1 2 2 3 1 0 1 2 2 3 2 3 2 1 2 2 3 3 3
M[55] : 2 3 1 1 2 3 3 2 1 2 3 2 3 1 2 2 2 2 3 3 2 2 2 1 2 2 2 2 1 2 3 3 2 2 1 2 3 1 1 1 2 2 2 2 3 3 2 2 3 1 2 2 2 2 2 2 0 2 2 2 3 3 2 1 2 1 3
M[56] : 3 2 3 3 3 1 3 4 3 2 0 3 2 3 3 4 3 3 2 3 4 3 3 4 3 3 2 3 3 4 2 4 3 2 3 3 4 2 2 3 3 3 2 4 2 4 3 2 3 3 3 3 4 3 3 3 2 2 3 3 3 3 2 2 2 2 2
M[57] : 2 2 1 2 2 2 3 2 3 2 2 2 1 2 1 2 1 2 3 2 2 3 1 1 0 2 2 1 1 2 1 1 1 2 2 1 1 2 2 2 2 2 2 2 2 1 2 1 1 1 1 3 1 1 2 2 2 2 2 3 2 2 2 2 2 3 3
M[58] : 1 1 1 1 1 1 2 1 2 1 1 1 1 1 1 2 2 1 1 1 1 1 1 1 1 1 1 0 1 1 1 2 1 1 1 1 2 1 0 1 2 2 0 2 1 1 1 1 2 1 2 2 1 1 2 2 1 2 1 1 1 1 2 1 1 1 2
M[59] : 3 2 2 3 2 1 1 2 3 2 1 2 3 0 3 2 3 2 1 3 2 2 2 2 2 3 1 3 3 2 3 3 2 2 2 3 3 3 3 3 2 2 2 2 1 3 2 2 3 3 2 3 3 2 3 2 2 1 2 2 2 3 2 2 3 2 1
M[60] : 2 1 1 2 2 1 1 1 3 2 1 2 2 1 3 1 3 2 2 2 2 2 2 2 1 3 1 3 2 1 2 2 2 2 1 2 2 3 3 2 2 1 2 2 1 3 2 1 2 2 0 3 2 1 2 2 1 1 2 1 2 3 2 2 3 1 1
M[61] : 2 1 1 2 2 1 1 2 2 2 1 1 1 1 1 2 2 1 2 2 1 1 2 1 1 2 0 2 2 1 2 2 2 3 1 0 2 2 2 1 1 1 2 2 1 2 1 1 2 2 1 2 2 1 2 1 1 1 1 1 2 1 1 1 2 1 1
M[62] : 1 2 2 1 2 2 1 2 1 0 1 2 1 1 2 1 1 1 0 1 2 2 1 2 2 1 1 1 1 2 1 2 1 1 2 2 2 1 2 2 1 2 2 1 1 2 2 1 1 2 2 1 2 1 1 1 1 2 1 2 1 1 2 2 1 2 2
M[63] : 1 2 2 1 1 2 2 2 2 2 3 1 2 1 1 2 2 1 2 3 1 2 2 1 2 2 2 2 1 1 2 2 1 2 1 1 2 2 1 1 2 2 1 2 2 2 1 1 3 1 2 2 2 2 2 2 1 2 2 1 0 2 2 1 2 1 2
M[64] : 1 2 1 1 0 2 1 2 1 2 1 2 2 2 1 1 2 1 1 2 2 2 1 2 1 2 1 2 2 2 3 1 1 2 2 2 1 2 3 2 1 1 2 1 1 2 2 1 1 2 1 2 2 1 2 1 1 1 1 2 3 2 0 2 2 2 1
M[65] : 2 1 1 2 2 1 1 2 2 2 1 1 2 1 2 2 2 2 2 2 0 1 2 2 1 3 1 3 2 1 2 2 2 3 2 2 2 2 2 2 1 1 2 2 1 3 2 1 2 2 1 3 2 1 2 2 1 1 1 1 2 3 2 2 3 1 1
M[66] : 1 0 1 1 1 0 0 1 1 1 0 0 1 1 1 1 1 0 0 1 1 1 1 1 1 1 0 1 1 1 1 1 1 1 1 1 1 1 1 1 0 1 1 1 0 1 1 1 1 1 1 1 2 1 1 0 0 1 0 1 1 1 1 1 0 1 0
M[67] : 2 1 1 2 1 2 2 1 1 1 0 2 2 2 1 1 1 2 3 1 2 1 1 2 1 1 1 1 1 2 2 2 1 2 2 1 2 1 2 2 1 1 2 1 3 2 2 2 1 1 1 1 2 1 1 2 2 1 1 2 2 2 2 2 1 2 1
M[68] : 2 2 1 2 1 2 0 2 1 1 2 2 2 2 1 1 2 2 2 1 2 2 1 1 1 1 1 2 1 2 2 1 1 1 2 1 1 1 1 1 1 1 2 1 2 2 2 2 1 1 1 1 1 1 1 1 2 1 1 2 2 2 2 2 1 2 1
M[69] : 2 3 3 2 3 1 3 2 3 2 2 3 1 3 1 2 3 2 3 2 2 3 2 2 3 3 3 3 2 3 2 1 1 2 2 2 0 3 2 3 3 2 2 3 3 2 2 1 2 2 2 3 1 2 3 3 2 3 3 3 2 3 2 2 3 3 3
M[70] : 2 1 1 2 1 2 2 1 1 1 1 2 2 2 1 1 1 1 1 1 1 1 1 2 1 1 1 1 1 1 2 2 1 2 2 1 2 1 1 2 1 1 2 1 2 2 2 0 1 1 1 1 2 1 1 2 2 1 1 2 1 2 0 2 1 2 1
M[71] : 1 1 2 1 0 1 1 1 2 1 1 2 2 1 1 1 1 1 1 1 1 1 2 2 2 1 1 1 0 1 1 2 0 1 1 1 2 1 0 1 1 1 0 1 2 1 1 1 1 0 2 1 1 2 1 2 1 1 1 1 1 2 2 1 0 1 1
M[72] : 2 3 3 2 3 2 3 2 3 2 2 3 2 3 1 2 3 3 3 3 2 3 2 2 3 3 3 3 2 3 2 2 2 2 2 2 3 3 2 3 3 0 2 3 3 2 2 1 3 2 2 3 2 2 3 3 2 3 3 3 2 3 3 2 3 3 4
M[73] : 2 1 1 2 2 1 1 1 2 2 1 1 2 1 2 1 2 2 2 2 2 1 2 2 1 3 1 3 2 1 2 2 2 3 1 1 2 3 2 2 1 1 2 2 1 3 0 1 2 2 1 3 2 1 2 2 1 1 1 1 2 3 2 2 3 1 1
M[74] : 1 2 2 1 2 2 3 0 2 2 2 3 2 2 1 1 3 1 2 3 1 1 2 2 2 2 2 2 2 1 2 2 2 2 2 2 2 2 1 1 2 2 1 2 3 2 2 1 3 2 2 2 2 2 2 3 2 2 2 2 2 2 2 1 2 1 3
M[75] : 3 2 3 3 3 2 3 4 3 2 3 4 3 3 2 3 3 3 3 2 4 3 3 4 3 3 2 2 3 3 3 4 3 2 4 3 3 2 2 3 3 3 0 4 2 3 2 3 3 3 3 2 4 3 3 3 3 3 3 3 4 3 1 2 2 3 2
M[76] : 2 3 3 2 2 2 3 2 3 2 2 3 1 3 2 2 2 2 3 1 2 3 1 2 3 3 3 2 1 3 1 1 1 2 2 2 1 3 2 3 3 2 2 2 2 2 2 1 1 2 2 3 0 2 2 2 2 3 2 3 2 2 2 2 3 3 3
M[77] : 2 1 1 2 2 1 2 1 2 1 1 1 1 2 1 2 2 1 2 1 1 1 0 1 1 1 1 1 2 2 1 1 2 1 0 1 1 1 1 2 1 2 2 2 2 1 1 1 2 1 1 1 2 2 2 2 1 2 1 2 2 1 0 1 1 1 1
M[78] : 1 3 2 1 2 2 3 2 2 2 3 3 2 2 1 2 2 1 2 3 0 2 2 2 2 2 2 2 2 1 2 2 2 2 1 2 2 2 1 1 2 2 1 2 3 2 1 1 3 1 2 2 2 2 2 2 2 2 2 1 3 3 2 1 2 1 3
M[79] : 3 0 1 2 2 3 2 1 1 1 2 2 2 3 1 2 1 2 2 1 2 1 1 2 1 1 1 1 1 2 2 2 2 2 2 1 2 1 2 2 1 1 2 1 3 2 2 2 2 1 1 1 2 2 2 2 2 1 1 3 2 2 1 2 1 2 2
M[80] : 3 2 2 3 3 3 2 2 2 1 3 3 3 3 2 3 3 3 3 2 3 3 3 2 2 2 1 0 3 3 3 3 3 2 3 2 3 2 2 3 1 3 2 3 3 3 3 3 3 3 2 1 3 3 3 3 3 3 3 3 4 3 1 3 1 3 2
M[81] : 3 3 3 2 2 2 3 3 4 2 3 3 3 3 2 2 2 3 2 2 4 3 3 2 3 3 3 3 3 3 3 3 2 2 2 2 3 3 1 2 3 3 2 4 3 3 3 2 3 2 3 3 3 3 2 4 2 3 3 3 3 3 0 2 3 2 3
M[82] : 1 3 2 2 2 2 2 2 2 0 2 3 1 2 1 1 2 2 1 2 2 2 1 2 2 2 2 2 1 2 2 1 1 1 2 1 1 1 1 2 1 1 2 1 3 2 2 1 2 2 2 3 1 2 3 3 2 2 2 2 2 2 3 2 3 2 3
M[83] : 3 2 2 3 3 2 1 2 2 2 2 2 2 3 2 3 2 2 2 3 2 2 3 3 2 2 1 2 2 2 3 2 3 2 3 2 0 3 3 3 1 3 3 2 2 3 3 3 3 2 2 2 3 2 2 2 3 2 2 2 3 3 1 3 1 3 2
M[84] : 2 3 2 1 2 3 3 2 2 2 3 2 3 0 2 2 2 2 3 3 2 2 2 1 2 2 2 2 1 2 3 3 2 2 1 2 3 1 1 1 2 2 2 2 3 3 2 2 3 1 2 2 2 2 2 2 2 2 2 2 3 3 2 1 2 1 3
M[85] : 2 3 1 2 2 2 3 2 3 2 2 3 1 2 1 2 2 2 3 2 2 2 1 2 2 2 2 2 1 2 1 1 1 2 2 1 1 2 2 3 2 2 2 2 3 2 2 1 2 2 0 3 1 1 2 2 2 2 2 2 2 2 2 2 3 3 3
M[86] : 1 1 1 0 1 1 1 1 0 0 1 1 2 1 1 1 1 1 1 1 1 1 1 2 1 1 1 1 1 1 1 2 1 1 1 1 2 1 1 2 1 1 1 1 1 1 1 1 1 1 1 0 2 1 1 2 1 1 1 1 1 1 0 1 1 1 1
M[87] : 1 2 2 1 2 2 2 2 2 2 2 3 2 2 1 1 3 1 1 2 1 1 2 2 2 0 2 2 2 2 2 2 1 2 2 2 2 2 1 2 2 1 1 2 3 2 2 1 3 2 2 2 2 2 3 3 2 2 1 2 2 2 2 1 2 2 4
M[88] : 3 2 3 3 2 1 3 3 4 2 2 3 1 3 2 2 2 3 2 0 3 3 2 3 3 3 3 2 3 3 1 3 1 2 3 3 3 3 2 3 3 3 3 3 2 3 3 2 2 3 3 2 2 2 2 3 2 3 3 3 2 2 3 3 2 3 2
M[89] : 2 3 2 1 2 3 3 2 1 2 3 2 3 1 2 2 2 2 3 3 2 2 2 1 2 2 2 2 1 2 3 2 2 2 0 1 3 1 1 1 2 2 2 2 3 3 1 2 3 1 2 2 2 2 2 2 1 2 2 2 3 3 2 1 2 1 3
M[90] : 1 2 1 1 0 1 1 1 2 1 1 2 1 2 1 1 2 1 1 2 1 1 1 2 1 1 1 1 1 2 1 1 0 0 2 1 1 1 1 2 1 1 0 1 2 2 2 1 2 1 1 1 1 1 1 0 1 1 1 2 1 2 2 1 1 2 2
M[91] : 3 1 1 2 2 2 2 1 2 1 2 2 2 3 1 2 1 1 2 1 1 1 1 2 1 1 1 1 1 0 2 2 2 2 2 1 2 1 2 2 1 1 2 2 2 2 2 1 2 1 1 1 2 2 2 2 2 1 1 3 2 1 0 2 1 2 2
M[92] : 2 2 1 2 1 2 2 2 1 1 2 2 3 2 1 2 2 2 3 1 2 2 1 1 1 2 2 2 1 2 2 2 1 2 2 1 2 1 2 1 1 1 2 1 3 2 2 2 1 1 1 2 1 1 1 1 2 0 2 2 2 2 2 2 1 2 1
M[93] : 1 2 1 1 2 2 1 2 1 2 1 2 3 1 1 1 2 1 1 2 2 2 1 2 1 2 1 2 1 2 3 2 2 2 2 2 2 2 3 2 1 1 2 1 1 2 1 1 1 1 1 2 2 0 1 1 1 1 2 2 2 2 2 2 2 2 1
M[94] : 3 2 2 3 3 2 2 1 2 1 2 3 3 3 2 2 2 1 2 1 0 2 2 2 2 1 1 1 2 2 3 2 3 2 2 1 2 1 2 3 1 2 2 2 2 2 3 3 2 1 2 1 2 2 2 2 2 2 1 3 3 1 1 2 1 3 2
M[95] : 1 2 2 1 2 2 2 2 2 2 2 3 2 2 1 1 3 1 2 2 1 1 2 2 2 2 2 3 2 2 2 2 2 2 2 2 2 2 1 2 2 1 1 2 3 2 2 1 3 2 2 2 2 2 3 3 2 2 0 2 2 2 2 1 2 2 4
M[96] : 1 3 2 1 2 2 3 2 2 2 3 3 2 2 1 2 3 2 2 3 1 2 2 2 2 2 2 2 2 0 2 2 2 2 2 2 2 2 1 1 2 2 1 2 3 2 1 1 3 2 2 2 2 2 3 3 2 2 3 3 2 3 2 1 2 2 3
M[97] : 3 3 0 2 2 3 3 2 1 2 3 3 3 3 2 2 2 2 3 3 2 2 2 2 1 2 2 2 1 3 3 3 2 2 2 1 3 1 2 1 2 2 2 2 3 3 2 2 2 1 1 2 2 1 1 2 2 3 2 3 3 3 2 2 2 3 2
M[98] : 0 2 1 1 2 1 2 2 2 1 1 1 1 1 1 2 1 2 0 2 2 2 1 1 1 2 2 1 1 2 0 1 1 1 1 1 1 2 2 1 2 2 1 1 0 1 1 1 1 1 1 2 1 1 2 2 1 2 2 1 1 1 2 1 2 1 2
M[99] : 2 1 1 2 2 1 2 1 2 1 2 1 1 2 1 2 2 1 2 1 1 1 2 2 1 1 1 1 2 2 1 1 2 1 1 1 1 1 0 2 1 2 2 2 2 1 2 2 2 1 2 1 2 2 2 2 1 2 1 2 2 1 0 2 1 1 2
M[100] : 2 1 1 2 1 1 1 1 2 1 1 1 1 1 1 1 2 1 2 2 1 1 1 1 1 2 0 2 2 1 2 1 2 2 1 1 0 2 1 1 1 2 1 2 1 1 1 1 1 2 1 2 1 1 2 1 1 1 1 1 2 1 1 1 2 1 1
M[101] : 2 1 1 2 2 1 2 1 2 1 1 1 1 2 1 2 2 1 2 1 1 1 1 2 1 1 1 1 1 2 1 1 2 1 1 1 1 1 1 2 1 2 2 2 2 1 1 1 2 1 1 1 2 2 2 2 1 1 1 2 2 1 0 1 1 0 1
M[102] : 2 3 1 2 2 3 3 2 1 2 3 3 3 2 2 2 2 2 3 3 2 2 2 1 1 2 2 2 1 2 3 3 1 2 2 1 3 1 2 1 2 2 2 2 3 3 2 2 2 1 1 2 1 1 2 0 2 2 2 3 3 2 2 2 2 2 2
M[103] : 1 0 1 1 1 1 1 1 1 2 1 2 2 1 1 1 0 1 1 1 2 1 1 2 1 2 1 2 1 1 2 2 1 2 2 1 2 1 2 2 0 1 2 1 1 2 1 1 1 1 1 1 2 1 1 1 1 1 1 1 2 2 1 1 1 2 1
M[104] : 3 1 3 3 3 1 2 4 3 3 1 0 2 3 3 3 3 3 2 3 4 3 2 4 3 4 2 3 3 3 3 3 3 3 3 3 3 3 2 3 3 2 3 4 1 3 3 2 3 3 3 3 4 3 3 3 2 2 3 3 2 3 3 3 2 2 1
M[105] : 1 2 2 1 2 2 2 2 1 2 1 2 1 2 2 2 1 1 2 1 2 2 1 2 2 1 1 1 2 2 1 2 1 2 2 2 2 2 2 2 2 3 3 2 2 2 3 1 1 2 2 0 2 1 1 1 1 3 1 2 1 1 3 3 1 2 2
M[106] : 1 2 2 1 2 2 0 2 2 2 2 2 2 2 1 1 3 1 1 2 1 1 2 2 2 1 1 1 2 2 2 2 1 2 2 2 2 1 1 2 2 1 1 1 3 2 2 1 3 2 2 2 1 2 3 3 2 1 1 2 2 2 2 1 2 2 3
M[107] : 2 2 3 2 2 2 3 2 3 2 2 3 1 3 2 2 2 2 2 1 3 3 1 3 3 3 3 2 2 3 1 2 1 2 2 2 2 3 2 3 3 3 2 2 2 1 3 2 1 2 3 2 2 2 2 2 2 3 2 3 2 0 2 3 3 3 3
M[108] : 1 1 1 1 2 1 1 2 0 2 1 2 3 1 2 1 2 2 1 2 2 2 1 2 1 2 1 2 1 2 3 2 2 2 2 2 2 3 3 2 1 1 2 1 1 3 2 1 1 1 1 2 2 1 1 1 2 1 2 2 2 2 2 2 2 2 1
M[109] : 1 3 1 1 2 1 2 2 0 1 1 1 1 2 1 1 2 1 1 2 2 2 1 1 1 2 2 2 1 2 0 1 1 0 1 1 1 1 1 1 1 1 1 1 2 1 2 1 2 1 1 1 1 1 2 2 1 2 1 2 2 2 2 2 2 2 2
M[110] : 1 1 0 1 0 1 1 1 1 1 1 1 1 1 0 1 1 1 1 1 1 1 1 1 0 1 1 1 0 1 1 1 0 1 1 0 1 1 0 1 1 1 0 1 1 1 0 1 0 0 1 1 0 0 1 2 1 1 1 1 1 1 1 0 1 1 2
M[111] : 1 1 1 1 0 1 1 1 1 1 1 2 1 2 1 1 1 1 1 1 1 1 0 2 1 1 1 1 0 1 1 1 0 0 1 1 1 1 0 0 1 1 0 1 2 1 1 1 1 0 1 1 1 1 1 1 1 1 1 2 1 2 1 1 1 1 0
M[112] : 3 1 1 3 2 2 2 1 2 1 2 2 0 3 1 2 2 1 2 1 1 1 1 2 1 1 1 1 2 2 1 2 2 2 2 1 2 1 2 2 1 2 2 2 2 1 2 1 2 1 1 1 2 2 2 2 2 2 1 2 2 1 1 2 1 1 2
M[113] : 1 2 1 1 2 2 2 2 2 1 1 2 1 1 2 2 1 1 1 1 1 3 1 1 1 2 2 1 1 2 1 1 1 2 1 1 1 2 2 2 2 2 2 2 2 1 2 1 1 1 1 1 1 1 1 2 1 2 2 0 1 1 2 2 1 2 3
M[114] : 1 3 1 2 2 1 2 2 1 1 1 1 1 1 1 1 2 1 1 2 2 2 1 1 1 2 2 2 1 2 1 1 1 0 1 1 1 0 2 1 1 1 1 1 2 1 2 1 2 1 1 2 1 1 2 2 1 2 1 2 2 2 2 2 2 2 2
M[115] : 1 0 1 1 1 0 1 1 1 1 0 1 1 1 1 1 1 0 1 1 1 1 1 1 1 1 0 1 1 1 0 2 1 1 1 1 2 2 1 2 0 1 1 1 0 1 1 1 1 1 1 1 2 1 1 1 0 1 1 1 1 1 1 1 1 1 1
M[116] : 2 1 1 2 2 1 1 1 2 2 1 2 2 1 2 1 3 2 2 2 2 2 2 2 1 3 1 3 2 1 2 2 2 2 1 1 2 3 3 2 2 1 2 2 1 3 2 0 2 2 1 3 2 1 2 2 1 1 1 1 2 3 2 2 3 1 1
M[117] : 1 2 2 1 2 2 1 2 1 0 1 2 1 1 2 1 1 1 1 1 2 2 1 2 2 1 1 1 1 2 1 2 1 0 2 2 2 1 1 2 1 2 1 1 2 1 2 0 1 1 1 1 2 1 1 1 1 2 1 2 1 1 2 2 1 2 2
M[118] : 1 2 1 1 1 0 2 2 1 1 2 1 1 1 1 2 2 1 2 2 1 2 1 1 1 1 2 2 1 1 1 1 1 1 1 1 1 1 1 1 2 2 1 2 1 1 1 2 2 1 1 2 1 1 2 2 1 2 2 1 2 1 2 1 2 1 2
M[119] : 3 3 2 2 3 3 3 2 1 1 3 3 3 3 2 3 2 2 3 2 2 2 2 2 1 2 2 2 0 3 3 3 2 2 2 1 3 1 2 2 1 2 2 2 3 3 2 2 2 1 1 2 2 1 1 2 2 3 2 3 3 3 2 2 1 3 2
M[120] : 2 0 1 1 1 1 1 1 1 2 1 1 1 1 1 1 1 2 1 1 1 1 1 2 1 1 0 0 1 1 2 2 2 2 1 1 2 2 1 2 0 1 1 2 1 1 1 1 1 1 1 1 2 1 1 1 0 1 1 1 2 1 1 1 1 1 1
M[121] : 2 1 1 2 2 1 2 1 2 1 1 1 1 2 1 2 1 1 2 1 1 1 1 2 1 1 1 1 1 1 1 2 2 2 1 1 1 1 1 2 1 1 1 2 1 1 1 1 2 1 1 1 2 2 2 2 1 1 1 0 2 1 0 1 1 1 1
M[122] : 0 2 2 1 2 2 2 2 1 1 1 2 1 2 2 2 1 1 2 2 2 2 2 2 2 1 1 2 2 2 1 2 1 3 2 2 2 1 2 2 1 3 3 1 1 2 2 1 1 2 2 2 2 1 1 1 1 2 1 2 1 1 3 2 1 2 2
M[123] : 1 2 2 1 2 2 2 2 0 1 1 2 1 2 2 2 1 1 2 1 2 2 2 2 2 1 1 1 2 2 1 2 1 2 2 2 2 1 2 2 2 3 3 2 2 2 2 1 1 2 2 1 2 1 1 1 1 2 1 2 1 1 3 2 1 2 2
M[124] : 2 1 1 2 1 2 2 1 1 1 1 2 2 2 1 1 1 2 0 1 1 1 1 2 1 1 1 1 1 1 2 2 1 2 2 1 2 1 1 2 1 1 2 1 2 2 2 1 1 1 1 1 2 1 1 2 2 1 1 2 2 2 0 2 1 2 1
M[125] : 3 2 2 3 3 2 2 1 2 1 2 3 3 3 2 3 2 2 2 2 3 3 3 2 2 1 1 1 2 3 3 3 3 2 2 1 3 1 2 3 1 3 2 2 3 3 3 3 2 2 2 1 2 2 2 2 2 2 2 3 3 0 1 2 1 3 2
M[126] : 2 2 2 1 2 2 2 2 3 2 1 2 1 2 2 2 1 1 2 1 2 3 1 2 2 1 1 0 2 2 1 2 1 2 2 2 2 2 2 2 2 3 3 2 2 2 3 2 1 2 2 2 2 1 1 1 1 3 2 2 1 1 3 3 1 2 2
M[127] : 3 2 2 3 3 2 2 1 2 1 2 3 2 3 2 3 2 0 2 3 2 2 3 2 2 1 1 2 2 3 2 3 3 2 3 1 2 2 2 3 1 3 2 2 2 3 3 3 3 2 2 2 2 2 2 2 3 2 2 3 3 1 1 3 1 3 2
M[128] : 2 2 2 2 2 2 3 2 3 2 1 2 1 1 2 2 1 2 2 1 2 3 1 0 2 2 2 1 1 3 1 2 1 2 1 1 1 2 2 2 2 2 2 2 2 1 2 1 1 1 1 2 1 1 1 2 1 3 2 2 1 1 2 2 3 3 3
M[129] : 3 2 2 3 3 2 1 4 3 2 2 3 2 3 3 3 3 3 0 3 3 3 3 4 3 3 1 3 3 3 3 3 3 2 4 3 3 3 3 3 3 3 2 4 1 4 2 2 3 3 3 3 4 3 3 3 3 3 3 3 3 3 2 2 2 3 2
M[130] : 3 1 2 3 2 1 1 3 3 2 1 2 3 2 3 3 3 2 2 3 2 2 2 3 2 3 1 3 3 1 3 3 2 3 3 3 3 3 3 3 2 2 2 2 1 3 2 2 2 3 2 3 3 3 3 2 1 0 2 1 2 3 2 2 3 1 1
M[131] : 1 0 1 1 1 0 1 1 1 2 0 1 1 1 1 1 1 1 1 1 1 1 1 2 1 2 0 1 1 1 1 2 1 2 1 1 2 0 1 2 0 1 1 1 1 2 1 1 1 1 1 1 2 1 1 1 0 1 0 1 1 1 1 1 1 1 1
M[132] : 2 2 1 1 1 2 2 2 1 2 2 1 2 1 1 2 2 1 2 2 2 2 1 1 1 2 2 2 1 2 0 1 1 2 1 1 2 1 1 1 2 2 2 2 2 1 1 2 2 1 1 2 1 1 2 2 1 2 2 1 2 2 2 1 2 1 2
M[133] : 3 1 1 2 2 2 2 1 1 1 1 2 2 2 1 2 1 2 2 1 2 1 1 2 1 1 1 1 1 1 2 2 1 2 2 1 2 1 2 2 1 1 2 1 3 2 2 2 1 1 1 1 2 1 1 2 2 1 1 2 0 2 1 2 1 2 1
M[134] : 2 3 1 2 1 3 2 2 1 1 3 3 3 2 2 2 2 2 3 1 2 2 1 2 1 2 2 2 1 2 3 2 1 2 2 1 2 1 2 1 1 2 2 1 3 2 2 2 1 1 1 2 0 1 1 2 2 2 2 3 2 2 2 2 1 2 2
M[135] : 1 2 2 1 2 2 1 2 1 0 1 2 1 1 2 0 1 1 1 1 2 2 1 2 2 1 1 1 1 2 1 2 1 1 2 2 2 1 2 2 1 2 1 2 2 1 1 0 1 1 1 1 2 1 1 1 1 2 1 2 1 1 2 2 1 2 2
M[136] : 1 0 1 1 1 0 0 1 1 1 0 0 0 1 1 1 1 0 0 1 1 1 1 1 1 1 0 1 1 1 1 1 1 1 1 1 1 1 1 1 0 1 1 1 0 1 1 1 1 1 1 1 2 1 1 0 0 1 0 1 1 1 1 1 1 1 0
M[137] : 1 2 1 1 2 1 1 1 1 0 0 1 1 1 2 1 1 1 1 1 1 2 1 2 1 1 1 1 1 1 1 2 1 1 1 1 1 2 0 2 2 2 1 2 1 1 1 0 1 1 1 1 2 1 1 1 1 1 1 1 1 1 2 1 1 2 1
M[138] : 3 3 2 3 3 3 2 2 2 1 3 3 3 3 2 3 1 2 3 2 2 2 2 2 1 1 1 1 2 3 3 3 3 2 2 1 3 1 2 2 1 3 2 2 3 3 2 2 2 1 2 1 2 2 2 2 2 3 0 3 4 2 1 2 1 3 2
M[139] : 1 2 1 2 1 2 2 2 2 1 1 1 2 2 0 1 1 1 2 2 2 2 2 2 1 2 1 2 2 2 2 2 1 3 2 2 1 1 3 1 1 2 2 1 1 2 2 1 1 2 1 2 2 1 1 1 1 2 1 2 1 2 2 2 2 1 2
M[140] : 1 3 1 1 1 3 3 2 1 2 3 0 2 1 1 2 2 2 3 3 2 2 2 1 1 2 2 2 1 2 3 2 1 2 1 1 2 1 1 1 2 2 2 2 3 2 1 2 2 1 2 2 2 1 2 2 1 2 2 1 2 3 2 1 2 1 3
M[141] : 2 2 2 2 2 2 3 3 3 2 1 2 1 2 2 2 1 1 2 1 2 3 1 2 2 3 1 2 2 3 1 2 1 2 2 2 2 2 2 2 2 3 2 2 2 1 3 2 1 2 2 2 2 1 1 0 1 3 2 2 1 1 3 3 2 2 2
M[142] : 2 3 1 2 1 3 2 2 1 1 3 3 3 2 2 2 2 2 3 1 2 2 1 2 1 2 2 2 1 2 3 2 1 2 2 1 3 1 2 2 1 2 2 0 3 2 2 2 1 1 1 2 2 1 1 2 2 2 2 3 2 2 2 2 1 2 2
M[143] : 1 2 2 1 2 1 1 1 1 0 0 1 0 1 1 1 1 1 1 1 1 2 1 2 2 1 1 1 1 1 1 2 1 1 1 1 2 1 1 2 1 0 1 1 1 1 1 0 1 1 1 1 2 1 1 1 1 1 1 1 1 1 2 2 1 2 1
M[144] : 1 0 1 1 1 0 1 1 1 1 0 1 1 1 1 1 1 0 1 1 1 1 1 2 1 0 0 1 1 1 1 2 1 1 1 1 2 2 1 2 0 1 1 1 0 1 1 1 1 1 1 1 2 1 1 1 0 1 1 1 1 1 1 1 1 1 1
M[145] : 2 3 1 2 2 3 3 2 1 2 3 3 3 3 2 2 2 2 3 3 2 2 2 2 1 2 2 2 1 3 3 3 2 2 2 2 3 1 2 0 2 2 2 2 3 3 2 2 3 1 2 2 2 2 2 3 3 3 2 3 3 3 2 2 2 3 2
M[146] : 1 0 2 1 1 1 2 1 2 1 1 1 2 1 1 2 2 1 1 2 1 1 1 1 1 1 1 1 1 1 1 2 1 1 1 1 2 2 1 1 2 2 0 2 1 1 1 1 2 1 2 2 2 1 2 2 1 2 2 1 1 1 2 1 2 1 2
M[147] : 1 1 1 1 2 1 1 1 1 1 1 1 2 2 1 2 1 1 1 1 1 1 1 2 1 1 1 1 1 1 1 2 2 1 1 1 2 1 1 2 1 1 1 1 1 1 0 1 2 1 1 1 2 1 1 2 2 1 1 1 2 1 0 1 1 1 1
M[148] : 2 2 1 2 1 3 2 1 1 1 3 2 3 2 1 0 1 2 3 1 2 2 1 2 1 1 1 2 1 2 2 2 1 2 2 1 2 1 2 2 1 1 2 1 3 2 2 2 1 1 1 1 2 1 1 2 2 1 1 2 2 2 2 2 1 2 2
M[149] : 1 3 2 1 2 2 3 2 2 2 3 2 2 1 2 2 2 2 3 3 2 2 2 2 2 2 2 2 1 2 3 2 2 2 1 2 3 2 1 1 2 2 2 2 3 3 1 2 3 1 2 2 2 2 2 2 2 2 2 2 3 3 2 1 2 0 3
M[150] : 2 2 2 2 2 2 3 3 3 2 1 2 1 2 2 2 1 2 2 1 3 3 1 2 2 3 2 2 0 3 1 2 1 2 2 2 2 2 2 2 2 3 2 2 2 1 3 2 1 1 2 2 2 1 1 2 1 3 2 2 1 1 3 3 2 2 2
M[151] : 2 2 1 2 1 3 2 2 1 1 3 2 3 2 2 2 1 2 3 1 2 2 1 2 1 1 1 2 1 2 3 2 1 2 2 1 2 1 2 2 1 0 2 1 3 2 2 2 1 1 1 1 1 1 1 2 2 1 1 2 2 2 2 2 1 2 2
M[152] : 2 2 1 2 1 3 3 2 1 1 3 1 3 1 2 2 2 2 2 2 2 2 1 1 1 2 2 2 1 2 2 1 1 2 1 1 0 1 1 1 1 2 2 2 3 2 2 2 2 1 1 2 1 1 2 1 1 2 2 1 2 2 2 1 2 1 1
M[153] : 3 2 3 2 2 1 3 3 4 2 2 3 0 3 3 3 2 3 3 2 4 4 3 3 3 3 3 2 3 3 2 4 2 2 3 2 3 3 2 3 3 3 2 4 3 3 3 2 2 3 3 3 3 3 2 3 2 4 3 3 2 3 2 3 3 3 3
M[154] : 1 0 1 1 2 1 1 1 2 1 0 1 0 1 1 1 1 1 1 1 1 1 1 1 1 1 1 1 1 1 0 1 1 1 1 1 1 2 1 1 2 2 1 2 1 1 1 0 1 1 1 1 1 1 1 1 1 1 1 1 0 1 1 1 1 1 1
M[155] : 2 3 3 2 2 3 3 3 3 2 3 3 3 3 2 2 3 3 3 3 3 3 2 3 3 3 2 3 3 3 3 3 2 2 2 2 3 3 2 2 2 3 2 2 2 3 0 3 2 2 3 3 3 2 3 4 2 3 3 3 3 3 2 1 3 2 3
M[156] : 2 2 2 2 2 2 3 2 3 2 1 2 1 0 2 2 1 2 2 1 2 3 1 1 2 2 2 1 1 3 1 2 1 2 1 1 1 2 2 2 2 2 2 2 2 1 2 1 1 1 1 2 1 1 1 2 1 3 2 2 1 1 2 2 1 2 3
M[157] : 2 2 3 2 2 2 3 2 3 2 2 3 1 3 2 2 2 3 3 1 3 3 0 3 3 3 3 2 3 3 1 2 1 2 3 3 2 3 2 3 3 3 2 2 3 2 3 2 2 2 3 2 2 2 2 3 2 3 3 3 2 3 2 3 3 3 2
M[158] : 2 1 1 2 1 2 1 1 1 1 1 2 2 2 1 1 1 1 1 1 1 1 1 2 1 1 1 1 1 1 2 2 1 1 2 1 2 1 1 2 1 1 0 1 2 2 2 1 1 1 1 1 2 1 1 2 2 1 1 2 1 1 0 2 1 2 1
M[159] : 3 2 3 3 3 1 2 4 3 3 1 3 2 3 3 4 3 3 2 3 4 3 3 4 3 4 2 3 3 4 3 3 3 3 3 3 3 3 2 3 3 3 2 4 1 3 2 2 3 3 3 3 4 3 3 3 2 2 3 3 2 3 2 2 2 2 0
M[160] : 3 3 3 3 3 2 2 3 4 2 3 3 3 3 3 4 2 3 3 2 4 3 3 4 3 3 3 2 3 4 3 4 3 2 3 3 3 3 0 3 3 3 1 4 3 3 3 2 3 3 3 2 4 3 3 4 2 3 3 3 4 3 1 2 2 2 3
M[161] : 1 2 1 1 2 2 1 2 2 2 1 2 2 2 1 1 2 1 1 2 2 2 1 2 1 2 1 2 2 2 3 2 2 2 2 2 2 2 3 2 1 1 2 1 1 2 2 1 0 2 1 2 2 1 1 1 1 1 2 2 2 2 2 2 2 2 1
M[162] : 3 3 1 2 3 3 2 2 1 1 3 3 3 3 2 3 1 2 3 0 2 2 1 2 1 1 1 1 1 3 3 2 2 2 2 1 2 1 2 2 1 2 2 2 3 2 2 2 2 1 1 1 2 2 2 2 2 3 1 3 4 2 2 2 1 2 2
M[163] : 1 3 3 1 2 2 3 3 2 2 3 3 2 3 2 2 3 3 2 3 2 3 2 2 2 3 2 3 2 3 2 3 2 2 2 2 3 3 1 2 2 2 1 2 3 3 2 0 3 2 2 2 2 2 3 3 2 3 3 3 3 3 2 1 3 2 4
M[164] : 1 1 2 1 1 1 2 1 2 1 2 1 2 1 1 2 2 1 0 2 1 1 2 1 2 1 2 2 1 1 1 2 1 1 1 1 2 2 1 1 2 2 1 2 1 1 1 1 2 1 2 2 2 2 2 2 1 2 2 1 1 1 2 1 2 1 2
M[165] : 2 3 3 0 2 3 3 2 2 2 3 2 3 3 2 2 3 2 3 3 2 2 2 2 2 2 2 2 2 3 3 3 2 2 1 2 3 2 1 2 2 2 2 2 3 3 1 2 3 2 2 2 2 2 2 3 2 3 3 2 3 3 2 1 2 2 3
M[166] : 2 1 1 2 2 1 1 0 2 2 1 1 1 1 1 2 2 1 2 2 1 1 1 1 1 2 0 2 2 1 2 2 2 3 1 1 2 2 1 2 1 1 2 2 1 2 1 1 1 2 1 2 2 1 2 2 1 1 1 1 2 1 1 1 2 1 1
M[167] : 3 2 2 3 3 2 0 4 3 2 2 3 2 3 3 3 3 3 2 3 3 3 3 4 3 4 1 3 3 3 3 4 3 2 4 3 4 3 2 3 3 3 2 4 1 4 2 3 3 3 3 3 4 3 3 3 3 3 3 3 3 3 2 2 2 3 2
M[168] : 3 3 3 1 2 3 3 2 0 2 3 3 3 3 2 2 3 3 3 3 2 3 2 3 3 3 2 3 2 3 3 3 2 2 3 2 3 2 2 2 2 3 2 2 3 3 2 2 3 2 3 2 3 2 2 4 3 3 3 3 3 3 2 1 2 3 2
M[169] : 1 1 1 1 0 1 1 1 1 1 1 2 1 1 1 1 1 1 1 1 1 1 1 1 1 1 1 1 0 1 1 2 0 1 1 0 2 1 0 1 1 1 0 1 2 1 1 1 1 0 1 1 0 0 0 2 1 1 1 1 1 1 1 0 1 1 1
M[170] : 1 2 2 1 2 2 2 2 2 2 1 2 1 2 2 2 1 1 2 1 2 3 1 2 2 1 1 1 2 2 1 2 1 2 2 2 2 2 2 2 2 3 3 2 2 1 3 2 1 2 2 2 2 1 1 1 1 3 1 2 1 1 3 3 0 2 2
M[171] : 1 2 2 0 2 2 2 2 1 2 1 2 1 2 2 2 1 1 2 1 2 2 1 2 2 1 1 1 1 2 1 2 1 2 2 2 2 2 2 2 2 3 3 2 2 2 3 1 1 2 2 1 2 1 1 1 1 3 1 2 1 1 3 3 1 2 2
M[172] : 1 2 1 1 2 2 2 1 2 1 1 2 1 1 2 2 1 1 1 1 1 3 1 1 1 2 1 1 1 0 1 1 1 1 1 1 1 2 2 2 2 2 1 2 1 1 1 1 1 1 1 1 1 1 1 2 1 2 2 1 1 1 2 1 1 2 2
M[173] : 3 3 2 2 2 3 3 2 1 2 3 3 3 3 2 2 2 2 3 3 2 2 2 2 0 2 2 2 1 3 3 3 2 2 2 2 3 1 2 3 2 2 2 2 3 3 2 2 2 1 2 2 3 2 1 2 3 3 3 3 3 3 2 2 2 3 2
M[174] : 3 2 3 2 2 2 3 3 4 2 2 3 1 3 2 2 2 3 2 1 3 3 2 3 3 3 3 2 3 3 1 3 1 2 3 3 2 3 2 3 3 3 2 2 2 0 3 2 2 3 3 2 2 2 2 3 2 3 3 3 2 2 3 3 2 3 2
M[175] : 3 2 2 3 2 2 2 2 3 3 1 2 1 2 2 2 3 2 2 2 2 3 2 2 3 3 2 3 2 3 2 3 1 3 2 2 3 2 2 2 3 3 3 3 2 2 3 2 2 3 2 3 2 2 2 1 1 3 0 2 1 3 3 3 2 2 2
M[176] : 1 0 1 1 1 0 1 1 1 1 0 1 1 1 1 1 1 0 1 1 1 1 1 2 1 1 0 1 1 1 1 2 1 1 1 1 2 2 1 2 0 1 1 1 0 1 1 1 1 1 1 1 2 1 1 1 0 1 1 1 1 0 1 1 1 1 1
M[177] : 3 2 2 2 2 2 2 2 3 2 1 2 1 2 2 2 1 0 2 2 2 3 2 2 2 2 2 3 2 2 1 2 1 3 2 2 3 1 2 2 2 3 3 3 2 2 3 2 1 2 2 3 2 1 1 1 1 3 1 2 1 1 3 3 2 2 2
M[178] : 2 1 1 2 2 1 1 2 3 2 1 2 3 1 3 1 3 2 1 2 2 2 2 2 1 3 1 3 2 1 3 2 2 2 2 2 2 3 3 2 2 0 2 2 1 3 2 1 2 3 1 3 2 1 2 2 2 1 2 1 2 3 2 2 3 2 1
M[179] : 2 1 1 2 2 1 2 1 2 1 1 1 1 2 1 2 2 1 2 1 1 1 1 2 1 1 1 1 2 2 1 1 2 1 1 1 1 1 1 2 1 2 2 2 1 1 1 1 2 1 1 1 2 2 2 2 0 1 1 2 2 1 0 1 1 1 1
M[180] : 2 0 1 1 1 1 1 1 1 2 1 1 1 1 1 1 1 2 1 0 1 1 1 2 1 1 0 1 1 1 2 2 2 2 1 1 2 2 1 2 0 1 1 2 1 2 1 1 1 1 1 1 2 1 1 1 0 1 1 1 2 1 1 1 1 1 1
M[181] : 1 2 2 1 2 2 1 1 2 1 1 2 1 1 2 2 1 1 1 1 0 3 1 2 2 1 1 1 1 1 1 2 1 2 1 1 1 2 2 2 2 2 2 2 2 1 1 0 1 1 1 1 2 1 1 1 1 2 1 2 1 1 3 1 1 2 2
M[182] : 2 1 2 2 2 2 1 1 2 2 2 2 1 2 1 2 2 1 2 2 2 2 1 0 2 2 1 2 2 2 2 1 2 1 1 1 1 2 3 2 1 2 2 2 2 1 3 2 2 2 2 1 2 2 2 1 1 1 1 2 2 2 0 2 1 2 1
M[183] : 2 1 1 2 1 2 1 2 1 2 2 2 1 2 1 2 2 1 2 2 2 2 1 1 2 2 1 2 2 2 3 1 2 2 2 1 1 2 3 0 1 2 3 2 2 2 2 2 2 2 2 2 1 2 2 1 1 1 1 2 2 2 0 2 1 2 1
M[184] : 1 3 2 2 2 2 3 2 3 2 2 3 1 2 1 2 3 2 2 2 2 3 2 2 2 3 3 3 2 2 2 1 1 1 2 2 2 3 2 3 3 1 2 0 3 2 2 1 3 2 2 3 1 2 3 3 2 2 2 3 2 2 3 2 3 3 3
M[185] : 1 1 1 1 1 1 2 1 2 1 1 1 1 1 0 1 0 1 1 1 1 1 1 1 1 1 1 1 1 1 1 1 0 1 1 0 2 1 0 1 1 1 0 2 1 1 1 1 2 1 2 1 1 1 2 2 1 2 1 1 1 1 1 1 1 1 2
M[186] : 3 3 2 2 3 3 3 2 2 1 3 3 3 3 2 3 1 2 3 2 2 3 2 2 1 2 2 2 1 3 3 3 3 2 2 0 3 1 2 3 1 3 2 3 3 3 2 2 3 1 2 1 3 2 2 2 3 3 2 3 4 3 2 2 1 3 2
M[187] : 3 1 1 2 2 0 2 1 1 1 1 2 2 2 1 2 1 1 2 1 1 1 1 2 1 1 1 1 1 1 2 2 2 2 2 1 2 1 1 2 1 1 2 1 1 1 2 1 2 1 1 1 2 2 1 2 2 1 1 1 2 1 0 2 1 1 1
M[188] : 1 2 2 1 1 2 2 1 2 1 0 2 2 1 1 2 2 1 1 3 1 1 2 1 2 1 2 2 1 1 1 2 1 1 1 2 2 2 1 1 2 2 1 2 2 2 1 1 3 1 2 2 2 2 2 2 1 2 2 1 1 2 2 1 2 1 2
M[189] : 2 2 2 2 2 2 3 3 3 2 1 2 1 2 2 2 1 1 2 1 2 3 1 2 2 3 1 2 2 3 1 2 1 2 2 2 2 2 2 2 2 3 2 2 2 1 3 2 1 0 2 2 2 1 1 2 1 3 2 2 1 1 3 3 2 2 2
M[190] : 3 2 2 3 3 3 2 0 2 1 2 3 3 3 2 3 1 2 2 1 2 2 1 2 1 1 1 1 2 3 3 2 2 2 2 1 2 1 2 2 1 2 2 2 3 2 2 2 2 1 1 1 2 2 2 2 2 2 1 3 4 2 1 2 1 3 2
M[191] : 2 2 2 2 2 2 2 2 3 2 1 2 1 2 2 2 1 1 2 2 2 3 2 2 2 3 2 3 2 2 2 2 1 3 2 2 3 0 2 2 2 3 3 3 2 2 3 2 1 2 2 3 2 1 1 1 1 3 1 2 1 2 3 3 2 2 2
M[192] : 2 2 1 1 2 2 2 2 2 1 2 0 1 1 1 2 1 2 1 2 2 2 1 1 1 2 2 1 1 2 1 1 1 1 1 1 1 2 2 1 2 2 2 2 1 1 2 1 1 1 1 2 1 1 2 2 1 2 2 1 1 1 2 2 2 1 2
M[193] : 3 1 0 3 2 1 2 3 3 2 1 1 2 2 3 3 3 2 2 2 3 2 2 3 2 3 2 3 3 1 2 3 2 3 2 3 3 3 2 2 2 3 2 2 1 3 2 2 2 3 2 3 3 3 3 2 1 2 2 1 2 3 2 2 3 1 1
M[194] : 2 3 0 2 2 2 2 2 3 1 2 2 1 2 1 2 1 2 2 2 2 2 1 1 1 2 2 1 1 2 1 1 1 2 2 1 1 2 2 2 2 2 2 2 2 1 2 1 1 1 1 3 1 1 2 2 1 2 2 2 2 2 2 2 2 3 3
M[195] : 3 3 1 2 2 3 3 2 1 1 3 3 3 3 2 2 2 2 3 2 2 2 2 2 1 2 2 2 1 2 3 3 2 2 2 1 3 1 2 2 1 2 2 2 3 3 2 2 0 1 1 2 2 1 1 2 2 2 2 3 3 2 2 2 1 2 2
M[196] : 2 0 1 2 2 1 1 1 2 1 1 1 1 1 1 1 1 1 2 1 1 1 1 1 1 2 0 2 1 1 2 2 2 2 1 1 2 2 1 2 1 1 1 2 1 0 1 1 1 1 1 2 2 1 2 0 1 1 1 1 2 1 1 1 1 1 1
M[197] : 3 3 2 2 3 3 3 2 1 2 3 3 3 3 2 3 2 2 3 2 2 3 2 2 1 2 2 2 1 3 3 3 2 2 2 2 3 1 2 3 2 3 2 2 3 3 2 2 3 0 2 2 3 2 1 2 3 3 3 3 3 3 2 2 1 3 2
M[198] : 1 1 1 1 1 2 1 2 1 2 1 2 2 2 1 1 2 1 1 2 2 2 1 2 1 2 1 2 1 2 3 2 0 2 2 2 2 2 3 2 1 1 2 1 1 2 2 1 1 1 1 2 2 1 1 1 1 1 1 2 2 2 0 2 2 2 1
M[199] : 1 3 2 1 2 2 3 2 2 2 3 3 2 2 1 2 2 0 3 3 1 2 2 2 2 2 2 2 2 1 2 2 2 2 1 2 2 2 1 1 2 2 1 2 3 2 1 1 3 1 2 2 2 2 2 2 2 2 2 1 3 3 2 1 2 1 3
M[200] : 0 1 1 2 1 1 1 1 1 0 1 1 2 2 1 1 1 1 1 1 1 1 1 2 1 1 1 1 1 1 2 2 1 1 2 1 2 1 1 2 1 1 1 1 1 1 1 1 1 1 1 1 2 1 1 2 2 1 1 1 1 1 0 1 1 1 1
M[201] : 2 2 2 2 2 2 3 2 3 2 2 2 1 3 2 2 2 2 2 1 3 3 1 2 3 3 3 2 1 3 1 2 1 2 1 0 1 2 2 3 2 2 2 2 2 1 2 1 1 2 1 2 2 1 1 2 2 3 2 3 1 1 2 3 3 3 3
M[202] : 3 1 2 3 2 1 2 2 3 2 1 1 2 2 3 3 3 2 2 2 3 3 2 2 3 3 2 3 2 2 2 3 2 3 2 3 3 3 3 0 2 3 3 3 1 3 3 2 2 3 3 3 3 2 2 2 1 3 1 2 2 3 3 3 3 1 2
M[203] : 3 2 3 3 3 2 2 4 3 2 2 3 2 3 3 3 3 3 2 3 4 3 3 4 3 3 1 3 3 3 3 4 3 0 4 3 3 3 2 3 3 3 2 4 2 4 2 3 3 3 3 3 4 3 3 3 3 3 3 4 4 3 2 2 2 3 2
M[204] : 2 1 1 1 2 1 1 2 2 2 1 2 3 1 2 1 2 2 1 2 2 2 2 2 1 3 1 3 0 1 2 2 2 2 2 1 2 3 3 2 2 1 2 2 1 3 2 1 2 2 1 3 2 1 2 2 2 1 2 1 2 2 2 2 3 1 1
M[205] : 2 1 1 2 1 1 2 2 2 1 1 1 1 1 1 1 2 1 2 2 2 1 1 1 1 2 0 2 2 1 2 1 1 3 2 1 1 2 2 1 1 2 1 2 1 2 1 1 2 2 1 2 1 1 2 1 1 1 1 1 1 1 0 2 2 1 1
M[206] : 3 3 2 3 3 3 3 2 2 1 3 3 3 3 2 3 1 2 3 2 2 3 2 2 1 2 2 2 2 3 3 3 3 2 2 1 3 1 2 3 0 3 2 3 3 3 2 3 3 1 2 1 3 2 2 2 3 3 3 3 4 3 2 2 1 3 2
M[207] : 1 1 1 1 1 2 1 2 1 2 1 2 2 2 1 0 2 1 1 2 2 2 1 2 1 2 1 2 2 2 3 1 1 2 2 2 1 2 3 2 1 1 2 1 1 2 2 1 1 2 1 2 2 1 1 1 1 1 1 2 3 2 0 2 2 2 1
M[208] : 1 2 1 1 2 2 1 1 2 1 0 2 1 1 2 2 1 1 1 1 1 2 1 1 1 1 1 1 1 1 1 2 1 1 1 1 1 2 1 2 2 2 0 2 1 1 1 0 1 1 1 1 1 1 1 1 1 2 1 1 1 1 2 1 1 2 1
M[209] : 1 0 1 1 1 0 1 1 1 0 0 1 1 1 1 1 1 0 1 1 1 1 1 2 1 1 0 1 1 1 1 2 1 1 1 1 2 2 1 2 0 1 1 1 0 1 1 1 1 1 1 1 2 1 1 1 0 1 1 1 1 1 1 1 1 1 1
M[210] : 2 3 1 2 1 3 3 2 1 1 3 1 3 2 2 2 2 2 3 2 2 2 0 1 1 2 2 2 1 2 3 3 1 2 1 1 3 1 2 1 1 2 2 2 3 2 2 2 2 1 1 2 1 1 2 1 2 2 2 2 2 2 2 2 2 2 2
M[211] : 2 2 1 2 1 3 3 2 1 1 3 1 3 2 2 2 2 2 2 2 2 2 1 1 1 2 2 2 1 2 2 0 1 2 1 1 1 1 1 1 1 2 2 1 3 2 2 2 2 1 1 2 1 1 2 1 1 2 2 2 2 2 2 1 2 1 1
M[212] : 1 2 2 1 2 2 3 3 2 2 2 3 2 2 1 2 3 2 2 3 2 0 2 2 2 3 2 3 2 2 2 2 2 2 2 2 2 3 1 3 2 2 1 2 3 2 2 1 3 2 2 2 2 2 3 3 2 2 3 3 2 3 2 1 3 3 4
M[213] : 2 1 1 2 2 1 2 2 3 2 1 1 2 2 3 3 3 2 2 2 3 1 2 3 0 3 2 3 2 1 2 3 2 3 2 2 3 3 2 2 1 3 2 2 1 3 2 1 2 2 1 3 3 2 2 2 1 1 1 1 2 3 2 3 3 1 1
M[214] : 3 3 3 2 3 3 3 2 2 2 3 3 3 3 2 3 2 3 3 2 3 3 3 3 3 3 2 3 3 3 3 3 3 2 3 2 3 2 2 3 2 3 2 3 3 3 3 3 3 2 3 0 3 3 3 3 3 3 3 3 4 3 2 2 2 3 2
M[215] : 1 2 1 1 2 1 1 1 2 1 0 2 1 1 2 2 1 1 1 1 1 2 1 2 2 1 1 1 1 1 1 2 1 1 1 1 1 2 1 2 2 2 1 2 1 1 1 0 1 1 1 1 2 1 1 1 1 1 1 1 1 1 2 0 1 2 1
M[216] : 2 1 1 2 2 1 1 1 2 2 1 1 1 1 1 1 1 1 2 2 1 1 1 1 1 2 0 2 1 1 2 2 2 2 1 1 2 2 1 2 1 1 0 2 1 1 1 1 1 1 1 2 2 1 2 1 1 1 1 1 2 1 1 1 2 1 1
M[217] : 1 2 1 1 2 2 2 1 2 1 0 1 1 1 2 2 1 1 1 1 1 2 1 1 1 2 1 1 1 1 1 1 1 1 1 1 1 2 2 2 2 2 1 2 1 1 1 1 1 1 1 1 1 1 1 2 1 2 2 1 1 1 2 1 1 2 0
M[218] : 2 0 1 1 1 0 1 1 1 1 0 1 1 1 1 1 1 1 1 1 1 1 1 1 1 1 0 1 1 1 1 2 1 0 1 1 2 2 1 2 0 1 1 2 1 1 1 1 1 1 1 1 2 1 1 1 0 1 1 1 1 1 1 1 1 1 1
M[219] : 1 2 1 1 2 1 1 2 1 2 1 2 2 1 1 1 2 1 1 2 2 2 1 2 1 2 1 2 1 2 3 2 2 2 2 2 2 2 3 2 1 1 2 1 1 2 1 1 1 1 1 2 2 1 0 1 1 1 2 2 2 2 1 1 2 2 1
M[220] : 1 2 2 1 2 2 2 2 1 0 1 2 1 2 2 1 1 1 2 2 2 2 2 2 2 1 1 2 2 2 1 2 1 3 2 2 2 1 2 2 1 3 3 0 1 2 2 1 1 2 2 2 2 1 1 1 1 2 1 2 1 1 3 2 1 2 2
M[221] : 2 1 1 2 2 1 2 2 2 2 1 1 2 1 1 2 2 1 2 2 2 1 2 1 1 2 0 2 2 1 2 1 2 3 2 2 2 2 3 1 1 2 2 2 1 2 1 1 2 2 1 2 0 1 2 1 1 1 1 1 2 2 1 2 2 1 1
M[222] : 3 3 2 2 2 3 3 2 1 2 3 3 3 3 2 2 2 2 3 3 2 2 2 2 1 2 2 2 1 3 3 3 2 2 2 1 3 1 2 3 2 2 2 2 3 3 2 2 2 1 0 2 3 2 1 2 3 3 2 3 3 3 2 2 2 3 2
M[223] : 3 1 1 2 2 1 2 2 3 2 1 1 2 2 3 3 3 2 2 2 3 0 2 3 2 3 2 3 2 2 2 3 2 3 2 3 3 3 3 2 2 3 3 3 1 3 2 2 2 3 1 3 3 2 2 2 1 3 1 2 2 3 3 3 3 1 1
M[224] : 1 1 1 1 0 1 1 1 2 1 0 1 0 1 0 1 1 1 1 1 1 1 1 1 1 1 1 1 1 1 0 1 0 1 1 1 1 2 1 1 2 2 1 2 1 1 1 0 1 1 1 1 1 1 1 1 1 1 1 1 0 1 1 1 1 1 1
M[225] : 1 2 1 1 2 2 1 1 2 1 0 2 1 1 2 2 1 1 1 1 1 2 1 1 1 1 1 1 1 1 1 2 1 1 1 1 1 2 1 2 2 2 1 2 1 1 1 0 1 1 1 1 1 1 1 1 1 2 1 1 1 1 0 1 1 2 1
M[226] : 3 2 2 3 3 1 1 3 3 2 1 2 3 3 3 3 3 2 2 3 3 3 2 4 3 3 1 3 3 3 3 3 3 3 4 3 3 3 3 3 2 2 2 4 1 3 2 2 3 3 2 3 4 3 3 3 3 2 2 0 2 3 2 2 3 3 1
M[227] : 1 2 2 1 2 2 2 2 1 1 1 2 1 2 2 2 1 1 2 1 2 2 2 2 2 1 1 1 2 2 1 2 1 2 2 2 2 1 2 2 0 3 3 2 2 2 2 1 1 2 2 2 2 1 1 1 1 2 1 2 1 1 3 2 1 2 2
M[228] : 2 1 1 2 1 1 2 2 2 2 1 1 2 2 1 1 2 1 2 2 2 1 2 2 1 2 1 2 2 1 2 0 2 3 2 2 2 2 3 1 1 2 3 2 1 2 1 1 2 2 1 2 1 1 2 1 1 2 1 1 1 2 2 2 2 1 1
M[229] : 2 1 1 2 2 1 1 2 2 2 1 1 2 1 1 2 2 2 2 2 1 1 2 1 1 3 1 3 2 1 2 2 2 3 2 2 2 2 2 2 1 2 2 2 1 3 1 1 2 2 1 3 2 1 2 2 1 1 1 1 2 2 2 0 2 1 1
M[230] : 0 3 3 1 2 3 3 2 2 2 3 3 3 3 2 2 3 3 3 3 2 3 2 2 2 2 2 3 2 3 3 3 2 2 2 2 3 2 1 2 2 2 2 2 3 3 1 2 3 2 2 2 2 2 3 3 2 3 3 2 3 3 2 1 2 2 3
M[231] : 2 2 1 2 1 3 3 2 1 1 3 2 3 2 2 2 2 2 3 2 2 2 1 1 1 2 2 2 1 2 2 2 1 2 2 1 2 1 2 1 1 2 2 1 3 2 2 2 2 1 1 2 1 1 1 1 2 2 2 2 2 2 2 2 1 2 0
M[232] : 1 2 2 1 2 2 2 2 3 2 1 2 1 2 2 2 1 1 2 1 2 3 2 2 2 0 1 1 2 2 1 2 1 2 2 2 2 2 2 2 2 3 3 2 2 2 3 2 1 2 2 2 2 1 1 1 1 3 1 2 1 1 3 3 1 2 2
M[233] : 1 2 1 1 2 1 2 1 2 1 0 1 1 1 1 2 1 1 1 1 1 2 1 1 1 2 1 1 1 1 0 1 1 1 1 1 1 2 1 1 2 2 1 2 1 1 1 0 1 1 1 1 1 1 1 2 1 2 2 1 1 1 1 1 1 0 1
M[234] : 0 2 2 1 2 2 1 2 2 2 1 2 3 1 1 1 2 2 1 3 2 2 1 2 2 2 1 2 2 2 3 2 2 2 2 2 2 3 3 2 1 1 2 1 1 3 2 1 2 2 2 2 2 2 2 1 2 1 2 2 3 2 2 2 2 2 1
M[235] : 2 3 1 2 0 3 3 2 1 1 3 3 3 2 2 2 2 2 3 1 2 2 1 2 1 2 2 2 1 2 3 2 1 2 2 1 3 1 2 1 1 2 2 1 3 2 2 2 1 1 1 2 1 1 1 2 2 2 2 3 2 2 2 2 1 2 2
M[236] : 3 3 2 3 3 3 3 2 2 1 3 3 3 3 2 3 0 2 3 2 2 3 2 2 2 2 2 2 2 3 3 3 3 2 2 2 3 1 2 3 2 3 2 3 3 3 2 3 3 1 2 1 3 3 2 2 3 3 3 3 4 3 2 2 1 3 2
M[237] : 1 2 2 1 2 2 3 0 2 2 1 2 1 1 2 2 1 1 2 1 2 3 1 2 2 2 1 1 1 2 1 2 1 2 1 2 1 2 2 2 2 2 2 2 2 1 2 1 1 1 1 1 2 1 1 1 1 3 2 2 1 1 3 3 1 2 2
M[238] : 2 3 3 2 2 1 3 2 3 2 2 3 1 3 2 2 2 3 3 2 2 3 2 2 3 3 3 3 2 3 1 0 1 2 2 2 1 3 2 3 3 2 2 2 3 2 2 1 2 2 2 3 1 2 3 3 2 3 3 3 2 3 2 2 3 3 3
M[239] : 1 3 1 1 1 2 2 2 2 2 3 1 2 1 1 2 2 1 2 2 1 2 2 1 1 2 2 2 1 1 1 2 1 2 1 1 2 2 1 1 2 2 2 2 0 1 1 2 2 1 2 2 1 1 2 2 1 2 2 1 2 2 2 1 2 1 2
M[240] : 2 2 2 2 2 2 1 2 2 2 2 2 1 2 1 2 2 1 2 2 2 2 1 1 2 2 1 2 2 2 3 1 2 2 2 1 1 2 3 3 1 2 3 2 2 1 3 2 2 2 2 2 2 2 2 0 1 1 1 2 3 2 1 3 1 2 1
M[241] : 1 2 3 2 2 2 3 2 2 2 2 3 2 2 1 1 3 2 2 3 2 3 2 2 2 3 3 3 2 2 2 2 2 2 2 2 2 3 1 3 2 1 2 2 3 2 2 1 3 2 2 3 2 2 3 3 2 0 3 3 2 2 3 1 3 3 4
M[242] : 3 0 3 3 3 1 3 4 4 2 2 3 1 3 3 2 2 3 2 2 4 4 3 3 3 3 3 2 3 3 1 3 2 2 3 3 3 3 2 3 3 3 3 4 3 3 3 2 3 3 3 2 4 3 3 4 2 3 3 3 2 3 3 3 2 3 2
M[243] : 1 1 1 1 2 1 1 2 1 2 1 2 3 1 1 1 2 2 1 3 2 2 1 2 1 2 1 2 1 2 3 2 2 2 2 2 2 3 3 2 1 1 2 0 1 2 1 1 1 1 1 2 2 1 1 1 1 1 2 2 2 2 2 2 2 2 1
M[244] : 3 2 2 2 2 2 3 3 4 2 1 2 1 3 2 2 2 3 2 1 3 3 2 2 3 3 2 2 2 3 1 2 1 2 2 3 3 3 2 3 3 3 3 2 2 2 3 2 1 3 3 2 2 1 2 1 0 3 2 2 1 1 3 3 2 3 2
M[245] : 3 3 2 2 3 3 3 2 1 2 3 3 3 3 2 2 2 2 3 2 2 2 2 2 1 2 2 2 1 3 3 3 2 2 2 1 3 1 2 2 2 2 2 2 3 3 2 2 2 1 1 2 3 1 0 2 3 3 2 3 3 3 2 2 1 3 2
M[246] : 3 2 2 3 3 3 2 1 2 1 2 3 3 3 2 2 1 2 2 1 2 0 1 2 1 1 1 1 2 3 3 2 2 2 2 1 2 1 2 2 1 2 2 2 3 2 2 3 2 1 2 1 2 2 2 2 2 2 1 3 4 2 1 2 1 3 2
M[247] : 3 2 2 3 3 3 2 2 2 1 3 3 3 3 2 3 2 3 3 2 3 3 3 2 2 2 0 1 3 3 3 3 3 2 2 2 3 2 2 3 1 3 2 3 3 3 3 3 3 2 2 1 3 3 2 2 3 3 3 3 4 3 1 3 1 3 2
M[248] : 3 1 2 3 2 1 1 3 3 2 1 2 3 2 3 3 3 2 2 3 2 2 2 3 2 3 1 3 3 0 3 3 2 3 3 3 3 3 3 3 2 2 2 2 1 3 2 2 2 3 2 3 3 3 3 2 2 1 2 1 2 3 2 2 3 2 1
M[249] : 1 2 1 1 2 1 2 1 2 1 0 1 1 1 1 2 1 1 1 1 1 2 1 1 1 2 1 1 1 1 0 1 1 1 1 1 1 2 1 0 2 2 1 2 1 1 1 0 1 1 1 1 1 1 1 2 1 2 2 1 1 1 1 1 1 1 1

