 Execution de l'algoritme BITS sur le fichier r250.5.col.txt
=====================================================================
 Partitions  : 
Vk[0] : 134 71 0 -->  3 éléments.
Vk[1] : 79 116 212 26 -->  4 éléments.
Vk[2] : 161 126 46 87 -->  4 éléments.
Vk[3] : 171 115 109 236 -->  4 éléments.
Vk[4] : 241 60 151 117 -->  4 éléments.
Vk[5] : 204 72 10 -->  3 éléments.
Vk[6] : 65 76 119 -->  3 éléments.
Vk[7] : 194 193 77 42 -->  4 éléments.
Vk[8] : 232 103 44 20 -->  4 éléments.
Vk[9] : 49 199 141 176 -->  4 éléments.
Vk[10] : 63 217 147 167 -->  4 éléments.
Vk[11] : 91 135 81 -->  3 éléments.
Vk[12] : 30 12 140 31 -->  4 éléments.
Vk[13] : 23 108 97 -->  3 éléments.
Vk[14] : 175 207 145 -->  3 éléments.
Vk[15] : 113 73 99 230 -->  4 éléments.
Vk[16] : 19 189 180 247 -->  4 éléments.
Vk[17] : 190 51 69 228 -->  4 éléments.
Vk[18] : 240 224 27 102 -->  4 éléments.
Vk[19] : 59 237 200 96 -->  4 éléments.
Vk[20] : 231 66 104 114 -->  4 éléments.
Vk[21] : 223 45 165 179 -->  4 éléments.
Vk[22] : 208 164 133 159 -->  4 éléments.
Vk[23] : 221 183 172 24 -->  4 éléments.
Vk[24] : 227 9 136 80 -->  4 éléments.
Vk[25] : 234 235 37 157 -->  4 éléments.
Vk[26] : 210 182 41 -->  3 éléments.
Vk[27] : 191 6 110 197 -->  4 éléments.
Vk[28] : 64 170 169 222 -->  4 éléments.
Vk[29] : 92 1 8 18 -->  4 éléments.
Vk[30] : 36 75 158 196 -->  4 éléments.
Vk[31] : 7 112 153 205 -->  4 éléments.
Vk[32] : 22 238 142 -->  3 éléments.
Vk[33] : 48 83 100 34 -->  4 éléments.
Vk[34] : 220 21 188 -->  3 éléments.
Vk[35] : 150 209 173 -->  3 éléments.
Vk[36] : 74 148 233 226 -->  4 éléments.
Vk[37] : 184 122 138 -->  3 éléments.
Vk[38] : 39 118 56 -->  3 éléments.
Vk[39] : 123 243 168 86 -->  4 éléments.
Vk[40] : 40 33 174 120 -->  4 éléments.
Vk[41] : 62 90 68 203 -->  4 éléments.
Vk[42] : 130 181 121 149 -->  4 éléments.
Vk[43] : 25 216 206 111 -->  4 éléments.
Vk[44] : 54 178 245 -->  3 éléments.
Vk[45] : 124 14 163 213 -->  4 éléments.
Vk[46] : 16 201 185 186 -->  4 éléments.
Vk[47] : 52 101 55 -->  3 éléments.
Vk[48] : 82 143 129 211 -->  4 éléments.
Vk[49] : 131 162 88 -->  3 éléments.
Vk[50] : 85 248 195 -->  3 éléments.
Vk[51] : 57 35 13 58 -->  4 éléments.
Vk[52] : 105 218 106 4 -->  4 éléments.
Vk[53] : 229 11 94 137 -->  4 éléments.
Vk[54] : 219 139 98 155 -->  4 éléments.
Vk[55] : 152 198 242 154 -->  4 éléments.
Vk[56] : 50 214 192 38 -->  4 éléments.
Vk[57] : 70 160 215 166 -->  4 éléments.
Vk[58] : 132 17 32 3 -->  4 éléments.
Vk[59] : 93 244 43 -->  3 éléments.
Vk[60] : 2 156 28 89 -->  4 éléments.
Vk[61] : 67 146 5 249 -->  4 éléments.
Vk[62] : 202 95 246 -->  3 éléments.
Vk[63] : 53 128 84 47 -->  4 éléments.
Vk[64] : 144 78 127 177 -->  4 éléments.
Vk[65] : 15 107 61 125 -->  4 éléments.
Vk[66] : 239 187 29 225 -->  4 éléments.
Matrice M
M[0] : 0 3 3 3 3 2 3 3 2 2 2 2 2 3 2 3 2 3 2 3 2 3 2 3 3 2 1 2 2 1 3 2 2 4 2 2 3 3 1 3 2 2 3 3 3 3 3 2 3 2 3 2 3 4 4 2 3 3 2 3 4 2 3 3 3 3 2
M[1] : 0 2 2 2 1 1 2 2 2 2 2 2 2 1 1 2 2 1 2 2 2 2 2 2 2 1 2 2 2 0 3 1 2 1 1 2 2 1 2 3 2 1 2 2 2 2 2 2 1 2 2 2 2 2 2 2 3 3 2 2 2 2 2 2 2 2 2
M[2] : 1 1 2 2 2 1 1 1 2 2 1 1 2 2 2 1 2 1 1 2 2 1 1 1 2 2 1 2 2 1 3 2 1 3 2 2 1 1 1 2 2 2 2 2 1 1 2 1 2 2 1 1 2 2 2 2 1 3 1 2 0 1 1 1 2 2 1
M[3] : 1 1 1 2 2 1 1 1 1 1 1 1 1 1 1 1 1 1 2 1 1 1 1 1 2 1 1 1 1 2 1 1 1 1 1 1 1 2 0 1 1 1 1 1 1 1 1 1 2 1 1 1 1 2 2 2 1 1 0 1 1 1 1 1 1 1 1
M[4] : 2 3 3 1 3 3 2 3 1 2 3 2 3 2 3 3 1 3 3 3 2 3 3 2 1 3 3 2 2 3 2 3 2 2 2 1 3 2 3 3 3 2 3 1 2 3 2 3 2 2 2 1 0 2 2 3 2 2 3 3 2 3 3 3 2 3 3
M[5] : 2 4 4 2 4 2 3 3 3 3 3 3 3 3 3 3 3 3 3 3 2 3 2 4 3 3 3 3 3 2 3 3 3 4 3 2 3 3 1 3 4 2 3 3 3 2 3 2 3 2 3 3 3 3 3 3 3 2 1 3 4 0 3 3 3 4 3
M[6] : 0 2 1 2 1 1 1 2 2 2 2 1 2 1 1 2 2 1 1 1 2 2 1 2 2 1 1 0 1 1 2 1 1 2 1 1 1 1 1 1 2 1 2 2 1 1 2 2 1 2 1 2 2 2 1 1 3 2 2 1 2 1 2 2 2 2 2
M[7] : 2 2 2 1 2 2 1 1 2 2 2 2 1 1 1 1 2 2 1 2 1 1 2 1 1 2 1 2 2 2 2 0 1 1 2 1 2 1 2 2 1 1 1 2 1 2 2 1 1 1 1 2 2 2 1 1 1 2 1 1 1 2 2 1 1 2 2
M[8] : 3 2 3 3 4 1 3 3 3 2 3 2 2 2 2 2 3 3 2 3 3 3 3 2 3 3 2 2 3 0 2 2 2 3 3 2 3 3 2 2 3 3 3 3 3 3 2 2 3 2 3 3 3 3 2 2 2 2 3 2 3 3 3 2 3 3 3
M[9] : 2 2 2 3 1 1 1 2 3 2 3 1 2 2 2 2 2 2 3 2 2 2 3 2 0 2 1 3 3 1 2 1 1 2 2 2 2 1 2 2 2 2 2 2 2 2 2 2 2 1 1 2 2 2 2 2 2 2 3 2 2 3 1 2 2 2 3
M[10] : 2 2 2 1 2 0 1 1 2 2 2 2 2 1 1 1 2 2 1 2 1 1 2 1 1 2 1 2 2 1 2 2 1 1 2 1 2 1 2 2 2 1 2 1 1 2 2 1 1 1 1 2 2 2 1 1 2 2 1 1 1 2 2 2 2 2 2
M[11] : 3 2 3 3 2 2 2 3 3 2 3 1 2 2 2 2 3 3 2 3 3 3 3 2 3 3 2 3 3 2 2 2 2 3 2 2 3 3 2 2 2 2 3 3 2 2 3 2 3 2 3 3 3 0 2 2 2 2 3 2 2 3 2 2 3 3 3
M[12] : 1 3 2 3 3 2 2 3 2 2 3 2 0 2 2 3 3 2 2 3 2 3 2 3 3 1 1 2 2 2 2 2 2 3 3 2 3 2 1 2 1 3 3 2 3 3 2 2 3 1 2 2 3 3 3 2 2 2 2 2 3 2 2 2 3 2 2
M[13] : 2 3 2 1 3 3 3 3 2 3 3 2 3 3 3 3 2 2 3 3 2 3 2 2 1 3 3 3 2 3 2 3 3 2 1 2 3 2 2 3 3 2 3 2 3 3 3 3 2 3 2 0 1 3 2 3 3 2 3 3 2 2 3 3 3 3 3
M[14] : 1 1 1 2 1 1 1 1 1 1 1 1 1 1 1 1 1 2 2 1 1 2 1 1 2 1 1 1 1 2 1 1 1 1 1 1 1 2 0 1 1 1 1 1 1 0 1 1 2 1 1 1 1 1 2 2 1 1 2 1 1 1 1 1 1 1 1
M[15] : 2 2 2 2 2 2 2 2 2 1 1 1 1 1 1 1 2 3 1 1 2 1 2 1 2 3 1 2 2 2 1 2 2 1 2 1 2 2 2 1 1 3 1 2 1 2 2 1 2 1 2 3 2 1 1 2 1 2 1 1 1 3 2 1 1 0 1
M[16] : 1 1 1 1 1 1 1 1 3 1 1 1 2 2 2 2 2 1 2 1 2 1 1 2 3 1 2 2 1 1 2 2 1 2 2 1 1 1 1 2 3 1 1 1 1 1 0 1 1 2 1 2 2 2 2 2 2 2 2 2 2 1 1 1 3 2 1
M[17] : 1 2 2 1 2 1 1 2 2 1 2 1 1 2 2 1 1 1 2 2 1 1 2 1 1 2 1 2 2 2 2 1 1 1 1 1 2 1 1 3 1 2 2 1 2 1 2 1 1 1 2 1 1 1 1 1 2 1 0 2 1 1 1 2 1 1 2
M[18] : 0 1 1 2 1 0 1 1 1 1 1 1 1 1 1 1 1 0 1 1 1 1 1 1 1 1 0 1 1 0 1 0 0 1 1 1 1 1 0 1 1 1 1 1 1 1 1 0 1 0 1 1 1 1 2 1 1 1 1 1 1 1 0 1 1 1 1
M[19] : 2 1 1 2 1 2 2 2 2 1 1 1 2 1 1 2 0 2 1 1 2 1 1 1 1 3 1 2 2 2 1 2 2 1 1 1 1 1 1 1 2 1 1 2 2 1 3 1 2 1 2 2 1 1 2 2 2 1 1 1 2 1 1 2 1 2 1
M[20] : 2 1 1 1 1 2 2 2 0 1 1 1 1 1 1 1 1 2 1 1 2 1 1 1 1 2 1 2 2 2 0 2 2 1 1 1 1 1 1 1 1 1 1 1 2 1 1 1 2 0 2 2 1 1 2 1 1 0 1 1 1 1 1 1 1 1 1
M[21] : 2 3 4 2 3 3 3 3 3 3 3 2 3 3 3 3 3 3 3 3 2 3 2 3 3 3 3 3 3 3 2 3 3 3 0 2 3 3 2 3 4 2 3 3 3 3 3 3 2 3 3 2 3 3 2 3 2 3 3 3 4 2 3 3 3 4 3
M[22] : 1 1 2 2 2 1 1 1 2 2 1 1 2 2 2 1 2 1 2 1 2 1 1 2 3 2 1 2 2 1 2 2 0 2 2 2 1 1 1 2 2 2 1 2 1 1 1 1 1 2 1 2 2 1 2 2 1 2 1 2 2 1 1 1 3 1 1
M[23] : 1 3 2 2 3 2 2 2 2 1 2 2 1 0 1 3 1 2 2 3 2 2 2 3 3 1 1 1 1 2 3 2 2 2 2 1 2 2 1 2 1 2 2 2 2 3 2 1 3 1 2 2 2 3 3 2 3 3 2 1 2 2 2 1 1 2 2
M[24] : 3 3 4 3 3 3 3 3 3 3 2 2 3 3 2 4 3 3 3 3 3 2 3 0 2 4 3 2 2 3 2 3 2 3 2 2 3 2 2 2 3 3 2 3 3 3 3 2 3 2 3 3 3 2 1 2 2 2 2 3 3 3 3 2 3 3 3
M[25] : 1 3 2 2 3 1 2 2 2 1 2 2 1 1 1 3 1 2 2 3 2 3 2 3 3 1 1 1 1 2 2 2 2 2 2 1 3 2 1 2 1 3 2 0 2 3 1 1 3 1 2 2 2 3 3 2 2 3 2 1 2 2 2 1 1 2 2
M[26] : 1 0 1 2 2 1 1 2 1 1 1 2 1 1 1 1 1 2 2 1 2 2 2 1 2 1 1 1 1 2 1 1 1 1 1 1 1 2 1 1 1 1 1 1 1 2 1 1 2 1 1 1 1 2 2 2 1 2 2 1 1 2 1 1 1 1 2
M[27] : 1 3 3 3 3 2 3 3 2 2 2 2 2 3 2 3 3 2 0 3 2 3 2 3 3 2 1 2 2 2 3 2 2 4 2 2 3 3 1 3 3 2 3 3 3 3 3 2 3 1 3 3 3 4 4 2 3 3 2 3 4 2 2 3 3 3 2
M[28] : 2 2 2 2 2 1 2 3 2 2 2 2 2 2 3 3 2 1 3 2 2 3 2 2 1 2 3 2 2 3 3 2 2 1 1 2 2 1 2 3 3 1 2 2 2 3 2 3 1 3 2 2 2 2 2 2 3 3 2 2 0 2 2 3 2 2 2
M[29] : 2 4 4 2 4 2 3 4 3 3 2 3 3 3 3 4 3 3 3 3 2 2 2 3 3 3 3 3 3 3 2 3 3 4 2 2 3 3 1 3 4 2 3 3 3 2 3 3 3 3 3 3 4 3 3 3 2 2 2 3 4 2 3 3 3 3 0
M[30] : 0 1 1 1 1 1 1 1 1 1 0 0 0 1 1 1 1 1 1 1 2 1 0 2 1 1 1 1 1 1 1 1 1 2 0 1 1 0 0 1 1 0 1 1 1 1 1 1 1 1 1 1 1 1 2 1 1 1 0 1 2 0 1 1 1 1 0
M[31] : 2 2 2 1 2 2 1 3 2 1 2 2 0 2 2 3 1 1 3 2 2 3 2 2 1 2 3 2 2 2 2 2 1 2 1 1 2 1 2 3 1 2 3 1 2 3 2 3 2 2 2 1 1 1 2 3 3 2 2 2 2 2 2 3 1 1 2
M[32] : 2 3 4 2 4 2 3 3 3 2 3 2 3 3 3 3 3 3 3 3 2 3 2 4 3 3 3 3 3 2 3 2 3 4 2 2 2 3 1 3 4 2 3 3 3 3 3 2 3 2 3 3 3 4 3 2 3 3 0 3 4 1 3 3 3 3 2
M[33] : 2 2 2 1 2 2 2 1 2 1 2 2 1 1 1 1 2 3 1 1 1 1 2 1 2 3 1 2 2 2 2 2 2 1 2 1 2 2 3 1 0 3 1 2 1 2 2 1 3 2 2 2 2 2 1 2 1 2 2 1 1 3 2 1 2 2 2
M[34] : 3 2 2 2 2 2 2 2 2 1 2 2 3 1 1 1 2 3 2 1 3 1 3 1 2 3 2 2 2 2 2 2 2 0 2 1 2 2 3 1 2 3 1 2 2 2 3 1 3 2 2 3 2 2 1 2 1 2 2 1 1 3 2 1 2 3 2
M[35] : 0 1 1 1 1 1 1 1 1 1 1 0 1 1 2 1 1 1 2 1 2 1 1 2 2 1 1 2 1 1 1 1 1 2 1 1 1 1 1 1 1 1 1 1 1 1 1 1 1 1 1 0 1 1 2 1 1 1 1 1 2 1 1 1 3 1 1
M[36] : 1 1 1 2 2 1 1 2 1 1 1 1 1 1 1 1 1 2 2 1 2 2 2 2 2 1 1 1 1 2 0 2 1 1 1 1 1 2 1 1 1 1 1 1 1 2 1 1 2 1 1 1 1 2 2 2 1 1 2 1 2 2 1 1 1 1 1
M[37] : 1 1 1 1 1 2 0 2 1 1 1 0 1 1 1 1 1 2 1 1 2 1 1 1 1 0 1 1 2 1 0 1 1 1 1 1 1 1 1 1 1 1 1 1 0 1 1 1 2 0 1 2 1 1 2 1 1 0 1 1 1 1 1 1 1 1 1
M[38] : 1 1 1 1 1 1 1 1 1 1 1 1 1 1 2 1 1 1 2 1 1 1 1 1 1 1 2 2 2 2 1 1 1 1 0 1 1 1 1 1 1 1 1 1 1 1 1 1 0 1 1 1 1 1 0 1 0 1 1 1 1 1 1 1 1 1 1
M[39] : 1 1 1 1 1 1 1 2 1 1 1 1 2 1 1 2 1 1 2 1 1 2 1 1 1 1 2 1 1 2 1 2 1 2 1 1 1 1 0 2 2 1 2 1 1 1 1 2 1 1 1 1 1 1 0 1 2 1 2 1 2 1 1 2 1 1 1
M[40] : 2 2 2 1 2 2 2 3 2 1 2 2 1 2 2 3 2 1 3 2 2 3 2 2 1 2 3 2 2 3 2 2 1 1 1 1 2 1 2 3 0 2 3 1 2 3 2 3 2 3 2 1 1 2 2 3 3 2 2 2 2 2 2 3 1 1 2
M[41] : 1 3 3 3 3 2 3 3 3 2 2 2 2 3 3 3 3 3 3 3 2 3 2 3 3 2 0 2 3 2 3 2 2 4 2 2 3 3 1 3 3 2 3 3 3 3 3 2 3 2 3 3 3 4 4 2 3 3 2 3 4 2 3 3 3 3 2
M[42] : 3 2 2 1 2 2 2 0 2 2 3 2 3 1 1 2 2 3 2 2 2 2 3 1 2 3 2 2 2 2 2 3 2 2 2 1 3 2 3 2 3 3 2 2 2 2 2 2 3 2 2 2 2 2 1 2 1 2 3 1 2 3 2 1 2 3 3
M[43] : 3 2 2 1 2 2 2 3 2 2 3 2 3 1 1 2 2 3 3 3 2 2 3 2 2 4 3 1 1 3 2 3 2 2 2 1 3 2 3 2 3 2 3 1 1 2 2 3 3 2 2 2 2 2 1 2 2 2 3 0 2 3 2 2 2 3 3
M[44] : 2 3 3 1 3 3 3 3 0 3 3 2 3 3 3 3 3 3 3 3 2 3 3 2 2 3 3 3 2 3 2 3 2 2 2 2 3 2 3 3 3 2 3 2 3 3 3 3 3 2 3 1 2 2 2 3 2 2 3 3 2 3 3 4 3 3 3
M[45] : 1 2 2 2 2 1 1 1 1 1 1 2 1 1 1 1 1 1 2 1 2 0 1 1 2 1 1 1 1 2 1 1 1 1 1 1 2 2 1 1 1 2 1 1 1 2 1 1 2 1 1 1 2 2 2 2 1 2 2 1 1 2 2 1 1 1 1
M[46] : 1 2 0 1 2 2 1 2 1 2 3 2 2 1 1 2 1 2 2 2 2 2 3 2 1 1 2 1 1 3 2 3 1 2 2 1 3 1 3 2 2 2 2 1 1 2 1 2 2 1 1 2 1 2 1 2 2 2 3 1 2 3 2 2 2 2 3
M[47] : 1 1 2 1 1 1 1 1 1 1 1 1 1 1 2 1 1 1 2 1 1 1 1 1 1 1 2 2 2 2 1 1 1 1 0 1 1 1 1 1 1 1 1 1 1 1 1 1 1 1 1 1 1 1 0 1 1 1 1 1 1 1 1 0 1 1 1
M[48] : 1 2 2 2 2 1 2 2 1 1 2 2 1 1 1 2 1 2 2 2 2 2 2 3 2 1 1 1 1 2 2 2 1 0 2 1 3 2 1 2 1 3 2 1 1 3 1 1 3 1 2 1 2 3 3 2 2 2 2 1 2 2 2 1 1 1 2
M[49] : 1 1 2 1 1 1 1 2 1 0 2 2 2 2 2 2 1 1 2 2 2 2 2 2 1 2 2 2 2 2 2 2 1 1 1 1 2 1 2 3 1 2 3 1 2 1 1 2 2 1 2 1 1 1 2 2 2 2 1 2 2 2 1 3 1 1 2
M[50] : 1 1 2 2 1 1 1 1 2 2 1 0 2 2 2 1 2 1 2 1 2 1 1 2 3 1 2 2 2 1 2 2 1 2 2 1 1 1 1 2 3 2 1 1 1 1 1 1 1 2 1 2 2 1 2 2 0 2 1 2 2 1 1 1 3 2 1
M[51] : 2 1 2 1 2 2 1 1 2 1 1 0 1 1 1 1 1 0 1 1 1 1 1 1 1 2 1 2 2 2 0 1 1 1 1 1 2 1 1 1 1 2 1 2 1 1 2 1 2 1 1 1 2 1 1 1 1 0 1 1 1 2 1 1 1 1 1
M[52] : 1 3 2 3 3 2 3 2 3 2 2 2 3 3 3 3 3 3 2 3 2 3 2 4 4 2 2 3 3 2 3 2 2 3 2 3 1 3 1 3 3 2 2 3 3 3 3 0 2 2 2 3 3 4 3 2 2 3 2 3 3 1 2 2 3 3 2
M[53] : 1 1 1 2 1 1 1 2 2 2 1 0 2 1 2 2 2 2 2 1 2 2 1 2 2 1 2 2 1 1 2 2 1 2 1 1 1 1 1 1 2 1 2 2 1 1 1 2 1 2 1 2 2 2 2 2 2 2 2 1 2 1 2 0 3 2 1
M[54] : 2 2 2 3 2 1 1 3 3 2 3 2 1 1 2 2 3 1 2 2 2 3 3 2 3 1 1 2 2 2 2 1 1 2 3 2 3 2 1 2 1 3 3 2 0 3 1 2 3 1 2 2 2 2 3 2 2 2 2 1 2 2 2 2 2 1 2
M[55] : 3 2 2 1 2 2 2 1 2 2 3 2 3 1 1 1 2 3 2 2 2 1 3 1 2 3 2 2 2 2 2 3 2 2 2 1 3 2 3 1 3 3 1 2 2 2 3 0 3 2 2 3 2 2 1 2 1 2 2 1 2 3 2 1 2 3 3
M[56] : 2 4 4 2 4 2 3 3 3 3 2 3 3 3 3 4 3 3 3 3 2 3 1 4 3 3 3 3 3 2 3 3 3 4 2 2 3 3 0 3 4 2 3 3 3 2 3 2 3 2 3 3 3 3 3 3 3 2 1 3 4 1 3 3 3 4 2
M[57] : 2 2 2 2 2 1 1 1 2 2 3 2 1 1 1 2 2 1 2 2 2 3 3 2 2 2 1 1 2 2 2 1 1 2 3 1 3 2 1 2 1 3 2 2 1 2 1 2 3 1 1 0 2 2 2 2 2 2 2 1 2 2 2 2 2 2 2
M[58] : 2 1 2 2 2 2 1 1 1 1 1 1 1 1 1 1 1 2 1 1 2 1 1 1 1 2 1 2 2 2 0 1 2 1 1 1 2 1 1 1 1 2 1 2 1 1 2 1 2 0 2 0 1 1 1 1 1 0 1 1 1 1 1 1 1 1 1
M[59] : 1 2 2 3 1 2 3 2 3 3 1 2 3 3 3 3 3 3 2 0 2 3 1 3 3 2 2 3 3 2 2 3 2 2 2 3 1 2 1 3 3 1 2 3 2 2 3 2 1 3 2 2 3 3 3 2 2 2 2 3 2 1 2 1 3 3 1
M[60] : 1 1 2 3 0 1 1 1 3 2 1 1 3 2 2 2 3 1 2 1 2 1 1 3 3 2 2 2 2 2 2 2 1 2 2 2 1 2 1 3 3 2 1 3 1 1 2 1 1 2 1 2 3 2 3 2 2 2 2 2 2 1 2 1 3 3 1
M[61] : 1 1 2 2 2 1 1 1 2 2 1 1 2 2 2 1 2 1 1 2 2 1 1 1 2 2 1 2 2 1 2 1 1 2 2 2 1 1 1 2 2 2 1 2 1 1 1 1 1 2 1 1 2 1 2 2 1 2 1 2 2 1 1 1 2 0 1
M[62] : 1 2 1 1 2 1 2 2 1 1 1 1 1 1 1 2 1 2 2 1 1 2 2 2 1 1 1 1 1 2 2 2 2 2 1 1 2 1 1 1 1 0 2 2 1 2 1 1 1 1 2 1 1 2 1 2 2 3 2 1 2 2 1 1 1 2 2
M[63] : 2 1 2 2 2 2 2 2 2 1 0 1 2 1 1 1 2 3 1 1 2 1 1 1 2 3 1 2 2 2 1 2 2 1 2 1 2 2 2 1 2 3 1 2 2 2 2 1 2 2 2 3 2 1 1 2 1 1 2 1 1 3 2 1 1 2 2
M[64] : 0 2 1 2 1 1 2 2 2 2 2 1 2 1 1 2 2 1 1 1 2 2 2 2 2 1 2 2 0 1 2 1 1 1 1 1 1 1 1 1 2 1 2 2 2 1 2 2 1 2 1 2 2 2 1 2 3 2 2 1 2 1 2 2 2 2 2
M[65] : 1 1 2 2 2 1 0 1 3 2 1 2 2 2 2 1 3 1 2 2 2 1 1 3 3 2 2 2 2 2 2 2 1 3 2 2 1 1 1 2 3 2 1 2 1 1 2 1 1 2 1 2 2 1 3 2 2 2 1 2 2 1 1 1 3 3 1
M[66] : 0 1 1 1 1 1 1 1 1 1 0 0 1 1 1 1 1 1 0 1 0 1 0 1 1 1 0 1 1 1 1 1 1 1 0 1 1 0 0 1 1 0 1 1 1 1 1 1 0 1 1 1 1 1 2 1 1 1 0 1 1 0 1 1 1 1 0
M[67] : 1 1 1 1 1 1 1 2 1 2 3 2 2 1 1 2 1 2 2 2 1 2 2 2 1 1 2 1 1 2 2 2 1 2 1 1 1 1 2 2 2 2 2 1 1 2 1 2 2 1 1 1 1 1 1 1 2 2 2 1 2 0 1 2 2 2 3
M[68] : 1 2 1 1 1 1 1 2 1 2 2 2 2 1 1 2 1 2 1 2 1 2 2 1 1 1 1 1 1 1 2 2 1 1 2 1 2 1 2 2 2 0 2 1 1 2 2 2 1 1 1 2 1 1 1 1 2 1 2 1 1 2 1 2 2 2 2
M[69] : 2 2 2 3 2 1 2 3 3 2 3 2 2 2 2 2 3 0 3 3 2 3 3 2 3 3 2 2 3 1 2 1 2 2 3 2 3 3 1 2 2 3 3 3 2 3 3 2 3 1 3 3 3 2 2 2 2 2 3 2 2 3 2 2 2 3 3
M[70] : 1 1 1 1 1 1 1 2 1 1 2 1 2 1 1 2 1 1 2 1 1 2 1 2 1 1 2 1 1 2 2 2 1 2 1 1 1 1 2 2 2 2 2 1 1 1 1 2 1 1 1 1 1 1 1 1 2 0 2 1 2 1 1 2 1 2 2
M[71] : 0 1 1 1 1 2 1 2 1 1 1 1 1 1 1 1 1 2 1 1 1 1 1 1 1 2 1 1 2 1 0 2 1 1 1 1 1 1 1 1 1 1 1 1 1 1 2 1 2 0 1 2 1 1 2 1 1 0 1 1 1 1 1 2 1 2 1
M[72] : 3 2 3 3 2 0 2 3 3 2 3 2 2 2 2 2 3 2 3 3 3 3 3 2 3 3 2 3 3 1 2 2 2 3 3 2 3 3 2 2 2 3 3 3 2 3 3 2 3 2 3 3 3 2 2 3 2 2 3 2 2 3 2 2 3 3 3
M[73] : 1 1 2 2 2 1 1 1 3 2 1 1 3 2 2 0 3 1 2 1 2 1 1 3 3 2 2 2 2 1 2 2 1 2 2 2 1 1 1 2 3 2 1 2 1 1 1 1 1 2 1 2 3 2 2 2 2 2 1 2 2 1 1 1 3 3 1
M[74] : 3 1 2 2 2 2 2 2 2 2 2 1 2 1 1 2 3 2 2 1 3 2 2 1 2 3 2 2 2 2 1 2 2 2 2 2 0 2 2 1 2 3 1 3 2 1 3 1 3 2 2 3 2 1 2 2 2 1 2 2 2 2 1 2 1 2 2
M[75] : 2 3 4 2 3 3 3 4 3 3 2 2 3 3 3 4 3 3 3 3 2 3 3 3 3 3 3 3 3 3 0 3 3 3 3 2 3 3 1 3 3 2 3 2 3 3 3 3 3 2 3 2 3 3 2 3 3 3 3 3 4 2 3 3 3 4 3
M[76] : 2 2 2 3 2 1 0 3 3 2 3 2 2 2 2 2 3 1 2 3 2 3 3 2 3 1 1 2 2 2 2 1 1 2 3 2 3 2 1 2 2 3 3 3 2 3 2 2 3 1 2 2 3 2 3 2 2 2 2 2 2 3 2 2 2 2 2
M[77] : 1 1 2 1 1 1 1 0 2 1 2 1 1 2 2 1 1 1 2 2 1 1 1 1 1 2 1 2 2 2 2 1 1 1 1 1 2 1 1 3 1 2 2 1 2 1 1 1 1 1 2 1 1 1 1 1 2 1 1 2 1 1 1 2 1 1 2
M[78] : 3 2 2 2 2 2 2 2 2 1 2 1 2 1 1 1 2 3 2 1 3 1 3 1 2 3 2 2 2 2 1 2 2 1 2 2 2 2 2 1 2 3 1 2 2 1 3 1 3 2 2 3 2 1 2 2 2 1 2 2 2 3 2 2 0 3 2
M[79] : 1 0 2 1 1 1 1 2 1 2 2 2 2 1 2 2 1 1 2 3 1 2 2 2 1 2 2 2 2 2 2 2 1 2 1 1 2 1 3 2 2 2 2 1 1 2 1 2 2 1 1 1 1 1 2 2 2 2 2 2 2 2 1 2 2 2 3
M[80] : 2 3 3 1 3 3 3 3 2 3 3 2 3 3 3 3 2 2 3 3 2 3 3 2 0 3 3 3 2 3 2 3 3 2 2 2 3 2 3 3 3 2 3 2 3 3 3 3 2 2 2 1 1 3 2 3 3 2 3 3 2 2 3 3 3 3 3
M[81] : 3 4 4 3 3 3 3 3 3 3 3 0 3 3 2 3 3 2 3 3 3 3 4 2 3 3 2 2 2 3 1 3 2 3 3 2 3 3 2 3 3 3 3 2 3 2 3 2 3 2 3 3 3 3 2 2 2 1 2 3 3 3 3 2 3 3 2
M[82] : 2 2 2 2 1 1 1 2 3 2 2 1 2 2 2 2 2 2 3 2 2 2 3 2 1 2 1 2 3 1 2 1 1 2 1 2 2 1 2 1 2 2 2 2 2 2 2 1 0 1 1 2 2 1 2 2 2 2 3 2 2 3 1 2 2 2 3
M[83] : 2 2 2 2 2 2 2 3 2 2 2 2 3 2 3 3 2 2 3 2 2 3 2 3 1 3 3 3 2 3 3 2 2 0 1 2 2 1 2 3 3 1 3 2 2 3 2 3 1 3 2 2 2 3 2 2 3 3 2 3 3 2 2 3 3 3 2
M[84] : 3 2 2 2 2 2 2 2 2 2 3 2 3 1 1 1 2 3 2 2 2 1 3 1 2 3 2 2 2 2 2 3 2 2 2 1 3 2 3 1 3 3 1 2 2 2 3 1 3 2 2 3 2 2 1 2 1 2 2 2 2 3 2 0 2 3 3
M[85] : 2 2 2 2 2 1 1 2 3 2 3 2 2 1 2 2 2 1 2 2 2 2 3 2 2 2 1 3 2 2 2 1 1 2 3 2 2 2 1 2 2 3 2 2 1 2 2 2 3 1 0 2 2 2 2 2 2 2 2 1 2 3 2 2 2 2 3
M[86] : 1 1 1 1 1 1 1 2 1 1 1 1 1 1 1 1 1 1 2 1 1 1 1 1 1 1 2 1 1 2 1 2 1 1 0 1 1 1 1 0 1 1 1 1 1 1 1 1 1 1 1 1 1 1 0 1 1 1 1 1 1 1 1 1 1 1 1
M[87] : 3 1 0 2 1 2 2 2 2 2 3 1 2 2 1 2 3 2 2 2 3 2 2 2 2 3 2 2 2 2 1 2 2 2 2 2 2 1 2 1 2 2 1 3 2 1 3 1 2 1 2 2 2 1 2 2 2 1 2 2 2 3 1 2 1 2 2
M[88] : 1 3 2 3 3 2 3 3 2 2 3 2 2 3 2 3 3 2 3 3 2 3 2 3 3 2 1 2 2 1 2 2 2 4 3 2 3 3 1 3 3 3 3 3 3 3 3 2 3 0 3 2 3 3 3 2 3 3 2 2 4 2 2 3 3 3 2
M[89] : 3 2 2 1 2 2 2 2 2 2 2 2 3 1 1 1 2 3 2 2 2 1 3 1 2 3 2 2 2 2 2 3 2 2 2 1 3 2 3 1 3 3 1 2 2 2 2 1 3 2 2 3 2 2 1 2 1 2 2 1 0 3 2 1 2 3 3
M[90] : 1 1 1 1 1 1 1 2 1 1 2 1 2 0 1 2 2 2 0 1 1 2 1 2 1 2 0 1 1 1 0 1 1 2 1 1 2 1 1 1 2 0 1 2 1 1 2 1 1 1 1 2 1 1 2 1 1 1 1 0 2 2 1 2 1 2 1
M[91] : 1 1 2 1 1 1 1 2 1 1 2 0 2 2 2 2 1 1 2 2 1 2 2 2 1 2 2 2 2 2 2 2 1 2 1 1 2 1 2 3 2 2 2 1 1 1 1 2 2 1 1 1 1 1 2 2 2 2 2 2 2 2 1 2 1 1 2
M[92] : 1 2 2 1 1 1 1 2 2 2 3 2 2 1 1 2 2 2 1 2 1 2 2 1 1 1 1 1 1 0 2 3 1 2 2 1 2 1 2 2 2 2 2 1 1 2 2 2 2 1 1 2 1 2 1 1 2 2 2 1 2 2 2 2 2 2 3
M[93] : 1 2 1 2 1 1 1 2 2 2 1 2 2 1 2 2 2 2 2 1 2 2 1 3 2 1 2 1 1 1 2 3 1 2 1 1 1 1 1 1 2 1 2 2 1 1 2 2 1 2 1 2 2 2 1 2 2 2 2 0 2 1 2 1 2 2 2
M[94] : 2 2 2 1 2 2 1 3 2 1 2 2 2 2 2 3 1 1 3 2 2 3 2 2 1 2 3 2 2 3 2 3 1 2 1 1 2 1 2 3 2 2 3 1 2 3 2 3 2 1 2 1 1 0 2 3 2 2 3 2 2 2 2 3 1 1 2
M[95] : 3 1 3 2 1 2 2 2 2 2 3 1 2 2 1 2 3 2 2 2 3 2 2 2 2 3 2 2 2 2 1 2 2 2 2 2 2 1 2 1 2 2 1 3 2 1 3 1 3 1 2 3 2 1 2 2 2 1 2 2 2 3 0 2 1 2 2
M[96] : 3 2 2 2 2 2 2 2 2 2 2 1 2 2 2 2 3 3 2 0 3 1 2 1 2 3 2 2 2 2 1 2 2 2 2 2 3 2 2 1 2 3 1 3 2 1 3 2 3 2 2 3 2 1 2 2 2 1 2 2 2 3 2 2 2 3 2
M[97] : 3 2 2 1 2 2 2 2 2 2 3 2 3 0 1 2 2 3 3 3 2 2 3 1 2 4 3 1 1 2 2 3 2 2 2 1 3 2 3 2 3 2 3 1 1 2 2 3 3 2 2 2 2 2 1 2 2 2 3 1 2 3 2 2 2 3 3
M[98] : 2 2 2 2 2 1 1 1 2 2 1 2 1 1 1 1 2 1 2 2 1 1 1 1 2 2 1 1 2 2 1 1 1 1 1 1 2 1 0 1 1 1 1 2 1 2 1 0 2 1 1 1 2 2 0 2 1 2 1 1 1 1 1 1 2 1 1
M[99] : 1 2 2 1 2 1 1 2 2 1 2 1 1 2 2 0 1 1 2 2 1 1 2 2 1 2 2 2 2 2 2 1 1 1 1 1 2 1 2 3 1 2 2 1 2 1 2 1 1 1 2 1 1 1 2 1 2 1 1 2 1 1 1 2 1 1 2
M[100] : 1 1 2 2 2 1 1 1 2 2 1 1 1 2 1 1 2 1 1 1 2 1 1 1 2 1 1 2 1 0 1 1 1 0 1 2 1 1 1 2 1 1 1 2 1 1 1 1 2 2 1 1 2 1 2 2 1 1 1 2 1 1 1 1 2 1 1
M[101] : 1 1 2 1 1 0 1 2 2 1 2 1 1 2 2 1 1 1 2 2 1 1 1 1 1 2 2 2 2 2 2 1 1 1 1 1 2 1 1 3 1 2 1 1 2 1 1 0 1 1 2 1 1 1 1 1 2 1 1 2 1 1 1 2 1 1 2
M[102] : 3 2 2 1 2 2 1 2 2 2 3 2 2 1 1 2 2 3 0 2 2 2 3 1 2 3 2 2 2 2 2 3 2 2 2 1 3 2 3 2 3 2 2 1 1 2 2 2 3 2 1 2 2 2 1 2 2 2 3 1 2 3 2 2 2 2 3
M[103] : 0 1 1 1 1 1 1 2 0 1 1 0 2 1 2 2 2 1 1 1 2 2 1 2 2 1 2 1 1 1 2 2 1 2 1 1 1 0 1 1 2 1 1 1 1 1 1 2 1 1 1 2 1 2 1 1 1 1 2 1 2 1 1 1 2 2 1
M[104] : 2 3 4 3 3 2 3 3 3 4 1 2 3 3 3 3 3 3 3 3 0 3 2 4 3 3 2 3 3 2 3 3 3 4 2 3 2 3 1 3 3 2 3 3 3 2 3 2 2 3 3 3 3 3 3 2 2 3 1 3 4 1 3 3 4 3 2
M[105] : 1 2 1 1 3 2 2 2 1 1 2 2 1 1 1 2 1 2 2 2 2 2 2 3 2 1 1 1 1 2 3 2 2 2 2 1 2 2 1 1 1 2 2 2 2 2 1 1 3 1 2 1 0 3 3 2 2 3 2 1 2 2 1 1 1 2 2
M[106] : 2 1 1 2 1 2 2 2 2 2 2 1 2 2 1 2 2 2 2 2 2 2 1 2 1 3 2 2 2 1 1 2 1 2 2 2 2 1 2 1 2 2 1 3 2 1 3 1 2 1 2 2 0 1 2 2 2 1 2 2 2 3 1 2 1 2 2
M[107] : 2 3 2 3 3 1 3 3 2 2 3 2 2 2 2 3 3 2 2 3 2 3 2 3 3 1 1 2 2 2 2 1 1 3 3 2 3 2 1 2 1 3 3 3 3 3 2 2 3 1 2 2 3 3 3 2 2 2 2 2 3 2 2 2 2 0 2
M[108] : 1 1 1 2 1 1 1 2 2 2 1 2 2 0 2 2 2 2 2 1 2 2 1 3 2 1 2 2 1 1 2 3 1 2 1 1 1 1 1 1 3 1 2 2 1 1 2 2 1 2 1 2 2 2 3 2 2 2 2 2 2 1 2 1 3 2 1
M[109] : 2 2 2 0 1 1 1 1 2 2 2 1 1 1 0 2 2 1 2 2 1 2 2 2 1 2 1 1 2 2 1 1 1 2 1 1 2 1 0 0 1 1 2 2 1 2 2 0 1 1 1 2 1 1 2 2 1 2 1 1 1 2 1 2 1 2 2
M[110] : 1 1 1 1 1 2 0 1 1 1 1 0 1 0 1 1 1 1 1 1 2 1 1 0 1 1 1 0 1 0 0 1 0 1 1 0 1 1 1 0 1 1 1 1 0 1 1 1 2 0 1 1 1 1 0 1 0 0 1 0 1 1 1 1 1 1 1
M[111] : 1 1 1 1 1 1 1 2 1 1 1 0 1 0 0 2 1 2 0 1 1 1 1 1 1 1 0 1 1 1 0 1 1 1 1 0 1 1 1 0 1 1 1 0 1 1 2 1 1 0 1 2 1 1 2 0 1 0 1 0 2 1 1 2 1 2 1
M[112] : 1 1 2 1 1 2 1 2 2 1 2 2 1 2 2 2 1 1 2 2 2 2 2 2 1 2 2 2 2 2 2 0 1 1 1 1 2 1 2 3 1 2 2 1 2 1 1 2 2 1 2 1 1 1 2 2 2 2 1 2 2 2 1 3 1 1 2
M[113] : 1 2 2 2 2 1 1 1 1 1 1 2 1 1 1 0 2 1 2 2 2 2 2 2 2 1 1 1 1 2 2 1 1 1 1 1 2 2 1 1 1 3 1 2 1 2 1 1 2 1 1 1 2 2 3 2 1 2 2 1 1 2 2 1 1 1 2
M[114] : 2 2 2 2 1 1 1 1 2 2 2 1 1 1 0 2 2 1 2 2 0 2 2 2 1 2 1 1 2 2 1 1 1 2 1 1 2 1 0 0 1 1 2 2 1 2 2 0 1 1 1 2 2 2 2 2 1 2 2 1 1 2 1 1 1 2 2
M[115] : 0 1 1 0 1 1 1 1 1 1 1 0 1 1 2 1 1 1 1 1 2 1 1 2 1 1 0 2 1 1 1 1 1 2 0 1 1 0 0 1 1 0 1 1 1 1 1 1 1 1 1 1 1 1 2 1 1 1 0 1 2 0 1 1 1 1 0
M[116] : 1 0 2 3 1 1 1 1 3 2 1 1 3 2 2 2 3 1 2 1 2 1 1 3 3 2 2 2 2 1 2 2 1 2 2 2 1 1 1 2 3 2 1 3 1 1 1 1 1 2 1 2 3 2 3 2 2 2 2 2 2 1 2 1 3 3 1
M[117] : 1 1 1 1 0 1 2 2 1 1 1 1 1 1 1 2 1 2 2 1 1 2 2 2 1 1 1 1 1 2 1 2 2 2 1 1 2 1 1 1 1 1 2 1 1 2 1 1 1 1 2 1 1 2 2 2 1 2 2 1 2 2 1 1 1 2 2
M[118] : 2 2 2 1 2 2 1 1 2 1 1 1 1 1 1 1 2 2 1 1 1 1 2 1 2 2 1 2 2 2 1 1 1 1 1 1 2 2 0 1 1 2 1 2 1 2 2 1 2 1 1 1 2 1 1 1 1 2 1 1 1 2 2 1 1 1 1
M[119] : 2 2 3 1 2 2 0 3 2 2 3 2 2 1 2 2 2 3 3 3 2 2 3 2 1 3 3 1 2 3 2 3 2 2 2 1 3 2 3 2 3 2 3 1 1 2 2 3 2 2 2 2 2 2 1 2 2 2 3 1 2 3 2 2 2 3 3
M[120] : 0 1 1 1 1 1 1 1 1 1 1 0 1 1 2 1 1 1 2 1 2 1 1 2 1 1 2 2 1 1 1 1 1 2 2 1 1 1 1 1 0 1 1 1 1 1 1 1 1 1 1 1 1 1 2 1 1 1 1 1 2 1 1 1 3 1 1
M[121] : 1 1 2 1 1 1 1 2 1 1 2 1 1 2 2 1 1 1 2 2 1 1 1 1 1 2 2 2 2 2 1 1 1 1 1 1 1 1 1 3 1 2 0 1 1 1 1 1 2 1 1 1 1 1 1 1 2 1 1 2 1 1 1 2 1 1 1
M[122] : 1 2 1 1 2 2 2 2 1 1 2 2 1 1 1 2 2 2 2 2 1 2 2 2 1 1 1 1 1 2 3 2 2 2 2 1 2 0 1 1 2 2 2 2 2 2 2 1 2 1 2 2 2 3 1 2 2 3 2 1 2 2 1 1 1 2 2
M[123] : 1 2 1 1 2 2 2 2 1 1 2 2 1 1 1 2 1 2 2 2 1 2 2 2 2 1 1 1 1 2 3 2 2 2 2 1 2 2 1 0 1 2 2 2 2 2 2 1 2 1 2 1 1 3 2 2 2 3 2 1 2 2 1 1 1 2 2
M[124] : 1 1 1 1 1 1 1 2 1 2 3 1 2 1 1 2 1 1 2 1 1 2 1 2 1 1 2 1 1 2 2 2 1 2 1 1 1 1 2 2 2 2 2 1 1 0 1 2 1 1 1 1 1 1 1 1 2 1 2 1 2 1 1 2 1 2 2
M[125] : 2 3 2 1 2 3 2 3 2 2 2 2 2 2 3 3 1 2 3 3 2 3 2 2 1 3 3 2 2 3 2 3 2 2 1 1 2 1 2 3 3 2 3 1 2 3 2 3 2 2 2 1 1 2 2 3 3 2 3 2 2 2 2 3 2 0 3
M[126] : 1 3 0 2 3 2 2 2 1 1 2 2 1 1 1 3 1 2 2 2 2 2 2 3 2 1 1 1 1 2 3 2 2 2 2 1 2 2 1 2 1 2 2 2 2 3 1 1 3 1 2 1 1 3 3 2 3 3 2 1 2 2 2 1 1 2 2
M[127] : 2 2 2 1 2 3 2 3 2 1 2 2 3 2 3 3 2 1 3 3 2 3 2 2 1 3 3 2 2 3 2 2 3 2 1 1 2 1 2 3 4 2 3 1 2 3 2 3 2 3 2 2 1 3 2 3 3 2 2 3 2 2 2 3 0 1 2
M[128] : 2 2 2 2 2 1 1 2 2 2 2 2 1 1 1 2 2 2 2 2 2 3 2 2 2 1 1 1 1 2 2 1 1 1 2 1 3 2 1 2 1 3 3 2 1 3 1 1 3 1 2 1 2 2 3 2 2 2 2 1 1 2 2 0 2 1 2
M[129] : 2 3 3 3 3 2 3 3 3 4 1 2 4 3 3 3 3 3 3 3 2 3 2 3 3 3 3 3 3 3 2 3 3 4 2 3 3 3 1 3 4 1 3 3 3 2 3 3 0 3 3 3 3 3 3 2 2 2 2 3 4 2 3 3 4 3 2
M[130] : 1 1 2 3 2 2 3 2 3 3 1 2 3 3 3 3 3 3 2 2 2 2 1 3 3 2 2 3 3 2 2 3 2 3 2 3 1 2 1 3 3 2 0 3 3 2 3 1 1 3 1 2 3 3 3 2 2 2 2 3 3 1 2 2 3 3 1
M[131] : 0 1 1 1 1 1 1 1 1 1 1 0 2 1 1 1 1 1 1 1 2 1 1 2 1 1 1 1 1 1 1 1 1 2 1 1 1 0 0 1 2 1 1 1 1 1 1 1 1 0 1 2 1 1 1 1 1 1 0 1 2 0 1 1 2 1 1
M[132] : 2 2 2 1 2 2 1 1 2 1 1 2 1 1 1 1 2 3 1 2 1 1 2 1 2 2 1 2 2 2 2 2 1 1 2 1 2 2 2 1 1 3 1 2 1 2 2 1 2 1 1 2 2 2 1 1 1 2 0 1 1 2 2 1 1 2 2
M[133] : 1 1 1 1 1 1 1 2 1 2 2 2 2 1 2 2 1 1 2 1 1 2 0 2 1 2 2 1 2 2 2 2 1 2 1 1 1 1 2 2 2 2 2 1 1 2 1 2 2 1 1 1 1 1 1 1 2 2 2 1 2 1 1 2 2 2 3
M[134] : 0 2 2 1 2 2 1 2 2 2 3 2 2 1 1 2 2 2 2 2 2 2 3 1 1 1 2 1 1 2 2 3 1 2 2 1 3 1 3 2 2 2 2 1 1 2 2 2 2 1 1 2 1 2 1 2 2 2 3 1 2 3 2 2 2 2 3
M[135] : 1 1 1 1 1 1 2 2 1 1 1 0 1 1 1 1 1 2 2 1 1 2 2 2 1 1 1 1 1 2 1 2 2 2 1 1 2 2 1 1 1 1 2 1 1 2 1 1 1 1 2 1 1 2 2 2 1 3 2 1 2 2 1 1 1 2 2
M[136] : 0 1 1 1 1 1 1 1 1 1 0 0 1 1 1 1 1 1 0 1 1 1 0 1 0 1 0 1 1 1 1 1 1 1 0 1 1 0 0 1 1 0 1 1 1 1 1 1 0 1 1 1 1 1 2 1 1 1 0 1 1 0 1 1 1 1 0
M[137] : 1 1 1 1 1 1 1 1 1 1 1 1 1 1 1 1 1 2 2 1 1 2 1 2 2 1 1 1 1 2 1 2 1 1 1 1 1 2 0 1 1 1 1 1 1 1 1 1 1 1 1 1 1 0 2 2 1 1 2 1 2 1 1 1 1 1 1
M[138] : 2 2 2 1 3 3 1 3 1 2 3 2 2 2 2 2 1 2 3 3 2 2 3 2 1 3 3 2 2 3 2 3 2 2 2 1 3 0 3 3 3 2 3 1 2 2 1 3 2 2 2 1 1 2 2 3 2 2 3 2 2 3 1 3 2 2 3
M[139] : 1 2 1 2 2 1 2 1 1 2 2 1 2 2 1 2 2 1 1 2 2 2 2 2 2 1 1 1 1 1 2 2 2 2 1 2 1 1 1 1 2 2 2 2 2 2 2 1 2 1 1 1 2 2 0 2 1 3 2 1 2 1 1 2 2 2 2
M[140] : 2 2 2 1 2 2 2 1 2 2 2 2 0 1 1 1 2 3 1 1 1 1 3 1 2 3 1 2 2 2 2 2 2 1 2 1 2 2 3 1 2 3 1 2 1 2 2 1 3 2 2 2 2 2 1 2 1 2 2 1 1 3 2 1 2 3 3
M[141] : 1 3 2 2 3 2 2 2 2 0 2 2 1 1 1 3 1 2 2 3 2 3 2 3 3 1 1 1 1 2 2 2 2 2 2 1 3 2 1 2 1 2 2 1 2 3 1 1 3 1 2 2 2 3 3 2 3 3 2 1 2 2 2 1 1 2 2
M[142] : 1 2 2 1 2 2 1 2 2 2 3 2 2 1 1 2 2 3 2 2 2 2 3 2 1 1 2 1 1 3 2 3 0 2 2 1 3 1 3 2 2 2 2 1 1 2 2 2 2 1 1 2 1 2 1 2 2 2 3 1 2 3 2 2 2 2 3
M[143] : 1 1 1 1 1 0 1 2 1 1 1 1 1 1 1 1 1 2 2 1 0 2 1 2 1 1 1 1 1 1 1 1 1 2 1 1 1 1 0 1 1 1 1 1 1 2 1 1 0 1 1 1 1 2 2 2 1 1 2 1 2 1 1 1 1 1 1
M[144] : 0 1 1 1 1 1 1 1 1 1 1 0 1 1 2 1 1 1 1 1 2 1 1 2 1 1 1 2 1 1 1 1 1 2 0 1 1 0 0 1 1 0 1 1 1 1 1 1 1 1 1 1 1 1 2 1 1 1 0 1 2 0 1 1 0 1 0
M[145] : 3 2 2 1 2 2 2 2 2 2 3 2 3 1 0 2 2 3 3 3 2 2 3 1 2 3 3 2 2 2 2 3 2 2 2 1 3 2 3 2 3 3 3 1 2 2 3 3 3 2 3 2 2 2 1 2 2 2 3 2 2 3 2 2 2 3 3
M[146] : 2 1 2 2 2 2 2 2 2 1 1 1 1 1 1 1 1 2 1 1 2 1 1 1 1 2 1 2 2 2 0 2 2 1 1 1 2 2 1 1 1 2 1 2 1 1 2 1 2 1 2 1 2 1 1 1 1 1 1 1 1 0 1 1 1 1 1
M[147] : 1 1 2 1 1 1 1 2 1 1 0 1 1 1 2 1 1 1 2 1 1 1 1 1 1 1 2 2 2 2 1 2 1 1 1 1 1 1 1 2 1 1 1 1 1 1 1 2 1 1 1 1 1 1 0 2 2 1 1 1 1 1 1 2 1 1 1
M[148] : 1 2 1 1 1 1 1 2 1 2 3 2 2 1 1 2 1 2 2 2 1 2 3 2 1 1 2 1 1 2 2 3 1 2 2 1 0 1 3 2 2 2 2 1 1 2 1 2 2 1 1 2 1 1 1 1 2 2 2 1 2 3 1 2 2 2 3
M[149] : 3 2 2 2 2 2 2 2 2 2 2 2 3 1 1 1 2 3 2 1 3 1 3 1 2 3 2 2 2 2 2 2 2 2 2 1 3 2 3 1 3 3 0 2 2 2 3 1 3 2 2 3 2 2 1 2 1 2 2 2 1 3 2 2 2 3 2
M[150] : 1 3 2 2 3 1 2 2 2 2 2 2 1 1 1 3 2 2 2 3 2 3 2 3 3 1 1 1 1 2 2 2 2 2 2 0 3 2 1 2 1 3 2 1 2 3 1 1 3 1 2 2 2 3 3 2 2 3 2 1 2 2 2 1 2 2 2
M[151] : 1 2 1 1 0 1 1 2 1 2 3 2 2 1 1 2 1 2 2 2 1 2 3 2 1 1 2 1 1 2 2 3 1 2 2 1 2 1 3 2 2 2 2 1 1 2 1 2 2 1 1 2 1 2 1 1 2 2 3 1 2 3 1 2 2 2 3
M[152] : 2 2 2 1 2 2 1 1 2 2 3 2 2 1 1 1 2 2 1 2 1 1 2 1 1 2 1 2 2 2 2 3 1 1 2 1 2 2 3 2 2 2 1 1 1 2 2 1 1 1 1 2 2 2 1 0 1 2 1 1 1 3 2 1 2 2 3
M[153] : 3 3 3 3 4 2 3 3 3 2 3 2 3 3 2 3 3 3 2 3 3 3 3 3 3 3 2 2 2 2 2 0 3 3 3 2 4 3 1 3 3 3 3 2 3 3 3 2 3 2 3 2 3 4 3 2 3 2 3 3 4 3 3 2 3 3 3
M[154] : 1 1 1 2 1 1 1 1 1 1 1 1 1 1 1 1 1 1 2 1 1 1 1 1 2 1 0 1 1 1 1 0 1 1 1 1 1 2 0 1 1 1 1 1 1 1 1 0 2 1 1 1 1 1 2 0 1 1 1 1 1 1 0 1 1 1 1
M[155] : 3 3 3 3 3 3 3 3 3 3 2 2 3 3 2 3 3 3 3 3 3 2 3 1 2 4 3 2 3 3 2 3 2 3 2 2 3 2 2 1 3 3 2 3 3 3 3 2 3 2 3 3 3 2 0 2 2 2 2 2 3 3 3 2 3 3 3
M[156] : 1 2 2 2 2 1 1 2 1 2 2 2 1 1 1 2 2 2 2 2 2 3 2 2 2 1 1 1 1 2 2 1 1 1 2 1 3 2 1 2 1 3 2 2 1 3 1 1 3 1 2 1 2 2 3 2 2 2 2 1 0 2 2 1 2 1 2
M[157] : 2 3 2 3 3 2 3 3 2 2 3 2 2 2 2 3 3 2 3 3 2 3 3 3 3 0 1 2 2 2 2 1 2 3 3 2 3 3 1 2 2 3 3 2 3 3 2 2 3 1 3 2 3 3 3 2 2 2 2 2 3 2 2 2 3 4 3
M[158] : 1 1 1 1 1 1 1 2 1 1 1 1 2 1 1 2 1 1 2 1 1 2 1 2 1 1 2 1 1 2 0 2 1 2 1 1 1 1 2 2 2 1 2 1 1 1 1 2 1 1 1 1 1 1 1 1 2 1 2 1 2 1 1 2 1 1 2
M[159] : 2 4 4 3 4 2 3 3 3 4 1 3 3 3 3 4 3 3 3 3 1 2 0 4 3 3 3 3 3 2 3 3 3 4 2 3 3 3 1 3 3 2 3 3 3 2 3 2 2 3 3 3 3 3 3 2 2 2 2 3 4 1 3 3 4 3 1
M[160] : 2 4 4 3 3 3 3 3 2 3 3 3 3 3 3 3 3 3 3 3 3 3 3 4 3 3 3 3 3 3 1 3 3 3 3 2 3 3 2 3 3 3 3 2 3 2 3 2 3 2 3 2 3 3 4 3 3 0 2 3 4 3 3 3 3 4 2
M[161] : 1 2 0 2 1 1 2 2 2 2 2 2 2 1 2 2 2 2 2 1 2 2 1 3 2 1 2 2 1 1 2 2 1 2 1 1 1 1 1 2 2 1 2 2 1 1 2 2 1 2 1 2 2 2 1 2 2 2 2 1 2 1 2 2 2 2 2
M[162] : 2 2 2 1 2 2 1 2 1 2 3 2 2 1 2 2 1 2 2 3 2 2 3 2 1 2 3 2 2 3 2 3 1 2 2 1 3 1 3 3 2 2 3 1 1 2 1 2 2 0 2 1 1 2 2 3 2 2 3 2 2 3 1 2 2 2 3
M[163] : 3 2 3 2 2 2 2 3 3 2 3 1 3 2 2 2 3 3 2 3 3 3 3 2 2 3 2 3 3 2 1 2 2 3 2 2 3 2 2 1 3 3 2 3 2 0 3 2 3 2 3 3 2 2 2 2 2 1 2 2 3 3 3 2 3 3 2
M[164] : 2 1 2 2 2 2 2 2 2 1 1 1 1 1 1 1 2 2 1 1 2 1 0 1 2 3 1 2 2 2 1 2 2 1 1 1 2 2 1 1 1 2 1 2 2 1 2 1 2 1 2 2 2 1 1 1 1 1 1 1 1 2 1 1 1 1 1
M[165] : 3 2 2 2 2 2 2 3 2 3 2 2 3 1 2 1 3 3 2 3 3 0 3 1 2 3 2 2 2 2 2 3 2 2 2 2 3 2 3 1 3 3 2 3 2 2 3 2 3 2 3 3 2 2 1 2 1 2 2 2 3 3 3 2 2 3 3
M[166] : 1 1 2 2 2 1 1 1 2 2 1 1 1 2 2 1 2 1 2 1 2 1 1 2 2 1 1 2 2 1 2 1 1 2 2 2 1 1 1 2 2 2 1 2 1 1 1 1 1 2 1 1 2 1 2 2 1 0 1 2 2 1 1 1 2 1 1
M[167] : 2 3 4 3 3 2 3 3 3 4 0 2 3 3 3 3 3 3 3 3 2 3 2 3 3 3 3 3 3 3 2 3 3 4 2 3 3 3 1 3 4 1 3 3 3 3 3 3 2 3 3 3 3 3 3 3 2 3 2 3 4 2 3 3 4 3 2
M[168] : 3 2 4 1 3 2 2 4 3 3 3 2 3 2 2 2 3 3 3 3 2 3 3 1 2 4 3 2 1 3 2 3 2 3 2 2 3 2 3 0 3 3 3 2 3 3 3 3 3 2 3 3 2 2 1 2 1 2 3 2 3 3 3 2 3 3 3
M[169] : 1 1 1 1 1 2 0 2 1 1 1 0 1 0 1 1 1 2 1 1 1 1 1 0 1 1 1 1 0 1 0 1 1 1 1 0 1 1 1 0 1 1 1 1 0 1 1 1 2 0 1 2 1 1 2 1 1 0 1 0 1 1 1 1 1 1 1
M[170] : 1 3 1 2 3 2 2 2 1 1 2 2 1 1 1 2 1 2 2 2 2 2 2 3 2 1 1 1 0 2 2 2 2 2 2 1 2 2 1 1 1 2 2 2 2 3 1 1 3 1 2 1 1 3 3 2 3 3 2 1 2 2 1 1 1 2 2
M[171] : 1 2 1 0 3 1 2 2 1 1 2 2 1 1 1 2 1 2 2 2 2 2 2 3 2 1 1 1 1 2 3 2 2 2 2 1 2 2 1 1 1 2 2 2 2 2 1 1 3 1 2 1 1 3 3 2 2 3 2 1 2 2 1 1 1 2 2
M[172] : 1 2 2 2 2 1 1 1 1 1 1 2 1 1 1 1 1 1 2 1 2 2 2 0 2 1 1 1 1 2 1 1 1 1 1 1 1 2 1 1 1 2 1 1 1 2 1 1 2 1 1 1 2 2 2 2 1 2 2 1 1 2 2 1 1 1 1
M[173] : 3 2 2 1 2 2 2 3 2 2 3 2 3 1 2 2 2 3 3 3 2 2 3 2 2 4 3 1 1 3 2 3 2 2 2 0 3 2 3 2 3 2 3 1 2 2 3 3 3 2 3 2 2 2 1 2 2 2 3 2 2 3 3 2 2 3 3
M[174] : 1 3 2 3 3 2 3 3 2 2 3 2 2 3 2 3 3 2 3 3 2 3 2 3 3 2 1 2 2 2 2 2 2 3 3 2 3 3 1 2 0 3 3 2 3 3 3 2 3 1 3 2 3 3 3 2 3 3 2 2 4 2 2 2 3 3 2
M[175] : 1 3 2 3 3 2 2 2 3 2 2 2 1 2 0 3 3 2 2 3 1 3 2 3 3 2 1 2 1 2 3 2 2 3 2 3 2 2 1 3 2 2 2 3 2 3 2 1 3 1 2 3 3 3 4 2 3 3 2 2 3 2 1 2 3 3 2
M[176] : 0 1 1 1 1 1 1 1 1 0 1 0 1 1 2 1 1 1 1 1 2 1 1 2 1 1 1 2 1 1 1 1 1 2 0 1 1 0 0 1 1 0 1 1 1 1 1 1 1 1 1 1 1 1 2 1 1 1 0 1 2 0 1 1 1 1 0
M[177] : 1 3 1 1 3 2 2 2 2 1 2 2 1 2 1 3 3 2 2 2 1 2 2 3 3 2 1 1 1 2 3 2 2 3 2 1 2 2 1 3 2 2 2 2 2 3 2 1 3 1 2 3 2 3 3 2 3 3 2 1 2 2 1 2 0 2 2
M[178] : 1 1 2 3 1 1 1 2 3 3 1 1 3 2 2 2 3 2 2 1 2 2 1 3 3 2 2 3 2 2 2 3 1 2 2 2 1 2 1 3 3 1 1 3 0 1 2 2 1 2 1 2 3 2 3 2 2 2 2 2 2 1 2 1 3 3 1
M[179] : 1 1 2 1 1 1 1 2 2 1 2 1 1 2 2 1 1 1 2 2 1 0 1 1 1 2 2 2 2 2 2 1 1 1 1 1 2 1 1 3 1 2 1 1 2 1 1 1 1 1 2 1 1 1 1 1 2 1 1 2 1 1 1 2 1 1 1
M[180] : 0 1 1 1 1 1 1 1 1 1 1 0 1 1 2 1 0 1 2 1 2 1 1 2 1 1 2 2 1 1 1 1 1 2 2 1 1 1 1 1 2 1 1 1 1 1 1 1 1 1 1 1 1 1 2 1 1 1 1 1 2 1 1 1 3 1 1
M[181] : 1 2 1 2 2 1 1 2 1 1 1 2 1 1 1 1 1 2 2 1 2 2 2 2 2 1 1 1 1 2 2 2 1 1 1 1 2 2 1 1 1 2 0 1 1 2 1 1 2 1 1 1 1 2 2 2 1 2 2 1 2 2 1 1 1 1 2
M[182] : 1 2 2 1 2 1 2 2 2 2 2 1 2 2 2 2 2 1 1 2 1 2 2 2 1 2 0 2 2 1 2 1 1 1 1 2 2 1 2 3 2 1 2 1 2 2 2 2 1 2 2 1 1 1 2 1 3 2 2 2 1 2 1 2 2 1 2
M[183] : 0 2 2 2 2 1 2 2 2 2 2 1 2 1 1 2 2 1 1 2 1 2 2 0 1 1 1 2 2 1 3 1 2 1 1 2 2 1 2 2 2 1 2 2 2 2 2 2 1 2 2 2 2 2 1 1 3 3 2 2 1 2 1 2 2 1 2
M[184] : 2 2 2 3 1 1 2 2 3 2 3 2 2 2 2 2 3 2 3 2 2 3 3 2 3 2 2 3 3 1 2 1 1 2 2 2 3 0 2 2 2 2 2 3 2 2 3 2 2 1 2 3 3 2 2 3 2 2 3 2 2 3 2 2 2 2 3
M[185] : 2 1 1 1 1 2 1 1 1 1 1 0 1 1 1 1 1 2 1 1 2 1 1 1 1 2 1 2 2 1 0 1 1 1 1 1 1 1 1 1 1 2 1 1 1 1 0 1 2 0 2 1 1 1 1 1 0 0 1 1 1 1 1 1 1 1 1
M[186] : 2 2 3 1 3 2 2 3 1 2 3 2 3 2 2 2 2 3 3 3 2 3 3 2 1 3 3 2 2 3 2 3 2 2 2 1 3 2 3 3 3 2 3 1 2 2 0 3 2 2 2 2 2 2 2 3 2 2 3 3 2 3 3 2 2 3 3
M[187] : 1 1 2 1 1 1 1 2 1 1 2 1 2 1 2 2 1 1 2 1 1 2 1 2 1 2 2 2 2 2 2 2 1 1 1 1 1 1 1 2 1 2 1 1 1 1 1 2 2 1 1 1 1 1 1 2 2 1 2 2 2 1 1 2 1 1 0
M[188] : 2 1 2 2 2 2 2 2 2 1 1 1 2 1 1 1 2 2 1 1 2 1 1 1 2 3 1 2 2 2 1 2 2 1 0 1 2 2 1 1 2 2 1 2 2 1 3 1 2 2 2 2 2 1 2 2 2 1 1 1 1 2 1 1 1 2 1
M[189] : 1 3 2 2 3 2 2 2 2 1 2 2 1 1 1 3 0 2 2 3 2 3 2 3 3 1 1 1 1 2 2 2 2 2 2 1 3 2 1 2 1 3 2 1 2 3 1 1 3 1 2 2 2 3 3 2 2 3 2 1 2 2 2 1 1 2 2
M[190] : 2 2 2 1 1 2 1 3 1 2 3 2 2 2 2 2 1 0 2 3 2 2 2 2 1 2 3 2 2 3 2 3 1 2 1 1 2 1 3 3 2 2 3 1 2 2 1 3 2 1 2 1 1 2 2 3 2 2 3 2 2 2 1 3 2 2 3
M[191] : 1 3 1 2 3 2 2 2 2 2 2 2 1 2 1 2 3 2 2 2 1 2 2 3 3 2 1 0 1 2 3 2 2 3 2 2 2 2 1 3 2 2 2 2 2 3 2 1 2 1 2 3 2 3 3 2 3 3 2 1 2 2 1 2 2 2 2
M[192] : 2 2 2 2 2 1 1 1 2 2 1 2 1 1 1 2 2 1 2 2 1 1 1 2 2 2 1 1 2 2 2 1 1 1 2 1 2 2 1 1 1 2 1 2 1 2 1 0 2 1 1 1 2 2 2 2 0 2 2 1 1 2 1 1 2 1 1
M[193] : 1 2 2 3 3 2 3 0 3 2 1 2 3 2 2 2 3 3 2 2 2 2 1 3 3 2 2 3 3 2 3 2 2 3 2 3 1 2 1 3 3 2 2 3 3 2 3 1 2 2 1 2 3 3 3 2 2 2 1 3 3 1 2 2 3 3 1
M[194] : 2 2 2 2 2 1 1 0 2 2 2 2 1 1 1 2 2 1 2 2 2 2 3 2 2 2 1 1 2 2 2 1 1 2 2 1 2 2 1 2 1 3 2 2 1 2 1 1 2 1 1 1 2 2 2 2 2 2 2 1 2 3 2 2 2 2 2
M[195] : 2 2 2 1 2 2 1 2 2 2 3 2 2 1 1 2 2 3 3 3 2 2 3 2 1 3 3 1 1 3 2 3 2 2 2 1 3 2 3 2 3 2 2 1 1 2 2 2 2 2 0 2 2 2 1 2 2 2 3 1 2 3 2 2 2 2 3
M[196] : 1 1 2 2 1 1 1 1 2 1 1 0 1 2 2 1 1 1 1 1 2 1 1 2 2 1 1 2 1 1 0 1 1 2 1 1 1 1 1 2 1 2 1 1 1 1 1 1 1 1 1 1 2 1 2 1 1 1 1 2 2 1 1 1 2 1 1
M[197] : 2 2 3 1 2 2 2 3 2 2 3 2 3 1 3 2 2 3 3 3 2 3 3 2 2 3 3 0 2 3 2 3 2 2 2 1 3 2 3 2 3 2 3 1 3 2 3 3 3 2 3 2 2 2 1 2 2 2 3 2 2 3 3 2 2 3 3
M[198] : 0 2 1 2 1 1 1 2 2 2 2 1 2 1 1 2 2 2 1 1 2 2 1 2 2 1 2 1 1 1 2 1 1 2 1 1 1 1 1 1 2 1 2 2 1 1 2 2 1 2 1 2 2 2 1 0 3 2 2 1 2 1 2 2 2 2 2
M[199] : 3 2 2 2 2 2 2 2 2 0 2 1 2 1 1 1 2 3 2 1 3 1 3 1 2 3 2 2 2 2 1 2 2 1 2 2 2 2 2 1 2 3 1 2 2 2 3 1 3 2 2 3 2 1 2 2 2 1 2 2 2 3 2 2 1 3 2
M[200] : 1 1 1 1 1 1 1 2 1 1 1 1 1 1 1 1 1 1 2 0 1 2 1 1 1 1 2 1 1 2 1 2 1 1 0 1 1 1 1 2 1 1 1 1 1 1 1 2 1 1 1 1 1 1 0 1 2 1 2 1 2 1 1 2 1 1 1
M[201] : 2 2 2 3 2 1 2 2 2 2 2 2 1 1 2 2 3 2 2 3 2 3 2 3 3 1 1 2 1 2 2 1 1 2 3 2 3 2 1 2 1 3 3 2 1 3 0 2 3 1 2 2 2 3 3 2 2 2 2 1 2 2 2 2 2 1 2
M[202] : 1 3 2 3 3 2 2 2 3 2 2 2 3 2 2 3 3 2 2 2 2 3 2 3 3 2 1 3 3 2 3 2 2 3 2 3 1 2 1 3 3 2 2 3 2 3 3 1 2 2 2 3 3 4 3 2 2 3 2 2 3 1 0 2 3 3 2
M[203] : 2 3 4 2 3 2 3 4 3 3 2 2 3 3 3 4 3 3 3 3 2 3 2 3 3 3 3 3 3 3 2 3 3 3 2 2 3 3 1 3 4 0 4 3 3 3 3 3 3 3 3 3 3 3 3 3 2 3 3 3 4 2 3 3 3 4 3
M[204] : 1 1 2 2 1 0 1 2 3 2 1 1 3 2 2 2 3 2 2 1 2 2 1 3 3 2 2 2 2 1 2 3 1 2 2 1 1 2 1 2 3 1 1 2 1 1 1 1 1 2 1 2 3 2 3 2 2 2 2 2 2 1 2 1 3 2 1
M[205] : 1 1 2 2 2 1 1 1 2 2 1 1 2 2 1 1 2 1 1 2 2 1 1 1 2 1 1 1 1 0 2 0 1 2 1 2 1 1 1 2 2 2 2 2 1 1 1 1 2 2 1 1 2 2 2 1 1 2 1 2 1 1 1 1 2 1 1
M[206] : 2 3 3 1 3 3 2 3 1 2 3 2 3 2 3 2 2 3 3 3 2 3 3 2 1 3 3 2 2 3 2 3 2 2 2 1 3 2 3 3 3 2 3 0 2 2 1 3 2 2 2 2 2 2 2 3 2 2 3 3 2 3 3 3 2 3 3
M[207] : 0 2 1 2 1 1 2 2 2 2 2 1 2 1 0 2 2 1 1 1 2 2 2 2 2 1 2 2 1 1 2 1 1 1 1 1 1 1 1 1 2 1 2 2 1 1 2 2 1 2 1 2 2 2 1 1 3 2 2 1 2 1 2 2 2 2 2
M[208] : 1 1 1 2 2 1 1 1 1 1 1 2 1 1 1 1 1 2 2 1 2 2 0 1 2 1 1 1 1 2 1 1 1 1 1 1 1 2 0 1 1 1 1 1 1 1 1 1 2 1 1 1 1 2 2 2 1 1 2 1 1 2 1 1 1 1 1
M[209] : 0 1 1 1 1 1 1 1 1 1 1 0 1 1 2 1 1 1 1 1 2 1 1 2 1 1 1 2 1 1 1 1 1 2 0 0 1 0 0 1 1 0 1 1 1 1 1 1 1 1 1 1 1 1 2 1 1 1 0 1 2 0 1 1 1 1 0
M[210] : 2 2 2 1 2 2 1 1 2 2 3 2 2 1 1 2 2 3 1 2 1 2 3 1 1 2 0 2 2 2 2 3 2 2 2 1 2 2 3 2 2 2 2 1 1 2 2 2 2 1 1 2 2 2 1 2 2 2 2 1 2 3 2 2 2 2 3
M[211] : 2 2 2 1 2 2 1 1 2 2 3 2 2 1 1 1 2 2 1 2 1 1 2 1 1 2 1 2 2 2 2 3 1 1 2 1 2 1 3 2 2 2 2 1 1 2 2 1 0 1 1 2 2 2 1 1 1 2 1 1 1 3 2 2 2 2 3
M[212] : 3 0 3 2 2 2 2 2 3 2 3 1 2 2 2 2 3 3 2 2 3 2 2 2 2 3 2 3 3 2 1 2 2 2 2 2 4 2 2 1 2 3 2 3 2 1 3 2 3 2 2 3 2 1 2 2 2 1 2 2 2 3 2 2 2 3 2
M[213] : 1 2 2 3 2 2 2 1 3 2 1 2 3 2 2 1 3 2 2 2 2 1 1 3 3 2 2 2 2 2 3 2 2 3 2 2 1 1 1 3 3 2 2 2 2 0 2 1 2 2 1 2 3 3 3 2 2 3 1 2 3 1 1 2 3 3 1
M[214] : 2 3 4 1 3 3 3 4 2 3 3 2 3 3 3 3 3 3 3 3 2 3 3 2 2 3 3 3 3 3 2 3 2 3 2 2 3 2 3 2 3 2 3 2 3 3 3 3 3 2 3 3 2 3 2 3 0 2 3 3 3 3 3 3 3 3 3
M[215] : 1 1 1 2 1 1 1 1 1 1 1 1 1 1 1 1 1 2 2 1 2 2 1 2 2 1 1 1 1 2 1 2 1 1 1 1 1 2 0 1 1 1 1 1 1 2 1 1 2 1 1 1 1 2 2 2 1 0 2 1 2 1 1 1 1 1 1
M[216] : 1 1 2 2 1 1 1 1 2 1 1 0 1 2 2 1 1 1 2 1 2 1 1 2 2 1 1 2 2 1 1 1 1 2 2 1 1 1 1 2 1 2 1 0 1 1 1 1 1 2 1 1 2 1 2 2 1 1 1 2 2 1 1 1 2 1 1
M[217] : 1 2 2 2 2 1 1 1 1 1 0 2 1 1 1 1 1 1 2 1 1 1 1 1 2 1 1 1 1 2 1 1 1 1 1 1 1 2 0 1 1 2 1 1 1 2 1 1 2 1 1 1 2 2 2 2 1 2 2 1 1 2 2 1 1 1 1
M[218] : 0 1 1 1 1 1 1 1 1 1 1 0 1 1 2 1 1 1 1 1 2 1 1 2 1 1 0 2 1 1 1 1 1 2 1 1 1 1 0 1 1 0 1 1 1 1 1 1 1 1 1 1 0 1 2 1 1 1 0 1 2 0 1 1 2 1 1
M[219] : 1 2 1 2 1 1 1 2 2 2 1 1 2 1 2 2 2 2 2 1 2 2 1 2 2 1 2 1 1 1 2 2 1 2 1 1 1 1 1 1 2 1 2 2 1 1 2 2 1 2 1 2 2 2 0 2 2 2 2 1 2 1 2 1 2 2 1
M[220] : 1 2 1 1 2 2 2 2 1 1 2 2 1 1 1 2 2 2 2 2 1 2 2 2 1 1 1 1 1 2 3 2 2 2 0 1 2 1 1 1 2 2 2 2 2 2 2 1 2 1 2 2 2 2 1 2 2 3 2 1 2 2 1 1 1 2 2
M[221] : 1 1 2 2 2 1 1 1 2 2 1 1 2 2 2 1 2 1 1 2 2 1 1 0 2 2 1 2 2 0 3 2 1 3 2 2 1 1 1 2 2 2 2 2 1 1 2 1 2 2 1 1 2 2 2 2 1 3 1 2 1 1 1 1 2 2 1
M[222] : 3 2 2 1 2 2 2 3 2 2 3 2 3 1 1 2 2 3 3 3 2 2 3 2 2 4 3 1 0 3 2 3 2 2 2 1 3 2 3 2 3 2 3 1 2 2 2 3 3 2 2 2 2 2 1 2 2 2 3 2 2 3 3 2 2 3 3
M[223] : 1 2 2 3 3 2 2 1 3 2 1 2 3 2 2 3 3 2 2 2 2 0 2 4 3 2 2 3 2 2 3 2 2 3 2 2 1 2 1 3 3 2 2 3 2 3 3 1 2 2 1 3 3 4 3 2 2 3 1 2 3 1 1 2 3 3 2
M[224] : 0 1 1 2 1 1 1 1 1 1 1 1 1 1 1 1 1 1 0 1 1 1 1 1 2 1 0 1 1 1 1 0 1 1 1 1 1 2 0 1 1 1 1 1 1 1 1 0 2 1 1 1 1 1 1 1 1 1 1 1 1 1 0 1 1 1 1
M[225] : 1 1 1 2 2 1 1 1 1 1 1 1 1 1 1 1 1 2 2 1 2 2 1 1 2 1 1 1 1 2 1 1 1 1 1 1 1 2 0 1 1 1 1 1 1 1 1 1 2 1 1 1 1 2 2 2 1 1 2 1 1 2 1 1 1 1 0
M[226] : 2 3 3 3 3 2 3 3 3 3 1 3 3 3 3 3 3 3 3 3 2 3 1 3 3 3 2 3 3 2 2 3 3 3 2 3 0 3 1 3 3 2 3 3 3 2 3 3 1 3 2 3 3 3 3 2 2 2 2 3 4 1 2 3 3 3 1
M[227] : 1 2 1 1 2 2 2 2 1 1 2 2 1 1 1 2 1 2 2 2 1 2 2 2 0 1 1 1 1 2 3 2 2 2 2 1 2 2 1 1 1 2 2 2 2 2 2 1 2 1 2 2 1 3 2 2 2 3 2 1 2 2 1 1 1 2 2
M[228] : 1 2 2 2 2 1 1 1 2 2 1 1 2 2 1 1 2 0 1 2 2 1 2 1 2 2 1 1 1 0 3 2 1 3 2 2 1 1 1 2 2 2 2 2 1 2 2 1 2 2 1 1 2 2 2 2 1 3 1 2 2 1 1 2 2 2 2
M[229] : 1 1 2 2 2 1 1 1 2 2 1 2 2 2 2 1 3 1 2 2 2 1 1 2 3 2 1 2 2 1 2 2 1 3 2 2 1 1 1 2 3 2 1 2 1 1 2 1 2 2 1 2 2 0 2 2 2 2 1 2 2 1 1 1 3 2 1
M[230] : 3 2 3 2 2 2 2 3 2 3 2 2 3 2 2 0 3 3 2 2 3 2 3 1 2 3 2 2 2 2 2 3 2 3 2 2 3 2 3 1 3 3 2 3 2 2 3 2 3 2 3 3 2 2 1 2 2 2 2 2 3 3 3 2 3 3 3
M[231] : 1 2 2 1 2 2 1 2 2 2 3 2 2 1 1 2 2 2 1 2 0 2 2 1 1 2 1 2 1 2 2 3 1 2 2 1 2 1 3 2 2 2 2 1 1 2 2 2 2 1 1 2 2 2 1 1 2 2 2 1 2 3 2 2 2 2 3
M[232] : 1 3 1 2 3 2 2 2 0 1 2 2 1 1 1 2 1 2 2 2 2 2 2 3 2 1 1 1 1 2 3 2 2 2 2 1 2 2 1 2 1 2 2 2 2 3 2 1 3 1 2 1 1 3 3 2 3 3 2 1 2 2 1 1 1 2 2
M[233] : 1 2 2 2 2 1 1 1 1 1 1 1 1 1 1 1 1 1 2 1 1 1 1 1 2 1 1 1 1 2 1 1 1 1 1 1 0 2 0 1 1 2 1 1 1 1 1 0 2 1 1 1 2 2 1 2 1 1 1 1 1 1 1 1 1 1 1
M[234] : 1 2 1 2 1 1 2 2 2 2 1 2 2 2 2 2 2 2 2 1 2 2 2 3 2 0 2 3 2 1 2 3 1 2 1 2 1 1 1 2 3 1 2 2 2 1 2 2 1 3 2 2 2 2 2 2 2 2 2 3 2 1 2 1 3 2 2
M[235] : 1 2 2 1 2 2 1 2 2 2 3 2 2 1 1 2 2 3 2 2 2 2 3 1 1 0 2 1 1 2 2 3 1 2 2 1 3 1 3 2 2 2 2 1 1 2 2 2 2 1 1 2 2 2 1 2 2 2 3 1 2 3 2 2 2 2 3
M[236] : 2 3 3 0 3 3 2 3 1 2 3 2 3 2 3 2 2 3 3 3 2 3 3 2 2 3 3 2 2 3 2 3 2 2 2 1 3 2 3 3 3 2 3 1 3 3 2 3 2 2 2 2 2 2 2 3 2 2 3 3 2 3 3 3 2 3 3
M[237] : 1 2 2 2 2 1 2 2 1 1 2 2 1 1 1 1 1 2 2 0 2 2 2 3 2 1 1 1 1 2 2 2 1 1 2 1 2 2 1 1 1 2 2 1 1 3 1 1 3 1 2 1 2 3 3 2 1 2 2 1 2 2 2 1 1 2 2
M[238] : 2 2 2 3 2 1 2 3 3 2 3 2 2 2 2 2 3 1 3 3 2 3 3 2 3 2 2 2 3 1 2 1 0 2 3 2 3 3 1 2 2 3 3 3 2 3 2 2 3 1 3 3 3 2 3 2 2 2 2 2 2 3 2 2 3 3 3
M[239] : 2 2 2 2 2 2 1 1 2 1 1 1 1 1 1 1 2 3 1 1 2 1 2 1 2 3 1 2 2 2 2 2 2 1 2 1 2 2 2 1 1 3 1 2 1 2 2 1 2 1 2 2 2 1 1 2 1 2 1 1 1 3 2 1 1 2 0
M[240] : 1 2 2 2 2 1 2 2 2 2 2 2 2 2 2 2 2 1 0 2 1 2 2 2 1 2 2 2 2 1 2 1 2 1 1 2 2 1 2 3 2 1 2 2 2 2 2 2 1 2 2 2 2 2 2 2 3 3 2 2 1 2 2 2 2 1 2
M[241] : 3 2 3 3 0 2 2 3 3 2 3 1 2 2 2 2 3 2 2 2 3 3 3 2 2 3 2 3 3 1 2 2 2 2 2 2 3 2 2 1 2 2 2 3 2 1 3 2 3 2 2 3 3 1 2 2 2 1 3 2 2 3 2 2 2 2 3
M[242] : 2 3 4 3 3 2 3 3 2 2 3 2 3 3 2 3 3 3 3 3 2 3 2 3 3 3 2 2 3 2 2 2 3 4 3 2 3 3 1 3 3 3 3 3 3 3 3 2 3 2 3 2 3 4 4 0 3 3 2 3 4 2 3 3 3 4 3
M[243] : 1 1 1 2 1 1 1 2 2 2 1 2 2 1 2 2 2 2 2 1 2 2 1 3 2 1 2 2 1 1 2 3 1 2 1 1 1 1 1 0 2 1 2 2 1 1 2 2 1 3 1 2 2 2 1 2 2 2 2 1 2 1 2 1 3 2 1
M[244] : 1 3 2 3 3 2 2 2 2 2 2 2 1 2 2 3 2 2 2 3 2 3 2 3 3 2 1 2 2 2 3 2 2 3 2 2 3 2 1 2 1 2 3 3 3 3 3 1 3 1 2 2 3 3 3 2 3 3 2 0 2 2 2 2 3 2 2
M[245] : 2 2 2 1 2 2 2 3 2 2 3 2 3 1 1 2 2 3 3 3 2 2 3 2 2 3 3 1 2 3 2 3 2 2 2 1 3 2 3 2 3 2 3 1 0 2 2 3 3 2 2 2 2 2 1 2 2 2 3 2 2 3 2 2 2 3 3
M[246] : 2 2 2 1 2 2 1 3 1 2 3 2 2 2 2 2 1 1 2 3 2 2 2 2 1 2 3 2 2 3 2 3 1 2 1 1 2 1 3 3 2 2 3 1 2 2 1 3 2 1 2 1 1 1 2 3 2 2 3 2 2 2 0 3 2 2 3
M[247] : 2 3 3 1 3 3 3 3 2 2 3 2 3 2 3 3 0 2 3 3 2 3 3 2 1 3 3 3 2 3 2 3 2 2 2 2 3 2 3 3 3 2 3 1 3 3 3 3 2 2 2 1 1 3 2 3 3 2 3 3 2 2 3 3 3 3 3
M[248] : 1 1 2 3 2 2 3 2 3 3 1 2 3 3 3 3 3 3 2 2 2 3 1 3 3 2 2 3 3 2 2 3 2 3 2 3 1 2 1 3 3 2 1 3 3 2 3 2 1 3 0 2 3 3 3 2 2 2 2 3 3 1 2 2 3 3 1
M[249] : 1 2 2 2 2 1 1 1 1 1 1 1 1 1 1 1 1 1 2 1 1 1 1 1 2 1 1 1 1 2 1 1 1 1 1 1 1 2 0 1 1 2 1 1 1 1 1 0 2 1 1 1 2 2 1 2 1 1 1 1 1 0 1 1 1 1 1

