 Execution de l'algoritme BITS sur le fichier r250.5.col.txt
=====================================================================
 Partitions  : 
Vk[0] : 240 210 205 76 -->  4 éléments.
Vk[1] : 141 66 127 199 -->  4 éléments.
Vk[2] : 1 0 90 231 -->  4 éléments.
Vk[3] : 202 114 245 -->  3 éléments.
Vk[4] : 213 194 197 -->  3 éléments.
Vk[5] : 176 227 212 49 -->  4 éléments.
Vk[6] : 226 74 148 208 -->  4 éléments.
Vk[7] : 117 59 184 142 -->  4 éléments.
Vk[8] : 64 181 168 -->  3 éléments.
Vk[9] : 220 93 98 97 -->  4 éléments.
Vk[10] : 121 132 29 45 -->  4 éléments.
Vk[11] : 63 133 159 215 -->  4 éléments.
Vk[12] : 166 153 91 118 -->  4 éléments.
Vk[13] : 128 30 34 40 -->  4 éléments.
Vk[14] : 198 27 224 102 -->  4 éléments.
Vk[15] : 88 161 134 -->  3 éléments.
Vk[16] : 50 246 157 146 -->  4 éléments.
Vk[17] : 31 216 174 33 -->  4 éléments.
Vk[18] : 204 150 145 -->  3 éléments.
Vk[19] : 156 22 20 236 -->  4 éléments.
Vk[20] : 237 35 214 47 -->  4 éléments.
Vk[21] : 105 131 247 51 -->  4 éléments.
Vk[22] : 12 6 119 -->  3 éléments.
Vk[23] : 116 190 72 -->  3 éléments.
Vk[24] : 10 203 218 62 -->  4 éléments.
Vk[25] : 7 56 143 -->  3 éléments.
Vk[26] : 170 234 230 86 -->  4 éléments.
Vk[27] : 232 120 111 44 -->  4 éléments.
Vk[28] : 28 191 89 -->  3 éléments.
Vk[29] : 130 67 14 241 -->  4 éléments.
Vk[30] : 171 53 163 124 -->  4 éléments.
Vk[31] : 183 238 2 235 -->  4 éléments.
Vk[32] : 94 96 177 115 -->  4 éléments.
Vk[33] : 25 16 206 169 -->  4 éléments.
Vk[34] : 239 192 167 -->  3 éléments.
Vk[35] : 75 71 158 217 -->  4 éléments.
Vk[36] : 243 244 43 -->  3 éléments.
Vk[37] : 92 182 229 8 -->  4 éléments.
Vk[38] : 41 154 46 -->  3 éléments.
Vk[39] : 125 15 136 107 -->  4 éléments.
Vk[40] : 228 85 207 222 -->  4 éléments.
Vk[41] : 23 108 84 -->  3 éléments.
Vk[42] : 152 179 109 32 -->  4 éléments.
Vk[43] : 65 162 69 -->  3 éléments.
Vk[44] : 52 233 77 42 -->  4 éléments.
Vk[45] : 248 225 38 55 -->  4 éléments.
Vk[46] : 189 219 149 187 -->  4 éléments.
Vk[47] : 172 221 24 -->  3 éléments.
Vk[48] : 68 180 110 160 -->  4 éléments.
Vk[49] : 103 122 155 39 -->  4 éléments.
Vk[50] : 126 144 13 188 -->  4 éléments.
Vk[51] : 99 5 249 164 -->  4 éléments.
Vk[52] : 106 151 104 137 -->  4 éléments.
Vk[53] : 48 73 78 112 -->  4 éléments.
Vk[54] : 123 82 209 80 -->  4 éléments.
Vk[55] : 196 201 4 58 -->  4 éléments.
Vk[56] : 211 101 242 18 -->  4 éléments.
Vk[57] : 26 87 129 70 -->  4 éléments.
Vk[58] : 113 178 173 -->  3 éléments.
Vk[59] : 139 57 83 140 -->  4 éléments.
Vk[60] : 193 9 195 -->  3 éléments.
Vk[61] : 19 200 21 36 -->  4 éléments.
Vk[62] : 37 100 81 17 -->  4 éléments.
Vk[63] : 60 79 11 135 -->  4 éléments.
Vk[64] : 95 175 138 -->  3 éléments.
Vk[65] : 223 3 165 147 -->  4 éléments.
Vk[66] : 54 61 185 186 -->  4 éléments.
Matrice M
M[0] : 2 3 0 3 3 2 3 3 2 4 2 2 2 3 2 2 3 3 3 3 2 2 2 3 2 2 3 2 3 3 3 2 3 3 2 2 3 2 2 2 3 3 2 3 3 3 3 3 1 2 2 2 3 3 3 3 1 3 3 3 3 2 2 3 3 3 3
M[1] : 1 2 0 2 2 2 2 2 2 1 2 2 2 2 2 1 2 2 1 2 3 2 2 2 2 1 2 2 1 2 2 2 2 2 1 2 2 2 2 2 2 1 2 2 2 2 2 1 2 3 2 2 1 2 2 2 2 2 2 1 2 2 2 2 1 2 2
M[2] : 1 2 2 1 1 2 1 2 2 2 1 2 2 1 2 2 2 2 2 1 2 2 2 1 3 2 2 2 1 1 2 0 2 2 1 1 2 1 1 2 2 2 1 1 1 1 2 1 2 2 2 1 2 2 2 2 1 1 1 2 1 2 1 2 1 1 1
M[3] : 1 1 1 2 1 1 1 2 1 2 1 1 1 1 2 1 1 1 1 1 1 1 1 1 1 1 1 1 1 2 1 1 1 1 1 1 1 1 2 1 1 1 1 1 2 1 1 1 0 1 1 1 1 1 2 1 2 1 1 2 1 1 0 2 1 0 1
M[4] : 3 2 3 2 2 2 3 3 2 2 3 3 3 2 3 3 3 3 2 1 2 2 3 3 2 2 3 1 2 3 3 3 2 2 2 2 3 3 2 3 2 2 3 2 3 3 3 1 2 2 2 3 2 3 1 0 3 3 2 2 2 2 2 3 3 3 1
M[5] : 4 3 3 2 3 3 4 4 3 3 2 2 3 3 3 3 3 4 3 3 3 2 3 3 2 1 3 3 3 2 3 4 3 3 3 2 3 3 2 3 4 3 2 3 2 3 3 3 2 3 3 0 3 4 3 3 2 3 3 4 3 2 2 4 3 2 3
M[6] : 1 2 1 1 1 2 1 1 1 1 2 1 2 2 1 1 2 2 1 2 3 2 0 2 2 1 1 2 1 1 1 2 2 2 1 1 1 2 0 2 1 1 2 2 2 2 2 1 2 1 2 2 1 2 2 2 1 1 1 1 1 1 2 2 1 2 2
M[7] : 1 1 1 1 1 2 2 1 1 1 1 2 2 1 1 1 2 1 1 2 1 2 1 2 1 0 2 2 1 2 2 1 2 2 1 3 1 2 1 2 1 1 1 1 1 1 2 1 3 2 2 1 2 1 1 2 1 2 1 1 1 3 2 2 2 2 2
M[8] : 2 3 3 3 3 2 3 4 2 3 3 3 2 3 2 2 3 2 2 3 2 3 2 2 2 2 2 3 3 3 2 2 3 3 3 3 2 0 2 3 2 2 3 3 3 3 2 2 1 2 3 3 4 2 3 3 2 3 3 3 3 3 2 3 3 3 2
M[9] : 1 2 2 2 2 1 2 1 2 2 3 3 2 2 3 1 2 2 2 3 2 2 1 1 1 1 2 3 2 2 2 1 2 2 3 3 2 1 2 2 2 2 2 1 3 2 2 2 2 1 2 3 3 2 2 2 1 3 2 2 0 3 2 1 2 2 2
M[10] : 1 2 1 1 1 2 2 1 1 1 2 2 2 2 1 1 2 2 1 2 2 2 1 1 0 1 2 1 1 2 2 1 2 2 1 3 1 1 1 2 1 1 1 1 1 2 2 1 3 2 2 1 2 2 1 2 1 2 1 1 1 3 2 2 2 2 2
M[11] : 2 3 3 3 3 2 3 3 2 2 3 3 2 2 2 2 2 2 2 3 2 3 2 2 2 2 2 3 2 2 2 2 2 3 3 3 2 2 2 3 2 2 3 2 3 3 2 2 2 2 3 3 3 2 3 3 2 3 2 3 3 3 2 0 3 3 3
M[12] : 2 3 2 3 3 2 3 3 2 3 2 3 1 2 2 1 1 1 3 3 2 2 0 2 2 2 2 2 2 3 2 2 2 2 2 2 2 2 2 1 3 2 2 2 3 3 2 3 1 2 3 2 3 3 3 2 2 3 3 3 2 3 1 3 2 3 3
M[13] : 3 3 3 2 2 2 3 3 2 2 3 3 2 2 3 3 3 3 3 2 2 2 3 3 2 2 3 1 3 3 3 3 3 3 2 2 3 4 2 3 2 3 3 3 3 3 4 1 2 3 0 2 2 3 1 2 3 2 2 2 2 2 2 3 3 3 2
M[14] : 1 1 1 2 1 1 1 2 1 2 1 1 1 1 2 1 1 1 1 1 1 1 1 1 1 1 1 1 1 0 1 1 1 1 1 1 1 1 2 1 2 1 2 1 2 1 1 1 0 1 1 1 1 1 2 1 2 1 1 2 1 1 0 1 1 2 1
M[15] : 2 1 2 2 2 1 2 2 1 1 1 2 2 1 1 1 3 1 1 2 1 2 1 2 2 2 1 2 1 2 2 2 1 2 1 2 1 2 1 0 2 1 2 2 1 1 1 1 3 1 2 2 2 1 2 2 2 2 1 2 2 2 2 2 2 1 2
M[16] : 2 2 2 1 1 2 1 1 1 2 1 1 2 2 2 2 1 3 1 1 2 2 1 1 2 1 1 3 2 1 1 2 3 0 1 1 2 2 1 2 2 2 1 1 1 1 1 1 2 2 2 2 1 1 3 2 1 1 1 2 1 1 3 1 1 1 1
M[17] : 1 1 2 1 1 1 2 2 2 2 2 2 1 1 2 2 1 1 2 1 2 1 2 2 1 0 2 1 1 2 2 2 1 2 1 2 2 2 1 1 2 1 1 1 2 2 2 0 1 2 1 1 1 1 1 1 1 2 2 1 1 2 0 2 1 1 1
M[18] : 1 1 0 1 1 1 1 1 1 2 1 1 0 1 1 0 1 1 1 1 1 1 1 0 1 1 1 1 1 1 1 0 1 1 1 1 1 0 1 1 1 1 1 0 1 1 1 1 0 1 1 1 1 1 1 1 0 1 1 2 0 1 0 1 1 1 1
M[19] : 2 1 2 2 2 1 1 2 1 2 1 1 2 2 1 2 2 2 1 3 1 1 2 1 1 1 1 2 1 1 1 2 1 2 2 2 1 2 0 2 2 1 2 1 1 1 1 1 2 1 1 1 1 1 1 2 2 1 2 2 2 0 2 1 1 1 3
M[20] : 2 1 2 2 2 1 1 2 1 2 1 1 2 1 1 1 1 1 1 0 0 1 1 1 1 1 1 1 1 1 1 2 1 1 2 1 1 2 0 1 2 1 2 1 1 1 1 1 1 1 1 1 1 1 1 1 1 1 1 2 2 1 2 1 1 1 2
M[21] : 3 3 3 2 2 3 3 3 2 2 3 3 3 3 3 3 3 4 3 3 2 3 3 3 2 2 3 3 3 3 4 4 3 3 2 2 3 4 2 3 4 3 3 3 3 2 4 2 3 4 2 2 3 4 2 2 3 3 2 3 3 0 2 3 3 3 3
M[22] : 2 3 2 1 1 2 1 2 1 2 1 1 2 1 2 2 2 2 2 0 1 2 2 1 3 1 2 2 2 1 2 2 2 2 1 1 2 1 1 1 2 2 1 1 1 1 2 1 2 2 3 1 1 1 3 1 1 1 1 2 1 1 1 2 1 1 1
M[23] : 2 1 1 2 2 2 2 3 2 2 2 2 2 1 2 1 2 2 2 2 2 1 1 2 2 2 2 2 1 3 2 2 2 2 2 2 1 2 2 1 2 0 2 2 2 2 1 3 1 2 2 2 3 2 3 2 2 3 2 2 2 2 2 3 2 2 2
M[24] : 3 3 4 3 3 2 3 3 1 2 2 3 3 3 2 3 3 3 3 3 2 3 2 3 2 2 3 3 3 3 3 2 3 2 3 3 3 3 2 3 2 3 3 3 2 2 3 0 2 1 3 3 3 4 2 3 2 3 3 3 3 2 2 3 3 2 3
M[25] : 2 1 2 2 2 2 3 3 2 2 2 2 2 1 2 1 1 1 1 2 2 1 1 2 2 2 2 2 1 3 2 2 2 0 2 2 1 2 2 1 2 1 2 2 2 2 1 3 1 2 2 2 3 2 3 1 2 3 2 2 2 2 2 3 2 3 2
M[26] : 1 1 1 2 2 1 1 2 1 2 2 2 1 1 2 1 1 1 1 1 1 1 1 1 1 2 1 1 1 2 1 1 1 1 1 1 1 1 2 1 2 1 2 1 2 1 1 1 1 1 1 2 2 1 2 1 2 0 1 2 2 1 1 2 1 2 1
M[27] : 2 3 2 3 3 2 3 3 2 4 2 2 2 3 0 2 2 3 3 3 3 2 2 2 2 2 3 3 3 3 3 2 3 3 2 2 3 2 2 2 3 3 2 2 3 3 3 3 2 2 2 2 3 3 3 3 1 3 3 3 3 2 2 3 3 3 3
M[28] : 2 1 3 2 2 2 2 2 2 2 2 2 3 2 3 3 2 3 2 2 3 2 2 2 2 1 3 2 0 2 3 2 2 2 1 2 2 4 2 1 2 2 2 2 3 3 2 1 2 3 2 2 2 2 2 2 2 2 2 1 2 2 2 2 2 3 2
M[29] : 4 3 3 2 3 3 3 4 3 3 0 3 3 3 3 3 3 4 3 3 3 3 3 3 3 1 3 3 3 3 3 4 3 3 1 1 3 4 2 2 4 3 2 3 3 2 3 2 2 3 2 2 3 4 3 3 3 3 3 4 3 1 3 4 3 2 3
M[30] : 2 1 1 1 1 1 1 1 1 1 0 0 1 0 1 1 1 1 1 1 1 1 1 1 1 0 1 1 1 1 1 2 1 1 0 0 1 2 0 1 2 1 0 1 1 1 1 1 1 1 1 0 1 1 1 1 0 1 1 2 1 0 1 1 0 1 1
M[31] : 2 1 3 2 2 1 2 2 2 2 2 2 2 2 3 2 2 0 2 1 2 2 2 2 2 1 3 1 2 2 3 2 1 2 1 2 2 2 2 1 2 2 3 1 3 3 3 1 2 3 1 2 2 2 1 1 3 2 2 1 2 2 2 2 1 3 1
M[32] : 4 3 2 3 3 2 3 4 3 3 2 3 2 3 3 3 3 4 3 3 3 2 3 3 2 2 3 3 3 3 3 4 3 3 2 2 3 3 2 2 4 3 0 3 2 3 3 3 2 3 2 1 4 3 3 3 1 3 3 4 3 2 2 3 3 2 3
M[33] : 2 2 2 1 1 1 2 2 1 1 2 2 3 1 1 2 3 0 1 2 1 2 1 2 2 2 1 2 1 2 2 2 2 2 2 3 1 2 1 2 2 1 2 2 1 1 1 1 3 2 2 2 2 1 2 2 2 3 1 1 2 2 2 2 2 1 2
M[34] : 2 2 3 2 2 1 2 2 1 1 2 3 3 0 2 2 3 3 1 2 1 2 2 2 2 2 1 2 1 2 2 2 2 2 2 3 1 2 2 3 2 1 3 2 1 1 1 1 3 2 2 2 3 1 2 3 2 3 1 2 2 2 2 2 2 1 3
M[35] : 2 2 1 1 1 2 1 1 1 2 1 1 1 1 2 1 1 1 1 1 0 1 1 1 2 1 1 1 2 1 1 2 2 1 1 0 1 1 1 1 2 1 1 1 1 1 1 1 1 2 1 1 1 1 1 1 0 1 1 2 1 0 1 1 1 1 1
M[36] : 2 1 1 2 2 1 1 2 1 2 1 2 1 1 2 1 1 1 1 1 1 1 1 1 1 2 1 1 1 2 1 2 1 1 1 1 1 1 2 1 2 1 2 1 2 1 1 2 0 1 1 2 2 1 2 1 2 1 1 2 2 0 0 2 1 2 1
M[37] : 1 1 2 1 1 1 1 1 1 2 1 1 1 1 1 0 1 1 1 1 0 1 0 1 1 1 1 1 1 1 1 1 1 1 2 1 1 1 0 1 2 1 2 1 1 1 1 1 1 1 1 1 1 1 1 1 1 1 1 2 1 1 0 1 1 1 1
M[38] : 2 1 2 1 1 1 1 1 1 1 1 1 1 1 2 1 1 1 1 1 1 1 2 1 1 0 1 1 1 1 1 2 1 1 0 1 1 2 1 1 2 0 1 1 1 0 1 0 1 1 1 1 1 1 1 1 1 1 1 1 1 1 1 1 1 1 1
M[39] : 2 1 2 1 1 1 1 1 1 1 2 1 1 2 1 1 1 2 1 1 2 1 1 1 1 1 2 1 2 1 1 2 1 1 0 1 1 2 1 1 1 1 2 1 2 2 2 0 1 0 1 1 1 1 1 1 2 1 1 2 1 2 1 1 1 2 1
M[40] : 2 1 3 2 2 1 2 2 2 2 2 2 2 0 3 3 2 1 2 1 2 2 2 2 2 1 3 1 2 2 3 2 1 2 1 2 2 4 2 1 2 2 3 2 3 3 3 1 3 3 1 2 2 2 1 1 3 2 2 1 2 2 2 2 1 3 1
M[41] : 3 3 2 3 3 2 3 3 3 4 2 2 2 3 3 2 3 3 3 3 3 2 2 3 2 2 3 3 3 3 3 2 3 3 2 2 3 2 0 2 4 3 2 3 3 3 3 3 2 3 2 2 3 3 3 3 1 3 3 3 3 2 2 3 3 3 3
M[42] : 2 2 3 1 1 2 3 2 1 1 3 3 3 2 2 2 3 3 1 2 1 2 2 2 2 2 2 2 2 2 2 2 2 2 2 3 1 2 2 3 2 1 3 2 0 1 2 1 3 2 2 3 3 2 2 2 3 3 1 2 2 3 3 2 2 2 3
M[43] : 3 2 3 1 1 2 3 3 1 1 3 3 3 2 2 2 3 3 1 2 2 2 2 2 2 2 3 1 2 3 2 3 2 1 2 3 0 3 2 3 1 1 3 2 3 3 2 1 2 2 2 3 3 2 2 2 3 3 1 2 3 3 3 2 2 2 2
M[44] : 3 3 3 2 2 2 3 3 2 2 3 3 3 3 3 3 3 3 3 1 2 2 3 3 2 2 3 0 3 3 3 3 3 3 2 2 3 3 2 3 3 3 3 3 3 3 4 1 2 2 2 3 3 3 2 2 3 3 2 2 3 3 2 3 3 3 2
M[45] : 1 1 2 2 1 2 2 2 1 2 0 1 1 1 2 1 1 1 1 1 1 1 1 1 1 2 1 1 1 2 2 1 1 1 1 1 1 1 2 1 1 1 2 1 2 1 1 1 1 1 1 2 3 1 2 1 2 2 1 2 1 1 1 2 2 1 1
M[46] : 2 2 2 1 1 2 3 1 1 1 3 3 3 2 1 1 2 2 1 1 2 2 1 2 2 2 2 1 2 2 2 2 2 1 2 2 1 3 0 2 1 1 3 1 2 2 2 1 2 2 2 3 2 2 1 2 3 2 1 2 1 2 2 2 2 2 1
M[47] : 2 1 2 1 1 1 1 1 1 1 1 1 1 1 2 2 1 1 1 1 0 1 2 1 1 0 1 1 1 1 1 2 1 1 0 1 1 2 1 1 2 0 1 1 1 1 1 0 1 1 1 1 1 1 1 1 2 1 1 1 1 1 1 1 1 1 1
M[48] : 2 1 2 2 2 2 3 2 2 2 2 2 1 1 2 1 1 1 1 1 2 1 1 1 2 2 2 1 1 3 2 2 2 1 2 2 1 2 2 1 2 1 2 2 2 2 1 3 1 2 1 2 3 0 2 1 2 3 1 2 2 2 1 2 2 2 1
M[49] : 2 1 2 1 1 0 2 2 2 2 2 2 1 1 2 2 1 1 1 1 2 1 2 1 2 2 3 1 2 2 2 2 1 1 1 2 2 2 1 1 2 2 2 1 2 3 3 1 2 2 1 2 2 1 1 1 2 2 2 2 1 2 2 1 1 2 1
M[50] : 2 3 2 1 1 2 1 1 1 2 1 1 2 2 2 2 0 3 1 1 1 3 1 1 3 1 2 2 2 1 2 2 2 1 1 1 2 2 1 2 2 2 1 1 1 1 1 1 2 2 3 1 1 1 3 1 1 1 1 2 1 1 1 1 1 1 1
M[51] : 1 1 2 1 1 1 2 2 1 1 1 1 1 1 1 1 1 1 1 2 1 0 1 1 1 1 1 2 1 2 1 1 1 2 1 1 1 2 1 1 1 1 1 1 1 1 1 1 2 1 1 1 2 1 1 2 1 1 1 1 2 1 1 1 1 1 2
M[52] : 3 3 2 2 3 3 2 3 3 3 2 2 2 3 2 2 3 3 3 3 3 3 3 3 3 2 3 3 2 3 3 3 4 3 1 2 3 3 1 3 4 2 1 2 0 2 2 3 2 3 3 1 2 2 3 3 1 2 3 3 2 2 2 3 2 3 3
M[53] : 2 2 2 1 1 2 1 1 1 1 2 1 1 2 2 2 2 2 1 2 2 2 1 2 2 1 1 2 2 1 0 2 3 2 1 1 1 2 1 2 2 1 2 1 2 1 1 1 2 1 2 2 1 2 2 2 2 1 1 2 1 1 2 1 2 1 1
M[54] : 1 2 2 2 3 2 3 2 2 2 2 3 1 2 2 1 1 1 2 3 2 2 1 1 2 2 2 3 2 3 2 1 2 1 2 3 1 1 2 1 2 2 2 1 3 3 2 2 1 2 3 3 3 2 3 1 2 3 2 2 2 3 1 2 2 3 0
M[55] : 2 2 3 1 1 2 3 2 1 1 2 3 3 2 2 2 3 3 1 2 1 2 2 2 2 2 1 2 2 2 2 2 2 2 2 3 1 2 2 3 2 1 2 2 1 0 2 1 3 2 2 2 3 2 2 3 2 3 1 3 2 3 2 2 2 2 3
M[56] : 4 3 3 2 3 3 3 4 3 3 2 2 3 3 3 3 3 4 3 3 3 2 3 3 2 0 3 3 3 2 3 4 3 3 3 1 3 3 2 3 4 3 2 3 2 2 3 3 2 3 2 2 3 4 3 3 2 3 3 4 3 2 2 4 3 2 3
M[57] : 1 2 2 2 1 2 3 2 2 2 2 3 1 2 2 1 1 1 1 2 2 1 1 1 2 2 2 2 2 2 2 1 2 2 2 3 1 1 2 2 1 2 2 1 2 2 2 2 1 2 2 3 3 2 2 1 2 3 1 0 1 3 2 2 2 3 1
M[58] : 1 1 2 2 1 1 2 2 1 1 1 1 1 1 1 1 1 1 1 2 1 1 1 1 1 1 1 1 1 1 1 2 1 2 1 1 1 2 1 1 2 1 2 1 1 1 1 1 2 1 1 1 2 1 1 0 1 1 1 1 2 1 2 1 1 1 2
M[59] : 3 3 2 2 2 3 1 0 2 3 2 1 3 2 2 2 3 3 3 2 2 3 3 3 2 1 3 3 2 1 3 3 3 3 1 1 3 3 1 3 3 2 2 3 2 1 2 2 2 3 3 2 1 2 3 3 2 1 2 2 2 1 3 3 2 2 2
M[60] : 2 3 2 1 1 2 1 1 2 2 1 1 2 2 2 2 3 3 2 2 2 3 2 1 3 1 2 3 2 1 2 2 3 3 1 1 2 3 1 3 2 2 1 1 1 1 2 2 2 3 3 2 1 1 3 2 1 1 1 2 1 1 3 0 2 1 2
M[61] : 1 2 2 1 1 2 1 2 1 2 1 1 1 1 2 2 2 2 2 1 2 2 2 1 3 1 2 2 2 1 2 1 2 2 1 1 2 1 1 1 2 2 1 1 1 1 2 1 2 2 2 1 1 1 2 1 1 1 1 2 1 1 1 2 1 1 0
M[62] : 2 1 1 1 2 1 2 1 1 1 2 2 2 1 2 1 2 2 1 2 1 1 1 2 0 2 1 1 1 2 1 2 1 1 1 1 1 2 2 1 2 1 1 2 2 2 1 2 1 1 1 2 2 2 1 2 2 1 1 2 1 1 1 2 1 2 2
M[63] : 2 1 2 2 2 1 2 2 1 1 2 0 2 1 1 2 3 2 1 2 1 2 2 2 2 2 1 2 1 2 2 2 1 2 1 2 1 2 1 2 2 1 3 2 1 1 1 1 3 1 2 2 2 1 2 2 2 1 1 2 2 2 2 1 2 1 3
M[64] : 1 2 1 2 2 2 1 1 0 1 2 2 2 2 1 1 2 2 1 2 3 2 2 2 2 1 1 2 1 1 1 2 2 2 1 1 1 2 1 2 1 1 2 2 2 2 2 1 2 1 2 2 1 2 2 2 2 1 1 1 1 1 1 2 1 2 2
M[65] : 2 3 2 1 1 2 1 2 1 2 1 1 2 2 2 2 2 2 2 1 3 3 2 1 3 1 2 3 2 1 2 2 2 2 1 1 2 3 1 3 2 2 1 0 1 1 2 2 2 3 3 1 1 2 3 2 1 1 1 2 1 1 2 2 1 1 1
M[66] : 1 0 1 1 1 1 1 1 1 1 0 0 1 1 1 1 1 1 1 1 1 1 1 1 1 0 1 1 0 1 1 1 1 1 0 0 1 1 0 1 2 1 0 1 1 1 1 1 1 1 1 0 0 1 1 1 0 0 1 1 1 0 1 1 0 1 1
M[67] : 2 2 2 1 1 1 1 1 1 1 3 2 2 2 1 1 1 2 1 1 2 2 1 1 2 1 2 1 2 0 2 2 2 1 2 2 1 2 1 2 1 1 2 1 2 2 2 1 2 2 1 2 1 2 1 1 2 2 1 2 1 2 2 1 1 2 1
M[68] : 1 2 1 1 1 2 2 1 1 1 2 2 2 2 1 1 2 2 1 1 2 2 1 1 1 1 2 1 1 1 2 1 2 1 1 2 1 1 1 2 1 1 2 1 2 2 2 1 0 2 2 2 1 2 1 2 2 1 1 1 1 2 2 1 1 2 2
M[69] : 2 2 2 3 3 2 3 4 2 3 3 3 1 2 3 1 2 2 2 3 2 2 2 1 2 2 2 3 2 3 2 2 2 3 3 3 2 1 2 3 2 2 2 0 3 3 2 2 1 2 3 3 3 2 3 3 1 3 2 2 3 3 2 2 3 3 3
M[70] : 2 1 2 1 1 1 1 1 1 1 2 1 2 2 1 1 1 2 1 1 2 1 1 1 2 1 2 1 2 1 1 2 1 1 2 2 1 2 1 2 1 1 2 1 2 2 2 1 1 2 1 1 1 1 1 1 2 0 1 2 1 2 1 1 1 2 1
M[71] : 2 1 1 1 1 1 1 1 1 2 1 1 2 2 1 0 2 1 1 1 0 1 0 1 1 1 1 1 1 1 1 1 1 1 2 0 1 1 0 2 2 1 2 1 1 1 1 1 1 1 1 1 1 1 1 2 1 1 1 2 1 1 2 1 1 1 2
M[72] : 2 3 3 3 3 2 3 4 2 3 3 3 2 2 3 2 2 2 2 3 2 3 2 0 2 2 2 3 2 3 2 2 2 3 3 3 2 1 3 3 2 2 3 2 3 3 2 2 2 2 3 3 3 2 3 3 2 3 2 3 3 3 2 2 3 3 3
M[73] : 2 3 2 1 1 2 1 2 1 2 1 1 2 2 2 2 2 3 2 1 2 3 2 1 3 1 2 3 2 1 2 2 3 2 1 1 2 2 1 3 2 2 1 1 1 1 2 2 2 2 3 1 1 0 3 2 1 1 1 2 1 1 2 1 1 1 1
M[74] : 2 2 3 2 2 1 0 2 1 2 3 2 2 2 2 2 2 2 2 3 1 2 2 1 2 2 1 2 1 1 1 2 1 3 3 2 2 2 2 2 2 1 3 2 1 1 2 1 3 1 2 2 3 2 2 3 2 2 2 2 2 2 2 1 2 1 3
M[75] : 3 3 3 2 3 3 3 3 3 3 2 3 3 3 3 3 3 3 3 3 2 2 3 3 2 2 3 2 3 3 4 4 3 3 3 0 3 4 2 3 4 3 3 3 3 2 4 2 2 3 3 3 3 4 3 2 3 3 3 3 3 2 2 3 3 2 3
M[76] : 0 2 2 3 3 2 3 3 2 3 2 3 1 2 2 1 2 2 2 3 2 2 1 1 2 2 2 3 2 3 2 1 2 2 2 3 2 1 2 2 2 2 2 1 3 3 2 2 1 2 3 3 3 2 3 2 2 3 2 3 2 3 1 2 2 3 2
M[77] : 1 1 2 1 1 1 2 2 2 2 2 1 1 1 2 2 1 1 2 1 2 1 2 1 1 0 2 1 1 2 2 2 1 1 1 2 2 2 1 1 2 1 1 1 0 2 2 0 1 2 1 1 1 1 1 1 1 2 2 1 1 2 1 1 1 1 1
M[78] : 2 1 3 2 2 1 2 2 1 2 2 3 2 2 2 2 3 2 2 3 1 2 2 2 2 2 1 2 1 2 1 2 1 2 3 2 2 2 2 3 2 1 3 2 1 1 1 1 3 1 2 2 3 0 2 3 2 2 1 2 2 2 2 2 2 1 3
M[79] : 2 2 2 1 1 1 2 2 2 2 3 2 2 2 2 2 1 2 1 1 2 1 2 1 2 2 3 1 2 1 2 2 2 1 2 2 1 2 1 2 2 1 2 1 2 2 3 1 2 2 1 2 1 2 1 1 2 2 1 2 1 2 2 0 1 2 1
M[80] : 3 3 3 2 2 2 3 3 2 2 3 3 3 2 3 3 3 3 3 2 2 1 3 3 2 2 3 1 3 3 3 3 3 3 2 2 3 4 2 3 2 3 3 3 3 3 4 1 2 3 2 3 2 3 0 2 3 3 2 2 2 2 2 3 3 3 2
M[81] : 3 3 4 3 3 3 4 3 2 4 3 3 2 3 2 3 3 3 3 3 2 2 2 3 2 2 3 2 3 3 2 2 3 3 3 3 3 3 2 3 2 3 3 3 2 2 2 2 2 2 3 2 3 4 3 3 2 3 3 3 3 2 0 3 3 2 2
M[82] : 1 2 2 2 2 1 2 1 2 2 3 3 2 2 3 1 2 2 2 2 2 2 1 1 1 1 2 3 1 2 2 1 2 2 2 3 2 1 2 2 2 2 2 1 2 2 2 2 2 1 2 3 2 2 0 2 1 2 2 2 1 2 2 1 2 2 2
M[83] : 2 1 3 2 2 2 2 2 2 2 2 2 3 2 3 3 3 3 2 2 3 2 3 3 2 1 3 2 3 2 3 3 3 2 1 2 3 4 2 2 3 2 2 2 3 3 3 2 2 3 2 2 2 2 2 2 2 2 2 0 2 2 2 3 2 3 2
M[84] : 2 2 3 1 2 2 3 2 1 1 2 3 3 2 2 2 3 3 1 2 1 2 2 2 2 2 1 2 2 2 2 2 2 2 2 3 2 2 2 3 2 0 3 2 1 1 2 1 3 2 2 2 3 2 2 3 2 3 1 3 2 3 2 2 2 2 3
M[85] : 1 2 2 2 2 2 2 2 2 2 2 3 1 2 2 1 2 2 2 2 2 1 1 1 2 2 2 3 2 2 2 1 2 2 3 3 1 1 2 2 0 2 2 1 3 2 2 2 2 2 2 3 3 2 2 2 2 3 2 2 1 3 2 2 2 2 2
M[86] : 2 1 2 1 1 1 1 1 0 1 1 1 1 1 1 1 1 1 1 1 1 1 1 1 1 1 0 1 1 1 1 2 1 1 0 1 1 2 1 1 1 0 2 1 2 1 1 0 1 1 1 1 1 1 1 1 2 1 1 1 1 1 1 1 1 1 1
M[87] : 2 2 3 2 2 1 1 2 1 2 3 2 2 2 2 2 2 2 2 3 2 2 2 1 2 2 1 2 1 1 1 2 1 3 3 3 2 2 1 2 2 2 3 1 2 1 2 2 2 1 1 3 2 2 2 3 2 0 2 2 2 2 2 1 1 1 3
M[88] : 2 3 2 3 3 2 3 3 2 3 2 3 2 3 3 0 2 3 3 3 2 2 2 2 2 2 3 2 3 3 3 2 2 3 2 2 3 2 2 2 3 3 2 2 3 3 2 3 1 2 3 2 3 3 3 2 1 3 3 4 3 3 2 3 3 3 3
M[89] : 2 2 3 1 2 2 3 2 1 1 2 3 3 2 2 2 3 3 1 2 1 2 2 2 2 2 1 2 0 2 2 2 2 2 2 3 1 2 2 3 2 1 2 2 1 1 2 1 3 2 2 2 3 2 2 2 2 3 1 3 2 3 2 2 2 1 3
M[90] : 1 1 0 1 1 1 1 1 1 1 2 1 2 2 0 1 2 2 2 2 0 1 1 1 0 0 1 1 1 1 1 1 1 2 2 2 0 1 0 2 1 1 1 1 2 1 2 2 2 1 1 2 1 2 1 2 1 1 1 2 1 1 2 1 1 1 2
M[91] : 2 1 2 1 1 1 2 2 2 2 3 2 0 2 2 2 1 2 1 1 2 1 2 1 2 2 3 1 2 1 1 2 1 1 1 2 2 2 1 1 2 2 2 1 2 2 3 1 2 2 1 2 1 1 1 1 2 2 1 2 1 2 1 1 1 2 1
M[92] : 1 2 1 1 1 2 2 1 1 1 3 2 3 2 1 1 2 2 1 2 2 2 1 1 2 1 2 1 2 1 2 1 2 1 2 2 1 0 1 2 1 1 2 1 2 2 2 1 2 2 2 2 1 2 1 2 2 3 1 2 1 3 2 2 2 2 2
M[93] : 2 2 2 1 1 2 1 1 1 0 2 1 3 2 2 1 2 2 1 2 2 2 1 2 2 1 1 2 1 1 1 2 2 2 1 1 1 2 1 2 2 1 2 2 2 1 2 2 2 1 2 2 1 2 2 2 2 1 1 1 1 1 3 2 2 1 2
M[94] : 2 1 3 2 2 1 2 2 2 2 3 2 2 2 3 2 1 2 2 1 2 1 2 2 2 2 3 1 2 2 3 2 0 2 1 2 2 3 2 1 2 2 3 1 3 3 3 1 2 3 1 2 2 2 1 1 3 2 2 2 2 2 2 2 1 3 1
M[95] : 2 2 3 2 2 1 1 2 1 2 3 2 2 2 2 2 2 2 2 3 2 2 2 1 2 2 1 2 1 1 1 2 1 3 3 3 2 2 2 2 2 2 3 1 2 1 2 2 2 1 3 3 2 2 2 3 2 2 2 2 2 2 2 1 0 1 3
M[96] : 2 3 3 2 2 1 3 2 1 2 2 2 2 2 2 2 3 2 2 3 1 2 2 2 2 2 1 2 1 2 1 2 0 3 3 2 2 2 2 3 2 2 3 2 2 1 2 1 3 1 2 2 3 2 2 3 2 2 2 2 2 2 2 2 3 1 3
M[97] : 3 2 2 1 1 2 3 3 1 0 3 3 3 2 2 2 3 3 1 2 2 2 2 2 2 2 3 1 2 3 2 2 2 1 2 3 1 3 2 3 1 1 3 2 3 3 2 1 2 2 2 3 3 2 2 2 3 3 1 2 2 3 3 2 2 2 2
M[98] : 1 2 2 1 1 2 2 2 1 0 1 1 1 1 2 1 1 1 1 2 1 1 1 1 0 1 1 2 1 2 2 1 2 2 1 2 1 1 2 1 1 1 1 1 1 1 1 1 1 0 2 1 2 2 2 1 2 2 1 1 1 2 2 2 2 1 1
M[99] : 2 1 2 1 1 1 2 2 2 2 2 2 1 1 2 2 1 1 2 1 2 1 2 2 1 1 2 1 1 2 2 2 1 2 1 2 2 2 1 1 2 1 1 1 2 2 2 1 1 3 1 0 1 1 1 1 1 2 2 1 1 2 1 2 1 1 1
M[100] : 1 2 1 1 1 2 1 2 0 2 1 1 1 1 2 2 1 1 2 1 1 2 1 1 2 2 2 2 1 1 2 1 2 2 1 0 2 1 1 1 1 2 1 1 1 1 2 1 1 2 2 1 1 1 2 1 1 1 1 1 1 0 0 2 1 1 1
M[101] : 2 1 2 1 1 1 2 2 2 2 2 1 1 1 2 2 1 1 1 1 2 1 2 1 1 0 2 1 1 1 2 2 1 1 1 2 2 2 1 1 2 1 1 1 2 2 2 0 1 2 1 1 1 1 1 1 0 2 2 1 1 2 1 1 1 1 1
M[102] : 1 2 2 1 1 2 3 2 1 1 3 3 3 2 0 2 3 3 1 2 2 2 1 2 2 2 2 1 2 2 2 2 2 2 2 3 1 2 2 2 1 1 3 2 2 2 2 1 3 2 2 3 3 2 2 2 3 3 1 2 2 3 3 2 2 2 2
M[103] : 2 2 1 1 1 1 1 1 1 1 1 1 1 2 1 1 1 2 1 1 1 2 1 1 2 1 1 1 1 1 1 2 2 1 1 1 1 2 1 2 2 1 2 1 2 1 1 1 1 0 2 2 1 2 2 1 1 1 1 1 1 1 2 1 1 1 1
M[104] : 3 3 2 2 3 4 3 4 3 3 2 2 2 4 3 3 3 3 3 3 3 3 3 3 3 1 3 3 3 2 3 4 4 3 1 1 3 3 2 2 4 3 1 3 2 3 3 3 2 3 3 1 0 4 4 3 1 3 3 3 3 2 2 3 3 2 3
M[105] : 2 1 1 2 2 1 2 3 1 2 2 2 2 1 2 1 2 2 2 2 1 0 1 2 2 2 1 1 1 3 1 2 1 1 2 2 1 2 2 1 2 1 1 2 2 2 1 3 1 2 1 2 2 2 2 2 2 2 2 2 2 2 2 3 1 2 2
M[106] : 2 2 3 2 2 1 1 1 1 2 3 1 2 2 2 1 2 2 2 3 2 1 2 1 2 2 1 2 1 1 1 2 1 3 2 3 2 1 1 2 2 2 3 1 2 1 2 2 2 1 1 3 0 2 1 2 2 1 2 2 2 2 2 1 1 1 3
M[107] : 1 2 2 3 3 2 3 3 2 3 2 3 1 2 2 1 1 1 2 2 2 2 2 2 2 2 2 3 2 3 2 2 2 2 2 3 2 2 2 0 3 2 2 2 3 3 2 3 1 2 3 2 3 3 3 2 2 3 3 4 2 3 1 3 2 3 2
M[108] : 2 2 2 1 1 2 1 1 1 1 2 1 3 2 2 2 2 3 1 2 2 2 1 2 2 1 1 2 2 1 1 2 3 2 1 1 2 2 1 2 2 0 2 1 2 1 1 2 2 2 2 2 1 2 2 2 2 1 1 2 1 1 3 1 2 1 2
M[109] : 1 2 2 1 1 1 2 1 1 1 1 2 1 2 2 1 2 1 1 2 1 0 1 1 0 0 2 2 0 2 1 1 1 2 2 2 1 1 2 2 1 2 0 1 1 1 2 2 2 1 2 2 1 2 1 2 2 2 1 1 1 2 2 1 1 2 2
M[110] : 1 1 2 1 0 1 1 1 0 0 1 1 1 1 1 0 1 1 1 1 0 1 0 1 1 1 1 1 1 1 1 0 1 1 1 1 0 0 0 1 1 1 2 0 1 1 1 0 0 0 1 1 1 1 1 1 1 1 0 1 1 1 1 1 1 1 1
M[111] : 1 1 1 1 1 1 1 1 0 1 1 1 1 2 0 0 1 1 0 2 0 1 0 1 0 1 1 0 1 1 1 1 1 1 2 1 0 1 0 2 1 1 1 1 1 1 1 1 1 1 1 1 1 1 1 2 0 1 1 2 1 1 1 1 1 1 2
M[112] : 2 1 2 1 1 1 2 2 2 2 2 2 1 1 2 2 1 1 2 1 2 1 2 1 2 1 3 1 2 2 2 2 1 1 1 2 2 2 1 1 2 2 2 1 2 3 2 1 2 3 1 2 2 0 1 1 2 2 2 1 1 2 2 1 1 2 1
M[113] : 1 1 2 2 1 2 2 2 1 2 2 2 1 1 2 1 1 1 1 1 1 1 1 1 2 2 1 2 1 2 2 1 2 1 1 2 1 1 2 1 1 1 2 1 2 1 1 2 1 2 1 2 3 1 2 1 2 2 0 2 1 2 1 2 2 2 1
M[114] : 1 2 2 0 1 1 2 1 1 1 1 2 1 2 2 1 2 1 1 2 1 1 1 1 0 0 2 2 0 2 2 1 1 2 2 2 1 1 2 2 1 1 2 1 1 1 2 2 2 1 2 2 2 2 1 2 2 2 1 1 1 2 2 1 1 2 2
M[115] : 2 1 1 1 1 1 1 1 1 1 0 1 1 1 1 1 1 1 1 1 1 1 1 1 1 0 1 1 2 1 1 2 0 1 1 0 1 1 0 1 2 1 0 1 1 1 1 1 1 1 1 0 1 1 1 1 0 1 1 2 1 0 1 1 1 1 1
M[116] : 2 3 2 1 1 2 1 1 1 2 1 1 2 2 2 2 3 3 2 2 2 3 2 0 3 1 2 3 2 1 2 2 3 3 1 1 2 2 1 3 2 2 1 1 1 1 2 2 2 3 3 2 1 1 3 2 1 1 1 2 1 1 3 1 1 1 1
M[117] : 2 1 1 1 2 1 2 0 1 2 2 2 2 1 2 1 1 1 1 2 1 1 1 1 1 2 1 1 1 2 1 2 1 1 1 1 1 2 2 1 2 1 1 2 2 2 1 2 0 1 1 2 2 2 1 1 2 1 1 2 1 1 1 1 1 2 2
M[118] : 1 1 2 1 1 1 2 2 1 1 1 2 0 1 1 1 2 1 1 2 1 2 1 2 1 1 1 2 1 2 2 1 1 2 1 2 1 2 1 1 1 1 1 1 1 1 1 1 3 1 1 1 2 1 2 2 1 2 1 1 2 1 2 2 2 1 2
M[119] : 2 2 3 1 1 2 3 3 2 1 3 3 3 2 2 3 3 3 1 2 2 2 0 2 2 2 3 1 2 3 2 3 2 1 2 2 1 3 2 3 2 1 3 2 3 3 2 1 2 2 2 3 3 2 1 2 3 3 1 2 2 3 2 2 2 2 2
M[120] : 2 2 1 1 1 1 1 1 1 2 1 1 1 1 2 1 1 1 1 1 1 1 1 1 2 1 1 0 2 1 1 2 2 1 1 0 1 2 1 1 2 1 1 1 1 1 1 1 1 2 1 1 1 1 1 1 0 1 1 2 1 1 1 1 1 1 1
M[121] : 2 1 2 1 1 1 1 2 2 2 0 1 1 1 2 2 1 1 1 1 2 1 2 1 2 0 2 1 1 1 2 2 1 1 1 1 2 2 1 1 2 1 1 1 2 1 2 0 1 1 1 1 1 1 1 1 2 2 1 1 1 2 1 1 1 1 1
M[122] : 2 1 1 1 2 1 2 2 1 1 2 2 2 1 2 1 2 2 2 2 2 1 1 2 3 2 1 2 1 2 1 2 1 2 2 2 1 2 2 1 2 1 1 2 2 2 1 2 2 0 1 2 2 2 1 2 2 2 2 2 1 2 2 3 1 2 2
M[123] : 2 1 1 1 2 1 2 3 1 2 2 2 2 1 2 1 2 2 2 2 1 1 1 2 2 2 1 1 1 2 1 2 1 2 2 2 1 2 2 1 2 1 1 2 2 2 1 2 1 1 1 2 2 2 0 2 2 2 2 2 2 2 2 3 1 2 2
M[124] : 2 2 2 1 1 1 1 1 1 1 2 2 2 2 1 1 1 2 1 1 2 1 1 1 2 1 2 1 2 1 0 2 1 1 2 2 1 2 1 2 1 1 2 1 2 2 2 1 1 2 1 1 1 1 1 1 2 1 1 2 1 2 1 1 1 2 1
M[125] : 2 2 3 2 2 2 2 2 2 2 3 2 2 2 3 3 3 3 2 1 2 1 2 3 2 2 3 1 2 2 3 3 2 2 2 2 2 3 2 0 2 2 3 3 3 3 3 1 2 3 1 2 2 3 1 1 3 2 2 2 2 2 2 3 2 3 1
M[126] : 2 1 1 2 2 2 2 3 2 2 2 2 2 1 2 1 2 2 2 2 2 1 1 2 2 2 2 1 1 3 2 2 1 1 2 2 1 2 2 1 2 1 2 2 2 2 1 3 1 2 0 2 2 2 2 2 2 2 2 2 2 2 2 3 2 2 2
M[127] : 2 0 3 2 2 1 2 2 2 2 2 2 2 2 3 3 3 3 2 2 3 2 3 3 2 1 3 2 2 2 3 3 2 2 1 2 3 4 2 1 2 2 3 2 3 3 3 1 3 3 1 2 2 2 1 1 3 2 2 2 2 2 2 3 2 3 1
M[128] : 1 2 2 2 2 2 3 2 2 2 2 2 1 0 2 1 1 1 1 1 2 1 1 1 2 2 2 3 1 3 2 1 2 1 2 3 1 1 2 1 2 1 2 1 2 2 2 2 1 2 1 2 3 2 2 1 2 3 1 2 2 3 1 2 2 3 1
M[129] : 4 3 3 2 2 4 3 3 2 3 2 2 3 4 3 3 3 4 3 3 3 3 3 3 2 1 3 3 3 3 3 4 4 3 1 1 3 4 2 2 4 3 2 3 3 2 4 2 2 3 3 2 2 4 3 3 2 0 2 4 3 1 3 3 3 2 3
M[130] : 3 3 2 2 2 3 1 2 2 3 1 1 2 3 2 2 3 3 3 3 3 3 3 3 3 1 3 3 2 0 3 3 3 3 1 1 3 3 1 3 3 2 1 3 2 1 2 2 2 3 3 2 1 3 3 3 1 1 2 2 1 1 3 3 2 2 3
M[131] : 2 2 1 1 1 1 1 1 1 1 1 1 1 2 1 1 1 2 1 1 1 0 1 1 2 0 1 1 1 1 1 2 1 1 1 0 1 2 0 1 2 1 0 1 1 1 1 1 1 1 2 0 1 1 1 1 0 1 1 1 1 1 1 1 0 1 1
M[132] : 1 1 2 1 1 1 2 2 1 1 0 2 3 1 1 1 2 1 1 2 1 2 1 2 2 1 1 2 1 2 2 1 2 2 1 3 1 2 1 2 1 1 1 2 1 1 2 1 3 2 2 1 2 1 2 2 1 2 1 1 2 3 2 2 2 1 2
M[133] : 2 2 2 1 1 1 1 1 2 1 3 0 2 2 1 1 1 2 1 1 2 1 1 1 2 1 3 1 2 1 2 2 1 1 2 2 1 2 1 2 2 1 2 1 2 2 2 1 2 2 1 1 1 2 1 1 2 2 1 2 1 2 2 1 1 2 1
M[134] : 2 2 1 1 1 2 3 1 1 1 3 3 3 2 1 0 2 2 1 2 2 2 1 2 2 2 2 1 2 2 2 1 2 1 2 2 1 3 1 2 1 1 3 1 2 2 2 1 2 2 2 3 2 2 1 2 3 3 1 2 1 3 2 2 2 2 2
M[135] : 2 1 1 1 2 1 2 2 1 2 2 2 2 1 2 1 1 1 1 2 1 1 1 1 1 2 1 1 1 2 1 2 1 1 1 1 1 2 2 1 2 1 1 2 2 2 1 2 1 1 1 2 2 1 1 1 2 1 1 2 1 1 1 0 1 2 2
M[136] : 1 1 1 1 1 1 1 1 1 1 0 0 1 1 1 1 1 1 1 1 1 1 1 1 1 0 1 1 0 1 1 1 1 1 0 0 1 1 0 0 2 1 0 1 1 1 1 1 1 1 1 0 0 1 1 1 0 0 1 1 1 0 1 1 0 1 1
M[137] : 2 1 1 2 1 1 1 2 1 2 1 1 1 1 2 1 1 1 1 1 1 1 1 1 1 1 1 1 1 1 1 2 1 1 1 1 1 1 2 1 2 1 1 1 2 1 1 2 0 1 1 1 0 1 1 1 2 1 1 2 1 1 0 1 1 2 1
M[138] : 2 2 3 1 1 2 3 2 2 2 3 3 3 2 3 3 3 3 2 1 2 1 2 2 2 2 3 1 2 3 3 3 2 1 2 2 2 3 2 2 2 2 3 2 3 3 3 1 2 2 2 3 2 2 1 1 3 2 2 2 2 2 2 3 0 2 1
M[139] : 2 2 1 1 1 2 2 2 1 1 2 2 2 2 1 1 2 2 2 2 2 1 1 1 3 2 1 2 1 2 2 2 2 2 1 1 1 1 2 2 1 2 1 1 1 2 1 2 2 1 2 1 2 2 2 2 2 2 2 0 1 1 1 2 1 2 2
M[140] : 2 2 2 1 1 2 2 2 1 1 2 3 3 1 1 2 3 2 1 2 1 2 1 2 2 2 1 2 1 2 2 2 2 2 2 3 1 2 1 3 2 1 2 2 1 1 2 1 3 2 2 2 2 1 2 2 2 3 1 0 2 2 2 2 2 1 2
M[141] : 2 0 1 2 2 2 3 3 2 2 2 2 2 1 2 1 2 1 2 2 2 1 1 2 2 2 2 2 1 3 2 2 2 1 2 2 1 2 2 1 2 1 2 2 2 2 1 3 1 2 2 2 3 2 3 1 2 3 2 2 2 2 2 3 2 3 2
M[142] : 2 2 2 1 1 2 3 0 1 1 3 3 3 2 1 1 2 2 1 2 2 2 1 2 2 2 2 1 2 2 2 2 2 1 2 2 1 3 1 2 1 1 3 2 2 2 2 1 2 2 2 3 2 2 1 2 3 3 1 2 1 3 2 2 2 2 2
M[143] : 2 1 1 1 2 1 1 1 1 2 1 1 0 1 2 1 1 1 1 1 1 1 1 0 1 0 1 1 1 1 1 2 1 1 1 1 1 1 2 1 2 1 1 1 2 1 1 2 0 1 1 1 1 1 1 1 2 1 1 2 1 1 1 1 1 2 1
M[144] : 2 1 1 1 1 1 1 1 1 1 0 1 1 1 1 1 1 1 1 1 1 1 1 1 1 0 1 1 2 1 1 2 1 1 1 0 1 2 0 1 2 1 0 1 1 1 1 1 1 1 0 0 1 1 1 1 0 1 1 2 1 0 1 1 1 1 1
M[145] : 3 2 3 1 1 2 3 3 1 1 3 3 3 2 2 2 3 3 0 2 2 2 2 2 2 2 2 1 2 3 2 2 2 2 2 3 2 3 2 3 2 1 3 2 3 3 2 1 3 2 2 3 3 2 2 3 3 3 1 2 2 3 3 2 2 2 3
M[146] : 2 1 2 2 2 1 2 2 1 1 1 1 2 1 1 1 0 1 1 2 1 1 1 1 1 1 1 2 1 1 1 2 1 2 1 1 1 2 1 1 2 1 2 2 1 1 1 1 3 1 1 1 2 1 1 2 1 1 1 1 2 1 2 1 2 1 2
M[147] : 2 1 2 1 1 1 1 1 2 1 1 1 1 1 2 2 1 1 1 1 2 1 2 1 1 1 1 1 1 1 1 2 1 1 0 1 1 2 1 1 2 1 2 1 2 2 1 0 1 1 1 1 1 1 1 1 2 1 1 1 1 2 1 1 1 0 1
M[148] : 2 2 2 1 1 2 0 1 1 1 3 3 3 2 1 1 2 2 1 1 2 2 1 1 2 2 2 1 2 1 2 2 2 1 2 2 1 2 1 2 1 1 2 1 2 2 2 1 2 2 2 3 1 2 1 2 2 2 1 2 1 2 2 1 1 2 1
M[149] : 2 2 3 2 2 2 3 2 1 1 2 3 3 3 2 2 3 3 1 2 1 2 2 2 2 2 1 2 1 2 2 2 2 2 2 3 2 2 2 3 2 1 3 2 1 1 0 1 3 2 2 2 3 1 2 3 2 3 1 3 2 2 2 2 2 1 3
M[150] : 2 2 2 2 2 2 3 3 2 2 2 2 2 1 2 1 1 1 0 2 2 2 1 2 2 2 2 2 1 3 2 2 2 1 2 2 1 2 2 1 2 1 2 2 2 2 1 3 1 2 2 2 3 3 3 1 2 3 2 2 2 2 2 3 2 3 2
M[151] : 2 2 1 1 1 2 2 1 1 1 3 3 3 2 1 1 2 2 1 1 2 2 1 1 2 2 2 1 2 1 2 2 2 1 2 2 1 3 1 2 1 1 3 1 2 2 2 1 2 2 2 3 0 2 1 2 2 2 1 2 1 2 2 2 1 2 1
M[152] : 1 2 1 1 1 2 2 2 1 1 2 2 3 2 1 1 2 2 1 2 1 2 1 2 2 2 2 1 1 2 2 1 2 2 2 3 1 2 1 2 1 1 0 1 1 1 2 1 3 2 2 2 2 2 1 2 1 2 1 1 1 3 2 2 2 2 2
M[153] : 2 3 3 3 3 2 4 4 2 4 3 3 0 3 2 2 4 3 3 4 2 2 2 3 2 1 3 2 3 3 2 3 3 3 3 3 3 3 2 3 3 3 3 3 3 3 2 3 1 2 3 3 4 3 3 2 2 3 3 4 3 3 1 3 3 3 2
M[154] : 1 1 1 1 1 1 1 2 1 2 1 1 0 1 2 1 1 1 1 1 1 1 1 1 1 1 1 1 1 1 1 1 1 1 1 1 1 0 0 1 1 1 1 1 1 1 1 1 0 1 1 1 1 1 2 1 1 1 1 2 1 1 0 1 1 1 1
M[155] : 3 3 4 3 3 2 3 3 1 1 2 3 3 3 2 2 3 3 3 3 2 3 2 3 2 2 3 3 3 3 3 2 3 3 3 3 2 3 2 3 2 3 3 3 2 2 3 1 2 0 3 3 3 3 2 3 2 3 3 3 3 2 2 3 3 2 3
M[156] : 1 2 2 2 2 2 3 2 2 2 2 2 1 1 2 1 1 1 1 0 2 1 1 1 2 2 2 2 1 3 2 1 2 1 2 2 1 1 2 1 2 1 2 1 2 2 1 2 1 2 1 2 3 2 2 1 2 3 1 2 2 3 1 2 2 3 1
M[157] : 1 3 2 3 3 2 3 3 2 3 2 3 1 2 3 1 0 2 3 3 2 2 2 2 2 2 2 2 2 3 2 2 2 2 3 3 2 2 2 3 3 2 2 2 3 3 2 3 1 2 3 3 3 3 3 2 2 3 3 4 3 3 1 3 3 3 3
M[158] : 2 1 2 1 1 1 1 1 1 1 2 1 2 2 1 1 1 2 1 1 2 1 1 1 1 1 2 1 2 1 1 2 1 1 1 0 1 2 1 1 1 1 2 1 2 2 2 1 1 2 1 1 1 1 1 1 2 1 1 2 1 2 1 1 1 2 1
M[159] : 4 3 2 2 3 4 3 4 3 3 1 0 3 3 3 3 3 3 3 3 3 3 3 3 3 1 3 3 3 2 3 4 4 3 1 1 3 3 2 2 4 3 1 3 2 2 3 3 2 3 3 2 2 4 4 3 1 3 3 4 3 2 3 4 3 2 3
M[160] : 3 3 4 3 3 3 3 3 3 4 3 3 3 3 3 3 4 3 3 3 2 2 3 3 3 2 3 2 3 3 3 4 3 3 3 2 3 4 2 3 4 3 3 3 2 2 3 3 0 2 3 2 3 4 3 2 2 3 3 4 3 2 1 4 3 2 3
M[161] : 2 2 2 1 2 2 1 1 2 1 2 1 2 2 2 0 2 2 1 2 3 2 2 2 2 1 1 2 1 1 1 2 2 2 1 1 1 2 1 2 2 1 2 2 2 1 2 2 2 1 2 2 1 2 2 2 2 1 1 1 1 1 3 2 2 2 2
M[162] : 2 2 3 1 1 2 3 2 2 2 3 3 3 2 2 2 2 2 1 1 2 2 2 2 2 2 3 1 2 3 2 2 2 1 2 2 2 3 2 2 2 1 3 0 2 3 3 1 2 2 2 3 2 2 1 1 3 2 1 2 1 2 2 2 1 2 1
M[163] : 2 3 3 3 2 1 3 3 1 2 3 3 2 3 2 2 3 3 2 3 2 2 2 2 2 2 2 3 3 3 0 2 3 3 3 3 2 2 2 3 2 2 3 2 2 2 2 2 3 1 3 2 3 2 2 3 2 2 2 3 3 2 2 2 3 2 3
M[164] : 2 1 2 2 2 1 2 2 1 1 1 1 2 1 1 1 2 1 1 2 1 2 1 1 1 1 1 2 1 2 1 2 1 2 1 2 1 2 1 1 2 1 2 2 1 1 1 1 3 1 1 0 2 1 2 2 1 1 1 2 2 1 2 1 2 1 3
M[165] : 2 3 3 3 2 2 3 3 1 1 2 3 3 3 2 2 3 3 2 3 1 2 2 2 2 2 1 2 2 3 2 2 2 3 2 3 2 2 2 3 2 1 3 2 2 2 3 1 3 2 2 2 3 2 2 3 2 3 1 3 3 3 2 2 3 0 3
M[166] : 2 2 2 1 1 2 1 2 1 2 1 1 0 1 2 2 1 2 2 1 1 2 1 1 3 1 2 2 2 1 2 2 2 2 1 1 2 1 1 1 2 2 1 1 1 1 2 1 1 2 2 1 1 1 2 1 1 1 1 2 1 1 1 2 1 1 1
M[167] : 4 3 3 2 2 4 3 3 2 3 2 2 3 3 3 3 3 4 3 3 3 3 3 3 2 1 3 3 3 3 4 4 4 3 0 1 3 4 2 2 4 3 3 3 3 2 4 2 2 3 3 2 2 4 3 3 3 3 2 4 3 1 3 3 3 2 3
M[168] : 3 3 4 2 3 2 3 3 0 1 3 3 3 3 2 3 3 3 2 3 1 2 2 2 2 2 2 2 3 3 2 2 3 2 2 3 2 3 2 3 2 2 3 2 3 2 3 1 2 2 3 3 3 3 2 3 3 3 2 3 3 3 3 3 3 3 3
M[169] : 1 1 1 1 1 1 1 1 0 1 1 1 1 1 1 0 1 1 1 1 0 1 0 1 1 1 1 1 1 1 1 1 1 0 2 1 0 1 0 1 1 1 2 1 1 1 1 0 1 1 1 1 1 1 1 1 1 1 0 2 1 1 1 1 1 1 1
M[170] : 2 1 1 2 2 2 2 3 1 2 2 2 2 1 2 1 2 2 2 2 2 1 1 2 2 2 0 1 1 3 2 2 1 1 2 2 1 2 2 1 2 1 2 2 2 2 1 3 1 2 1 2 2 2 2 1 2 2 2 2 2 2 2 3 1 2 2
M[171] : 2 1 1 2 2 1 2 3 1 2 2 2 2 1 2 1 2 2 1 2 1 1 1 2 2 2 1 1 1 3 0 2 1 1 2 2 1 2 2 1 2 1 1 2 2 2 1 3 1 2 1 2 2 2 2 2 2 2 2 2 2 2 2 3 1 2 2
M[172] : 1 1 2 2 1 2 1 2 1 2 1 2 1 1 2 1 1 1 1 1 1 1 1 1 1 2 1 1 1 2 2 1 1 1 1 1 1 1 2 1 1 1 2 1 2 1 1 0 1 1 1 2 3 1 2 1 2 2 1 2 1 1 1 2 2 2 1
M[173] : 3 2 3 2 1 2 3 3 1 1 3 3 3 2 2 2 3 3 1 2 2 2 2 2 2 2 3 1 2 3 2 3 2 1 2 3 2 3 2 3 2 1 3 2 3 3 2 1 2 2 2 3 3 2 2 3 3 3 0 2 3 3 3 2 3 2 3
M[174] : 2 3 2 3 3 2 3 3 2 3 2 3 2 2 3 1 2 0 3 3 2 2 2 2 2 2 3 2 3 3 2 2 2 3 2 2 2 2 2 2 3 3 2 2 3 3 2 3 1 2 3 2 3 3 3 2 2 3 3 4 3 3 1 3 3 3 3
M[175] : 2 2 1 1 3 3 2 3 2 3 2 2 2 1 2 2 2 2 2 3 3 2 1 2 3 2 3 3 2 3 3 2 3 3 2 2 2 2 2 2 2 2 1 2 2 2 2 3 2 3 3 2 2 2 4 3 2 2 3 3 2 2 2 3 0 3 2
M[176] : 2 1 1 1 1 0 1 1 1 1 0 1 1 1 1 1 1 1 1 1 1 1 1 1 1 0 1 1 2 1 1 2 1 1 1 0 1 2 0 1 2 1 0 1 1 1 1 1 1 1 1 0 1 1 1 1 0 1 1 2 1 0 1 1 1 1 1
M[177] : 2 1 1 1 2 2 2 3 2 2 2 2 2 1 2 1 2 2 2 2 3 2 1 2 3 2 3 3 1 3 3 2 0 2 2 2 2 2 2 1 2 2 1 2 2 2 1 3 2 2 2 2 2 2 3 2 2 2 2 3 2 2 2 3 1 2 2
M[178] : 2 3 2 1 2 3 1 1 2 2 1 1 2 2 2 2 3 3 2 2 2 3 2 2 2 1 2 3 2 1 2 2 3 3 1 1 2 3 1 3 2 2 2 1 2 1 2 2 2 3 3 2 1 2 3 2 2 1 0 2 1 1 3 1 2 1 2
M[179] : 2 1 2 1 1 1 2 2 2 2 1 1 1 1 2 2 1 1 2 1 2 1 2 1 1 0 2 1 1 1 2 2 1 1 1 2 2 2 1 1 2 1 0 1 2 2 2 0 1 2 1 1 1 1 1 1 1 2 2 1 1 2 1 1 1 1 1
M[180] : 2 2 1 1 1 1 1 1 1 2 1 1 1 2 2 1 1 1 1 1 1 1 1 1 2 1 1 1 2 1 1 2 2 1 1 0 1 2 1 1 2 1 1 1 1 1 1 1 0 2 1 1 1 1 1 1 0 1 1 2 1 1 1 1 1 1 1
M[181] : 2 1 1 2 2 2 2 2 0 2 2 2 1 1 2 1 1 1 1 1 1 1 1 1 2 2 1 1 1 2 1 2 1 1 1 2 1 1 2 1 2 1 2 1 2 1 1 2 1 1 1 2 2 1 2 1 2 1 1 2 2 1 1 2 1 2 1
M[182] : 1 1 1 1 2 2 2 2 2 2 2 2 1 2 1 2 2 1 2 1 2 2 2 2 1 1 2 2 1 2 2 2 1 2 1 2 2 0 1 1 2 1 2 2 2 2 2 1 2 3 2 2 2 2 2 1 1 2 2 1 2 2 1 2 1 2 1
M[183] : 1 1 1 1 2 2 2 2 1 1 2 2 2 2 1 1 2 2 1 2 3 2 2 2 2 1 2 2 1 2 2 0 2 2 1 2 2 2 1 1 2 1 2 2 2 2 2 0 2 2 2 2 2 2 2 2 1 2 2 1 2 2 1 2 1 2 1
M[184] : 2 2 2 3 2 2 3 0 2 2 3 3 2 2 3 1 2 2 2 3 2 3 2 1 1 1 2 3 2 2 2 1 2 3 3 3 2 1 2 2 2 2 3 1 3 2 2 2 2 1 3 3 3 2 3 3 1 3 2 2 2 3 2 2 2 3 3
M[185] : 1 1 2 2 1 1 1 2 1 1 1 1 1 1 1 1 1 1 1 1 0 1 1 1 1 1 1 1 1 1 1 1 1 1 1 1 1 1 0 1 2 1 2 1 1 1 1 1 2 1 1 1 1 1 1 1 1 1 1 1 2 1 1 1 1 1 0
M[186] : 3 2 3 2 1 2 3 3 2 2 3 3 3 2 3 3 3 3 1 1 2 2 3 2 2 2 3 1 2 3 2 3 2 1 2 2 3 3 2 3 2 2 3 2 3 3 3 1 2 2 2 3 3 2 1 2 3 3 2 2 2 3 2 3 2 3 0
M[187] : 2 1 2 1 1 1 1 1 2 2 2 1 1 1 2 2 1 1 1 1 2 1 2 1 2 1 3 1 2 1 1 2 1 1 1 2 1 2 1 1 2 1 2 1 2 2 0 1 1 2 1 1 1 1 1 1 2 2 1 2 1 2 1 1 1 2 1
M[188] : 2 1 2 2 2 1 2 2 1 2 1 1 2 1 1 2 2 2 1 2 1 2 2 1 1 1 1 2 1 1 1 2 1 2 2 2 1 2 1 2 2 1 2 2 1 1 1 1 3 1 0 2 2 1 2 3 2 1 1 2 2 1 2 1 2 1 3
M[189] : 2 1 2 2 2 2 3 3 2 2 2 2 2 1 2 1 1 1 2 2 2 1 1 2 2 2 2 2 1 3 2 2 2 1 2 2 1 2 2 1 2 1 2 2 2 2 0 3 1 2 2 2 3 2 3 1 2 3 2 2 2 2 2 3 2 3 2
M[190] : 2 2 3 1 1 2 2 2 2 2 3 3 3 2 2 2 1 2 2 1 2 1 2 0 2 2 3 1 2 2 3 2 2 1 2 2 2 3 2 2 2 2 3 1 3 3 3 1 2 2 1 2 2 2 1 1 3 2 2 2 2 2 2 2 1 2 1
M[191] : 2 1 1 1 2 3 2 3 2 2 2 2 2 1 2 1 2 2 2 2 3 2 1 2 3 2 2 3 0 3 3 2 2 2 2 2 2 2 2 1 2 2 1 2 2 2 1 3 2 2 3 2 2 2 3 2 2 2 2 3 2 2 2 3 1 2 2
M[192] : 1 2 2 1 1 2 2 2 1 2 1 1 1 1 2 1 1 1 1 2 1 1 1 1 1 2 2 2 1 2 2 1 2 2 0 3 1 1 2 1 1 1 2 1 1 1 1 2 1 2 2 2 2 2 2 1 2 2 1 1 1 2 2 2 2 1 1
M[193] : 3 3 2 2 2 2 1 2 3 2 1 1 2 3 2 2 3 3 2 3 3 3 3 3 3 2 3 3 2 2 3 3 3 3 1 1 3 3 1 3 3 2 1 2 1 1 2 2 2 3 3 1 1 2 3 3 1 2 2 2 0 2 2 3 2 2 3
M[194] : 1 2 2 2 0 2 2 2 2 2 2 3 1 2 2 1 2 1 1 2 2 1 1 1 2 2 2 2 2 2 2 1 2 2 1 3 1 1 2 2 1 2 2 1 2 1 2 2 1 2 2 3 3 2 2 1 2 2 1 1 1 2 2 2 2 2 1
M[195] : 2 2 3 1 1 2 3 3 1 1 3 3 3 2 2 2 3 3 1 2 2 2 1 2 2 2 3 1 2 2 2 3 2 1 2 2 1 3 2 2 1 1 3 2 2 2 2 1 2 2 2 3 3 2 1 2 3 3 1 2 0 3 2 2 2 2 2
M[196] : 1 1 2 1 1 2 1 1 1 2 1 1 1 1 2 1 1 1 1 1 1 2 1 1 3 1 1 2 2 1 2 2 2 1 1 0 2 1 1 1 2 2 1 1 1 1 1 1 1 2 2 1 1 1 2 0 0 1 1 2 1 0 1 1 1 1 1
M[197] : 3 2 3 2 0 2 3 3 2 1 3 3 3 2 2 3 3 3 1 2 2 2 2 2 2 2 3 1 2 3 2 3 2 1 2 2 2 3 2 3 3 1 3 2 3 3 2 1 2 2 2 3 3 2 2 3 3 3 2 2 3 3 2 2 3 3 3
M[198] : 1 2 1 1 1 2 1 1 1 1 2 1 2 2 0 1 2 2 1 2 3 2 1 2 2 1 1 2 1 1 1 2 2 2 1 1 1 2 1 2 2 1 2 2 2 2 2 1 2 1 2 2 1 2 2 2 1 1 1 1 1 1 2 2 1 2 2
M[199] : 2 0 3 2 2 1 2 2 1 2 2 3 2 2 2 2 3 2 2 3 1 2 2 2 2 2 1 2 1 2 2 2 1 2 3 2 2 2 2 3 2 1 3 2 1 1 1 1 3 1 2 2 3 1 2 3 2 2 1 2 2 2 2 2 2 1 3
M[200] : 2 1 2 1 1 1 1 1 1 1 2 1 1 1 1 1 1 1 1 1 2 1 1 1 1 1 1 1 2 1 1 2 1 1 0 1 1 2 1 1 1 1 2 1 2 2 1 0 1 1 1 1 1 1 1 1 2 1 1 1 1 0 1 1 1 2 1
M[201] : 1 2 2 2 3 2 3 3 2 2 2 2 1 2 2 1 1 1 2 2 2 2 1 1 2 2 2 3 1 3 2 2 2 1 2 3 1 2 2 1 2 2 2 2 2 3 2 3 1 2 3 2 3 2 3 0 2 3 2 2 2 3 1 2 2 3 1
M[202] : 3 3 2 0 3 3 2 3 3 2 2 2 2 3 2 2 2 3 2 3 3 3 2 2 3 2 3 3 2 3 3 2 3 3 1 2 2 2 1 3 4 2 1 2 1 2 2 3 2 3 3 1 2 2 3 3 1 2 3 3 1 2 2 3 1 3 3
M[203] : 4 3 3 2 3 3 3 3 3 3 3 3 3 3 3 3 3 4 3 3 3 3 3 3 0 1 3 3 3 3 4 4 3 3 2 1 3 4 2 3 4 3 3 3 3 2 4 2 2 3 2 2 3 4 3 3 3 3 3 4 3 1 2 3 3 2 3
M[204] : 2 3 2 1 1 2 1 1 1 2 1 1 2 2 2 2 3 3 0 2 2 3 2 2 2 1 2 3 2 1 1 2 3 2 1 1 2 2 1 2 2 2 2 1 2 1 2 2 2 3 3 2 1 2 3 2 1 1 1 2 1 1 3 1 2 1 1
M[205] : 0 2 1 1 1 2 1 2 1 2 1 2 1 1 1 2 1 2 2 1 2 2 1 1 3 2 2 2 1 1 2 1 2 2 1 0 2 1 1 1 1 2 1 1 1 1 2 1 1 2 2 1 2 2 2 1 1 1 1 1 1 1 1 2 1 1 1
M[206] : 3 2 3 2 1 2 3 3 2 2 3 3 3 2 3 3 3 3 2 1 2 2 3 3 2 2 3 1 2 3 3 3 2 0 2 2 3 3 2 3 2 2 3 2 3 3 3 1 2 2 2 3 3 2 1 2 3 3 2 2 2 3 2 3 3 3 1
M[207] : 1 2 1 1 2 2 1 1 1 1 2 2 2 2 1 1 2 2 1 2 3 2 2 2 2 1 1 2 1 1 1 2 2 2 1 1 1 2 1 2 0 1 2 2 2 2 2 1 2 1 2 2 1 2 2 2 1 1 1 1 1 1 1 2 1 2 2
M[208] : 1 1 1 2 1 1 0 2 1 2 1 1 1 1 2 1 1 1 1 1 1 1 1 1 1 1 1 1 1 2 1 1 1 1 1 1 1 1 2 1 2 1 2 1 2 1 1 1 0 1 1 2 2 1 2 1 2 1 1 2 1 1 1 2 1 2 1
M[209] : 2 1 1 1 1 1 1 1 1 1 0 1 1 1 1 1 1 1 1 1 1 1 1 1 1 0 1 1 2 1 1 2 1 1 1 0 1 2 0 1 2 1 0 1 1 1 1 1 1 1 1 0 1 1 0 1 0 1 1 2 1 0 1 1 1 1 1
M[210] : 0 2 1 1 1 2 2 2 1 1 3 3 3 2 1 1 2 2 1 2 2 2 1 2 2 2 2 1 2 2 2 2 2 2 2 3 1 2 1 2 1 1 3 2 1 2 2 1 3 2 2 3 2 2 1 2 3 3 1 2 1 3 2 2 2 2 2
M[211] : 1 2 1 1 1 2 2 1 1 1 3 2 3 2 1 1 2 2 1 2 2 2 1 2 2 2 2 1 1 2 2 1 2 2 2 3 1 2 1 2 1 1 1 1 1 1 2 1 3 2 2 2 2 2 1 2 0 2 1 1 1 3 2 2 2 2 2
M[212] : 2 2 3 3 2 0 3 2 2 2 3 2 2 2 2 2 2 2 2 3 2 2 2 2 2 2 2 3 2 1 1 2 2 3 3 3 2 2 2 3 2 2 3 2 3 1 2 2 3 1 3 3 3 2 2 3 2 2 2 2 2 2 2 1 3 1 3
M[213] : 3 3 2 1 0 2 1 2 3 2 1 2 2 3 2 2 2 3 2 3 3 3 2 2 3 2 2 3 2 1 2 3 3 2 1 1 2 3 1 3 2 2 1 2 1 1 2 2 2 3 3 1 1 2 3 3 1 2 1 2 1 2 2 3 1 1 2
M[214] : 3 3 3 2 3 2 3 3 2 2 3 3 3 3 3 3 3 3 3 2 0 2 3 3 2 2 3 2 3 3 3 3 3 3 2 2 3 4 2 3 3 3 3 3 3 2 4 1 2 2 3 3 3 4 2 3 3 3 2 3 3 3 2 3 3 3 2
M[215] : 2 1 1 2 2 1 1 2 1 2 1 0 1 1 2 1 1 1 1 1 1 1 1 1 1 1 1 1 1 1 1 2 1 1 1 1 1 1 2 1 2 1 2 1 2 1 1 2 0 1 1 1 2 1 2 1 2 1 1 2 1 1 0 2 1 2 1
M[216] : 2 1 2 1 1 2 1 1 1 2 1 1 1 1 2 2 1 0 1 1 1 2 1 1 3 1 2 2 2 1 2 2 2 1 1 0 2 1 1 1 2 2 1 1 1 1 1 1 1 2 2 1 1 1 2 1 1 1 1 2 1 1 1 1 1 1 1
M[217] : 1 1 2 2 1 2 1 2 1 2 1 1 1 1 2 1 1 1 1 1 1 1 1 1 1 1 1 1 1 2 2 1 1 1 1 0 1 1 2 1 1 1 2 1 2 1 1 1 1 1 1 2 2 1 2 1 2 2 1 2 1 1 1 2 2 1 1
M[218] : 2 1 1 1 1 1 1 1 1 2 1 1 1 1 1 1 1 1 1 1 1 1 1 1 0 0 1 1 2 1 1 2 2 1 1 0 1 1 0 1 2 1 0 1 1 1 1 1 1 2 1 0 1 1 1 1 0 1 1 2 1 0 1 1 1 1 1
M[219] : 2 2 2 1 1 2 1 1 1 1 2 1 2 2 2 1 2 2 1 2 2 2 1 2 2 1 1 2 1 1 1 2 2 2 1 1 1 2 1 2 2 1 2 2 2 1 0 1 2 1 2 2 1 2 2 2 2 1 1 1 1 1 2 2 2 1 2
M[220] : 2 1 1 1 2 1 2 2 1 0 2 2 2 1 2 1 2 2 2 2 2 1 1 2 3 2 1 2 1 2 1 2 1 2 2 2 1 2 2 1 2 1 1 2 2 2 1 2 2 1 1 2 2 2 1 2 2 2 2 2 1 1 2 2 1 2 2
M[221] : 1 2 1 1 1 2 1 2 2 2 1 2 2 1 2 2 2 2 2 1 2 2 2 1 3 2 2 2 1 1 2 1 2 2 1 1 2 1 1 2 2 2 1 1 1 1 2 0 2 2 2 1 2 2 2 2 1 1 1 2 1 2 1 2 1 1 1
M[222] : 3 2 3 2 1 2 3 3 1 1 3 3 3 2 2 2 3 3 1 2 2 2 2 2 2 2 3 1 2 3 2 3 2 1 2 3 2 3 2 3 0 1 3 2 3 3 2 1 2 2 2 3 3 2 2 2 3 3 1 2 3 3 3 2 2 2 3
M[223] : 3 3 2 1 2 2 2 3 3 2 1 2 2 3 2 2 2 3 2 3 3 3 2 2 3 2 3 3 2 3 3 3 3 3 1 1 2 3 1 3 2 2 1 2 1 2 2 3 2 3 3 1 2 2 3 3 1 2 2 3 1 2 2 3 1 0 3
M[224] : 1 1 0 1 1 1 1 2 1 2 1 1 0 1 0 1 1 1 1 1 1 1 1 1 1 1 1 1 1 1 1 1 1 1 1 1 1 0 1 1 1 1 1 1 1 1 1 1 0 1 1 1 1 1 2 1 1 1 1 1 1 1 0 1 1 1 1
M[225] : 1 1 1 2 1 1 1 2 1 2 1 1 1 1 2 1 1 1 1 1 1 1 1 1 1 1 1 1 1 2 1 1 1 1 1 1 1 1 2 1 2 1 2 1 2 0 1 1 0 1 1 2 2 1 2 1 2 1 1 2 1 1 0 2 1 2 1
M[226] : 3 3 2 2 2 4 0 4 3 3 1 1 3 3 3 3 3 3 3 3 3 3 3 3 3 1 3 3 3 2 3 4 4 3 1 1 3 3 2 3 3 3 2 3 3 2 3 2 2 3 3 2 1 3 3 3 2 1 2 3 2 1 3 4 2 2 3
M[227] : 2 1 1 1 2 0 2 3 1 2 2 2 2 1 2 1 2 2 2 2 2 1 1 2 2 2 1 1 1 2 1 2 1 2 2 2 1 2 2 1 2 1 1 2 2 2 1 2 1 1 1 2 2 2 1 2 2 2 2 2 1 2 2 3 1 2 2
M[228] : 1 2 1 1 1 2 2 2 1 2 1 2 2 2 2 2 2 2 2 2 2 2 1 1 3 2 2 2 1 2 2 1 2 2 1 1 2 1 1 2 0 2 1 1 1 2 2 1 2 2 2 1 2 2 2 2 1 2 1 2 1 2 1 2 1 1 1
M[229] : 2 3 2 1 1 2 1 2 1 2 1 1 2 2 2 2 2 2 2 1 3 3 2 1 3 2 2 2 2 1 2 2 2 2 1 1 2 0 1 2 2 2 1 1 1 1 2 1 2 2 3 1 1 2 3 2 1 1 1 2 1 1 2 2 1 1 1
M[230] : 2 3 3 3 2 2 3 3 1 1 2 3 3 3 2 2 3 3 2 3 1 2 2 2 2 2 0 2 2 3 2 2 3 3 3 3 2 2 2 3 2 2 3 2 2 2 3 1 3 2 3 2 3 3 2 3 2 3 1 3 3 2 2 2 3 2 3
M[231] : 1 2 0 1 1 2 2 1 1 1 3 2 3 2 1 1 2 2 1 2 2 2 1 2 2 2 2 1 2 2 2 1 2 1 2 2 1 2 1 2 1 1 2 1 2 2 2 1 3 2 2 3 2 2 1 2 2 3 1 2 1 3 3 2 2 2 2
M[232] : 2 1 1 2 2 2 2 3 2 2 2 2 2 1 2 1 2 2 2 2 2 1 1 2 2 2 1 0 1 3 2 2 1 2 2 2 1 2 2 1 2 1 2 2 2 2 1 3 1 2 1 2 2 2 2 2 2 2 2 2 2 2 2 3 1 2 2
M[233] : 1 1 2 1 1 2 1 2 1 2 1 1 1 1 2 1 1 1 1 1 1 1 1 1 1 1 1 1 1 2 1 1 1 1 1 1 1 1 2 1 1 1 1 1 0 1 1 1 0 1 1 1 2 1 2 1 2 2 1 1 1 1 0 2 2 1 1
M[234] : 2 2 2 2 2 2 1 1 2 2 2 2 3 2 2 2 2 3 1 2 2 2 2 2 2 1 0 2 2 1 1 2 3 2 1 1 3 2 1 2 3 1 2 2 2 1 2 2 2 2 2 2 1 2 2 2 2 1 2 1 2 1 3 2 2 1 2
M[235] : 2 2 1 1 1 2 3 1 1 1 3 3 3 2 1 1 2 2 1 2 2 2 1 2 2 2 2 1 2 2 2 0 2 1 2 2 1 3 1 2 1 1 3 2 2 2 2 1 2 2 2 3 3 2 1 2 3 3 1 2 1 3 2 2 2 2 2
M[236] : 3 2 3 2 2 2 3 3 2 2 3 3 3 2 3 3 3 3 2 0 2 2 3 3 2 2 3 1 2 3 3 3 2 1 2 2 3 3 2 3 2 2 3 2 3 3 3 1 2 2 2 3 3 2 1 3 3 3 2 2 3 3 2 3 3 3 2
M[237] : 2 1 1 2 2 2 2 2 1 2 2 2 1 1 2 1 1 1 1 1 0 1 1 1 2 2 1 1 1 3 2 2 1 1 2 2 1 2 2 1 2 1 2 2 2 2 1 3 1 2 1 2 3 1 2 1 2 3 1 2 2 2 1 2 2 2 2
M[238] : 2 3 2 3 3 2 3 3 2 3 2 3 1 2 3 1 2 2 2 3 2 2 2 1 2 2 2 3 2 3 2 0 2 3 3 3 2 1 2 3 2 2 2 1 3 3 2 2 1 2 3 3 3 2 3 3 1 3 2 3 3 3 2 2 3 3 2
M[239] : 1 1 2 2 1 1 2 2 1 1 1 2 2 1 1 1 3 1 1 2 1 2 1 2 2 2 1 2 1 2 2 2 1 2 0 3 1 2 1 2 2 1 2 2 1 1 1 1 3 1 2 2 2 1 2 2 2 2 1 1 2 2 2 2 2 1 2
M[240] : 0 1 1 2 2 2 2 2 2 2 2 2 2 2 1 2 2 2 2 2 3 2 2 2 2 1 2 2 1 2 2 2 2 2 1 2 2 2 2 1 2 1 2 2 2 2 2 1 2 3 2 2 2 2 2 1 2 2 2 1 2 2 2 2 1 2 1
M[241] : 2 2 3 3 2 1 3 2 2 2 3 2 2 2 2 2 2 2 2 3 2 3 2 1 2 2 2 3 2 0 2 2 2 3 3 3 2 1 2 2 2 2 3 2 3 2 2 2 2 1 3 3 2 2 2 3 2 3 2 2 3 3 2 1 3 3 3
M[242] : 4 3 3 3 3 2 3 4 3 4 2 3 2 3 2 3 3 4 3 3 2 2 2 3 2 2 3 2 3 3 3 3 3 3 3 2 3 2 2 3 3 3 2 3 3 3 3 3 1 2 3 2 3 3 3 2 0 3 3 4 3 3 2 3 3 3 3
M[243] : 2 2 2 1 1 2 1 1 1 1 2 1 3 2 2 2 2 2 1 2 2 2 1 2 2 1 1 2 2 1 1 2 3 2 1 1 0 2 1 2 2 1 2 2 2 1 1 2 2 1 2 2 1 2 2 2 2 1 1 1 1 1 3 1 2 1 2
M[244] : 2 3 1 3 3 2 3 3 2 2 2 2 2 1 2 1 2 2 3 3 2 2 1 2 2 2 3 2 1 3 2 2 2 3 2 2 0 2 2 1 3 3 2 2 2 2 2 3 1 2 2 2 3 3 3 3 2 3 3 3 2 2 2 3 2 3 3
M[245] : 3 2 3 0 1 2 3 3 2 1 3 3 3 2 2 2 3 3 1 2 2 2 2 2 2 2 3 1 2 3 2 3 2 1 2 2 2 3 2 3 1 1 3 2 3 3 2 1 2 2 2 3 3 2 2 2 3 3 1 2 3 3 2 2 2 2 2
M[246] : 2 2 3 1 1 1 2 2 2 2 3 3 3 2 2 2 0 2 2 1 2 1 2 2 2 2 3 1 2 2 3 2 2 1 2 2 2 3 2 2 2 2 3 1 3 3 3 1 2 2 1 2 2 2 1 1 3 2 2 2 2 2 2 2 1 2 1
M[247] : 3 2 3 2 2 2 3 3 2 2 3 3 3 2 3 3 3 3 3 1 2 0 3 3 2 2 3 1 3 3 3 3 3 2 2 2 3 4 2 3 2 2 3 3 3 3 3 1 2 3 2 3 2 3 1 2 3 3 2 2 2 2 2 3 3 3 2
M[248] : 3 3 2 2 2 3 1 2 2 3 1 1 2 3 2 2 3 3 3 3 3 3 3 3 3 1 3 3 2 1 3 3 3 3 1 1 3 3 1 3 3 2 2 3 2 0 2 2 2 3 3 2 1 3 3 3 2 1 2 2 1 1 3 3 2 2 3
M[249] : 1 1 2 1 1 2 1 2 1 2 1 1 1 1 2 1 1 1 1 1 1 1 1 1 1 1 1 1 1 2 1 1 1 1 1 1 1 1 2 1 1 1 1 1 1 1 1 1 0 1 1 0 2 1 2 1 2 2 1 1 1 1 0 2 2 1 1

