 Execution de l'algoritme BITS sur le fichier r250.5.col.txt
=====================================================================
 Partitions  : 
Vk[0] : 31 100 33 174 -->  4 éléments.
Vk[1] : 117 178 109 222 -->  4 éléments.
Vk[2] : 150 50 4 37 -->  4 éléments.
Vk[3] : 57 193 145 -->  3 éléments.
Vk[4] : 128 59 55 38 -->  4 éléments.
Vk[5] : 52 192 112 149 -->  4 éléments.
Vk[6] : 194 21 176 118 -->  4 éléments.
Vk[7] : 123 169 214 120 -->  4 éléments.
Vk[8] : 208 106 159 124 -->  4 éléments.
Vk[9] : 116 237 121 230 -->  4 éléments.
Vk[10] : 204 238 162 -->  3 éléments.
Vk[11] : 202 249 17 84 -->  4 éléments.
Vk[12] : 26 226 187 78 -->  4 éléments.
Vk[13] : 3 24 209 39 -->  4 éléments.
Vk[14] : 83 184 220 7 -->  4 éléments.
Vk[15] : 85 213 186 -->  3 éléments.
Vk[16] : 98 32 152 77 -->  4 éléments.
Vk[17] : 232 103 96 158 -->  4 éléments.
Vk[18] : 172 35 94 199 -->  4 éléments.
Vk[19] : 233 111 92 56 -->  4 éléments.
Vk[20] : 243 157 46 -->  3 éléments.
Vk[21] : 14 5 133 30 -->  4 éléments.
Vk[22] : 136 197 189 -->  3 éléments.
Vk[23] : 181 229 101 155 -->  4 éléments.
Vk[24] : 126 87 13 -->  3 éléments.
Vk[25] : 36 65 163 91 -->  4 éléments.
Vk[26] : 246 212 223 -->  3 éléments.
Vk[27] : 48 60 245 -->  3 éléments.
Vk[28] : 137 70 81 166 -->  4 éléments.
Vk[29] : 191 95 131 138 -->  4 éléments.
Vk[30] : 225 160 68 180 -->  4 éléments.
Vk[31] : 231 182 242 -->  3 éléments.
Vk[32] : 54 1 228 97 -->  4 éléments.
Vk[33] : 102 27 240 90 -->  4 éléments.
Vk[34] : 25 20 206 -->  3 éléments.
Vk[35] : 241 130 143 151 -->  4 éléments.
Vk[36] : 67 219 153 58 -->  4 éléments.
Vk[37] : 183 69 139 134 -->  4 éléments.
Vk[38] : 15 49 115 0 -->  4 éléments.
Vk[39] : 156 146 80 -->  3 éléments.
Vk[40] : 45 147 188 203 -->  4 éléments.
Vk[41] : 135 216 75 51 -->  4 éléments.
Vk[42] : 61 107 125 164 -->  4 éléments.
Vk[43] : 171 247 19 -->  3 éléments.
Vk[44] : 141 207 43 -->  3 éléments.
Vk[45] : 122 110 236 -->  3 éléments.
Vk[46] : 113 167 200 63 -->  4 éléments.
Vk[47] : 154 11 79 73 -->  4 éléments.
Vk[48] : 248 9 195 -->  3 éléments.
Vk[49] : 40 244 218 34 -->  4 éléments.
Vk[50] : 217 104 66 140 -->  4 éléments.
Vk[51] : 105 16 190 74 -->  4 éléments.
Vk[52] : 93 88 235 -->  3 éléments.
Vk[53] : 28 10 72 221 -->  4 éléments.
Vk[54] : 23 53 47 42 -->  4 éléments.
Vk[55] : 234 201 210 -->  3 éléments.
Vk[56] : 175 198 89 -->  3 éléments.
Vk[57] : 18 22 99 165 -->  4 éléments.
Vk[58] : 62 129 82 211 -->  4 éléments.
Vk[59] : 179 239 29 215 -->  4 éléments.
Vk[60] : 132 76 127 2 -->  4 éléments.
Vk[61] : 227 64 168 86 -->  4 éléments.
Vk[62] : 144 41 224 142 -->  4 éléments.
Vk[63] : 170 196 185 44 -->  4 éléments.
Vk[64] : 177 161 173 114 -->  4 éléments.
Vk[65] : 148 6 205 8 -->  4 éléments.
Vk[66] : 12 108 71 119 -->  4 éléments.
Matrice M
M[0] : 3 4 3 3 3 3 2 2 3 3 3 3 3 2 3 3 2 2 3 2 2 2 2 3 3 3 3 3 3 3 2 1 3 2 2 3 2 2 0 2 2 3 3 2 2 2 2 3 3 3 2 4 2 3 3 2 2 2 3 2 3 2 1 3 4 2 3
M[1] : 1 2 2 1 2 2 2 2 2 2 2 2 2 3 1 2 2 2 2 1 2 3 2 3 1 2 2 2 3 2 2 2 0 2 1 1 2 1 2 1 2 2 2 1 2 1 2 2 2 2 2 2 1 1 2 1 1 2 1 2 2 3 3 2 2 2 2
M[2] : 2 2 2 1 1 1 2 2 1 2 1 1 1 1 2 1 1 2 1 1 2 2 2 2 1 2 1 2 2 2 2 1 2 1 1 2 2 1 2 0 1 3 2 1 2 1 1 1 1 2 2 2 2 1 2 2 2 1 2 2 0 2 2 2 2 2 2
M[3] : 1 2 1 1 1 2 1 1 1 1 1 2 1 0 2 1 1 1 1 1 1 1 1 1 1 1 0 1 1 1 1 1 1 1 1 2 1 2 1 1 1 1 1 1 1 1 1 2 1 1 1 1 1 1 1 1 1 1 2 1 1 1 2 1 2 1 1
M[4] : 3 2 0 2 3 3 2 1 2 3 3 3 3 2 3 2 3 2 2 2 3 2 1 2 2 2 3 2 2 2 2 3 2 3 1 3 3 3 3 2 3 2 3 1 2 1 3 3 2 3 2 3 3 3 3 2 3 2 2 3 3 3 2 1 2 3 3
M[5] : 4 3 3 3 3 4 2 3 3 3 3 2 3 1 3 3 2 3 4 1 3 0 2 3 3 4 3 3 2 3 3 3 4 3 2 3 2 4 3 2 3 3 3 2 3 2 3 3 3 3 3 4 3 3 3 3 3 2 4 2 3 3 2 3 3 4 3
M[6] : 2 1 2 1 2 2 2 2 1 2 2 2 2 1 1 2 2 1 2 1 1 2 1 2 1 2 2 1 1 2 2 1 1 1 1 1 1 1 2 1 2 2 2 1 1 1 1 2 1 2 2 2 1 2 2 1 1 2 1 2 2 1 1 2 1 0 1
M[7] : 1 1 2 1 1 1 2 2 2 1 1 1 2 2 0 1 1 2 2 2 1 1 1 1 2 2 2 1 2 2 2 1 1 1 2 2 2 1 2 2 2 2 2 2 1 2 2 2 1 1 1 2 1 2 1 1 1 1 1 1 1 2 1 2 1 2 2
M[8] : 2 4 3 3 3 3 3 3 3 2 2 3 3 2 4 3 3 2 3 3 2 2 2 2 3 3 3 3 2 3 2 2 2 3 3 3 2 2 2 3 3 3 3 3 2 2 3 1 3 3 3 3 2 2 2 2 2 1 4 3 3 2 2 2 3 0 3
M[9] : 2 2 2 2 2 3 3 3 3 2 1 2 2 2 1 1 2 2 2 3 1 2 2 2 2 2 1 2 2 2 2 1 2 3 2 1 2 1 2 2 3 2 2 2 2 2 3 2 0 2 3 2 1 1 2 1 2 1 2 3 2 1 2 3 3 1 2
M[10] : 2 1 2 1 2 2 2 2 2 2 1 1 2 2 1 1 1 2 2 1 1 1 1 1 2 2 2 1 2 2 2 1 1 1 2 2 2 1 2 2 2 2 2 2 1 2 2 2 1 2 1 2 1 0 2 1 1 1 1 1 2 2 1 2 1 1 2
M[11] : 2 2 3 3 3 3 3 3 3 2 2 3 3 2 3 3 3 2 2 4 2 1 2 2 3 2 2 2 1 3 2 2 2 3 3 3 2 2 2 3 3 2 3 3 2 3 3 0 3 2 3 3 2 2 2 2 2 1 3 3 3 2 2 3 3 1 3
M[12] : 1 4 2 3 3 3 2 2 3 3 2 3 3 2 3 3 2 2 2 2 1 2 2 3 3 3 2 3 2 2 2 1 3 2 2 3 1 2 1 2 3 2 2 3 2 2 3 3 2 2 2 2 1 2 2 1 2 3 3 2 3 2 2 2 3 2 0
M[13] : 3 2 3 2 3 3 1 1 2 3 3 3 3 2 3 2 3 3 2 2 3 2 2 3 0 3 3 2 2 4 2 3 3 3 2 3 3 3 3 1 2 1 2 1 3 1 3 3 2 3 2 3 3 3 4 3 3 3 2 3 3 3 2 1 3 3 3
M[14] : 1 2 1 1 1 2 1 1 1 1 1 2 1 1 2 1 2 1 1 1 1 0 1 1 1 1 1 1 1 1 1 1 2 1 1 1 1 2 1 1 1 1 1 1 1 1 1 1 1 1 1 1 1 1 1 1 1 1 2 1 1 1 2 1 2 1 1
M[15] : 1 2 2 2 1 1 3 2 2 1 2 1 1 1 2 2 1 1 1 3 2 2 1 1 2 1 2 1 2 2 2 2 1 2 2 2 3 2 0 2 2 2 1 2 1 2 1 2 2 1 1 2 1 2 1 1 1 1 2 1 2 1 1 2 2 2 2
M[16] : 3 1 2 1 1 1 2 3 1 1 1 2 1 1 2 1 1 2 2 1 1 2 1 1 1 1 1 1 2 2 2 2 2 2 0 1 2 2 2 1 1 2 2 1 1 1 1 1 1 3 2 0 2 2 2 1 2 2 1 1 2 2 2 2 2 2 1
M[17] : 1 2 1 1 2 1 1 1 2 2 2 0 2 1 1 1 1 2 1 1 2 1 1 1 1 1 1 2 1 1 1 2 2 2 1 2 2 2 1 1 2 1 1 1 2 1 2 1 2 1 0 2 2 1 3 1 1 1 1 2 1 3 1 1 2 2 2
M[18] : 1 2 1 1 1 1 1 1 1 1 0 1 1 1 1 1 1 1 1 1 1 1 1 1 1 1 0 1 1 1 1 0 1 0 1 1 0 1 0 1 1 1 1 1 1 1 1 1 0 1 1 1 0 0 1 1 1 0 1 1 1 1 1 1 2 0 1
M[19] : 2 2 1 2 2 2 2 2 1 1 1 1 1 1 2 2 2 1 1 2 1 0 1 1 1 1 1 1 1 1 1 2 2 2 2 1 2 2 1 2 1 2 2 0 1 2 2 1 2 1 1 1 2 2 1 2 1 1 2 1 2 1 1 2 2 1 3
M[20] : 1 2 1 2 1 2 2 1 1 1 1 1 1 1 2 1 2 1 1 2 0 0 1 1 1 1 1 1 1 1 0 1 2 2 0 1 2 2 1 1 1 1 1 1 1 1 1 1 2 1 1 1 1 2 1 1 1 1 2 1 2 1 1 1 2 1 2
M[21] : 3 2 3 3 3 3 0 3 3 4 3 3 3 2 3 3 3 4 2 2 3 2 2 3 3 3 3 3 3 4 3 3 4 3 2 3 3 3 3 2 2 2 3 2 3 2 2 3 3 3 2 4 3 4 3 3 3 3 2 3 4 3 2 2 3 3 3
M[22] : 2 2 2 1 1 1 2 2 1 1 1 1 1 1 2 1 1 2 1 1 2 2 2 1 2 1 1 1 1 2 2 1 2 2 1 1 2 2 2 1 1 3 1 1 2 1 1 1 1 2 2 2 2 2 2 1 2 0 2 1 2 2 2 2 2 2 2
M[23] : 2 3 2 2 2 2 2 2 3 3 2 2 2 2 2 2 2 2 1 2 1 2 1 3 3 3 2 2 3 2 2 1 2 1 1 3 1 2 1 2 2 3 2 1 1 1 2 3 2 1 2 2 1 2 0 1 1 2 3 2 2 2 2 3 2 2 1
M[24] : 3 3 3 3 3 4 3 1 3 3 3 2 3 0 3 3 2 3 2 3 3 2 2 1 3 3 3 3 2 3 2 3 3 4 3 3 3 2 3 3 2 2 3 3 2 1 3 3 3 3 2 3 3 3 2 3 2 2 3 2 3 1 2 3 4 2 4
M[25] : 2 3 1 2 2 2 2 2 3 3 1 2 2 2 2 2 2 2 1 2 1 2 1 3 3 3 2 2 3 2 2 1 2 2 0 3 1 2 1 2 2 2 2 1 1 1 2 3 2 1 2 2 1 2 1 1 1 3 3 2 2 2 2 2 2 2 1
M[26] : 1 2 1 2 1 2 1 1 2 1 1 2 0 1 2 2 2 1 1 2 1 2 1 1 1 1 1 1 2 1 2 1 2 1 1 2 1 2 1 1 1 1 1 1 1 1 1 2 1 1 2 1 1 1 1 1 1 1 2 2 1 1 2 1 2 1 1
M[27] : 3 4 3 3 3 3 2 3 3 3 2 3 3 2 3 3 2 2 4 2 2 2 2 3 3 3 2 3 3 3 3 1 4 0 2 3 2 2 1 2 2 3 3 2 2 2 2 3 3 3 2 3 2 3 3 2 2 2 3 2 3 2 1 3 4 2 3
M[28] : 2 2 2 2 3 2 2 2 2 3 2 3 2 3 1 2 2 2 2 2 2 3 1 3 1 3 2 2 3 2 2 3 2 3 1 2 3 2 3 1 2 2 2 1 2 1 2 2 2 2 1 2 3 0 3 2 2 3 1 2 1 3 3 2 2 3 2
M[29] : 4 3 3 3 3 3 2 3 2 3 3 3 3 1 3 3 3 3 3 2 3 2 2 4 3 3 3 3 2 4 2 3 4 3 2 3 3 4 2 2 1 3 3 2 3 2 3 3 3 4 2 4 3 3 3 3 3 3 4 0 3 3 2 3 3 4 3
M[30] : 1 1 1 1 1 1 1 1 0 1 1 1 1 1 1 1 0 1 1 0 1 0 1 1 0 1 1 1 1 1 1 1 2 1 0 1 1 2 1 0 0 1 1 0 1 0 0 1 1 1 2 1 1 2 1 1 1 1 1 0 1 1 1 1 1 2 1
M[31] : 0 2 2 2 3 3 1 1 2 3 2 3 2 2 1 2 3 2 1 2 2 2 1 2 1 2 2 2 2 2 2 3 2 3 1 2 3 2 2 1 2 1 1 1 2 1 2 2 2 2 1 2 2 2 3 2 2 2 2 2 1 3 2 1 2 2 2
M[32] : 4 3 3 3 3 3 2 3 3 3 3 2 3 1 3 3 0 3 4 1 3 2 2 3 3 3 3 3 3 3 3 2 4 3 2 4 2 4 1 2 2 3 3 2 3 2 3 2 3 3 3 4 3 3 3 3 3 2 3 2 3 3 2 3 4 3 3
M[33] : 0 1 2 1 1 1 2 2 2 1 2 1 1 2 2 2 2 2 2 3 2 2 1 1 2 2 2 1 2 2 2 2 1 2 2 2 3 2 1 2 2 2 2 2 1 2 2 2 2 1 1 2 2 2 1 1 1 1 3 2 3 1 1 2 1 2 2
M[34] : 3 2 2 2 1 1 3 2 3 1 2 1 1 2 2 2 2 2 2 3 2 2 1 1 2 2 2 1 2 2 2 2 2 3 2 2 3 2 2 2 2 2 3 2 1 2 2 2 2 0 2 2 2 2 1 2 1 1 3 2 3 1 2 2 2 2 3
M[35] : 1 1 1 1 1 1 1 1 1 1 1 1 1 1 2 1 1 1 0 1 1 2 1 1 0 1 1 1 1 2 1 0 2 2 0 1 1 2 1 0 1 1 1 0 1 1 1 1 1 1 2 1 1 2 1 1 2 1 1 1 2 2 2 1 2 2 1
M[36] : 1 2 1 2 1 2 1 1 2 1 1 2 1 1 2 2 2 1 1 2 1 2 1 1 1 0 1 1 1 1 1 1 2 1 1 2 1 2 1 1 1 1 1 1 1 1 1 2 1 1 2 1 1 2 1 1 1 1 2 1 2 1 2 1 2 2 1
M[37] : 1 2 0 2 1 2 2 1 1 1 1 1 1 1 2 1 2 1 1 1 0 0 0 1 1 1 1 0 0 1 0 1 1 2 1 1 1 1 1 1 1 1 1 1 1 1 1 1 1 1 1 1 0 2 1 1 1 1 2 1 1 1 0 1 2 1 1
M[38] : 1 1 1 1 0 1 0 0 1 1 1 1 1 1 1 1 1 1 1 1 1 1 1 1 1 1 1 1 1 1 1 2 2 2 1 1 1 2 1 1 1 0 1 1 2 1 1 1 1 1 0 1 1 2 1 1 1 1 0 1 1 2 1 1 1 2 1
M[39] : 2 1 1 1 2 2 1 1 1 2 1 2 1 0 2 1 2 1 1 1 1 1 1 1 1 1 1 1 1 1 1 2 2 2 1 1 1 2 1 1 1 0 1 1 1 1 1 1 1 2 1 1 1 2 2 1 1 2 1 1 2 2 1 1 1 1 1
M[40] : 1 2 2 2 3 3 1 1 2 3 2 3 2 2 1 2 3 2 1 2 2 2 1 3 1 3 2 2 2 2 3 3 2 3 1 2 3 2 2 1 2 1 1 1 2 1 2 2 2 0 1 2 3 2 3 2 2 2 2 2 1 3 2 1 2 3 2
M[41] : 3 4 3 3 3 3 2 3 3 3 3 3 3 2 3 3 2 3 4 2 2 2 2 3 3 3 3 3 3 3 3 1 4 3 2 3 2 2 1 2 2 3 3 2 3 2 2 2 3 3 2 4 2 3 3 2 3 2 3 2 3 3 0 3 4 2 3
M[42] : 3 1 2 1 1 2 2 2 3 2 2 2 3 2 3 2 2 2 2 3 2 2 1 2 2 2 2 1 2 2 2 2 2 3 2 2 3 2 3 2 3 2 3 2 1 2 3 2 2 2 2 2 2 3 0 1 1 2 3 3 3 2 2 2 1 2 3
M[43] : 3 1 2 2 3 3 2 1 3 2 2 2 3 2 3 1 3 2 2 2 2 2 1 2 2 2 2 1 2 2 2 3 2 3 2 3 3 3 3 2 3 2 3 2 0 1 3 2 3 2 2 2 2 3 2 2 1 2 3 3 3 2 2 2 1 2 3
M[44] : 3 2 2 2 4 3 2 1 3 3 3 3 3 2 3 3 3 2 2 2 3 2 2 2 2 3 3 2 2 3 2 3 3 3 2 3 3 3 3 2 3 2 3 2 3 1 3 3 3 3 2 3 3 3 4 3 3 2 3 3 3 3 2 0 3 3 3
M[45] : 1 2 1 1 1 2 1 1 2 1 1 2 1 1 2 1 2 1 1 2 1 2 1 1 2 2 1 1 2 2 2 1 1 2 1 2 1 2 1 1 0 1 1 1 1 1 1 2 1 1 2 2 1 1 1 1 1 1 2 1 1 1 2 1 2 1 1
M[46] : 2 1 1 1 2 2 2 1 2 2 1 2 3 2 2 1 3 2 2 2 0 2 1 2 1 2 2 1 2 2 2 3 2 2 1 2 3 2 2 2 3 2 2 1 1 1 3 2 1 2 2 2 1 3 2 1 1 2 2 3 2 2 1 1 1 2 1
M[47] : 1 1 1 1 1 1 0 0 1 1 1 1 1 1 1 1 1 1 1 1 1 1 1 1 1 1 1 1 1 1 1 2 2 2 1 1 1 2 1 1 1 0 1 1 2 1 1 1 1 1 0 1 1 2 0 1 1 1 1 1 1 2 1 1 2 2 1
M[48] : 1 2 1 2 1 2 2 2 3 2 1 2 2 2 2 2 2 2 1 2 1 2 1 3 2 3 2 0 2 2 2 1 2 2 1 3 1 2 1 1 2 2 1 1 1 1 2 2 2 1 2 2 1 2 1 1 1 1 3 2 2 2 2 1 2 2 1
M[49] : 1 2 1 1 3 2 1 1 2 2 1 2 2 2 2 1 2 1 1 2 2 2 1 2 1 1 1 1 2 1 2 2 2 2 1 2 2 2 0 1 2 1 1 1 2 1 2 1 2 1 2 1 2 2 3 2 2 2 2 2 1 3 1 1 2 2 2
M[50] : 3 1 0 1 1 1 2 2 1 1 1 1 1 1 2 1 1 2 1 1 1 2 1 1 2 1 1 1 1 2 2 2 2 2 0 1 2 2 2 1 1 2 2 2 2 1 1 1 1 3 2 2 2 2 2 1 2 1 2 1 2 2 2 2 2 2 1
M[51] : 1 1 2 1 1 1 1 2 1 1 1 1 1 1 2 1 1 1 1 2 1 0 1 1 1 1 1 1 0 1 1 1 1 2 2 2 2 1 1 1 1 0 1 1 1 2 1 1 2 1 1 1 1 2 1 1 1 1 2 1 1 1 1 2 1 2 2
M[52] : 3 3 3 3 2 0 3 3 2 3 2 1 2 3 3 3 1 3 3 1 2 3 3 3 2 3 3 3 3 3 3 2 4 2 2 3 2 3 2 2 2 3 3 2 3 2 2 2 2 3 3 3 2 3 2 2 2 2 2 2 3 3 2 3 3 3 3
M[53] : 2 1 2 1 1 2 2 2 1 2 1 2 1 1 1 1 2 1 2 1 1 2 1 2 1 1 2 1 1 3 2 2 2 2 1 1 1 2 3 1 1 2 2 1 1 1 1 1 1 2 2 2 2 2 0 1 2 2 1 2 2 1 2 2 2 2 1
M[54] : 1 3 1 3 2 3 2 2 3 2 1 3 3 2 2 2 2 2 2 3 1 2 2 2 3 2 2 1 2 2 2 1 0 2 2 3 1 2 1 2 3 2 2 3 1 2 3 2 2 2 2 2 1 1 2 1 2 2 3 2 1 2 2 2 3 1 2
M[55] : 3 1 2 2 0 2 2 2 3 1 2 1 3 2 3 2 2 2 2 3 2 2 1 1 2 2 2 1 2 2 2 2 2 3 2 2 3 2 3 2 3 2 3 2 1 2 3 2 2 2 2 2 2 3 1 2 1 1 3 2 3 1 2 2 1 2 3
M[56] : 4 3 3 3 3 4 2 3 2 3 3 2 3 1 3 3 2 3 4 0 3 1 2 3 3 4 3 3 2 3 2 3 4 3 2 3 2 4 3 2 2 3 3 2 3 2 3 3 3 3 2 4 3 3 3 3 3 3 4 2 3 3 2 3 3 4 3
M[57] : 1 2 2 0 2 3 2 3 3 2 1 3 3 2 2 1 2 2 2 3 1 2 1 2 2 2 2 1 2 2 2 1 1 2 2 2 1 1 2 1 3 2 2 2 1 1 3 2 1 2 2 2 1 1 1 1 2 2 3 2 1 2 2 1 2 1 2
M[58] : 1 2 1 1 1 1 1 2 1 1 1 1 1 1 2 2 1 1 1 2 1 0 1 1 1 1 1 1 1 1 1 1 1 2 2 2 0 2 1 1 1 1 1 1 1 2 1 1 2 1 1 1 1 2 1 1 1 1 2 1 1 1 1 1 2 2 2
M[59] : 3 2 3 2 0 2 2 3 1 3 3 2 1 2 2 2 2 2 2 1 2 2 3 3 2 3 2 2 2 3 2 2 3 2 2 1 2 3 3 1 1 2 3 2 3 2 1 3 2 3 2 3 2 3 2 2 2 3 1 2 3 3 2 3 3 3 3
M[60] : 3 1 3 1 1 1 2 3 1 1 1 2 1 2 2 2 1 2 2 1 2 2 2 2 2 1 2 0 2 3 2 2 2 2 2 1 2 2 2 1 1 2 3 2 2 2 1 1 1 3 2 2 2 2 2 1 2 2 2 1 2 3 2 3 2 3 2
M[61] : 2 2 2 1 1 1 2 2 1 2 1 1 1 1 2 1 1 2 1 1 2 2 2 1 1 1 1 1 1 2 2 1 2 1 1 1 1 1 2 0 1 3 0 1 2 1 1 1 1 2 2 2 2 2 2 1 2 1 2 1 1 2 2 2 2 2 2
M[62] : 2 1 2 2 1 2 1 1 2 2 1 2 2 1 1 2 1 1 1 2 1 2 1 2 1 2 1 2 2 1 2 1 2 1 1 2 1 2 1 1 1 2 2 1 1 1 1 2 1 1 2 1 1 2 1 1 1 2 0 2 2 1 2 2 1 2 1
M[63] : 2 2 2 2 1 1 3 2 2 1 2 1 1 1 2 2 2 1 1 3 2 1 1 1 2 1 2 1 1 2 2 2 2 2 2 2 3 2 1 2 2 2 2 2 1 2 0 1 2 1 1 2 2 2 1 1 1 1 2 2 2 1 1 2 2 2 3
M[64] : 1 1 2 1 2 2 2 2 1 2 2 2 2 1 1 2 2 1 2 1 1 3 2 2 1 2 2 2 1 2 2 2 1 1 1 1 1 1 2 1 2 2 2 1 1 1 1 2 1 2 2 2 1 2 2 1 1 2 1 2 2 0 2 2 1 1 2
M[65] : 2 2 2 1 1 1 2 3 1 2 1 1 1 2 2 1 1 2 1 1 2 2 2 2 2 0 1 2 2 2 2 2 2 2 1 1 2 2 2 1 1 3 3 2 2 1 1 1 1 3 2 2 2 2 2 2 2 1 2 1 2 2 2 3 2 3 2
M[66] : 1 1 1 1 1 1 1 1 0 1 1 1 1 1 0 1 0 1 1 0 1 1 1 1 0 1 1 1 1 1 1 0 2 0 0 1 1 1 1 0 0 1 1 0 1 0 0 1 1 1 0 1 1 1 1 1 1 1 0 0 1 1 1 1 1 2 1
M[67] : 2 1 1 1 2 2 2 1 1 2 1 2 2 2 2 1 2 2 2 1 1 1 1 2 1 2 1 1 2 1 2 2 2 2 1 1 0 2 2 1 2 2 2 1 1 1 3 1 1 2 1 1 1 2 2 1 1 2 2 3 2 2 1 1 1 1 1
M[68] : 2 1 1 1 2 2 2 1 1 2 1 2 2 2 1 1 2 2 2 1 1 1 1 2 1 2 2 1 2 1 0 1 1 1 1 1 2 1 2 2 2 2 2 1 1 1 2 1 1 2 1 2 1 1 2 1 1 2 1 2 2 2 1 2 1 1 1
M[69] : 2 3 3 3 3 3 2 3 3 2 1 3 3 2 2 3 2 2 2 3 1 2 2 2 3 2 2 2 2 3 2 1 2 3 3 3 2 0 2 3 3 2 3 3 2 2 3 2 3 2 3 2 2 1 2 2 2 1 3 3 2 2 3 3 3 1 3
M[70] : 2 1 1 1 2 2 2 1 1 2 1 2 1 2 2 1 2 1 1 1 1 1 1 2 1 1 1 1 0 1 1 2 2 2 1 1 1 2 2 1 2 1 1 1 1 1 2 1 1 2 1 1 1 2 2 1 1 2 1 2 2 2 1 1 1 1 1
M[71] : 1 2 1 2 2 2 2 1 1 1 1 1 1 1 2 1 2 1 1 1 1 0 0 1 1 1 1 0 1 1 0 0 2 2 1 1 2 1 1 1 1 1 2 1 1 1 1 1 1 1 1 1 0 2 1 2 1 1 2 1 2 1 0 1 2 1 0
M[72] : 2 3 3 3 3 3 3 3 3 2 2 3 3 2 4 3 3 2 2 3 2 2 2 2 3 2 2 2 2 3 2 2 2 3 3 2 2 2 2 3 3 3 3 3 2 3 3 2 3 2 3 2 2 0 2 2 2 1 4 3 3 2 3 3 3 1 3
M[73] : 3 2 3 1 1 1 2 3 1 1 1 1 1 2 2 1 1 2 2 1 2 2 2 1 2 1 1 1 2 2 2 2 2 2 1 1 2 2 2 1 1 2 3 2 2 1 1 0 1 3 2 2 2 2 2 1 2 1 2 1 2 2 2 3 2 2 2
M[74] : 2 2 3 2 2 2 3 2 2 1 2 1 1 1 2 2 3 1 1 3 2 1 2 1 2 1 1 2 1 2 2 2 2 3 3 2 2 2 2 3 3 2 2 2 2 2 3 1 2 2 2 0 2 2 1 2 1 1 3 2 2 1 2 2 2 1 3
M[75] : 3 2 3 3 3 4 2 2 3 3 3 3 3 1 4 3 3 3 2 2 3 2 2 4 3 3 3 3 3 3 2 3 4 3 2 3 3 3 3 2 2 0 4 3 3 2 3 3 3 3 2 4 3 4 3 3 3 3 3 3 4 3 2 2 3 3 3
M[76] : 2 3 2 3 3 3 2 2 3 2 1 3 3 2 2 3 2 2 2 3 1 2 2 2 3 2 2 2 2 2 2 1 2 2 3 3 1 2 2 3 3 2 2 3 2 2 3 2 2 2 3 2 1 1 2 1 2 2 3 2 0 2 2 2 3 1 2
M[77] : 1 2 1 1 2 1 1 1 1 1 2 1 2 1 1 1 0 2 1 1 2 1 1 1 1 1 1 1 1 1 1 2 2 2 1 2 2 2 1 1 2 1 1 1 2 1 2 1 2 1 0 1 2 1 2 1 1 1 1 2 1 3 1 1 2 2 2
M[78] : 2 2 3 2 2 2 3 2 2 1 2 1 0 1 2 2 3 1 1 3 2 2 1 1 2 1 2 1 1 2 2 2 2 3 2 2 3 2 2 3 2 2 3 2 1 2 2 2 2 2 2 2 2 2 1 2 1 1 3 2 2 1 2 2 2 2 3
M[79] : 2 1 1 1 3 2 2 1 2 2 1 2 3 2 2 1 2 2 2 2 1 2 1 2 1 2 1 1 2 1 2 2 2 2 1 1 2 2 2 1 2 1 1 1 2 1 2 0 1 2 1 1 2 2 2 2 2 2 2 3 2 3 1 1 2 2 1
M[80] : 3 2 3 2 3 3 2 1 2 3 3 3 3 2 3 2 3 3 2 2 3 2 2 3 2 3 3 2 2 3 2 3 3 3 2 3 3 3 3 0 3 1 3 1 3 1 3 3 2 3 2 3 3 3 4 3 3 3 2 3 3 3 2 1 3 3 3
M[81] : 3 3 2 3 3 4 3 2 3 3 3 2 3 1 4 3 3 2 3 2 3 2 2 3 3 2 3 3 0 3 2 2 3 4 3 3 3 2 3 3 3 1 3 3 2 2 3 3 3 3 3 4 3 3 2 3 2 1 3 2 3 2 2 2 4 2 4
M[82] : 2 2 2 2 2 2 2 2 3 2 1 2 2 2 1 1 2 2 2 3 1 2 2 2 2 2 1 2 1 1 2 1 2 3 2 1 2 1 2 2 3 2 2 2 2 1 2 2 1 2 3 2 1 1 2 1 2 1 0 3 2 1 2 3 3 1 2
M[83] : 2 2 2 2 3 3 2 2 2 3 2 3 2 3 0 2 2 2 2 2 3 3 1 3 1 3 2 2 3 3 2 3 3 3 1 2 3 2 3 1 2 2 3 1 2 1 2 3 2 3 1 2 3 3 3 2 3 3 1 2 2 3 3 2 3 3 3
M[84] : 3 2 2 2 1 2 3 2 3 1 2 0 3 2 3 2 2 2 2 3 2 2 1 1 2 2 2 1 2 2 2 2 2 3 2 2 3 2 3 2 3 2 3 2 1 2 3 2 2 3 2 2 2 3 1 2 1 1 3 2 3 1 2 2 1 2 3
M[85] : 2 2 2 2 2 3 2 3 3 2 1 3 2 2 2 0 2 2 2 3 1 2 2 2 2 2 1 1 2 2 2 1 1 2 2 2 2 1 2 2 3 2 2 2 1 2 3 2 1 2 3 2 1 1 2 1 2 2 3 3 1 2 2 3 3 1 2
M[86] : 1 1 1 1 1 1 0 0 1 1 1 1 1 1 2 1 2 1 1 1 1 1 1 1 1 1 1 1 1 1 1 2 2 2 1 1 1 2 1 1 1 0 1 1 1 1 1 1 1 1 0 1 1 2 2 1 0 1 1 1 1 0 1 1 1 1 1
M[87] : 2 2 3 2 2 2 3 2 2 2 1 2 1 1 2 2 3 1 2 4 1 1 2 1 0 1 1 2 1 1 1 2 2 3 3 1 2 2 2 3 3 2 2 2 2 2 3 1 2 2 3 1 2 2 2 2 1 1 2 2 2 1 2 2 2 1 3
M[88] : 3 4 3 3 3 3 2 2 3 3 2 3 3 2 3 3 2 2 2 2 2 2 2 3 3 3 2 3 3 3 2 1 3 3 2 3 1 2 1 2 3 3 3 3 2 2 3 3 3 3 3 3 0 3 3 2 2 2 3 2 3 2 2 2 3 2 3
M[89] : 3 1 2 2 1 2 3 2 3 1 2 1 3 2 3 2 2 2 2 3 2 2 1 1 2 2 2 1 2 2 2 2 2 3 2 2 3 2 3 2 2 2 3 2 1 2 3 2 2 2 2 2 2 2 1 1 0 1 3 2 3 1 2 2 1 2 3
M[90] : 2 1 2 2 2 2 2 1 1 1 1 2 1 1 1 1 1 1 2 2 1 0 1 1 1 1 1 1 1 1 1 1 1 0 2 1 2 1 1 2 2 1 2 1 0 1 2 1 1 1 2 1 1 1 1 1 1 1 1 1 2 1 0 1 1 1 2
M[91] : 2 1 1 1 3 2 1 1 2 2 1 2 2 2 2 1 2 1 1 2 2 2 1 2 1 0 1 1 1 1 2 2 2 2 1 1 2 2 1 1 2 1 1 1 2 1 2 1 1 2 1 1 2 2 2 2 2 2 2 2 2 3 1 1 2 2 2
M[92] : 2 1 1 1 2 2 2 1 1 2 1 2 2 2 2 1 2 2 2 0 1 1 1 2 2 2 2 1 2 2 2 1 1 1 2 1 3 1 2 2 3 2 2 2 1 1 3 2 1 2 1 2 1 2 2 1 1 2 2 3 2 2 1 2 1 1 1
M[93] : 2 1 2 1 1 2 2 2 1 2 2 2 2 2 1 2 2 1 2 1 1 2 1 2 1 2 2 1 2 2 2 2 2 2 1 1 2 1 3 1 1 2 2 1 1 1 1 2 1 2 2 2 0 2 1 1 2 2 1 2 2 1 2 2 1 2 1
M[94] : 2 2 1 2 3 3 1 1 2 3 2 3 2 2 2 2 3 2 0 2 2 2 1 2 1 2 2 2 2 1 2 3 2 3 1 2 3 2 2 1 2 1 1 1 2 1 2 2 2 2 2 2 2 2 3 2 2 2 2 2 2 3 2 1 2 3 2
M[95] : 2 2 3 2 2 2 3 2 2 2 1 2 1 1 2 2 3 1 2 4 2 1 2 1 3 1 1 2 1 0 1 2 2 3 3 1 2 2 2 3 3 2 2 2 2 2 3 1 2 2 3 1 2 2 2 2 1 1 3 2 2 1 2 2 2 1 3
M[96] : 2 2 3 2 2 3 3 2 2 1 2 1 2 1 2 2 3 0 1 3 2 1 2 1 2 1 2 2 1 2 2 2 2 3 3 2 3 2 2 3 2 2 3 2 2 2 3 2 2 2 2 2 2 2 2 2 2 1 3 2 3 1 2 2 2 2 3
M[97] : 3 1 2 1 3 3 2 1 3 2 2 2 3 2 3 1 3 2 2 2 2 2 1 2 2 2 2 1 2 2 2 3 0 3 2 3 3 2 3 2 3 2 3 2 1 1 3 2 3 2 2 2 2 3 2 2 1 2 3 3 3 2 2 2 1 2 3
M[98] : 1 2 2 1 1 1 1 2 2 1 1 1 2 1 1 1 0 2 2 2 1 1 1 1 2 2 1 1 2 2 2 1 1 2 2 2 1 1 1 1 2 1 1 2 1 0 1 2 1 1 1 2 1 1 1 1 1 1 1 1 1 1 2 1 2 1 2
M[99] : 1 2 1 1 2 1 1 1 2 2 2 1 2 2 1 1 1 2 1 2 2 1 1 2 1 1 1 2 1 1 1 2 2 2 1 2 2 2 1 1 2 1 1 1 2 1 2 1 2 1 0 2 2 1 3 2 1 0 1 2 1 3 1 1 2 2 2
M[100] : 0 2 2 1 1 1 1 2 1 1 1 1 1 1 1 1 1 2 1 1 1 2 2 1 1 1 1 1 1 2 1 1 1 1 1 2 1 1 2 0 0 2 1 1 1 1 1 1 1 2 2 2 2 1 2 1 2 1 2 1 1 1 2 2 2 2 1
M[101] : 1 2 1 1 2 1 1 1 1 1 1 1 2 1 1 1 1 2 1 1 2 1 1 0 1 1 1 1 1 1 1 2 2 2 1 1 2 2 1 1 2 1 1 1 2 1 2 1 2 1 0 1 2 1 3 2 1 1 1 2 1 3 1 1 2 2 2
M[102] : 3 1 2 1 2 2 2 2 3 2 2 2 3 2 3 1 3 2 2 2 2 2 1 2 2 2 2 1 2 2 2 2 1 0 2 2 3 2 3 2 3 2 2 2 1 2 3 2 2 2 2 2 2 3 2 1 1 2 3 3 2 2 2 2 1 2 2
M[103] : 2 1 1 1 1 2 2 1 1 1 1 2 1 1 1 1 2 0 2 1 1 2 1 2 1 1 1 1 1 1 1 1 2 1 0 1 1 1 1 1 1 2 2 1 1 0 1 1 1 2 2 1 1 2 1 1 2 2 1 2 2 1 2 1 1 2 1
M[104] : 3 3 3 3 3 3 3 3 2 3 3 2 3 2 3 3 1 3 4 1 3 2 2 3 3 3 3 3 2 4 3 2 4 3 2 2 2 4 3 2 2 3 3 2 3 2 2 2 3 4 0 4 3 3 3 2 3 2 3 2 3 3 3 3 3 3 3
M[105] : 2 2 2 2 2 2 2 1 2 2 2 2 2 2 2 2 2 1 1 2 1 2 1 3 1 2 1 2 3 1 2 1 2 1 1 3 1 2 1 1 2 3 2 1 1 1 2 3 2 1 2 0 1 2 1 1 1 2 3 2 2 1 2 2 2 2 1
M[106] : 2 2 2 2 2 2 3 2 0 2 1 2 1 1 2 2 3 1 2 3 1 1 2 1 1 1 1 2 1 1 1 2 2 3 3 1 2 1 2 2 3 2 2 1 2 2 2 1 2 2 2 1 2 2 2 2 1 1 2 2 2 1 1 2 2 1 3
M[107] : 1 4 2 3 3 3 2 2 3 3 1 3 3 2 3 3 2 2 2 3 1 2 2 3 3 3 2 3 2 2 2 1 3 2 2 3 1 2 1 2 3 2 0 3 2 2 3 3 2 2 3 2 1 2 2 1 2 2 3 2 2 2 2 2 3 1 3
M[108] : 3 1 2 1 1 2 2 2 1 2 1 2 1 2 1 2 2 1 2 1 1 2 1 3 1 2 2 1 2 3 2 2 2 2 1 1 2 2 3 1 1 2 2 1 1 1 1 1 1 3 2 2 2 2 1 1 2 2 1 2 2 1 2 2 2 2 0
M[109] : 1 0 2 1 1 2 1 1 2 2 1 2 2 2 1 1 1 2 2 2 1 1 1 2 2 2 1 1 1 1 2 1 1 2 2 1 2 1 2 2 2 0 2 1 1 1 2 2 1 2 1 1 1 1 1 1 0 2 1 2 1 0 2 2 1 1 2
M[110] : 1 1 1 1 1 1 1 1 1 1 0 1 1 0 2 1 1 1 1 1 0 0 0 0 1 1 1 0 0 1 0 1 0 2 1 1 1 0 1 1 1 1 1 1 0 0 1 1 1 1 1 1 0 2 1 1 1 1 2 1 1 0 0 1 1 0 1
M[111] : 1 1 1 1 2 2 2 1 1 1 1 1 1 1 2 1 1 1 1 0 0 0 0 1 1 1 1 0 0 1 0 0 1 1 1 1 1 1 1 2 1 1 2 1 0 1 2 1 1 1 1 1 0 1 1 1 1 1 1 1 2 0 0 1 1 1 1
M[112] : 1 2 1 1 3 0 1 1 2 2 2 2 2 2 1 1 2 2 1 2 2 2 1 2 1 1 1 1 2 1 2 2 2 2 1 2 2 2 1 1 2 1 1 1 2 1 2 1 2 1 1 1 2 2 3 2 2 2 2 2 1 3 1 1 2 2 2
M[113] : 1 2 1 1 1 2 1 1 3 1 1 2 1 2 2 1 2 2 1 3 1 2 1 2 2 2 2 1 2 2 2 1 1 2 1 2 1 2 1 1 2 2 1 2 1 1 0 2 1 1 2 2 1 1 1 1 1 1 2 2 1 1 2 1 2 1 1
M[114] : 1 1 2 1 1 2 1 1 2 2 1 1 2 2 1 1 2 2 2 2 1 1 1 2 2 2 1 1 2 1 2 1 1 2 2 1 2 1 2 2 2 0 2 2 1 1 2 2 1 2 1 2 1 1 1 1 0 2 1 2 1 0 2 2 0 1 2
M[115] : 1 1 1 1 1 1 1 1 1 1 1 1 1 1 1 1 0 1 1 0 1 1 1 1 0 1 1 1 1 2 1 0 2 1 0 1 1 2 0 0 0 1 1 0 1 0 1 1 1 1 2 1 1 2 1 1 2 1 1 0 1 1 1 1 1 2 1
M[116] : 3 1 3 1 1 1 2 3 1 0 1 2 1 2 2 1 1 2 2 1 2 2 2 2 2 1 2 1 2 2 2 2 2 2 2 1 2 2 2 1 1 2 3 2 2 2 1 1 1 3 2 2 2 2 2 1 2 2 2 1 2 2 2 3 2 2 2
M[117] : 2 0 1 2 1 2 1 1 2 1 1 2 2 1 1 2 2 1 1 2 1 2 1 2 1 2 1 1 2 1 1 1 2 1 1 2 1 2 1 1 1 1 2 1 1 1 1 2 1 1 2 1 1 2 1 1 1 2 1 2 2 1 2 1 1 2 1
M[118] : 1 1 2 1 1 1 0 2 2 1 1 1 1 1 2 1 1 2 1 2 1 1 1 1 1 1 2 1 2 2 2 1 1 2 2 2 2 1 1 2 1 1 1 2 1 2 1 2 2 1 1 2 1 2 1 1 1 1 2 1 1 1 1 2 1 2 2
M[119] : 3 1 1 2 3 3 2 1 3 2 2 2 3 2 3 1 3 2 2 2 2 2 1 2 2 2 2 1 2 2 2 3 2 3 2 3 3 3 3 2 3 2 3 2 2 1 3 2 2 2 2 2 2 3 2 2 1 2 2 3 2 3 2 2 2 2 0
M[120] : 1 1 1 1 1 1 2 0 1 1 1 1 1 1 2 1 1 1 1 1 1 2 1 1 0 1 1 1 1 2 1 1 2 2 0 1 1 2 1 0 1 1 1 0 1 1 1 1 1 1 2 1 1 2 1 1 2 1 1 1 2 1 2 1 2 2 1
M[121] : 1 1 1 1 2 1 1 1 1 0 1 1 1 1 1 1 1 1 1 1 2 1 1 1 1 1 1 1 1 1 1 2 2 2 1 1 2 2 1 1 2 0 1 1 2 1 2 1 1 1 0 1 2 2 3 2 1 1 2 1 1 3 1 1 2 2 2
M[122] : 2 2 2 2 2 2 2 2 2 2 2 2 2 1 1 2 1 1 2 2 1 2 1 2 1 2 1 2 3 1 3 1 2 1 1 2 1 2 1 1 2 3 2 1 1 0 2 3 1 2 2 2 1 2 1 1 1 2 2 2 2 1 2 2 1 2 1
M[123] : 2 2 2 2 2 2 2 0 2 2 2 2 2 1 2 2 2 1 1 2 1 2 1 2 1 2 1 2 3 1 2 1 2 1 1 2 1 2 1 1 2 3 2 1 1 1 2 3 2 1 2 2 1 2 1 1 1 2 2 2 2 1 2 2 1 2 1
M[124] : 2 1 1 1 2 2 2 1 0 2 1 2 1 2 2 1 2 1 2 1 1 1 1 2 1 1 1 1 1 1 1 2 2 2 1 1 1 2 2 1 2 1 1 1 1 1 3 1 1 2 1 1 1 2 2 1 1 2 1 2 2 2 1 1 1 1 1
M[125] : 3 2 2 2 3 3 1 1 2 3 3 3 3 2 2 2 3 3 2 2 3 2 1 2 1 3 3 2 2 1 2 3 2 3 1 2 3 3 2 1 2 1 0 1 2 1 2 3 2 2 2 2 3 3 3 2 3 2 2 3 2 3 2 1 2 3 2
M[126] : 2 3 2 2 2 2 2 2 2 3 2 2 2 2 2 2 2 1 1 2 1 2 1 3 0 3 2 2 3 2 2 1 2 1 1 3 1 2 1 1 2 3 2 1 1 1 2 3 2 1 2 1 1 2 1 1 1 2 3 2 2 2 2 2 2 2 1
M[127] : 3 2 2 2 3 3 1 2 2 3 3 3 2 2 1 2 3 3 2 2 3 2 1 3 1 3 2 2 2 2 3 3 2 3 1 2 3 2 2 1 2 1 1 1 2 1 2 3 2 3 2 2 3 3 3 2 3 3 2 2 0 3 2 1 2 3 3
M[128] : 1 2 1 2 0 3 2 2 3 2 1 2 3 2 2 2 2 2 2 3 1 2 1 2 2 2 2 1 2 2 2 1 2 2 1 3 1 2 1 1 2 2 1 2 1 1 2 2 2 1 2 2 1 1 1 1 1 2 3 2 1 2 2 2 2 1 2
M[129] : 4 2 3 3 3 3 2 3 1 4 3 3 3 2 3 3 2 3 3 2 3 3 2 3 2 3 3 3 2 4 2 3 4 3 2 3 3 4 3 2 1 2 3 2 3 2 1 3 3 4 2 4 3 3 3 3 3 3 0 2 3 3 3 3 3 4 3
M[130] : 3 3 3 2 2 2 2 3 1 3 3 2 1 2 2 2 2 2 2 1 2 2 3 2 2 2 2 3 2 3 2 2 4 2 2 0 2 3 3 2 1 3 3 2 3 2 1 2 1 3 2 3 2 3 2 2 2 3 2 1 3 3 2 3 3 3 3
M[131] : 2 1 1 1 1 1 2 1 1 1 1 1 1 1 1 1 0 1 1 0 1 1 1 1 1 1 1 1 1 0 1 1 2 1 0 1 1 1 1 0 1 1 1 0 1 0 1 1 1 2 2 1 1 2 1 1 1 1 1 1 2 1 1 1 1 2 1
M[132] : 1 1 2 1 1 1 2 2 2 1 1 1 2 2 2 1 1 2 2 2 1 1 1 1 2 2 2 1 2 2 2 1 1 2 2 2 3 2 1 2 2 2 2 2 1 2 2 2 2 1 1 2 1 2 1 1 1 1 2 1 0 1 1 2 1 2 2
M[133] : 2 1 1 1 2 2 2 1 1 2 1 2 2 2 2 1 2 1 2 1 1 0 1 2 1 2 1 1 2 1 2 2 2 2 1 1 1 2 2 1 2 1 1 1 2 1 2 1 1 2 1 1 1 2 2 2 1 2 2 3 2 3 1 1 1 1 1
M[134] : 2 1 1 1 2 2 2 1 2 2 1 2 3 2 2 1 3 2 2 2 1 2 1 2 2 2 2 1 2 2 2 3 1 2 2 2 3 0 2 2 3 2 2 2 1 1 3 2 1 2 2 2 1 3 2 1 1 2 2 3 2 2 1 2 1 2 1
M[135] : 2 1 1 2 1 2 1 1 2 1 1 2 2 1 2 2 2 1 1 2 1 2 1 2 1 2 1 1 2 1 2 1 2 1 1 2 1 2 1 1 1 0 2 1 1 1 1 1 1 1 2 1 1 2 1 1 1 2 1 2 2 1 2 1 1 2 1
M[136] : 1 1 1 1 1 1 1 1 0 1 1 1 1 1 0 1 0 1 1 0 1 1 0 1 0 1 1 1 1 1 1 0 2 0 0 1 1 1 1 0 0 1 1 0 1 0 0 1 1 1 1 1 1 1 1 1 1 1 0 0 1 1 1 1 1 2 1
M[137] : 1 1 1 1 1 2 1 1 1 1 1 2 1 1 2 1 2 1 1 1 1 1 1 1 1 1 1 1 0 1 1 1 2 1 1 1 1 2 1 1 1 1 1 1 1 1 1 1 1 1 1 1 1 2 1 1 1 1 1 1 2 1 2 1 2 2 1
M[138] : 3 2 1 2 3 3 2 1 2 2 3 2 3 2 2 1 3 2 2 2 3 2 1 2 1 2 2 2 2 0 2 3 2 3 1 3 3 3 3 2 3 1 2 1 2 1 3 2 2 2 2 2 3 3 3 2 2 2 2 3 2 3 2 1 2 3 2
M[139] : 2 2 2 1 2 1 1 2 2 2 2 1 2 2 1 1 1 1 2 1 1 3 2 2 1 2 1 2 2 1 3 1 2 1 1 2 1 0 2 1 2 2 2 1 1 1 2 2 1 2 3 2 1 1 2 1 1 2 2 2 2 1 2 2 1 1 2
M[140] : 2 1 2 1 1 1 2 2 3 1 2 1 2 2 2 2 2 2 2 3 2 2 1 1 2 2 2 1 2 2 2 2 1 2 2 2 3 2 2 2 2 2 3 2 1 2 2 2 2 1 0 2 2 2 1 1 1 1 3 2 3 1 1 2 1 2 2
M[141] : 2 3 2 2 2 2 2 2 3 3 2 2 2 2 2 2 2 2 1 2 1 2 1 3 3 3 2 2 3 2 2 1 2 1 1 3 1 2 1 2 2 2 2 1 0 1 2 3 2 1 2 2 1 2 1 1 1 3 3 2 2 2 2 2 2 2 1
M[142] : 2 1 1 1 2 2 2 1 2 2 1 2 3 2 2 1 3 2 2 2 1 2 1 2 2 2 2 1 2 2 2 3 2 2 2 2 3 3 2 2 3 2 2 2 1 1 3 2 1 2 2 2 1 3 2 1 1 2 2 3 2 2 0 2 1 2 1
M[143] : 2 1 1 2 1 2 1 1 1 1 1 2 1 1 1 2 2 1 1 1 1 1 1 2 1 1 1 1 1 1 1 1 2 1 1 0 0 2 1 1 1 1 1 1 1 1 1 1 0 1 1 1 1 1 1 1 1 1 1 1 2 1 2 1 1 1 1
M[144] : 1 1 1 1 1 1 1 1 1 1 1 1 1 1 1 1 0 1 1 0 1 1 1 1 0 1 1 1 1 2 1 1 2 1 0 1 1 2 1 0 0 1 1 0 1 0 1 1 1 1 2 1 1 2 1 1 2 1 1 0 1 1 0 1 1 2 1
M[145] : 3 1 2 0 3 3 2 2 3 2 2 2 3 2 3 2 3 2 2 2 2 2 1 2 2 2 2 1 2 2 2 3 2 4 2 3 3 2 3 2 3 2 3 2 1 2 3 2 3 3 2 2 2 3 2 2 1 2 3 3 3 2 2 2 1 2 3
M[146] : 1 2 2 1 1 1 2 2 1 1 2 1 1 1 2 2 1 1 1 2 1 0 1 1 1 1 1 1 1 2 2 1 1 2 2 2 2 2 1 0 1 1 1 1 1 2 1 1 2 1 1 1 1 2 1 1 1 1 2 1 2 1 1 2 2 2 2
M[147] : 1 1 1 1 2 1 1 1 1 1 1 2 1 1 2 1 2 1 1 1 1 1 1 1 1 1 1 1 1 1 1 2 2 2 1 1 1 2 1 1 0 0 1 1 2 1 1 1 1 1 0 1 1 2 2 1 1 1 1 1 1 3 1 1 2 2 1
M[148] : 2 1 1 1 2 2 2 1 2 2 1 2 2 2 2 1 2 2 2 2 1 2 1 2 1 2 2 1 2 1 2 2 2 2 1 1 3 2 2 2 3 2 2 1 1 1 3 1 1 2 1 1 1 2 2 1 1 2 2 3 2 2 1 1 1 0 1
M[149] : 3 2 2 2 2 0 3 2 3 1 2 1 2 2 3 2 2 2 2 3 2 2 1 1 2 2 2 1 2 2 2 2 2 3 2 2 3 2 3 2 2 2 3 2 1 2 2 2 2 3 2 2 2 2 1 2 1 1 3 2 3 1 2 2 2 2 3
M[150] : 2 3 0 2 2 2 2 2 3 3 1 2 3 2 2 2 2 2 2 2 1 2 1 3 3 3 2 2 3 2 2 1 2 2 1 3 1 2 1 2 2 2 2 2 1 1 2 3 2 1 2 2 1 2 1 1 1 3 3 2 2 2 2 2 2 2 1
M[151] : 2 1 1 1 2 2 2 1 2 2 1 2 2 2 2 1 3 2 2 2 1 2 1 2 1 2 2 1 2 1 2 2 1 2 1 0 3 2 2 2 3 2 2 1 1 1 3 2 1 2 1 2 1 2 2 1 1 2 2 3 2 2 1 1 1 2 1
M[152] : 2 1 2 1 1 2 2 2 2 1 1 1 2 2 2 1 0 2 2 2 1 2 1 1 2 2 2 1 2 2 2 1 1 1 2 2 3 1 2 2 3 2 2 2 1 2 3 2 1 2 1 2 1 2 1 1 1 1 1 2 2 2 1 2 1 2 2
M[153] : 3 4 3 3 3 3 2 2 3 3 3 3 3 2 3 3 3 2 3 3 3 2 2 3 3 3 3 3 2 3 2 2 3 3 3 3 0 3 2 3 3 2 3 3 2 2 3 2 3 3 3 4 3 3 2 3 2 2 4 3 4 2 2 2 3 2 4
M[154] : 1 2 1 1 1 1 1 1 1 1 1 1 1 1 2 1 1 1 1 1 1 1 1 1 1 1 0 1 1 1 1 0 1 1 1 1 0 2 1 1 1 1 1 1 1 1 1 0 1 1 1 1 1 1 1 1 1 1 2 1 1 1 1 1 2 0 1
M[155] : 3 3 3 3 3 4 3 2 3 3 3 2 3 1 3 3 2 3 2 3 2 2 2 0 3 3 3 3 2 3 2 3 3 4 3 3 3 2 3 3 2 2 3 3 2 1 3 2 3 3 2 3 2 3 2 3 2 2 3 2 3 1 2 3 3 2 4
M[156] : 1 2 1 2 1 2 2 2 3 2 1 2 3 2 2 2 2 2 2 3 1 2 1 2 2 2 2 1 2 2 2 1 2 2 1 3 1 2 1 0 2 2 1 2 1 1 2 2 2 1 2 2 1 1 1 1 1 2 3 2 1 2 2 1 2 1 1
M[157] : 2 4 2 3 3 3 2 2 3 3 2 3 3 2 3 3 2 2 2 2 0 2 2 3 3 3 2 3 2 3 2 1 3 3 2 3 1 2 2 2 3 2 4 3 2 2 3 3 3 2 3 2 1 2 2 1 2 3 3 3 3 2 2 2 3 1 3
M[158] : 2 1 1 1 2 2 2 1 1 2 1 2 1 2 2 1 2 0 1 1 1 1 1 2 1 1 1 1 1 1 1 2 2 2 1 1 1 2 1 1 1 0 1 1 1 1 1 1 1 2 1 1 1 2 2 1 1 2 1 2 2 2 1 1 1 1 1
M[159] : 3 3 3 3 3 3 3 3 0 3 3 3 3 2 3 3 1 3 4 1 3 1 2 3 3 4 3 3 2 4 2 2 4 3 2 3 2 4 3 2 1 3 3 2 3 2 2 3 3 4 2 4 3 3 3 3 3 3 3 1 3 3 3 3 3 4 3
M[160] : 3 3 3 3 3 4 3 2 2 3 3 2 3 1 4 3 3 2 3 2 3 2 2 3 3 3 3 3 1 3 0 3 4 4 2 3 3 4 3 3 3 2 4 3 3 2 3 3 3 3 3 4 3 4 3 3 3 2 4 2 4 3 2 2 4 3 3
M[161] : 2 1 2 1 1 2 2 2 1 2 2 2 2 2 1 2 2 1 2 1 1 2 2 2 1 2 2 1 2 2 2 2 2 2 1 1 1 1 3 1 2 2 2 1 1 1 1 2 1 2 2 2 1 2 2 1 2 2 1 2 2 2 2 2 0 2 2
M[162] : 2 1 1 1 3 2 2 1 2 2 0 2 3 2 2 1 3 2 2 2 2 2 1 2 1 2 2 1 2 1 2 3 2 2 1 3 3 2 3 2 3 2 2 1 2 1 3 2 2 2 2 2 2 3 2 2 2 2 2 3 2 3 2 1 2 3 1
M[163] : 3 2 3 3 3 3 3 2 2 2 2 2 2 1 3 2 3 2 3 3 2 2 2 1 3 0 3 2 1 3 2 2 2 3 3 3 3 2 2 3 3 2 3 2 2 2 3 2 3 3 3 2 2 3 2 2 2 1 3 2 3 1 2 3 3 2 3
M[164] : 1 2 2 2 1 1 2 2 1 1 2 1 1 1 2 2 1 1 1 2 2 0 1 1 1 1 1 1 1 2 2 1 2 2 2 2 3 2 1 2 1 2 0 2 1 2 1 1 2 1 1 1 1 2 1 1 1 1 2 1 2 1 1 2 2 2 2
M[165] : 3 2 3 3 3 3 3 2 3 1 2 2 3 2 3 2 2 2 2 3 2 2 2 1 2 2 2 1 2 2 2 2 2 3 3 3 3 2 3 3 2 2 3 2 2 2 3 2 3 3 2 2 2 3 1 2 2 0 3 2 3 1 2 2 2 2 3
M[166] : 2 2 2 1 1 1 2 2 1 1 1 1 1 1 2 1 1 2 1 1 1 2 2 1 1 1 1 1 0 2 1 1 2 2 1 1 1 2 2 0 1 3 1 1 2 1 1 1 1 2 2 2 2 2 2 1 2 1 2 1 1 2 2 2 2 2 1
M[167] : 4 2 3 3 3 3 2 3 2 4 3 3 3 2 3 3 3 3 3 2 3 2 2 3 3 3 3 3 3 4 2 3 4 3 2 3 3 4 3 2 1 2 3 2 3 2 0 3 3 4 2 4 3 3 3 3 3 3 2 2 3 3 3 3 3 4 3
M[168] : 3 2 3 3 3 3 3 1 3 2 2 3 3 2 3 3 3 3 2 2 2 2 2 2 3 2 3 3 2 3 2 3 3 4 3 3 3 2 3 3 3 2 3 2 2 1 3 2 3 3 2 2 2 3 2 3 2 2 3 3 3 0 2 2 3 2 3
M[169] : 1 1 1 2 1 2 2 0 1 1 1 1 1 0 2 1 2 1 1 1 0 0 0 1 1 1 1 0 0 1 0 0 0 2 1 1 1 1 1 1 1 1 1 1 0 1 1 1 1 1 1 1 0 2 1 1 1 1 2 1 1 0 0 1 1 1 1
M[170] : 2 3 2 2 2 2 2 2 2 2 2 2 2 2 2 2 2 1 1 2 1 2 1 3 1 3 2 2 3 1 2 1 2 1 1 3 1 2 1 1 2 3 2 1 1 1 2 3 2 1 2 1 1 2 1 1 1 2 3 2 2 1 2 0 2 2 1
M[171] : 2 2 2 2 2 2 2 1 2 2 1 2 2 2 2 2 2 1 1 2 1 2 1 3 1 2 1 2 3 1 2 1 2 1 1 3 1 2 1 1 2 3 2 0 1 1 2 3 2 1 2 1 1 2 1 1 1 2 3 2 2 1 2 2 2 2 1
M[172] : 1 2 1 1 1 2 1 1 3 1 1 2 1 1 2 1 2 1 0 2 1 2 1 1 2 2 2 1 2 2 2 1 1 2 1 2 1 2 1 1 1 1 1 1 1 1 1 2 1 1 2 1 1 1 1 1 1 1 2 1 1 1 2 1 2 1 1
M[173] : 3 1 2 2 3 3 2 1 3 2 2 3 3 2 3 2 3 2 2 2 2 2 1 2 2 2 2 1 2 2 2 3 3 3 2 3 3 3 3 2 3 2 3 2 1 1 3 2 3 3 2 2 2 3 2 3 2 2 3 3 3 2 2 2 0 2 3
M[174] : 0 4 3 3 3 3 2 2 3 3 2 3 3 2 3 3 2 2 2 2 1 2 2 3 3 3 2 3 3 3 2 1 3 3 2 3 1 2 1 2 3 2 3 3 2 2 3 3 3 2 3 3 1 3 2 2 2 3 3 2 3 2 2 2 3 2 3
M[175] : 2 2 3 2 2 2 3 3 2 3 2 2 2 3 3 2 2 3 2 2 2 2 2 3 2 3 2 2 3 1 3 1 2 1 2 3 2 2 2 2 2 3 3 2 1 2 2 3 2 2 2 2 2 3 2 2 0 3 3 2 3 2 3 3 3 2 2
M[176] : 1 1 1 1 1 1 0 1 1 1 1 1 1 1 1 1 0 1 1 0 1 1 1 1 0 1 1 1 1 2 1 1 2 1 0 1 1 2 1 0 0 1 1 0 1 0 1 1 1 1 2 1 1 2 1 1 2 1 1 0 1 1 1 1 1 2 1
M[177] : 2 2 2 2 2 2 2 3 2 3 2 2 2 2 3 2 2 1 2 2 2 2 1 3 2 3 2 2 3 1 3 1 2 1 1 3 1 2 1 2 2 3 2 2 1 1 2 3 2 2 2 2 1 2 2 2 1 2 3 2 2 2 2 3 0 2 2
M[178] : 3 0 3 1 1 2 2 3 1 1 1 2 1 2 2 2 2 2 2 1 2 2 3 3 2 1 2 1 2 3 2 2 2 2 2 1 2 2 3 1 1 2 3 2 2 2 1 1 1 3 2 3 2 2 2 1 2 2 1 2 2 3 2 3 2 3 2
M[179] : 1 2 1 1 2 1 1 1 1 1 2 1 2 1 1 1 1 2 1 1 2 1 1 1 1 1 1 1 1 1 1 2 2 2 1 1 2 2 1 1 2 1 1 1 2 1 2 1 2 1 0 1 2 1 3 2 1 1 1 0 1 3 1 1 2 2 2
M[180] : 1 1 1 1 1 1 2 1 1 1 1 1 1 1 2 1 1 1 1 1 1 2 1 1 0 1 1 1 1 2 0 1 2 2 0 1 1 2 1 0 1 1 1 0 1 1 1 1 1 2 2 1 1 2 1 1 2 1 1 1 2 1 2 1 2 2 1
M[181] : 1 2 1 2 1 2 1 1 2 1 1 2 2 1 2 2 2 1 1 2 1 2 1 0 1 1 2 1 2 1 2 1 2 1 1 2 1 2 1 1 2 2 1 1 1 1 1 2 1 1 2 1 1 2 1 1 1 1 2 2 2 1 2 1 2 2 1
M[182] : 1 2 2 2 2 2 2 2 2 2 2 1 2 3 1 2 2 2 1 1 2 3 1 2 1 2 2 2 1 2 2 0 2 1 1 2 2 2 1 1 2 1 1 1 2 1 2 2 2 1 1 2 2 1 2 1 1 1 1 2 1 3 2 1 2 2 2
M[183] : 1 2 2 1 2 2 2 2 2 2 2 1 2 2 1 2 2 2 2 1 2 3 1 2 1 2 2 2 2 2 2 1 1 1 1 2 2 0 2 1 2 2 1 1 2 1 2 2 2 2 1 2 1 1 2 1 1 2 1 2 1 2 2 2 2 2 2
M[184] : 2 2 3 2 2 3 3 3 3 2 1 3 3 2 0 2 3 2 2 3 1 2 2 2 3 2 2 2 2 2 2 1 2 3 3 1 2 1 2 3 3 3 2 3 2 2 3 2 2 2 3 2 1 1 2 2 2 1 2 3 2 2 2 3 3 1 3
M[185] : 1 2 1 1 1 1 1 1 1 1 0 1 1 1 2 1 1 1 1 2 0 0 1 1 1 1 1 1 0 1 1 1 1 2 1 1 1 2 1 1 1 1 1 1 1 1 1 1 2 1 1 1 1 2 1 1 1 1 2 1 1 1 1 0 2 0 2
M[186] : 3 2 1 2 3 3 2 1 3 2 2 3 3 2 3 0 3 2 2 2 3 2 1 2 2 2 3 2 2 2 2 3 2 3 1 3 4 3 3 2 3 2 3 2 2 1 3 2 2 3 2 2 3 3 2 2 2 2 2 3 3 3 2 1 2 3 3
M[187] : 1 1 1 1 2 1 1 1 1 2 1 2 0 2 2 1 2 1 1 1 1 1 1 2 1 1 1 1 1 1 1 2 2 2 1 1 1 2 1 1 2 1 1 1 2 1 2 1 1 1 1 1 2 2 2 2 2 2 2 1 2 3 1 1 2 2 1
M[188] : 2 2 2 2 1 2 2 2 1 1 2 1 1 1 2 2 2 1 1 2 2 1 1 1 1 1 1 1 1 2 2 2 2 2 2 2 2 2 1 2 0 2 2 2 1 2 1 1 2 1 1 1 2 2 1 2 1 1 2 1 2 1 1 2 2 2 3
M[189] : 2 3 1 2 2 2 2 2 3 3 2 2 2 2 2 2 2 2 1 2 1 2 0 3 3 3 2 2 3 2 2 1 2 2 1 3 1 2 1 2 2 2 2 1 1 1 2 3 2 1 2 2 1 2 1 1 1 3 3 2 2 2 2 2 2 2 1
M[190] : 2 2 1 2 3 3 2 1 2 2 2 2 3 2 2 1 3 2 2 2 2 2 1 2 1 2 2 1 2 1 2 3 2 2 1 2 3 2 3 1 2 1 1 1 2 1 3 2 2 2 2 0 2 2 3 2 2 2 2 3 2 3 2 1 2 3 2
M[191] : 2 2 2 2 2 2 3 3 2 2 2 2 2 3 3 2 2 1 2 2 2 2 1 3 2 3 2 2 3 0 3 1 2 1 1 3 1 2 2 2 2 3 2 2 1 1 2 3 2 2 2 2 1 2 2 2 1 2 2 2 2 2 3 3 1 2 2
M[192] : 1 2 2 1 1 0 1 2 2 2 1 1 2 2 2 1 2 2 2 3 1 2 1 2 2 2 1 1 2 2 2 1 1 2 2 2 1 1 1 1 2 2 1 2 1 1 1 2 1 1 1 2 1 1 1 1 1 1 2 1 1 1 2 1 2 1 2
M[193] : 3 3 3 0 2 1 2 3 1 3 2 1 2 2 2 2 1 2 2 1 2 2 3 3 2 3 2 3 2 3 2 2 3 2 2 3 2 3 2 2 1 3 3 2 3 2 1 2 1 3 2 3 2 3 2 2 2 2 2 1 3 3 2 3 3 3 3
M[194] : 1 2 2 1 1 3 0 3 3 2 1 3 2 2 2 1 2 2 2 3 1 2 1 2 2 2 1 1 2 2 2 1 1 2 2 2 1 1 2 2 3 2 2 2 1 1 2 2 1 2 2 2 1 1 1 1 2 2 2 2 1 2 2 1 2 1 2
M[195] : 3 1 1 1 3 2 2 1 3 2 2 2 3 2 3 1 3 2 2 2 2 2 1 2 2 2 2 1 2 2 2 3 2 3 2 2 3 3 3 2 3 2 2 2 1 1 3 2 0 2 2 2 2 3 2 2 1 2 2 3 2 2 2 2 1 2 1
M[196] : 1 1 1 1 1 1 1 2 1 1 1 1 1 1 2 1 1 2 1 1 1 2 1 1 1 1 1 1 1 2 1 0 2 1 0 1 1 2 2 0 1 1 1 1 1 1 1 1 1 2 2 2 1 2 2 1 2 1 2 1 1 2 2 0 2 2 1
M[197] : 3 2 1 2 3 3 2 1 3 2 2 3 3 2 3 2 3 2 2 2 2 2 0 2 2 2 3 1 2 2 2 3 3 3 2 3 3 3 3 2 3 2 3 2 2 1 3 2 3 3 2 2 2 3 2 3 2 2 3 3 3 3 2 2 2 2 2
M[198] : 2 1 2 1 2 2 2 2 1 2 2 2 2 1 1 2 2 1 2 1 1 2 1 2 1 2 2 1 1 2 2 1 2 1 1 1 1 1 2 1 2 2 2 1 1 1 1 2 1 2 2 2 1 2 2 1 0 2 1 2 2 1 2 2 1 1 1
M[199] : 2 2 3 2 2 2 3 2 3 1 2 1 1 1 2 2 3 1 0 3 2 2 1 1 2 1 2 1 1 2 2 2 2 3 2 2 3 2 2 3 2 2 3 2 1 2 2 2 2 2 2 2 2 2 1 2 1 1 3 2 2 1 2 2 2 2 3
M[200] : 1 1 1 1 2 1 0 1 1 1 1 2 1 1 2 1 2 1 1 1 1 1 1 1 1 1 1 1 1 1 1 2 2 2 1 1 1 2 1 1 1 0 1 1 1 1 0 1 1 1 0 1 1 2 2 1 1 2 1 1 2 2 1 1 1 1 1
M[201] : 1 2 1 3 3 3 2 2 3 2 1 3 3 2 2 2 2 2 2 3 1 2 2 3 3 3 2 1 2 2 2 1 2 2 1 3 1 2 1 2 3 2 1 3 1 2 2 2 2 2 2 2 1 2 1 0 1 2 3 2 2 2 2 2 3 1 2
M[202] : 3 3 3 2 2 1 3 3 2 3 2 0 2 3 3 3 1 2 3 1 2 3 3 3 2 3 2 2 3 2 3 1 3 2 2 3 2 2 2 2 2 3 3 2 2 2 2 2 1 3 3 2 2 3 2 2 2 2 2 2 3 3 2 3 3 3 2
M[203] : 3 2 3 3 3 3 2 3 3 4 3 3 3 1 3 3 3 3 3 2 3 2 2 4 3 3 3 3 3 4 2 3 4 3 2 3 3 4 3 2 0 2 3 2 3 2 3 3 3 3 2 4 3 3 3 3 3 3 3 3 4 3 2 3 3 4 3
M[204] : 3 1 2 1 1 2 2 3 1 1 0 2 1 2 2 1 2 2 2 1 2 2 2 2 2 1 2 1 2 3 2 2 2 2 1 1 2 2 2 1 1 2 2 1 2 2 1 1 1 3 2 3 2 2 2 1 2 2 1 2 2 2 2 3 2 2 2
M[205] : 2 2 2 1 1 1 1 2 1 2 1 1 1 1 1 1 1 2 1 1 1 2 2 2 1 2 1 2 2 2 1 1 1 1 1 2 1 1 2 0 1 2 1 1 1 1 1 1 1 2 2 2 2 1 2 1 1 1 2 2 1 1 2 2 2 0 2
M[206] : 3 2 1 2 3 3 2 1 3 3 3 3 3 2 3 1 3 2 2 2 3 2 1 2 2 2 3 2 2 2 2 3 2 3 0 3 4 3 3 2 3 2 3 2 2 1 3 2 2 3 2 2 3 3 3 2 3 2 2 3 3 3 2 1 2 3 3
M[207] : 1 1 2 1 2 2 2 2 1 2 2 2 2 1 1 2 2 1 2 1 1 3 2 2 1 2 2 1 1 2 2 1 1 1 1 1 1 1 2 1 2 2 2 1 0 1 1 2 1 2 2 2 1 2 2 1 1 2 1 2 2 1 2 2 1 1 2
M[208] : 1 2 1 1 1 2 1 1 0 1 1 2 1 1 2 1 2 1 1 1 1 2 1 1 1 1 1 1 2 1 1 1 2 1 1 2 1 2 1 1 1 1 1 1 1 1 1 2 1 1 2 1 1 1 1 1 1 1 2 1 1 1 2 1 2 1 1
M[209] : 1 1 1 1 1 1 1 1 1 1 1 1 1 0 1 1 0 1 1 0 1 1 1 1 0 1 1 1 1 2 1 1 2 1 0 1 1 2 1 0 0 1 1 0 1 0 1 1 1 1 2 1 1 2 1 1 2 1 1 0 1 1 1 1 1 2 1
M[210] : 2 1 2 1 2 2 2 2 3 2 2 1 2 2 3 1 2 2 2 2 1 2 1 2 2 2 2 1 2 2 2 2 1 1 2 2 3 2 2 2 3 2 2 2 1 2 3 2 1 2 1 2 1 3 2 0 1 2 2 3 2 2 1 2 1 2 2
M[211] : 2 1 2 1 1 2 2 2 2 2 1 1 2 2 1 1 1 2 2 2 1 2 1 1 2 2 2 1 2 2 2 1 1 1 2 2 3 1 2 2 3 2 2 2 1 2 3 2 1 2 1 2 1 2 2 1 1 1 0 2 2 2 1 2 1 2 2
M[212] : 2 2 3 2 2 3 3 2 2 2 2 3 2 1 2 2 3 2 2 4 2 1 2 2 3 1 0 2 1 3 2 2 2 3 3 2 2 2 2 3 3 2 3 2 2 2 3 1 2 2 3 2 2 2 2 2 2 1 3 2 2 1 2 3 3 2 3
M[213] : 3 2 3 1 2 1 2 3 1 2 2 1 2 2 2 0 1 2 2 1 2 2 2 3 2 2 1 2 2 2 2 2 3 2 1 2 2 3 2 2 1 3 3 2 2 2 1 2 1 3 2 2 2 3 2 2 2 1 2 2 3 3 2 3 2 3 2
M[214] : 3 2 2 3 3 3 3 0 3 3 3 3 3 2 3 3 3 3 2 2 3 2 2 3 3 3 3 3 2 3 2 3 3 3 2 3 4 3 3 3 3 2 3 2 3 1 3 3 3 3 2 3 3 3 3 3 3 2 3 3 3 2 2 2 3 3 3
M[215] : 1 2 1 1 1 2 1 1 1 1 1 2 1 1 2 2 2 1 1 1 1 1 1 1 1 1 1 1 1 1 1 1 2 1 1 1 1 2 1 1 1 1 1 1 1 1 1 2 1 1 2 1 1 2 1 1 1 1 2 0 2 1 2 1 2 2 1
M[216] : 1 1 1 1 1 1 2 2 1 1 1 1 1 1 2 1 1 2 1 1 1 2 1 1 1 1 1 1 1 2 1 1 2 2 0 1 1 2 2 0 1 0 1 1 1 1 1 1 1 2 2 2 2 2 2 1 2 1 2 1 1 2 2 2 2 2 1
M[217] : 1 2 1 1 1 2 1 1 2 1 1 2 1 1 2 1 2 1 1 1 1 2 1 1 2 2 1 1 2 2 2 1 1 2 1 2 1 2 1 1 1 1 1 1 1 1 1 2 1 1 0 1 1 1 1 1 1 1 2 1 1 1 2 1 2 1 1
M[218] : 1 1 1 1 1 1 1 1 1 1 1 1 1 1 2 1 0 1 1 0 1 1 1 1 0 1 1 1 1 2 1 0 2 1 0 1 1 2 1 0 0 1 1 0 1 1 1 1 1 0 2 1 1 2 1 1 2 1 1 1 1 1 1 1 2 2 1
M[219] : 2 1 2 1 1 2 2 2 1 2 2 2 1 1 1 2 2 1 2 1 1 2 1 2 1 2 2 1 1 2 2 2 2 2 1 1 0 1 3 1 1 2 2 1 1 1 1 2 1 2 2 2 1 2 1 1 2 2 1 2 2 1 2 2 1 2 1
M[220] : 2 2 2 2 2 2 1 2 2 2 2 2 2 1 0 2 1 1 2 2 1 2 1 2 1 2 1 2 3 1 3 1 2 1 1 2 1 2 1 1 2 3 2 1 1 1 2 2 1 2 2 2 1 2 1 1 1 2 2 2 2 1 2 2 1 2 1
M[221] : 2 2 2 1 1 1 2 2 1 2 1 1 1 1 2 1 1 2 1 1 2 2 2 2 1 2 1 2 2 2 2 1 1 1 1 2 2 1 2 0 1 3 2 1 2 1 1 1 1 2 2 2 2 0 2 2 2 1 2 2 1 2 2 2 2 2 2
M[222] : 3 0 2 2 3 3 2 1 3 2 2 3 3 2 3 1 3 2 2 2 2 2 1 2 2 2 2 1 2 2 2 3 3 3 2 3 3 3 3 2 3 2 3 2 1 1 3 2 3 3 2 2 2 3 2 2 1 2 3 3 3 2 2 2 1 2 3
M[223] : 3 2 3 2 2 1 2 3 2 3 2 1 2 2 3 2 1 2 3 1 2 3 3 3 2 3 0 2 3 2 3 2 3 2 2 3 2 3 2 2 1 3 3 2 2 2 2 2 1 3 2 2 2 3 2 2 2 1 2 2 3 3 2 3 2 3 2
M[224] : 1 2 1 1 1 1 1 1 1 1 1 1 1 1 2 1 1 1 1 1 1 1 1 1 1 1 0 1 1 1 1 0 1 0 1 1 0 1 0 1 1 1 1 1 1 1 1 1 1 1 1 1 1 1 1 1 1 1 2 1 1 1 0 1 2 0 1
M[225] : 1 2 1 1 1 2 1 1 1 1 1 2 1 1 2 1 2 1 1 1 1 2 1 1 1 1 1 1 1 1 0 1 2 1 1 2 1 2 1 1 1 1 1 1 1 1 1 2 1 1 2 1 1 1 1 1 1 1 2 1 1 1 2 1 2 1 1
M[226] : 3 3 3 3 3 3 2 3 1 3 3 3 0 2 3 2 2 3 2 1 3 2 3 4 2 3 3 3 2 3 2 2 4 3 2 2 2 4 3 2 1 3 3 2 3 2 1 3 2 3 2 3 3 3 3 2 3 3 2 2 3 3 3 3 3 3 3
M[227] : 2 2 2 2 2 2 2 1 2 2 2 2 2 1 2 2 2 1 2 2 1 2 1 2 1 2 1 2 3 1 2 1 2 1 1 2 1 2 1 1 2 3 2 1 1 1 2 3 1 1 2 2 1 2 1 1 1 2 2 2 2 0 2 2 1 2 1
M[228] : 2 2 2 1 2 1 2 2 2 2 1 1 2 1 2 1 1 2 1 1 2 3 2 2 1 2 1 2 2 2 3 1 0 1 1 2 2 1 2 1 1 3 2 1 1 1 1 1 1 2 2 2 2 1 2 2 2 1 2 2 1 1 2 2 2 1 2
M[229] : 2 2 2 1 1 1 2 3 1 2 1 1 1 1 2 1 1 2 1 1 2 2 2 0 2 1 1 2 2 2 2 1 2 2 1 2 2 2 2 1 1 3 2 2 2 1 1 1 1 3 2 2 2 2 2 2 2 1 2 1 2 2 2 2 2 2 2
M[230] : 3 2 3 3 3 4 3 2 3 0 2 2 3 2 3 2 2 2 2 3 2 2 2 1 3 2 3 2 2 2 2 2 2 3 3 3 3 2 3 3 2 2 3 2 2 2 2 2 3 3 2 2 2 3 2 2 2 1 3 2 3 1 2 2 3 2 3
M[231] : 2 1 2 1 2 2 2 1 2 2 1 2 2 2 2 1 2 2 2 2 1 2 1 2 2 2 2 1 2 2 2 0 1 1 2 2 3 1 2 2 3 2 2 2 1 2 3 2 1 2 1 2 1 3 2 1 1 2 2 3 2 2 1 2 1 2 1
M[232] : 2 3 2 2 2 2 2 2 2 2 2 2 2 2 2 2 2 0 1 2 1 2 1 3 1 3 2 2 3 1 2 1 2 1 1 3 1 2 1 1 2 3 2 1 1 1 2 3 2 1 2 2 1 2 1 1 1 2 3 2 2 2 2 2 2 2 1
M[233] : 1 2 1 1 1 1 1 1 2 1 1 1 1 1 2 1 1 1 1 0 1 1 1 1 2 1 1 1 1 2 1 1 1 2 1 2 1 1 1 1 1 1 1 1 1 1 1 2 1 1 1 1 1 1 1 1 1 1 2 1 1 1 2 1 2 1 1
M[234] : 3 2 2 1 1 2 2 2 1 2 2 2 2 2 1 2 2 1 2 1 1 3 2 3 1 2 2 2 2 3 2 2 3 2 1 1 2 1 3 1 1 2 2 1 2 1 1 2 2 3 2 2 2 2 1 0 2 2 1 2 2 2 2 2 3 2 2
M[235] : 2 1 1 1 2 2 2 1 3 2 1 2 3 2 2 1 3 2 2 2 1 2 1 2 2 2 2 1 2 2 2 3 1 2 2 2 3 2 2 2 3 2 2 2 1 1 3 2 1 2 2 2 0 3 2 1 1 2 2 3 2 2 1 2 1 2 1
M[236] : 3 2 1 2 3 3 2 1 3 3 3 3 3 2 3 2 3 2 2 2 3 2 1 2 2 2 3 2 2 2 2 3 3 3 1 3 4 3 3 2 3 2 3 2 2 0 3 2 3 3 2 2 3 3 3 3 3 2 2 3 3 3 2 1 2 3 3
M[237] : 1 2 1 2 1 2 2 1 3 0 1 2 2 2 2 2 2 1 1 2 1 2 1 3 2 3 2 1 2 2 2 1 2 1 1 3 1 2 1 1 2 2 2 1 1 1 2 2 2 1 2 1 1 2 1 1 1 1 3 2 2 1 2 1 2 2 1
M[238] : 2 3 3 3 3 3 2 3 3 2 0 3 3 2 2 3 2 2 2 3 1 2 2 2 3 2 2 2 2 3 2 1 2 3 3 3 2 2 2 3 3 2 3 3 2 2 3 2 3 2 3 2 1 1 2 2 2 1 3 3 2 2 2 2 3 1 3
M[239] : 1 2 2 1 1 1 2 2 2 1 2 1 1 1 2 2 1 2 1 3 2 2 1 1 2 1 2 1 2 2 2 2 1 2 2 2 3 2 1 2 2 2 2 2 1 2 1 2 2 1 1 2 1 2 1 1 1 1 2 0 1 1 1 2 2 2 2
M[240] : 1 2 2 2 2 2 2 2 2 2 2 2 2 3 1 2 2 2 2 1 2 3 1 3 1 2 2 2 3 2 2 2 2 0 1 2 2 2 2 1 2 2 1 1 2 1 2 2 2 2 1 2 2 1 2 1 1 2 1 2 1 3 3 1 2 2 2
M[241] : 2 2 3 3 2 3 3 2 3 2 2 3 3 2 2 2 3 2 2 3 2 1 2 2 3 2 2 2 1 3 2 2 2 3 3 0 2 2 2 3 3 2 2 3 2 2 3 1 2 2 3 2 2 2 2 2 2 1 3 2 2 1 2 3 3 1 3
M[242] : 4 4 3 3 3 3 2 2 3 3 3 3 3 2 3 3 2 2 3 2 3 2 2 3 3 3 3 3 3 3 2 0 4 4 2 3 2 3 2 2 3 3 3 3 2 2 3 2 3 3 3 4 3 3 3 3 2 2 3 3 3 3 2 2 4 2 3
M[243] : 2 1 2 1 1 2 2 2 1 2 2 2 1 2 1 2 2 1 2 1 0 2 1 2 1 2 2 1 2 3 2 2 2 2 1 1 2 1 3 1 1 2 2 1 1 1 1 1 1 2 2 2 2 2 1 1 2 2 1 2 2 1 2 2 2 2 1
M[244] : 2 4 3 3 2 3 2 2 3 3 2 3 3 2 3 3 2 2 2 2 1 2 2 3 3 3 2 3 3 2 2 1 2 1 2 3 1 2 1 2 2 3 2 2 1 2 2 3 2 0 2 3 1 2 1 2 1 3 3 2 3 2 2 3 3 2 2
M[245] : 3 1 1 2 3 3 2 1 3 2 2 2 3 2 3 1 3 2 2 2 2 2 1 2 2 2 2 0 2 2 2 3 2 3 2 3 3 3 3 2 3 2 3 2 1 1 3 2 3 3 2 2 2 3 2 2 1 2 3 3 3 3 2 2 1 2 2
M[246] : 2 2 1 2 3 3 2 1 2 3 2 2 3 2 2 1 3 2 2 2 2 2 1 2 1 2 0 2 2 1 2 3 2 2 1 2 3 2 3 1 2 1 1 1 2 1 3 1 2 2 2 1 2 2 3 2 2 2 2 3 2 3 2 1 2 3 2
M[247] : 3 2 3 2 3 3 2 1 2 3 3 3 3 2 3 2 3 3 2 2 3 2 1 3 2 3 3 2 2 3 2 3 3 3 1 3 3 3 3 1 3 1 3 0 2 1 3 3 2 3 2 3 3 3 3 3 3 2 2 3 3 3 2 1 3 3 3
M[248] : 3 3 3 2 2 2 2 3 1 3 3 2 1 2 2 2 2 2 2 1 2 2 3 3 2 2 2 3 2 3 2 2 4 2 2 1 2 3 3 2 1 3 3 2 3 2 1 2 0 3 2 3 2 3 2 2 2 3 2 2 3 3 2 3 3 3 3
M[249] : 1 2 1 1 1 1 1 1 2 1 1 0 1 1 2 1 1 1 1 1 1 1 1 1 2 1 1 1 1 2 1 1 1 2 1 2 1 1 1 1 1 1 1 1 1 1 1 2 1 1 1 1 1 1 1 1 1 1 2 1 1 1 2 1 2 1 1

