 Execution de l'algoritme BITS sur le fichier dsjc500.5.txt
=====================================================================
 Partitions  : 
Vk[0] : 499 254 16 452 277 284 329 293 -->  8 éléments.
Vk[1] : 495 316 162 413 128 211 426 498 -->  8 éléments.
Vk[2] : 454 321 155 273 324 238 390 -->  7 éléments.
Vk[3] : 461 245 207 348 424 196 270 7 -->  8 éléments.
Vk[4] : 355 1 98 487 440 34 414 249 -->  8 éléments.
Vk[5] : 71 83 214 154 195 35 24 197 -->  8 éléments.
Vk[6] : 393 350 448 474 201 252 342 346 -->  8 éléments.
Vk[7] : 51 354 301 117 370 179 427 317 -->  8 éléments.
Vk[8] : 475 397 373 147 178 167 82 236 -->  8 éléments.
Vk[9] : 477 447 190 76 41 257 20 218 -->  8 éléments.
Vk[10] : 183 244 92 347 334 209 357 170 -->  8 éléments.
Vk[11] : 13 392 325 330 388 69 101 189 -->  8 éléments.
Vk[12] : 436 102 27 132 66 140 93 265 -->  8 éléments.
Vk[13] : 335 12 456 164 438 156 180 259 -->  8 éléments.
Vk[14] : 362 10 320 441 208 31 50 382 -->  8 éléments.
Vk[15] : 328 36 276 341 405 496 250 304 -->  8 éléments.
Vk[16] : 120 193 280 33 274 57 205 292 -->  8 éléments.
Vk[17] : 60 174 439 26 262 471 306 115 -->  8 éléments.
Vk[18] : 200 396 412 302 194 289 275 286 -->  8 éléments.
Vk[19] : 283 124 470 49 220 255 279 91 -->  8 éléments.
Vk[20] : 398 267 122 339 433 153 55 9 -->  8 éléments.
Vk[21] : 434 264 401 151 112 8 297 45 -->  8 éléments.
Vk[22] : 99 489 172 39 271 152 106 425 -->  8 éléments.
Vk[23] : 464 467 176 187 281 408 246 361 -->  8 éléments.
Vk[24] : 411 312 175 383 198 319 344 386 -->  8 éléments.
Vk[25] : 135 142 210 104 272 407 56 96 -->  8 éléments.
Vk[26] : 133 118 227 285 449 299 391 -->  7 éléments.
Vk[27] : 146 415 323 371 298 89 46 11 -->  8 éléments.
Vk[28] : 379 481 103 126 364 314 483 4 -->  8 éléments.
Vk[29] : 80 403 462 111 160 59 40 490 -->  8 éléments.
Vk[30] : 81 492 399 491 230 248 232 204 -->  8 éléments.
Vk[31] : 437 423 161 374 3 457 28 47 -->  8 éléments.
Vk[32] : 222 86 44 251 123 184 228 18 -->  8 éléments.
Vk[33] : 368 141 43 107 192 287 52 451 -->  8 éléments.
Vk[34] : 48 64 119 74 338 493 68 305 -->  8 éléments.
Vk[35] : 158 318 108 430 303 345 203 310 -->  8 éléments.
Vk[36] : 177 17 121 224 418 185 79 144 -->  8 éléments.
Vk[37] : 191 442 268 290 402 395 23 291 -->  8 éléments.
Vk[38] : 300 14 446 380 358 494 188 460 -->  8 éléments.
Vk[39] : 484 202 221 237 486 85 450 226 -->  8 éléments.
Vk[40] : 15 394 473 241 431 263 240 225 -->  8 éléments.
Vk[41] : 97 478 311 421 384 149 261 -->  7 éléments.
Vk[42] : 2 459 139 294 331 337 32 95 -->  8 éléments.
Vk[43] : 369 53 469 168 497 165 485 143 -->  8 éléments.
Vk[44] : 233 269 366 404 419 109 322 145 -->  8 éléments.
Vk[45] : 480 173 5 266 482 223 21 406 -->  8 éléments.
Vk[46] : 479 295 136 343 239 282 417 54 -->  8 éléments.
Vk[47] : 308 367 206 315 88 72 38 -->  7 éléments.
Vk[48] : 73 243 455 360 258 432 171 443 -->  8 éléments.
Vk[49] : 488 110 410 307 409 114 389 351 -->  8 éléments.
Vk[50] : 219 186 458 377 422 363 150 326 -->  8 éléments.
Vk[51] : 105 62 428 445 212 63 113 148 -->  8 éléments.
Vk[52] : 37 340 356 166 375 169 100 296 -->  8 éléments.
Vk[53] : 476 29 6 352 116 435 127 94 -->  8 éléments.
Vk[54] : 353 137 256 181 87 234 157 472 -->  8 éléments.
Vk[55] : 0 182 216 78 129 67 75 90 -->  8 éléments.
Vk[56] : 336 30 387 215 131 420 444 213 -->  8 éléments.
Vk[57] : 260 125 22 453 134 58 359 333 -->  8 éléments.
Vk[58] : 372 463 231 381 349 138 288 416 -->  8 éléments.
Vk[59] : 400 253 19 332 378 217 247 25 -->  8 éléments.
Vk[60] : 385 77 235 65 163 429 242 229 -->  8 éléments.
Vk[61] : 61 84 159 466 70 313 365 309 -->  8 éléments.
Vk[62] : 42 278 199 465 130 468 327 376 -->  8 éléments.
Matrice M
M[0] : 2 4 3 5 4 4 4 3 5 6 5 1 6 2 4 4 4 4 3 2 3 3 6 6 5 2 2 4 2 4 4 4 3 5 4 6 3 7 7 7 7 6 3 4 6 3 5 5 2 5 3 4 3 6 3 0 6 5 3 4 6 6 4
M[1] : 3 3 4 3 0 4 7 3 5 2 6 2 4 5 5 5 7 5 2 2 4 5 3 4 4 6 5 6 4 3 4 4 2 3 5 5 4 5 7 2 5 3 4 4 3 4 3 2 4 4 3 4 6 3 6 7 5 5 5 5 3 4 5
M[2] : 5 4 2 4 2 5 5 2 6 4 6 6 6 3 4 3 4 5 2 4 4 6 4 3 5 4 4 5 4 6 6 4 4 4 4 0 7 3 2 2 4 5 0 3 2 5 2 5 5 7 5 6 3 3 5 6 3 5 2 4 2 4 3
M[3] : 4 7 5 7 5 5 6 0 5 4 4 2 5 5 5 3 4 4 3 3 3 5 4 5 4 4 4 4 2 5 5 0 4 5 5 5 6 5 3 7 5 4 5 5 5 6 4 3 4 7 6 3 8 2 3 4 6 5 5 2 4 3 2
M[4] : 7 3 4 5 5 5 6 3 5 5 3 5 3 3 4 4 5 3 5 3 5 6 5 4 3 3 2 4 0 7 4 5 6 5 2 1 6 3 5 5 4 4 6 2 3 5 6 4 6 7 5 5 3 3 4 3 1 2 3 4 5 4 4
M[5] : 4 3 3 6 6 5 5 7 6 4 5 4 3 3 5 4 4 4 5 2 1 5 4 4 5 5 4 1 5 6 4 4 3 4 5 6 4 3 5 1 4 4 6 4 7 0 6 3 5 4 4 3 4 3 2 4 4 4 4 3 6 4 4
M[6] : 4 3 6 4 4 4 6 4 4 3 6 2 5 6 5 5 4 3 6 6 6 4 3 2 2 7 3 2 5 5 6 4 2 2 4 2 4 4 6 6 3 3 1 6 5 4 2 2 3 5 2 3 5 0 4 3 3 5 5 3 4 3 5
M[7] : 4 4 4 0 4 2 3 3 4 6 4 3 4 4 3 7 3 4 3 5 3 5 2 6 3 5 3 4 4 3 5 4 2 4 4 2 4 3 3 2 4 5 5 5 5 4 5 3 3 3 6 6 3 3 5 3 4 3 6 2 6 4 3
M[8] : 3 6 5 3 5 3 1 7 5 6 6 3 7 5 2 5 5 6 6 4 3 0 4 4 4 4 4 0 5 5 6 7 0 5 3 1 4 4 3 7 5 3 3 5 4 5 5 2 5 3 5 2 3 4 6 5 4 7 5 5 3 7 4
M[9] : 6 2 5 4 3 5 6 6 3 3 4 4 4 5 3 4 3 4 3 5 0 6 2 5 3 6 2 5 5 5 6 4 4 6 4 5 3 4 1 4 5 5 1 5 4 3 7 4 6 3 4 4 4 2 4 6 5 2 5 3 1 4 5
M[10] : 2 3 2 3 4 4 2 5 6 5 4 6 5 1 0 5 5 2 4 2 3 3 3 4 4 6 5 4 4 4 6 2 1 7 6 4 6 5 6 3 1 3 3 4 3 5 5 3 5 4 5 3 3 4 5 2 5 2 4 3 8 2 4
M[11] : 2 4 1 8 4 4 1 4 2 3 7 4 5 4 3 5 5 4 6 4 7 5 2 3 4 5 4 0 2 3 3 3 6 3 4 4 5 5 6 4 6 2 5 3 4 4 3 3 5 4 4 5 5 5 2 4 6 3 4 4 6 3 4
M[12] : 5 5 4 4 2 3 4 2 5 6 2 3 4 0 3 2 5 7 7 4 3 6 1 5 2 2 4 5 1 1 2 6 2 7 4 2 4 2 3 2 0 2 6 3 5 2 5 4 4 4 3 5 4 4 7 3 4 5 1 6 5 5 3
M[13] : 6 5 3 4 7 3 7 4 3 5 5 0 3 3 3 5 6 6 5 6 4 7 5 3 2 5 3 6 1 6 4 4 2 6 5 6 3 8 6 8 4 5 5 3 4 4 2 5 4 5 3 4 4 4 6 1 7 4 3 6 4 4 6
M[14] : 6 2 3 5 6 6 5 5 4 3 2 5 5 4 6 4 3 4 7 5 4 2 6 5 5 7 4 3 5 4 4 4 4 4 3 2 3 6 0 5 5 5 2 2 3 3 4 2 5 5 4 3 5 6 4 5 6 5 3 5 4 3 4
M[15] : 4 6 3 4 4 5 3 3 5 3 5 4 2 4 2 6 4 4 1 7 2 4 6 4 5 4 5 6 6 4 3 3 7 3 3 4 5 4 5 4 0 3 3 7 5 5 4 2 4 1 5 3 5 5 6 6 4 4 4 7 4 4 2
M[16] : 0 5 4 1 3 3 3 5 4 7 3 3 4 4 4 3 4 3 7 5 3 4 6 4 3 4 4 3 7 3 2 4 2 4 3 5 1 4 3 3 5 6 6 4 3 5 3 5 5 4 2 6 6 2 5 3 5 4 3 6 5 6 4
M[17] : 4 2 5 4 4 6 3 6 2 5 3 3 3 3 5 4 6 6 3 6 4 5 2 4 5 3 3 4 1 2 4 3 1 3 2 7 0 5 4 5 4 3 6 2 4 5 5 4 7 5 5 4 4 4 4 6 3 5 3 5 7 2 3
M[18] : 3 5 4 5 4 5 2 5 5 5 5 3 8 2 5 5 4 3 4 5 6 4 4 6 4 3 2 4 3 5 3 4 0 2 4 0 3 2 2 5 5 4 3 6 2 7 6 5 3 4 2 5 6 4 4 3 3 5 4 4 5 1 3
M[19] : 5 5 4 5 3 5 5 2 5 4 2 2 3 4 4 4 7 2 4 4 6 3 3 5 4 3 4 5 6 5 5 5 4 3 4 6 2 4 2 2 5 4 2 3 4 5 3 5 3 3 5 4 3 5 4 2 2 2 3 0 5 6 3
M[20] : 5 4 4 2 4 5 3 6 3 0 2 7 4 4 3 2 2 3 4 5 4 5 6 4 3 5 3 1 4 6 4 5 5 5 3 4 1 2 5 5 4 4 3 5 3 6 3 3 5 5 4 6 3 4 5 2 5 6 5 6 5 4 3
M[21] : 3 3 5 5 3 4 6 5 6 1 3 4 4 3 5 3 4 4 4 6 6 4 4 5 6 3 3 2 4 5 5 5 5 2 5 2 6 1 5 4 3 3 5 5 3 0 2 4 3 7 3 5 6 4 6 2 3 4 4 5 4 6 3
M[22] : 5 2 2 4 8 5 5 5 7 4 3 5 3 4 4 3 2 4 3 4 2 8 4 6 3 5 0 4 3 4 4 4 6 3 3 2 6 7 3 1 4 4 2 7 5 4 2 5 3 5 3 4 3 1 4 5 4 0 4 5 3 2 3
M[23] : 6 2 1 3 5 5 6 1 6 6 2 5 4 4 6 5 4 5 3 4 4 7 5 6 4 6 5 2 3 6 2 3 5 6 3 5 3 0 5 4 6 1 3 2 2 4 4 5 7 0 7 6 3 3 3 4 4 5 5 3 3 2 5
M[24] : 2 6 5 6 5 0 4 4 4 4 4 3 2 3 3 5 3 1 4 5 6 3 3 5 2 3 4 3 4 3 6 6 5 2 3 3 2 4 4 5 3 2 2 4 3 5 3 4 4 5 6 4 3 2 5 6 5 3 7 3 6 3 5
M[25] : 3 4 4 4 4 3 6 4 2 4 3 6 5 6 4 3 3 4 3 3 2 7 2 2 6 5 2 3 6 3 3 3 3 3 5 3 3 2 5 3 4 2 4 6 4 0 6 5 2 3 4 4 3 5 4 3 7 2 1 0 6 7 4
M[26] : 4 4 4 4 4 3 5 5 4 4 5 3 5 7 5 6 5 0 2 4 1 6 4 4 6 2 5 3 2 5 4 5 1 3 2 5 5 6 3 4 7 3 5 2 6 4 4 3 4 4 4 3 5 7 3 2 4 3 5 4 6 4 6
M[27] : 5 4 2 6 3 2 5 4 1 5 4 3 0 5 6 4 5 3 6 4 5 6 5 7 3 3 4 6 4 3 4 3 5 5 5 4 5 3 4 7 4 4 3 4 4 3 4 4 5 4 7 2 4 3 2 2 7 3 2 4 5 3 3
M[28] : 3 5 2 4 5 6 4 3 4 5 3 4 4 1 4 5 3 4 4 4 5 5 4 6 5 4 3 6 5 5 3 0 0 3 5 5 6 3 6 4 3 2 3 3 3 4 2 5 3 5 3 6 5 1 3 5 4 3 3 5 5 6 5
M[29] : 4 5 4 4 4 2 4 3 3 2 3 5 2 5 5 2 2 5 6 3 1 6 6 6 2 3 5 3 4 4 3 4 3 5 3 5 2 1 2 1 3 4 4 4 5 5 3 4 5 3 6 2 3 0 4 4 5 4 3 6 4 4 7
M[30] : 4 3 4 4 5 4 3 5 6 4 3 5 5 3 6 3 7 3 3 3 4 4 4 3 5 7 5 1 6 4 6 5 4 3 4 6 3 5 4 4 5 4 2 7 6 4 3 4 6 6 6 7 3 2 5 3 0 3 1 6 7 4 6
M[31] : 5 7 3 3 2 5 4 2 3 6 6 6 4 2 0 3 4 5 2 3 6 6 4 5 2 4 4 4 1 6 2 5 4 4 4 3 3 5 3 3 2 6 5 5 2 6 6 4 4 4 3 4 3 4 5 4 6 5 6 6 3 3 6
M[32] : 5 3 2 3 4 1 5 4 3 5 5 2 2 3 4 5 3 4 7 6 3 2 4 2 2 1 5 6 3 5 5 5 6 5 4 3 4 6 4 4 4 3 0 3 6 7 5 1 6 5 4 5 4 2 6 2 4 3 4 5 3 4 4
M[33] : 2 4 2 2 5 6 2 5 7 3 3 4 5 5 3 6 0 7 4 5 5 5 3 5 3 3 5 4 8 7 4 5 5 3 6 3 6 4 5 4 5 3 4 3 3 3 3 3 7 4 5 3 6 4 2 3 6 5 1 6 5 3 3
M[34] : 5 1 5 6 0 5 4 5 7 5 4 5 4 5 4 4 4 3 5 5 4 5 7 4 5 7 3 3 3 3 4 2 5 5 2 7 3 4 5 5 5 5 4 5 5 5 4 4 4 2 5 3 3 3 5 5 5 5 3 5 4 8 2
M[35] : 7 1 5 3 6 0 5 3 2 4 3 3 4 5 5 2 2 2 4 4 4 4 5 6 1 3 3 4 5 5 2 4 5 2 3 4 5 5 4 3 3 6 4 5 4 4 2 5 3 5 4 3 5 6 5 6 5 6 6 7 5 0 2
M[36] : 2 6 5 5 5 2 6 2 3 2 2 5 5 5 3 0 4 3 7 3 1 5 4 3 3 5 3 6 5 5 4 4 7 5 2 7 3 4 5 6 5 4 6 3 5 5 4 4 5 4 4 3 4 5 5 4 2 2 6 4 5 4 3
M[37] : 6 6 2 2 4 2 5 4 2 5 3 4 5 6 2 5 3 5 2 2 6 5 5 4 7 5 5 3 4 4 2 3 3 4 5 3 3 5 2 6 4 5 5 5 4 4 7 3 4 4 5 2 0 6 5 3 1 3 4 6 3 7 5
M[38] : 5 3 5 7 3 4 4 7 2 4 3 3 4 5 3 6 4 5 2 3 4 4 2 3 5 4 6 2 5 3 4 3 4 5 5 6 5 7 2 4 4 1 2 3 6 5 4 0 6 3 4 4 2 4 7 4 6 5 3 3 6 3 5
M[39] : 3 3 3 4 4 3 5 4 4 5 6 6 7 5 4 5 4 2 6 3 5 4 0 6 2 3 3 6 2 4 3 5 5 5 4 2 4 5 7 5 4 4 6 3 4 4 5 3 3 1 7 8 4 4 4 3 4 4 6 4 4 4 4
M[40] : 2 5 6 3 6 4 3 4 3 6 4 4 3 4 5 5 5 5 4 4 3 4 6 3 7 4 4 3 8 0 4 3 3 3 4 3 5 5 3 5 4 5 5 4 4 6 4 5 4 4 4 4 6 3 5 5 3 3 6 4 4 3 4
M[41] : 5 1 5 5 3 4 3 7 3 0 3 6 5 6 5 1 5 3 5 5 3 2 5 7 5 4 6 4 3 6 5 3 3 5 1 4 1 5 4 6 3 3 2 6 5 4 4 3 2 1 3 4 5 3 6 5 5 2 4 5 2 5 4
M[42] : 5 6 2 4 5 3 4 4 3 3 5 3 3 2 6 4 4 4 6 5 2 6 2 3 3 5 4 5 3 3 3 3 6 6 3 6 3 5 1 2 3 7 4 5 5 4 4 3 5 4 4 3 3 5 2 5 1 7 3 4 3 3 0
M[43] : 5 2 2 5 2 0 4 3 5 5 4 5 4 6 6 4 3 3 4 6 5 5 5 6 6 5 3 2 2 3 3 6 4 0 5 3 4 3 3 3 2 5 6 2 4 3 5 3 5 6 6 2 3 5 2 4 6 8 5 5 6 3 1
M[44] : 4 3 4 6 4 4 7 6 2 3 3 3 3 3 3 7 4 5 5 5 3 4 5 5 6 4 4 5 5 4 4 5 0 4 2 4 4 3 5 6 3 6 5 3 5 5 5 3 4 6 7 3 4 2 4 4 3 5 3 4 2 4 5
M[45] : 3 6 2 5 6 3 4 3 4 1 3 4 1 4 5 4 6 5 4 5 3 0 1 6 7 4 2 1 5 5 2 3 4 5 3 6 6 2 5 5 4 6 6 5 6 4 3 3 4 3 8 3 3 3 4 5 5 7 3 2 3 2 4
M[46] : 3 4 1 5 4 5 1 4 3 4 6 3 1 5 4 3 4 5 3 3 4 4 5 5 2 2 4 0 4 4 5 7 4 1 6 1 2 5 1 6 5 6 4 5 6 2 3 2 4 3 4 4 3 5 4 6 4 4 2 5 3 4 5
M[47] : 4 2 4 4 2 3 7 3 2 5 4 3 3 3 6 4 4 3 5 6 4 5 5 2 4 5 5 3 5 3 2 0 5 3 6 5 3 2 2 4 6 3 5 6 3 4 1 2 4 6 1 4 4 3 6 5 3 6 1 4 7 2 4
M[48] : 4 6 6 3 3 3 7 3 4 2 3 5 5 2 5 4 6 4 4 5 3 3 1 3 4 5 4 3 2 3 3 5 6 3 0 3 1 4 6 3 4 3 3 4 4 4 3 3 3 2 4 5 6 3 4 4 3 3 5 5 6 2 7
M[49] : 6 5 4 5 4 5 6 2 2 3 4 2 5 4 1 2 5 3 7 0 6 4 3 5 7 3 3 7 3 5 8 7 3 7 1 5 2 6 7 4 6 3 1 4 3 2 2 5 5 2 4 5 3 4 4 2 3 3 3 4 4 5 5
M[50] : 3 5 3 4 6 4 2 3 5 3 5 3 2 6 0 4 5 5 5 3 5 4 4 5 1 6 1 5 5 6 5 3 3 4 3 7 4 3 4 4 3 2 3 5 5 4 1 1 8 6 4 2 5 7 7 4 7 4 4 5 5 4 7
M[51] : 4 6 5 1 6 6 6 0 5 4 2 4 4 5 4 4 5 4 4 5 6 5 4 5 5 5 5 5 3 5 5 3 6 4 3 4 5 1 3 3 5 5 2 3 5 3 4 5 4 7 1 2 3 3 3 3 4 4 4 3 5 7 4
M[52] : 5 5 3 3 2 3 6 5 5 6 2 6 1 4 7 3 3 4 5 6 6 5 2 5 5 7 3 2 4 4 6 3 3 0 4 7 6 4 5 4 3 4 4 3 4 1 4 5 5 5 3 1 2 3 4 3 4 4 5 1 5 6 3
M[53] : 6 4 3 5 2 4 5 4 4 6 3 5 1 4 5 2 6 4 5 4 4 4 4 5 2 4 4 6 4 6 3 2 5 5 5 3 5 5 5 5 7 7 3 0 5 5 5 3 5 6 5 5 4 4 4 6 6 5 3 2 3 6 2
M[54] : 4 6 1 4 2 5 4 5 4 5 4 3 6 2 4 2 5 4 5 2 7 5 3 3 6 4 3 3 5 4 2 4 4 5 5 3 4 3 5 4 4 4 2 4 5 5 0 0 2 4 3 4 5 5 5 5 6 2 5 6 2 4 4
M[55] : 3 3 7 8 1 2 1 3 3 3 7 2 3 3 3 3 3 6 4 4 0 2 4 4 5 3 6 4 6 4 5 3 5 2 1 0 3 6 3 4 5 5 2 2 7 3 4 4 4 7 0 2 5 3 5 5 1 4 1 3 2 4 7
M[56] : 5 4 5 5 6 4 4 3 3 3 3 3 3 3 4 4 4 6 4 2 2 3 6 1 4 0 3 5 5 4 3 8 4 4 6 2 2 2 5 5 4 5 2 5 6 6 3 2 5 4 5 4 3 7 3 1 4 3 7 3 6 2 6
M[57] : 4 3 4 5 4 2 5 3 4 4 3 5 6 3 3 3 0 5 4 5 5 5 3 6 2 4 1 5 5 4 5 5 5 2 5 6 5 2 4 5 2 5 1 4 4 3 2 3 3 4 2 4 3 3 4 3 7 3 0 2 4 3 4
M[58] : 5 3 2 3 4 5 4 6 5 2 5 7 6 3 1 5 6 2 4 6 6 4 3 3 4 5 4 5 2 5 3 2 3 2 2 5 6 2 4 4 5 2 4 6 4 3 4 2 5 3 5 5 4 3 2 4 5 0 7 3 6 2 3
M[59] : 3 4 3 3 5 6 3 3 3 7 5 3 3 3 3 3 8 3 4 4 4 2 2 3 7 5 3 5 2 0 3 6 7 5 4 2 1 6 6 2 5 3 3 5 4 4 3 3 3 6 7 3 4 7 4 3 5 4 5 4 4 5 5
M[60] : 5 5 5 4 3 5 3 4 3 1 5 7 4 5 3 6 6 0 5 4 5 4 4 3 4 7 4 5 3 6 5 2 2 3 4 3 6 1 6 2 4 5 3 4 6 2 5 4 5 6 5 4 6 3 4 6 1 4 2 2 2 3 3
M[61] : 5 4 3 2 4 7 5 6 4 4 4 8 6 4 6 5 4 2 4 5 6 4 4 5 6 4 3 7 3 3 2 2 4 3 3 6 3 4 4 4 7 1 5 1 2 3 6 2 3 5 4 2 6 5 3 5 3 2 4 4 2 0 2
M[62] : 3 6 3 5 4 5 3 3 3 5 4 4 4 3 3 4 5 4 5 3 3 3 5 4 2 3 2 2 7 4 6 4 5 4 3 5 4 4 4 5 6 2 2 4 3 4 3 4 3 6 3 0 5 4 3 3 4 2 6 3 4 4 3
M[63] : 5 3 4 3 4 5 3 4 2 6 3 4 2 4 5 5 4 6 6 4 3 4 5 7 5 5 4 3 3 5 4 3 4 5 4 5 4 4 3 4 3 3 4 2 2 5 2 4 5 5 3 0 4 4 2 5 4 3 5 5 4 2 4
M[64] : 3 6 2 5 4 4 4 5 6 6 5 4 5 5 4 5 5 4 6 4 5 6 4 5 5 5 3 3 6 4 4 6 2 5 0 4 5 4 2 4 5 4 6 5 5 5 4 3 4 4 1 4 4 6 6 4 3 3 3 5 4 8 2
M[65] : 4 5 4 4 5 5 4 3 4 4 4 5 5 5 6 4 5 5 4 6 3 4 4 2 6 7 3 5 2 2 5 4 4 4 5 4 5 5 3 6 5 4 2 5 7 3 4 4 3 4 2 3 3 3 5 3 6 2 4 6 0 3 5
M[66] : 4 6 3 4 3 4 5 4 7 3 5 2 0 4 2 4 5 6 3 4 3 4 2 3 4 5 3 3 4 4 5 6 3 2 3 3 5 3 7 6 6 3 4 1 8 3 4 3 4 4 5 5 4 7 5 8 6 3 3 2 5 2 6
M[67] : 4 5 4 2 4 3 4 1 4 6 4 4 3 2 4 2 3 4 6 4 6 4 6 4 3 4 4 5 2 5 5 3 4 5 6 6 2 4 6 6 2 1 2 3 5 3 3 3 5 6 3 5 5 3 2 0 5 3 6 4 3 3 2
M[68] : 2 4 7 4 5 2 4 3 3 5 4 4 7 5 4 1 4 4 3 3 4 3 3 3 4 1 3 5 4 2 3 5 5 4 0 6 3 4 4 4 5 3 5 5 4 6 3 3 4 5 4 5 3 2 4 6 5 6 5 3 4 2 5
M[69] : 6 2 4 3 6 3 3 4 3 6 4 0 3 4 4 5 3 6 5 3 6 3 7 6 3 6 2 4 3 3 4 3 3 2 5 3 6 7 4 4 3 5 4 6 3 3 4 3 4 3 5 5 3 5 4 3 5 3 2 3 4 4 5
M[70] : 3 2 5 4 5 5 4 6 4 3 3 4 7 5 4 6 6 6 4 5 2 5 6 5 6 3 7 3 4 2 4 3 3 4 3 3 6 0 4 5 4 4 3 4 5 4 4 5 5 5 4 3 4 5 5 5 4 3 3 4 4 0 5
M[71] : 3 4 2 1 5 0 4 3 3 3 1 5 4 5 6 4 3 6 2 6 4 2 5 5 4 4 2 2 5 7 3 5 1 5 4 0 7 7 6 5 5 2 5 5 2 4 2 2 7 2 5 3 5 4 3 4 5 2 4 3 4 6 3
M[72] : 3 3 4 3 2 3 5 6 3 4 3 5 4 3 2 4 3 5 5 6 1 3 1 5 0 5 3 4 4 4 6 4 3 5 5 2 5 6 7 4 4 3 5 3 6 4 5 0 5 5 5 3 2 2 3 2 4 4 4 5 4 3 6
M[73] : 4 2 7 3 3 5 4 5 4 5 2 2 5 4 4 4 6 4 5 5 4 5 5 4 4 3 4 3 5 2 3 4 4 6 3 2 3 5 3 5 4 5 3 5 5 4 2 5 0 3 5 5 5 4 5 1 3 4 3 3 4 4 4
M[74] : 4 5 4 5 4 4 2 4 2 2 3 3 4 4 5 2 4 4 4 5 2 5 2 5 3 5 3 5 3 4 5 2 3 1 0 6 4 3 4 3 3 2 4 6 5 8 4 4 5 4 2 2 3 5 5 7 4 5 3 5 5 3 4
M[75] : 1 3 4 4 5 4 4 4 3 4 4 4 7 4 4 3 2 2 3 3 3 5 3 7 4 2 3 4 5 3 5 4 4 5 4 3 5 5 5 6 5 5 5 5 8 6 2 3 5 4 5 5 6 4 7 0 6 5 2 2 6 4 3
M[76] : 3 3 5 5 4 5 6 6 6 0 6 2 2 7 4 2 1 3 4 3 5 3 2 3 2 4 5 2 3 3 3 4 6 3 4 5 4 3 2 6 2 4 3 3 5 5 8 3 4 5 3 6 3 5 5 2 3 4 6 5 5 3 2
M[77] : 5 2 3 4 4 6 3 4 5 3 5 2 6 4 5 5 3 4 5 5 2 5 3 4 6 5 1 3 5 4 5 5 4 7 4 5 2 1 3 5 5 2 6 5 2 4 6 2 4 5 3 4 3 5 4 7 5 4 4 5 0 5 4
M[78] : 4 4 5 0 4 8 3 3 2 3 3 3 5 5 2 6 2 3 4 5 3 3 3 2 4 5 2 7 4 4 6 2 5 4 3 6 3 3 4 3 6 4 3 5 7 3 4 3 2 1 3 4 4 4 2 0 7 2 4 3 6 3 4
M[79] : 3 6 3 4 4 6 5 3 5 5 5 5 6 5 4 3 3 5 4 3 2 4 4 6 5 5 3 3 5 5 3 3 6 5 3 3 0 3 4 4 3 3 6 5 4 4 4 4 5 5 2 7 3 4 5 4 3 5 4 4 3 3 1
M[80] : 6 7 2 3 3 4 5 5 4 2 2 3 4 5 5 3 7 4 4 5 5 6 5 5 3 3 5 4 4 0 5 5 3 5 5 6 4 5 4 6 4 4 4 6 6 2 5 2 6 2 6 5 5 4 2 3 6 4 4 2 3 2 4
M[81] : 2 3 4 4 3 3 1 3 4 4 6 4 3 5 2 5 4 3 3 5 7 5 2 4 3 5 4 6 7 6 0 2 4 3 4 4 6 2 8 5 1 3 5 7 5 4 5 3 5 5 2 3 5 5 6 5 6 3 3 4 4 5 2
M[82] : 5 6 4 3 6 3 2 4 0 3 6 3 3 6 4 5 5 4 6 6 4 6 5 4 2 4 1 5 3 4 3 5 3 4 5 3 1 3 5 3 5 4 3 6 3 7 7 4 1 4 5 3 2 2 2 5 3 4 3 2 4 4 5
M[83] : 5 4 4 4 4 0 4 3 2 4 4 5 3 4 5 2 7 4 4 5 5 6 4 4 7 4 5 5 4 3 4 4 3 5 2 4 4 5 5 3 4 3 4 4 5 3 6 2 4 4 4 7 5 4 4 4 2 4 5 6 6 6 3
M[84] : 7 3 4 5 7 1 4 6 4 3 3 5 2 5 4 3 3 3 5 4 5 5 3 5 5 6 4 7 2 4 6 3 2 3 4 4 2 5 4 2 3 5 5 5 4 6 4 3 6 4 8 8 3 4 4 6 5 3 4 3 5 0 5
M[85] : 3 3 6 3 7 6 3 4 4 6 6 3 8 6 5 5 4 4 4 4 1 5 5 4 6 3 5 5 2 6 6 3 6 4 3 7 6 4 4 0 7 3 4 2 2 2 4 5 3 5 3 3 4 2 6 7 5 3 6 4 8 2 5
M[86] : 4 4 3 2 4 4 2 5 4 5 7 3 7 6 4 4 6 3 4 5 4 4 4 3 4 6 6 3 7 4 5 6 0 4 5 2 2 4 3 5 4 3 5 2 1 6 5 6 5 1 6 3 3 2 2 1 5 5 5 5 2 5 4
M[87] : 2 3 6 1 6 6 1 4 3 6 4 5 3 1 5 4 4 3 5 6 6 5 1 7 3 5 4 1 3 2 4 5 3 4 5 4 3 2 4 3 5 4 4 5 5 3 5 2 5 4 2 4 3 4 0 3 4 3 5 4 6 1 5
M[88] : 4 4 4 6 1 1 3 5 5 5 4 3 4 5 4 2 4 1 1 6 4 3 6 4 4 5 3 5 3 6 4 5 5 4 4 6 5 5 4 3 5 6 3 3 5 5 4 0 2 3 6 2 3 5 6 5 4 5 6 3 6 3 4
M[89] : 3 3 4 1 4 4 4 6 1 6 7 5 5 4 3 4 6 3 2 6 3 5 5 5 4 7 7 0 4 1 4 3 5 1 2 4 5 3 5 4 5 3 3 3 3 5 5 1 4 7 6 3 4 2 5 5 1 7 7 6 7 5 4
M[90] : 5 3 4 2 7 4 4 4 4 3 3 3 3 3 4 6 5 3 4 4 3 4 4 5 3 5 6 7 3 4 5 6 4 5 6 3 6 5 7 6 4 5 3 5 4 2 6 3 2 5 4 5 5 4 5 0 3 4 5 4 4 6 3
M[91] : 4 4 5 4 3 3 5 4 3 4 4 3 4 1 4 3 4 3 4 0 3 5 5 4 6 4 5 5 1 3 4 5 3 3 5 6 2 1 4 6 0 2 3 5 3 1 5 3 5 5 4 3 4 2 3 3 2 4 2 3 5 3 3
M[92] : 3 4 6 3 3 5 3 2 3 6 0 3 3 4 5 4 6 4 4 4 6 4 2 4 1 4 3 6 2 6 5 4 6 4 4 3 5 6 5 5 3 2 4 6 2 3 5 2 4 5 4 4 4 6 4 4 3 6 3 2 1 5 5
M[93] : 4 5 4 4 4 3 4 3 3 3 5 5 0 1 3 3 2 3 5 4 4 4 4 4 2 4 5 4 2 3 4 5 6 4 6 4 5 2 1 5 4 2 7 3 2 5 3 3 1 6 5 2 5 4 4 5 3 4 3 5 4 5 4
M[94] : 4 5 3 1 5 3 6 3 4 4 5 5 4 2 3 5 4 5 4 4 4 5 5 8 1 4 3 6 3 4 7 3 2 5 2 5 2 3 5 3 3 2 2 4 4 4 3 4 0 5 3 3 5 0 4 5 4 3 5 5 1 4 5
M[95] : 6 4 3 4 5 4 2 3 4 5 3 7 2 5 6 5 3 6 4 4 5 4 5 5 4 4 3 5 8 5 6 4 6 4 5 4 4 4 6 5 4 4 0 3 4 4 4 4 3 3 3 5 1 6 5 3 3 3 5 1 2 4 2
M[96] : 2 6 5 5 4 1 6 3 6 6 3 1 2 3 4 4 3 4 6 3 6 7 1 4 3 0 3 4 3 4 3 5 1 3 3 4 3 6 2 6 5 4 6 4 5 4 5 4 4 3 5 4 5 2 2 6 5 6 5 4 3 6 6
M[97] : 5 5 3 3 5 2 3 3 4 4 4 4 3 4 4 2 6 4 3 1 2 2 3 2 3 5 6 4 4 6 4 6 3 6 3 3 5 4 4 4 0 0 3 3 4 3 4 2 5 4 6 4 4 6 2 4 4 1 6 3 5 5 6
M[98] : 5 4 4 6 0 6 5 3 5 5 2 5 2 5 6 3 5 6 4 4 3 3 5 3 4 3 3 3 5 4 7 7 4 2 1 4 3 4 3 7 5 3 3 6 4 5 2 2 3 3 3 2 6 5 3 2 6 5 3 7 7 7 6
M[99] : 2 4 4 4 3 4 5 4 3 4 3 5 5 4 5 3 5 4 2 5 4 2 0 3 3 5 6 3 4 4 3 5 5 5 5 1 4 5 3 3 3 2 6 4 6 3 5 4 6 4 2 3 6 5 3 4 4 5 6 3 6 4 4
M[100] : 4 6 1 3 4 2 6 4 4 1 4 3 6 4 6 2 4 3 6 6 5 3 2 4 5 4 3 3 4 7 6 6 4 3 4 7 5 3 7 4 5 3 1 4 5 6 2 5 4 2 6 5 0 5 4 5 5 4 4 3 3 4 3
M[101] : 2 5 2 5 4 4 3 6 4 4 5 0 4 3 3 5 5 3 6 6 5 4 4 2 3 5 3 4 4 5 4 3 4 6 5 5 4 6 4 4 4 3 3 5 3 3 6 4 3 3 6 5 3 2 3 2 3 3 3 4 1 3 4
M[102] : 2 3 5 5 2 4 4 7 6 2 5 3 0 3 6 3 5 3 5 4 2 5 3 6 4 3 5 4 7 3 4 2 6 3 4 4 4 3 2 6 6 4 7 3 4 6 3 4 3 7 3 4 4 2 4 6 4 6 3 4 2 8 2
M[103] : 5 6 3 3 1 4 5 3 3 3 4 4 3 6 1 5 4 3 2 4 3 5 5 5 4 6 1 2 0 2 5 4 4 4 3 5 3 4 4 3 7 5 1 6 5 7 2 2 4 6 6 2 6 4 3 3 6 2 5 6 0 4 5
M[104] : 2 4 3 5 7 3 3 6 4 3 1 7 3 3 4 5 3 4 3 5 3 3 4 7 4 0 4 5 3 3 4 5 6 3 4 4 5 3 6 4 3 2 5 2 4 2 5 3 6 8 2 6 6 5 5 6 5 5 5 4 6 2 4
M[105] : 5 3 2 5 4 5 4 7 4 4 2 5 5 4 7 4 3 7 5 4 3 4 4 3 4 3 5 5 3 6 5 2 3 1 4 6 5 3 3 7 4 3 5 4 2 6 5 2 6 6 4 0 3 7 1 6 5 6 6 3 4 5 6
M[106] : 5 3 5 5 6 5 3 4 5 1 5 5 5 4 5 3 6 3 5 4 4 2 0 6 4 4 3 4 3 6 4 1 2 2 6 5 4 5 7 2 4 3 2 2 4 6 4 2 3 2 5 3 5 6 3 3 4 6 6 2 2 5 2
M[107] : 4 5 3 3 6 4 3 5 2 3 4 3 3 3 5 6 1 4 4 4 3 4 3 3 6 4 0 4 3 5 5 3 5 0 3 3 4 5 3 4 3 4 3 6 6 4 5 4 4 2 4 4 4 3 7 5 4 5 3 5 4 4 4
M[108] : 5 3 3 3 4 4 4 1 4 4 3 5 4 5 6 6 3 5 6 5 4 4 3 2 4 1 4 6 4 6 5 5 1 3 3 0 5 2 3 5 4 3 3 2 5 4 4 3 2 4 4 5 5 3 7 4 3 3 4 4 3 4 5
M[109] : 5 4 4 3 5 5 5 5 4 5 3 4 4 4 2 3 2 7 5 6 3 2 6 6 4 3 1 5 4 4 2 4 3 5 3 4 2 6 2 4 5 4 3 3 0 6 6 4 3 4 4 5 4 4 5 3 3 2 6 4 4 1 4
M[110] : 4 3 2 4 5 6 5 3 4 6 5 5 6 4 3 4 3 3 4 4 3 4 4 5 6 3 3 2 6 6 4 5 4 2 2 5 5 3 6 3 5 4 5 6 5 4 5 6 6 0 3 5 2 4 3 3 4 2 6 5 6 2 5
M[111] : 4 4 4 5 4 3 5 7 4 5 4 4 2 1 6 6 3 4 2 5 4 6 7 3 4 4 3 1 5 0 5 4 6 3 3 4 3 4 5 5 3 6 7 6 5 5 4 3 4 4 3 5 5 6 4 3 2 4 5 3 3 3 4
M[112] : 1 4 5 6 2 6 5 5 4 4 7 3 6 3 4 2 1 6 4 4 5 0 5 3 4 5 3 3 6 4 2 2 3 6 3 3 4 6 6 4 3 2 3 3 6 4 4 2 3 3 5 5 4 3 5 4 6 2 3 7 5 6 6
M[113] : 4 4 5 2 2 3 6 2 4 6 4 4 2 3 4 5 3 3 3 2 5 6 4 5 4 5 4 2 4 3 6 3 5 3 7 5 2 4 5 4 6 4 4 4 2 6 4 4 3 6 6 0 3 5 2 5 3 4 3 4 4 4 6
M[114] : 2 5 4 7 2 1 5 6 2 3 1 5 4 4 3 4 5 6 4 5 5 4 4 3 3 4 4 4 4 3 4 5 4 4 4 4 6 3 2 5 3 5 3 7 5 6 2 3 4 0 5 3 1 6 6 2 6 3 4 3 4 5 3
M[115] : 5 2 2 1 6 5 3 5 6 5 7 4 7 4 3 4 7 0 4 5 4 3 5 3 5 4 3 5 2 3 3 3 3 4 3 4 3 4 4 7 2 5 5 4 5 3 4 4 6 2 2 3 3 6 3 3 5 3 4 1 6 4 4
M[116] : 4 3 5 4 4 5 3 3 3 5 5 1 5 5 2 4 3 4 4 6 3 2 4 5 4 7 0 3 5 6 7 6 4 4 3 3 2 5 6 5 3 4 4 4 6 0 4 3 3 4 3 7 3 0 5 6 3 3 3 7 5 4 3
M[117] : 3 6 5 4 3 4 3 0 4 6 2 6 5 4 4 7 4 4 5 6 3 5 6 4 7 4 2 5 4 3 2 3 3 6 6 3 5 3 2 4 3 5 5 3 6 2 3 4 4 2 5 6 3 2 5 4 5 6 3 3 3 3 5
M[118] : 6 4 3 3 3 2 4 2 4 3 5 2 4 3 6 1 6 6 5 2 5 5 6 5 5 3 0 6 3 6 4 4 2 4 5 4 3 5 2 7 3 2 7 4 5 3 3 5 4 3 3 4 4 3 6 5 4 2 3 5 4 5 4
M[119] : 6 3 4 4 3 5 6 6 5 5 5 5 5 5 5 3 2 3 4 5 4 4 4 4 1 3 5 6 5 6 4 3 4 4 0 6 2 3 4 5 5 2 4 4 5 7 4 4 4 5 3 4 5 3 5 3 5 4 5 3 3 5 2
M[120] : 3 2 5 5 3 5 4 8 3 5 5 2 5 3 2 3 0 4 7 4 2 2 3 3 6 1 3 4 3 3 3 2 4 2 7 5 3 2 2 3 7 3 6 5 4 4 7 4 3 7 4 4 3 2 4 3 4 4 5 5 5 5 5
M[121] : 3 3 2 5 2 5 2 3 5 3 5 2 4 4 5 3 2 3 5 3 3 3 5 7 1 5 2 4 2 5 4 4 3 4 3 5 0 6 5 3 5 3 5 4 4 5 5 3 3 5 5 3 5 1 7 5 4 5 5 4 4 5 5
M[122] : 4 5 4 4 3 4 5 5 3 5 3 6 5 4 6 4 4 5 6 4 0 5 1 5 2 6 2 4 4 2 5 3 3 5 5 8 4 4 6 5 4 3 3 4 3 6 5 2 5 5 5 6 4 4 6 2 4 4 4 4 2 4 5
M[123] : 8 4 2 6 3 4 3 7 6 5 3 4 4 5 1 4 3 3 4 4 4 3 4 3 6 2 2 3 4 6 3 6 0 3 3 2 4 6 5 5 3 3 3 6 6 4 6 2 5 2 6 4 5 2 4 6 3 5 2 6 4 5 4
M[124] : 5 4 5 2 3 5 5 5 5 4 4 5 6 5 5 4 2 5 5 0 3 4 4 3 5 4 3 3 4 4 3 3 2 7 8 3 5 5 5 5 5 1 1 5 2 5 5 5 4 5 4 5 4 6 5 2 4 4 1 4 2 6 6
M[125] : 3 3 6 4 4 4 3 7 6 3 3 2 4 6 3 3 4 5 4 4 1 6 4 4 3 6 4 5 5 6 4 4 6 3 5 4 5 4 5 2 6 3 1 4 5 5 4 4 5 4 5 2 4 5 4 2 4 0 6 6 2 3 3
M[126] : 4 4 4 4 5 5 2 2 1 5 1 4 3 2 4 5 4 5 3 4 5 3 5 4 5 4 4 4 0 4 2 3 4 4 4 3 6 2 3 4 4 4 7 4 3 6 6 4 3 3 4 5 6 3 4 5 3 6 3 6 3 4 4
M[127] : 3 4 3 3 5 4 6 2 5 5 3 5 5 4 8 3 3 5 2 4 5 3 5 4 5 6 4 6 3 6 4 1 3 6 5 5 3 5 5 5 2 2 4 3 4 5 2 3 5 1 4 6 6 0 5 4 2 4 5 2 5 5 4
M[128] : 5 0 2 5 4 4 3 4 6 3 5 7 3 3 5 4 4 4 3 4 4 6 3 5 2 3 7 3 4 5 2 2 3 4 5 4 4 3 5 5 4 5 4 4 3 5 6 3 8 4 6 3 5 5 5 3 3 2 1 6 2 4 4
M[129] : 6 5 3 5 6 4 3 5 4 4 3 3 6 5 5 3 5 4 2 3 5 2 1 5 3 3 3 7 4 1 2 4 3 7 6 4 6 4 3 5 5 3 5 2 5 4 1 2 2 6 4 7 5 3 4 0 4 4 4 5 6 3 6
M[130] : 3 2 6 1 6 2 3 6 5 7 3 6 2 2 5 5 4 4 7 6 6 3 3 3 4 5 2 7 3 4 3 4 3 5 4 5 3 2 4 3 4 5 3 5 4 4 5 4 3 2 4 1 3 7 5 2 3 2 3 5 4 3 0
M[131] : 7 4 5 3 8 3 4 4 4 5 6 4 4 4 6 3 4 5 3 5 5 7 5 3 6 5 4 5 4 4 4 6 4 7 5 3 2 4 5 7 5 3 4 3 4 5 5 4 2 3 4 5 2 4 4 2 0 6 1 4 5 4 2
M[132] : 2 5 7 4 3 3 7 4 3 5 1 3 0 4 4 5 7 8 3 5 5 6 4 3 4 4 4 6 5 4 2 7 4 4 4 6 7 1 4 5 2 3 5 2 5 5 1 4 2 7 6 4 2 5 5 7 2 5 2 6 2 4 2
M[133] : 4 6 3 7 3 4 3 4 2 6 3 4 6 4 3 4 4 5 1 3 2 4 3 4 4 5 0 7 2 5 4 6 8 4 3 5 1 4 5 3 4 7 4 6 5 3 4 6 2 1 4 3 5 4 5 2 5 4 5 4 2 5 4
M[134] : 5 2 3 5 4 3 5 3 5 6 4 2 6 5 5 5 3 4 3 3 3 3 3 4 6 7 1 4 2 2 4 6 5 4 6 4 6 4 5 4 4 3 5 4 1 6 2 3 0 4 4 5 3 3 5 4 7 0 4 2 4 4 2
M[135] : 7 5 5 5 6 6 5 3 4 6 6 5 4 2 4 4 3 2 4 3 5 4 5 4 5 0 5 5 5 2 3 3 6 7 6 3 6 2 5 5 3 7 4 5 3 4 3 6 4 4 3 4 0 7 3 6 2 5 8 6 4 5 6
M[136] : 5 6 5 5 5 5 3 3 2 3 4 3 3 2 5 2 3 5 7 5 3 4 6 4 4 2 5 6 5 3 6 3 6 4 4 3 6 4 6 4 4 2 4 3 3 3 0 3 3 3 6 5 5 1 3 3 4 2 4 2 4 5 2
M[137] : 5 6 2 4 3 5 5 6 2 2 4 4 4 5 6 3 5 5 2 4 4 3 4 5 3 3 4 6 3 3 7 4 6 3 6 5 5 3 6 6 4 6 5 4 3 5 3 4 4 4 5 3 3 5 0 5 4 3 4 6 6 5 7
M[138] : 3 5 3 4 4 6 4 3 4 5 5 2 5 6 2 5 3 3 4 6 4 4 3 6 5 5 3 5 4 3 3 2 5 5 4 5 5 6 6 6 4 4 6 6 4 4 6 5 4 5 2 3 5 3 7 5 4 4 0 3 3 3 2
M[139] : 3 3 4 5 2 5 8 5 4 3 2 3 5 7 1 5 2 3 5 2 3 2 5 5 3 4 6 5 4 6 4 3 5 3 5 4 3 5 2 5 5 4 0 2 3 4 3 2 4 5 4 3 3 3 3 2 4 1 5 6 4 7 6
M[140] : 6 4 4 2 5 4 5 7 3 1 4 7 0 6 4 7 5 4 5 3 6 5 6 4 6 3 3 3 4 6 4 4 4 4 6 3 4 2 5 5 3 3 2 5 7 7 5 5 2 5 4 4 6 4 3 4 3 5 5 4 3 3 2
M[141] : 5 4 5 5 5 6 2 3 3 4 5 5 6 6 6 5 3 4 3 3 4 6 4 4 6 3 4 3 5 6 3 5 2 0 3 4 3 2 4 5 1 6 3 4 4 5 5 6 5 3 6 3 3 3 3 8 6 4 5 2 5 1 3
M[142] : 5 3 5 5 2 5 4 5 3 4 4 2 6 5 4 4 4 5 4 4 4 4 1 6 5 0 3 6 5 2 3 4 4 5 3 4 4 6 3 3 3 6 5 4 6 7 3 2 5 6 3 3 2 7 4 2 3 5 4 1 6 6 3
M[143] : 3 6 2 3 4 5 4 3 3 0 3 7 3 4 3 1 3 4 6 5 4 4 2 5 4 6 5 2 5 5 3 6 3 6 7 5 5 2 3 3 3 3 2 0 4 3 2 4 3 5 7 7 2 4 4 6 2 4 6 5 3 3 4
M[144] : 6 5 3 2 4 3 3 4 3 2 3 3 7 5 3 2 5 3 6 4 4 6 3 3 4 4 5 4 4 3 4 6 1 4 3 4 0 2 6 6 6 3 4 4 2 5 5 3 2 7 3 2 4 3 1 2 3 5 2 4 3 5 5
M[145] : 2 4 1 4 4 2 4 5 5 4 5 3 4 6 2 3 3 6 3 5 3 3 3 5 5 4 4 4 5 4 6 5 4 4 2 5 3 2 4 5 5 4 4 5 0 5 7 6 3 3 6 3 4 6 7 6 6 3 4 3 6 3 3
M[146] : 6 5 2 3 4 7 6 4 5 3 4 7 5 4 4 6 2 5 4 4 4 2 8 3 5 5 5 0 4 3 3 5 5 3 5 3 5 3 2 2 3 2 7 2 6 5 3 2 5 1 5 4 2 5 5 7 2 2 4 7 4 5 3
M[147] : 3 2 5 4 7 3 3 7 0 6 4 6 6 3 6 4 5 5 4 3 1 2 3 5 3 7 2 1 1 3 3 3 5 3 7 4 5 3 3 3 4 2 5 4 4 2 5 1 3 4 4 6 5 4 6 0 5 2 6 4 5 3 2
M[148] : 6 2 2 5 4 2 4 3 5 5 2 5 4 2 2 2 5 4 5 6 4 3 4 3 2 3 2 5 2 2 5 3 0 0 4 4 5 5 5 5 6 2 1 5 3 5 4 4 3 4 4 0 6 5 4 4 3 4 3 3 1 4 4
M[149] : 5 4 4 4 3 6 4 5 2 7 6 5 5 5 5 2 4 1 3 6 4 2 4 1 2 6 2 3 5 3 3 3 5 4 5 2 5 3 3 5 2 0 4 6 5 6 2 4 2 6 2 3 5 3 4 3 4 2 6 5 4 4 6
M[150] : 2 4 4 5 2 4 5 6 5 5 2 4 6 3 4 3 3 6 0 3 5 6 6 2 5 6 4 3 2 6 5 3 5 5 3 5 3 5 3 4 5 3 2 3 3 6 3 6 5 6 0 3 5 5 5 1 5 2 4 4 4 3 5
M[151] : 2 5 6 4 2 1 5 3 5 2 3 5 5 5 3 4 3 5 3 4 4 0 3 4 4 1 3 5 4 2 3 5 4 3 6 7 4 4 5 7 1 2 6 5 5 4 2 4 4 5 4 6 3 6 5 5 6 4 4 4 2 3 4
M[152] : 7 4 6 2 5 3 5 4 5 4 5 5 3 5 5 4 3 6 4 5 2 6 0 4 3 4 2 3 2 6 5 5 6 4 2 4 6 5 5 5 6 4 5 4 4 4 6 4 5 6 2 4 4 5 3 5 5 7 3 2 5 3 1
M[153] : 2 5 6 4 6 3 5 5 5 4 5 4 7 3 4 5 2 4 4 4 0 2 4 4 3 2 3 4 3 5 6 4 3 6 3 2 4 3 2 2 6 3 6 2 5 4 6 5 1 2 6 4 3 6 4 4 4 1 3 3 3 6 5
M[154] : 6 2 5 4 6 0 5 4 4 4 4 4 4 5 7 4 4 5 5 4 2 4 4 5 3 4 4 4 6 2 2 3 3 2 6 3 5 3 4 4 6 4 3 3 3 4 5 2 2 3 5 3 3 4 5 5 4 4 4 4 4 4 4
M[155] : 2 5 0 6 3 6 2 4 1 5 8 6 5 3 3 7 3 8 4 7 7 6 6 4 2 5 3 3 4 6 4 4 5 4 4 6 6 5 5 5 3 5 3 5 2 1 5 3 6 5 2 5 2 4 5 4 4 4 3 4 8 6 5
M[156] : 1 3 3 5 2 5 4 6 4 6 4 3 5 0 6 4 2 5 3 5 5 5 5 3 1 7 3 5 3 3 6 5 2 2 4 3 6 3 2 4 6 3 4 3 5 5 0 4 8 5 3 1 5 5 2 5 2 2 5 3 5 5 4
M[157] : 3 4 5 6 1 5 4 4 4 5 5 2 5 4 5 7 4 3 2 4 5 5 4 2 2 2 5 3 4 6 6 2 5 6 4 6 4 4 2 3 4 5 6 5 4 7 3 4 6 3 3 4 4 5 0 4 4 5 2 6 6 5 3
M[158] : 6 6 5 4 3 2 5 4 6 4 2 7 5 4 6 4 6 4 1 2 3 5 3 3 4 4 5 2 5 5 2 4 4 2 4 0 7 4 3 4 3 5 4 4 3 5 2 6 4 3 4 4 6 4 5 2 3 6 4 4 3 3 3
M[159] : 4 3 4 6 3 6 3 4 3 5 6 4 4 4 3 2 4 5 3 2 6 4 5 2 1 6 3 2 3 3 5 5 4 5 4 4 5 2 4 1 3 6 4 5 6 4 5 3 5 6 6 3 4 5 1 4 1 4 5 7 4 0 4
M[160] : 4 5 3 7 3 4 4 5 7 5 4 4 4 4 6 4 5 5 4 6 5 5 4 4 6 2 3 3 6 0 3 3 4 2 5 6 6 5 3 5 6 5 5 4 5 5 4 3 4 6 2 5 6 4 4 4 6 4 5 3 2 2 1
M[161] : 5 4 1 4 4 5 4 5 2 3 5 4 7 3 3 3 3 2 6 5 4 4 5 5 6 5 3 3 5 4 4 0 6 5 4 5 3 4 6 5 2 2 5 3 2 3 6 3 2 3 5 3 1 6 4 4 5 3 5 2 5 3 4
M[162] : 6 0 4 3 3 4 6 3 4 5 3 4 5 3 4 8 4 3 6 2 3 7 2 3 2 6 4 3 3 4 5 4 3 7 6 5 4 4 3 3 4 3 4 5 4 4 3 4 4 4 3 4 5 3 6 4 2 2 4 4 3 3 4
M[163] : 5 4 5 4 2 2 2 2 3 4 5 1 2 3 6 4 4 4 4 4 3 3 6 4 3 4 2 3 2 2 5 5 2 2 3 4 5 5 3 7 3 5 4 4 3 5 5 5 2 7 6 4 2 5 2 5 3 3 4 3 0 3 7
M[164] : 3 2 2 5 5 4 4 4 6 4 3 1 3 0 3 2 5 4 4 6 2 5 5 5 2 4 2 5 2 4 6 4 4 5 3 1 3 2 4 3 3 3 2 5 6 5 4 4 5 1 7 4 4 4 5 3 6 7 5 3 5 4 1
M[165] : 5 2 2 3 7 6 5 3 3 3 5 2 5 5 6 2 4 2 3 5 3 3 2 4 7 5 3 4 2 6 3 4 1 4 5 5 5 1 3 2 3 3 5 0 6 2 3 1 4 3 3 3 6 4 4 4 5 3 3 4 5 4 6
M[166] : 3 4 4 7 6 5 3 3 6 5 2 3 7 5 3 6 6 3 6 4 2 3 8 4 5 4 3 3 6 3 2 3 6 6 3 4 4 6 6 4 4 4 4 7 4 4 5 5 3 1 4 2 0 3 1 8 7 2 5 5 3 4 3
M[167] : 4 7 2 7 6 4 4 3 0 1 6 2 3 4 6 3 3 4 3 5 6 6 6 4 6 2 2 3 2 4 1 5 4 5 1 3 3 5 4 6 5 4 5 5 3 4 2 1 2 2 1 3 3 6 4 5 4 7 4 4 4 3 5
M[168] : 3 6 3 6 3 3 3 4 4 3 2 5 5 4 4 3 2 5 7 3 2 3 4 5 2 4 5 4 4 6 3 4 3 3 4 4 4 3 3 3 2 6 3 0 5 5 5 2 5 4 6 1 4 2 5 3 4 4 5 5 2 5 5
M[169] : 5 3 3 4 6 4 5 3 1 5 1 4 5 8 2 6 5 5 6 3 4 7 4 6 4 5 2 1 5 5 3 3 5 7 3 6 5 2 6 2 4 5 3 4 4 5 4 4 4 4 4 6 0 6 4 6 2 5 6 4 5 6 4
M[170] : 2 3 4 3 4 4 4 1 5 3 0 4 5 5 4 4 5 5 3 3 4 5 6 5 5 3 3 4 3 4 5 7 4 4 5 4 5 2 5 6 5 3 7 2 2 4 3 2 2 5 5 2 2 3 2 3 3 3 6 5 4 3 6
M[171] : 5 4 3 4 6 3 3 3 4 4 5 4 1 5 5 2 2 4 4 3 4 2 3 5 4 3 1 4 5 4 5 3 6 3 4 4 7 4 5 4 2 3 5 6 3 2 3 4 0 2 7 3 5 4 6 5 4 1 2 2 3 5 3
M[172] : 3 4 4 3 4 6 5 3 2 6 5 4 4 3 2 4 4 3 7 2 4 4 0 3 4 5 3 2 4 5 5 4 4 2 1 5 4 5 6 8 5 4 6 4 2 5 5 3 5 4 4 5 5 3 2 3 5 4 4 3 5 2 7
M[173] : 3 3 4 5 2 3 5 4 5 4 5 2 3 5 5 4 7 4 3 4 5 5 4 5 4 5 3 5 4 4 5 4 6 2 6 5 5 4 5 4 4 4 5 3 5 0 5 3 1 6 4 4 2 6 5 3 7 6 4 4 5 1 4
M[174] : 4 5 5 6 4 2 3 4 3 3 4 2 5 4 3 2 5 0 5 6 5 3 4 6 3 2 3 2 6 5 5 4 6 3 3 4 6 3 7 3 4 2 5 4 5 4 6 3 6 5 2 5 4 2 3 3 4 3 2 5 4 6 3
M[175] : 4 1 3 2 4 2 3 6 5 4 3 5 3 4 3 2 3 3 3 7 2 6 2 2 0 3 2 4 5 4 4 5 6 6 3 6 4 2 5 6 4 5 6 4 4 6 3 5 4 4 5 6 2 4 4 4 2 4 7 2 7 5 1
M[176] : 3 4 5 5 6 4 5 5 7 4 4 1 6 3 4 4 5 5 2 4 2 4 6 0 5 6 4 3 4 5 3 4 3 5 4 5 5 6 1 2 4 1 5 4 3 5 4 3 3 4 1 3 6 2 3 5 6 3 4 5 2 5 4
M[177] : 6 3 2 4 1 3 3 5 2 4 2 3 3 7 5 5 4 6 7 4 4 5 6 2 3 4 1 6 7 6 6 6 4 5 3 5 0 3 6 3 4 2 2 5 4 6 4 3 7 3 5 6 4 3 1 4 4 6 2 6 3 5 5
M[178] : 5 6 4 5 4 4 4 4 0 4 4 5 4 6 2 3 5 3 4 3 2 4 4 5 4 1 3 2 5 5 4 3 4 3 3 2 7 4 7 3 4 4 4 4 5 5 3 4 4 7 4 2 3 6 4 5 5 5 2 5 5 6 6
M[179] : 5 6 7 2 4 4 5 0 5 7 5 5 5 3 5 2 3 4 3 5 4 4 3 6 4 2 3 3 3 3 6 5 4 7 5 6 4 2 5 5 4 3 3 4 6 4 5 7 5 3 3 2 4 2 5 3 4 5 4 5 4 1 6
M[180] : 2 2 2 6 6 3 2 4 4 3 2 5 5 0 6 7 6 5 6 3 4 4 5 5 3 2 3 6 3 3 5 0 5 4 2 4 4 4 3 1 3 1 2 2 4 5 6 3 6 5 4 3 6 5 6 2 2 4 4 6 5 2 4
M[181] : 6 5 3 5 4 4 2 5 4 6 3 5 2 4 4 3 5 4 5 2 6 3 3 5 4 2 5 2 5 6 6 4 4 3 3 3 4 6 6 7 3 4 4 6 7 3 7 6 3 4 2 4 5 4 0 4 3 2 2 4 3 4 3
M[182] : 5 7 5 8 4 6 3 5 2 3 2 3 4 2 6 6 3 6 2 5 5 4 3 6 5 5 4 5 3 4 1 4 6 5 3 5 4 5 6 5 4 3 5 5 3 3 6 3 5 5 3 3 6 5 4 0 4 4 4 5 5 7 2
M[183] : 7 4 4 4 3 3 4 5 5 3 0 4 3 3 4 6 2 4 3 4 4 6 4 4 3 2 6 3 3 5 5 4 5 4 3 5 3 3 3 1 5 2 5 2 4 4 7 3 3 5 4 4 3 3 3 4 6 3 2 2 5 4 3
M[184] : 3 3 6 4 2 5 4 5 5 3 5 6 5 2 4 3 5 4 4 3 2 3 3 4 4 6 4 4 3 4 6 2 0 4 5 3 2 6 5 3 4 3 5 3 5 2 3 2 4 3 4 6 3 2 4 5 5 3 6 3 5 5 2
M[185] : 3 5 5 6 2 4 4 6 4 2 5 3 5 3 6 7 5 5 5 5 4 1 3 5 4 3 4 5 3 2 6 5 2 4 2 5 0 4 4 4 6 1 3 6 4 6 3 4 4 5 5 1 5 2 3 5 4 6 4 2 4 4 3
M[186] : 2 4 2 5 4 4 3 5 2 6 3 6 6 4 3 5 2 3 5 4 4 3 2 4 3 4 5 5 5 4 3 6 3 3 4 4 5 3 4 6 3 4 3 7 5 6 5 6 4 5 0 5 7 1 2 7 2 1 4 6 5 7 3
M[187] : 1 8 3 6 2 7 5 3 3 3 5 1 5 5 7 6 7 4 2 3 6 4 2 0 2 3 3 4 5 3 7 2 5 5 3 5 6 5 2 5 5 1 4 3 6 2 5 1 4 5 3 3 3 5 8 5 4 4 3 3 1 4 3
M[188] : 6 5 4 2 6 2 3 3 2 2 6 2 3 4 4 6 4 5 4 5 4 2 7 4 4 3 3 3 3 4 5 4 5 4 4 5 7 4 0 4 5 3 3 3 1 5 3 5 4 3 5 5 6 7 4 5 2 2 3 4 3 5 1
M[189] : 3 4 4 2 4 7 3 3 5 3 3 0 4 3 5 3 3 4 4 4 5 5 3 3 4 4 4 4 4 5 4 3 4 2 4 6 2 3 3 4 4 4 4 2 2 5 4 3 2 4 4 6 5 4 4 3 4 3 6 3 4 6 2
M[190] : 2 2 2 6 5 3 3 3 4 0 3 2 4 5 8 4 5 5 6 6 4 4 5 2 5 2 3 5 4 3 6 7 5 6 7 3 1 4 4 6 4 4 5 3 5 1 5 5 6 6 6 6 4 4 4 5 4 3 4 7 4 4 5
M[191] : 6 5 5 4 6 4 3 5 2 4 1 4 2 1 3 5 4 5 4 5 4 3 3 4 6 4 4 4 4 6 5 2 3 4 4 2 3 0 4 4 2 1 4 2 1 5 6 6 3 4 4 5 3 4 6 7 6 5 6 4 6 3 3
M[192] : 5 5 4 6 4 2 5 5 3 7 3 5 3 3 5 4 3 1 5 7 4 2 3 5 3 2 4 3 3 6 5 5 4 0 5 3 3 5 3 5 5 4 5 6 3 3 4 6 2 5 3 5 7 5 5 5 6 1 5 4 3 4 5
M[193] : 5 5 2 4 2 3 3 7 4 5 5 7 5 5 3 6 0 5 2 4 4 5 6 4 1 4 4 7 4 7 4 2 4 4 2 4 3 2 4 4 2 4 5 5 4 7 5 3 5 4 6 4 6 4 5 3 4 3 4 2 4 3 5
M[194] : 3 5 2 6 6 4 3 7 2 3 3 4 2 5 6 3 5 6 0 6 4 4 4 1 4 5 3 6 4 2 4 3 6 4 5 4 6 0 4 4 2 6 3 5 5 4 6 4 4 7 5 5 0 5 2 3 1 5 5 6 7 4 6
M[195] : 3 4 4 4 2 0 5 7 5 5 6 5 3 3 6 7 2 4 5 2 3 4 4 4 1 3 2 2 4 3 3 6 3 2 4 2 3 6 1 4 3 4 4 6 2 2 5 3 4 5 3 4 4 3 5 5 4 5 2 5 3 6 5
M[196] : 5 4 5 0 4 2 3 5 5 5 2 4 4 6 4 8 1 4 4 4 6 5 3 4 3 5 3 4 3 7 7 2 4 2 3 2 4 4 3 4 7 2 2 3 4 6 4 5 4 3 4 5 7 3 5 2 2 6 3 2 5 4 5
M[197] : 7 4 4 2 3 0 5 3 4 4 4 4 6 4 1 4 5 4 2 4 4 3 1 3 4 4 1 5 6 4 4 2 6 3 3 2 5 4 4 4 4 5 5 4 6 2 3 4 3 5 4 5 5 1 5 3 3 5 3 4 4 5 4
M[198] : 7 3 3 7 3 4 3 2 0 6 2 5 5 4 3 5 3 4 3 5 5 4 2 2 0 6 4 6 3 7 3 6 6 4 3 3 4 3 7 3 3 4 2 4 5 6 7 2 4 3 5 3 7 3 5 3 6 3 4 4 7 4 4
M[199] : 5 4 3 2 5 4 3 4 5 5 4 3 3 4 5 5 7 4 5 2 5 4 3 7 4 5 4 5 3 2 2 5 3 4 3 4 6 5 4 4 6 3 3 4 5 3 4 5 5 2 6 3 3 4 5 5 3 1 4 6 5 5 0
M[200] : 4 5 5 8 3 5 3 5 6 5 5 5 4 5 4 4 4 3 0 6 1 5 6 2 5 5 3 6 2 6 4 6 7 5 6 4 1 6 6 3 5 4 5 5 6 2 5 1 2 4 4 6 5 5 5 5 6 5 4 7 7 6 4
M[201] : 4 4 2 3 6 4 0 3 3 5 2 2 6 4 4 4 3 4 2 4 3 3 3 2 3 4 4 3 5 6 4 4 6 4 4 2 3 4 5 4 4 2 4 6 3 6 3 3 3 4 4 3 4 3 3 6 4 6 4 3 2 4 5
M[202] : 4 5 4 3 4 3 4 3 3 7 3 4 6 1 1 4 5 1 5 5 3 4 4 2 2 4 3 6 4 5 5 6 6 2 3 4 5 4 5 0 7 3 6 4 4 6 3 4 4 3 6 6 5 3 5 6 4 5 4 3 6 5 4
M[203] : 5 6 2 2 4 1 6 4 5 4 5 4 5 3 3 6 4 4 5 5 5 2 4 4 5 3 6 4 3 4 5 5 3 5 4 0 6 3 5 5 6 3 2 2 6 5 2 3 3 7 1 6 4 6 5 5 4 4 5 5 7 4 1
M[204] : 5 5 4 4 5 3 5 5 3 4 5 3 1 4 7 5 5 4 4 6 5 3 5 6 3 4 2 2 2 2 0 6 5 4 3 3 4 3 4 1 2 3 5 5 6 4 3 5 4 5 3 2 2 6 6 5 4 3 2 4 5 7 6
M[205] : 4 3 1 4 6 2 5 4 2 4 5 4 4 4 4 3 0 4 8 6 0 3 3 4 3 4 5 4 5 3 1 4 6 3 5 4 3 4 4 2 4 4 2 4 3 3 4 3 4 4 4 4 4 4 4 5 6 3 4 7 4 4 2
M[206] : 3 2 5 6 6 6 5 5 6 3 6 5 3 4 4 3 4 3 3 4 3 8 4 4 6 4 5 2 4 4 4 4 4 6 4 6 6 5 2 7 6 4 3 5 5 5 3 0 5 1 5 4 4 3 5 4 7 3 4 3 4 5 4
M[207] : 2 6 5 0 5 4 4 4 3 3 4 6 5 4 6 6 5 5 3 3 6 3 3 6 4 3 2 5 5 5 5 5 4 4 1 5 5 2 5 4 4 5 6 3 5 6 4 2 4 5 3 3 3 4 4 4 1 3 4 7 3 5 4
M[208] : 4 5 4 4 2 6 5 7 4 2 4 3 3 5 0 5 5 7 3 5 4 2 3 5 3 0 3 4 3 5 3 6 6 6 4 3 4 2 4 3 2 4 4 7 4 2 6 4 4 5 3 6 5 5 5 3 6 5 5 3 4 2 4
M[209] : 4 5 5 2 6 5 3 4 3 1 0 3 6 4 6 3 6 3 3 3 2 3 5 5 6 5 2 5 5 3 2 2 5 3 5 3 6 1 4 4 4 4 4 4 4 5 6 5 5 3 5 1 4 6 1 3 5 6 4 5 5 5 5
M[210] : 3 3 4 4 3 5 4 1 4 3 3 4 4 6 4 5 2 4 4 4 4 4 4 6 4 0 2 5 4 2 4 4 4 5 3 7 5 4 4 4 3 2 4 5 5 5 3 3 4 3 6 6 6 5 3 3 4 5 3 5 5 5 4
M[211] : 3 0 5 7 2 3 3 5 4 1 2 5 3 3 2 5 2 3 2 6 3 6 2 6 4 5 2 4 5 2 2 5 5 4 5 4 5 7 5 5 4 4 6 6 3 2 5 2 5 4 3 4 2 4 3 3 4 3 3 5 4 4 4
M[212] : 5 4 7 4 4 6 4 4 4 6 4 3 6 3 3 4 2 5 5 5 4 2 2 5 4 4 3 5 3 5 5 4 4 5 4 4 3 5 4 2 6 2 6 5 4 3 5 4 4 4 6 0 3 3 5 5 3 4 7 5 1 5 5
M[213] : 3 5 5 4 5 5 5 5 3 2 5 5 3 5 5 5 6 2 2 4 6 4 3 2 5 4 4 3 4 7 5 4 2 5 3 2 0 5 5 6 4 2 4 4 5 4 3 4 6 5 4 3 4 4 3 5 0 5 5 4 7 4 2
M[214] : 2 4 1 5 4 0 3 4 4 5 5 1 2 3 5 3 5 4 8 3 3 4 6 4 2 3 1 4 5 4 4 4 3 4 3 4 2 6 4 2 4 3 4 3 3 4 5 3 6 3 2 5 2 4 5 3 5 4 7 2 2 2 3
M[215] : 4 3 3 3 3 5 5 3 4 1 5 3 4 4 2 5 4 3 3 5 3 5 5 3 0 3 3 6 2 5 3 5 4 6 5 3 5 5 3 6 5 5 5 4 3 3 8 3 4 4 4 5 3 2 5 6 0 6 6 3 6 2 4
M[216] : 2 3 1 3 4 3 1 6 4 4 5 5 7 4 4 5 2 3 4 5 4 6 4 3 4 3 4 4 3 6 7 2 2 4 4 1 5 4 2 4 3 2 3 5 5 5 4 5 2 3 4 3 4 3 5 0 2 5 5 2 6 4 4
M[217] : 4 5 4 2 3 3 2 3 4 5 4 3 7 1 3 4 3 2 4 4 2 1 3 2 4 4 1 5 6 6 4 2 2 4 6 3 6 3 4 2 3 4 5 5 4 5 4 5 4 5 4 3 3 6 7 7 3 3 5 0 2 3 4
M[218] : 5 4 2 6 5 5 3 4 5 0 2 4 4 4 5 3 6 5 4 3 2 4 0 3 3 5 3 4 4 6 5 6 4 1 4 1 5 4 6 5 5 5 2 5 3 1 6 4 2 5 4 7 2 5 2 2 2 7 6 2 5 3 4
M[219] : 4 3 5 3 3 6 4 0 2 2 3 2 5 4 5 3 6 5 5 4 3 3 5 4 5 2 1 2 2 4 4 4 4 4 5 2 3 3 3 1 5 3 4 5 7 4 8 5 5 3 0 4 4 6 3 5 5 3 5 5 2 4 2
M[220] : 4 6 3 5 3 3 5 5 4 4 4 4 2 4 2 5 5 5 5 0 6 5 6 6 4 3 3 6 3 3 4 4 2 5 4 4 1 5 8 3 4 4 5 5 6 5 5 3 4 3 1 6 4 5 5 6 4 5 4 5 7 3 6
M[221] : 4 4 3 2 2 5 5 4 4 5 4 4 6 4 3 4 4 3 2 6 2 3 5 6 3 2 3 3 4 5 5 5 5 8 5 5 4 5 7 0 5 3 6 2 4 3 4 4 5 4 4 3 2 5 5 5 6 5 7 2 6 4 3
M[222] : 4 5 5 6 3 2 6 5 3 3 4 3 3 2 4 5 5 4 3 3 3 2 6 5 3 4 3 6 3 3 5 3 0 3 2 5 2 2 3 6 5 2 6 3 5 6 3 2 5 6 3 5 3 2 5 3 3 4 4 3 6 5 1
M[223] : 3 4 3 4 4 5 4 2 4 2 5 6 6 6 3 4 3 1 4 4 5 4 7 3 5 5 2 5 3 5 5 6 4 4 5 5 5 3 5 4 3 3 3 2 5 0 7 4 4 5 4 6 5 3 5 4 3 5 5 4 4 3 3
M[224] : 3 4 3 5 6 2 7 4 5 3 5 5 5 3 5 4 2 7 3 3 4 7 7 5 3 5 4 3 3 2 2 5 1 5 7 3 0 4 3 3 2 3 2 7 4 2 5 4 7 5 3 4 4 4 7 4 1 4 6 2 5 7 2
M[225] : 5 7 3 3 6 5 3 5 4 3 2 6 5 3 3 2 4 5 4 3 7 4 2 4 4 6 3 5 4 5 3 3 3 0 5 3 3 4 2 7 0 1 5 4 5 2 3 5 4 3 5 6 3 2 2 4 4 2 5 6 3 2 4
M[226] : 2 4 3 5 5 2 4 3 4 6 4 5 6 2 4 4 3 4 3 2 3 7 6 5 4 7 5 3 1 3 4 4 6 3 6 3 4 4 2 0 3 5 2 4 5 6 5 2 5 2 5 7 6 5 6 5 6 0 4 2 4 4 2
M[227] : 3 7 4 4 4 4 5 5 3 2 4 3 5 3 4 4 3 6 5 4 7 5 5 3 5 5 0 4 4 4 4 4 1 2 5 5 3 6 3 6 4 3 4 5 5 7 3 3 3 4 5 4 5 5 4 4 5 4 6 4 1 5 3
M[228] : 4 1 4 4 7 2 5 4 4 5 2 3 2 3 3 5 3 3 4 1 2 5 3 4 4 7 2 1 3 2 4 7 0 4 3 5 2 2 3 6 4 4 5 5 2 5 4 4 5 5 3 1 2 2 3 5 5 5 4 4 3 4 4
M[229] : 6 3 6 5 6 3 5 7 5 5 3 3 5 2 3 6 4 5 4 3 4 5 5 4 7 2 3 7 5 3 4 2 3 5 4 4 3 7 4 5 3 4 3 3 5 6 4 5 6 4 2 2 4 5 6 2 7 5 5 3 0 2 3
M[230] : 5 5 5 4 6 3 4 5 3 4 5 5 5 4 3 5 2 4 2 3 7 5 4 6 3 1 2 4 4 2 0 4 3 6 5 5 1 5 5 6 1 2 5 4 5 6 3 4 5 2 2 6 3 4 6 2 6 4 3 5 4 3 5
M[231] : 3 3 3 6 3 4 2 4 5 6 3 2 3 3 4 5 4 6 5 2 6 5 3 3 3 6 4 3 3 2 3 6 6 3 4 6 5 5 4 2 5 4 4 4 4 4 6 4 2 5 6 5 6 5 3 3 5 5 0 2 2 3 5
M[232] : 4 3 3 4 5 5 4 1 1 2 6 6 5 2 3 3 3 4 2 4 6 4 4 4 1 4 0 4 1 4 0 4 5 5 4 6 5 5 5 5 2 3 6 3 3 3 3 4 4 5 4 7 4 3 4 6 7 3 4 3 4 2 2
M[233] : 6 2 3 4 2 2 4 4 2 5 3 3 5 4 7 6 3 3 5 4 6 6 3 4 6 5 5 5 3 5 6 4 3 4 7 3 7 2 4 4 5 3 4 5 0 5 2 5 4 6 4 2 6 6 3 6 4 4 4 6 3 2 4
M[234] : 4 5 2 5 3 5 4 5 5 5 6 4 5 6 5 5 4 3 3 2 3 7 6 4 4 4 3 3 5 4 4 3 4 4 2 4 3 4 4 3 2 5 7 4 3 4 3 4 6 3 5 2 5 3 0 2 3 6 5 2 3 2 4
M[235] : 2 4 5 7 5 6 5 4 2 2 3 5 5 4 6 3 3 5 4 5 4 4 3 2 6 4 4 6 5 5 4 6 2 5 3 3 6 1 6 3 6 5 3 3 4 4 7 3 4 2 5 4 4 4 4 4 5 5 4 5 0 4 7
M[236] : 5 4 1 3 5 4 5 4 0 3 3 2 4 3 6 1 3 5 3 4 3 3 4 4 1 4 4 5 1 4 6 2 2 3 6 3 4 1 2 4 4 4 4 4 4 4 3 3 3 3 2 3 3 5 4 2 5 6 2 8 3 3 4
M[237] : 3 6 4 5 5 5 5 4 4 4 6 4 4 4 3 5 4 4 2 5 6 6 4 6 4 5 6 5 4 5 5 5 4 5 3 6 7 5 4 0 4 5 2 5 5 2 5 2 6 4 4 5 4 4 5 5 6 4 3 6 3 1 5
M[238] : 3 3 0 4 4 3 4 6 4 4 5 3 4 2 4 4 4 5 4 5 3 4 4 5 4 5 3 4 6 4 7 2 3 2 4 5 2 4 1 4 5 4 4 2 5 3 4 7 4 6 5 3 2 4 7 2 4 3 3 5 7 4 3
M[239] : 5 3 4 6 4 3 3 4 3 4 4 3 4 6 5 2 2 6 6 3 4 2 5 6 5 4 2 6 4 2 3 3 3 6 3 2 4 4 3 2 2 4 4 3 7 5 0 3 3 3 3 4 6 4 5 6 4 2 6 3 3 5 6
M[240] : 5 6 4 5 5 5 5 3 4 5 3 3 4 2 4 2 3 5 4 1 6 3 5 4 1 4 2 3 6 7 2 5 2 3 6 5 5 3 4 4 0 5 4 5 4 6 5 4 4 3 4 8 6 1 2 2 4 5 4 4 8 5 5
M[241] : 3 4 4 4 3 4 2 5 2 4 5 2 2 4 3 3 1 4 5 4 4 3 2 3 2 0 4 4 5 0 2 1 3 5 3 2 5 5 6 5 0 1 6 4 4 4 1 2 7 5 5 5 2 4 4 8 4 3 2 3 5 5 4
M[242] : 2 4 2 4 4 4 4 3 3 4 2 5 2 3 6 3 4 5 4 2 3 4 6 4 5 6 3 8 3 4 4 4 4 5 5 5 3 7 4 4 5 4 4 3 3 3 2 4 3 5 3 2 3 3 6 7 5 4 3 7 0 4 4
M[243] : 5 3 4 5 2 4 0 2 3 5 4 3 2 5 4 6 4 6 5 4 6 6 6 5 6 6 4 4 4 5 7 5 4 3 3 4 6 4 5 3 2 4 6 5 5 4 3 5 0 4 3 4 3 4 3 4 6 3 5 4 3 4 2
M[244] : 4 4 5 6 5 3 3 3 5 3 0 4 3 5 5 3 4 2 5 3 5 6 5 2 3 6 5 7 2 4 6 3 3 4 4 5 5 2 3 3 3 4 3 3 6 3 4 3 5 4 5 5 5 5 3 6 4 2 2 6 5 4 4
M[245] : 5 4 4 0 4 4 3 3 6 6 5 4 5 5 1 4 5 1 5 5 2 5 5 3 5 5 5 5 3 4 3 5 7 4 4 3 3 4 2 4 7 3 3 5 4 3 3 4 4 3 4 6 4 5 7 4 5 3 4 3 5 5 2
M[246] : 3 5 3 6 5 4 3 4 4 5 5 5 6 5 3 3 3 7 3 3 2 7 5 0 1 5 4 4 4 2 4 3 5 6 3 4 4 4 4 4 4 4 3 7 3 4 5 5 6 2 3 5 7 4 6 5 3 6 5 2 6 5 5
M[247] : 5 3 3 5 6 5 4 7 5 5 4 6 3 4 4 3 4 0 6 6 2 4 6 4 3 3 6 4 7 2 4 5 4 4 2 5 5 5 4 4 6 5 6 4 3 4 3 1 5 2 5 6 5 3 5 2 5 3 3 0 6 6 3
M[248] : 2 3 2 6 6 3 2 4 7 5 4 7 2 6 6 3 3 3 4 3 6 3 5 5 3 1 2 3 3 4 0 5 6 3 4 3 3 5 4 4 4 4 5 4 4 7 3 4 5 6 6 7 4 6 4 4 5 2 4 5 4 7 4
M[249] : 5 1 4 4 0 4 2 3 6 5 2 5 1 2 3 4 5 4 3 3 5 5 5 6 4 4 2 4 3 5 5 3 5 5 3 2 2 5 4 4 5 4 5 4 4 4 4 4 6 4 5 3 3 2 4 5 3 5 5 6 3 3 3
M[250] : 6 5 5 5 4 5 4 3 2 5 4 3 3 4 2 0 3 5 6 2 4 8 5 2 4 5 3 7 6 5 6 5 4 3 5 4 4 7 6 3 2 3 5 2 5 3 6 4 6 3 5 3 7 7 3 4 3 6 5 2 4 4 5
M[251] : 4 5 4 4 4 3 3 4 3 2 5 5 5 4 4 3 6 3 5 3 5 3 5 3 2 2 3 7 4 2 4 3 0 4 6 3 3 4 3 3 6 5 3 3 3 3 4 5 4 3 4 5 6 8 4 4 5 3 6 2 3 3 5
M[252] : 3 3 2 4 5 5 0 5 4 6 4 7 3 1 3 6 4 3 4 4 6 4 1 5 6 4 4 4 2 2 1 3 2 4 6 5 4 3 3 5 4 2 5 4 2 5 7 3 3 5 2 4 4 4 3 3 4 5 1 5 2 4 3
M[253] : 6 7 3 4 5 6 3 6 5 3 5 3 3 4 4 3 2 5 4 1 4 6 5 3 5 3 3 6 5 1 5 2 4 5 5 3 3 2 5 6 2 4 4 4 8 4 3 1 3 4 6 4 2 5 6 4 2 6 4 0 5 4 6
M[254] : 0 3 2 5 4 3 3 5 2 6 5 6 4 1 7 4 5 3 2 5 3 3 3 3 5 4 5 4 4 3 5 4 7 3 3 5 5 3 5 0 2 5 5 2 3 1 4 5 5 4 4 5 2 4 3 3 3 5 4 6 5 2 3
M[255] : 3 5 2 3 7 2 3 5 7 5 5 7 2 6 3 2 5 4 4 0 3 5 6 3 3 5 3 1 6 5 5 5 6 5 5 4 5 6 4 6 4 2 4 4 4 5 7 2 1 5 7 4 5 4 5 7 3 6 3 3 5 4 3
M[256] : 4 5 4 3 3 4 3 6 4 4 3 3 4 7 4 4 4 2 5 5 3 6 5 3 3 5 6 6 4 4 3 4 3 6 6 6 6 6 5 5 4 4 4 4 5 4 2 4 3 5 2 3 2 5 0 5 5 2 3 7 2 4 6
M[257] : 5 3 4 4 5 2 5 5 4 0 3 5 2 4 4 5 5 3 5 3 3 3 4 5 4 6 3 6 5 5 5 1 3 4 4 5 6 5 3 4 5 3 4 4 4 5 6 3 2 4 4 2 5 4 3 6 4 3 2 3 1 5 6
M[258] : 3 4 4 3 0 3 6 6 3 3 5 4 3 6 5 6 5 5 3 6 6 4 6 2 3 6 3 5 2 6 4 5 4 4 5 2 3 3 7 4 3 4 4 5 5 1 5 2 0 3 4 5 4 5 4 4 7 5 2 4 3 6 6
M[259] : 3 7 4 3 3 5 3 3 2 4 2 3 4 0 6 5 4 4 5 3 3 4 5 5 3 2 6 3 4 3 1 6 5 5 1 6 2 1 1 5 3 4 3 5 5 7 6 5 3 3 3 4 4 6 2 3 4 3 5 3 2 5 3
M[260] : 3 3 6 3 5 5 6 4 6 7 3 3 4 5 4 3 5 2 5 4 4 5 8 6 5 4 5 4 4 4 4 4 5 6 4 5 7 4 6 1 4 1 3 4 4 4 3 4 2 4 4 4 4 5 1 2 7 0 4 2 4 4 4
M[261] : 5 4 5 7 2 3 4 4 4 2 4 4 3 3 1 3 8 3 5 3 4 3 2 4 6 5 4 4 3 3 3 4 3 4 4 5 3 4 8 5 4 0 5 3 3 5 4 4 5 3 3 3 5 4 5 4 4 4 5 4 5 5 5
M[262] : 1 3 4 5 3 4 5 5 5 3 2 5 4 3 7 3 5 0 4 3 5 3 3 4 2 3 5 6 6 5 3 5 3 6 1 1 4 7 3 6 2 3 4 5 4 3 6 5 4 5 5 6 6 4 5 3 3 6 6 2 6 3 4
M[263] : 2 3 3 5 5 5 4 4 6 4 2 1 4 2 1 6 7 3 5 5 4 4 4 4 3 2 3 4 4 4 2 3 6 4 3 3 5 2 4 3 0 3 3 3 2 3 4 6 4 5 6 6 4 2 6 0 3 5 6 3 4 3 3
M[264] : 6 3 6 4 4 3 4 5 4 2 5 5 6 3 3 4 4 1 2 3 4 0 4 3 3 4 4 5 6 6 4 2 5 2 5 4 2 6 3 4 6 4 6 2 5 5 6 3 5 7 5 3 5 3 5 3 3 5 4 5 6 3 4
M[265] : 4 3 1 4 5 6 3 7 3 3 4 4 0 3 2 3 3 6 2 4 3 5 7 5 4 4 3 4 2 4 5 6 2 4 5 3 4 4 4 3 2 6 5 6 4 2 5 3 2 6 4 4 6 3 5 5 4 4 3 4 7 6 3
M[266] : 5 5 2 3 3 1 4 3 3 6 2 5 6 6 6 4 4 6 2 5 5 4 6 3 6 6 5 4 5 6 4 4 5 4 3 6 6 5 2 6 4 1 5 3 2 0 4 4 3 6 5 4 4 4 4 4 5 4 4 3 2 3 7
M[267] : 4 3 5 4 6 2 4 3 2 4 4 6 1 3 4 6 4 4 1 3 0 5 5 4 5 5 3 5 3 5 5 3 4 3 4 1 4 3 4 2 4 4 6 3 4 6 5 3 6 4 5 6 4 2 3 5 5 5 4 4 3 6 4
M[268] : 2 6 3 3 4 5 5 4 3 4 6 6 5 2 4 6 4 4 3 5 4 7 3 5 2 3 3 6 4 5 4 4 4 3 1 3 6 0 5 4 3 5 5 2 3 3 2 2 3 5 3 3 5 4 5 4 3 2 5 5 3 5 3
M[269] : 5 4 2 3 5 2 3 5 3 3 6 3 5 5 2 2 2 6 4 4 3 4 3 5 4 4 4 4 6 3 5 2 4 6 6 3 4 3 3 5 7 6 6 5 0 4 3 6 5 3 4 2 3 1 5 5 6 5 5 5 6 3 8
M[270] : 3 4 4 0 4 6 6 5 4 6 4 5 6 3 6 3 5 4 3 4 3 4 2 4 4 3 5 4 4 2 4 3 5 5 5 2 2 3 2 7 4 2 3 5 4 4 4 5 4 6 3 4 4 3 4 4 3 4 5 6 3 5 4
M[271] : 7 5 5 3 3 3 5 4 5 4 3 5 4 4 4 4 4 6 3 4 3 4 0 5 4 2 3 6 4 6 4 4 6 5 5 2 3 5 5 4 2 2 3 2 3 5 3 2 5 4 4 4 6 5 4 3 3 3 2 3 5 5 4
M[272] : 4 5 3 3 4 2 6 3 5 4 4 6 4 3 5 4 4 4 7 6 5 5 6 3 4 0 3 3 5 3 3 2 4 2 2 5 4 4 6 3 4 5 2 4 3 5 5 4 5 3 5 3 6 4 4 3 5 6 4 2 4 7 3
M[273] : 6 3 0 5 7 5 3 4 3 3 3 3 3 4 5 3 2 4 6 2 6 4 6 4 6 5 5 5 3 5 8 3 5 4 5 4 5 3 2 5 3 4 6 3 4 3 1 4 3 0 3 6 3 4 4 5 6 5 5 4 3 7 5
M[274] : 7 4 3 6 6 4 6 3 6 2 4 5 4 5 7 1 0 5 4 7 3 6 5 5 4 5 2 6 3 5 5 3 3 3 4 4 3 4 6 5 2 3 2 2 3 5 5 4 3 3 4 1 6 5 4 4 3 5 4 4 2 7 5
M[275] : 6 2 3 5 5 5 1 3 3 6 4 3 7 5 4 5 4 3 0 2 2 3 4 2 3 7 3 3 4 5 2 5 4 4 3 3 3 3 6 3 5 5 4 5 3 3 5 2 3 4 2 3 4 2 4 3 3 4 5 3 5 5 7
M[276] : 5 3 5 3 3 3 3 5 3 5 4 5 1 5 4 0 6 4 3 2 1 5 5 5 4 4 3 4 5 4 4 3 4 6 2 3 4 1 4 6 2 1 1 5 3 2 7 4 6 6 4 4 5 4 3 3 3 3 4 6 6 5 5
M[277] : 0 4 3 3 2 5 4 2 6 4 4 5 2 4 3 3 2 5 5 4 5 4 5 4 4 3 2 2 4 7 6 5 6 7 6 2 3 4 7 5 3 3 5 5 6 5 5 3 5 3 6 4 1 6 5 4 3 5 5 4 6 6 4
M[278] : 2 3 4 3 3 6 4 4 4 3 5 5 2 4 7 3 4 5 5 4 4 5 6 2 3 5 3 3 4 4 2 5 3 2 3 1 3 5 2 5 3 6 4 3 3 3 4 5 6 5 3 5 4 3 5 3 3 5 5 6 5 2 0
M[279] : 7 1 3 3 3 4 4 4 2 3 1 4 4 5 4 1 7 5 5 0 2 3 1 2 4 3 4 4 5 4 6 3 3 5 3 4 5 3 6 3 5 4 4 3 6 5 3 4 6 5 6 3 4 5 5 4 6 2 6 2 4 3 7
M[280] : 3 2 2 5 4 2 2 3 3 5 6 2 5 6 5 3 0 7 2 4 4 3 6 3 6 3 3 4 1 5 6 6 7 7 2 5 6 5 2 5 3 3 6 3 3 3 3 3 4 3 6 4 4 4 6 3 5 3 5 2 2 4 6
M[281] : 4 2 3 3 2 5 4 2 3 5 4 2 4 5 6 4 4 3 2 2 5 4 4 0 4 5 2 4 5 4 4 6 3 6 4 5 6 5 5 3 4 5 3 5 8 4 3 4 2 4 4 7 2 6 4 7 4 5 2 5 4 6 5
M[282] : 2 6 4 2 2 3 4 5 3 5 4 3 4 3 2 8 5 5 4 6 5 6 4 5 5 5 4 5 5 3 4 2 4 4 5 7 5 3 2 3 3 2 2 4 2 4 0 4 4 3 4 2 3 5 2 5 6 3 0 4 4 6 2
M[283] : 4 3 2 4 4 5 2 5 5 4 2 5 4 7 2 3 5 3 5 0 5 4 3 2 3 6 5 3 3 2 4 7 6 5 7 5 3 5 5 3 3 4 6 5 3 3 7 6 6 4 5 4 6 5 3 3 4 5 6 5 3 4 7
M[284] : 0 3 2 2 5 4 2 5 2 5 3 6 6 5 4 4 3 4 3 5 3 5 3 4 5 3 3 4 4 4 5 4 2 3 5 5 3 4 4 4 4 3 5 3 5 3 6 1 5 4 6 5 5 5 3 5 6 4 4 6 2 2 2
M[285] : 3 7 4 3 3 2 7 5 2 5 3 5 4 4 4 3 4 4 4 5 1 5 3 4 3 5 0 5 6 3 2 4 5 4 2 3 4 7 2 4 4 6 6 3 5 5 3 5 4 3 3 5 1 4 5 3 6 3 4 3 5 4 6
M[286] : 6 2 4 4 3 3 4 7 4 8 1 4 4 4 5 5 4 5 0 4 5 3 4 6 6 3 3 4 6 6 2 4 3 6 2 4 4 6 6 2 4 1 4 4 5 4 5 4 4 5 1 3 5 3 4 3 3 4 4 4 4 3 6
M[287] : 5 5 4 3 3 4 4 5 5 2 6 4 3 3 3 7 6 4 6 4 2 4 4 3 4 3 4 3 3 3 5 4 3 0 3 3 7 3 5 2 3 4 4 5 5 5 4 4 3 5 3 3 3 5 5 6 6 4 4 5 4 5 5
M[288] : 6 3 2 3 5 5 4 3 4 6 4 6 2 3 5 7 4 5 4 6 5 5 3 5 7 6 4 3 4 4 3 4 4 3 4 4 1 5 3 6 6 5 3 2 2 4 3 2 5 2 5 4 4 5 4 3 3 5 0 4 4 6 3
M[289] : 6 3 6 2 6 5 6 3 4 4 6 5 4 4 2 6 3 3 0 5 4 6 5 3 4 3 1 2 4 4 4 4 2 4 2 4 5 5 4 5 2 3 3 5 3 2 6 3 3 5 5 6 4 6 2 4 4 3 5 3 3 6 2
M[290] : 6 4 3 3 5 5 4 4 3 4 4 3 1 4 5 4 2 3 4 5 4 3 7 3 3 5 3 4 3 5 4 5 1 3 4 4 3 0 4 5 2 5 5 4 4 4 4 3 1 5 2 6 5 4 4 5 6 3 4 4 5 3 4
M[291] : 3 4 3 3 4 3 4 4 6 5 2 6 2 2 3 2 1 4 6 6 3 3 3 4 4 2 6 4 4 6 7 4 4 5 2 1 5 0 4 3 4 5 5 5 2 3 6 6 4 5 3 5 7 5 5 4 3 7 5 2 6 6 4
M[292] : 4 4 4 5 5 7 4 3 5 6 6 4 3 4 4 5 0 4 3 3 3 5 3 6 6 4 1 3 1 3 4 3 2 2 5 5 2 3 4 4 5 5 3 2 2 3 5 2 2 4 4 2 3 2 3 2 4 4 7 5 3 3 3
M[293] : 0 3 2 3 5 4 2 5 5 4 6 3 2 2 2 5 5 3 4 4 7 3 6 4 3 5 3 5 3 2 2 4 3 5 5 4 4 3 4 2 6 5 7 5 3 6 1 4 4 3 5 5 5 2 5 5 5 4 5 5 4 1 3
M[294] : 2 3 6 5 5 5 4 5 4 4 4 3 6 3 2 5 6 3 4 4 3 7 3 4 4 5 4 3 5 3 4 5 3 3 4 3 4 4 4 5 5 2 0 6 5 4 4 2 5 3 4 4 4 3 5 3 5 4 5 2 2 3 3
M[295] : 6 4 3 4 6 2 2 4 6 5 3 4 2 5 3 6 7 7 5 4 5 3 5 3 5 3 1 3 3 5 5 4 4 6 3 3 5 6 5 4 4 3 6 6 1 4 0 4 3 3 5 3 5 3 3 5 4 3 4 5 4 4 5
M[296] : 3 4 2 6 4 5 4 5 2 4 5 6 6 4 4 4 5 4 4 4 4 4 7 6 5 4 2 5 5 3 5 6 2 3 6 4 5 2 3 4 5 6 3 7 5 6 5 1 6 4 3 5 0 4 4 5 4 3 5 3 2 2 2
M[297] : 5 7 4 2 7 5 5 3 5 3 5 4 2 5 6 5 5 3 4 3 5 0 5 5 5 7 4 3 6 5 4 5 4 3 1 3 5 4 5 4 3 3 5 2 2 4 4 5 3 5 1 4 4 5 4 3 5 5 5 6 5 4 6
M[298] : 3 2 4 7 4 0 3 3 2 4 5 5 4 7 3 2 5 4 3 4 4 4 3 2 2 5 5 0 2 5 4 3 3 3 5 5 3 5 6 4 4 2 4 4 6 2 5 3 6 4 3 3 3 5 6 5 6 6 3 3 6 5 6
M[299] : 4 4 5 5 5 3 3 3 5 5 3 3 2 5 3 3 1 5 3 5 5 4 2 4 2 4 0 5 3 1 2 4 5 4 5 6 6 6 2 6 4 4 4 3 5 5 5 4 3 6 5 5 4 6 4 4 5 3 6 2 2 5 1
M[300] : 5 3 1 4 5 5 3 3 4 4 4 4 5 4 6 5 4 2 8 8 2 8 2 5 5 3 2 4 5 5 4 4 6 4 3 1 4 3 0 6 4 5 7 2 5 5 5 4 6 4 4 6 4 5 6 4 5 2 3 4 7 5 5
M[301] : 3 4 2 4 5 5 4 0 4 6 2 5 7 4 5 2 6 7 6 4 6 5 3 1 4 3 5 6 4 6 5 4 4 2 3 2 3 3 4 5 6 4 3 5 3 7 4 5 6 2 5 5 4 4 6 4 6 3 4 7 3 5 5
M[302] : 4 6 3 2 4 5 2 3 4 3 3 5 5 7 2 6 4 5 0 7 2 3 3 3 3 5 3 3 4 5 2 1 3 5 4 5 4 5 5 4 4 2 5 2 5 4 5 1 3 4 7 5 6 5 6 5 5 5 4 5 1 5 5
M[303] : 7 6 5 1 2 3 2 4 3 3 2 4 3 4 2 3 6 4 3 5 5 4 3 4 6 3 0 3 5 5 4 5 5 2 5 0 5 4 4 6 3 4 1 6 2 3 4 6 4 3 3 5 6 2 4 5 5 4 5 4 6 6 5
M[304] : 3 4 3 5 5 5 6 3 5 2 4 4 7 3 3 0 3 4 7 4 2 4 3 5 4 6 3 3 5 4 4 4 2 3 4 3 5 3 3 4 4 1 6 2 2 3 3 1 2 2 4 7 2 3 5 5 5 3 5 2 6 4 4
M[305] : 3 3 2 2 3 4 7 5 5 2 7 2 4 3 5 3 6 3 4 6 5 1 5 5 3 4 4 5 5 7 5 4 3 5 0 3 4 5 3 4 1 5 5 5 5 3 3 3 2 1 4 4 2 3 5 5 5 3 5 5 3 1 4
M[306] : 2 4 2 4 1 1 5 6 3 5 3 3 3 6 5 1 5 0 5 4 5 3 6 5 5 6 3 6 5 4 3 4 7 5 3 6 5 3 3 1 6 4 4 5 6 4 4 2 4 5 3 4 6 5 4 3 4 2 4 3 5 6 3
M[307] : 2 6 5 5 2 4 2 4 4 1 5 2 7 4 6 3 5 2 7 4 6 3 3 4 3 4 2 5 4 6 4 6 3 3 5 2 5 4 4 4 3 5 4 1 6 6 1 4 6 0 4 5 4 5 4 6 4 3 4 4 4 6 3
M[308] : 6 1 6 2 2 4 6 5 2 3 3 2 5 7 5 4 3 3 3 5 5 3 4 4 6 2 2 5 4 3 4 4 3 4 3 5 3 5 5 1 3 3 4 4 2 6 3 0 3 4 7 5 5 3 3 4 5 3 4 4 4 4 7
M[309] : 4 2 4 5 8 1 3 2 5 4 3 3 6 3 4 3 7 5 6 4 7 4 2 5 5 4 3 3 3 3 6 4 6 4 4 5 2 5 4 4 2 3 3 5 1 3 5 3 4 5 3 3 5 6 3 2 4 6 6 4 4 0 4
M[310] : 4 4 3 5 4 3 5 4 3 6 7 4 4 1 4 5 4 5 5 4 2 4 3 5 4 6 6 4 5 3 3 4 2 5 4 0 3 1 3 5 6 5 4 4 2 6 4 4 4 2 3 5 6 4 7 4 2 5 2 3 4 3 3
M[311] : 3 4 4 3 7 5 1 5 3 4 4 5 4 5 5 2 3 5 2 4 2 3 4 3 3 3 7 3 5 5 3 3 6 5 3 5 2 4 4 4 3 0 4 6 3 3 6 3 5 5 4 5 4 2 4 5 4 4 4 4 4 3 5
M[312] : 3 2 4 7 7 3 4 5 4 4 3 2 3 4 1 4 4 4 5 8 3 4 3 6 0 2 7 3 6 6 4 7 2 2 5 7 5 6 5 4 0 3 2 5 5 4 4 3 3 5 4 3 5 3 1 2 5 4 4 6 6 2 5
M[313] : 4 3 4 5 7 5 4 3 5 6 4 3 2 5 5 5 2 5 5 3 5 5 5 4 2 4 3 3 4 3 4 6 2 3 5 3 4 5 3 4 3 1 4 0 3 2 6 2 5 5 6 4 4 5 5 6 4 3 5 3 6 0 2
M[314] : 3 6 3 2 4 3 4 6 4 3 3 3 5 3 1 4 4 5 5 7 5 6 4 2 6 2 2 2 0 7 5 4 4 5 5 4 5 5 6 5 4 4 8 4 3 4 3 5 1 5 4 3 5 4 3 4 5 4 6 7 5 5 4
M[315] : 5 2 3 5 4 2 5 4 3 3 6 7 6 3 3 4 3 4 5 3 5 5 3 5 4 3 6 3 3 2 3 4 4 6 4 3 3 5 4 6 2 4 3 4 5 1 2 0 4 6 4 4 6 2 5 4 2 4 5 3 3 3 2
M[316] : 4 0 4 5 5 5 2 1 3 5 3 3 7 4 3 3 4 5 2 4 5 4 5 3 3 6 4 4 7 4 5 4 5 3 3 4 3 4 4 4 4 3 5 5 5 1 7 1 3 4 6 3 7 4 6 4 4 6 6 5 4 2 3
M[317] : 3 1 2 5 3 4 4 0 3 5 3 4 5 3 6 3 2 6 3 2 5 3 5 3 4 3 2 5 4 5 3 2 6 3 3 6 4 5 4 5 2 1 6 4 3 6 4 2 2 3 6 3 4 4 4 6 3 5 5 3 2 4 6
M[318] : 4 7 4 4 3 3 2 7 2 5 3 6 2 4 7 2 5 4 4 5 3 3 6 5 3 6 3 2 3 5 4 4 2 5 5 0 2 4 1 5 1 6 3 3 3 2 5 3 2 3 6 4 4 3 5 5 4 1 4 2 4 2 6
M[319] : 3 3 5 3 4 3 6 6 4 1 4 4 6 1 3 3 6 6 4 4 7 4 4 4 0 4 3 3 5 5 1 3 4 3 4 2 3 2 5 4 3 3 3 3 4 5 3 5 4 4 2 2 4 2 5 5 4 2 6 4 3 5 3
M[320] : 3 1 2 4 7 7 4 3 4 4 5 4 3 4 0 3 2 2 2 4 4 4 5 3 6 6 4 1 2 5 3 6 5 3 6 3 7 7 4 3 3 4 1 6 4 6 4 2 5 3 1 4 3 4 2 6 4 4 2 3 4 5 6
M[321] : 3 4 0 4 5 3 3 4 3 5 3 5 4 5 3 3 3 2 6 2 6 7 7 0 7 6 5 1 4 2 4 4 7 5 5 3 3 5 3 5 1 3 2 4 4 4 4 4 5 5 6 6 4 6 4 5 3 3 3 6 5 5 4
M[322] : 3 7 3 6 3 3 4 5 6 3 4 6 5 6 6 5 5 5 5 4 4 3 5 5 3 4 5 4 3 4 1 1 3 6 5 5 2 5 5 6 3 3 4 6 0 3 4 3 4 4 3 4 6 6 5 7 4 3 2 3 3 6 6
M[323] : 6 4 4 4 4 4 5 4 6 2 4 1 5 3 3 2 6 7 3 5 6 0 3 3 3 5 3 0 4 5 6 4 4 6 6 3 4 6 4 6 5 4 5 4 2 3 5 5 4 4 5 6 3 3 2 7 2 4 3 4 7 4 5
M[324] : 3 4 0 6 4 3 3 6 3 2 4 6 6 3 3 5 4 3 2 2 5 3 5 4 2 4 2 1 3 5 2 4 4 5 5 5 5 2 4 3 4 3 0 2 3 5 5 4 6 5 3 3 3 6 2 4 4 5 4 3 4 4 3
M[325] : 4 3 3 5 3 6 5 5 0 7 6 0 4 3 6 5 3 4 4 5 6 6 7 4 4 1 4 4 4 5 5 4 6 7 5 2 2 2 6 2 5 4 6 4 5 4 5 5 8 4 3 5 5 7 2 3 5 4 2 4 4 4 4
M[326] : 5 5 3 3 6 2 4 4 1 5 5 3 2 5 2 6 4 5 4 7 4 6 7 6 3 4 2 4 3 5 4 2 4 4 3 3 5 4 5 5 4 2 5 4 4 0 6 2 5 5 0 5 2 6 2 3 3 7 4 2 4 5 4
M[327] : 2 6 4 3 5 3 5 6 5 4 5 6 1 2 3 4 3 3 3 6 7 6 4 3 5 4 3 3 6 4 5 6 4 4 4 2 3 6 0 3 4 7 5 4 5 6 3 4 2 6 2 7 5 6 5 3 5 2 3 1 4 3 0
M[328] : 5 3 2 4 3 4 6 5 6 2 6 6 5 4 4 0 3 4 3 3 5 3 3 5 4 4 4 3 4 5 3 4 5 7 1 7 5 5 4 7 3 3 5 2 6 6 5 0 4 5 6 3 4 3 4 4 5 2 6 7 5 5 6
M[329] : 0 6 4 4 3 7 5 3 6 4 4 3 4 3 3 3 4 5 6 5 5 2 5 2 5 4 4 3 7 2 3 6 6 7 4 6 5 4 5 4 4 4 3 3 5 5 3 5 3 2 3 4 3 5 3 3 4 7 2 5 3 5 4
M[330] : 3 6 4 2 3 4 2 4 3 4 4 0 3 5 5 4 3 5 4 3 3 5 7 4 7 3 4 1 7 2 6 4 6 2 4 5 3 3 3 1 3 3 4 6 7 5 4 2 3 3 6 1 6 3 3 3 3 4 2 1 4 5 6
M[331] : 6 5 1 4 4 4 5 4 5 2 3 2 7 2 3 6 4 4 3 4 3 5 2 3 3 5 4 5 5 4 6 5 3 4 4 3 3 5 6 2 2 3 0 4 6 5 4 3 3 4 3 2 3 3 6 5 6 2 7 6 4 3 5
M[332] : 7 3 5 4 7 3 5 4 4 5 4 3 4 6 2 4 5 3 5 3 4 5 3 1 4 4 3 5 7 5 5 4 6 3 5 3 5 2 4 5 3 4 2 4 5 4 4 4 6 5 4 5 3 2 3 1 5 3 5 0 5 4 2
M[333] : 4 5 2 5 7 4 4 4 1 5 2 1 5 4 4 2 3 3 5 5 4 4 6 3 4 5 3 2 4 3 4 2 4 4 4 4 3 5 2 3 5 3 5 3 5 4 4 3 3 3 3 2 3 3 3 3 3 0 5 0 3 5 2
M[334] : 5 5 5 4 1 2 3 5 5 6 0 6 4 3 5 5 5 3 7 5 2 4 5 4 3 1 0 7 4 4 5 7 4 2 4 4 4 2 3 6 4 4 3 3 5 4 4 5 4 4 3 2 5 3 7 3 4 2 3 2 2 4 7
M[335] : 4 5 3 8 4 4 3 3 5 5 6 7 5 0 6 3 6 4 3 6 4 4 4 6 4 4 2 4 6 5 4 4 4 3 6 5 4 4 6 4 3 4 5 3 5 5 3 3 5 4 4 3 6 5 5 3 5 7 2 5 2 5 4
M[336] : 5 4 5 3 6 3 4 2 3 4 6 5 4 2 7 2 6 4 5 3 3 4 5 4 5 1 3 2 5 6 5 5 4 6 2 4 3 3 5 3 1 3 4 5 5 2 1 5 4 5 3 3 6 3 4 5 0 5 6 3 5 2 1
M[337] : 5 6 4 5 8 3 3 4 4 4 8 6 3 2 3 4 4 3 3 3 5 5 3 3 4 7 2 3 7 3 5 5 4 6 3 3 5 6 3 3 6 2 0 2 4 2 4 1 5 4 4 4 4 4 3 4 3 7 2 7 4 4 4
M[338] : 6 4 3 4 4 2 5 4 5 3 3 7 6 4 5 3 3 3 3 4 5 4 6 1 5 3 2 4 3 4 4 5 6 4 0 4 5 3 3 5 4 2 4 6 4 2 5 5 4 2 3 4 6 2 4 4 5 6 2 4 4 5 3
M[339] : 4 5 4 4 3 5 6 2 3 3 5 6 4 3 2 2 4 4 5 5 0 3 2 2 5 5 2 7 2 3 4 5 3 4 5 3 4 3 5 4 3 0 3 2 5 4 3 3 2 4 6 5 6 4 5 3 5 6 5 5 4 6 4
M[340] : 4 4 4 5 2 5 3 6 5 3 6 5 4 4 5 3 4 4 4 3 4 1 5 5 4 4 4 4 3 5 3 4 4 3 2 5 3 3 4 3 3 2 4 2 2 4 5 2 4 3 6 6 0 6 3 4 3 4 4 2 5 3 5
M[341] : 5 7 3 7 4 3 3 5 5 4 4 4 3 4 2 0 2 1 5 5 4 1 6 4 6 5 4 3 3 4 4 3 3 4 4 5 3 5 5 5 5 4 4 3 3 5 6 4 6 5 4 3 6 6 6 4 6 7 3 3 3 3 3
M[342] : 5 4 3 4 3 4 0 2 2 4 1 5 5 5 4 6 4 4 2 6 5 4 6 4 3 6 4 2 4 2 5 4 5 4 6 5 6 3 5 6 4 5 6 3 1 3 1 4 5 3 5 3 2 5 2 3 6 5 5 5 6 5 3
M[343] : 5 5 3 7 5 2 3 3 3 5 7 8 2 6 5 8 2 2 6 6 5 5 4 3 2 5 4 3 4 2 4 5 5 3 3 5 6 5 2 8 5 6 5 4 4 5 0 3 3 3 3 3 3 2 4 3 4 4 8 3 6 3 2
M[344] : 5 5 5 2 4 4 2 6 6 4 2 5 5 2 4 3 2 3 6 0 4 6 4 5 0 6 3 2 3 4 4 3 4 4 3 5 3 2 4 4 4 4 3 3 5 5 5 4 2 5 4 7 6 4 3 3 4 4 5 5 6 4 2
M[345] : 2 5 5 4 4 4 3 3 2 4 6 2 5 1 4 4 4 4 6 4 5 4 4 6 4 6 4 2 4 3 7 2 4 5 6 0 2 2 4 6 3 2 5 4 4 3 5 4 7 3 3 5 6 5 2 6 3 3 6 4 2 4 4
M[346] : 5 3 4 3 4 5 0 3 5 2 5 2 3 4 4 3 3 4 1 4 3 1 4 3 3 2 2 4 2 2 4 5 5 3 2 3 2 7 2 4 1 3 4 5 6 4 4 4 3 4 5 7 5 5 4 1 2 6 5 5 4 3 4
M[347] : 4 2 1 5 3 2 6 3 4 2 0 3 3 4 4 5 5 4 4 6 6 4 3 8 4 3 3 6 6 6 5 4 5 6 4 4 5 3 4 3 5 2 4 2 4 5 4 4 3 3 3 3 3 3 5 4 4 5 8 2 4 5 2
M[348] : 2 5 5 0 5 3 4 5 3 2 4 2 2 8 3 3 5 5 4 3 5 5 6 5 3 3 4 3 5 3 5 6 6 4 4 2 6 4 4 4 3 4 5 4 5 5 3 6 5 5 5 3 4 4 3 4 2 6 6 5 5 3 3
M[349] : 2 3 5 5 4 4 3 4 4 4 5 3 4 5 3 6 5 2 4 6 4 3 4 4 5 4 6 5 3 3 4 6 2 4 3 3 5 5 4 4 2 4 5 4 5 5 4 3 4 3 6 4 4 5 5 3 5 7 0 3 6 3 6
M[350] : 0 5 2 2 5 7 0 6 5 4 4 4 4 3 4 2 5 4 1 4 5 5 5 5 3 6 4 3 4 5 5 3 5 1 4 4 3 2 3 2 4 1 3 5 5 6 0 3 3 6 3 4 4 6 5 2 4 5 5 4 5 3 3
M[351] : 2 5 5 4 4 3 3 3 5 6 5 3 4 1 2 3 3 5 5 3 3 6 3 2 2 5 1 5 4 4 6 5 4 6 2 3 3 3 3 3 3 1 4 4 2 6 2 3 1 0 5 3 3 2 3 3 6 3 2 6 5 6 2
M[352] : 2 5 3 4 4 4 4 2 5 4 5 4 6 7 5 7 4 3 6 5 2 5 3 2 3 5 3 5 4 5 4 2 5 4 3 4 6 5 5 4 0 5 6 5 6 6 6 1 4 5 4 6 7 0 2 4 2 3 5 2 6 5 4
M[353] : 4 3 4 5 6 2 3 5 4 3 3 6 4 5 3 5 4 6 2 4 3 4 4 5 3 2 5 4 5 4 5 4 2 2 5 4 4 5 2 5 6 3 6 6 6 3 4 6 6 4 5 2 6 3 0 4 4 4 3 6 4 6 5
M[354] : 2 1 5 5 4 3 5 0 3 4 2 5 3 4 5 4 4 4 5 4 4 5 5 3 6 6 1 5 3 5 3 5 6 5 4 2 6 2 4 5 5 4 3 4 5 7 4 4 6 5 4 4 4 4 6 4 4 4 5 3 2 5 6
M[355] : 4 6 4 2 0 4 4 5 6 3 4 4 3 3 4 6 4 3 3 5 2 3 5 4 5 5 6 5 7 4 7 5 3 3 4 2 3 4 5 4 3 2 3 5 7 1 5 1 3 5 2 4 3 6 0 5 5 5 2 4 2 4 3
M[356] : 3 2 3 3 2 4 4 3 3 3 3 2 2 3 5 2 3 4 1 6 4 6 6 4 2 5 5 6 2 4 6 6 4 1 5 7 5 5 3 4 3 3 4 3 7 5 6 2 3 2 6 4 0 6 5 4 3 4 4 3 3 5 4
M[357] : 3 4 6 5 5 7 3 3 6 6 0 5 6 2 3 6 4 5 4 3 4 5 3 6 1 4 2 2 5 3 6 4 2 6 5 4 2 4 5 5 3 5 4 3 4 6 4 4 3 1 3 4 3 7 4 2 3 2 4 4 2 3 4
M[358] : 1 2 3 3 4 0 6 3 3 4 4 4 4 2 1 5 4 5 2 5 6 7 5 7 5 6 3 5 4 5 5 5 2 4 4 5 3 6 0 4 3 5 3 4 5 4 5 4 3 3 6 7 2 2 6 6 7 6 4 5 4 4 5
M[359] : 5 3 5 6 5 3 5 2 4 4 6 5 3 5 3 3 3 4 5 6 4 7 5 5 3 4 4 5 5 3 3 6 3 6 4 5 5 3 3 4 0 1 7 4 3 4 1 4 3 3 6 3 4 4 4 6 6 0 2 3 3 5 5
M[360] : 4 6 4 3 5 3 3 3 3 3 4 6 1 5 5 3 3 5 2 5 3 4 4 4 2 3 4 6 7 5 4 5 6 3 4 3 4 5 4 3 2 3 3 3 3 3 5 4 0 6 4 2 4 4 2 3 3 3 2 4 5 8 4
M[361] : 7 5 4 6 5 4 2 4 5 3 5 6 7 3 5 5 2 4 5 6 6 6 4 0 6 5 4 3 3 4 5 5 2 3 4 4 6 2 4 5 3 4 2 2 3 3 5 4 3 4 1 6 5 5 6 4 3 3 6 2 2 5 6
M[362] : 3 4 5 5 5 7 6 6 4 5 6 5 6 6 0 0 4 4 5 2 1 6 3 4 3 5 5 5 2 6 5 4 5 4 5 6 5 5 4 3 6 2 3 4 4 5 7 4 5 1 3 4 4 4 3 2 6 4 5 3 5 7 6
M[363] : 5 5 2 5 2 4 4 3 3 3 5 5 5 4 2 3 5 2 5 5 4 5 3 4 4 5 4 4 4 2 4 6 3 4 3 2 4 4 5 5 3 7 5 3 2 4 4 3 5 4 0 4 4 3 2 4 3 5 6 5 5 5 6
M[364] : 5 5 4 3 4 5 1 3 4 5 2 6 5 4 3 6 3 4 3 2 5 4 2 3 3 5 5 4 0 6 3 2 4 6 5 4 2 4 4 2 4 6 5 4 2 7 5 3 7 5 5 6 2 5 5 4 5 4 6 8 3 2 2
M[365] : 0 2 5 5 5 3 3 3 5 3 4 5 4 4 5 3 5 4 7 5 3 2 3 6 3 4 6 6 5 2 4 2 7 3 2 3 6 4 6 2 2 2 4 5 4 1 5 2 6 3 4 6 4 2 6 4 2 6 2 6 3 0 3
M[366] : 6 5 5 6 5 5 1 4 7 4 2 3 6 5 4 4 6 3 5 5 5 5 5 5 6 4 5 3 4 3 4 3 4 3 8 3 3 2 4 5 2 3 7 2 0 7 3 2 5 3 3 2 4 5 3 5 3 4 3 3 5 5 4
M[367] : 6 4 5 6 2 5 5 5 6 4 3 2 3 4 5 2 4 5 2 6 4 6 4 4 6 3 5 4 5 1 5 4 6 6 5 3 4 7 4 3 4 3 1 3 5 4 3 0 3 4 4 4 5 3 4 4 2 5 2 4 5 2 3
M[368] : 2 3 4 3 4 4 3 3 5 2 4 3 2 4 4 5 4 6 6 4 4 4 3 4 4 4 4 4 7 4 3 2 3 0 3 3 3 4 5 6 5 3 4 3 5 5 5 4 3 3 5 3 5 4 2 5 5 3 6 5 3 5 2
M[369] : 3 6 4 3 6 6 3 5 5 5 4 1 4 1 5 5 3 3 4 5 4 5 3 5 4 3 2 3 5 7 5 5 4 3 4 2 2 4 4 4 7 4 4 0 3 2 8 4 4 4 6 4 6 5 7 4 6 4 3 6 3 2 5
M[370] : 8 4 3 7 3 1 4 0 5 4 4 3 5 2 2 3 4 3 6 4 4 4 1 5 5 1 4 4 5 3 5 3 5 3 5 3 3 4 5 2 3 4 5 3 2 3 6 4 4 5 3 5 5 4 5 1 3 4 3 5 6 4 4
M[371] : 4 4 1 2 4 1 3 6 5 5 2 3 4 6 4 5 3 5 8 3 3 3 4 3 5 5 6 0 3 3 5 2 4 4 3 3 5 5 2 5 5 1 5 5 4 5 4 5 6 5 4 2 5 2 5 5 2 2 3 6 4 4 6
M[372] : 5 5 4 4 4 6 5 5 4 3 3 2 2 5 6 3 2 3 4 3 3 3 5 5 3 5 4 6 5 4 1 3 7 5 6 5 5 1 2 5 4 4 4 6 3 5 3 4 2 1 4 4 6 3 0 7 1 5 0 4 4 6 6
M[373] : 4 4 3 4 6 0 6 2 0 6 3 3 3 3 3 5 4 5 6 3 3 4 4 4 3 5 2 3 4 5 5 3 3 5 4 4 4 5 3 5 5 3 5 5 4 3 2 6 4 4 3 7 2 2 6 4 6 5 4 6 3 6 5
M[374] : 6 3 2 6 2 3 5 4 2 4 6 6 7 4 5 4 5 2 5 6 5 3 5 4 5 5 3 2 2 5 5 0 5 2 2 3 4 4 4 5 2 5 5 6 4 6 4 4 6 3 5 5 2 5 5 3 3 4 3 4 2 5 4
M[375] : 4 5 2 4 4 5 2 3 1 6 5 6 2 5 4 4 5 5 3 7 4 2 3 4 5 3 2 5 4 5 2 3 4 4 5 4 3 7 3 3 5 3 4 7 3 4 4 5 6 4 5 6 0 1 5 3 3 4 4 2 4 1 3
M[376] : 3 3 5 6 2 3 3 6 5 4 4 2 5 5 5 5 5 5 4 3 4 3 4 4 2 6 1 5 3 3 6 4 2 1 4 3 2 2 5 2 3 3 5 3 5 5 3 3 3 6 4 5 4 6 5 2 4 3 3 3 5 3 0
M[377] : 5 6 2 5 4 5 5 3 2 1 5 3 5 5 4 4 4 5 5 2 6 5 3 2 5 3 4 4 4 3 2 4 5 6 0 5 4 5 3 4 4 5 4 4 5 4 4 4 3 3 0 4 6 2 5 3 5 8 1 4 4 5 4
M[378] : 5 3 3 4 6 6 5 3 5 6 3 5 4 4 3 4 3 5 7 7 5 6 3 5 4 3 3 4 5 2 5 4 2 3 4 3 4 3 7 3 5 5 4 4 5 4 4 3 4 5 3 2 6 2 6 5 3 1 2 0 4 4 6
M[379] : 7 5 1 4 5 6 4 4 5 4 7 4 4 2 6 3 6 5 2 3 3 3 2 5 3 4 3 7 0 5 4 4 3 2 5 6 4 2 5 3 4 4 3 3 8 2 6 5 5 3 2 4 2 4 4 3 3 3 2 6 5 1 5
M[380] : 5 7 2 5 5 5 2 5 3 6 4 2 5 5 5 4 4 5 6 5 5 4 3 3 4 0 4 3 4 5 6 2 3 3 4 5 4 4 0 4 4 5 2 7 4 5 3 1 4 4 3 3 5 2 4 6 4 3 5 6 3 5 2
M[381] : 3 3 2 4 4 3 4 4 4 4 3 2 1 4 3 6 4 5 5 3 2 4 5 4 3 6 4 4 3 5 5 3 5 4 3 5 3 4 7 5 3 5 6 5 3 5 4 4 4 5 6 5 2 4 3 4 4 4 0 6 3 4 3
M[382] : 5 3 3 4 3 2 4 3 4 3 3 5 4 6 0 3 3 8 1 3 4 4 4 5 3 0 0 3 3 2 5 5 2 7 5 5 5 3 4 5 3 2 4 4 5 3 5 3 7 4 3 4 3 4 6 7 3 1 2 3 6 3 4
M[383] : 6 5 4 3 4 3 5 5 4 4 5 3 5 3 6 6 4 4 4 5 3 2 5 2 0 4 4 4 2 3 4 4 2 6 4 4 7 5 5 4 3 4 2 5 4 4 5 5 5 1 4 4 4 2 1 5 4 5 2 5 7 4 5
M[384] : 3 2 4 5 3 5 3 4 6 3 1 5 5 3 4 4 3 5 2 4 4 5 3 2 5 6 4 2 6 3 7 5 4 3 3 5 1 3 6 3 3 0 3 4 3 4 3 3 3 2 4 2 4 5 5 5 7 3 4 5 7 4 7
M[385] : 2 5 5 3 4 3 6 4 7 4 2 6 3 3 5 5 3 5 5 5 2 5 2 3 6 5 2 4 4 3 4 5 6 4 4 5 4 4 4 6 5 6 1 3 5 4 3 5 4 5 5 4 5 5 5 7 7 4 2 3 0 5 2
M[386] : 4 4 3 4 6 1 3 3 3 4 3 4 3 4 2 4 4 5 3 4 5 3 5 4 0 4 5 4 5 4 4 4 4 6 5 5 2 5 2 3 2 3 5 4 2 3 5 4 3 3 1 2 5 3 4 5 6 3 4 2 3 5 4
M[387] : 3 5 3 4 4 4 3 5 6 5 3 4 4 4 6 4 5 3 4 3 4 2 3 5 5 3 7 2 2 3 5 4 5 6 4 3 3 8 4 4 4 4 6 5 2 5 5 2 4 4 4 4 1 4 2 5 0 5 3 4 5 6 3
M[388] : 6 4 6 4 6 3 4 2 3 3 2 0 4 2 6 5 3 1 4 4 5 3 2 3 4 2 3 6 5 3 2 2 2 3 4 4 4 3 1 4 4 1 4 3 6 4 5 3 4 5 5 3 2 4 5 6 7 4 3 6 5 5 4
M[389] : 5 2 4 4 2 4 5 4 5 5 5 3 5 2 4 3 6 2 4 3 1 4 3 5 5 4 1 5 5 4 4 5 3 5 4 2 4 5 4 2 4 3 6 3 3 6 3 2 4 0 2 4 2 5 3 4 7 5 4 5 5 3 4
M[390] : 5 6 0 4 1 4 2 6 5 5 6 5 3 1 3 5 2 5 2 6 5 5 6 5 6 6 4 2 1 3 4 1 3 5 4 5 4 5 3 3 6 3 6 4 3 5 6 4 4 5 1 4 4 5 2 6 4 5 5 3 4 4 4
M[391] : 2 5 3 4 4 4 4 4 2 3 4 4 5 1 2 6 3 5 3 4 4 3 5 4 4 1 0 5 4 4 4 6 2 6 5 4 4 5 5 4 2 3 4 4 3 2 3 3 4 0 4 3 3 4 6 5 6 2 4 4 4 4 3
M[392] : 1 5 5 5 6 0 6 7 4 3 3 0 7 6 5 1 7 3 7 4 7 1 4 3 5 6 4 3 4 2 4 5 3 5 2 5 5 7 1 2 5 5 2 1 3 3 4 2 4 4 1 5 5 3 5 5 4 3 4 4 3 4 4
M[393] : 3 2 1 5 5 3 0 6 4 3 5 4 5 4 5 5 6 5 7 3 6 4 4 3 4 6 4 2 4 5 5 5 3 6 5 2 4 4 4 4 2 3 6 1 6 4 3 4 0 4 4 4 6 5 2 5 7 1 3 4 3 5 3
M[394] : 3 2 5 6 6 3 7 6 2 5 6 5 3 3 3 3 3 5 4 2 3 2 3 5 4 5 3 4 4 3 3 5 2 2 4 5 5 1 5 6 0 3 5 5 3 3 6 4 3 2 4 3 4 3 2 6 5 4 5 4 6 3 3
M[395] : 2 4 3 3 5 4 6 1 2 3 2 7 2 2 4 3 5 4 1 3 5 4 6 6 3 1 5 5 4 5 2 5 2 3 5 1 3 0 6 4 6 4 4 3 6 3 3 6 5 4 5 3 3 4 4 6 3 5 3 4 4 5 2
M[396] : 5 3 2 2 2 2 3 5 6 5 5 6 4 4 3 6 5 5 0 5 4 5 5 4 5 5 5 4 3 2 4 4 4 2 6 5 7 1 7 3 5 2 5 6 5 4 3 3 6 5 2 7 5 6 4 1 2 2 6 5 4 5 5
M[397] : 4 4 3 4 6 5 4 5 0 6 4 2 3 5 2 4 4 3 3 3 3 5 3 6 6 5 2 5 6 5 2 3 6 3 4 5 2 5 3 6 3 3 6 6 5 6 4 3 2 4 2 4 3 4 0 4 2 5 6 2 4 6 4
M[398] : 5 5 3 2 4 5 4 6 4 3 0 8 6 3 4 3 2 1 2 2 0 4 6 3 5 3 4 3 3 3 4 6 4 3 5 5 4 6 6 3 4 2 6 5 3 4 5 4 3 5 8 2 3 1 5 3 4 5 5 3 5 6 3
M[399] : 3 3 4 5 5 3 5 3 4 4 6 4 4 4 3 6 6 3 5 5 2 3 6 4 2 4 4 6 3 3 0 4 3 5 4 5 8 4 6 4 4 3 6 4 2 5 5 3 3 2 5 4 3 6 3 5 4 6 4 6 4 4 3
M[400] : 5 6 4 6 5 3 5 5 4 3 3 3 4 4 3 7 6 5 3 2 4 4 3 2 5 3 3 5 4 3 5 3 6 4 4 4 3 2 3 4 7 4 6 5 2 5 3 1 3 4 3 4 3 6 5 5 4 6 4 0 5 3 4
M[401] : 5 4 2 5 2 4 3 4 6 3 4 5 5 4 4 5 5 3 4 5 5 0 4 5 3 2 6 4 2 6 6 2 2 5 4 1 5 4 6 5 4 2 2 4 4 4 4 6 4 6 4 4 5 6 3 2 2 5 5 2 6 5 3
M[402] : 3 4 5 4 4 7 4 3 6 2 5 3 4 3 5 3 2 3 6 2 5 6 4 4 4 5 5 7 3 3 3 5 5 4 5 2 3 0 3 4 1 3 4 5 5 4 4 6 4 5 5 4 3 2 4 3 7 4 4 0 4 3 3
M[403] : 4 2 5 2 4 2 4 4 5 6 7 4 3 6 3 2 1 4 3 3 4 5 4 5 5 5 3 5 4 0 4 5 1 5 4 2 4 6 5 5 4 2 4 5 5 4 2 2 4 5 5 5 4 5 6 5 5 5 2 5 3 1 4
M[404] : 1 2 3 2 3 5 6 3 3 5 3 6 5 6 3 4 2 4 5 5 5 7 2 3 5 7 5 4 4 6 5 3 5 5 2 4 3 5 1 3 1 2 2 4 0 4 3 5 5 4 5 0 5 5 5 6 4 4 2 7 2 5 4
M[405] : 5 3 4 6 5 4 4 5 5 4 7 3 5 3 5 0 4 6 3 2 8 5 2 5 3 2 4 3 3 3 4 5 5 4 5 3 5 4 5 3 4 2 4 5 3 3 5 4 2 5 4 6 1 3 3 6 4 3 5 4 3 4 2
M[406] : 5 3 3 4 4 3 4 5 3 2 5 2 4 4 6 4 1 3 4 3 4 3 4 4 4 5 3 4 6 4 6 5 5 3 4 3 6 5 4 5 1 5 4 6 6 0 2 4 4 4 3 5 6 3 4 4 2 3 6 6 7 4 4
M[407] : 3 5 6 3 5 2 4 4 3 6 4 4 4 3 3 3 5 5 5 5 4 4 5 3 5 0 4 3 3 6 4 4 5 4 3 4 4 2 5 5 4 3 4 4 4 5 4 2 4 4 3 4 6 5 1 2 5 3 5 3 5 5 5
M[408] : 3 5 3 1 5 1 3 6 6 2 6 3 1 6 3 5 5 4 5 4 5 2 6 0 4 2 4 6 2 2 4 3 4 3 4 3 4 5 5 5 5 3 6 4 5 4 4 2 5 4 6 3 4 4 3 4 0 4 4 1 3 2 3
M[409] : 6 5 4 4 3 5 3 7 4 3 2 3 7 3 4 6 3 4 5 6 5 7 3 5 5 6 2 4 5 5 4 4 6 4 4 5 3 4 5 6 4 4 6 6 4 6 3 3 5 0 4 7 1 6 4 7 2 6 4 4 5 4 5
M[410] : 4 3 2 4 2 5 4 4 4 5 4 4 5 5 2 5 2 6 3 2 6 4 2 5 3 5 4 5 5 5 4 3 3 5 4 3 6 6 5 5 5 4 2 5 3 6 5 2 6 0 6 6 6 4 4 5 2 2 4 4 3 5 6
M[411] : 2 4 4 2 5 4 3 6 4 2 4 4 1 3 3 6 5 3 5 4 4 4 3 6 0 5 1 4 4 4 2 4 5 8 3 3 2 4 5 6 4 2 4 5 7 6 4 3 3 5 5 2 4 4 4 4 4 6 3 7 4 4 5
M[412] : 2 3 3 4 5 5 2 4 4 3 6 7 4 3 3 3 5 5 0 4 5 1 5 4 3 4 4 4 3 3 3 5 4 6 4 5 5 3 5 4 4 2 4 4 4 3 3 3 4 3 4 4 3 4 4 4 2 4 3 3 3 5 3
M[413] : 3 0 5 2 6 3 4 4 6 5 3 4 7 5 4 5 2 5 5 4 7 3 2 5 5 5 4 3 4 3 4 3 4 2 2 5 4 5 4 4 6 4 2 3 4 5 4 4 4 5 6 6 3 5 5 5 4 3 5 3 2 3 5
M[414] : 6 5 1 4 0 4 5 4 8 6 5 6 4 2 4 4 5 3 6 5 4 2 1 2 5 4 1 4 3 3 4 4 3 3 4 5 3 5 4 4 6 3 5 4 3 3 4 3 3 2 4 3 5 5 3 2 4 6 4 4 4 5 5
M[415] : 2 4 2 3 5 4 2 4 4 5 5 4 4 4 5 6 6 6 3 4 4 2 5 5 5 2 5 0 3 5 4 4 2 3 5 4 3 4 0 4 2 6 3 5 4 6 4 4 3 5 0 5 5 4 2 4 2 4 4 2 5 5 4
M[416] : 3 2 5 4 5 7 5 7 3 6 4 5 5 4 5 3 4 5 5 2 3 4 6 3 3 3 4 4 6 6 4 2 4 7 6 4 3 3 4 3 4 6 3 3 4 4 6 4 3 6 2 6 5 4 5 4 4 4 0 2 7 5 2
M[417] : 3 6 5 2 5 5 3 6 4 7 5 5 6 3 6 5 6 3 2 5 6 4 4 6 5 4 2 3 5 6 1 2 5 2 6 5 4 4 2 3 4 2 1 4 5 2 0 2 4 3 6 5 5 3 4 1 2 3 4 3 6 6 4
M[418] : 2 4 4 3 2 4 4 3 5 4 7 5 5 5 4 3 4 4 2 1 4 4 3 6 5 4 4 3 7 3 5 4 4 4 4 3 0 3 3 6 6 2 3 5 3 7 7 6 2 3 3 3 4 3 5 4 5 6 4 4 4 2 2
M[419] : 5 2 3 4 5 4 3 3 4 5 5 5 6 4 4 6 3 5 4 1 4 7 5 5 3 5 3 6 3 6 5 4 3 4 3 4 5 2 5 4 6 4 6 4 0 5 4 3 5 3 5 5 2 5 3 5 4 7 3 4 5 4 6
M[420] : 5 3 3 3 4 3 6 2 4 4 3 7 5 4 5 4 3 4 4 4 4 3 4 3 5 6 4 2 5 3 6 4 5 4 5 3 7 1 6 7 3 5 2 5 5 6 6 5 3 5 4 4 4 3 4 4 0 4 5 4 4 2 5
M[421] : 6 3 2 2 4 3 5 6 4 3 5 4 6 1 2 6 3 3 5 2 4 4 5 5 3 4 3 6 4 7 1 3 6 5 1 5 2 5 3 5 4 0 4 5 6 6 3 3 4 5 4 3 4 4 7 4 5 4 6 6 4 1 3
M[422] : 6 5 4 4 4 3 3 5 5 3 3 6 4 6 2 3 6 3 4 5 7 4 2 2 3 4 3 3 4 5 5 5 6 2 2 3 4 5 5 3 6 4 4 6 3 5 4 6 5 4 0 3 5 4 5 2 5 3 4 5 4 5 4
M[423] : 3 2 4 4 4 4 2 5 4 5 4 2 4 7 3 6 3 5 2 3 3 4 4 5 5 4 4 5 4 4 7 0 6 5 5 4 5 4 5 4 4 3 3 3 2 4 5 3 4 4 3 3 4 4 3 2 4 4 5 6 5 2 4
M[424] : 1 3 2 0 3 2 1 4 7 5 5 3 3 5 4 5 6 5 5 6 2 2 5 4 4 7 4 3 6 5 1 6 5 4 6 6 4 4 2 3 3 2 5 5 2 5 5 5 4 5 4 5 6 3 3 5 3 5 3 4 5 5 3
M[425] : 4 3 6 4 4 4 2 4 4 5 4 6 4 3 5 3 3 6 6 4 3 5 0 3 3 5 3 5 4 5 4 6 3 2 2 5 2 4 2 3 5 3 1 0 4 5 5 3 4 0 3 6 4 4 5 5 3 4 2 7 4 6 4
M[426] : 2 0 3 3 3 5 4 3 5 0 3 2 3 3 4 5 4 5 3 5 4 5 3 5 4 2 6 3 4 5 3 5 4 4 3 7 4 3 6 5 5 3 5 5 4 8 6 1 5 5 3 5 4 3 2 6 6 4 3 4 5 3 6
M[427] : 4 2 4 4 2 4 4 0 5 2 6 3 6 2 4 6 8 5 5 6 3 3 4 4 4 4 5 2 4 6 2 3 7 4 6 5 4 3 4 4 7 3 4 4 4 2 4 6 4 6 4 4 4 4 5 6 4 4 5 5 3 4 3
M[428] : 5 5 3 6 3 5 5 3 4 5 3 6 3 3 6 3 2 5 5 5 6 5 5 4 4 5 3 6 5 6 2 7 5 5 3 6 5 5 4 6 5 3 6 2 4 5 4 2 6 4 4 0 5 5 6 4 5 4 4 5 3 4 3
M[429] : 3 4 5 3 2 5 4 1 4 3 4 2 5 4 5 3 3 4 4 5 3 3 6 4 4 6 4 6 4 6 4 7 5 3 4 4 5 3 2 4 6 4 2 3 5 6 5 4 3 6 7 4 4 4 5 7 7 3 7 6 0 4 4
M[430] : 3 3 5 4 6 2 4 4 2 3 4 4 3 3 5 5 4 4 4 5 3 3 3 7 5 4 4 4 4 4 4 3 3 3 5 0 5 2 4 6 3 2 2 5 6 4 3 2 0 3 4 4 3 5 4 3 3 5 8 4 5 3 2
M[431] : 1 5 2 4 5 0 4 3 5 3 6 5 6 4 4 2 4 5 5 3 4 5 6 7 2 4 3 4 3 5 3 2 5 5 4 4 5 4 2 5 0 2 3 2 4 3 2 3 3 7 4 3 6 1 5 4 5 3 3 5 4 3 6
M[432] : 2 4 3 5 5 4 3 6 4 6 2 6 4 3 6 5 2 8 4 5 4 5 4 3 1 6 2 4 5 2 3 5 2 4 3 3 7 3 6 5 5 3 2 4 4 3 5 3 0 8 6 6 2 4 4 3 6 3 7 4 5 4 6
M[433] : 2 5 3 3 5 5 5 5 2 3 5 5 4 3 5 4 4 6 2 4 0 6 5 5 5 3 6 3 6 5 7 3 3 5 4 6 3 5 3 2 3 2 4 5 2 5 3 1 5 3 4 4 4 3 2 4 5 4 3 4 4 4 5
M[434] : 5 3 5 4 3 5 3 4 4 4 4 5 5 5 5 4 5 4 3 3 4 0 4 3 3 7 4 4 4 3 4 7 6 5 4 4 5 5 4 3 5 3 4 3 5 3 7 7 5 6 3 3 4 4 6 4 3 6 5 5 3 4 5
M[435] : 5 4 5 3 3 3 5 5 5 5 4 6 2 3 4 5 5 5 5 4 2 6 6 6 2 6 6 2 4 3 5 4 3 3 4 4 2 3 3 5 3 4 4 6 5 4 6 3 5 5 2 5 4 0 5 5 3 4 2 4 3 6 7
M[436] : 3 4 4 4 4 2 5 4 5 5 5 5 0 5 4 4 5 3 5 2 6 2 6 4 4 4 3 3 3 1 3 5 7 3 6 4 4 3 6 6 4 4 5 4 6 5 4 3 2 4 5 5 6 4 3 4 3 5 5 4 5 5 4
M[437] : 5 4 2 5 4 3 4 4 4 3 5 5 4 4 4 3 4 6 2 6 5 3 5 3 3 3 4 5 6 4 4 0 6 5 3 3 5 6 4 6 2 3 3 4 5 6 4 3 6 6 6 2 4 4 3 3 4 4 3 4 5 4 6
M[438] : 1 3 2 6 2 5 4 3 6 5 6 5 3 0 2 6 3 4 3 3 3 4 5 5 3 5 4 4 4 5 4 3 4 6 5 2 5 4 5 5 3 4 4 2 6 3 5 5 3 2 7 3 5 4 5 3 6 4 7 3 1 3 3
M[439] : 4 7 5 4 7 4 6 4 5 4 2 5 4 2 5 5 2 0 6 3 4 6 4 5 3 4 7 6 3 2 3 4 4 5 7 7 5 5 5 3 6 3 4 5 1 6 3 3 7 5 6 7 2 6 4 5 3 4 6 4 3 3 7
M[440] : 2 3 4 7 0 4 5 3 6 4 4 6 5 6 3 6 4 4 6 5 5 5 2 6 5 3 1 6 5 3 3 3 4 4 5 2 4 4 5 5 5 5 5 3 3 5 5 2 3 4 6 3 5 3 4 7 5 4 6 5 4 6 5
M[441] : 5 2 3 5 6 3 6 6 5 7 3 5 4 6 0 4 3 5 7 3 4 3 5 4 3 5 3 3 6 5 3 2 2 6 5 6 3 6 4 2 4 2 4 4 3 5 2 5 5 3 4 5 5 3 4 5 6 4 3 1 7 7 6
M[442] : 3 5 5 3 4 7 2 1 2 6 1 5 1 4 6 3 4 5 2 4 5 2 7 6 3 3 4 4 3 7 4 3 5 3 6 4 4 0 6 7 6 2 5 3 4 3 5 6 3 6 2 6 4 3 3 4 4 3 4 1 2 3 4
M[443] : 7 4 4 4 4 6 3 5 1 1 1 4 2 3 7 6 5 3 1 1 3 4 5 3 5 5 2 5 2 5 5 2 4 3 6 5 3 1 5 6 7 3 6 4 4 3 4 3 0 5 3 7 6 3 4 1 3 2 5 3 2 4 2
M[444] : 5 4 3 1 1 6 4 7 6 5 1 5 3 7 6 4 4 3 2 5 4 5 4 3 4 4 3 4 3 3 7 2 4 5 5 3 4 5 5 4 5 5 4 5 4 3 1 3 6 3 3 4 5 6 3 7 0 7 4 3 6 5 4
M[445] : 5 3 5 4 3 3 4 5 4 3 3 3 4 4 2 5 2 5 5 4 5 3 6 4 4 6 5 4 3 4 5 4 6 3 4 3 2 8 6 5 3 4 4 4 3 3 4 2 5 3 2 0 7 4 3 4 8 3 3 4 6 5 3
M[446] : 6 6 3 3 4 3 4 5 4 5 6 3 2 4 5 4 2 4 7 7 2 6 4 1 4 6 4 3 6 3 5 6 2 4 2 4 5 4 0 3 4 2 3 3 4 6 4 4 7 5 2 4 2 6 2 5 5 4 6 2 3 2 4
M[447] : 5 5 6 5 3 4 5 3 4 0 5 5 3 4 3 4 4 3 4 5 4 3 6 2 4 5 1 4 6 4 3 5 4 5 3 5 4 5 5 4 5 2 5 4 4 2 6 3 7 4 3 5 5 4 5 6 4 5 4 3 3 3 6
M[448] : 4 3 4 3 4 4 0 4 4 4 5 5 7 3 4 3 1 8 2 7 4 5 6 4 3 3 4 2 4 5 4 6 3 2 5 3 6 4 4 4 4 3 4 3 3 3 5 5 4 4 4 4 5 4 5 4 3 4 4 7 5 1 4
M[449] : 4 4 6 3 2 3 1 4 1 5 2 6 4 7 3 5 3 4 4 7 4 4 5 7 6 4 0 7 3 6 2 5 3 3 2 5 5 2 5 4 6 4 3 5 4 3 3 4 4 2 2 4 4 3 5 5 2 5 6 3 4 6 3
M[450] : 3 3 4 4 3 4 4 4 2 6 3 3 4 5 3 4 5 4 5 3 5 5 3 3 5 3 4 5 5 6 3 5 4 5 4 6 3 3 3 0 2 1 5 5 7 4 4 4 3 5 3 3 3 5 3 3 5 3 3 5 3 5 3
M[451] : 3 2 2 3 5 2 1 5 4 3 5 2 7 6 5 5 3 7 3 4 6 4 4 4 5 5 5 3 4 4 4 3 4 0 4 4 4 5 3 4 5 2 4 2 6 1 3 4 4 4 4 5 4 5 3 4 5 5 4 2 5 2 5
M[452] : 0 4 3 4 6 5 1 4 4 4 4 3 2 2 4 7 4 4 5 4 1 5 4 3 5 6 2 4 5 5 3 5 2 1 3 3 4 5 6 4 2 3 3 3 3 3 6 5 4 4 4 7 3 3 4 3 4 4 3 4 2 5 3
M[453] : 7 5 3 6 4 4 5 4 6 4 3 3 4 4 5 6 4 4 3 1 7 4 4 4 3 2 2 3 2 3 4 6 3 6 6 2 4 5 4 4 2 3 2 4 5 5 4 4 4 5 3 5 4 5 4 6 5 0 7 5 5 5 5
M[454] : 2 4 0 3 5 6 2 3 6 7 7 3 5 6 4 5 5 5 4 3 5 6 4 6 4 5 6 3 5 4 2 5 5 2 6 4 2 4 4 4 4 4 5 1 3 6 4 6 5 3 4 4 3 3 5 3 6 4 4 5 4 4 6
M[455] : 5 6 4 5 6 5 5 5 1 3 6 3 3 3 7 3 4 4 5 6 2 3 3 5 3 5 4 6 1 3 3 4 5 5 2 3 4 5 3 5 6 3 5 3 5 5 2 2 0 4 2 3 5 4 7 4 3 4 3 6 4 4 6
M[456] : 5 2 4 4 7 3 3 2 4 4 5 2 2 0 4 3 4 4 6 7 3 2 4 4 7 2 3 5 3 6 6 4 1 3 5 2 7 2 5 5 5 2 4 5 4 6 4 3 0 1 5 3 5 4 4 5 4 4 4 4 3 7 5
M[457] : 5 4 3 3 4 5 4 4 7 6 4 2 4 5 3 3 4 4 5 5 2 4 2 2 4 5 7 3 4 5 3 0 4 3 7 2 4 3 4 5 3 4 4 4 2 5 1 5 4 4 5 4 6 3 5 3 6 5 5 1 5 5 5
M[458] : 5 5 2 3 5 5 3 5 3 6 6 4 6 5 4 6 5 2 2 4 5 3 2 4 2 4 3 6 5 6 1 4 5 6 4 4 3 2 6 7 6 2 3 7 5 3 3 3 2 4 0 4 6 2 2 4 4 4 6 3 5 6 5
M[459] : 6 7 4 4 4 4 5 4 7 1 3 3 7 5 4 4 3 4 5 2 5 4 5 4 2 2 4 4 2 4 6 2 4 4 5 4 1 2 2 5 1 4 0 3 6 4 1 3 3 4 3 3 6 4 7 4 3 4 2 2 4 2 2
M[460] : 5 4 2 2 5 6 4 2 4 5 3 6 5 3 3 3 5 5 3 6 4 3 6 1 6 4 3 2 5 4 4 3 4 5 5 2 4 5 0 3 2 2 4 4 2 2 3 4 4 2 5 3 5 4 2 3 3 5 4 4 1 6 3
M[461] : 4 5 3 0 6 6 3 3 3 5 4 3 4 6 5 3 6 6 6 3 6 4 3 4 4 4 3 5 1 3 4 6 4 4 4 5 5 2 6 4 4 5 5 3 3 6 3 5 4 5 4 2 3 3 3 3 5 6 3 5 2 5 3
M[462] : 3 2 4 4 3 3 4 3 5 1 4 4 5 3 3 3 3 5 6 3 4 4 4 3 3 2 5 4 4 0 4 4 4 6 6 7 3 6 5 5 4 1 4 7 3 4 4 3 3 3 6 4 3 4 7 4 5 4 3 5 6 4 3
M[463] : 3 5 3 4 5 3 5 3 3 2 5 3 4 3 3 3 4 6 5 1 3 6 4 4 6 6 5 0 5 6 4 4 1 6 5 6 3 7 3 2 4 3 1 3 4 5 3 2 5 5 3 6 4 6 2 4 5 5 0 3 4 3 2
M[464] : 3 3 4 5 3 6 1 4 5 4 4 5 5 5 3 3 4 3 3 1 2 3 5 0 5 4 4 3 5 5 6 5 6 3 3 6 4 6 5 3 4 2 0 3 3 6 5 5 4 6 6 5 8 5 2 3 2 3 4 2 5 5 2
M[465] : 4 6 2 3 3 5 3 4 6 5 5 7 5 3 7 1 3 4 5 6 4 7 5 4 3 1 5 4 3 5 3 5 4 3 6 5 2 1 5 3 7 2 0 6 6 5 3 4 5 5 6 4 5 5 5 6 1 4 4 3 4 5 0
M[466] : 4 7 5 4 4 4 3 3 5 3 6 3 5 6 2 5 1 4 5 3 6 5 5 5 5 7 5 4 3 4 5 5 4 5 4 1 5 5 8 6 6 3 3 3 4 5 3 3 5 1 5 4 2 5 3 4 6 3 4 6 2 0 5
M[467] : 3 4 3 4 6 5 7 3 4 5 5 5 2 6 4 3 6 6 3 6 4 3 3 0 4 4 6 2 2 4 7 4 5 3 3 4 3 5 2 5 7 0 6 4 7 5 4 5 4 4 4 3 2 5 2 5 4 7 6 4 4 5 4
M[468] : 3 6 4 5 3 3 3 5 3 3 5 3 5 5 5 5 3 5 3 8 6 2 2 6 5 6 2 5 6 2 7 2 3 3 5 3 4 2 6 5 2 5 5 5 6 4 3 3 4 4 4 6 2 5 5 2 7 3 4 4 6 6 0
M[469] : 2 3 1 3 4 4 3 5 7 6 3 4 5 5 5 4 5 4 4 4 2 3 0 2 5 3 2 4 4 3 6 5 7 2 4 4 4 6 2 5 5 3 3 0 4 5 5 3 7 4 3 3 8 6 3 5 6 7 5 4 4 3 3
M[470] : 4 4 3 7 5 6 5 6 3 6 7 5 3 5 4 4 5 7 4 0 3 1 2 4 5 4 4 4 7 7 3 4 4 1 3 4 6 3 5 2 3 3 5 6 7 7 4 5 4 3 3 3 5 5 4 4 6 4 4 4 5 3 3
M[471] : 8 4 5 6 4 6 7 4 3 4 2 3 4 6 7 3 6 0 4 6 5 5 3 6 4 6 5 6 7 3 4 3 2 4 4 4 5 4 2 2 6 1 2 2 6 5 5 2 3 1 4 7 1 3 3 4 3 3 6 5 5 5 4
M[472] : 4 3 3 5 4 6 5 4 4 5 1 3 4 4 5 3 2 3 7 7 4 5 2 3 5 2 3 6 3 5 3 6 3 3 4 7 4 4 4 6 5 3 4 5 3 5 2 3 2 5 2 4 3 4 0 5 3 2 5 5 7 3 4
M[473] : 7 5 2 5 5 5 0 6 5 3 3 6 5 4 4 3 4 6 3 5 4 6 4 5 2 4 4 5 4 4 2 5 6 5 5 3 3 7 4 7 0 2 2 6 7 3 4 2 2 4 3 5 3 2 6 6 3 4 3 3 4 5 5
M[474] : 1 2 1 3 6 3 0 6 5 4 3 4 5 3 5 6 5 5 5 3 4 4 3 4 4 5 1 5 4 2 5 6 3 4 5 7 3 7 4 5 5 5 5 4 4 6 2 7 6 4 4 4 2 5 3 2 4 5 5 2 6 4 3
M[475] : 3 6 3 5 7 5 4 5 0 4 6 2 5 6 6 5 5 3 4 4 3 7 3 5 5 4 3 4 5 4 5 6 5 6 4 3 5 4 1 0 3 4 5 4 6 5 4 5 4 4 2 2 3 4 4 3 6 6 4 3 5 4 5
M[476] : 4 5 3 5 1 3 3 5 4 4 5 4 3 5 3 5 3 6 3 4 2 3 4 3 6 4 5 4 4 3 5 4 2 4 2 4 3 3 5 3 3 4 3 3 3 4 1 2 7 5 5 5 4 0 4 1 6 3 7 5 6 6 6
M[477] : 6 6 3 5 6 5 4 4 4 0 6 4 3 3 3 6 6 4 5 3 3 1 5 5 3 4 5 6 2 5 3 4 1 3 1 6 6 6 5 5 2 2 4 2 5 1 2 2 2 3 4 4 5 3 6 5 3 5 5 4 4 4 4
M[478] : 5 4 4 4 4 5 4 2 5 4 2 3 3 2 4 3 3 5 5 3 4 6 4 3 6 5 3 4 8 2 2 2 3 5 5 5 2 3 4 3 4 0 4 3 5 4 6 5 4 5 7 3 5 4 7 4 3 2 4 5 5 3 6
M[479] : 4 4 4 1 2 6 3 4 5 6 6 5 2 6 6 6 4 5 3 7 3 6 4 5 4 4 3 3 4 5 2 4 5 5 2 1 4 5 5 2 3 5 3 6 5 6 0 5 7 3 7 5 6 4 3 3 2 5 4 4 7 5 4
M[480] : 2 5 3 6 4 4 5 4 6 3 4 3 6 5 2 3 3 6 2 4 4 4 4 5 7 5 3 4 5 2 3 6 4 4 7 4 4 4 4 3 4 6 5 5 6 0 5 4 3 6 5 5 6 4 3 3 3 5 7 3 4 3 4
M[481] : 3 4 4 6 2 6 3 5 3 1 5 2 5 1 3 3 2 3 6 4 3 4 2 3 5 4 4 2 0 5 3 4 5 2 3 5 3 5 5 5 4 5 4 4 5 4 2 3 3 6 1 2 4 4 8 1 3 3 5 4 4 4 4
M[482] : 5 6 4 6 5 3 4 4 3 3 5 5 4 6 4 5 5 3 2 5 5 4 5 4 2 4 5 7 5 2 5 4 6 4 3 1 4 4 4 3 6 5 2 5 5 0 3 4 2 5 4 5 5 5 5 5 5 4 2 3 3 4 5
M[483] : 4 3 3 4 6 5 4 4 2 5 5 4 3 5 4 6 2 6 4 5 3 7 1 4 4 5 4 1 0 2 3 7 2 3 5 5 3 3 5 4 5 3 4 5 3 2 5 2 2 4 2 3 5 5 1 3 5 3 3 5 5 3 3
M[484] : 2 3 2 5 4 1 4 6 4 2 3 2 5 2 3 4 3 4 4 3 1 5 2 4 7 6 4 6 6 4 3 7 4 2 4 7 2 6 4 0 7 5 4 2 4 1 2 4 4 5 5 4 3 3 3 4 5 2 3 2 7 4 4
M[485] : 3 4 3 4 6 3 5 4 7 5 3 3 1 3 6 4 3 4 2 7 6 5 5 4 4 5 5 5 5 7 4 2 4 5 5 4 7 2 4 3 5 3 1 0 4 5 2 4 4 5 6 3 3 5 6 4 4 3 3 3 4 1 4
M[486] : 2 5 3 5 4 4 5 5 5 5 4 4 4 5 4 7 4 4 3 4 5 4 3 2 3 5 4 2 5 6 6 5 4 4 1 4 3 4 4 0 6 4 2 4 5 6 3 3 5 5 5 7 3 5 5 7 4 1 3 5 3 3 1
M[487] : 4 5 3 3 0 4 6 4 4 5 3 6 6 3 6 4 1 4 5 3 4 3 6 5 5 5 3 2 2 5 3 2 5 6 4 3 3 6 6 3 5 3 5 5 3 4 4 2 5 4 2 6 1 3 5 5 3 6 6 3 5 6 3
M[488] : 3 6 3 3 8 4 7 2 4 4 3 6 5 2 6 5 6 5 5 5 4 6 3 4 3 4 2 3 6 3 6 5 3 4 1 4 6 6 1 5 3 4 5 4 2 3 4 3 3 0 5 5 5 1 5 5 4 7 4 0 6 3 6
M[489] : 6 2 5 4 5 4 2 4 4 4 2 3 5 6 1 4 3 3 3 3 4 3 0 5 5 4 6 6 3 3 4 4 3 3 4 5 6 4 2 2 3 3 2 3 5 6 2 3 5 4 3 2 6 4 5 4 5 4 4 4 4 4 3
M[490] : 5 1 2 5 2 5 1 5 3 6 5 5 4 4 8 6 5 3 6 3 3 4 7 3 2 1 3 4 5 0 3 5 2 6 4 5 2 6 5 7 2 3 4 7 3 4 4 2 4 6 2 4 3 3 2 4 3 2 3 1 4 4 2
M[491] : 3 5 6 3 3 6 5 6 3 6 3 1 6 4 4 2 4 5 2 5 5 5 2 5 4 4 4 6 4 4 0 2 5 6 5 5 4 5 2 5 2 1 5 2 5 2 4 3 4 7 4 4 4 6 5 3 6 6 5 4 4 2 4
M[492] : 5 4 3 4 4 2 7 4 4 5 4 3 5 5 4 3 5 4 3 6 4 3 4 6 7 4 4 3 5 6 0 6 3 2 3 3 3 2 2 7 4 4 5 4 4 6 1 4 4 4 2 5 4 5 4 5 3 3 2 5 6 6 5
M[493] : 3 2 5 4 2 4 2 5 4 2 4 4 3 2 5 4 6 2 4 4 3 3 4 2 5 4 3 5 4 5 4 7 1 4 0 4 3 4 4 1 6 3 3 4 4 3 5 5 4 3 3 5 4 2 2 3 3 4 7 5 3 3 5
M[494] : 5 4 4 3 4 5 3 5 4 5 3 2 4 3 3 6 5 3 6 3 3 5 4 2 5 7 1 3 5 6 3 6 3 3 5 3 5 5 0 4 5 5 5 2 4 4 3 4 5 4 5 3 5 5 5 6 5 5 5 4 4 7 3
M[495] : 3 0 3 7 2 2 4 5 6 6 7 6 3 4 4 2 4 4 4 3 3 3 4 5 4 3 6 7 6 4 5 3 1 5 5 6 4 4 2 3 7 4 5 5 3 4 6 2 2 5 5 3 2 6 4 4 5 3 3 4 6 4 5
M[496] : 5 5 5 4 7 5 3 3 1 3 5 3 4 4 4 0 5 3 4 3 6 2 2 4 5 2 2 4 5 2 3 3 6 7 2 3 2 2 5 3 2 4 6 2 6 4 3 4 4 3 2 3 3 5 5 5 2 4 4 4 1 3 4
M[497] : 2 6 3 6 4 3 3 2 5 4 2 3 4 2 5 3 2 5 5 4 3 2 2 2 5 3 4 3 3 4 6 6 4 3 5 3 6 3 3 3 4 1 5 0 3 6 4 4 3 5 3 4 6 5 6 2 5 6 5 6 5 4 6
M[498] : 5 0 3 3 3 3 0 5 5 3 5 3 3 4 4 4 3 5 4 4 4 4 7 4 3 5 4 3 3 3 5 5 5 2 4 5 4 4 4 4 4 0 4 4 4 3 3 2 2 4 5 2 6 4 3 5 3 3 4 5 5 3 5
M[499] : 0 3 4 4 6 4 5 3 4 2 3 2 6 3 3 7 5 6 4 5 3 4 5 3 4 2 3 4 4 5 3 3 6 4 2 6 5 4 5 1 4 3 4 2 5 2 6 4 4 4 4 2 7 3 4 3 6 4 2 4 2 4 4

