 Execution de l'algoritme BITS sur le fichier dsjc250.5.txt
=====================================================================
 Partitions  : 
Vk[0] : 187 79 112 231 90 165 96 245 -->  8 éléments.
Vk[1] : 91 188 236 238 10 248 152 178 -->  8 éléments.
Vk[2] : 179 58 190 25 219 249 132 89 -->  8 éléments.
Vk[3] : 133 172 22 111 197 78 43 118 -->  8 éléments.
Vk[4] : 212 5 228 196 244 114 14 99 -->  8 éléments.
Vk[5] : 131 108 229 177 155 87 176 -->  7 éléments.
Vk[6] : 3 73 181 23 60 168 106 -->  7 éléments.
Vk[7] : 210 115 129 92 142 193 12 143 -->  8 éléments.
Vk[8] : 225 101 117 6 222 4 48 140 -->  8 éléments.
Vk[9] : 93 45 76 243 194 105 103 0 -->  8 éléments.
Vk[10] : 216 71 221 1 183 84 201 241 -->  8 éléments.
Vk[11] : 159 180 37 31 75 170 82 173 -->  8 éléments.
Vk[12] : 52 134 146 66 24 26 233 30 -->  8 éléments.
Vk[13] : 21 189 55 158 171 207 50 72 -->  8 éléments.
Vk[14] : 15 44 125 36 33 141 135 -->  7 éléments.
Vk[15] : 18 220 51 161 9 167 153 124 -->  8 éléments.
Vk[16] : 40 246 61 19 145 63 175 123 -->  8 éléments.
Vk[17] : 98 138 104 186 77 136 109 67 -->  8 éléments.
Vk[18] : 80 8 83 166 234 97 213 47 -->  8 éléments.
Vk[19] : 223 34 150 39 49 54 203 59 -->  8 éléments.
Vk[20] : 237 17 156 121 235 200 95 154 -->  8 éléments.
Vk[21] : 110 81 209 107 227 217 182 202 -->  8 éléments.
Vk[22] : 204 208 46 185 65 102 13 -->  7 éléments.
Vk[23] : 211 242 53 199 116 144 148 169 -->  8 éléments.
Vk[24] : 198 174 32 247 70 113 137 139 -->  8 éléments.
Vk[25] : 163 94 195 62 224 35 85 -->  7 éléments.
Vk[26] : 147 164 7 240 41 86 239 -->  7 éléments.
Vk[27] : 157 206 122 16 120 226 100 68 -->  8 éléments.
Vk[28] : 192 27 128 230 126 205 69 11 -->  8 éléments.
Vk[29] : 214 57 184 74 130 149 160 191 -->  8 éléments.
Vk[30] : 151 64 88 218 42 127 232 119 -->  8 éléments.
Vk[31] : 2 28 29 20 215 56 38 162 -->  8 éléments.
Matrice M
M[0] : 5 4 4 4 5 4 3 5 5 0 5 4 3 5 3 3 6 4 1 5 3 3 7 2 6 3 3 5 6 4 5 2
M[1] : 3 6 4 4 5 2 3 4 5 4 0 4 4 4 4 6 5 3 6 5 3 5 4 3 7 5 5 4 5 5 3 6
M[2] : 4 3 5 5 4 6 4 5 7 3 3 6 3 4 4 6 4 3 3 7 5 5 2 6 4 7 5 3 5 5 2 0
M[3] : 4 2 4 3 3 3 0 7 7 4 2 5 5 4 5 5 3 6 3 3 5 5 3 3 3 3 4 4 4 3 3 5
M[4] : 5 6 6 5 3 5 5 8 0 3 4 6 4 4 3 4 5 4 5 5 2 1 5 5 5 5 2 6 5 2 4 3
M[5] : 3 2 5 3 0 6 2 3 1 4 5 4 4 3 3 4 5 4 1 6 6 4 3 4 4 5 2 4 5 3 4 4
M[6] : 3 3 3 4 3 2 4 6 0 4 5 3 3 6 5 3 3 6 8 4 4 6 4 4 5 4 5 5 3 2 3 5
M[7] : 3 4 3 4 6 4 2 4 3 8 3 4 5 7 5 1 3 5 5 5 3 4 5 4 4 6 0 1 5 4 2 3
M[8] : 3 4 4 4 5 3 3 5 6 3 3 2 4 5 5 3 5 5 0 2 7 1 2 4 2 3 3 4 3 3 1 7
M[9] : 4 5 2 6 7 1 5 5 2 3 4 6 4 3 5 0 4 7 6 4 3 4 4 1 2 3 2 3 5 2 3 7
M[10] : 1 0 4 6 4 1 4 3 4 4 3 3 5 4 7 3 6 5 5 4 4 6 3 5 5 4 1 4 5 2 4 5
M[11] : 7 5 2 5 4 3 5 1 4 3 3 4 2 4 5 4 3 5 2 5 3 3 3 3 4 2 6 4 0 4 6 5
M[12] : 3 6 5 6 7 1 5 0 6 5 4 4 4 6 3 4 6 5 5 3 5 4 0 6 2 4 5 5 6 4 2 4
M[13] : 5 3 5 6 5 4 6 5 4 5 3 6 3 4 4 4 5 5 4 4 6 4 0 0 5 2 5 2 4 4 5 3
M[14] : 3 5 3 2 0 2 2 3 5 6 6 3 3 5 3 4 5 5 4 5 3 3 3 3 6 5 4 4 7 6 4 3
M[15] : 5 6 4 6 3 5 3 6 4 4 5 6 3 6 0 4 4 3 4 3 2 6 5 4 6 4 7 7 4 5 6 5
M[16] : 1 4 6 4 5 2 6 4 5 3 4 7 4 3 1 3 4 3 4 5 3 5 0 5 5 5 2 0 3 7 4 3
M[17] : 6 3 3 4 3 4 6 3 2 3 2 5 3 4 6 5 3 3 5 6 0 6 6 6 4 4 2 5 3 4 4 4
M[18] : 6 1 4 4 3 2 3 4 6 3 6 6 6 2 3 0 2 4 6 6 5 4 1 7 6 3 5 2 5 4 5 5
M[19] : 4 4 4 4 4 3 6 4 3 7 5 4 5 2 3 2 0 6 5 5 3 4 3 5 3 4 6 2 5 3 7 2
M[20] : 2 6 5 6 4 5 4 5 4 4 7 5 6 3 6 2 5 4 3 2 5 5 4 3 2 5 3 4 4 2 4 0
M[21] : 5 3 5 3 2 3 2 6 6 3 4 2 3 0 3 2 5 2 2 3 6 4 4 4 6 5 2 5 4 3 5 2
M[22] : 8 7 5 0 4 5 4 5 4 5 6 6 1 5 1 4 3 5 7 2 4 5 2 2 2 4 3 6 4 3 4 3
M[23] : 5 4 1 4 5 3 0 4 4 5 4 3 2 3 4 5 5 3 5 4 5 3 3 7 5 3 4 4 7 3 2 4
M[24] : 5 3 5 3 2 4 3 4 5 2 2 3 0 4 5 4 6 5 5 8 1 4 3 2 6 2 5 6 5 5 1 3
M[25] : 3 4 0 4 1 5 2 4 4 5 5 4 3 7 4 5 6 4 4 5 4 4 4 3 3 5 1 4 3 3 5 4
M[26] : 5 3 2 1 1 4 3 5 7 3 3 2 0 3 4 3 5 5 6 5 3 4 1 3 1 3 4 1 6 3 5 5
M[27] : 5 5 3 5 6 2 3 4 1 7 6 4 3 4 3 5 3 3 5 4 3 5 4 4 4 3 5 4 0 6 5 5
M[28] : 6 3 4 4 3 4 3 6 2 6 6 4 7 3 3 4 3 6 5 4 6 4 5 3 1 3 2 4 5 5 3 0
M[29] : 5 6 4 3 4 1 3 4 5 5 4 3 1 2 2 4 6 5 4 3 5 3 6 2 4 2 3 6 3 4 4 0
M[30] : 4 4 3 3 3 1 4 7 5 7 5 2 0 4 3 2 6 4 4 6 4 4 4 5 6 4 2 4 3 4 4 5
M[31] : 5 3 1 3 1 5 4 5 6 5 3 0 4 4 2 3 5 3 5 4 6 5 4 4 5 3 2 4 3 4 5 4
M[32] : 2 5 5 6 5 6 2 4 6 4 4 1 6 5 3 5 4 6 3 4 3 4 3 4 0 3 5 5 4 4 2 2
M[33] : 3 4 3 2 6 5 3 2 4 5 4 4 4 3 0 4 5 1 5 5 4 4 4 4 5 5 5 3 4 3 4 6
M[34] : 6 3 8 4 3 2 3 4 5 4 2 1 6 5 4 4 4 4 3 0 3 5 3 5 4 6 2 4 4 2 4 5
M[35] : 4 4 2 4 6 4 4 3 4 4 5 6 2 5 1 3 5 5 2 4 7 5 2 5 3 0 5 3 4 3 4 6
M[36] : 4 2 4 3 3 4 6 2 7 2 5 3 6 6 0 4 4 5 5 5 4 3 5 6 7 3 4 3 5 5 4 2
M[37] : 4 1 3 2 4 4 4 5 5 4 1 0 4 4 3 7 4 4 2 3 3 4 3 5 3 4 3 5 6 4 6 4
M[38] : 1 5 5 4 3 3 5 1 4 3 3 5 4 5 4 6 5 3 4 5 4 6 4 6 7 3 2 3 6 4 2 0
M[39] : 4 4 5 4 4 2 2 3 4 7 4 4 3 6 4 5 6 5 5 0 4 4 4 5 6 6 3 5 4 4 3 4
M[40] : 4 4 6 4 6 3 5 2 1 3 5 5 5 6 6 4 0 2 4 7 4 3 6 4 2 5 3 5 1 6 3 4
M[41] : 2 5 4 4 3 3 4 4 5 4 2 4 4 3 4 6 5 4 6 5 4 5 3 4 5 5 0 4 2 4 5 4
M[42] : 5 5 5 2 3 3 1 5 6 3 3 7 5 5 5 3 7 4 2 3 3 4 4 4 4 4 4 5 6 3 0 1
M[43] : 4 5 3 0 5 4 2 4 5 6 5 7 5 4 3 3 3 3 5 6 5 3 4 4 4 4 4 4 6 4 6 7
M[44] : 2 4 3 5 3 4 3 5 3 8 5 5 3 3 0 6 3 1 5 1 3 4 4 5 4 4 5 2 3 5 5 5
M[45] : 2 4 5 3 3 5 6 6 5 0 6 6 2 4 3 3 6 5 4 6 3 6 4 4 7 3 2 4 4 4 4 2
M[46] : 3 3 6 2 5 5 6 2 3 4 4 7 5 6 5 4 3 5 4 3 5 3 0 4 4 4 3 4 5 2 4 5
M[47] : 3 5 5 4 2 1 4 6 5 3 5 4 4 7 6 2 2 6 0 4 5 5 1 5 4 4 5 6 3 4 4 6
M[48] : 3 5 4 2 4 6 6 5 0 5 4 4 5 6 4 4 2 5 5 2 4 3 4 4 6 5 4 2 6 3 5 5
M[49] : 2 3 5 4 3 4 3 6 2 6 3 3 4 2 4 2 4 2 4 0 5 6 5 5 5 4 4 6 6 4 5 3
M[50] : 6 4 4 5 4 4 4 5 3 3 3 5 6 0 5 2 7 4 4 5 6 4 4 5 5 2 4 4 1 4 4 4
M[51] : 2 4 3 4 6 5 6 3 3 5 4 5 3 3 3 0 4 3 4 5 6 5 2 5 4 4 3 3 4 2 3 3
M[52] : 2 5 5 5 5 4 3 4 5 5 5 4 0 7 4 5 6 5 3 2 4 2 4 3 6 6 4 5 5 4 3 6
M[53] : 3 6 5 3 2 3 3 4 6 1 5 6 6 5 4 2 5 3 3 3 3 1 4 0 6 3 3 3 4 4 2 5
M[54] : 2 3 3 3 3 2 3 4 5 6 4 3 5 6 3 5 4 4 5 0 1 4 2 3 5 3 3 4 2 4 6 5
M[55] : 4 3 4 3 5 4 2 4 4 5 2 6 4 0 5 3 2 6 5 6 4 1 4 5 6 4 4 5 3 5 5 3
M[56] : 4 4 3 6 4 4 4 5 3 3 5 4 4 6 6 6 2 5 7 4 4 5 5 4 1 4 2 2 3 5 3 0
M[57] : 3 3 6 3 3 6 1 7 4 1 4 3 3 4 4 4 5 3 2 3 5 5 3 5 6 5 2 5 6 0 6 4
M[58] : 4 5 0 6 4 4 4 5 3 5 3 3 4 4 3 3 5 5 5 5 5 4 3 2 4 3 1 5 3 4 2 6
M[59] : 3 4 2 3 5 5 3 5 5 6 2 3 6 3 4 3 1 4 1 0 5 3 2 5 4 4 3 5 3 4 5 4
M[60] : 3 6 4 4 3 4 0 5 3 4 7 2 4 4 2 7 3 0 6 2 5 3 5 3 6 2 3 5 2 2 3 3
M[61] : 6 5 6 5 4 2 3 7 5 5 5 5 7 6 4 1 0 3 7 4 4 4 4 4 4 4 4 4 5 5 7 3
M[62] : 4 4 6 4 4 5 4 1 3 4 2 4 5 3 3 2 6 5 3 3 5 6 2 6 5 0 3 5 4 3 4 4
M[63] : 4 3 2 5 5 5 4 6 4 1 4 3 5 2 2 5 0 3 4 1 3 4 3 2 2 4 3 5 4 3 4 5
M[64] : 2 5 3 3 2 4 2 4 4 2 5 5 6 4 2 3 4 6 0 3 3 6 3 3 3 5 3 4 5 5 0 4
M[65] : 2 7 4 3 5 4 0 3 6 2 2 3 3 5 4 3 6 5 1 4 6 2 0 4 5 1 3 4 7 3 3 5
M[66] : 6 2 6 5 3 4 4 2 4 5 4 3 0 7 4 4 6 3 1 3 3 3 5 5 7 4 4 5 1 3 5 5
M[67] : 4 6 4 5 2 4 5 1 5 4 6 4 3 5 3 4 3 0 4 4 6 4 1 4 3 6 3 3 4 6 6 4
M[68] : 4 7 2 6 3 2 6 5 2 5 4 5 3 7 4 3 3 4 4 5 4 3 5 6 4 3 4 0 3 2 6 4
M[69] : 5 3 3 4 7 3 2 4 6 6 7 3 3 2 0 4 3 6 2 5 5 4 5 6 3 3 3 4 0 6 4 4
M[70] : 5 6 5 6 4 4 4 3 5 4 5 3 6 3 3 5 3 3 5 4 3 3 4 2 0 3 4 4 5 6 5 4
M[71] : 6 3 2 3 5 4 3 5 5 6 0 7 2 4 5 4 2 3 7 3 4 6 3 4 4 2 3 6 4 4 2 4
M[72] : 3 4 2 4 3 3 1 6 3 5 6 4 5 0 4 2 5 4 4 6 4 6 2 2 4 3 5 4 5 3 6 3
M[73] : 6 4 7 5 4 2 0 4 7 6 1 3 5 4 3 5 4 6 6 4 5 3 2 2 4 5 2 4 2 4 3 6
M[74] : 6 4 4 2 5 4 3 3 5 3 3 6 3 6 1 4 3 4 5 2 7 7 3 6 3 6 4 4 6 0 4 4
M[75] : 5 3 6 6 3 1 3 5 5 5 3 0 4 5 7 6 6 4 6 4 5 5 5 6 3 2 5 5 4 6 7 3
M[76] : 5 4 5 2 6 5 2 3 3 0 6 2 3 3 4 4 3 4 3 4 5 3 5 7 5 4 3 5 6 4 5 4
M[77] : 3 5 3 6 4 3 2 4 4 5 4 2 6 4 5 5 6 0 3 6 7 6 5 6 4 5 2 5 6 3 6 5
M[78] : 5 6 6 0 5 6 0 6 1 2 4 5 5 5 5 3 7 5 4 2 4 4 4 3 7 5 4 4 5 2 4 3
M[79] : 0 6 5 5 3 4 3 8 6 2 5 3 5 5 3 3 3 4 5 5 4 3 1 5 3 4 3 4 4 6 4 4
M[80] : 4 6 4 5 5 3 4 4 6 2 4 3 3 5 4 4 4 4 0 0 5 2 2 5 7 1 2 1 4 5 4 5
M[81] : 5 5 5 2 2 2 5 3 3 6 6 6 3 5 1 4 4 4 5 6 6 0 3 5 5 2 2 3 7 6 5 5
M[82] : 4 4 3 6 4 3 3 4 3 3 7 0 3 3 4 3 3 5 6 2 6 4 4 4 2 3 4 4 5 5 3 4
M[83] : 4 4 7 5 4 3 4 4 4 4 4 5 7 3 1 7 4 5 0 4 4 6 2 3 5 4 5 5 6 3 3 4
M[84] : 3 4 4 6 5 2 5 3 5 4 0 5 2 2 5 3 4 3 1 4 1 4 3 3 7 4 6 5 4 3 3 5
M[85] : 4 6 4 7 4 3 4 5 5 5 6 5 7 7 6 4 5 4 5 5 5 3 3 1 6 0 5 3 3 5 6 3
M[86] : 3 1 3 7 7 3 3 1 0 1 7 5 6 4 6 5 5 3 5 4 4 3 2 5 4 3 0 2 4 0 2 4
M[87] : 7 6 5 5 6 0 3 1 3 4 4 4 4 7 4 5 3 6 5 3 5 4 3 7 5 3 4 1 4 3 4 4
M[88] : 6 4 4 3 5 5 4 4 5 3 2 5 4 5 1 4 6 7 5 3 4 5 4 7 6 6 3 2 2 2 0 3
M[89] : 7 5 0 5 3 3 3 2 1 0 5 4 4 3 0 3 4 3 6 5 3 0 5 4 2 4 3 3 5 6 5 4
M[90] : 0 3 5 3 2 5 2 3 6 4 4 3 2 4 1 4 5 4 2 4 4 5 2 5 3 3 3 5 4 3 4 5
M[91] : 4 0 7 4 3 4 4 3 7 3 5 3 3 3 2 4 2 5 6 3 4 2 6 4 4 3 4 3 4 4 4 5
M[92] : 4 1 3 5 6 4 5 0 6 4 4 3 4 6 2 6 6 4 4 4 3 2 4 6 3 3 3 4 3 4 4 6
M[93] : 4 3 6 4 4 4 6 6 4 0 3 5 5 3 2 3 4 4 5 4 5 5 5 3 5 7 3 5 3 4 5 4
M[94] : 5 3 3 3 6 4 2 7 4 3 4 1 5 2 3 5 4 6 6 6 5 3 3 4 1 0 4 3 6 5 4 3
M[95] : 4 1 6 4 6 3 6 4 6 5 4 3 3 4 1 3 4 6 7 7 0 3 4 3 5 5 1 3 4 5 1 7
M[96] : 0 3 3 6 4 5 2 5 4 5 3 6 5 3 4 6 3 3 5 1 5 4 3 3 5 6 2 3 6 6 3 4
M[97] : 4 5 3 5 4 3 2 4 5 4 3 2 4 6 4 5 4 4 0 4 3 6 5 5 5 3 3 5 4 6 3 1
M[98] : 4 5 5 4 3 6 2 3 6 4 2 3 3 4 4 5 4 0 2 6 2 4 6 4 4 2 5 4 5 4 5 6
M[99] : 1 6 3 6 0 5 4 4 5 5 3 3 2 5 3 6 7 2 5 2 6 6 3 6 4 4 4 3 8 6 2 2
M[100] : 4 3 3 6 5 2 4 1 3 3 3 6 6 5 3 5 6 4 7 7 3 4 3 3 4 6 4 0 5 2 3 3
M[101] : 4 5 3 6 3 2 3 5 0 3 5 5 4 1 4 4 7 3 3 5 3 3 4 3 6 5 3 5 6 5 6 4
M[102] : 5 6 3 3 4 5 5 2 6 7 5 4 4 1 3 2 4 4 7 5 5 2 0 1 2 1 5 5 1 4 4 5
M[103] : 7 4 6 6 5 2 6 4 6 0 4 2 8 5 6 1 4 4 5 7 4 3 3 6 6 5 5 3 5 5 2 4
M[104] : 1 4 3 4 3 4 6 3 5 5 3 5 5 4 2 4 1 0 6 5 2 3 6 5 4 4 5 3 4 4 3 4
M[105] : 1 5 2 4 5 4 3 3 2 0 5 3 4 6 4 6 3 2 2 4 4 5 3 2 1 3 4 1 4 5 3 6
M[106] : 5 7 6 2 5 5 0 7 3 5 4 4 4 4 3 3 3 3 4 5 3 2 3 5 4 4 4 7 2 3 5 4
M[107] : 5 2 5 5 3 4 2 3 1 4 1 6 3 4 5 6 5 1 3 3 5 0 4 4 5 1 4 5 4 4 5 5
M[108] : 6 4 4 4 5 0 3 4 5 5 4 5 4 5 4 1 6 4 2 3 4 1 3 4 5 4 2 3 3 5 3 6
M[109] : 4 3 1 7 4 1 1 4 3 4 6 4 7 4 2 6 3 0 5 2 4 4 4 5 4 3 4 2 6 1 7 2
M[110] : 5 5 4 3 7 2 2 5 4 3 6 5 5 3 5 7 3 6 3 6 3 0 4 5 5 3 6 5 4 4 6 7
M[111] : 4 5 7 0 6 5 4 5 5 4 2 3 2 6 2 4 4 8 4 4 2 5 1 5 4 4 3 4 3 3 4 3
M[112] : 0 4 6 5 1 5 4 5 1 4 6 5 5 4 1 4 5 4 5 4 5 5 3 5 6 4 2 3 5 5 3 3
M[113] : 8 5 4 3 3 4 3 5 5 5 3 3 4 5 5 5 4 4 4 6 4 5 3 2 0 4 5 4 5 3 3 3
M[114] : 4 5 1 6 0 2 4 5 3 4 5 3 3 3 4 2 7 7 3 5 5 4 6 4 4 4 4 1 5 5 6 5
M[115] : 5 4 3 1 3 4 4 0 3 5 3 4 3 2 3 3 7 4 4 4 4 3 5 4 4 4 3 3 5 4 5 5
M[116] : 3 2 7 6 5 2 2 6 5 5 3 4 3 5 3 3 3 6 7 5 5 4 2 0 6 1 5 4 2 6 1 2
M[117] : 5 5 6 2 5 3 6 6 0 4 6 4 7 6 4 4 3 6 7 3 7 5 3 6 5 4 2 4 4 5 5 5
M[118] : 4 5 5 0 5 5 6 2 4 5 2 2 2 6 4 4 3 4 2 4 5 2 3 6 4 5 3 3 6 4 2 4
M[119] : 2 5 3 5 5 2 2 5 3 5 6 2 2 4 5 3 7 6 2 4 4 4 2 3 4 1 4 4 3 5 0 2
M[120] : 5 5 5 6 5 2 3 3 2 3 3 1 4 5 4 2 5 5 4 2 4 5 5 5 4 2 1 0 6 5 3 3
M[121] : 4 4 6 4 5 5 3 7 6 3 2 7 5 7 2 3 5 5 5 4 0 5 4 4 2 4 4 3 3 7 7 3
M[122] : 5 5 6 4 3 2 3 6 5 5 4 4 4 4 2 4 4 3 4 5 3 4 3 4 5 5 3 0 5 5 4 5
M[123] : 5 4 4 4 6 5 2 2 6 4 6 4 4 5 2 4 0 0 3 3 4 6 3 4 3 4 3 4 6 4 2 4
M[124] : 4 4 5 3 2 4 4 5 4 5 7 5 6 4 4 0 1 6 4 3 4 6 2 6 6 4 5 6 5 4 2 6
M[125] : 6 6 2 2 4 3 5 1 5 4 5 5 5 4 0 2 5 6 2 2 4 5 5 5 4 5 5 3 4 1 5 3
M[126] : 2 2 5 2 5 6 4 8 4 5 3 5 5 2 5 3 5 4 2 3 4 4 3 5 6 4 2 5 0 8 6 6
M[127] : 0 4 4 5 6 5 2 5 5 6 5 3 2 5 5 5 5 3 5 5 3 4 4 6 4 4 2 4 6 4 0 3
M[128] : 4 4 4 4 2 4 2 2 7 5 3 3 5 2 3 7 4 3 5 3 6 7 2 3 2 4 4 5 0 3 6 4
M[129] : 4 5 4 4 3 2 5 0 5 5 4 3 4 4 4 6 3 3 6 3 6 0 3 4 6 3 5 4 4 4 6 4
M[130] : 7 4 2 2 3 4 3 4 4 3 3 2 5 6 4 4 7 3 4 5 3 4 3 5 4 3 4 6 6 0 3 3
M[131] : 4 5 4 4 4 0 3 3 3 5 2 3 5 2 5 5 5 5 5 5 4 3 3 4 6 3 3 3 4 5 7 2
M[132] : 3 5 0 6 6 5 5 6 7 4 3 1 3 5 3 5 4 5 7 6 6 3 7 3 3 3 4 1 2 3 5 4
M[133] : 3 1 5 0 4 1 3 4 3 3 1 2 4 3 2 5 2 4 5 3 2 3 2 5 3 5 6 5 1 1 4 6
M[134] : 3 2 4 3 2 5 3 2 5 5 4 6 0 5 5 8 6 5 3 7 3 3 2 3 6 4 4 4 3 5 5 3
M[135] : 1 2 4 5 4 4 2 4 6 6 6 2 4 5 0 3 5 3 4 7 5 4 5 3 3 2 3 4 2 5 2 3
M[136] : 4 2 5 5 6 5 1 2 4 3 5 6 2 7 2 3 3 0 7 2 6 4 5 3 4 5 6 3 4 2 7 3
M[137] : 4 6 2 5 6 5 4 3 5 6 7 3 6 4 5 3 1 3 7 3 4 3 4 7 0 2 5 7 4 6 4 5
M[138] : 5 4 4 4 4 2 4 6 4 3 5 5 4 3 3 6 4 0 5 4 6 4 3 4 4 4 4 6 5 4 4 4
M[139] : 4 2 3 2 5 5 3 3 5 3 5 2 7 3 4 5 4 5 5 3 5 3 3 3 0 3 3 2 3 2 5 1
M[140] : 6 2 3 4 2 4 4 3 0 3 3 4 5 4 3 1 3 4 3 3 3 5 5 6 5 3 2 4 5 5 6 4
M[141] : 1 2 4 2 3 5 4 5 2 4 6 6 5 5 0 4 2 5 6 4 3 5 4 4 5 2 4 4 4 6 1 3
M[142] : 5 3 3 5 3 5 3 0 6 5 5 4 4 7 3 3 2 1 4 4 2 4 4 6 6 3 2 3 2 5 6 1
M[143] : 3 3 4 4 4 5 3 0 6 2 4 4 5 3 3 5 4 2 4 8 7 5 1 6 4 1 3 4 5 3 5 6
M[144] : 4 7 2 7 3 3 6 5 3 5 4 5 5 3 6 3 5 5 5 6 2 4 2 0 1 6 3 3 3 4 3 5
M[145] : 2 4 6 4 5 4 1 4 3 4 2 4 4 8 3 2 0 6 2 6 5 2 3 3 1 5 5 1 2 4 5 3
M[146] : 5 3 3 3 4 5 2 5 4 3 3 2 0 2 2 6 4 5 5 3 3 4 5 4 5 3 2 4 2 2 3 5
M[147] : 4 4 1 3 4 3 4 4 2 5 7 4 4 5 4 4 6 6 4 3 3 5 6 4 6 3 0 5 5 5 3 3
M[148] : 4 3 3 0 6 4 5 6 4 4 7 2 1 6 1 5 1 4 4 3 3 6 3 0 3 5 2 4 4 6 3 4
M[149] : 5 4 6 5 5 4 2 3 3 4 4 4 6 4 3 2 5 3 6 4 4 5 3 4 2 2 2 4 3 0 5 1
M[150] : 5 6 7 2 5 3 5 3 2 2 4 3 5 5 3 5 5 5 2 0 7 7 7 3 2 3 5 2 4 3 3 3
M[151] : 5 6 6 4 5 6 5 6 6 3 4 8 4 4 3 3 5 6 4 4 4 3 3 3 3 4 3 3 4 5 0 4
M[152] : 5 0 4 4 5 6 6 5 5 3 3 2 1 4 1 2 5 5 5 4 3 2 5 2 5 4 1 3 5 3 6 5
M[153] : 5 6 3 6 5 4 3 5 5 1 3 4 3 4 2 0 4 6 2 4 4 6 4 3 4 4 6 2 3 7 6 3
M[154] : 4 4 4 5 3 4 5 4 3 5 4 5 4 3 2 6 1 5 3 2 0 5 1 4 5 5 3 3 3 5 4 5
M[155] : 4 1 2 4 4 0 4 4 5 4 2 4 5 4 4 6 4 2 3 6 4 3 5 4 6 5 2 3 6 4 6 4
M[156] : 6 3 6 3 6 4 2 5 4 5 4 5 1 4 3 6 5 6 5 5 0 4 4 3 6 4 5 3 4 2 4 5
M[157] : 5 4 3 5 4 2 2 4 4 2 5 3 4 6 4 3 4 3 4 4 2 3 4 3 4 3 3 0 4 5 3 4
M[158] : 2 4 5 5 6 2 2 3 7 6 4 6 5 0 5 4 4 3 5 5 5 5 4 5 4 6 2 3 5 3 4 6
M[159] : 6 3 4 5 6 3 4 4 3 2 5 0 4 7 3 6 3 4 3 3 6 5 4 7 3 4 3 5 2 4 7 5
M[160] : 1 5 2 4 5 3 3 4 3 3 5 3 3 0 3 5 3 7 2 4 4 4 5 7 4 1 3 3 5 0 3 5
M[161] : 4 3 7 4 2 5 4 3 2 5 4 5 5 3 5 0 2 5 4 5 4 4 3 2 7 4 3 2 4 3 3 2
M[162] : 4 3 4 2 5 4 4 3 5 4 2 5 5 4 1 4 2 4 6 3 5 6 6 6 4 2 2 3 6 3 2 0
M[163] : 4 4 4 4 4 2 2 5 7 4 2 4 4 4 4 7 5 6 2 3 5 2 2 3 2 0 6 2 6 3 3 4
M[164] : 7 3 4 4 5 3 3 4 6 2 4 4 4 4 6 3 5 4 3 6 5 4 4 4 5 4 0 4 5 3 5 4
M[165] : 0 4 5 6 5 3 5 4 6 4 3 5 4 4 2 4 1 3 2 3 5 4 5 3 8 3 5 3 1 3 3 5
M[166] : 5 4 5 6 3 4 5 3 6 2 4 5 2 5 4 4 7 4 0 4 3 2 4 5 6 4 3 2 3 2 5 5
M[167] : 2 2 3 3 6 5 5 4 5 3 7 6 5 6 0 0 3 2 4 2 5 5 4 1 3 4 3 4 6 4 2 2
M[168] : 3 8 4 5 5 1 0 4 6 4 3 6 2 2 4 5 3 1 1 3 6 5 5 4 4 4 2 4 7 4 4 3
M[169] : 2 6 3 2 6 4 7 5 5 6 4 7 3 5 6 2 2 3 4 3 1 5 2 0 6 3 3 4 6 5 4 3
M[170] : 6 3 4 3 5 2 2 1 5 3 7 0 1 4 4 6 3 4 3 2 5 5 4 3 3 4 6 7 3 3 4 6
M[171] : 5 3 6 6 5 5 3 6 4 6 3 4 7 0 3 6 4 6 6 2 4 3 4 4 2 5 4 3 6 3 4 7
M[172] : 7 4 5 0 3 6 5 5 5 6 5 2 4 3 3 7 5 5 6 5 3 4 1 4 7 4 3 6 3 2 6 5
M[173] : 5 4 0 3 4 2 4 5 4 4 4 0 5 4 4 7 5 3 4 4 3 5 4 7 3 4 2 2 4 7 4 3
M[174] : 3 5 3 3 2 5 4 3 4 3 6 4 4 2 5 4 4 6 5 5 5 6 2 3 0 2 3 3 3 3 7 5
M[175] : 3 4 5 3 7 4 4 7 2 2 3 4 7 5 4 2 0 5 3 3 4 3 5 1 6 5 2 4 4 2 5 5
M[176] : 3 6 4 5 3 0 3 5 4 3 4 5 4 6 3 3 3 1 6 4 6 5 5 4 3 3 3 4 4 5 3 5
M[177] : 5 5 6 6 3 0 3 4 4 6 2 1 2 4 4 3 5 4 3 4 4 4 4 4 7 3 5 3 5 5 3 4
M[178] : 5 0 2 4 6 3 4 6 4 6 5 2 2 5 1 5 5 3 1 6 3 6 6 5 4 4 4 8 2 4 7 5
M[179] : 4 4 0 4 6 3 2 3 4 4 5 4 6 5 3 4 4 4 5 6 6 5 4 5 4 3 4 6 4 5 5 4
M[180] : 2 4 6 3 3 3 3 3 4 4 6 0 1 6 4 4 4 5 1 2 4 4 6 4 4 5 4 3 6 2 3 5
M[181] : 0 3 3 3 4 4 0 4 6 6 6 4 3 2 5 4 6 4 3 4 3 4 5 6 2 3 3 4 4 2 5 4
M[182] : 3 6 3 5 5 4 2 2 4 5 1 4 4 4 4 3 4 4 2 4 5 0 2 3 2 6 4 3 6 5 3 4
M[183] : 3 5 4 2 6 2 3 6 4 5 0 5 6 5 4 5 7 6 3 3 3 6 4 6 3 4 4 1 3 4 6 3
M[184] : 5 5 3 4 5 5 3 5 3 6 4 5 5 3 4 4 4 3 2 2 5 6 2 2 6 2 1 7 4 0 4 5
M[185] : 2 5 5 2 5 3 2 4 4 5 4 6 3 4 4 3 3 6 3 5 3 6 0 4 5 3 3 7 2 3 4 7
M[186] : 6 4 4 3 5 3 2 5 4 3 2 3 6 5 3 4 5 0 5 1 5 3 4 3 6 4 2 4 3 4 5 5
M[187] : 0 5 4 5 3 3 4 2 5 5 5 6 4 6 6 4 5 5 6 4 4 2 3 4 4 3 4 4 4 3 3 3
M[188] : 5 0 5 5 4 4 4 3 4 6 4 4 4 3 5 6 5 6 4 5 7 3 5 4 8 5 5 5 3 6 2 4
M[189] : 3 6 7 3 3 5 4 5 5 4 3 5 3 0 2 4 6 6 6 6 3 6 1 6 4 1 2 6 3 5 5 4
M[190] : 4 2 0 6 5 3 6 2 4 6 3 5 5 5 5 2 3 1 3 5 5 6 4 6 4 3 3 6 4 7 4 5
M[191] : 5 2 6 3 4 5 4 5 4 3 6 6 3 3 6 3 3 3 5 3 5 4 0 5 4 4 4 5 4 0 3 6
M[192] : 4 3 3 4 7 4 4 5 7 6 3 5 3 3 4 4 3 7 4 3 5 6 4 4 4 5 3 5 0 4 4 3
M[193] : 6 3 3 6 4 1 4 0 5 3 5 6 3 8 4 3 2 5 5 4 4 4 4 3 1 5 4 3 4 6 3 5
M[194] : 3 3 3 7 3 4 5 5 3 0 4 3 4 5 4 5 4 4 2 4 7 6 3 4 3 2 2 5 4 1 6 5
M[195] : 3 5 4 5 5 2 5 3 4 4 5 4 6 4 6 3 4 4 5 5 5 4 4 2 3 0 3 6 4 5 7 7
M[196] : 3 6 6 6 0 3 6 5 2 4 3 3 3 4 4 4 2 3 2 6 5 6 4 5 3 5 4 3 3 4 4 5
M[197] : 5 4 5 0 6 2 2 4 4 3 6 4 5 4 5 5 6 4 7 3 6 6 3 5 4 2 2 6 4 5 4 4
M[198] : 6 6 6 5 4 4 3 5 5 6 4 4 4 6 6 5 1 3 7 3 4 5 3 6 0 4 3 5 4 5 4 3
M[199] : 5 3 5 7 6 4 1 4 5 3 4 6 3 4 4 5 4 5 6 7 6 5 3 0 4 3 5 8 4 3 7 5
M[200] : 4 5 5 5 6 6 3 4 3 3 3 4 1 5 4 3 4 3 3 2 0 4 3 4 3 4 3 4 6 7 3 5
M[201] : 5 5 4 3 3 2 2 4 4 4 0 4 3 5 5 5 4 5 4 4 5 4 4 4 2 2 3 2 4 4 4 3
M[202] : 3 3 3 5 4 3 3 4 4 3 7 2 5 4 6 5 3 3 2 6 4 0 5 4 5 3 6 5 4 3 4 4
M[203] : 2 5 6 3 5 6 3 4 5 6 4 4 7 2 2 5 5 2 3 0 3 3 4 3 3 1 5 5 5 4 4 4
M[204] : 3 7 5 2 3 5 4 3 5 6 5 3 4 3 7 4 5 5 1 5 4 6 0 6 2 5 5 4 2 6 3 6
M[205] : 3 5 5 4 7 2 5 5 4 3 3 4 5 4 4 4 6 3 4 5 3 5 1 2 6 5 2 2 0 3 5 5
M[206] : 2 4 4 4 2 4 4 5 4 5 5 5 2 3 6 4 1 3 3 4 4 5 5 5 4 2 4 0 4 6 5 3
M[207] : 6 6 3 7 3 6 5 6 5 3 8 5 3 0 5 4 5 5 5 1 5 3 5 6 2 4 6 4 0 2 4 4
M[208] : 6 4 5 2 2 4 3 5 5 4 5 5 6 5 5 4 5 4 3 3 5 4 0 2 2 3 1 5 4 1 5 5
M[209] : 2 5 4 2 4 3 4 4 3 5 5 6 3 4 0 4 5 5 5 5 5 0 3 5 4 3 5 6 4 5 4 5
M[210] : 2 3 3 4 5 3 6 0 2 6 3 4 5 5 3 4 4 4 4 4 5 5 3 6 4 3 3 5 4 3 8 4
M[211] : 3 2 3 6 4 5 3 5 4 5 1 4 3 5 2 4 2 5 5 6 6 4 2 0 5 5 6 4 5 6 4 5
M[212] : 3 6 6 6 0 4 3 4 6 6 6 5 0 4 2 4 5 5 6 3 6 1 4 4 4 4 5 5 6 2 5 5
M[213] : 7 6 6 5 4 5 3 6 5 4 3 4 3 5 3 4 5 5 0 3 6 4 4 6 5 5 1 5 4 4 1 5
M[214] : 4 3 4 1 6 3 2 2 5 7 4 6 2 2 5 3 3 2 4 5 4 1 4 5 5 4 3 3 4 0 4 4
M[215] : 5 6 5 5 3 3 2 6 5 5 5 2 4 6 1 2 3 3 5 5 6 3 4 6 5 4 5 3 4 4 6 0
M[216] : 4 3 6 6 4 2 5 3 6 6 0 4 3 5 5 4 3 4 7 3 4 4 3 6 5 3 3 4 4 5 4 3
M[217] : 6 2 3 6 4 5 2 2 3 4 5 3 3 4 4 5 3 4 6 2 3 0 3 3 3 7 3 4 5 6 4 3
M[218] : 6 3 6 5 4 3 6 5 4 4 4 3 4 4 2 5 3 5 2 5 7 3 2 4 4 6 2 4 6 5 0 4
M[219] : 4 5 0 6 4 4 3 2 6 5 5 2 5 5 3 5 5 3 3 5 5 5 3 4 5 2 4 5 5 3 4 4
M[220] : 5 5 3 5 3 2 4 5 2 4 2 5 4 2 5 0 4 4 4 4 6 6 4 3 5 4 1 5 2 3 4 6
M[221] : 4 3 5 6 4 2 2 4 2 6 0 5 5 4 4 6 4 2 2 5 4 5 4 3 4 4 2 4 4 6 5 5
M[222] : 7 4 2 4 5 4 2 4 0 7 6 5 4 5 4 5 3 5 6 4 2 2 4 5 3 2 3 4 5 4 4 5
M[223] : 3 6 5 6 6 5 3 5 3 4 5 3 4 5 3 4 4 4 3 0 5 4 2 6 4 3 5 6 3 3 3 5
M[224] : 4 5 4 6 8 5 3 2 3 6 5 5 2 5 2 6 6 3 4 4 3 5 3 7 4 0 4 6 2 3 6 3
M[225] : 4 2 6 4 3 4 6 2 0 2 3 4 7 5 4 4 2 2 5 5 4 3 4 2 4 2 3 1 4 5 4 4
M[226] : 4 4 5 3 2 2 4 3 6 4 3 4 5 1 2 3 3 5 4 5 5 4 6 4 3 2 4 0 3 5 4 3
M[227] : 4 2 5 4 4 3 5 4 6 4 6 5 3 4 6 6 2 5 4 4 6 0 3 3 6 3 3 2 6 3 2 4
M[228] : 5 5 4 3 0 5 3 5 2 4 4 6 5 4 2 4 5 4 4 3 4 4 3 5 4 5 5 5 5 4 5 2
M[229] : 4 3 4 6 6 0 3 4 6 5 2 1 6 4 6 5 4 6 3 4 6 6 7 2 4 4 5 1 2 7 7 5
M[230] : 5 2 4 4 5 4 3 4 5 2 4 5 1 6 2 3 3 6 4 3 5 6 3 5 2 3 4 4 0 4 3 4
M[231] : 0 3 4 7 5 4 4 2 4 6 4 4 5 4 0 2 3 5 4 4 4 5 5 3 2 4 4 2 6 4 5 2
M[232] : 1 6 3 7 4 5 3 5 4 6 3 6 3 6 4 2 2 6 2 6 4 4 6 1 5 4 4 6 7 3 0 5
M[233] : 5 0 4 5 5 3 3 3 4 2 4 4 0 4 3 4 3 4 4 6 5 5 4 2 4 5 6 3 2 4 4 2
M[234] : 4 3 4 6 2 5 3 4 5 2 5 5 4 1 4 5 3 4 0 5 5 4 3 5 7 3 7 6 1 3 1 4
M[235] : 3 6 3 3 5 2 4 5 3 5 6 5 5 5 3 5 3 4 6 4 0 6 5 5 2 3 3 1 5 2 4 6
M[236] : 3 0 1 6 6 5 3 1 3 4 4 2 1 6 5 3 2 1 5 5 2 4 3 5 4 5 1 5 3 4 4 3
M[237] : 5 4 5 3 5 5 3 4 2 5 3 4 4 5 4 6 4 6 4 3 0 4 7 2 3 6 5 6 6 5 5 5
M[238] : 5 0 4 5 3 3 3 4 3 2 5 6 2 2 3 5 6 5 6 4 3 4 5 6 5 2 4 5 2 3 4 4
M[239] : 3 4 3 3 4 4 2 5 6 3 1 5 4 4 5 5 2 5 5 3 5 5 2 3 5 5 0 4 4 5 5 1
M[240] : 3 3 4 3 5 4 4 6 2 2 6 3 4 2 3 4 3 4 1 4 2 7 3 6 4 4 0 5 4 2 3 5
M[241] : 6 4 4 1 5 4 4 3 5 4 0 2 5 4 4 4 2 7 1 1 4 3 3 4 7 5 4 5 4 2 5 6
M[242] : 7 7 4 3 5 4 3 6 3 3 5 6 3 4 5 4 4 3 4 2 5 3 3 0 3 2 3 5 4 5 7 7
M[243] : 5 4 3 4 4 4 3 3 3 0 6 5 3 4 7 4 2 4 2 7 3 3 3 4 3 3 3 2 5 3 2 6
M[244] : 3 2 5 6 0 4 5 6 4 2 5 3 5 3 5 6 5 1 4 4 4 5 3 6 4 5 6 4 4 6 4 4
M[245] : 0 3 2 3 2 4 2 3 5 2 4 5 5 4 5 5 5 3 5 2 5 5 4 3 5 1 2 6 5 6 2 5
M[246] : 2 7 5 4 4 4 2 2 4 6 1 4 5 4 4 4 0 4 6 4 2 3 4 3 4 4 3 5 3 6 6 4
M[247] : 4 4 3 5 4 3 5 4 4 5 5 6 4 5 3 5 4 3 5 5 2 6 3 7 0 3 5 3 3 5 3 5
M[248] : 3 0 5 3 6 4 6 3 2 3 4 3 4 6 2 2 4 3 5 3 4 3 2 5 4 4 4 3 5 4 7 5
M[249] : 5 2 0 4 4 2 4 4 4 5 4 4 2 2 3 3 7 4 5 4 4 5 3 5 6 4 2 4 3 2 4 4

