 Execution de l'algoritme BITS sur le fichier dsjc250.5.txt
=====================================================================
 Partitions  : 
Vk[0] : 99 245 79 104 232 165 96 209 -->  8 éléments.
Vk[1] : 219 83 44 69 223 15 35 154 -->  8 éléments.
Vk[2] : 36 197 45 91 42 118 163 105 -->  8 éléments.
Vk[3] : 188 77 43 73 143 33 46 -->  7 éléments.
Vk[4] : 171 217 247 101 135 17 100 138 -->  8 éléments.
Vk[5] : 239 136 146 2 123 60 243 26 -->  8 éléments.
Vk[6] : 183 235 98 181 158 112 52 206 -->  8 éléments.
Vk[7] : 140 62 11 109 72 214 50 238 -->  8 éléments.
Vk[8] : 231 121 7 216 90 162 10 38 -->  8 éléments.
Vk[9] : 3 229 30 226 153 23 201 -->  7 éléments.
Vk[10] : 176 85 81 82 14 202 19 53 -->  8 éléments.
Vk[11] : 70 32 94 75 159 113 204 139 -->  8 éléments.
Vk[12] : 144 237 191 61 47 54 190 9 -->  8 éléments.
Vk[13] : 67 63 58 174 182 97 173 -->  7 éléments.
Vk[14] : 130 137 170 129 115 133 125 -->  7 éléments.
Vk[15] : 199 102 116 169 242 175 22 148 -->  8 éléments.
Vk[16] : 180 117 149 152 164 131 92 86 -->  8 éléments.
Vk[17] : 132 241 221 211 1 37 177 71 -->  8 éléments.
Vk[18] : 25 31 5 244 196 128 212 114 -->  8 éléments.
Vk[19] : 48 157 68 16 122 161 120 -->  7 éléments.
Vk[20] : 103 107 21 108 84 213 57 110 -->  8 éléments.
Vk[21] : 119 179 155 193 89 160 195 167 -->  8 éléments.
Vk[22] : 147 151 88 127 64 95 218 24 -->  8 éléments.
Vk[23] : 78 4 0 55 228 28 249 227 -->  8 éléments.
Vk[24] : 65 166 210 168 184 145 187 234 -->  8 éléments.
Vk[25] : 178 230 40 194 233 111 225 8 -->  8 éléments.
Vk[26] : 18 124 51 208 12 185 236 13 -->  8 éléments.
Vk[27] : 222 66 27 134 224 106 156 200 -->  8 éléments.
Vk[28] : 39 203 80 150 34 59 49 207 -->  8 éléments.
Vk[29] : 29 142 215 246 192 87 198 56 -->  8 éléments.
Vk[30] : 126 93 20 189 220 41 205 186 -->  8 éléments.
Vk[31] : 141 172 248 76 240 74 6 -->  7 éléments.
Matrice M
M[0] : 5 5 3 3 5 2 4 4 4 2 5 7 3 2 6 5 4 5 5 5 3 4 3 0 5 2 5 5 4 5 4 3
M[1] : 2 5 4 2 5 7 4 6 3 1 6 4 3 2 3 6 5 0 6 4 4 6 5 5 4 5 6 5 5 4 5 4
M[2] : 3 6 3 5 4 0 5 5 4 3 5 5 5 5 6 5 7 3 5 5 6 3 3 3 3 4 3 7 5 3 5 4
M[3] : 4 4 2 4 5 3 6 5 3 0 2 3 4 4 4 3 4 3 3 5 4 4 6 4 4 3 3 3 4 5 6 6
M[4] : 4 4 6 5 3 3 5 6 3 5 3 6 5 4 5 5 3 6 5 4 3 5 5 0 5 4 6 1 5 7 3 1
M[5] : 3 4 4 2 5 2 3 2 4 3 3 3 4 3 4 4 5 5 0 3 5 6 3 3 7 5 3 5 5 4 3 1
M[6] : 4 6 6 5 7 6 4 2 2 6 4 5 5 3 3 4 5 4 3 3 5 2 4 3 5 3 3 4 4 4 4 0
M[7] : 5 7 5 6 5 5 2 4 0 4 4 5 3 1 5 5 5 4 4 0 5 3 3 4 4 6 3 5 5 3 2 3
M[8] : 2 2 4 2 5 6 4 4 6 1 5 1 6 3 2 3 3 4 4 3 1 3 3 5 4 0 2 5 2 8 6 5
M[9] : 5 6 7 4 5 5 3 3 3 3 4 4 0 4 3 3 4 4 5 1 3 2 4 5 4 3 4 4 5 5 3 4
M[10] : 2 7 6 5 5 5 4 7 0 2 3 4 4 5 4 5 2 3 2 5 5 3 4 3 3 4 3 2 4 5 6 2
M[11] : 7 4 4 5 5 3 7 0 4 3 3 3 2 4 4 3 4 5 1 3 5 3 5 5 4 1 5 3 5 3 4 2
M[12] : 5 5 5 2 3 2 6 5 6 4 5 3 5 5 2 6 3 5 6 4 6 3 1 5 3 5 0 4 5 4 7 5
M[13] : 5 4 5 4 5 2 5 4 6 3 2 5 5 3 6 2 4 3 4 3 7 7 5 4 4 4 0 3 5 4 4 3
M[14] : 2 5 4 5 3 3 5 5 6 4 0 5 4 1 3 3 6 4 2 5 5 2 5 4 4 6 3 7 4 4 3 3
M[15] : 5 0 5 6 6 4 4 5 5 4 5 5 5 6 6 1 6 5 3 5 6 5 5 3 5 3 3 4 5 6 5 4
M[16] : 3 4 4 3 6 2 2 4 2 3 4 3 5 4 4 5 6 3 6 0 7 4 4 4 3 3 3 6 5 2 4 2
M[17] : 6 7 5 6 0 3 3 3 4 6 5 5 3 2 3 7 1 3 3 4 4 2 3 3 7 3 6 3 6 2 5 4
M[18] : 4 2 4 3 6 4 4 2 5 3 3 6 5 4 4 6 3 7 4 2 4 4 5 4 5 5 0 4 5 7 3 2
M[19] : 4 4 6 3 7 5 6 2 2 5 0 3 6 5 2 5 6 5 5 1 2 4 6 5 2 5 4 5 4 1 6 1
M[20] : 4 7 6 6 3 5 3 4 2 4 5 3 6 2 5 3 4 7 5 5 4 3 5 2 4 5 5 3 2 3 0 4
M[21] : 2 3 5 1 3 1 7 3 7 2 4 6 4 4 3 2 4 4 3 5 0 3 4 5 5 3 4 6 2 4 2 3
M[22] : 6 4 4 3 5 5 4 7 5 4 5 2 4 4 1 0 6 4 6 6 5 3 5 3 5 4 5 4 3 3 2 2
M[23] : 5 5 5 3 5 2 5 2 4 0 6 4 6 3 3 5 6 2 3 2 2 5 3 3 5 5 3 4 4 5 6 2
M[24] : 6 3 4 4 5 2 2 3 3 3 2 6 6 4 4 3 3 2 3 5 5 5 0 4 5 3 4 2 6 5 6 3
M[25] : 3 6 4 4 4 1 3 3 4 1 5 4 3 1 3 4 4 3 0 6 3 4 5 5 4 6 5 4 6 4 6 4
M[26] : 5 2 4 6 5 0 3 4 5 3 5 1 3 2 2 3 5 2 1 1 4 5 3 4 2 4 3 2 7 3 5 5
M[27] : 6 4 7 4 5 4 3 3 3 6 4 5 7 3 1 2 4 4 5 3 2 5 6 5 6 3 6 0 3 2 2 6
M[28] : 4 2 5 6 3 5 5 3 5 4 2 2 5 4 6 3 2 6 5 3 5 4 5 0 4 3 3 6 5 2 5 5
M[29] : 5 4 2 5 4 3 3 3 2 2 2 2 8 4 3 3 5 4 5 4 3 2 4 4 3 5 6 2 3 0 5 6
M[30] : 3 2 2 2 6 4 5 7 4 0 2 6 3 4 6 4 3 4 2 3 3 1 5 6 6 5 4 4 7 3 6 4
M[31] : 4 4 5 4 6 4 5 4 3 3 5 2 6 4 1 5 6 2 0 4 5 2 4 1 3 4 4 6 5 3 4 2
M[32] : 2 5 4 4 2 4 6 7 1 4 5 0 2 2 3 4 6 5 4 3 6 4 4 6 3 3 4 4 3 5 5 5
M[33] : 3 3 5 0 6 3 6 5 5 4 5 3 5 3 1 4 6 3 3 3 4 3 2 4 4 1 5 3 5 6 6 4
M[34] : 5 2 5 4 4 3 4 3 4 4 4 5 5 3 2 3 4 3 3 2 4 6 3 4 5 5 5 6 0 5 4 3
M[35] : 5 0 3 6 6 5 6 2 6 1 4 3 3 5 2 3 2 4 6 3 6 3 4 3 2 4 4 4 5 7 5 2
M[36] : 5 3 0 2 3 6 3 3 2 2 5 7 6 4 3 6 3 3 3 4 5 4 5 6 5 5 6 6 5 4 5 2
M[37] : 3 4 4 3 6 1 6 5 4 4 4 2 4 3 3 4 4 0 3 4 3 5 5 7 3 3 3 2 2 5 5 4
M[38] : 2 6 3 4 4 3 6 4 0 5 4 4 6 3 3 4 4 4 6 2 7 4 2 2 4 5 6 4 5 3 5 1
M[39] : 3 5 3 6 8 4 6 7 2 3 2 6 5 3 4 6 4 5 5 5 4 3 5 5 2 4 3 1 0 5 6 3
M[40] : 3 5 4 6 3 2 3 4 5 4 5 6 3 4 2 4 4 3 6 4 6 3 4 3 5 0 4 6 6 3 5 3
M[41] : 3 6 5 4 2 2 2 6 1 5 5 7 3 5 4 3 3 3 3 5 5 5 5 5 5 3 4 4 4 6 0 3
M[42] : 3 5 0 4 5 3 4 6 5 1 5 5 5 4 4 3 5 5 5 3 2 4 2 5 4 5 5 2 3 4 5 3
M[43] : 5 6 4 0 8 4 5 5 7 5 3 4 3 4 4 3 5 4 4 2 4 2 4 4 6 7 4 5 7 3 4 2
M[44] : 2 0 7 3 2 3 5 3 4 4 3 6 5 3 4 3 4 4 4 1 5 5 2 5 4 5 7 4 2 4 4 4
M[45] : 3 4 0 6 3 2 5 4 3 6 6 7 3 4 3 5 3 7 4 4 3 3 3 4 6 5 5 4 6 5 3 2
M[46] : 5 5 5 0 3 5 7 5 5 5 5 5 2 4 2 5 3 5 5 3 4 2 2 4 3 5 3 4 4 6 5 2
M[47] : 4 4 4 4 6 4 3 4 6 3 4 4 0 3 2 4 6 4 2 5 5 3 6 5 3 6 3 5 4 5 6 3
M[48] : 4 3 4 4 3 6 5 3 5 4 4 4 2 3 4 5 5 5 5 0 6 3 5 3 4 3 5 4 3 7 7 4
M[49] : 4 4 5 6 3 4 2 3 5 5 6 6 2 1 3 3 2 4 4 4 2 6 4 4 7 6 3 4 0 5 3 4
M[50] : 5 6 4 3 3 3 5 0 5 5 6 5 6 2 3 5 3 5 3 3 3 3 3 4 7 4 3 6 3 6 4 4
M[51] : 3 5 6 3 4 5 6 2 1 4 4 6 2 1 3 3 4 5 7 3 1 4 1 3 3 6 0 6 4 5 5 4
M[52] : 0 7 5 4 5 6 0 6 6 5 5 7 5 5 6 2 5 3 4 4 4 5 4 6 2 5 6 0 2 3 7 2
M[53] : 4 5 5 2 5 4 3 6 5 2 0 6 4 4 5 2 3 5 2 2 4 2 1 3 2 4 5 5 2 6 3 5
M[54] : 4 2 4 4 5 4 4 3 2 2 6 3 0 3 2 3 4 5 2 4 5 2 6 5 6 6 4 5 1 3 2 4
M[55] : 4 3 6 4 4 5 3 3 2 3 3 7 7 3 3 2 6 3 4 5 3 6 3 0 4 4 4 5 5 5 4 3
M[56] : 5 5 3 5 4 3 6 5 3 3 5 3 2 2 4 5 3 4 2 3 5 8 3 4 5 4 6 3 3 0 5 6
M[57] : 3 7 5 3 6 2 3 4 5 4 5 4 5 5 2 3 2 4 2 3 0 7 6 3 3 3 6 5 2 6 5 1
M[58] : 4 6 5 4 3 5 4 2 5 4 4 6 4 0 2 3 6 3 3 4 5 4 4 5 1 3 3 3 4 6 5 2
M[59] : 3 4 7 5 4 5 4 5 4 3 2 3 3 4 3 4 4 4 6 4 2 2 5 3 2 4 4 6 0 2 2 2
M[60] : 3 3 3 3 3 0 4 1 3 4 3 4 5 3 2 6 2 5 2 5 5 6 3 2 4 5 5 4 3 3 6 5
M[61] : 4 4 4 5 5 2 6 4 5 6 3 4 0 5 4 2 3 5 5 2 6 3 7 5 6 7 4 6 5 4 6 5
M[62] : 5 5 3 3 4 4 4 0 2 2 5 6 4 5 3 5 4 4 3 4 4 4 4 4 3 5 3 5 3 5 4 3
M[63] : 3 3 4 4 2 4 3 5 5 5 3 3 1 0 4 2 6 3 5 3 3 3 4 6 6 2 4 2 2 4 3 3
M[64] : 2 5 3 3 4 2 5 3 3 5 4 5 3 2 3 3 6 3 3 6 5 4 0 3 4 4 3 5 1 5 3 3
M[65] : 3 3 3 3 4 4 4 5 5 3 3 4 4 1 2 3 5 4 4 2 3 6 3 6 0 4 1 5 5 7 2 4
M[66] : 4 5 6 6 3 4 4 4 4 4 7 4 4 2 2 4 4 4 3 4 4 4 5 5 5 3 5 0 4 5 2 2
M[67] : 4 4 6 2 3 1 3 6 4 5 3 4 3 0 4 4 4 5 2 5 6 4 6 4 4 4 2 3 4 4 6 7
M[68] : 3 4 5 5 3 3 4 5 5 2 4 5 6 3 4 4 2 6 3 0 4 3 6 3 6 5 6 1 4 6 5 3
M[69] : 4 0 3 4 5 4 5 5 6 4 5 4 5 2 4 5 2 6 6 2 5 0 4 5 3 2 4 5 5 1 4 6
M[70] : 6 3 5 3 0 6 3 6 4 4 4 0 2 3 4 3 4 4 2 6 5 3 4 5 5 6 5 6 4 5 6 3
M[71] : 6 3 5 0 6 2 3 3 3 2 6 5 2 4 5 4 4 0 5 4 5 6 2 3 4 5 7 4 5 4 3 5
M[72] : 5 1 5 3 4 4 4 0 4 2 5 3 3 5 5 4 3 5 3 5 3 2 7 2 2 7 3 5 6 5 3 3
M[73] : 5 4 5 0 3 5 4 1 7 2 3 3 7 6 3 3 4 2 5 4 2 5 6 6 4 4 5 4 5 2 4 5
M[74] : 6 5 3 4 3 3 7 3 4 4 6 6 4 5 4 4 2 2 3 3 7 5 5 2 2 7 3 5 2 5 6 0
M[75] : 5 6 6 5 4 5 4 3 7 1 4 0 4 2 5 6 2 4 4 6 4 6 7 4 5 4 7 4 5 3 6 5
M[76] : 5 6 3 3 5 4 7 4 6 4 3 2 5 4 3 5 4 6 5 4 3 4 3 4 3 2 5 4 3 6 2 0
M[77] : 4 5 6 0 4 4 4 4 5 5 5 4 6 4 4 7 4 4 6 4 4 6 6 5 2 6 5 4 5 3 2 3
M[78] : 6 5 4 5 3 2 4 5 5 2 5 5 4 6 4 3 4 3 4 4 6 6 3 0 4 5 4 4 3 7 5 1
M[79] : 0 7 4 5 3 3 4 6 2 3 3 3 4 4 6 4 5 3 4 5 6 4 4 3 4 4 3 5 6 6 2 3
M[80] : 6 3 3 4 5 3 4 4 6 2 2 5 5 3 5 5 3 5 6 2 0 3 5 5 3 1 4 5 0 5 3 2
M[81] : 3 4 3 3 5 4 5 5 5 3 0 6 7 4 2 5 3 6 5 1 4 2 4 1 5 5 4 5 5 6 6 5
M[82] : 4 4 5 6 5 4 4 3 5 2 0 1 5 2 1 4 3 5 4 3 4 2 5 7 7 6 5 4 1 2 5 3
M[83] : 4 0 4 2 5 7 5 3 3 4 6 3 5 4 5 5 6 4 4 4 2 3 4 3 2 4 4 6 5 7 5 5
M[84] : 3 5 3 2 4 4 5 1 3 4 6 6 3 2 4 4 6 3 5 5 0 4 4 5 2 3 3 2 3 5 3 6
M[85] : 4 3 4 5 7 7 5 3 3 4 0 5 6 6 6 4 6 5 5 2 6 5 6 4 5 4 3 5 4 3 5 4
M[86] : 3 4 4 3 0 5 5 4 3 4 6 3 5 3 4 3 0 6 7 2 5 2 2 6 3 5 3 4 4 1 1 2
M[87] : 7 4 3 5 3 6 3 6 5 3 3 5 6 5 3 7 3 5 6 2 3 3 3 5 1 5 3 4 4 0 6 5
M[88] : 4 2 2 3 4 3 4 4 4 4 6 6 5 4 4 6 6 5 4 4 2 5 0 3 6 4 3 3 4 6 6 3
M[89] : 4 2 5 4 2 2 4 5 4 2 3 4 3 1 0 3 3 4 3 3 4 0 5 2 6 6 4 5 4 6 4 3
M[90] : 2 1 1 2 4 3 3 2 0 4 5 4 6 3 3 3 4 6 0 3 5 4 3 6 0 5 4 6 5 8 3 4
M[91] : 4 5 0 3 2 3 5 5 6 4 2 4 4 5 4 4 2 4 4 4 4 4 3 4 3 2 4 5 4 4 7 4
M[92] : 2 2 2 4 4 6 3 4 3 5 5 3 6 3 1 7 0 4 6 5 4 3 4 5 2 3 5 4 4 6 6 5
M[93] : 6 6 5 4 4 6 6 4 5 6 4 6 8 3 4 2 3 5 6 4 3 3 5 4 2 4 4 4 3 3 0 1
M[94] : 3 6 4 2 5 2 3 4 5 4 4 0 5 3 5 2 6 4 3 3 4 5 4 5 3 3 7 4 5 1 6 3
M[95] : 4 3 4 4 4 3 4 0 2 6 4 5 5 5 3 4 3 6 5 3 4 6 0 6 5 5 2 4 7 5 5 2
M[96] : 0 3 5 4 6 4 0 6 3 3 3 5 4 4 6 5 5 2 5 2 7 5 4 2 4 4 4 6 3 4 4 4
M[97] : 3 3 3 5 3 3 2 6 3 3 5 5 5 0 5 6 5 3 5 4 5 4 5 5 1 3 6 2 3 2 6 5
M[98] : 3 5 2 4 3 3 0 4 4 5 4 1 5 3 3 5 5 4 2 4 4 4 4 6 3 5 6 4 6 5 6 4
M[99] : 0 5 6 5 5 5 1 5 4 4 2 5 6 3 3 6 3 5 2 3 5 4 4 5 2 4 6 6 2 5 5 5
M[100] : 5 5 2 2 0 3 4 4 5 4 5 4 5 5 2 5 2 4 5 0 3 4 2 6 4 7 4 5 7 5 4 4
M[101] : 3 3 4 3 0 5 4 4 5 4 5 4 2 3 6 3 4 5 5 4 3 6 6 2 4 6 6 2 7 3 4 3
M[102] : 3 1 5 3 5 3 5 3 5 6 4 1 2 4 4 0 5 5 5 3 4 4 4 4 6 5 2 2 5 5 4 3
M[103] : 5 4 3 4 4 6 6 5 6 5 4 4 6 5 4 6 3 3 5 3 0 5 3 4 4 5 3 8 6 6 3 5
M[104] : 0 2 3 2 3 4 3 5 4 2 5 6 6 3 4 3 5 3 3 3 3 4 5 4 4 3 5 5 5 3 4 6
M[105] : 3 6 0 4 3 1 3 3 3 3 5 3 2 1 1 4 5 4 3 2 5 2 5 4 3 2 4 5 4 5 6 5
M[106] : 5 5 6 3 4 4 1 6 5 4 4 3 5 4 4 3 5 5 5 5 5 5 4 2 2 6 5 0 6 2 2 3
M[107] : 5 5 4 2 5 5 4 2 4 3 3 6 5 4 3 5 2 3 4 4 0 4 5 3 2 3 5 3 3 3 5 3
M[108] : 6 5 4 5 6 5 5 3 5 0 3 5 3 3 4 5 5 6 4 4 0 1 3 5 4 4 2 4 2 4 4 2
M[109] : 2 2 4 4 4 3 4 0 6 5 4 4 2 4 4 3 2 5 4 3 2 2 7 6 5 5 5 4 3 4 4 1
M[110] : 6 6 3 3 4 8 4 5 4 3 4 4 3 5 4 5 3 6 6 5 0 5 7 4 4 3 6 3 4 4 6 4
M[111] : 5 5 3 4 7 2 4 5 3 3 6 4 4 3 2 4 3 4 6 3 5 7 4 5 1 0 5 3 4 2 5 4
M[112] : 0 4 3 4 3 7 0 6 2 6 4 6 2 4 5 6 3 7 2 3 8 3 4 5 3 4 5 5 5 2 2 4
M[113] : 6 5 6 6 4 3 4 6 6 2 1 0 4 5 3 3 5 3 4 3 5 3 5 4 5 3 2 2 7 4 6 4
M[114] : 5 4 6 5 4 5 3 5 4 1 3 4 4 4 5 5 4 2 0 1 4 4 7 2 3 6 6 5 5 5 2 6
M[115] : 7 4 3 2 4 4 3 3 2 3 7 5 4 4 0 4 3 4 4 3 2 2 4 5 5 5 5 3 3 5 4 2
M[116] : 4 4 4 5 4 5 5 4 5 1 3 6 6 5 4 0 5 2 5 5 2 3 3 4 4 4 5 2 4 3 3 4
M[117] : 6 3 6 6 5 4 5 3 7 6 4 6 4 7 3 6 0 5 4 3 5 5 5 5 6 4 4 5 4 5 3 3
M[118] : 4 6 0 3 3 4 3 3 2 3 5 6 7 2 0 4 3 5 5 3 4 5 3 3 4 3 4 5 4 6 6 3
M[119] : 5 3 4 4 7 7 2 2 2 3 4 3 2 2 4 5 2 4 5 3 4 0 2 2 3 2 6 5 4 6 3 4
M[120] : 5 4 7 1 3 5 3 6 1 1 3 4 4 0 6 6 1 2 5 0 4 3 2 5 5 6 5 6 2 4 4 4
M[121] : 5 3 4 7 5 7 2 5 0 1 6 4 5 4 5 4 6 5 6 3 4 3 5 4 5 7 3 2 4 5 3 6
M[122] : 6 4 2 3 4 4 2 4 4 1 3 3 4 4 6 6 4 3 5 0 5 6 5 5 3 5 4 6 3 5 6 3
M[123] : 5 1 3 2 3 0 3 5 5 3 4 4 5 1 5 4 6 5 5 5 8 4 2 6 4 1 2 6 3 3 4 3
M[124] : 4 7 4 5 5 7 6 2 5 4 3 5 2 6 4 5 6 5 2 4 6 5 2 4 4 4 0 6 3 4 4 3
M[125] : 5 0 3 3 5 6 6 6 4 5 3 7 3 3 0 5 5 5 6 3 5 2 4 4 3 3 3 3 3 4 4 2
M[126] : 2 3 4 3 5 4 6 2 5 3 6 5 5 6 4 5 6 3 3 4 6 7 6 4 5 3 4 3 2 5 0 4
M[127] : 0 5 5 3 1 2 3 8 5 3 3 3 7 4 5 5 4 4 7 5 7 5 0 3 2 4 4 5 4 4 4 5
M[128] : 5 6 5 4 3 5 2 2 5 1 6 1 5 4 2 4 6 5 0 6 4 6 6 4 4 3 5 4 3 2 2 2
M[129] : 5 7 5 3 4 4 6 4 3 5 2 8 6 3 0 4 3 2 3 5 5 3 5 4 3 3 3 2 2 3 6 5
M[130] : 5 4 3 5 4 5 4 6 5 5 3 3 5 5 0 5 1 4 2 5 2 4 3 3 4 3 5 3 6 4 4 3
M[131] : 5 5 5 4 1 5 5 2 4 2 2 6 2 5 2 6 0 4 5 4 2 3 7 4 5 3 4 4 7 4 3 4
M[132] : 4 3 4 5 3 4 6 3 6 2 3 4 4 2 3 5 4 0 4 2 7 5 5 4 6 5 7 6 5 4 5 3
M[133] : 2 5 1 3 5 3 3 2 3 3 3 3 3 4 0 3 2 2 2 3 3 3 5 4 6 3 5 2 4 6 3 2
M[134] : 5 4 3 4 4 3 4 5 2 5 5 5 5 3 4 2 4 5 3 4 5 6 5 4 3 4 5 0 5 3 4 5
M[135] : 3 2 4 5 0 3 3 5 4 4 4 2 8 2 4 4 2 4 6 4 5 2 3 4 5 5 3 3 6 4 3 2
M[136] : 3 6 3 3 4 0 4 5 5 4 5 7 4 3 2 4 6 5 5 1 2 5 6 5 5 3 3 2 4 5 3 4
M[137] : 5 4 5 4 6 3 3 4 5 6 5 3 2 2 0 5 4 5 5 6 6 3 5 6 6 3 3 5 4 4 5 7
M[138] : 3 5 4 4 0 4 6 3 3 4 2 4 5 4 3 6 7 2 5 6 5 5 5 3 5 2 5 6 2 6 4 3
M[139] : 3 4 3 2 3 4 5 1 3 3 4 0 4 3 3 3 3 6 2 1 6 2 7 4 4 2 6 5 3 3 6 3
M[140] : 5 4 5 2 4 5 4 0 6 4 3 6 2 5 6 6 3 2 2 2 6 2 4 4 4 3 2 4 3 4 3 2
M[141] : 0 2 3 5 4 3 5 3 1 4 5 5 7 4 4 4 5 5 2 4 5 4 2 4 6 5 4 5 4 2 4 0
M[142] : 5 3 4 3 4 2 3 3 2 4 5 7 4 3 2 3 3 6 2 3 7 3 5 6 5 4 3 3 4 0 3 5
M[143] : 3 5 2 0 3 4 3 1 4 5 4 3 5 3 3 6 4 6 4 4 3 6 6 7 2 4 2 4 7 5 6 2
M[144] : 5 5 6 5 2 3 5 4 6 5 5 3 0 3 3 2 4 1 3 4 3 5 5 4 4 5 4 5 7 4 3 5
M[145] : 3 3 3 2 6 1 5 5 2 2 5 2 4 2 4 2 5 4 3 3 4 5 5 6 0 3 2 5 6 2 5 4
M[146] : 6 4 4 4 3 0 4 2 6 3 4 5 6 4 3 4 4 4 5 5 4 4 1 2 3 1 2 2 2 4 4 2
M[147] : 6 4 5 2 5 5 6 5 3 5 6 6 6 1 3 5 3 5 4 2 5 2 0 0 5 4 5 5 4 3 5 4
M[148] : 4 3 1 3 6 3 6 6 3 3 1 3 3 2 3 0 6 4 5 2 8 3 2 5 4 3 4 3 4 6 4 3
M[149] : 5 4 2 4 4 1 4 2 3 5 6 4 4 5 1 5 0 2 6 2 6 5 7 3 3 5 2 5 2 2 4 4
M[150] : 2 4 2 4 5 3 5 6 5 2 5 4 5 4 3 4 4 4 4 1 6 8 5 5 5 4 6 4 0 2 4 1
M[151] : 3 4 1 5 2 4 5 7 4 5 6 5 4 5 4 5 6 5 6 1 2 6 0 6 4 5 1 5 5 4 6 5
M[152] : 6 6 4 3 3 4 4 0 4 2 6 4 6 3 3 3 0 3 4 3 4 5 4 3 7 2 4 5 4 4 4 2
M[153] : 4 2 5 5 5 4 5 4 4 0 5 3 4 6 4 3 6 3 5 0 5 5 6 3 4 3 4 7 4 1 4 4
M[154] : 5 0 7 4 3 4 5 4 2 3 3 5 3 5 2 4 5 5 4 3 4 5 3 4 3 3 4 3 3 4 5 2
M[155] : 3 4 4 2 4 5 4 2 2 4 3 5 2 5 3 3 5 3 5 3 4 0 6 4 7 4 6 7 6 2 4 3
M[156] : 5 6 3 6 2 5 4 6 6 4 4 6 2 4 5 3 4 4 5 3 4 6 3 1 5 5 3 0 5 5 6 2
M[157] : 3 2 3 4 7 4 3 4 2 2 2 4 4 5 3 3 3 4 3 0 4 4 2 6 4 3 4 5 5 3 3 5
M[158] : 3 5 3 4 5 4 0 4 5 3 5 3 3 3 2 7 3 3 5 4 5 4 5 5 5 6 6 7 4 5 4 5
M[159] : 7 2 6 3 6 3 5 6 5 6 3 0 7 3 3 4 3 3 5 4 4 5 5 7 5 4 5 3 4 2 3 2
M[160] : 3 3 4 4 3 4 3 2 3 4 3 4 4 3 2 6 5 6 4 3 3 0 4 3 4 2 4 3 4 5 4 3
M[161] : 4 6 4 5 6 4 4 4 2 4 2 6 4 4 3 1 3 5 3 0 4 6 5 4 4 3 2 4 4 2 2 4
M[162] : 6 3 3 5 7 6 4 1 0 4 5 5 6 3 1 5 3 5 4 2 3 3 2 2 5 3 5 3 4 4 5 2
M[163] : 3 4 0 5 4 6 3 4 5 1 3 3 4 3 3 2 4 4 5 4 4 2 5 4 3 4 5 4 4 4 6 4
M[164] : 5 5 4 3 6 4 5 5 4 2 2 5 7 3 6 4 0 6 4 3 2 3 3 5 2 5 4 4 6 6 2 6
M[165] : 0 3 5 4 5 5 2 6 3 4 3 7 4 1 3 5 6 3 5 3 4 3 4 7 3 3 3 2 3 6 4 2
M[166] : 5 2 4 5 7 4 5 2 3 4 6 6 3 3 3 6 3 5 6 2 1 7 4 4 0 4 4 2 3 5 3 5
M[167] : 4 4 1 3 4 6 3 4 3 4 3 5 2 2 3 2 3 6 7 4 4 0 5 3 3 4 4 5 4 3 5 3
M[168] : 5 3 5 3 4 0 2 7 4 2 5 4 5 3 7 5 3 3 6 5 1 2 5 5 0 5 6 4 1 3 5 4
M[169] : 3 5 2 6 4 3 5 3 6 4 5 5 2 2 4 0 5 4 6 3 5 3 5 2 4 4 4 4 4 4 4 7
M[170] : 6 6 2 2 2 5 2 6 5 2 5 2 3 3 0 4 4 4 3 5 4 5 3 6 4 0 5 6 4 4 5 4
M[171] : 7 6 5 4 0 7 3 3 7 2 7 3 5 4 4 4 6 4 3 5 4 6 3 4 5 5 3 3 2 6 4 5
M[172] : 5 5 4 2 5 7 4 4 6 5 3 4 5 5 2 3 7 6 5 5 3 6 4 4 4 5 4 3 4 8 2 0
M[173] : 6 4 2 4 2 5 5 6 2 3 5 2 6 0 4 7 3 3 2 1 6 2 3 4 6 4 6 7 3 5 4 1
M[174] : 6 5 4 6 6 3 3 5 3 2 6 2 4 0 2 2 4 5 4 5 3 4 5 4 3 3 3 6 4 5 2 3
M[175] : 3 4 5 5 7 5 6 4 3 0 4 7 4 4 4 0 3 1 6 2 3 5 5 4 5 4 3 3 4 3 5 2
M[176] : 3 3 2 2 4 4 4 5 2 3 0 1 4 4 6 4 5 5 5 3 6 2 4 7 4 6 5 5 3 5 4 5
M[177] : 5 6 5 5 5 5 2 5 7 3 4 6 3 2 2 4 4 0 3 3 3 5 2 4 4 4 1 3 5 5 5 5
M[178] : 7 2 5 2 3 1 6 3 2 5 7 4 3 3 4 6 4 5 3 6 6 4 6 5 6 0 6 3 5 4 5 2
M[179] : 2 3 3 4 3 4 6 2 4 5 2 4 6 5 2 5 5 5 5 6 6 0 6 6 1 4 5 5 6 7 4 4
M[180] : 4 5 2 4 5 5 6 4 4 2 5 4 3 3 2 5 0 3 4 2 2 6 2 4 5 3 4 4 2 6 4 4
M[181] : 2 3 4 4 5 3 0 2 3 4 6 4 2 2 3 6 7 7 4 4 5 1 5 3 3 5 5 1 5 4 4 3
M[182] : 4 4 3 3 6 4 5 3 4 4 1 3 5 0 3 3 4 2 5 1 4 4 2 6 1 6 3 4 4 3 5 7
M[183] : 5 5 6 4 4 4 0 3 2 4 5 4 8 4 3 5 5 2 5 1 3 5 5 4 5 5 3 6 3 6 2 5
M[184] : 6 3 6 2 6 4 5 3 2 6 5 5 4 3 4 3 3 5 5 5 5 3 4 4 0 5 2 4 3 5 2 2
M[185] : 5 6 1 5 6 4 5 6 3 5 7 6 5 1 4 3 2 3 4 6 3 5 4 5 3 3 0 4 3 3 2 3
M[186] : 7 3 7 4 5 3 5 2 4 5 3 7 4 4 3 3 2 5 3 2 2 3 5 5 4 6 3 3 2 4 0 3
M[187] : 0 5 5 3 4 5 2 4 4 4 2 5 5 4 4 6 5 6 4 4 3 2 5 5 0 6 4 6 5 3 3 5
M[188] : 5 5 4 0 5 6 7 3 4 3 6 7 5 4 5 3 5 2 2 5 3 4 2 4 6 3 5 7 6 6 5 6
M[189] : 3 3 4 2 4 4 3 5 5 3 4 2 3 5 3 5 5 4 5 3 6 6 6 4 3 7 6 4 6 6 0 3
M[190] : 3 5 5 3 5 5 2 3 6 2 4 5 0 2 4 6 5 2 6 5 5 1 4 6 5 4 3 4 7 4 6 5
M[191] : 6 4 4 3 4 4 4 3 6 3 6 4 0 5 3 4 6 6 4 4 2 6 4 4 4 2 3 4 4 5 2 3
M[192] : 5 5 7 3 5 5 5 5 6 2 5 3 3 4 6 3 5 3 5 5 5 5 2 5 4 3 5 3 3 0 3 5
M[193] : 5 4 3 1 4 5 6 4 4 3 2 3 2 3 4 5 5 6 4 2 5 0 4 6 5 4 4 6 5 2 6 4
M[194] : 3 3 3 5 5 2 5 5 5 2 3 1 6 4 4 5 3 4 4 4 3 2 6 5 4 0 4 7 4 4 5 3
M[195] : 4 4 4 6 6 4 4 4 5 5 2 3 5 4 4 1 4 6 6 5 4 0 7 7 5 4 3 3 4 4 4 5
M[196] : 3 5 5 3 5 6 4 3 4 3 4 4 2 4 3 6 3 3 0 2 3 6 3 6 5 5 4 3 6 4 5 4
M[197] : 6 5 0 4 6 2 4 4 5 3 4 5 7 4 4 4 4 6 6 5 5 4 2 4 7 5 2 7 3 2 4 2
M[198] : 4 4 5 4 5 4 3 4 5 2 5 1 6 2 5 6 6 6 4 6 6 4 5 7 5 3 5 4 4 0 6 3
M[199] : 5 5 5 3 5 4 5 5 4 4 5 2 3 3 4 0 6 5 6 7 5 6 6 6 4 4 3 5 7 5 3 4
M[200] : 2 4 3 2 5 3 3 6 5 4 4 2 3 5 4 4 7 3 6 3 4 4 3 6 5 5 5 0 3 3 2 4
M[201] : 3 6 2 5 4 3 6 4 4 0 6 3 4 3 5 4 2 1 2 3 2 7 5 4 3 1 6 6 4 2 3 3
M[202] : 4 6 6 5 3 4 6 5 6 5 0 3 1 1 3 4 4 5 4 5 2 3 3 3 3 5 5 2 6 5 4 4
M[203] : 2 3 2 4 4 6 4 4 4 6 5 3 4 5 2 3 6 4 5 4 3 5 5 3 3 3 6 4 0 2 5 4
M[204] : 5 4 6 4 4 5 3 5 4 4 5 0 3 4 5 5 6 4 4 3 5 3 5 6 3 5 2 4 5 5 4 4
M[205] : 5 2 6 5 3 5 4 4 5 4 6 6 1 2 3 2 2 5 5 3 3 6 6 7 2 4 2 2 6 5 0 3
M[206] : 4 6 3 6 3 1 0 3 4 4 4 4 3 2 4 6 6 5 3 2 7 5 5 2 3 2 4 4 3 3 5 5
M[207] : 6 5 6 6 4 5 5 1 5 5 3 4 7 1 4 6 6 6 4 4 4 4 4 3 4 6 5 3 0 4 1 5
M[208] : 5 1 5 2 4 3 7 1 4 5 4 4 3 3 3 2 5 6 4 4 2 6 6 5 4 3 0 6 5 3 4 3
M[209] : 0 4 3 4 5 4 3 4 7 4 4 3 4 6 3 3 3 3 4 4 2 5 4 4 4 6 6 4 5 4 6 2
M[210] : 4 3 6 4 5 5 5 2 2 5 2 2 6 2 1 6 4 3 5 4 6 5 7 4 0 4 5 4 5 3 5 3
M[211] : 1 6 5 3 2 4 5 5 3 4 3 5 5 4 4 0 3 0 3 4 5 4 5 6 6 4 4 6 6 4 7 3
M[212] : 4 3 3 3 4 4 5 3 4 3 4 5 4 3 3 6 6 7 0 5 3 7 4 5 2 6 5 6 4 4 6 4
M[213] : 6 4 5 4 5 5 6 4 5 3 4 4 6 4 3 7 5 4 2 5 0 5 2 5 3 5 5 3 3 7 2 5
M[214] : 5 3 6 0 4 3 0 0 4 2 3 6 5 3 3 4 3 6 4 5 3 5 3 5 2 3 1 4 5 4 6 4
M[215] : 5 5 3 3 4 2 5 5 5 3 3 3 4 5 4 6 4 5 3 2 5 6 7 4 4 5 2 7 5 0 4 3
M[216] : 5 6 3 5 5 5 6 5 0 3 3 5 5 5 4 7 5 1 4 4 6 3 3 6 3 3 3 6 4 1 3 4
M[217] : 4 3 4 4 0 3 4 4 6 5 5 3 5 3 4 6 4 5 3 4 5 4 4 1 5 3 3 2 3 3 3 5
M[218] : 4 4 4 4 3 2 6 6 3 7 3 5 5 4 3 4 3 3 4 3 4 6 0 5 5 4 4 6 5 3 6 2
M[219] : 2 0 6 4 4 4 5 4 5 5 2 4 4 0 4 5 5 5 5 5 5 2 3 5 5 4 4 6 5 1 5 6
M[220] : 6 7 5 4 4 3 5 4 4 3 3 6 3 4 5 4 2 4 2 5 1 1 3 4 4 4 4 4 3 6 0 4
M[221] : 2 6 5 4 0 4 4 3 3 3 8 3 4 4 4 4 5 0 4 3 3 7 4 4 4 4 4 3 6 4 3 6
M[222] : 7 5 5 4 2 6 5 2 5 4 5 3 4 4 1 4 5 4 4 4 6 5 4 5 3 5 4 0 3 4 4 3
M[223] : 6 0 3 4 5 3 3 2 6 5 6 5 5 4 3 4 4 4 7 4 6 4 5 4 2 5 3 4 0 5 4 5
M[224] : 5 3 5 2 4 4 5 2 3 5 5 4 6 2 3 7 2 4 7 6 4 4 5 5 4 4 3 0 4 5 5 7
M[225] : 5 5 6 4 2 5 4 4 5 4 5 4 6 0 2 1 2 6 5 0 2 2 4 2 5 0 5 3 5 4 4 3
M[226] : 5 6 1 5 4 4 3 1 2 0 3 5 6 3 6 5 3 5 0 2 2 3 5 4 5 3 5 4 3 2 4 6
M[227] : 3 7 4 3 2 2 6 5 5 5 3 6 5 6 1 2 5 4 5 3 4 2 4 0 4 4 5 5 3 5 4 5
M[228] : 5 3 1 5 3 5 5 4 4 4 5 4 3 5 3 5 7 5 0 4 5 5 4 0 4 4 5 4 4 4 6 3
M[229] : 4 5 6 5 4 7 6 3 3 0 4 4 2 3 1 3 4 3 5 2 6 5 8 4 4 3 7 8 4 5 4 6
M[230] : 5 4 3 3 4 4 4 6 5 3 4 4 4 3 3 5 5 4 4 5 4 5 2 3 4 0 2 3 3 5 2 3
M[231] : 3 4 6 3 4 4 4 6 0 1 4 4 3 2 2 5 3 4 6 2 4 4 5 4 4 2 5 5 4 4 4 5
M[232] : 0 5 5 4 4 6 6 5 4 2 3 4 4 4 4 4 5 4 5 3 5 1 1 5 5 4 4 6 6 5 6 4
M[233] : 3 4 3 4 4 1 7 3 4 1 6 6 5 5 1 3 6 4 6 3 2 4 4 2 3 0 3 5 4 3 4 3
M[234] : 5 4 3 5 5 5 1 4 6 5 4 5 5 4 6 6 5 4 1 4 4 4 3 1 0 1 6 3 3 3 4 4
M[235] : 3 3 4 6 3 3 0 4 5 5 5 4 4 2 1 4 3 5 6 1 4 5 3 6 5 5 7 2 6 4 4 5
M[236] : 3 3 5 5 3 2 3 3 2 4 6 3 4 4 3 5 3 3 5 3 5 2 2 4 4 1 0 3 6 5 3 2
M[237] : 6 5 4 5 4 6 5 4 4 5 5 4 0 3 5 3 5 3 7 4 6 4 5 3 4 4 6 3 3 5 5 3
M[238] : 6 3 1 4 2 5 4 0 3 3 5 5 4 5 3 7 2 5 5 5 1 4 3 4 5 6 3 3 5 7 3 2
M[239] : 5 6 4 3 6 0 4 6 4 5 5 4 2 4 6 3 2 3 3 4 3 7 3 2 3 3 5 4 3 2 1 5
M[240] : 3 5 2 3 4 5 3 1 4 3 5 4 3 2 6 5 2 5 3 4 3 4 3 3 6 2 4 6 4 4 4 0
M[241] : 3 4 6 4 6 5 6 7 3 2 6 4 5 3 2 3 4 0 4 4 3 2 5 4 3 4 5 4 1 5 3 2
M[242] : 5 4 6 3 5 4 5 5 7 5 4 4 3 3 6 0 3 5 3 2 5 3 5 1 5 3 6 6 3 6 2 5
M[243] : 4 6 3 5 4 0 4 2 6 2 4 2 3 3 4 3 2 5 3 2 4 3 2 4 4 2 6 6 6 6 4 3
M[244] : 3 7 3 4 3 2 6 3 4 5 2 5 6 3 4 8 6 5 0 3 4 4 4 4 6 3 4 5 3 5 4 5
M[245] : 0 4 0 2 6 3 1 3 3 6 5 4 5 5 6 3 4 3 2 5 4 4 3 7 5 5 3 5 1 5 5 1
M[246] : 2 5 7 3 3 4 4 7 5 4 4 4 2 4 3 2 5 2 4 4 5 4 6 2 4 4 5 3 4 0 6 2
M[247] : 6 5 1 4 0 4 4 4 5 4 6 3 3 2 4 6 2 6 4 5 8 4 2 5 6 2 6 5 4 3 3 5
M[248] : 4 5 4 2 3 3 3 4 4 5 4 3 3 5 3 5 5 4 7 2 3 4 6 4 5 2 2 5 3 6 3 0
M[249] : 6 3 5 3 5 4 5 4 3 3 8 4 5 4 4 4 4 5 2 2 5 1 3 0 5 4 2 3 3 2 4 3

