 Execution de l'algoritme BITS sur le fichier dsjc500.5.txt
=====================================================================
 Partitions  : 
Vk[0] : 388 443 368 421 6 498 426 493 467 -->  9 éléments.
Vk[1] : 413 298 228 21 143 263 399 71 441 -->  9 éléments.
Vk[2] : 384 291 339 205 425 276 486 465 294 -->  9 éléments.
Vk[3] : 437 15 338 352 297 460 114 302 187 -->  9 éléments.
Vk[4] : 175 393 343 454 198 473 407 149 -->  8 éléments.
Vk[5] : 69 253 111 392 280 73 3 308 101 -->  9 éléments.
Vk[6] : 51 92 271 331 428 209 36 239 49 -->  9 éléments.
Vk[7] : 466 348 266 52 24 62 168 37 105 -->  9 éléments.
Vk[8] : 34 155 203 59 382 208 103 146 66 -->  9 éléments.
Vk[9] : 446 273 238 131 406 485 317 451 33 -->  9 éléments.
Vk[10] : 402 224 204 316 113 336 4 427 173 -->  9 éléments.
Vk[11] : 492 41 139 125 82 88 322 306 58 -->  9 éléments.
Vk[12] : 401 120 95 65 18 363 207 258 107 -->  9 éléments.
Vk[13] : 17 68 491 138 367 142 201 167 148 -->  9 éléments.
Vk[14] : 174 104 75 439 349 80 172 365 -->  8 éléments.
Vk[15] : 83 360 210 85 272 380 55 301 2 -->  9 éléments.
Vk[16] : 8 293 222 31 109 116 121 94 -->  8 éléments.
Vk[17] : 274 314 112 225 128 123 28 311 304 -->  9 éléments.
Vk[18] : 47 364 410 233 487 145 390 414 245 -->  9 éléments.
Vk[19] : 335 344 395 240 255 252 42 341 -->  8 éléments.
Vk[20] : 277 45 237 102 56 375 241 19 130 -->  9 éléments.
Vk[21] : 396 157 458 264 192 213 195 299 275 -->  9 éléments.
Vk[22] : 249 158 279 405 438 29 307 54 124 -->  9 éléments.
Vk[23] : 496 361 337 489 422 186 362 151 -->  8 éléments.
Vk[24] : 196 108 345 270 99 323 319 369 79 -->  9 éléments.
Vk[25] : 197 376 381 490 1 27 43 160 -->  8 éléments.
Vk[26] : 261 212 287 457 303 371 260 10 -->  8 éléments.
Vk[27] : 288 300 14 482 321 315 46 340 98 -->  9 éléments.
Vk[28] : 7 325 430 397 44 415 483 185 87 -->  9 éléments.
Vk[29] : 494 126 91 475 150 246 232 333 278 -->  9 éléments.
Vk[30] : 474 267 470 178 244 324 265 281 442 -->  9 éléments.
Vk[31] : 211 495 38 462 440 32 147 476 -->  8 éléments.
Vk[32] : 435 484 351 156 403 247 199 417 -->  8 éléments.
Vk[33] : 40 251 409 64 243 359 181 468 295 -->  9 éléments.
Vk[34] : 30 23 129 90 110 374 471 450 -->  8 éléments.
Vk[35] : 74 394 328 389 159 305 488 171 81 -->  9 éléments.
Vk[36] : 329 132 456 385 404 282 416 290 231 -->  9 éléments.
Vk[37] : 169 100 152 432 153 461 137 236 449 -->  9 éléments.
Vk[38] : 411 162 190 357 163 387 122 166 235 -->  9 éléments.
Vk[39] : 477 355 479 194 433 499 480 431 350 -->  9 éléments.
Vk[40] : 424 61 257 448 269 284 86 242 -->  8 éléments.
Vk[41] : 183 191 469 318 497 136 63 366 347 -->  9 éléments.
Vk[42] : 5 50 72 67 254 223 309 39 12 -->  9 éléments.
Vk[43] : 453 334 354 286 134 60 386 93 230 -->  9 éléments.
Vk[44] : 193 214 373 383 436 313 35 358 226 -->  9 éléments.
Vk[45] : 77 11 22 330 372 353 188 259 445 -->  9 éléments.
Vk[46] : 227 176 217 447 133 285 13 154 429 -->  9 éléments.
Vk[47] : 320 57 256 117 170 16 419 342 206 -->  9 éléments.
Vk[48] : 434 179 97 379 220 268 118 219 165 -->  9 éléments.
Vk[49] : 455 292 327 20 463 391 200 140 326 -->  9 éléments.
Vk[50] : 218 184 412 135 248 215 312 296 221 -->  9 éléments.
Vk[51] : 115 9 356 84 332 164 378 459 400 -->  9 éléments.
Vk[52] : 53 444 250 127 408 96 189 144 481 -->  9 éléments.
Vk[53] : 106 229 180 423 70 161 76 78 377 -->  9 éléments.
Vk[54] : 472 283 234 398 346 141 420 452 -->  8 éléments.
Vk[55] : 25 26 418 0 182 89 119 289 216 -->  9 éléments.
Vk[56] : 48 310 177 464 202 478 370 262 -->  8 éléments.
Matrice M
M[0] : 2 4 6 5 4 3 5 2 4 5 7 5 3 4 4 3 6 5 7 5 4 4 3 3 6 3 4 7 3 5 5 5 7 4 6 5 5 5 6 5 6 7 3 6 7 5 6 4 4 3 4 4 4 5 4 0 5
M[1] : 6 8 3 4 6 4 6 3 3 6 4 1 5 5 4 5 4 5 2 4 5 8 5 3 3 0 4 7 5 6 9 2 3 6 5 4 6 4 5 7 2 4 6 4 5 5 4 4 5 7 4 7 5 5 3 3 1
M[2] : 7 5 3 4 3 5 5 6 4 6 5 8 3 6 6 0 2 6 3 6 5 3 5 2 4 4 3 4 3 5 5 3 4 5 6 5 1 6 8 3 3 5 6 6 4 4 7 3 4 6 5 4 5 4 5 3 1
M[3] : 7 8 5 3 6 0 4 8 7 6 5 6 4 5 5 3 1 4 6 5 4 6 5 7 5 6 3 6 3 5 4 3 5 3 3 3 5 6 7 2 5 6 6 3 4 5 5 7 4 6 7 4 3 3 7 4 4
M[4] : 5 4 7 7 3 4 4 7 4 7 0 5 4 4 3 2 5 6 3 4 5 4 5 6 4 5 2 6 4 4 5 7 6 6 4 5 6 5 5 5 6 3 5 3 4 5 6 6 3 2 4 3 6 5 4 5 3
M[5] : 3 2 4 6 4 5 5 5 6 4 6 8 6 7 3 5 5 4 5 3 5 4 4 5 5 7 1 3 5 4 3 6 3 5 3 5 6 5 3 4 7 7 0 5 4 4 4 5 4 7 4 3 3 5 4 4 7
M[6] : 0 3 6 2 5 3 5 5 6 5 7 3 5 6 4 6 4 3 8 5 6 6 4 3 4 4 3 7 3 2 7 3 4 5 2 6 5 5 4 4 1 4 3 6 3 3 5 0 5 7 5 3 7 6 4 6 2
M[7] : 4 4 6 4 5 4 4 5 4 3 4 4 7 8 3 3 5 3 4 5 2 6 4 6 4 5 3 8 0 5 6 4 2 2 3 6 6 3 3 1 3 6 4 4 2 6 5 2 6 7 7 3 2 5 4 3 4
M[8] : 5 3 6 4 3 3 6 7 5 7 6 3 4 3 6 5 0 6 5 1 6 3 6 4 4 4 3 5 2 6 4 4 3 4 6 4 3 3 6 5 4 5 4 6 5 6 5 7 4 6 4 8 7 5 5 7 5
M[9] : 3 3 5 8 7 7 6 6 3 6 5 3 5 6 7 4 4 5 6 6 6 4 4 2 5 5 5 4 4 5 6 2 4 6 6 5 6 3 4 4 5 3 3 6 2 4 2 4 4 4 4 0 4 2 4 5 3
M[10] : 7 6 5 5 7 5 3 7 5 6 5 3 5 6 4 4 3 3 6 3 3 6 4 3 6 4 0 5 5 5 5 2 1 6 6 3 2 3 6 2 5 5 2 3 4 4 4 4 6 5 3 3 3 4 5 4 3
M[11] : 4 5 5 5 3 4 7 5 6 3 6 3 4 5 4 7 6 3 4 3 4 6 3 7 5 6 5 5 6 2 3 4 4 5 4 4 5 8 5 6 5 3 4 5 4 0 5 2 6 2 6 5 5 4 2 2 3
M[12] : 4 4 3 7 4 4 4 7 4 4 1 6 5 6 4 7 2 6 3 2 2 7 5 1 2 3 2 3 1 5 4 4 0 4 5 4 4 5 5 4 6 1 0 3 6 7 4 4 5 5 4 7 5 5 5 5 2
M[13] : 5 4 9 6 4 3 4 6 5 5 3 6 5 3 5 6 4 7 3 5 5 5 5 4 6 3 3 8 5 3 7 5 5 5 4 5 7 4 6 6 8 4 4 5 5 4 0 4 3 8 7 5 4 2 7 6 5
M[14] : 3 6 4 4 5 6 4 5 6 3 4 5 7 4 4 4 6 5 6 4 6 5 5 4 5 6 5 0 4 5 7 3 1 7 4 5 4 8 4 6 5 3 5 6 6 3 4 3 5 5 5 4 4 5 4 4 3
M[15] : 8 7 5 0 4 4 5 6 5 3 5 3 5 4 4 4 5 4 6 6 4 4 7 4 5 0 1 6 5 6 4 6 6 3 4 4 3 5 3 3 8 4 4 5 4 7 5 5 6 2 2 6 6 5 4 7 3
M[16] : 6 6 4 4 4 4 4 5 4 4 5 4 4 5 1 3 4 7 5 3 4 3 5 6 4 6 4 3 2 4 4 2 2 4 4 5 3 5 4 2 3 6 6 8 5 5 6 0 5 7 5 6 6 4 7 5 4
M[17] : 2 2 5 5 4 6 4 6 6 8 3 3 5 0 4 3 3 5 1 6 5 3 3 3 2 3 6 3 2 6 4 4 3 4 5 6 5 7 5 8 5 3 7 6 4 4 5 5 7 4 6 6 4 6 2 3 5
M[18] : 5 3 5 5 3 6 8 6 5 4 5 4 0 3 7 5 5 2 5 4 6 3 3 3 6 3 2 7 6 4 4 6 4 4 3 6 5 4 4 4 2 5 4 4 4 6 5 4 2 5 4 5 5 6 2 3 4
M[19] : 6 5 7 2 3 3 5 5 6 4 2 4 7 3 4 5 4 6 4 4 0 6 3 3 4 4 2 6 6 4 5 6 4 1 7 7 3 3 5 3 4 3 8 3 2 3 6 5 6 6 5 3 1 5 4 2 4
M[20] : 4 5 4 6 6 6 2 5 3 6 3 1 5 5 3 5 4 5 4 4 8 5 6 6 3 5 4 4 5 6 3 5 4 4 6 4 4 5 4 3 4 4 8 5 8 6 4 5 2 0 4 3 4 2 4 4 4
M[21] : 5 0 5 7 3 4 6 5 5 6 4 5 2 4 4 6 4 5 4 4 5 5 7 5 5 4 4 7 6 5 4 4 2 3 4 6 2 6 4 4 2 2 4 5 5 5 4 7 4 5 5 6 7 3 4 2 3
M[22] : 3 6 3 5 4 6 5 6 2 3 6 5 4 5 4 7 4 4 4 7 3 4 2 3 5 4 2 4 4 5 6 2 2 5 3 4 6 4 2 3 3 3 6 3 5 0 5 5 5 5 5 5 6 6 3 5 6
M[23] : 6 1 6 2 3 5 5 5 4 1 4 3 8 6 5 5 6 6 3 6 5 6 3 8 6 7 2 8 2 7 6 2 4 5 0 1 2 2 4 7 5 4 7 5 5 4 4 3 3 7 8 2 5 4 3 5 3
M[24] : 4 3 5 4 5 2 3 0 5 3 5 4 5 4 4 5 5 4 7 4 4 5 6 4 4 1 3 6 5 4 7 5 2 6 5 3 4 6 6 2 3 4 4 6 1 3 4 3 6 8 7 4 4 7 5 3 1
M[25] : 5 4 5 4 3 3 4 6 1 5 4 3 3 3 5 7 5 8 5 5 4 2 5 6 5 1 3 6 3 3 3 5 6 5 5 5 3 2 6 5 4 2 4 4 5 6 4 2 5 5 4 3 5 5 3 0 3
M[26] : 3 3 5 8 4 3 5 3 7 6 4 3 6 2 1 2 5 6 4 4 6 3 7 4 5 3 4 5 5 4 6 5 5 5 2 4 7 6 6 3 6 4 4 5 5 4 6 5 4 4 3 6 6 8 4 0 4
M[27] : 6 5 3 7 5 6 2 5 7 3 5 3 7 5 1 6 4 4 6 4 5 7 3 5 6 0 4 1 3 4 4 4 5 5 3 4 3 6 5 6 7 4 6 5 5 2 7 3 6 3 5 3 3 4 5 6 3
M[28] : 2 6 4 4 4 5 4 6 7 1 5 2 5 5 6 2 4 0 5 2 4 4 4 6 4 3 6 7 5 3 5 5 3 4 6 4 3 6 7 5 3 3 5 5 3 3 7 3 5 4 7 6 5 2 4 5 4
M[29] : 3 5 5 8 3 7 6 3 7 5 4 4 5 5 1 4 3 0 3 2 4 7 0 6 6 2 5 4 5 5 3 5 3 3 3 2 5 3 7 4 2 1 6 4 5 3 6 5 5 6 1 4 5 4 3 5 4
M[30] : 4 6 6 5 8 7 4 5 4 7 4 6 4 3 3 7 3 6 5 1 6 5 7 3 4 5 5 4 5 6 6 4 3 3 0 6 4 5 5 6 5 3 4 4 4 3 4 7 4 6 6 6 4 6 2 5 7
M[31] : 7 4 4 6 4 6 5 5 2 3 6 4 5 4 3 5 0 5 2 3 4 4 7 5 6 6 3 6 5 4 6 4 2 3 6 3 6 7 5 7 3 4 5 5 3 5 7 2 4 6 3 5 5 4 5 4 3
M[32] : 5 4 1 2 3 4 5 1 3 4 8 3 6 6 5 3 6 5 5 5 7 6 4 3 6 5 6 4 5 4 5 0 4 8 3 5 3 5 3 5 6 4 4 5 3 4 3 6 4 5 6 3 4 2 4 6 1
M[33] : 5 3 3 6 3 7 5 3 3 0 7 4 7 4 6 6 3 3 3 3 6 4 4 3 5 7 7 6 7 5 6 3 4 5 6 6 3 4 6 4 1 4 3 2 6 4 6 3 8 6 6 7 7 4 2 4 5
M[34] : 5 3 5 5 6 3 3 6 0 6 3 5 7 8 6 5 6 5 3 4 2 2 4 5 7 3 4 6 6 5 6 2 5 5 3 3 3 7 5 6 5 8 8 3 6 7 6 4 6 4 5 7 3 5 4 4 3
M[35] : 6 2 5 6 4 4 4 2 7 5 3 2 4 5 2 8 6 4 3 3 7 5 4 3 7 4 4 5 5 4 3 3 3 4 5 3 6 2 7 7 2 4 3 3 0 6 4 6 4 6 4 5 4 6 4 6 5
M[36] : 5 5 5 7 5 7 0 7 5 5 5 3 6 5 4 2 5 5 6 3 5 8 2 5 6 6 3 6 5 5 3 3 3 4 3 4 7 5 6 5 5 5 3 3 0 6 3 8 3 6 3 4 1 6 4 6 3
M[37] : 7 5 4 6 8 3 5 0 3 3 3 6 4 7 4 6 4 5 1 2 3 5 3 6 4 4 4 5 5 3 4 5 7 6 3 5 7 4 3 6 5 5 4 4 4 5 6 3 5 5 1 4 5 6 4 5 5
M[38] : 5 4 4 3 3 4 5 7 4 3 7 3 6 4 4 5 3 3 5 4 3 6 5 4 5 2 5 2 3 5 4 0 6 5 6 5 8 7 4 2 4 4 5 7 6 5 4 7 4 3 4 4 4 6 5 5 5
M[39] : 4 7 4 5 4 7 5 6 5 7 4 4 6 6 1 4 5 5 0 5 3 3 2 6 4 5 3 7 0 7 6 3 6 6 5 3 6 6 5 4 5 4 0 6 7 5 5 6 3 7 5 5 4 6 4 4 3
M[40] : 5 7 6 5 7 5 5 8 6 5 4 5 6 5 2 4 2 5 5 5 5 4 2 6 6 3 5 7 5 5 6 5 4 0 5 6 6 6 6 2 4 4 4 5 3 2 5 1 5 5 5 4 5 4 3 5 4
M[41] : 1 4 3 2 4 7 5 6 5 5 7 0 3 6 4 6 2 2 4 4 4 5 2 3 3 4 3 6 6 1 3 3 6 5 5 3 8 5 6 4 2 5 4 6 7 4 5 6 6 5 5 5 4 4 5 5 5
M[42] : 6 6 3 7 3 4 5 6 3 4 7 6 6 3 6 4 4 6 5 0 4 5 4 3 7 3 7 3 3 3 3 5 4 5 2 6 4 3 2 4 4 6 4 6 2 5 3 4 6 3 4 3 3 1 5 4 5
M[43] : 2 4 5 4 3 6 3 3 3 6 4 5 7 6 4 4 6 3 2 3 6 5 6 5 4 0 4 3 3 6 4 7 4 3 4 6 7 1 8 4 3 5 4 5 3 4 4 7 6 5 6 6 3 7 3 3 4
M[44] : 4 4 7 7 6 4 7 4 8 8 5 4 2 5 6 3 3 4 5 4 6 7 7 6 5 3 5 6 0 4 4 4 5 6 5 2 4 5 5 3 5 5 2 4 5 6 3 3 5 3 5 4 3 5 3 4 4
M[45] : 3 8 5 7 3 3 3 2 3 4 7 4 7 6 2 4 2 6 4 5 0 3 6 4 6 5 6 3 5 7 5 4 1 5 3 3 4 4 4 5 2 2 4 4 6 2 3 7 6 4 3 4 7 6 6 7 5
M[46] : 5 3 5 6 1 6 8 3 4 4 2 4 7 3 6 3 5 5 4 2 6 2 1 5 3 3 4 0 5 6 4 5 3 6 5 4 3 7 1 2 7 6 4 4 2 4 6 2 4 6 3 5 4 6 3 4 5
M[47] : 6 3 8 4 2 4 5 3 7 4 5 6 3 4 4 4 6 5 0 2 5 3 4 2 4 1 3 4 5 5 5 3 4 3 4 5 5 4 4 3 4 4 4 4 4 3 4 6 7 6 6 4 2 4 6 7 4
M[48] : 5 5 5 1 4 5 5 4 5 3 4 4 3 3 3 5 5 5 4 6 4 4 6 4 5 4 5 5 5 3 6 3 5 4 7 2 2 3 4 4 6 4 5 4 5 3 4 7 4 6 5 3 4 4 4 2 0
M[49] : 3 6 4 3 5 4 0 3 4 6 5 5 7 4 4 7 4 7 3 4 7 3 4 2 3 2 7 5 6 3 7 5 3 6 2 2 7 6 6 7 4 6 4 4 5 3 5 3 3 6 7 6 5 2 5 3 1
M[50] : 4 3 3 7 3 5 3 3 3 5 4 3 6 7 5 7 2 5 5 3 5 5 5 4 4 5 2 6 6 5 6 5 7 6 7 5 7 6 4 3 2 4 0 4 4 5 2 6 6 5 6 4 5 4 5 5 5
M[51] : 6 5 5 4 6 5 0 4 6 5 2 5 6 2 3 2 4 5 6 4 4 6 5 2 5 5 1 6 5 5 5 4 4 6 4 5 5 4 6 5 4 3 5 4 5 8 4 4 4 6 4 4 5 7 5 5 4
M[52] : 5 5 2 3 6 6 5 0 7 4 4 4 4 6 1 7 4 4 5 3 4 6 5 3 6 2 2 3 5 6 4 4 4 5 4 3 5 3 6 6 5 5 7 5 4 4 6 5 3 5 4 4 5 4 5 2 7
M[53] : 8 7 6 6 3 4 4 6 4 3 6 6 5 6 3 6 8 5 6 6 6 7 4 3 4 1 7 4 5 4 5 5 4 5 4 5 5 3 4 5 4 4 6 5 3 6 6 3 4 4 4 5 0 4 3 6 4
M[54] : 6 4 4 4 2 4 3 7 4 3 6 4 4 2 5 4 4 5 5 6 4 6 0 2 5 3 2 3 7 4 4 3 4 4 4 5 4 5 6 4 5 5 4 4 7 3 3 2 6 5 4 5 6 4 6 7 4
M[55] : 2 5 3 2 5 5 2 2 3 4 7 4 6 4 4 0 3 6 7 5 4 3 3 3 6 5 1 5 3 6 5 1 5 9 3 7 2 5 4 2 4 6 5 7 7 3 3 5 3 3 2 2 3 4 3 4 2
M[56] : 5 6 5 7 5 5 6 5 6 6 7 4 3 4 3 2 5 4 6 4 0 4 3 3 6 7 4 3 3 6 4 4 5 6 2 5 4 5 6 3 4 3 6 4 4 4 3 4 4 5 3 5 5 2 2 4 5
M[57] : 5 6 4 5 3 5 2 3 6 5 5 4 3 5 2 4 3 4 3 3 7 4 5 3 6 2 6 4 7 3 6 3 3 4 4 4 2 4 6 6 4 5 3 5 5 4 4 0 4 0 5 3 5 3 5 3 5
M[58] : 5 4 5 3 3 7 4 5 4 4 5 0 3 9 5 7 4 3 4 6 4 6 7 4 5 2 4 4 4 4 6 1 1 3 3 5 4 5 5 6 6 5 1 4 5 6 5 3 4 4 5 4 5 3 4 4 4
M[59] : 4 5 4 4 6 4 7 4 0 6 2 4 7 2 6 4 5 7 7 6 6 6 6 4 2 2 4 4 2 5 4 2 3 5 3 7 5 2 4 6 6 4 3 5 5 5 6 5 3 7 7 4 5 4 4 3 1
M[60] : 5 4 4 4 4 4 4 7 4 5 5 5 2 5 4 7 6 4 5 4 5 4 5 3 5 6 2 3 3 6 3 5 2 5 5 5 5 5 3 5 4 4 5 0 2 7 5 7 6 4 5 6 4 3 3 5 4
M[61] : 4 4 7 7 6 5 5 5 6 5 5 6 6 3 2 6 3 3 2 5 3 4 5 5 5 3 4 7 5 5 6 6 5 7 4 3 4 4 6 5 0 3 5 5 2 5 5 5 1 3 4 4 5 3 2 4 2
M[62] : 4 5 3 5 3 3 4 0 4 7 5 4 4 5 7 3 3 6 5 4 4 5 7 3 4 3 2 5 5 5 6 7 4 5 7 3 4 5 6 2 3 5 5 2 5 5 2 4 2 6 6 4 3 2 4 3 2
M[63] : 3 7 7 6 5 4 4 4 5 4 3 1 7 5 6 4 4 2 4 4 2 6 6 6 5 4 3 7 4 3 2 4 3 4 6 2 5 2 4 6 2 0 4 5 6 0 5 4 4 7 8 7 5 2 5 3 6
M[64] : 6 3 3 4 4 3 3 6 5 5 5 3 5 4 3 5 6 8 4 5 5 6 6 4 6 7 3 2 6 5 7 6 6 0 4 3 5 6 7 4 8 6 5 7 5 5 5 4 5 2 6 5 5 5 4 3 4
M[65] : 7 4 4 5 3 6 4 3 6 4 5 5 0 6 5 4 3 1 6 3 6 4 5 4 6 5 2 6 4 7 5 6 5 5 5 2 4 4 2 6 5 7 4 3 5 2 5 7 6 6 5 5 4 5 3 5 6
M[66] : 3 6 4 3 3 3 7 2 0 2 3 5 6 7 4 5 4 8 6 2 4 4 8 5 6 3 3 5 4 5 6 6 3 2 7 5 3 5 6 1 6 4 3 4 4 7 6 4 5 7 5 4 5 5 6 5 3
M[67] : 3 6 4 4 2 4 5 4 6 5 3 5 1 6 6 4 4 4 4 3 6 3 5 3 6 4 4 3 2 3 5 2 5 4 5 7 6 6 7 4 4 6 0 4 2 6 5 4 2 5 6 4 4 5 3 3 4
M[68] : 4 3 2 4 4 4 3 4 4 8 5 7 5 0 4 1 2 5 4 4 3 3 6 5 5 3 6 4 5 3 2 5 5 4 5 4 6 5 5 3 3 4 6 6 5 7 8 5 3 7 6 3 3 3 3 4 5
M[69] : 3 5 8 7 4 0 6 6 4 4 3 4 4 3 3 6 3 4 8 7 4 7 3 6 5 2 4 4 3 4 7 3 5 6 6 2 2 4 4 3 3 4 6 2 2 3 4 5 5 6 5 4 5 6 5 5 4
M[70] : 4 5 4 7 6 4 5 5 5 2 4 5 3 4 4 3 6 6 5 4 6 5 4 4 3 5 3 5 3 3 6 5 6 9 4 4 4 5 4 1 2 3 5 6 5 8 6 5 6 7 1 3 5 0 6 7 6
M[71] : 5 0 4 3 3 5 3 6 7 4 5 3 5 7 5 6 4 5 1 6 4 5 3 5 3 4 5 4 3 8 4 5 2 3 3 5 6 5 5 3 2 3 4 1 4 6 5 3 4 4 4 4 5 6 5 3 5
M[72] : 4 5 4 4 5 3 3 4 2 6 6 4 5 4 5 6 4 4 5 6 4 3 6 4 2 5 5 2 3 6 3 1 3 8 5 5 6 2 4 4 3 3 0 7 4 5 4 4 6 6 1 5 5 4 4 5 4
M[73] : 2 3 6 5 2 0 4 5 4 6 4 4 7 7 5 4 2 4 7 4 6 3 5 5 4 4 5 5 4 7 3 3 3 4 4 4 4 5 2 3 2 6 6 5 6 2 5 6 7 6 4 5 3 5 5 1 4
M[74] : 3 6 3 3 2 4 3 6 4 3 4 5 4 4 4 1 4 4 9 3 5 5 4 3 4 6 2 3 5 4 2 4 2 6 3 0 7 3 3 4 5 8 5 4 2 6 5 5 6 5 5 7 7 3 4 6 3
M[75] : 6 6 5 5 4 4 3 6 7 3 6 7 7 4 0 7 5 6 5 6 3 2 2 5 5 3 4 5 4 5 7 4 2 6 2 6 7 3 6 2 6 4 5 2 4 7 3 3 6 6 6 5 5 4 5 3 1
M[76] : 2 4 6 6 6 5 5 7 3 4 4 5 3 5 2 4 6 2 7 3 2 5 5 3 4 1 5 6 6 2 5 3 5 6 3 2 6 3 7 6 5 9 4 5 4 3 6 3 5 4 4 3 2 0 3 4 5
M[77] : 3 6 2 2 3 3 5 5 6 5 3 5 5 2 4 6 6 5 3 5 4 5 3 5 4 5 5 5 6 5 5 6 6 6 6 8 3 1 5 4 3 6 4 4 5 0 2 3 5 4 6 6 5 7 5 6 4
M[78] : 5 7 4 1 5 2 4 3 4 3 4 5 2 4 1 7 3 7 4 3 6 5 8 3 5 7 4 6 5 3 5 3 4 3 1 5 4 2 5 5 5 4 4 5 7 5 3 3 6 3 5 2 4 0 2 5 4
M[79] : 4 6 4 7 3 6 4 8 4 7 3 3 4 6 5 6 3 3 5 3 3 6 7 5 0 4 6 1 5 3 7 4 6 6 5 4 5 7 2 5 5 5 1 3 5 6 4 6 4 4 4 2 2 6 3 3 6
M[80] : 5 4 5 4 4 2 6 5 3 4 7 6 7 6 0 6 4 7 5 3 5 5 7 3 6 4 5 3 4 6 4 3 4 4 5 5 4 7 3 5 4 5 6 5 5 1 5 3 7 7 4 4 4 5 3 6 3
M[81] : 4 4 6 6 2 2 6 6 6 5 5 6 6 4 4 4 3 5 4 2 5 0 3 3 6 5 2 6 5 5 2 5 2 7 4 0 4 6 2 4 2 7 6 5 6 6 5 3 6 5 7 5 7 5 3 5 5
M[82] : 4 4 5 7 3 6 5 3 5 5 3 0 4 3 5 3 4 6 6 4 4 4 7 4 2 5 6 7 1 4 3 3 5 3 3 6 4 3 3 7 4 4 6 6 4 4 2 6 5 3 4 3 6 4 5 5 5
M[83] : 5 3 5 6 4 4 5 5 6 2 4 4 6 5 3 0 6 5 6 3 5 4 6 6 6 2 4 7 2 4 5 2 5 4 5 3 5 6 7 4 3 4 3 3 3 6 5 7 6 4 7 4 5 6 6 7 4
M[84] : 7 4 7 4 2 4 6 5 5 3 5 7 7 3 2 6 3 7 4 3 7 6 2 5 6 5 4 3 3 3 3 5 2 2 4 5 5 5 3 6 4 8 6 4 3 6 7 8 6 5 5 0 7 3 5 8 2
M[85] : 4 6 3 5 6 5 5 5 5 4 6 5 5 5 7 0 3 3 7 3 6 7 6 3 5 6 4 5 5 3 4 4 7 7 5 4 5 3 6 5 3 4 5 6 5 7 7 7 3 4 4 3 5 5 4 6 4
M[86] : 3 3 6 6 7 6 8 4 6 3 5 6 7 4 5 3 2 5 4 1 4 4 4 5 2 5 3 8 2 5 4 3 4 3 3 2 6 4 6 3 0 4 5 5 5 5 7 4 6 5 6 5 5 4 5 4 4
M[87] : 4 5 7 3 4 3 4 5 5 4 4 3 2 6 4 2 6 4 8 3 6 5 4 5 3 2 4 4 0 5 5 5 4 6 4 7 3 6 3 4 2 2 1 4 3 3 5 3 6 6 4 4 6 4 5 4 5
M[88] : 5 5 6 2 2 2 4 3 4 5 4 0 7 4 4 4 7 5 3 2 5 4 6 4 6 5 5 4 7 6 7 4 3 5 3 5 3 7 7 4 6 3 3 2 5 5 6 3 5 4 5 4 4 5 6 4 6
M[89] : 5 2 3 3 4 4 6 4 2 5 4 5 5 6 5 7 3 4 6 4 7 4 4 5 3 5 3 5 5 2 4 4 4 7 4 4 5 3 5 5 4 4 6 4 5 7 7 5 6 6 5 6 6 4 5 0 4
M[90] : 5 3 6 7 5 2 2 4 7 4 5 2 3 7 5 6 4 5 6 3 4 3 5 5 2 3 6 6 5 5 4 1 5 8 0 7 6 6 4 4 5 6 4 6 5 6 6 6 7 4 4 6 5 4 4 5 3
M[91] : 6 6 6 1 5 3 5 3 6 6 1 6 6 4 3 5 3 3 4 3 5 6 2 3 4 2 3 3 6 0 3 2 3 7 4 4 3 2 4 2 4 6 4 4 4 4 5 3 3 6 5 2 3 3 3 6 4
M[92] : 5 5 6 5 3 4 0 4 3 5 7 4 4 3 4 3 5 3 4 4 5 4 6 4 4 4 0 5 6 3 4 4 5 7 6 7 4 3 4 5 2 3 6 5 4 4 7 4 7 4 6 4 5 2 4 6 3
M[93] : 4 2 5 6 3 4 4 4 3 4 4 3 3 4 4 4 5 5 0 1 3 6 6 5 6 4 6 3 2 5 5 3 4 4 6 5 4 6 5 6 5 2 4 0 3 5 3 4 5 3 4 4 5 7 4 7 4
M[94] : 2 7 6 4 2 3 4 3 5 5 3 4 3 5 4 3 0 4 4 4 6 3 5 4 5 5 3 8 3 7 5 5 2 6 5 4 2 4 5 6 2 3 3 3 4 4 4 7 5 4 5 4 5 5 2 6 3
M[95] : 2 7 3 8 5 4 3 3 6 4 5 4 0 4 6 4 4 7 4 2 3 3 3 5 6 6 6 2 6 6 3 5 5 7 2 6 6 3 4 3 7 7 6 4 4 4 3 4 5 2 5 3 6 3 6 7 6
M[96] : 2 2 5 3 5 3 4 5 7 5 4 5 4 5 3 5 7 6 6 5 4 4 4 5 3 3 4 5 5 5 6 3 5 5 6 6 6 3 5 6 7 1 4 4 3 1 5 5 5 4 3 5 0 6 3 6 5
M[97] : 3 5 3 3 5 7 6 5 2 2 4 5 6 5 5 3 3 3 4 5 6 4 5 4 1 6 3 4 5 3 7 4 3 5 2 6 6 3 5 4 4 3 2 2 5 2 6 5 0 5 6 4 7 5 3 2 4
M[98] : 5 7 4 3 4 7 3 6 3 6 6 3 4 4 6 3 4 5 3 5 5 5 2 5 4 4 5 0 5 5 3 3 4 5 6 4 5 3 4 6 7 2 6 3 5 7 5 6 2 5 7 7 3 6 7 3 6
M[99] : 4 4 3 5 2 7 4 4 3 3 6 4 6 5 3 5 5 5 4 1 4 3 3 3 0 5 4 5 4 5 3 5 6 7 3 6 7 5 5 4 5 4 3 5 6 6 5 6 4 6 3 3 6 3 4 5 5
M[100] : 4 5 5 5 3 5 5 3 5 5 5 2 5 5 6 4 5 8 4 6 4 5 3 4 5 5 5 6 4 6 4 6 4 7 1 1 4 0 5 4 3 4 3 6 7 7 2 5 6 3 4 6 5 4 3 6 4
M[101] : 3 2 5 5 6 0 4 3 4 4 4 5 6 4 2 5 2 7 5 5 6 4 5 3 4 5 5 7 6 4 4 5 5 3 6 3 3 5 3 5 3 4 4 5 4 2 3 4 6 3 6 5 4 5 4 4 4
M[102] : 4 5 5 4 5 4 6 4 6 6 7 6 7 5 4 5 3 5 4 5 0 5 4 3 5 4 2 5 4 7 4 4 1 8 5 5 4 4 2 3 5 6 4 5 4 2 5 6 2 2 4 7 5 4 3 8 5
M[103] : 3 5 6 6 5 4 3 6 0 8 5 5 2 6 4 6 3 4 5 6 5 5 3 2 4 1 5 3 3 5 3 3 5 5 4 5 5 3 4 6 5 4 3 3 4 4 2 4 3 5 6 4 6 5 3 2 7
M[104] : 7 4 6 6 5 6 4 4 4 6 5 4 6 3 0 4 4 4 6 5 3 3 4 3 5 1 5 5 4 6 5 5 3 4 6 7 6 7 4 5 5 7 5 4 4 6 7 5 2 5 2 5 5 3 2 5 3
M[105] : 5 5 3 5 2 7 4 0 7 3 5 4 1 3 8 5 5 6 6 4 3 5 5 4 5 6 4 7 4 4 5 2 3 5 6 3 6 3 7 6 2 4 6 3 8 4 5 6 7 4 6 4 6 3 3 8 7
M[106] : 4 3 5 5 2 5 5 4 6 7 2 5 6 3 7 5 5 2 7 5 1 5 4 1 3 6 3 3 3 8 5 3 3 4 2 4 6 5 2 7 5 5 4 2 8 7 1 5 3 5 5 5 7 0 5 3 4
M[107] : 3 6 1 7 2 5 6 6 5 3 5 3 0 5 2 5 8 5 4 5 6 4 2 3 7 4 5 5 4 4 3 6 3 4 6 4 3 4 8 4 4 7 5 5 4 5 3 6 5 2 4 4 1 3 3 3 3
M[108] : 3 4 5 2 3 4 3 3 5 3 2 4 7 5 5 2 8 3 4 7 7 4 3 3 0 5 4 5 3 5 5 6 4 2 6 7 4 6 2 3 3 4 5 5 4 6 4 4 3 2 3 6 5 5 5 7 4
M[109] : 4 4 6 7 4 3 5 4 4 5 6 4 4 2 6 5 0 5 2 3 5 2 6 3 4 6 4 5 6 5 5 4 4 5 4 1 7 2 6 7 3 4 6 3 4 4 3 4 6 5 4 5 5 5 2 2 6
M[110] : 4 5 5 5 4 6 5 5 5 4 7 5 3 5 5 6 4 4 6 6 5 7 6 4 4 4 2 8 3 4 3 4 5 4 0 4 6 3 6 6 5 8 5 3 4 5 7 2 3 5 3 4 6 2 2 4 5
M[111] : 5 6 6 6 5 0 7 6 3 6 6 8 4 2 3 8 5 5 5 3 5 4 6 5 6 3 5 5 4 5 7 5 4 3 3 4 5 4 0 3 7 4 4 4 4 3 6 4 7 3 4 5 5 2 2 3 6
M[112] : 3 3 4 3 6 3 7 6 4 7 8 2 3 4 6 5 3 0 4 5 5 5 2 3 4 6 2 4 6 6 4 3 6 6 4 3 4 3 6 3 3 5 5 5 6 7 6 6 3 4 4 8 6 4 3 4 3
M[113] : 6 4 5 2 4 5 5 3 6 5 0 4 6 3 4 6 3 5 3 5 5 4 6 3 3 5 4 3 4 4 3 5 4 5 7 6 3 3 7 5 3 3 3 6 5 5 3 5 3 4 8 4 6 5 3 5 5
M[114] : 3 6 5 0 5 6 4 6 3 5 5 3 6 6 7 4 6 2 4 4 4 6 7 3 6 3 5 4 5 2 6 2 3 4 2 4 3 5 4 5 5 3 5 5 4 1 4 4 4 3 7 4 6 4 6 5 3
M[115] : 5 2 5 4 1 6 9 4 6 4 5 3 4 5 5 8 3 4 5 3 6 1 7 0 4 3 3 3 6 4 6 4 4 5 3 3 4 6 4 4 6 7 4 5 6 5 6 5 4 7 3 0 3 4 4 3 4
M[116] : 2 2 4 6 2 3 6 4 7 4 3 6 5 6 5 2 0 6 6 3 4 4 6 1 5 3 3 3 4 5 7 5 3 5 6 4 6 5 7 5 5 6 4 3 6 5 2 4 2 4 5 5 6 7 4 5 3
M[117] : 7 4 4 2 4 6 5 4 7 3 5 6 7 6 3 4 3 6 5 3 6 6 5 4 3 4 5 2 5 3 7 4 7 5 4 4 3 3 4 4 4 6 4 4 5 5 3 0 5 5 4 5 4 8 4 4 3
M[118] : 4 5 6 6 2 5 6 7 4 6 1 5 5 7 6 6 2 3 4 4 5 4 3 3 6 2 5 5 6 3 4 4 5 6 6 4 5 4 5 7 1 2 2 4 4 4 4 6 0 6 2 4 4 5 6 4 5
M[119] : 3 4 3 4 4 3 4 6 4 6 5 5 6 3 4 2 1 4 5 5 6 8 2 4 4 2 6 5 7 5 5 6 4 2 4 4 5 6 4 5 5 6 7 5 6 5 4 8 7 4 8 5 3 5 4 0 3
M[120] : 4 5 5 6 5 3 7 3 4 5 4 6 0 5 4 5 4 4 4 3 4 5 3 4 6 5 5 2 3 3 3 2 3 4 5 6 6 2 5 7 6 5 4 7 4 2 3 5 5 6 6 5 1 2 3 6 5
M[121] : 3 6 3 5 4 4 7 5 5 4 3 5 3 3 6 4 0 7 3 4 3 3 4 5 1 2 5 6 4 7 5 4 5 5 3 4 7 6 4 3 3 4 3 6 5 6 6 4 5 3 6 4 5 4 4 4 1
M[122] : 7 6 4 6 5 4 4 7 5 7 5 4 6 4 1 5 4 4 3 3 4 5 6 5 6 2 4 3 4 2 5 3 4 8 4 4 3 5 0 5 3 5 4 8 6 5 1 5 6 5 6 6 7 4 5 4 6
M[123] : 5 4 5 5 5 4 5 4 4 3 4 3 3 5 4 6 3 0 4 4 3 4 5 2 6 2 4 3 3 6 6 4 4 5 6 2 7 7 4 4 6 5 8 6 5 5 5 3 7 5 5 3 4 7 3 6 3
M[124] : 7 5 3 8 7 3 6 2 4 3 4 6 4 5 4 5 5 5 5 4 5 8 0 3 6 4 2 6 2 3 4 3 3 5 4 6 3 5 2 7 5 5 6 2 8 6 6 5 5 6 4 6 5 3 2 3 5
M[125] : 4 5 5 8 3 4 3 5 4 5 4 0 7 7 7 3 4 2 6 6 6 3 5 2 6 4 5 6 5 6 3 6 3 6 3 2 5 5 1 6 5 2 6 6 3 2 5 6 5 5 6 5 3 4 4 3 4
M[126] : 4 4 4 3 5 5 6 5 3 5 6 4 3 1 6 4 3 5 4 4 7 4 6 4 6 4 4 7 3 0 5 4 3 7 3 5 4 2 4 5 5 5 5 6 5 3 7 3 1 6 5 4 2 1 3 6 6
M[127] : 6 6 6 4 4 3 3 6 6 4 7 3 5 6 4 2 2 3 4 5 4 3 6 5 3 5 5 7 5 3 6 3 4 6 3 2 7 6 4 4 4 4 5 5 2 7 5 4 2 8 5 4 0 4 6 3 6
M[128] : 4 5 5 5 4 7 6 8 6 4 2 3 6 5 5 4 6 0 5 6 4 7 3 6 3 2 5 5 4 3 5 2 5 6 4 3 3 6 4 7 4 5 4 3 4 3 5 6 7 6 4 2 2 3 3 5 3
M[129] : 4 3 5 2 2 3 4 7 7 8 5 4 6 5 4 4 7 6 6 5 5 6 2 3 4 4 5 2 5 5 7 3 2 4 0 6 6 3 3 5 5 4 3 5 7 5 6 5 3 4 5 4 5 1 4 5 4
M[130] : 3 2 5 5 6 8 7 5 5 5 2 5 3 7 3 4 4 5 3 2 0 6 7 3 5 3 3 6 2 5 3 4 4 5 3 3 6 3 4 6 3 1 3 7 5 2 4 7 5 4 3 6 4 4 4 3 7
M[131] : 4 4 6 6 3 2 6 4 6 0 5 6 4 4 5 3 6 3 4 6 4 5 6 3 4 4 7 6 5 6 4 6 5 5 3 6 5 5 5 7 6 7 5 6 4 6 8 4 3 4 5 5 2 6 5 3 0
M[132] : 4 4 2 4 4 7 3 4 4 7 3 5 6 6 5 3 6 7 6 4 3 5 3 7 6 4 5 3 6 3 5 5 6 3 4 5 0 5 4 4 3 4 5 6 4 5 7 5 7 4 0 5 3 8 4 6 4
M[133] : 4 7 4 5 5 4 3 7 5 5 3 8 3 5 4 6 3 6 5 4 3 4 4 4 5 5 3 5 5 6 4 6 4 3 2 3 3 3 3 4 6 7 4 5 6 6 0 5 3 4 5 4 5 5 1 6 5
M[134] : 3 6 5 4 4 2 4 5 6 6 7 4 4 4 7 4 5 4 3 4 3 2 3 5 5 4 4 6 7 6 3 3 4 2 4 6 5 2 7 2 2 4 3 0 5 5 3 6 1 4 6 4 5 5 7 5 4
M[135] : 7 5 4 2 5 7 6 4 4 7 4 6 7 5 4 2 6 5 8 5 4 5 5 3 2 5 4 4 3 7 3 4 7 5 5 6 5 3 5 5 4 5 6 5 7 5 8 6 3 4 0 3 5 4 7 6 6
M[136] : 2 5 4 5 3 6 6 2 6 2 5 6 7 4 4 3 3 3 4 4 3 5 2 4 5 5 5 7 4 4 5 6 1 5 3 5 4 7 4 3 4 0 5 5 5 4 5 3 4 3 5 5 3 5 6 5 5
M[137] : 4 6 4 6 4 4 3 1 6 5 6 6 7 4 5 6 4 6 4 2 7 5 6 4 6 2 5 4 4 5 6 5 6 7 4 4 8 0 5 7 2 3 5 4 5 4 5 7 4 4 3 7 3 5 3 5 7
M[138] : 6 3 4 5 6 5 6 5 5 4 6 4 5 0 4 6 6 4 5 3 6 6 5 2 4 3 5 3 7 6 4 7 4 4 5 6 2 3 5 3 3 4 5 6 6 4 5 5 2 4 7 5 6 5 5 5 4
M[139] : 4 4 3 4 5 6 3 4 2 4 5 0 4 5 5 4 3 3 5 4 6 8 3 3 5 5 4 1 3 4 3 4 5 7 4 8 4 4 4 3 4 6 6 4 4 6 5 4 3 3 5 5 3 5 4 5 5
M[140] : 4 5 5 4 4 5 7 5 6 6 3 5 4 6 5 5 4 5 7 2 1 4 6 6 5 5 4 4 5 5 2 3 3 6 5 6 6 3 5 5 3 3 7 3 5 6 6 7 5 0 8 4 4 4 5 5 6
M[141] : 5 2 5 4 6 6 6 4 6 3 3 4 4 4 4 4 3 4 6 1 6 5 4 5 4 4 6 6 4 3 4 6 3 5 2 4 7 4 6 6 4 5 7 5 5 3 6 5 5 5 6 4 5 5 0 8 2
M[142] : 6 6 4 3 5 2 3 6 3 6 5 7 4 0 3 3 6 6 6 4 3 3 5 5 5 5 6 7 4 2 6 1 4 6 3 5 5 1 4 5 3 5 4 5 5 4 7 8 6 4 5 3 6 4 6 2 4
M[143] : 4 0 3 6 2 6 4 3 4 2 4 4 6 6 3 5 2 5 5 3 6 6 1 5 3 6 7 4 7 4 4 5 6 4 3 6 5 2 5 3 1 3 4 4 3 6 5 5 6 4 6 4 5 4 6 4 4
M[144] : 4 6 4 6 6 6 3 5 5 3 4 3 2 4 3 5 2 4 4 3 5 4 7 3 6 4 7 1 2 2 6 4 6 4 5 6 4 5 4 6 2 2 4 5 4 2 3 5 4 4 7 3 0 5 4 5 3
M[145] : 7 5 4 6 7 5 4 5 6 1 4 6 4 5 5 3 2 5 0 4 2 6 6 6 5 1 4 5 4 3 6 6 6 4 6 5 4 5 4 6 3 6 4 4 3 5 5 5 6 3 6 4 5 6 4 5 1
M[146] : 6 4 5 4 5 3 4 6 0 3 5 7 4 5 5 4 5 5 5 1 7 6 4 6 5 4 2 2 3 4 4 5 4 2 4 4 5 6 3 4 6 4 5 5 6 4 6 5 5 4 3 7 5 5 5 6 5
M[147] : 5 5 6 4 5 6 3 3 5 5 5 5 3 5 3 5 4 3 5 4 3 4 5 2 6 8 5 4 1 4 3 0 3 6 2 6 3 5 3 6 2 5 3 6 2 5 4 5 2 6 4 5 6 3 6 3 4
M[148] : 3 3 7 4 4 6 3 2 3 2 2 5 3 0 5 4 3 4 2 4 6 3 1 3 7 3 3 4 5 3 8 2 5 4 5 4 3 6 1 5 2 6 6 3 5 3 3 6 8 3 5 1 5 4 4 4 5
M[149] : 3 3 2 5 0 7 4 5 5 4 4 3 3 3 3 6 5 5 4 5 5 2 4 3 2 6 2 6 4 7 5 3 3 8 4 4 7 4 6 5 3 4 7 3 7 5 4 7 4 5 5 5 3 4 3 3 3
M[150] : 4 5 6 5 5 5 1 4 5 7 6 5 4 3 5 3 5 3 5 3 7 6 3 3 5 5 5 5 4 0 5 5 4 3 4 5 1 7 6 4 5 3 3 4 5 2 4 4 4 5 6 8 6 3 5 2 5
M[151] : 5 4 7 5 5 4 4 4 5 6 4 5 4 6 4 5 3 4 5 4 2 6 2 0 3 0 5 5 5 5 8 3 4 4 7 3 5 6 3 3 3 4 2 4 3 6 4 5 3 5 5 5 6 4 3 7 6
M[152] : 5 8 3 4 4 3 3 5 6 5 7 9 2 3 4 6 5 4 4 6 5 4 7 2 3 4 5 4 2 8 6 5 4 6 3 3 4 0 5 5 4 3 5 7 6 6 6 7 4 2 6 4 6 6 4 7 2
M[153] : 4 4 0 4 3 5 6 5 5 5 5 4 4 4 4 4 5 3 6 5 6 6 4 6 3 3 4 5 3 5 5 7 5 3 4 3 5 0 5 4 4 4 4 5 4 2 3 6 5 4 3 5 4 8 5 4 3
M[154] : 4 3 3 5 3 4 5 2 5 7 4 2 4 7 3 3 5 4 4 3 4 5 4 6 5 3 3 6 7 3 3 1 4 3 3 6 5 5 2 8 4 6 4 3 2 5 0 4 4 7 5 6 9 6 7 5 4
M[155] : 6 5 6 4 3 6 6 6 0 3 7 5 4 4 3 5 4 7 2 4 6 5 5 6 8 5 6 2 7 3 5 3 5 8 3 5 7 6 6 3 3 7 3 7 4 3 7 7 5 3 4 7 6 6 2 4 4
M[156] : 4 6 4 4 3 5 2 5 6 3 6 6 5 4 4 6 3 4 4 2 2 4 4 4 3 5 3 3 4 3 7 4 0 5 5 5 5 6 4 4 5 3 5 4 2 3 3 6 4 5 4 6 4 7 3 8 5
M[157] : 3 5 6 4 5 5 5 6 8 7 7 5 5 6 3 7 7 5 3 4 2 0 4 5 6 8 7 4 3 4 4 5 2 4 4 3 3 4 6 4 4 7 5 7 6 2 7 2 3 2 3 4 5 5 4 2 4
M[158] : 6 2 5 6 2 6 3 4 7 4 7 7 3 4 2 4 4 6 3 6 6 4 0 3 2 4 5 3 6 3 4 5 4 3 2 3 6 7 6 3 4 4 8 3 4 3 4 8 6 5 4 4 7 4 5 3 3
M[159] : 7 8 6 5 4 5 5 4 3 4 2 4 4 4 2 9 3 5 6 5 4 7 4 5 5 2 6 4 5 4 5 4 4 4 4 0 6 5 4 5 4 6 3 5 4 5 2 3 2 1 5 6 4 3 3 6 3
M[160] : 7 6 4 4 4 4 6 3 7 4 7 7 2 3 4 4 7 6 3 6 7 4 5 1 6 0 1 5 4 5 5 3 3 4 3 7 6 6 5 6 3 6 5 5 6 5 5 4 4 5 5 4 3 3 7 6 8
M[161] : 3 6 6 4 5 3 6 1 5 4 2 2 6 2 4 4 5 6 3 4 5 4 3 5 3 5 3 6 4 4 2 3 6 4 4 3 4 3 5 4 4 5 5 8 7 6 6 5 7 6 6 1 6 0 4 3 5
M[162] : 5 3 3 7 4 5 5 7 5 4 2 3 4 7 3 5 6 5 5 4 4 5 5 3 7 5 3 6 2 6 4 2 2 5 5 5 1 6 0 4 5 5 4 4 3 6 6 6 3 7 4 3 3 3 6 3 4
M[163] : 4 5 7 4 7 3 6 4 3 4 6 5 2 3 6 5 5 4 3 3 5 2 4 3 2 5 4 5 3 5 4 3 5 3 4 5 5 6 0 4 2 5 7 1 5 3 0 4 4 5 6 4 1 6 2 7 5
M[164] : 3 4 4 5 5 4 3 6 4 6 3 8 6 3 4 4 4 1 3 3 7 5 4 6 3 4 5 6 5 5 1 5 1 6 5 5 4 4 3 3 4 5 4 4 4 5 2 4 4 4 4 0 5 5 7 4 2
M[165] : 2 5 3 5 4 4 4 4 7 2 2 5 5 4 4 4 3 2 5 3 5 5 7 5 6 7 3 4 3 4 5 5 3 6 3 4 2 6 5 7 3 3 4 3 3 3 3 5 0 4 5 6 3 5 4 6 2
M[166] : 3 2 5 4 3 4 4 7 3 7 4 5 5 2 4 6 5 5 8 8 3 8 5 6 7 5 3 6 6 6 4 2 3 3 5 3 5 4 0 4 5 5 6 5 6 2 4 3 5 4 5 4 7 5 4 6 6
M[167] : 5 6 6 6 2 2 6 3 7 4 7 4 2 0 1 7 3 5 3 3 4 5 4 6 7 2 5 4 3 2 5 4 4 5 4 2 5 4 5 4 2 7 5 4 7 3 2 3 3 4 6 6 8 3 7 2 3
M[168] : 6 5 3 4 3 6 5 0 4 4 6 6 4 1 6 5 3 3 6 2 6 5 2 4 5 4 3 3 6 4 4 4 3 7 6 5 4 3 4 2 4 1 3 5 5 7 4 2 3 5 6 6 2 6 5 5 4
M[169] : 7 3 6 5 5 6 5 5 5 2 4 6 3 5 4 6 2 6 5 6 4 6 6 4 6 5 3 7 4 5 3 3 5 4 4 4 7 0 5 4 7 5 6 5 4 6 5 1 4 6 3 5 5 6 6 4 5
M[170] : 2 5 6 4 6 5 5 1 4 3 3 5 8 5 4 6 5 5 5 4 3 4 4 3 4 6 3 4 3 5 5 4 4 4 5 6 4 4 3 6 4 2 3 6 3 4 4 0 3 6 5 7 1 7 1 6 5
M[171] : 4 6 3 2 2 3 5 5 7 3 4 2 5 6 5 4 2 1 3 3 4 6 3 2 5 2 4 6 5 5 6 4 4 3 7 0 2 3 4 8 3 5 6 4 5 4 4 5 4 5 3 6 4 6 4 3 5
M[172] : 5 3 5 6 5 5 4 8 5 3 6 5 6 4 0 8 4 4 3 6 3 5 3 3 3 4 1 8 4 5 4 4 4 3 5 1 3 2 7 7 4 6 4 7 6 4 6 5 3 6 7 3 4 5 2 2 3
M[173] : 6 6 3 8 7 3 5 5 4 6 0 3 6 5 3 4 7 3 4 6 3 4 6 2 3 4 5 3 7 4 7 4 4 7 6 4 6 4 4 2 2 5 3 8 6 5 4 5 2 4 4 7 5 4 3 5 6
M[174] : 6 6 5 3 5 3 6 4 7 7 5 4 5 5 0 5 5 4 4 5 5 3 4 4 4 5 2 6 4 3 6 3 2 8 3 3 4 7 5 7 3 4 4 3 6 5 2 4 3 3 5 4 3 5 4 4 4
M[175] : 5 3 4 4 0 6 6 5 4 6 3 3 6 7 3 6 2 5 6 4 3 4 5 4 4 3 6 5 7 4 4 4 3 6 4 5 6 1 4 4 4 6 4 4 4 3 4 3 3 6 3 3 4 7 4 3 6
M[176] : 3 5 4 2 4 4 8 5 7 5 4 5 4 5 7 3 5 3 5 6 6 1 3 4 3 5 5 4 5 4 5 5 5 5 5 4 3 6 3 5 3 4 5 4 8 4 0 6 4 5 4 4 3 4 2 5 3
M[177] : 4 5 4 6 2 5 5 4 5 5 6 3 7 4 5 6 3 3 1 4 9 3 5 6 3 4 7 3 4 5 5 4 4 6 6 6 5 6 5 4 5 5 7 4 4 3 3 6 4 3 3 5 4 6 4 5 0
M[178] : 5 4 3 6 5 6 3 4 2 7 4 5 6 4 3 3 4 7 5 4 7 6 3 3 5 5 3 4 4 4 0 5 7 5 5 5 6 3 6 3 5 5 4 4 5 3 6 6 6 3 5 6 5 5 2 5 2
M[179] : 5 3 6 1 3 6 2 3 5 8 3 7 4 5 3 4 4 4 5 4 3 4 3 2 6 5 8 7 5 3 6 6 5 5 4 4 6 7 5 4 6 6 4 6 5 3 4 3 0 4 5 7 5 5 6 4 5
M[180] : 3 4 3 5 4 6 5 5 5 5 4 5 5 5 5 2 3 2 5 5 5 4 4 7 4 3 5 4 5 3 6 3 5 6 2 4 6 6 3 6 3 3 4 4 3 7 6 4 3 3 4 3 5 0 3 4 3
M[181] : 5 3 4 6 5 7 4 3 5 2 7 6 6 3 7 4 6 3 6 3 5 4 3 3 5 4 4 6 1 5 2 6 4 0 3 6 5 3 3 3 4 5 5 5 6 3 8 2 7 4 7 7 4 5 5 4 4
M[182] : 8 6 7 7 3 5 5 5 5 6 6 4 5 4 4 5 6 3 6 4 4 6 6 5 6 3 4 6 5 3 4 3 1 7 3 6 5 8 5 3 5 4 3 3 5 5 5 5 5 5 6 7 4 2 3 0 5
M[183] : 4 1 5 3 4 3 3 3 5 4 7 4 5 2 3 3 5 6 4 4 3 6 3 6 6 4 3 5 6 3 5 4 6 3 1 9 5 3 3 5 6 0 6 2 4 5 7 2 7 5 4 3 1 4 4 5 5
M[184] : 4 5 2 7 6 7 5 4 4 6 5 6 5 6 5 6 2 3 4 3 4 3 0 5 6 5 4 2 3 6 4 3 3 4 3 6 5 4 3 5 3 6 2 5 4 7 3 5 2 4 0 6 4 2 5 4 6
M[185] : 4 6 3 6 3 3 5 6 4 7 5 6 4 4 5 5 1 5 6 4 2 4 4 4 5 3 2 5 0 5 8 6 4 5 2 6 6 4 4 4 3 6 4 3 5 5 6 7 5 3 5 1 5 3 4 8 2
M[186] : 4 6 4 4 1 6 7 7 5 2 6 4 5 8 4 5 1 6 4 5 5 2 6 0 4 5 4 7 5 4 1 3 3 5 5 5 4 6 6 5 7 5 5 3 5 4 5 2 3 3 5 5 4 5 3 6 7
M[187] : 4 6 4 0 1 3 3 4 2 4 7 6 5 2 3 5 6 6 4 5 3 7 6 4 7 3 5 4 5 2 6 3 6 7 3 6 3 2 6 4 6 5 3 4 6 3 3 5 3 6 4 5 3 4 5 7 4
M[188] : 5 4 5 3 3 3 7 3 6 7 5 3 4 3 6 4 6 5 2 3 3 5 7 1 5 4 6 5 7 3 4 5 4 5 3 7 4 6 5 5 2 2 5 3 1 0 2 4 3 5 6 6 6 5 3 6 4
M[189] : 3 7 6 5 4 2 3 5 5 1 4 3 3 4 3 4 3 6 1 5 4 4 5 4 4 5 3 3 2 6 5 3 3 6 1 6 4 6 5 4 6 4 7 5 6 5 4 7 4 5 5 3 0 3 2 4 5
M[190] : 4 5 7 3 5 5 3 5 7 4 4 4 6 4 4 4 5 6 7 5 2 6 3 3 3 7 6 5 4 8 6 2 5 6 3 7 3 6 0 3 7 4 5 5 5 4 3 4 6 3 6 5 4 6 5 7 4
M[191] : 3 4 3 4 6 7 6 3 6 6 7 5 5 7 4 4 4 4 5 3 4 5 3 1 4 4 4 5 2 5 3 7 6 1 5 4 4 3 7 5 3 0 1 5 6 4 3 6 4 4 5 4 3 5 5 8 3
M[192] : 4 5 6 4 5 6 7 4 4 6 3 6 3 3 4 2 3 3 7 7 6 0 7 4 5 4 5 4 4 6 5 5 2 5 4 5 4 7 6 4 3 5 4 4 1 5 5 2 5 7 6 2 6 7 5 5 3
M[193] : 7 6 4 3 3 4 4 5 4 3 5 8 5 3 4 5 2 5 3 4 5 6 7 4 4 4 6 6 4 4 6 3 3 6 3 5 5 6 6 4 5 4 6 3 0 2 5 4 7 5 5 6 6 5 3 3 5
M[194] : 5 7 6 4 3 4 6 3 4 5 2 7 6 3 5 5 6 6 4 3 4 2 5 4 5 5 7 7 6 4 2 4 4 6 4 6 5 3 4 0 3 6 6 6 4 4 6 4 4 3 5 4 3 7 3 3 6
M[195] : 3 3 6 5 5 5 6 2 3 5 4 5 2 5 3 4 2 8 4 2 6 0 4 3 3 3 5 1 6 4 5 1 5 2 8 6 5 4 5 5 6 6 5 4 2 5 4 6 5 2 5 5 4 4 3 6 3
M[196] : 2 5 4 4 4 5 5 6 5 3 5 6 4 6 6 5 6 6 2 4 7 3 4 6 0 5 3 6 4 5 4 6 6 5 4 4 6 5 4 5 2 4 3 4 5 4 4 3 4 4 4 3 7 4 4 3 3
M[197] : 5 5 4 3 3 4 6 5 4 3 6 4 6 4 4 4 2 7 4 4 5 3 4 2 4 0 4 7 6 6 7 4 5 8 2 5 4 2 3 4 6 3 4 4 3 3 4 4 5 2 6 3 3 3 6 3 4
M[198] : 6 5 2 6 0 5 6 5 4 5 5 5 7 4 4 4 2 3 6 2 4 5 3 4 4 5 4 6 7 3 3 2 4 5 4 3 7 5 5 5 8 5 4 6 3 5 4 3 4 5 5 5 5 6 5 6 3
M[199] : 3 7 7 5 4 5 2 5 7 4 0 6 5 3 2 5 4 4 4 3 5 5 3 6 5 3 5 3 4 4 6 4 0 3 6 4 4 6 6 6 5 4 2 3 5 4 5 5 7 3 6 3 7 5 4 8 5
M[200] : 3 3 5 2 7 5 7 7 4 4 4 4 7 4 6 5 5 5 6 6 6 4 6 3 6 4 7 3 4 4 4 5 2 7 4 4 8 7 6 4 6 7 7 6 5 5 4 5 6 0 7 7 6 7 3 3 5
M[201] : 3 7 4 4 3 5 3 2 8 4 5 6 3 0 3 3 2 7 5 4 3 1 3 5 6 5 2 5 5 3 2 6 2 3 6 8 6 2 1 5 3 3 7 8 5 3 5 3 7 5 6 4 2 2 3 6 2
M[202] : 5 5 7 5 5 6 4 6 5 4 4 7 5 3 1 2 3 3 4 6 7 3 5 4 7 4 2 8 4 7 4 4 1 6 4 4 3 3 6 5 6 3 5 3 5 5 5 5 5 6 5 6 4 5 3 6 0
M[203] : 4 5 3 6 5 7 2 4 0 5 6 4 2 6 7 3 4 5 4 4 4 5 5 3 2 5 4 4 5 5 5 6 5 5 5 6 5 7 6 7 5 5 4 6 3 6 6 6 5 3 0 3 5 5 5 3 5
M[204] : 7 6 5 5 2 6 5 3 3 8 0 4 6 3 4 8 7 5 4 3 6 4 6 5 4 2 4 6 3 3 4 7 4 5 4 5 3 6 5 4 6 5 5 4 1 3 1 5 3 5 2 5 5 3 6 5 3
M[205] : 4 4 0 5 2 5 4 4 4 3 6 4 3 4 4 3 4 4 2 3 4 6 6 4 1 3 4 4 4 6 2 3 2 5 6 6 7 4 6 4 5 6 5 5 3 5 7 5 5 3 5 5 3 4 2 7 3
M[206] : 4 6 3 3 4 6 5 5 3 5 7 4 5 5 2 4 3 5 5 5 8 5 4 6 9 3 6 4 2 4 8 4 4 5 1 2 5 6 4 5 6 7 5 5 7 3 7 0 6 3 7 5 4 3 6 6 6
M[207] : 4 5 7 5 5 6 4 2 3 6 5 5 0 4 7 6 2 6 5 3 6 1 5 3 4 6 4 6 5 3 6 6 1 4 5 7 4 4 6 5 3 3 5 4 3 5 4 6 4 4 5 6 5 6 2 5 6
M[208] : 5 4 6 4 3 4 8 4 0 7 6 4 2 2 4 5 3 6 3 6 5 4 5 2 5 5 3 5 5 6 2 5 6 4 5 8 1 3 6 5 4 7 4 5 7 4 5 5 6 4 5 4 6 2 3 4 3
M[209] : 4 3 1 5 6 5 0 5 6 8 5 3 3 3 6 6 5 6 6 5 6 4 4 8 3 4 6 5 4 5 3 6 4 1 0 4 3 4 3 6 3 3 6 5 6 5 4 2 7 6 6 4 5 5 1 5 3
M[210] : 4 8 2 4 4 4 6 7 5 1 4 7 3 2 3 0 3 3 6 5 3 6 3 5 7 4 5 5 5 6 5 3 6 4 4 4 4 7 4 4 5 4 6 2 4 5 6 3 5 7 6 6 3 5 2 3 3
M[211] : 4 2 6 6 4 6 4 7 6 6 6 3 6 4 4 5 5 8 2 5 4 3 3 6 6 2 5 2 5 4 4 0 4 6 0 3 4 5 4 4 3 5 4 2 3 5 4 1 6 4 3 3 6 4 2 5 6
M[212] : 4 6 4 4 5 6 2 2 3 5 4 5 4 4 4 4 4 6 5 6 4 6 3 4 3 5 0 4 5 6 6 5 5 5 5 4 4 6 2 4 5 5 7 7 7 6 6 5 3 6 3 7 3 5 4 2 6
M[213] : 8 4 4 7 4 5 3 5 4 5 4 3 3 2 3 5 0 6 4 1 2 0 7 6 4 6 3 5 3 8 6 4 4 5 3 4 6 7 4 3 5 5 6 4 7 4 7 8 5 5 5 6 4 4 4 4 1
M[214] : 5 6 4 6 3 4 6 4 4 3 4 4 6 3 6 3 2 5 4 5 2 3 4 2 7 4 3 4 4 8 5 2 2 2 5 4 5 4 4 6 3 4 3 3 0 3 3 5 5 5 4 4 3 5 4 4 2
M[215] : 3 3 6 4 3 1 5 6 5 5 3 4 3 5 5 5 6 8 3 3 3 2 4 4 4 6 6 4 4 3 6 6 6 6 5 5 6 4 4 4 2 5 4 3 7 3 5 4 5 4 0 5 4 5 4 6 4
M[216] : 5 2 4 4 4 6 6 5 5 1 2 6 4 7 3 5 1 4 5 4 4 5 6 6 6 3 1 3 3 6 5 4 4 5 3 3 6 5 3 4 2 5 3 7 5 3 6 6 5 2 3 5 6 2 4 0 3
M[217] : 6 5 5 4 3 4 6 3 7 4 2 6 4 4 3 5 6 4 2 4 2 6 6 4 3 5 3 4 3 7 6 3 2 6 4 5 5 6 3 6 4 3 3 3 4 4 0 4 6 2 4 2 2 4 3 5 5
M[218] : 3 2 5 4 4 5 3 4 3 4 4 4 2 7 4 5 5 7 6 5 4 7 3 3 5 3 6 3 8 7 3 5 5 6 5 5 6 3 6 4 3 3 5 5 5 4 6 3 3 6 0 2 5 3 2 3 2
M[219] : 4 4 4 5 3 4 5 5 4 6 2 3 4 6 5 2 6 5 4 5 5 4 7 2 2 5 3 3 3 1 7 3 5 4 6 5 6 5 2 3 1 6 6 4 6 6 1 5 0 3 3 6 4 3 2 7 5
M[220] : 5 7 6 7 4 4 7 6 5 6 5 5 4 5 6 5 2 8 5 4 5 4 4 5 5 3 5 6 3 4 4 2 3 4 2 6 4 6 5 3 4 6 6 5 5 6 4 8 0 4 5 5 2 4 5 5 5
M[221] : 5 4 4 6 6 2 6 4 6 3 4 7 8 8 5 6 2 5 0 4 4 4 7 3 3 6 4 7 4 6 6 3 3 8 3 5 5 3 5 3 4 5 3 3 6 6 4 6 3 5 0 4 4 5 5 6 4
M[222] : 4 4 4 2 4 2 5 5 5 5 7 7 5 5 2 5 0 3 4 4 3 4 4 5 4 4 3 4 4 4 5 2 3 3 3 5 4 3 5 8 3 7 5 5 2 8 3 4 2 4 5 4 5 7 5 3 3
M[223] : 6 6 4 3 6 4 3 5 3 3 3 4 1 5 3 6 3 4 7 7 3 5 6 4 4 3 7 6 4 5 7 2 5 6 2 5 7 5 6 6 4 3 0 1 6 8 6 3 1 5 5 5 4 7 4 5 6
M[224] : 6 7 3 4 5 5 5 3 5 3 0 4 6 6 8 6 3 4 9 5 4 4 5 6 4 6 3 3 5 4 3 3 0 6 6 8 5 7 3 6 3 6 3 5 4 6 5 6 3 4 2 2 4 3 4 4 2
M[225] : 6 3 6 4 4 6 4 2 7 4 4 6 3 7 4 7 5 0 7 5 8 5 4 4 3 2 2 3 2 2 3 7 5 4 4 3 3 7 7 4 2 3 1 3 6 5 4 4 3 5 6 4 3 3 2 6 2
M[226] : 8 4 4 5 6 5 4 6 2 6 5 2 5 7 5 3 7 5 3 2 3 5 3 6 3 4 5 6 6 2 4 2 3 3 5 5 6 7 5 3 3 3 3 4 0 2 6 5 5 6 6 2 6 7 5 4 3
M[227] : 5 5 6 5 8 6 6 4 3 4 8 3 4 4 7 6 4 4 6 2 5 7 6 4 4 3 4 5 1 3 6 5 5 3 6 3 6 5 4 5 4 4 5 3 3 3 0 6 5 5 5 7 4 4 3 4 4
M[228] : 1 0 4 8 5 4 0 5 2 6 7 3 6 4 4 5 2 3 6 4 7 6 5 3 4 5 3 5 3 3 4 3 1 4 2 5 3 3 2 5 3 4 7 5 5 3 5 4 4 3 4 3 2 6 4 3 6
M[229] : 6 2 6 2 5 2 5 4 5 7 6 6 5 7 4 5 3 7 6 5 4 4 6 3 6 3 5 3 6 5 5 6 3 4 2 5 4 7 4 6 4 4 6 3 6 6 4 5 5 6 4 4 4 0 4 3 7
M[230] : 6 3 4 3 6 4 5 5 5 5 6 5 3 5 5 5 2 5 7 1 3 5 4 4 5 4 5 6 3 6 6 4 4 5 4 6 6 6 6 3 4 7 4 0 3 3 3 5 5 4 3 6 1 5 5 4 3
M[231] : 5 5 5 3 4 3 5 6 5 2 4 3 6 3 4 3 5 2 6 4 3 5 5 5 7 4 5 4 7 5 4 4 4 6 5 4 0 6 5 6 5 4 5 3 6 2 4 1 5 4 7 2 5 5 6 5 4
M[232] : 4 4 5 5 4 5 6 6 6 5 4 1 6 5 2 4 7 6 3 4 3 4 4 4 6 5 7 4 5 0 6 0 2 6 4 3 4 5 5 2 4 4 4 4 6 5 2 1 1 2 5 6 4 3 4 4 5
M[233] : 7 2 4 7 3 6 4 2 6 6 4 4 6 7 4 5 5 4 0 6 7 5 5 4 6 6 4 5 4 5 3 1 5 5 7 6 6 5 5 5 4 1 3 3 4 4 5 4 4 4 5 7 5 4 3 7 4
M[234] : 5 5 5 9 2 4 4 5 4 2 7 6 5 5 4 7 2 4 4 5 4 3 5 6 4 3 4 6 4 5 2 5 3 4 3 4 4 6 4 1 5 5 4 6 9 3 4 5 6 8 3 2 2 5 0 2 4
M[235] : 3 5 4 2 5 2 2 5 6 7 5 5 6 4 3 5 3 5 6 3 6 9 3 2 5 4 6 4 5 6 6 6 4 5 4 5 4 5 0 4 3 7 5 6 5 4 4 6 4 4 6 5 7 4 4 6 4
M[236] : 5 4 6 2 2 5 4 3 5 3 2 6 3 5 4 3 6 6 3 3 4 3 5 3 4 3 5 3 3 3 3 2 5 5 2 3 4 0 6 4 3 3 5 4 4 3 5 6 4 4 5 6 3 2 4 5 4
M[237] : 6 4 3 4 5 6 5 8 5 8 4 5 4 4 3 4 5 5 6 6 0 6 3 5 8 6 3 6 4 5 6 5 4 4 2 6 4 7 6 4 6 4 1 3 2 6 5 5 4 5 3 7 8 3 7 8 5
M[238] : 3 4 5 1 4 4 7 3 5 0 6 6 4 5 7 2 5 6 4 3 6 4 5 5 3 3 5 4 2 6 4 5 4 2 4 5 4 4 4 6 5 4 4 6 3 6 6 6 3 4 6 4 2 4 4 6 5
M[239] : 4 3 8 5 4 3 0 3 6 3 4 3 5 6 5 4 4 5 6 4 5 3 5 4 5 4 5 3 8 3 2 2 2 3 5 3 5 3 2 5 6 6 7 3 5 3 3 4 8 3 4 4 3 6 3 9 5
M[240] : 6 4 7 6 4 5 5 6 5 5 5 6 4 5 5 2 3 4 7 0 5 6 4 4 4 4 2 6 6 4 5 3 4 5 4 0 5 6 4 4 6 5 5 3 5 5 4 6 1 4 6 5 5 6 2 4 5
M[241] : 4 5 3 2 2 2 6 4 5 4 4 5 5 3 2 6 5 4 5 2 0 5 5 3 5 3 4 5 4 5 5 3 4 2 4 3 5 6 3 2 4 4 3 4 1 4 4 4 4 4 5 4 5 3 2 8 3
M[242] : 4 6 5 6 4 4 2 5 7 2 3 6 8 5 5 5 3 5 4 5 4 5 0 3 5 3 6 6 5 1 5 5 6 3 6 5 2 3 5 3 0 5 2 3 3 5 4 1 4 6 5 6 7 4 5 7 6
M[243] : 5 4 5 6 5 5 6 5 3 4 6 6 2 3 8 5 4 6 6 5 4 4 5 5 6 3 3 7 3 6 3 5 5 0 4 5 4 6 5 5 5 3 6 3 3 5 2 4 5 3 6 6 5 5 4 3 3
M[244] : 4 3 5 3 5 4 3 4 5 6 4 4 5 3 2 6 5 4 5 2 6 8 6 5 4 2 5 5 7 3 0 5 5 6 5 6 4 4 5 5 4 3 5 3 5 3 4 5 6 5 8 4 5 4 2 6 2
M[245] : 4 5 3 3 3 5 5 6 5 3 6 4 5 5 1 4 4 7 0 7 6 6 7 5 2 6 3 3 6 5 6 5 3 5 3 5 2 5 8 5 3 6 2 2 5 4 5 6 3 3 7 1 4 7 6 6 5
M[246] : 3 6 3 4 3 6 4 5 2 4 5 7 6 3 5 5 5 5 5 6 7 6 4 4 5 4 5 6 8 0 4 6 3 5 5 4 3 7 4 2 3 6 4 6 3 7 4 4 6 7 7 4 4 7 4 3 2
M[247] : 3 4 4 8 3 4 5 4 6 5 5 3 6 4 2 6 3 7 5 5 4 7 8 4 6 3 6 3 6 5 3 5 0 4 3 1 6 6 6 4 6 4 7 6 3 3 7 5 5 7 6 3 4 4 4 3 3
M[248] : 4 4 5 4 2 6 2 7 3 5 5 3 6 4 6 4 3 3 4 5 2 6 3 3 4 5 3 6 6 4 4 6 6 5 4 4 4 7 6 6 4 7 6 5 4 6 4 4 6 4 0 7 5 7 4 5 4
M[249] : 3 5 4 6 2 5 3 4 2 8 5 4 3 4 3 4 2 4 2 5 5 6 0 6 4 1 2 6 6 5 5 4 4 4 4 5 5 5 3 4 3 5 3 4 2 4 4 6 6 8 3 4 6 8 4 5 4
M[250] : 7 6 5 6 4 4 3 4 6 5 7 3 6 3 3 5 6 3 5 4 7 7 6 3 5 4 3 4 7 4 3 6 6 7 3 4 3 5 7 4 5 4 4 5 6 7 5 4 5 7 7 4 0 3 3 6 1
M[251] : 6 4 2 4 5 5 6 5 6 3 6 5 4 4 3 6 2 4 5 5 5 6 5 4 4 3 5 8 5 5 1 6 2 0 6 5 3 5 4 6 3 4 4 2 4 7 2 7 1 5 4 5 3 4 4 3 5
M[252] : 5 5 7 5 3 5 5 4 5 6 5 1 3 3 6 2 4 4 5 0 3 3 3 4 5 2 5 2 4 5 5 3 5 1 4 7 3 5 6 6 1 3 3 5 7 3 8 3 5 4 4 4 5 3 4 5 3
M[253] : 5 3 3 4 4 0 6 3 5 4 5 6 6 4 6 5 6 6 5 3 3 4 3 5 6 6 5 4 1 3 4 4 4 5 4 5 6 4 5 5 7 6 4 5 6 7 4 4 6 5 2 4 4 4 3 4 4
M[254] : 3 4 3 4 4 8 6 3 5 3 3 6 7 6 3 2 5 4 2 2 4 4 3 5 4 4 5 6 5 4 3 5 2 6 4 3 4 4 4 3 4 4 0 4 5 4 3 2 9 5 3 4 7 4 4 7 3
M[255] : 4 4 4 8 4 7 2 3 5 4 7 4 4 5 5 5 5 5 5 0 5 5 4 7 4 2 3 4 8 7 3 5 3 7 7 4 7 5 5 5 4 7 3 4 3 5 5 5 4 4 6 7 3 7 3 5 3
M[256] : 5 6 7 4 3 3 6 4 6 8 3 3 3 4 4 5 6 4 6 3 4 6 6 3 4 3 3 4 3 6 5 6 6 4 6 4 3 4 3 4 4 4 6 7 5 4 6 0 5 6 4 7 4 5 4 6 4
M[257] : 2 4 3 4 7 3 5 5 6 4 4 5 5 4 4 4 4 4 6 7 7 6 5 3 6 4 3 3 4 5 5 4 7 5 5 3 6 5 3 4 0 3 6 2 4 3 3 7 4 2 3 7 4 2 2 7 6
M[258] : 5 4 5 4 4 5 7 3 6 7 4 5 0 3 6 5 3 4 4 5 6 5 6 5 4 2 3 5 4 4 7 4 7 4 5 4 1 5 6 2 5 4 5 5 7 5 4 5 4 4 5 6 4 3 5 7 2
M[259] : 5 4 5 4 4 5 5 7 5 6 5 6 3 6 3 2 3 5 7 2 4 4 3 4 4 5 4 5 4 2 3 5 4 4 5 2 6 5 4 3 4 3 3 6 3 0 5 6 2 1 4 3 4 7 3 6 3
M[260] : 6 6 7 2 2 7 5 1 5 9 3 2 6 5 3 2 4 2 4 6 5 6 5 3 4 5 0 3 6 6 6 4 4 4 3 5 5 6 6 7 4 8 3 5 4 5 5 6 2 6 5 5 7 4 2 4 4
M[261] : 2 4 4 3 5 6 5 2 5 5 1 7 5 6 3 5 5 4 5 4 5 6 5 1 6 4 0 8 3 6 7 5 3 4 3 5 5 6 5 3 2 2 4 3 5 3 5 6 5 7 6 8 4 4 5 4 1
M[262] : 2 4 4 4 1 6 4 6 6 5 3 5 6 6 2 5 4 4 3 3 5 5 4 3 4 4 4 6 3 7 5 7 4 6 4 4 7 4 4 4 4 7 3 6 4 4 6 4 7 5 7 2 7 5 4 3 0
M[263] : 5 0 4 3 4 4 5 5 2 5 2 7 5 3 4 7 3 3 6 3 3 5 5 2 6 5 6 3 6 4 7 3 6 5 3 2 3 6 4 4 4 2 3 3 7 6 4 4 7 3 4 2 4 2 2 3 4
M[264] : 4 4 7 4 4 6 4 4 3 7 4 5 5 4 2 6 3 7 6 6 4 0 7 5 3 5 3 4 7 5 3 3 7 7 2 6 7 3 5 6 5 5 3 4 4 2 2 7 5 5 5 5 4 3 4 6 0
M[265] : 3 4 5 5 4 4 7 6 2 1 4 6 4 4 8 7 4 4 6 4 2 3 4 4 5 4 5 7 4 7 0 3 3 3 5 2 2 5 6 6 5 2 4 6 6 3 6 5 7 3 4 6 3 7 5 2 4
M[266] : 5 4 5 4 4 5 5 0 3 3 3 4 5 4 5 6 4 4 3 4 8 5 5 6 3 7 2 2 6 4 4 4 5 6 6 5 5 5 6 4 4 7 6 5 5 5 7 4 4 4 4 5 4 5 6 6 2
M[267] : 5 6 5 4 5 4 7 5 6 5 2 4 4 4 1 4 3 5 5 4 6 4 5 6 4 4 4 7 4 5 0 4 1 8 4 6 5 7 2 4 5 4 5 3 3 4 4 4 3 6 2 5 6 3 3 5 4
M[268] : 5 4 4 5 1 8 7 4 4 6 4 5 4 6 3 6 5 6 4 3 5 3 4 4 1 2 6 5 7 1 6 3 6 3 3 4 7 2 7 3 5 4 2 2 3 6 5 5 0 5 4 4 5 5 6 4 2
M[269] : 6 4 3 5 4 5 4 3 4 6 4 4 3 5 4 4 4 5 5 5 7 7 2 3 4 4 2 4 6 5 6 3 2 5 3 6 5 4 7 6 0 5 6 6 6 5 4 4 6 3 6 5 4 6 4 6 4
M[270] : 3 4 4 5 3 6 5 5 6 4 3 6 7 4 4 4 1 3 4 5 6 7 4 1 0 4 3 3 5 5 5 4 5 8 4 4 5 4 5 3 3 5 5 7 7 4 6 6 3 3 8 4 4 3 3 5 4
M[271] : 5 4 4 4 5 6 0 6 6 5 5 7 5 3 3 4 5 5 3 3 5 5 5 2 4 2 3 6 5 5 5 2 2 4 2 5 4 4 4 4 5 4 4 4 5 4 6 7 7 6 4 5 2 4 5 3 6
M[272] : 3 6 6 6 6 4 4 5 2 6 4 6 6 2 3 0 4 3 3 3 5 5 6 6 3 4 4 4 4 7 4 4 4 3 7 4 6 5 4 4 6 3 4 5 7 7 3 5 5 4 3 5 5 5 5 4 3
M[273] : 5 4 4 2 4 4 2 5 5 0 6 3 3 6 3 4 4 2 5 3 5 7 4 3 3 7 6 6 4 2 6 6 3 4 4 4 4 4 6 5 4 5 5 6 5 4 4 5 6 7 7 5 4 4 5 8 7
M[274] : 5 3 3 6 5 5 5 3 8 2 4 3 4 5 4 6 4 0 5 5 4 3 7 5 6 7 2 3 5 7 4 5 6 7 5 3 4 4 1 4 5 3 7 4 5 5 5 6 4 5 5 4 4 6 5 3 6
M[275] : 3 6 8 1 4 3 5 6 4 1 5 6 4 1 6 4 2 4 6 3 7 0 5 2 4 4 5 4 5 3 3 3 5 6 2 6 6 3 6 4 3 3 7 2 5 6 3 4 4 7 3 4 5 5 4 3 4
M[276] : 4 5 0 8 3 6 5 3 5 6 0 3 7 5 5 4 1 1 3 2 6 5 3 4 7 4 3 3 7 4 4 5 5 4 4 4 4 3 6 4 3 5 4 2 5 3 4 5 2 7 4 7 6 7 3 5 4
M[277] : 5 2 5 6 3 4 6 6 4 6 4 4 5 4 4 5 6 4 5 5 0 5 2 4 3 6 4 4 3 6 7 5 5 7 7 4 5 6 4 6 5 3 2 7 4 5 4 6 6 4 3 6 3 5 5 4 5
M[278] : 4 4 2 1 3 4 4 5 4 3 2 3 6 4 6 7 6 4 5 4 5 4 2 6 4 2 6 4 2 0 4 3 6 7 5 3 5 7 7 2 4 4 6 6 5 8 5 5 4 5 4 2 4 5 3 2 4
M[279] : 4 5 4 6 6 5 3 6 7 6 5 5 6 7 5 5 6 5 4 2 3 3 0 2 4 7 3 6 5 3 2 4 5 4 5 4 6 3 3 6 4 3 5 5 1 4 5 4 4 7 2 3 5 4 4 3 2
M[280] : 5 5 5 5 3 0 5 3 3 1 5 6 5 4 5 2 6 3 4 5 4 4 2 5 5 7 5 7 3 4 6 6 5 6 6 2 4 5 6 5 3 4 5 4 1 5 3 5 6 4 5 5 5 6 4 3 3
M[281] : 3 4 5 5 2 4 4 7 7 3 5 5 4 5 6 5 8 3 3 5 5 2 2 4 4 7 2 4 8 3 0 1 6 3 4 6 5 3 6 5 4 6 8 5 4 4 4 6 7 2 5 4 5 6 2 7 4
M[282] : 6 5 4 7 6 3 3 5 4 4 4 3 6 4 4 2 3 6 3 4 4 3 5 4 6 2 3 4 5 5 4 4 3 3 3 6 0 4 6 2 4 5 4 6 6 3 5 3 7 5 4 6 4 4 4 4 4
M[283] : 3 3 7 6 6 5 4 6 5 3 2 6 5 7 4 5 4 5 5 4 5 4 5 4 5 6 2 6 6 6 1 7 6 5 2 4 7 8 4 4 5 5 4 4 2 4 4 5 4 6 6 6 5 6 0 5 4
M[284] : 4 2 4 4 5 4 3 3 5 4 5 4 5 1 2 6 4 4 6 5 5 5 7 4 4 4 6 7 4 2 4 1 3 5 5 3 4 3 6 3 0 7 4 4 3 6 4 5 6 4 4 8 5 4 5 4 6
M[285] : 8 4 7 1 3 5 5 4 5 6 5 8 3 5 4 6 3 9 7 3 6 6 4 5 3 2 6 6 3 2 4 3 3 4 4 2 6 1 4 7 4 6 4 1 3 6 0 5 6 2 6 3 5 3 4 4 5
M[286] : 2 5 4 5 5 7 3 5 5 6 7 4 5 5 2 6 3 4 5 4 5 3 5 4 5 5 5 4 1 3 3 5 4 3 4 3 7 3 5 5 4 4 7 0 5 6 7 4 5 6 5 3 6 4 6 3 4
M[287] : 4 6 5 6 4 5 5 2 4 5 7 4 4 5 6 2 4 4 4 5 4 5 9 4 4 3 0 4 8 3 3 3 4 3 4 5 4 5 6 2 4 2 6 6 4 4 3 5 7 6 5 5 6 4 4 6 3
M[288] : 8 5 5 7 5 4 4 5 3 2 4 7 4 4 2 5 6 4 4 4 7 5 5 7 4 5 4 0 5 3 4 3 1 4 4 4 4 5 4 5 6 4 7 4 4 4 7 4 3 4 5 5 5 3 6 5 3
M[289] : 7 2 5 5 5 5 4 4 3 4 6 4 5 1 5 4 4 5 5 4 6 3 3 5 4 3 4 6 3 5 6 2 7 5 6 4 5 6 7 4 3 9 6 4 5 4 2 4 2 4 2 4 5 5 3 0 3
M[290] : 2 5 4 4 5 5 7 6 1 4 4 4 2 4 4 6 5 2 4 4 2 4 5 2 5 5 4 3 0 5 3 6 1 7 7 5 0 3 3 3 6 5 7 4 6 5 7 4 4 6 2 5 8 4 4 5 4
M[291] : 4 5 0 6 4 5 5 3 4 4 3 6 2 8 3 5 4 6 5 4 4 7 4 4 4 5 4 5 3 4 4 6 7 5 5 5 5 5 5 2 4 4 3 5 6 6 6 6 3 4 5 2 6 2 3 3 7
M[292] : 3 4 6 5 8 4 6 5 6 2 6 6 6 6 4 6 4 2 4 5 4 2 5 1 3 4 4 3 2 2 5 3 5 4 5 6 4 4 4 6 2 5 6 4 5 2 3 2 6 0 2 3 3 5 2 3 3
M[293] : 5 2 2 5 4 5 7 5 3 3 4 4 6 6 3 5 0 4 6 3 3 5 3 4 5 3 5 8 5 4 4 5 2 3 5 4 2 5 4 5 5 5 4 5 4 7 7 4 6 3 4 5 4 5 2 4 4
M[294] : 3 1 0 3 6 5 6 3 4 5 6 3 6 2 4 1 5 4 8 6 4 6 6 4 4 4 4 5 5 6 4 5 2 4 5 5 3 3 5 6 3 5 3 3 7 1 6 6 5 4 5 6 6 5 4 3 3
M[295] : 3 3 5 4 2 1 5 5 3 4 4 6 3 3 6 6 4 6 5 6 5 5 3 6 6 6 2 5 3 5 3 6 4 0 5 5 2 4 5 6 2 5 6 6 3 5 3 5 5 3 7 4 5 6 7 7 7
M[296] : 7 7 9 6 5 5 4 3 4 5 3 6 3 5 6 4 4 5 6 5 3 8 2 3 6 3 5 4 5 4 4 2 2 3 3 6 3 3 3 7 4 7 7 7 5 6 3 4 1 6 0 3 8 5 3 3 7
M[297] : 6 3 5 0 7 6 4 4 6 2 6 3 4 5 5 4 4 6 5 4 4 5 5 5 5 6 3 6 2 5 3 6 6 4 3 3 7 6 5 6 4 4 7 6 4 3 3 4 6 6 3 5 5 6 5 5 4
M[298] : 4 0 1 3 4 4 7 2 5 4 4 5 5 5 5 5 5 2 5 5 4 3 5 5 4 3 5 3 4 3 5 4 6 6 3 6 5 5 5 4 5 5 3 6 2 5 7 6 6 4 5 5 7 4 3 4 2
M[299] : 3 4 4 6 5 0 3 7 4 5 7 5 2 3 3 6 4 3 6 4 6 0 7 4 4 3 6 5 9 5 4 5 3 4 8 4 3 5 4 7 4 6 4 2 3 4 4 2 2 3 6 3 3 5 5 6 4
M[300] : 5 4 5 6 4 4 6 6 5 3 6 3 7 7 4 6 7 7 5 4 4 4 5 5 1 5 3 0 2 6 5 3 1 5 5 5 5 4 4 4 5 5 6 2 7 4 3 6 7 5 8 6 4 5 5 6 6
M[301] : 4 5 5 4 4 7 3 7 5 5 3 4 4 5 7 0 3 5 4 3 4 6 4 5 6 5 1 4 4 2 6 6 7 4 4 5 3 6 4 6 5 4 6 6 3 6 6 3 6 6 4 9 4 6 6 5 5
M[302] : 6 4 5 0 3 5 6 4 4 6 6 5 3 4 6 4 5 5 3 6 1 6 7 6 4 6 4 5 6 3 3 4 4 7 3 1 4 5 5 1 3 4 5 6 5 2 3 3 4 4 4 7 5 5 5 5 6
M[303] : 6 5 3 4 3 5 3 6 5 8 4 4 3 6 3 6 3 4 3 3 5 3 2 5 3 3 0 2 3 4 3 4 5 3 6 5 8 3 5 5 3 5 5 6 8 6 4 4 4 1 6 4 5 7 3 5 6
M[304] : 6 5 2 4 5 2 4 5 5 2 5 5 5 5 6 2 4 0 5 3 4 6 2 4 5 4 4 5 7 3 4 3 5 6 3 1 3 4 2 6 4 5 3 7 6 7 6 3 4 4 3 1 4 5 3 5 4
M[305] : 4 6 5 6 3 2 3 1 4 6 6 3 4 6 5 3 2 1 3 6 5 5 5 4 4 4 5 4 3 4 7 6 3 6 1 0 5 4 8 4 1 4 5 6 5 2 4 6 6 4 5 4 7 3 4 5 4
M[306] : 3 8 6 6 5 4 2 6 6 4 4 0 4 6 5 6 5 5 5 2 4 4 4 4 6 4 2 4 5 5 4 2 4 2 3 4 6 7 6 8 4 6 6 4 5 5 6 5 4 4 3 4 4 4 0 4 4
M[307] : 6 4 4 6 2 4 6 6 8 3 7 3 4 6 3 5 4 6 6 4 4 6 0 2 3 7 6 4 6 3 7 5 4 3 3 5 5 6 3 3 0 4 6 4 4 5 2 4 3 4 7 4 1 6 4 5 7
M[308] : 2 5 4 4 5 0 4 3 6 8 6 4 5 6 1 5 2 4 3 4 3 5 5 3 5 3 5 6 4 6 3 2 4 5 6 2 5 4 6 4 4 5 4 5 6 6 6 3 5 3 2 4 3 6 4 5 4
M[309] : 2 5 4 5 5 4 7 6 4 4 4 5 6 3 5 7 4 5 3 3 4 4 7 5 5 5 5 6 1 5 5 2 7 4 4 4 5 6 6 4 3 2 0 6 5 3 5 6 0 7 5 2 6 3 2 4 5
M[310] : 5 6 3 5 5 5 6 4 3 6 3 7 3 4 5 6 1 5 4 4 5 5 2 5 3 3 2 3 8 5 5 3 4 2 4 4 6 5 4 5 3 6 5 3 4 2 5 5 7 6 3 5 4 7 5 5 0
M[311] : 2 4 3 3 3 7 5 6 7 3 5 1 5 2 5 5 6 0 4 4 6 4 6 3 2 4 5 6 5 6 4 3 3 6 4 3 3 6 5 5 3 5 3 6 3 4 6 4 7 3 4 6 5 3 4 5 5
M[312] : 3 5 7 4 2 5 2 7 5 5 4 3 3 6 2 5 4 5 7 5 4 4 6 4 7 3 3 5 4 4 6 4 4 7 4 2 3 2 4 6 7 4 0 6 2 5 8 5 8 6 0 3 3 4 5 6 5
M[313] : 1 5 4 4 3 3 2 6 6 4 4 5 4 3 3 4 2 5 5 5 1 4 5 4 2 3 2 5 6 4 4 5 5 5 5 6 6 8 6 4 5 6 4 4 0 4 3 5 6 6 5 5 5 7 3 7 3
M[314] : 5 3 6 6 4 3 6 5 4 4 5 5 4 5 5 6 5 0 4 7 5 5 4 6 6 6 2 4 4 5 4 7 3 5 6 5 4 4 6 3 5 4 5 4 3 5 1 5 4 4 7 6 5 6 3 5 4
M[315] : 4 3 6 6 5 6 5 5 3 4 2 5 2 2 3 4 3 3 4 5 3 4 5 5 7 4 3 0 5 5 8 0 2 7 4 3 5 6 5 3 4 5 3 5 3 6 5 4 5 3 5 2 5 4 5 6 5
M[316] : 2 4 5 5 4 4 6 6 6 2 0 6 4 4 7 6 2 6 4 6 5 3 4 5 5 4 3 4 3 4 4 5 5 5 4 4 5 5 6 6 4 5 5 5 5 4 6 3 5 5 2 5 7 3 3 5 4
M[317] : 1 4 6 3 4 4 3 8 4 0 3 6 6 2 4 4 5 2 3 4 3 5 5 7 4 5 5 2 5 5 3 6 6 1 5 4 6 5 4 7 4 5 4 4 5 4 2 2 4 7 4 4 3 5 0 5 4
M[318] : 6 4 5 3 2 3 7 7 5 6 3 2 2 3 5 4 3 4 6 4 3 6 3 5 4 5 5 0 3 4 4 4 4 7 4 4 4 4 4 3 7 0 5 3 1 4 5 6 4 5 6 4 1 6 5 4 5
M[319] : 3 4 2 4 3 8 4 2 6 3 4 3 5 5 4 6 2 5 6 3 6 3 4 3 0 5 4 6 4 4 5 4 4 3 4 3 4 5 4 4 4 6 4 5 3 6 2 6 4 4 1 5 2 5 6 6 3
M[320] : 4 4 6 5 4 5 3 6 1 6 6 6 5 4 3 6 2 1 5 6 4 4 6 2 5 5 4 5 2 3 5 3 3 5 3 4 4 7 7 2 3 7 3 4 6 3 5 0 7 3 4 4 6 2 5 5 3
M[321] : 5 4 4 6 2 5 5 5 3 6 5 3 5 6 4 5 5 2 5 5 5 6 4 7 6 2 3 0 6 5 2 4 4 7 5 5 7 5 7 1 3 4 5 4 4 5 6 3 6 4 3 4 6 5 4 6 2
M[322] : 7 3 5 3 5 4 7 5 7 6 5 0 7 2 3 5 3 2 5 4 5 5 6 6 5 4 1 5 6 4 9 4 6 6 5 5 3 6 1 4 3 3 7 5 7 6 5 4 8 6 2 4 2 4 5 4 6
M[323] : 3 4 4 4 3 3 7 2 5 8 3 6 5 5 2 8 3 4 3 4 5 4 6 0 0 5 2 6 4 6 7 4 4 6 4 5 6 3 4 5 4 5 8 4 6 3 4 3 6 4 6 7 4 6 3 6 8
M[324] : 6 4 3 6 4 7 5 2 3 3 5 4 5 5 6 6 7 2 3 3 3 3 7 5 7 3 4 3 3 5 0 3 8 5 1 4 6 5 4 4 2 2 4 4 5 4 4 5 3 3 2 3 3 5 1 3 5
M[325] : 3 8 6 5 6 3 6 6 4 3 6 6 6 1 4 7 5 5 7 5 4 6 5 8 4 4 5 5 0 6 5 4 3 5 4 5 3 4 3 4 6 3 4 6 5 7 4 5 4 6 5 4 4 3 5 5 4
M[326] : 5 4 5 4 3 2 8 1 5 5 3 8 3 4 6 5 6 6 7 4 6 2 5 2 4 3 3 4 3 5 7 6 5 4 4 5 4 1 6 5 4 7 2 2 7 5 5 4 2 0 5 5 5 3 6 4 4
M[327] : 7 6 6 4 6 6 5 5 7 5 7 4 4 4 5 7 3 8 4 3 3 4 6 2 2 2 3 5 4 4 4 3 4 2 4 5 3 4 7 3 2 6 6 4 3 3 7 6 5 0 4 5 4 4 7 2 5
M[328] : 5 5 2 4 3 4 4 4 7 4 6 6 6 4 2 3 5 3 6 4 5 3 4 4 4 5 5 4 6 5 7 4 5 5 7 0 8 4 6 4 3 5 3 7 7 5 5 6 3 4 4 7 5 6 5 4 4
M[329] : 8 5 5 5 7 5 4 6 6 6 5 2 3 7 3 4 5 5 4 6 5 6 6 5 6 2 5 6 6 5 3 2 3 3 6 3 0 5 4 0 5 3 5 4 6 4 6 4 4 4 4 7 5 5 5 3 3
M[330] : 6 4 3 4 4 2 3 4 5 3 4 5 5 2 6 5 5 6 3 5 3 3 3 8 4 1 3 6 3 6 2 4 3 4 2 5 4 5 5 3 8 6 7 7 6 0 4 5 7 4 5 2 4 6 4 0 2
M[331] : 4 5 3 6 4 4 0 6 5 3 2 3 3 5 5 4 6 4 4 3 6 5 5 4 5 5 2 5 4 6 5 4 2 4 3 6 6 4 4 2 3 4 4 5 4 7 7 7 6 4 2 4 6 5 5 3 5
M[332] : 5 2 6 5 6 6 3 5 5 4 5 3 5 7 3 5 6 4 5 3 6 5 5 5 2 5 4 6 3 3 4 4 4 4 5 4 5 5 6 6 6 3 3 2 5 4 4 8 3 5 5 0 3 3 4 5 5
M[333] : 3 3 5 7 5 2 5 4 3 3 3 2 3 5 3 5 4 5 5 6 5 6 3 2 4 6 3 4 3 0 5 4 2 2 4 5 7 3 4 5 4 5 8 3 5 2 3 2 2 4 2 3 3 2 4 6 5
M[334] : 6 6 4 5 3 5 4 4 6 3 4 5 5 6 1 4 3 3 4 4 5 5 2 4 6 3 2 4 5 4 5 4 4 8 5 8 4 4 5 6 4 4 5 0 6 8 2 6 2 2 6 2 4 6 3 5 3
M[335] : 4 5 3 4 4 8 6 2 8 4 4 6 5 6 1 7 3 7 4 0 6 3 5 5 4 6 5 6 5 7 4 4 6 6 5 5 2 6 6 5 6 5 5 5 7 6 3 3 4 7 4 6 6 3 5 2 4
M[336] : 3 4 2 4 3 5 4 6 6 5 0 6 4 5 5 2 3 4 7 3 4 5 1 6 5 4 5 4 5 4 2 6 2 7 6 3 5 5 4 4 2 6 3 5 8 6 5 8 2 4 3 5 3 4 3 4 3
M[337] : 6 6 3 4 4 7 5 8 2 4 6 3 6 7 4 5 5 5 5 4 3 4 3 0 2 4 2 6 6 6 6 4 4 6 3 5 2 3 2 6 5 5 5 6 3 6 4 4 6 4 4 4 8 4 3 4 3
M[338] : 3 5 4 0 6 6 4 4 6 3 6 4 5 4 4 6 3 4 4 4 7 2 6 2 6 3 3 4 4 5 7 4 3 5 5 4 3 4 5 5 7 5 4 6 4 2 5 3 5 6 5 6 4 4 5 3 1
M[339] : 5 4 0 2 2 4 4 6 6 4 5 6 7 6 4 6 4 4 5 2 4 8 5 4 5 3 4 4 6 4 7 3 2 2 3 4 4 6 3 6 3 3 5 3 7 6 4 3 3 5 6 4 6 6 2 2 2
M[340] : 3 2 4 6 4 6 6 2 4 5 3 3 5 3 4 6 4 3 5 5 2 5 6 2 5 4 3 0 6 4 4 5 4 3 2 5 6 3 4 5 2 6 3 6 6 7 6 4 5 3 2 3 5 3 4 6 6
M[341] : 7 3 4 4 4 5 3 6 4 4 5 2 4 1 4 6 2 5 7 0 3 6 6 2 4 5 5 6 7 4 7 6 3 6 2 6 5 7 7 4 4 3 6 6 4 5 3 5 5 6 5 3 3 5 6 5 4
M[342] : 5 4 6 4 3 4 5 3 5 2 8 4 6 7 2 7 4 4 3 3 7 5 6 6 4 3 5 6 4 2 3 4 5 4 3 5 5 6 3 4 4 1 5 5 4 5 6 0 6 5 6 4 5 3 3 6 5
M[343] : 4 5 6 5 0 4 6 4 2 4 7 4 5 3 3 6 4 4 5 3 5 7 3 4 4 2 6 2 3 4 6 6 2 4 5 4 5 3 7 5 6 7 5 5 3 8 6 3 4 7 6 4 5 7 4 6 5
M[344] : 4 6 3 1 3 3 3 3 4 7 6 6 4 5 5 4 2 4 4 0 6 4 5 7 3 5 5 6 4 4 4 7 3 5 3 4 7 6 3 7 5 3 3 2 4 4 3 5 3 5 5 1 7 7 3 5 5
M[345] : 6 6 7 4 5 1 5 6 4 2 3 6 3 6 5 5 2 2 6 3 4 4 3 4 0 3 2 4 3 3 6 5 2 6 5 7 6 3 6 6 5 3 6 5 6 5 7 5 5 6 6 4 3 3 3 6 2
M[346] : 4 4 2 4 3 5 6 6 2 2 5 6 6 3 1 2 4 1 5 5 5 6 3 2 7 4 3 4 3 6 5 2 4 4 4 5 5 5 5 3 2 4 4 2 4 5 2 3 6 6 2 9 2 6 0 2 4
M[347] : 3 4 4 5 4 4 3 5 8 5 5 5 4 5 3 6 6 3 3 5 5 4 5 2 5 6 5 6 4 5 4 1 3 4 3 5 4 2 3 3 5 0 3 2 5 6 4 6 6 7 4 4 5 6 7 8 2
M[348] : 5 6 4 3 4 3 5 0 3 5 7 7 5 5 5 4 4 7 6 3 3 5 4 5 5 4 3 5 3 5 7 5 2 6 5 4 5 3 5 4 3 4 6 9 4 5 2 4 4 5 4 6 5 4 5 3 6
M[349] : 5 2 4 4 4 5 4 7 5 7 6 5 5 3 0 4 6 6 5 4 3 4 5 6 5 3 3 2 5 4 6 5 4 4 2 1 2 5 5 6 5 6 4 6 7 5 6 2 7 6 7 5 3 6 4 4 4
M[350] : 5 7 3 6 2 2 5 5 5 7 3 7 4 6 3 5 4 3 7 3 3 3 3 1 3 6 2 3 5 4 5 6 3 4 5 6 5 2 5 0 3 3 3 6 5 3 5 6 3 4 4 5 4 4 3 4 6
M[351] : 3 5 3 3 4 4 2 3 5 6 5 2 6 4 5 6 3 4 6 2 3 5 1 3 6 4 4 2 3 4 4 6 0 3 5 4 5 4 3 7 4 3 3 5 4 3 4 4 3 3 6 4 5 5 3 4 2
M[352] : 7 5 5 0 3 4 7 5 5 5 1 7 6 5 2 3 4 4 8 4 5 4 6 6 3 4 3 7 6 3 4 2 4 5 3 7 7 4 3 5 5 5 4 2 7 4 5 6 6 5 8 6 3 5 1 6 3
M[353] : 3 5 5 4 5 8 6 4 4 5 4 5 6 5 5 4 5 6 7 4 5 2 8 4 6 3 3 3 3 5 3 6 3 4 5 4 5 5 4 4 3 6 6 7 4 0 5 3 5 6 3 7 5 5 2 6 2
M[354] : 5 5 4 5 5 6 1 4 5 7 6 6 5 8 5 4 5 7 5 5 5 6 4 4 3 2 6 6 5 6 4 4 5 6 4 3 5 5 4 6 6 4 4 0 4 4 4 6 1 3 7 2 4 5 2 5 2
M[355] : 2 5 2 6 5 4 5 4 5 6 6 3 2 4 7 4 6 7 4 4 4 2 3 5 4 2 3 3 4 5 5 4 4 2 4 6 3 6 4 0 4 4 4 4 4 3 8 5 5 3 6 5 5 6 5 6 2
M[356] : 3 4 5 7 3 4 4 4 5 2 7 4 2 6 6 3 7 3 3 3 4 2 5 5 4 3 8 5 1 7 6 2 3 5 3 4 5 6 4 5 6 4 2 3 3 5 5 3 6 5 4 0 3 4 3 7 5
M[357] : 7 1 3 5 6 6 3 3 5 5 7 4 5 5 4 6 6 5 6 3 3 7 4 3 3 5 5 4 5 6 5 6 5 4 2 2 2 6 0 5 7 3 4 5 5 1 4 3 5 7 1 5 5 2 4 4 4
M[358] : 5 3 7 6 5 2 6 4 5 5 6 7 4 4 7 5 2 3 4 5 4 2 4 6 7 4 6 2 4 4 8 4 4 5 3 5 3 4 4 4 4 8 5 5 0 5 7 3 3 3 6 1 4 6 8 6 3
M[359] : 5 4 3 5 2 2 1 6 2 4 5 3 5 6 4 5 2 5 8 5 5 6 4 5 5 5 2 5 6 5 5 2 4 0 3 2 3 7 3 4 3 4 7 4 4 6 2 4 6 6 5 4 7 9 7 7 5
M[360] : 4 8 2 3 4 5 5 4 6 2 2 3 4 4 6 0 6 6 6 2 4 4 4 5 4 2 5 3 4 6 5 5 7 5 4 4 2 3 4 3 4 4 5 3 6 3 5 3 6 3 5 4 5 5 3 5 5
M[361] : 4 3 4 3 2 4 5 3 6 3 6 5 1 6 6 5 6 5 6 5 6 6 5 0 6 4 3 3 7 4 6 4 5 7 7 5 2 6 4 6 4 5 3 8 5 5 4 7 4 4 6 4 2 4 4 5 3
M[362] : 5 5 4 3 5 5 5 5 5 7 5 6 6 5 5 7 3 3 4 4 6 8 0 0 6 5 1 6 6 5 3 3 4 5 4 5 7 4 6 5 6 4 6 5 5 7 7 4 7 2 3 5 5 5 3 6 5
M[363] : 5 6 5 5 4 7 4 4 3 6 6 5 0 1 5 3 4 7 4 3 6 3 4 2 5 5 3 6 2 5 3 3 5 3 4 6 5 3 5 7 6 2 5 3 4 4 4 3 5 6 4 4 7 6 6 2 5
M[364] : 5 4 4 5 5 7 3 7 3 9 5 4 5 3 6 5 2 6 0 4 5 6 4 4 4 4 5 7 6 2 4 5 3 7 4 7 5 5 3 4 5 2 2 2 2 6 8 4 5 5 3 6 3 3 5 5 3
M[365] : 3 6 4 4 3 4 7 5 6 4 5 8 4 3 0 5 3 5 6 3 2 6 4 4 5 2 7 3 7 5 6 5 4 6 3 1 7 4 2 4 2 2 3 4 4 5 5 2 5 5 5 5 4 2 3 6 4
M[366] : 7 3 4 5 8 6 4 4 6 5 5 5 3 5 5 5 4 7 4 3 4 3 6 4 4 4 2 3 5 6 6 5 2 5 4 4 2 6 6 5 3 0 4 4 8 2 5 5 7 5 4 6 4 6 3 4 4
M[367] : 4 7 4 3 4 3 5 6 5 5 6 4 4 0 3 5 4 6 6 3 4 5 5 6 5 3 6 4 4 7 6 2 2 3 5 4 5 5 3 5 5 5 6 4 2 4 4 6 6 2 6 4 3 3 7 4 3
M[368] : 0 4 4 7 4 3 4 5 5 4 6 4 2 4 6 3 3 5 6 5 4 2 2 2 3 3 5 5 3 5 5 3 6 6 4 5 4 6 6 5 6 3 4 5 7 5 5 4 4 5 5 3 4 3 2 4 5
M[369] : 6 3 7 9 5 4 5 4 4 5 6 5 5 4 6 4 4 8 7 3 7 3 5 4 0 5 4 3 5 4 6 6 5 4 3 4 3 6 5 6 5 5 1 2 4 5 3 4 4 4 5 6 4 2 7 3 4
M[370] : 4 5 3 7 4 3 5 4 2 4 2 8 6 3 2 2 5 6 3 2 5 2 3 3 7 2 4 7 7 6 2 4 3 6 2 5 5 4 6 6 5 6 2 3 3 4 5 5 2 6 6 4 5 5 5 5 0
M[371] : 4 4 5 5 4 5 6 3 3 4 4 7 4 8 3 6 3 5 5 4 2 6 2 4 4 4 0 3 2 6 4 4 5 1 4 5 4 3 5 6 3 4 5 5 5 4 4 7 5 3 5 5 7 6 4 6 2
M[372] : 5 6 5 2 4 3 5 6 5 6 5 5 4 6 4 3 5 5 4 2 4 4 4 4 5 3 6 6 7 4 2 3 2 5 3 5 3 3 2 3 4 5 5 5 5 0 7 5 6 5 6 4 5 6 1 6 4
M[373] : 2 4 5 5 4 4 4 5 5 5 6 7 6 5 5 5 4 5 6 5 4 4 4 4 4 4 7 3 4 2 4 5 2 3 6 3 6 4 1 4 4 5 6 4 0 6 5 4 6 3 4 7 4 5 4 6 3
M[374] : 2 2 7 4 6 7 5 6 3 6 7 5 5 5 2 6 4 1 3 3 4 4 5 7 5 5 5 2 6 3 6 2 7 6 0 5 6 6 3 5 2 3 6 7 4 7 3 7 5 5 3 5 2 2 4 3 6
M[375] : 4 5 4 2 4 7 5 3 4 3 5 5 6 3 2 7 0 4 4 4 0 4 5 7 7 4 4 4 5 6 5 2 4 5 3 6 2 2 3 6 4 4 5 4 2 8 5 4 5 4 3 7 6 4 5 1 7
M[376] : 4 4 5 4 4 5 5 5 3 6 4 5 5 4 5 4 3 2 3 3 5 5 5 6 4 0 5 7 6 3 2 4 3 5 6 5 1 5 5 7 4 2 5 5 4 4 5 5 3 3 4 5 4 4 2 1 3
M[377] : 5 6 6 5 5 7 2 8 6 3 5 3 3 0 5 6 3 4 3 5 4 6 5 4 6 2 5 5 3 4 3 4 6 2 3 3 5 7 4 6 4 4 8 5 6 4 3 4 3 2 6 5 3 0 6 5 3
M[378] : 4 4 5 6 2 2 2 6 6 3 3 6 4 3 2 3 3 5 6 3 6 5 5 5 5 4 3 5 4 5 6 3 6 5 3 7 5 5 5 5 5 6 6 4 5 2 4 6 8 5 7 0 3 7 5 6 2
M[379] : 5 6 3 5 2 5 6 2 6 4 3 4 6 5 3 6 3 7 5 2 4 2 6 4 5 5 4 3 6 4 4 2 4 8 4 2 6 5 5 4 6 7 3 6 5 5 5 6 0 3 2 2 4 4 3 5 6
M[380] : 4 6 3 4 2 2 1 6 4 4 4 3 4 4 6 0 4 6 4 5 6 7 6 4 4 4 4 4 6 1 7 5 4 3 5 4 4 5 5 4 4 3 8 4 5 4 4 7 6 7 6 4 3 2 5 3 7
M[381] : 3 8 5 5 6 6 3 5 2 4 4 5 4 3 2 6 4 5 5 3 4 3 6 5 6 0 5 2 2 5 2 5 3 6 6 5 1 7 4 4 2 7 4 3 3 4 3 5 4 7 7 7 5 5 6 3 3
M[382] : 5 2 3 3 1 6 5 2 0 5 7 3 7 4 3 3 2 5 5 4 5 2 7 3 3 4 4 4 4 5 5 3 6 5 4 3 3 7 5 6 4 8 5 4 4 5 3 4 2 4 2 3 3 6 5 4 4
M[383] : 5 4 6 4 5 5 5 4 6 4 4 5 4 7 4 5 5 5 6 3 3 2 3 3 6 3 4 4 4 8 4 4 3 5 5 3 4 2 4 2 3 8 7 6 0 5 5 4 4 7 5 5 3 6 4 5 3
M[384] : 4 5 0 5 5 3 4 3 4 4 4 6 6 4 3 5 3 1 3 5 5 5 4 3 5 5 3 6 5 6 5 2 4 3 4 2 5 7 4 5 4 2 2 6 5 3 6 4 4 4 6 6 7 8 4 3 5
M[385] : 5 3 5 4 6 5 6 2 3 7 4 4 3 4 5 3 4 5 6 4 5 7 2 2 3 2 4 6 6 5 6 6 6 5 5 6 0 6 4 6 4 4 7 6 5 6 4 5 5 2 3 3 5 4 4 7 8
M[386] : 4 3 5 5 4 3 5 5 4 5 5 5 6 4 3 5 1 6 2 5 7 1 4 4 3 3 6 4 6 2 3 3 4 6 6 5 5 4 5 3 0 4 2 0 2 5 4 7 5 4 4 5 4 4 4 5 3
M[387] : 5 6 5 5 6 2 6 4 6 5 5 3 5 4 5 4 4 3 4 5 5 6 6 4 1 5 3 2 3 2 6 6 4 6 5 4 6 4 0 1 7 4 5 6 4 7 7 4 5 5 3 6 2 5 2 5 3
M[388] : 0 4 4 5 6 5 3 5 8 4 3 4 5 3 5 3 3 1 7 5 2 5 6 4 1 3 2 7 4 2 4 7 4 5 7 6 5 4 5 5 2 4 3 5 2 1 4 6 2 4 4 4 4 4 4 7 4
M[389] : 6 5 2 5 6 4 5 1 4 4 9 6 5 5 3 5 1 2 4 4 4 6 6 4 4 6 4 4 6 4 4 4 2 4 3 0 4 4 3 6 6 5 7 5 4 5 4 3 4 6 2 3 3 2 5 4 3
M[390] : 6 5 7 5 5 7 8 4 3 4 5 6 6 5 6 6 2 1 0 3 3 4 2 4 7 1 4 4 7 5 6 5 3 3 3 5 4 3 5 5 1 6 5 5 3 5 5 4 4 6 4 5 5 4 5 5 4
M[391] : 5 5 6 4 3 3 1 4 2 5 2 3 3 2 7 3 3 2 4 4 2 5 4 5 4 4 6 4 6 6 2 4 3 3 4 4 5 5 2 3 5 6 5 4 4 4 5 4 4 0 6 5 8 7 4 4 4
M[392] : 4 4 5 4 6 0 4 2 4 4 6 3 6 3 5 3 2 5 6 6 7 4 7 3 4 4 4 5 5 1 7 5 4 2 3 5 5 5 3 6 2 5 5 6 4 5 4 4 3 6 7 3 2 2 6 7 4
M[393] : 5 3 3 4 0 6 7 6 4 4 7 4 4 6 6 4 5 5 2 4 4 6 6 2 4 4 3 5 3 4 4 3 3 2 6 2 7 5 3 5 6 4 5 2 7 3 5 5 2 5 6 5 6 6 4 6 3
M[394] : 7 4 5 1 4 4 4 2 5 7 5 4 7 5 2 7 3 2 6 5 5 5 3 6 7 5 6 6 6 1 4 3 4 2 3 0 4 1 4 5 4 4 2 2 1 5 7 4 4 5 6 3 5 5 5 4 7
M[395] : 4 5 2 6 3 5 3 1 3 4 2 5 2 5 3 5 2 6 5 0 5 3 4 2 2 3 5 5 5 4 3 4 6 8 3 6 3 4 5 6 6 2 5 3 5 4 7 3 6 3 4 4 5 6 5 6 5
M[396] : 5 7 4 5 4 4 6 6 4 5 4 5 3 5 5 6 4 4 2 4 6 0 5 5 5 3 3 9 5 7 3 5 3 4 4 7 7 7 8 4 5 5 2 3 3 6 4 6 3 3 4 5 5 3 4 2 6
M[397] : 5 7 3 2 4 1 5 6 3 3 6 4 4 3 6 5 3 6 5 8 4 5 7 5 6 2 5 4 0 4 4 4 6 3 5 6 3 3 7 6 6 5 5 2 6 4 2 2 5 3 4 5 4 6 1 3 6
M[398] : 5 5 2 4 3 6 4 6 3 6 3 5 5 5 4 6 4 4 4 3 4 3 5 4 5 4 4 6 5 4 2 3 2 6 5 5 8 3 6 3 3 4 4 6 5 3 5 4 6 4 5 6 4 5 0 3 5
M[399] : 3 0 4 6 3 6 6 5 6 4 4 3 5 4 4 7 3 3 2 4 4 3 5 5 6 5 5 4 5 5 5 3 4 7 5 7 5 3 4 6 2 7 6 3 4 4 5 5 6 7 6 6 6 4 2 4 4
M[400] : 7 6 7 5 5 3 4 3 3 6 5 5 4 2 4 5 6 7 6 6 4 2 4 3 6 3 4 5 3 1 3 6 3 5 6 5 4 7 7 4 5 3 6 3 6 7 6 4 4 3 0 0 3 3 4 6 5
M[401] : 5 2 6 2 4 5 4 6 3 4 5 6 0 5 3 4 2 2 5 4 4 3 5 3 2 5 3 7 5 6 5 2 7 5 5 4 5 7 4 5 5 3 5 3 7 6 6 8 5 8 4 2 5 2 4 4 5
M[402] : 4 3 1 7 6 6 2 6 7 6 0 3 5 6 6 1 4 3 5 2 5 7 5 5 5 2 2 3 4 5 5 7 1 4 3 3 2 3 5 4 4 7 4 6 6 3 6 4 4 5 6 4 5 6 5 3 4
M[403] : 4 4 3 5 3 2 2 4 2 6 4 6 3 3 3 6 3 6 3 6 2 5 4 4 5 4 4 2 5 2 7 4 0 6 7 2 2 7 3 5 3 5 6 5 4 6 5 7 5 7 6 5 7 5 4 5 4
M[404] : 3 3 4 2 3 4 4 5 4 3 6 6 5 5 3 3 4 2 1 5 7 5 6 4 4 3 4 5 4 3 7 4 6 5 5 4 0 4 1 4 2 2 6 5 3 6 6 4 7 6 7 7 6 5 6 5 1
M[405] : 4 6 5 4 4 3 6 3 5 5 3 4 3 1 5 5 7 2 4 4 3 7 0 3 5 4 5 3 8 4 4 4 2 5 6 3 5 5 5 6 4 5 3 9 5 4 6 3 5 4 3 4 3 6 4 5 6
M[406] : 5 5 5 3 5 6 5 3 5 0 5 6 5 7 4 4 5 2 6 4 6 3 2 6 5 0 4 4 3 6 3 4 4 2 5 3 6 4 7 2 4 7 4 6 5 5 3 6 5 5 5 6 4 5 4 5 4
M[407] : 3 4 5 7 0 5 5 5 5 5 5 3 2 4 5 4 1 5 3 3 4 5 3 2 6 4 3 5 6 5 4 5 7 5 5 3 5 5 6 6 5 4 3 6 6 4 6 5 4 4 5 5 4 3 5 4 3
M[408] : 5 3 5 3 4 3 6 3 5 4 5 7 4 4 5 2 6 4 2 2 3 3 2 6 4 2 2 7 5 5 6 5 4 5 5 6 4 5 4 5 5 5 3 2 4 7 3 5 6 2 5 4 0 4 0 3 5
M[409] : 7 6 5 5 5 5 4 6 7 3 6 3 5 5 3 5 5 6 3 4 6 4 5 5 5 7 3 4 5 7 7 6 5 0 5 4 6 6 4 5 4 5 6 6 4 5 5 4 7 6 4 4 4 3 4 8 3
M[410] : 5 4 4 3 3 4 3 8 2 5 7 4 5 4 4 6 5 4 0 5 4 4 2 3 4 5 5 6 4 7 7 3 4 7 2 4 5 5 6 6 5 4 4 4 5 4 7 3 3 4 4 6 6 6 4 6 5
M[411] : 4 3 5 7 2 5 7 5 5 5 2 6 5 2 4 6 4 5 5 4 5 3 4 4 3 3 6 4 4 6 5 4 4 5 5 5 5 5 0 6 4 5 4 4 4 4 4 5 5 4 3 5 7 3 5 4 3
M[412] : 5 7 5 3 3 4 5 4 3 5 2 3 5 5 4 5 4 4 6 3 4 3 2 3 3 3 6 5 6 3 3 6 4 5 3 3 1 5 4 3 4 4 6 6 7 5 5 5 4 5 0 3 7 4 2 3 5
M[413] : 5 0 5 6 4 3 6 6 4 2 7 6 3 4 3 7 4 5 6 6 4 5 5 2 4 5 4 4 4 6 3 4 3 4 3 4 8 5 1 8 4 8 4 6 6 4 7 5 2 8 2 1 5 4 3 4 5
M[414] : 5 5 4 5 3 6 6 5 3 4 3 4 3 3 2 7 5 4 0 5 6 3 3 5 5 3 3 4 6 7 5 4 4 5 5 3 3 5 6 5 4 4 5 8 6 5 1 4 5 5 4 5 5 4 3 3 2
M[415] : 5 1 7 6 5 5 7 5 2 7 3 5 6 4 4 2 3 6 2 4 3 3 6 2 4 5 5 4 0 3 5 4 5 3 4 5 5 3 4 6 3 3 3 7 6 1 5 4 4 2 4 6 5 6 3 2 7
M[416] : 7 6 4 3 5 3 7 7 6 5 6 5 5 7 5 4 3 3 7 2 5 8 5 3 4 4 5 4 3 4 4 3 3 5 3 7 0 5 4 5 3 7 6 5 5 5 6 3 4 5 6 1 5 4 5 6 4
M[417] : 5 2 3 4 5 6 4 6 5 3 4 4 6 5 3 7 4 5 5 6 3 1 5 2 8 4 4 2 5 8 8 5 0 4 4 5 5 5 8 4 5 4 4 2 5 5 5 2 2 6 3 4 4 5 4 4 4
M[418] : 3 5 2 7 5 4 3 4 4 4 6 4 5 4 4 5 4 5 5 1 4 4 5 5 5 5 4 4 4 4 6 4 4 4 3 6 5 4 4 3 5 5 6 6 5 4 4 7 4 2 7 6 4 3 5 0 3
M[419] : 4 4 6 5 4 4 7 4 8 7 5 6 7 6 5 4 6 4 4 4 5 4 3 5 4 5 6 4 7 2 3 4 3 3 5 7 6 4 6 7 2 3 5 6 3 4 5 0 6 7 2 6 6 3 3 5 2
M[420] : 6 6 3 4 5 5 3 3 6 3 4 4 4 5 5 3 5 4 4 6 5 5 5 3 4 5 3 6 5 3 5 4 3 6 0 6 3 5 5 6 4 8 5 6 5 3 6 6 6 7 5 4 7 4 0 4 4
M[421] : 0 3 5 3 3 5 4 4 4 3 6 3 5 4 5 6 3 5 4 4 3 4 2 4 5 6 4 6 8 4 3 3 4 5 4 4 5 6 4 4 5 4 4 6 6 6 3 9 2 5 4 5 6 3 7 5 4
M[422] : 3 6 3 5 3 7 2 5 4 7 7 3 3 5 3 6 3 7 3 5 7 4 7 0 2 3 3 5 7 5 4 6 4 7 6 7 6 4 5 2 3 4 6 4 3 6 6 6 4 4 2 5 4 3 6 4 3
M[423] : 4 3 5 5 7 5 5 4 4 4 4 5 3 4 4 6 8 3 2 4 3 4 6 4 3 3 3 5 6 4 4 3 4 6 3 7 5 5 4 3 3 4 3 7 7 5 4 4 3 5 4 5 6 0 6 5 2
M[424] : 5 2 3 6 6 4 4 5 5 4 3 3 5 5 5 5 4 4 3 4 4 5 5 7 6 4 3 5 5 7 3 7 3 6 5 4 2 4 6 5 0 5 6 6 5 4 4 4 4 5 6 6 3 6 2 4 2
M[425] : 4 2 0 4 5 7 4 2 7 5 7 6 3 3 5 3 4 5 6 4 5 3 2 2 4 4 5 3 5 4 7 2 4 5 5 3 2 2 5 6 4 6 4 2 4 8 5 5 4 6 6 6 2 5 3 5 1
M[426] : 0 3 3 8 1 2 6 7 6 4 3 4 7 4 5 3 4 3 5 5 8 4 5 7 4 2 6 3 4 6 5 3 5 5 5 6 4 4 6 4 2 3 4 5 4 5 4 3 7 3 4 8 7 2 5 4 2
M[427] : 4 4 4 4 5 6 6 4 3 6 0 7 3 6 6 4 4 6 5 7 5 7 7 7 2 5 6 2 5 5 5 5 4 5 3 6 3 5 1 3 3 4 3 7 4 4 6 5 3 6 3 5 7 2 4 8 3
M[428] : 4 6 7 6 4 6 0 4 4 6 7 5 8 6 5 4 7 6 8 2 6 4 4 5 7 4 6 4 4 4 6 5 3 5 5 6 6 5 5 5 5 4 2 2 6 6 6 3 3 5 2 5 3 5 6 2 6
M[429] : 3 6 7 6 7 5 5 5 6 5 8 2 4 5 4 5 3 4 6 5 4 5 3 5 4 5 5 6 6 5 5 2 5 4 4 5 6 4 3 6 2 3 5 4 6 6 0 6 5 5 6 5 2 6 6 5 1
M[430] : 3 4 2 4 4 6 6 3 5 2 4 6 3 5 3 3 5 4 6 5 3 4 6 7 1 5 4 3 0 6 4 3 5 5 4 3 5 5 4 5 5 2 2 2 5 7 4 4 3 6 6 5 7 4 3 4 2
M[431] : 4 6 3 3 2 4 2 4 4 2 2 6 6 6 3 4 4 3 5 4 6 7 3 4 5 4 4 4 2 3 5 5 7 6 6 4 5 8 4 0 5 3 1 5 2 4 6 6 3 7 4 4 6 3 0 6 5
M[432] : 4 4 7 6 1 3 5 5 6 6 4 5 5 4 5 5 5 5 6 3 4 5 6 4 6 5 4 3 5 4 6 5 4 5 6 6 4 0 5 4 3 3 6 4 4 7 3 4 8 4 5 4 7 4 4 3 3
M[433] : 6 4 4 6 5 7 4 5 7 5 8 4 3 5 6 4 5 6 3 6 4 5 6 7 7 6 1 4 6 4 2 2 5 3 5 3 5 3 4 0 1 4 6 4 3 5 5 3 4 3 4 5 6 3 2 3 2
M[434] : 3 5 2 5 5 6 5 4 3 4 4 4 3 6 4 8 6 6 3 4 4 5 7 5 5 4 3 5 6 6 2 4 5 6 4 6 5 5 4 5 5 6 7 3 5 7 7 4 0 6 3 7 4 5 5 5 4
M[435] : 4 3 5 6 3 8 6 6 6 7 3 7 3 5 3 8 2 4 5 4 6 4 3 4 3 2 2 2 6 2 5 4 0 6 3 4 5 7 2 6 3 5 6 5 4 6 7 4 9 3 3 4 6 6 4 6 5
M[436] : 2 5 6 6 6 6 5 5 4 6 6 7 4 6 4 6 3 4 5 5 1 5 5 5 6 4 3 5 4 4 1 3 6 3 4 2 5 7 6 5 4 5 6 4 0 4 3 7 1 4 8 4 3 6 3 7 6
M[437] : 4 5 3 0 5 5 6 4 5 4 6 4 7 4 3 4 5 4 4 5 7 5 5 3 6 4 2 7 5 7 7 3 5 6 6 3 6 3 5 6 4 5 8 3 5 4 4 4 3 3 3 5 3 3 5 3 5
M[438] : 4 6 6 7 6 4 4 7 3 3 4 6 4 3 5 7 6 4 4 2 4 5 0 5 4 6 3 5 4 3 6 3 2 7 3 3 3 7 5 3 4 5 2 2 3 4 4 7 6 3 4 5 4 6 5 5 3
M[439] : 7 5 5 7 5 6 5 5 5 8 6 3 5 5 0 6 4 9 4 3 3 3 4 4 7 4 5 4 7 4 4 7 4 6 4 7 4 7 2 7 4 5 4 5 4 7 6 2 6 5 5 5 3 6 4 5 3
M[440] : 5 6 8 2 4 5 4 4 4 6 5 3 4 6 5 2 3 5 5 6 7 3 4 6 6 2 3 5 6 5 5 0 5 4 5 7 4 7 5 6 5 4 3 5 7 5 5 4 6 5 6 5 3 5 4 7 4
M[441] : 4 0 4 4 5 5 5 5 4 7 5 4 5 4 4 4 5 5 4 3 5 5 6 2 5 6 3 5 6 5 5 3 4 2 4 6 5 6 6 7 7 3 7 6 3 5 3 6 5 3 6 2 6 7 4 5 5
M[442] : 5 7 4 6 2 5 2 9 4 5 4 3 3 5 7 6 4 5 5 6 4 3 5 5 4 4 6 6 5 5 0 5 4 5 2 5 4 2 4 4 2 3 5 2 4 3 7 3 3 6 4 4 6 3 3 4 4
M[443] : 0 6 6 5 3 3 3 8 4 3 5 4 0 5 7 5 3 5 4 3 7 4 4 5 6 8 5 4 3 4 4 5 1 4 3 5 4 4 4 5 5 4 2 3 4 5 4 5 2 2 5 6 6 3 2 1 5
M[444] : 6 5 5 3 5 8 4 3 4 5 6 4 6 6 5 4 5 3 5 5 5 3 5 3 4 3 6 6 2 5 5 4 4 1 4 7 7 3 5 3 4 4 6 5 5 5 5 5 5 5 4 2 0 7 6 7 2
M[445] : 5 4 5 1 5 4 3 4 6 5 3 4 4 3 4 7 5 5 7 6 6 5 3 5 7 2 2 6 4 6 4 4 5 7 4 2 3 7 4 3 3 3 7 5 4 0 4 4 3 7 6 5 4 5 4 6 4
M[446] : 5 7 3 4 5 6 7 5 6 0 5 5 4 6 6 5 0 6 4 6 5 4 3 2 6 4 5 3 2 3 2 4 4 4 4 4 6 4 7 5 2 6 6 6 2 4 5 5 5 2 5 2 7 5 4 3 5
M[447] : 3 6 4 2 5 5 3 4 4 4 5 5 6 5 3 6 4 4 6 4 4 4 5 4 6 4 5 5 4 7 6 6 6 5 3 5 8 6 5 3 3 4 4 8 4 1 0 6 3 5 4 4 7 5 5 4 4
M[448] : 4 5 4 6 3 5 6 4 5 2 4 5 4 3 6 4 4 5 3 4 3 4 3 4 4 4 5 4 5 7 4 3 3 5 6 4 6 8 4 7 0 5 4 3 5 2 7 4 4 4 1 7 7 6 4 4 6
M[449] : 5 1 3 4 4 5 4 5 4 5 6 4 6 3 6 5 1 5 4 6 3 4 4 5 7 5 4 7 4 2 3 5 6 5 4 5 5 0 6 3 6 5 5 4 5 5 4 4 6 4 3 3 5 5 4 6 3
M[450] : 6 5 4 5 6 4 2 8 2 7 5 4 6 3 4 4 5 9 5 2 3 5 2 4 6 3 4 4 4 3 0 5 7 4 0 4 4 4 6 4 5 5 5 9 7 2 2 4 4 3 4 7 4 3 1 3 3
M[451] : 3 5 5 3 4 6 7 3 7 0 4 4 5 5 3 3 4 4 6 3 5 4 7 5 4 4 4 2 4 5 5 2 2 6 6 3 6 7 5 3 2 4 4 7 6 4 3 5 5 6 4 5 3 5 1 2 5
M[452] : 4 3 3 3 5 4 5 4 6 7 6 4 1 5 3 8 1 5 8 3 3 5 6 5 3 5 5 3 2 5 2 3 5 6 5 5 4 4 2 3 0 7 3 6 4 3 6 4 3 4 5 5 4 3 0 4 5
M[453] : 7 5 2 5 2 4 5 3 4 5 5 4 5 7 5 3 6 5 5 6 5 1 4 6 2 4 5 4 3 5 4 5 3 4 5 5 4 8 4 8 5 5 6 0 6 2 5 5 5 6 5 3 7 6 5 5 2
M[454] : 5 6 5 3 0 5 5 5 6 4 4 6 5 6 4 6 2 7 3 3 7 7 6 5 3 3 5 3 6 6 4 5 4 6 5 3 6 4 5 3 4 4 4 5 5 4 7 4 5 7 4 4 7 7 4 3 3
M[455] : 5 5 4 5 3 5 5 5 4 6 7 2 6 3 3 7 2 3 4 6 7 6 5 4 5 6 4 5 3 5 4 4 5 5 2 3 3 3 4 4 4 5 7 5 3 4 5 5 4 0 4 5 4 4 5 5 7
M[456] : 4 6 3 7 6 4 8 5 4 4 2 7 3 4 4 4 2 2 3 3 3 5 5 4 5 5 3 7 3 2 6 4 5 2 4 4 0 5 3 7 3 5 6 6 5 3 4 6 4 5 5 6 4 5 5 5 1
M[457] : 6 5 4 2 3 2 4 5 5 5 6 3 2 3 6 2 3 4 3 6 4 6 3 3 2 3 0 5 6 6 5 8 4 5 5 5 6 7 5 5 6 4 2 6 3 4 6 5 8 5 8 3 4 2 5 2 6
M[458] : 4 5 6 6 5 7 3 8 5 2 4 5 4 4 2 5 3 3 3 4 5 0 6 4 3 6 7 5 4 4 4 7 5 5 4 2 7 4 7 6 5 4 2 3 5 4 7 4 3 4 5 2 3 6 5 5 7
M[459] : 6 4 1 6 4 3 3 3 6 6 2 2 3 3 3 3 4 4 5 3 3 6 3 5 5 5 4 3 6 3 5 5 4 7 4 4 4 6 7 4 7 3 5 4 5 5 4 5 6 5 4 0 2 0 4 2 4
M[460] : 5 5 5 0 4 4 6 3 3 1 4 4 6 3 5 4 1 5 5 3 4 3 6 4 2 6 5 3 4 2 6 1 4 3 4 3 3 8 7 4 2 1 5 5 6 4 4 2 5 4 4 6 7 4 3 6 5
M[461] : 4 6 5 6 6 6 3 5 4 5 4 5 1 4 4 7 2 4 6 5 3 6 5 4 4 4 4 7 5 4 4 7 6 5 5 4 2 0 5 5 3 7 6 4 5 4 7 3 2 5 2 7 0 3 5 5 6
M[462] : 5 4 5 5 4 4 4 5 5 6 4 6 5 4 3 5 6 6 4 3 3 7 6 2 5 5 4 3 4 5 4 0 4 6 3 3 6 4 2 6 2 5 2 2 4 4 6 6 4 4 5 6 5 5 4 5 4
M[463] : 6 4 4 5 6 6 5 6 4 4 4 5 5 4 4 1 4 4 2 2 1 6 5 1 5 4 4 4 5 6 4 5 4 2 5 5 4 4 6 4 2 5 4 3 5 4 4 4 6 0 4 6 5 5 6 5 4
M[464] : 6 6 2 2 4 4 5 6 4 5 5 3 5 7 5 3 3 5 4 4 5 3 6 2 6 5 5 7 5 5 2 3 5 3 5 4 2 7 4 7 3 6 7 5 4 5 2 0 4 5 7 3 6 4 4 3 0
M[465] : 6 4 0 4 2 6 6 5 2 4 3 6 5 4 5 1 4 6 6 2 6 5 6 3 5 3 6 6 7 4 7 5 4 4 6 5 2 4 4 5 5 5 4 6 5 2 6 5 7 6 3 3 4 6 5 6 4
M[466] : 4 4 6 6 6 4 6 0 4 5 5 2 4 5 4 6 6 6 3 5 7 7 5 6 4 3 5 7 4 6 7 2 6 4 4 5 6 5 4 5 5 3 2 3 5 6 4 4 6 1 5 5 7 4 2 4 5
M[467] : 0 5 3 3 5 5 5 6 3 5 3 5 7 5 6 4 5 5 5 3 3 2 9 2 2 5 4 2 6 3 5 6 3 5 3 5 7 5 6 6 6 4 7 4 6 5 7 5 6 7 3 6 4 4 4 6 3
M[468] : 3 4 2 5 4 4 6 6 4 5 7 4 4 5 5 4 3 6 3 5 3 3 5 5 4 3 4 5 5 6 6 6 3 0 4 5 5 4 8 6 6 5 6 5 4 7 6 7 6 3 5 6 5 3 3 4 2
M[469] : 3 5 6 3 2 6 3 3 5 4 4 4 6 5 5 4 6 6 5 3 3 6 4 2 4 2 5 3 4 3 3 3 4 6 5 7 5 6 6 5 3 0 4 7 6 6 3 3 5 7 7 5 4 3 4 5 7
M[470] : 4 3 7 7 3 5 4 5 5 6 4 6 6 8 4 4 4 3 7 3 6 3 0 4 8 5 6 3 7 4 0 5 5 3 7 4 5 6 6 7 7 4 3 4 3 3 6 6 5 2 4 5 6 4 4 6 5
M[471] : 3 5 4 3 6 7 3 6 6 6 6 4 5 6 2 5 5 5 5 4 4 3 4 6 7 4 7 4 7 6 4 3 5 5 0 5 8 4 6 7 5 3 6 4 5 3 3 1 5 5 2 5 5 2 3 6 4
M[472] : 2 5 4 5 3 5 6 5 5 3 5 2 4 6 2 4 6 3 4 6 6 7 4 4 6 4 5 7 3 4 4 3 5 5 2 5 5 3 5 3 6 4 4 4 4 3 5 6 4 2 5 4 4 5 0 7 6
M[473] : 5 4 6 4 0 3 3 6 7 5 4 5 3 4 7 2 6 6 7 4 4 5 4 3 4 6 4 4 5 6 2 5 3 3 7 4 3 5 7 3 6 6 5 5 4 3 6 5 3 7 2 4 6 5 4 5 5
M[474] : 3 6 6 4 2 6 5 6 6 4 6 6 2 5 5 5 2 6 6 3 5 5 7 3 7 5 4 4 5 3 0 4 5 2 3 4 5 5 6 3 3 5 4 5 4 5 5 6 5 5 5 3 6 4 3 6 4
M[475] : 4 5 5 5 3 4 3 6 7 7 6 5 5 4 3 3 4 4 7 5 6 5 6 3 4 5 4 5 5 0 4 7 5 6 4 4 6 3 7 5 5 2 4 5 3 5 7 5 3 3 7 4 4 6 5 3 5
M[476] : 5 4 2 6 5 3 4 5 3 4 9 3 4 1 8 3 2 3 4 6 4 5 4 4 4 4 4 7 4 5 4 0 5 7 4 5 5 8 6 1 5 6 5 4 3 5 3 2 4 4 6 6 2 5 3 3 4
M[477] : 3 3 7 3 4 2 5 2 4 4 4 5 4 4 5 5 6 1 6 3 4 5 4 5 6 7 4 4 6 2 6 3 4 3 7 4 2 2 3 0 6 5 4 4 8 4 7 6 6 4 5 4 5 2 5 6 4
M[478] : 2 2 4 4 6 3 2 5 5 6 6 8 7 4 2 5 4 3 8 5 6 7 7 7 4 2 2 2 4 2 5 4 5 4 3 8 3 5 6 3 4 3 5 1 4 6 6 5 5 5 7 4 4 3 5 4 0
M[479] : 7 3 4 4 5 6 5 5 4 5 5 5 7 6 5 4 7 4 4 7 3 7 5 6 3 4 3 5 4 4 4 3 3 6 3 5 5 4 5 0 6 4 6 4 5 4 6 3 7 3 6 5 4 8 4 5 3
M[480] : 6 4 6 4 6 5 5 6 5 4 3 5 7 6 6 2 5 6 6 6 6 5 4 4 5 4 8 3 4 4 7 5 3 5 4 5 5 6 5 0 4 5 1 6 5 3 6 3 4 5 4 3 6 5 3 2 5
M[481] : 6 5 5 6 5 1 5 4 2 6 5 2 3 4 2 5 3 4 3 2 6 4 3 3 4 4 2 4 6 3 3 3 6 4 5 6 5 2 5 5 3 4 4 4 5 4 5 3 3 4 5 3 0 6 6 3 7
M[482] : 5 5 4 2 6 5 4 6 4 6 2 6 5 5 3 5 5 6 7 4 4 5 7 3 4 2 4 0 5 4 6 4 3 5 3 6 3 5 6 6 5 6 3 6 3 5 7 4 5 1 2 4 5 6 6 7 5
M[483] : 3 5 4 5 4 4 3 3 4 3 3 4 5 4 4 6 2 4 3 4 6 6 6 4 5 4 5 4 0 3 6 2 6 4 6 7 5 1 3 7 3 6 2 3 4 5 5 5 6 1 3 3 3 5 4 5 6
M[484] : 4 3 4 6 4 5 5 3 5 3 3 3 6 6 5 5 2 6 4 6 7 5 3 3 6 3 3 6 7 5 4 3 0 6 5 5 5 4 4 2 2 3 5 4 4 3 3 4 4 1 6 2 5 5 5 4 3
M[485] : 4 4 3 5 5 4 4 3 4 0 7 5 5 8 4 3 4 2 5 6 6 7 4 5 4 4 4 6 8 7 7 3 5 6 6 5 2 4 4 4 2 0 6 3 5 6 8 7 5 2 3 2 4 1 4 6 3
M[486] : 4 4 0 4 4 6 5 6 6 5 1 4 2 5 6 4 6 7 5 5 4 6 4 4 5 3 4 5 3 4 3 6 3 3 5 4 4 5 5 2 4 7 3 5 3 4 5 7 4 6 7 6 7 2 5 6 3
M[487] : 5 6 5 5 5 5 8 2 5 4 5 5 4 2 6 6 1 7 0 6 3 4 3 5 4 4 4 5 4 3 3 3 4 6 5 6 6 5 6 5 4 6 5 4 7 5 4 5 2 6 5 5 1 4 4 4 3
M[488] : 5 3 6 3 2 2 7 7 6 4 3 7 4 7 4 4 6 4 5 6 5 6 4 6 5 6 3 4 6 6 5 3 4 4 6 0 4 3 6 6 2 3 4 8 2 3 2 6 6 7 5 1 6 4 5 4 3
M[489] : 4 3 3 7 2 6 5 5 3 5 6 3 1 1 4 2 7 4 6 4 4 3 6 0 5 4 4 5 7 2 6 1 4 4 4 4 5 6 1 6 3 2 4 5 6 3 7 5 6 6 2 4 2 4 6 7 3
M[490] : 6 3 5 4 2 5 5 5 3 6 3 5 5 1 2 3 3 4 6 3 5 7 4 4 8 0 4 3 4 3 6 1 2 4 6 5 3 5 6 5 4 7 7 4 5 6 3 5 6 5 2 2 5 4 3 3 2
M[491] : 5 4 5 3 5 5 4 6 3 6 3 5 5 0 6 5 5 1 6 2 5 4 5 6 5 4 4 4 5 3 6 4 5 5 2 6 7 4 6 5 4 3 4 6 4 5 4 6 7 5 4 6 5 4 3 4 3
M[492] : 3 3 6 4 3 6 5 4 5 7 5 0 4 3 4 6 5 2 5 4 4 6 3 3 5 2 5 2 5 3 5 2 4 4 4 5 2 5 6 7 5 5 6 4 7 3 6 5 3 4 7 7 5 8 4 5 6
M[493] : 0 6 5 4 6 6 5 3 2 4 6 2 5 4 2 3 2 6 7 5 3 6 6 4 5 5 6 4 2 6 3 5 1 5 2 5 5 2 3 4 4 4 2 4 5 5 3 6 1 5 4 4 4 4 3 3 4
M[494] : 4 6 6 4 6 5 5 3 7 5 4 4 3 6 5 4 5 6 4 3 6 5 3 6 2 5 5 5 5 0 3 6 5 6 6 5 4 6 6 4 3 2 6 5 4 2 3 5 5 5 3 3 7 6 5 5 4
M[495] : 3 5 5 3 5 4 6 6 5 5 5 3 6 5 4 5 4 6 5 4 6 4 5 2 6 2 3 3 8 5 6 0 4 6 1 3 5 4 7 7 5 4 4 5 3 6 7 3 3 7 5 4 6 3 5 4 4
M[496] : 5 1 4 6 5 3 3 4 6 5 5 4 6 3 2 4 3 5 5 3 2 5 3 0 1 6 5 6 4 4 5 5 2 5 4 3 5 1 6 6 3 4 6 4 7 4 3 5 1 2 4 4 4 5 5 4 4
M[497] : 5 4 5 2 6 5 2 7 5 6 5 7 4 4 4 4 3 3 4 4 3 5 5 3 4 4 3 5 6 4 2 3 2 6 5 7 6 4 6 5 4 0 2 5 6 6 4 6 2 5 3 4 6 4 3 4 3
M[498] : 0 2 2 9 3 4 5 2 3 3 4 7 4 3 4 4 5 5 4 5 4 4 5 5 4 3 4 5 2 4 2 2 2 5 4 3 5 6 4 4 1 6 4 4 4 4 6 4 7 4 7 4 5 7 3 5 4
M[499] : 3 5 5 3 4 2 7 3 6 5 6 7 4 3 3 2 3 5 5 5 4 7 7 3 3 5 2 5 3 1 5 5 5 6 6 7 2 6 2 0 4 6 5 5 3 4 1 4 4 5 5 6 3 6 4 2 5

