 Execution de l'algoritme BITS sur le fichier dsjc250.5.txt
=====================================================================
 Partitions  : 
Vk[0] : 109 62 235 98 84 245 118 92 -->  8 éléments.
Vk[1] : 0 194 45 166 160 240 79 57 -->  8 éléments.
Vk[2] : 147 231 121 58 20 7 220 174 -->  8 éléments.
Vk[3] : 2 127 123 113 104 233 145 137 -->  8 éléments.
Vk[4] : 230 132 30 146 44 192 226 207 -->  8 éléments.
Vk[5] : 212 110 23 188 227 107 191 -->  7 éléments.
Vk[6] : 97 34 87 120 229 108 168 177 -->  8 éléments.
Vk[7] : 47 124 237 190 61 49 54 63 -->  8 éléments.
Vk[8] : 199 72 75 171 114 131 170 3 -->  8 éléments.
Vk[9] : 29 142 193 155 195 14 17 167 -->  8 éléments.
Vk[10] : 213 19 73 46 43 53 184 -->  7 éléments.
Vk[11] : 189 48 133 241 204 221 159 200 -->  8 éléments.
Vk[12] : 77 76 186 80 21 173 89 41 -->  8 éléments.
Vk[13] : 27 172 102 156 116 134 52 148 -->  8 éléments.
Vk[14] : 95 224 236 12 164 214 180 24 -->  8 éléments.
Vk[15] : 1 158 153 55 115 16 154 119 -->  8 éléments.
Vk[16] : 135 22 69 209 18 88 15 205 -->  8 éléments.
Vk[17] : 122 37 26 111 71 65 94 35 -->  8 éléments.
Vk[18] : 157 218 105 103 100 151 38 -->  7 éléments.
Vk[19] : 215 36 228 74 162 141 163 42 -->  8 éléments.
Vk[20] : 117 248 206 78 150 6 51 93 -->  8 éléments.
Vk[21] : 101 4 86 66 217 138 232 -->  7 éléments.
Vk[22] : 175 196 161 225 152 149 28 242 -->  8 éléments.
Vk[23] : 31 50 178 33 128 239 249 139 -->  8 éléments.
Vk[24] : 126 246 185 96 244 203 60 187 -->  8 éléments.
Vk[25] : 176 183 99 85 39 59 216 -->  7 éléments.
Vk[26] : 112 10 25 202 9 106 222 -->  7 éléments.
Vk[27] : 234 40 211 140 64 8 83 165 -->  8 éléments.
Vk[28] : 91 197 238 181 247 143 243 90 -->  8 éléments.
Vk[29] : 136 129 11 13 201 68 182 169 -->  8 éléments.
Vk[30] : 130 210 125 179 223 81 219 82 -->  8 éléments.
Vk[31] : 56 208 67 70 198 32 5 144 -->  8 éléments.
Matrice M
M[0] : 6 0 3 5 5 2 4 5 5 5 4 6 3 5 3 5 5 4 4 2 4 3 4 4 3 4 4 3 2 4 6 5
M[1] : 3 4 6 4 4 4 2 3 2 5 4 3 5 7 6 0 5 2 4 4 5 5 7 3 3 4 4 4 7 5 6 6
M[2] : 4 4 6 0 1 5 3 6 5 4 6 7 3 4 5 5 5 3 2 3 5 5 6 4 5 4 6 5 4 5 5 3
M[3] : 6 4 3 5 3 3 3 1 0 5 5 4 5 4 4 4 5 2 4 5 6 6 4 4 3 2 2 3 3 6 5 4
M[4] : 7 6 1 2 4 2 5 6 5 5 3 4 6 2 6 5 5 6 5 4 2 0 3 5 4 5 1 4 6 6 5 5
M[5] : 4 4 3 6 4 3 5 5 6 4 3 4 4 4 2 3 4 5 5 3 1 2 4 2 4 4 3 2 2 6 5 0
M[6] : 4 3 4 7 6 4 4 3 5 5 4 3 4 5 5 3 5 6 4 3 0 2 3 3 5 4 4 4 3 5 3 5
M[7] : 3 4 0 6 6 5 5 4 6 4 4 2 4 5 5 3 5 3 3 4 5 1 5 5 4 2 2 5 4 5 4 2
M[8] : 3 1 3 5 5 2 4 5 2 6 3 3 4 5 3 4 2 4 3 6 6 4 3 2 3 3 6 0 4 2 4 4
M[9] : 5 2 2 5 5 5 4 1 3 3 4 5 4 4 5 3 5 3 3 7 7 4 3 3 3 3 0 4 6 4 4 3
M[10] : 3 2 4 5 5 4 3 6 3 3 4 4 5 4 4 4 6 5 3 5 4 3 4 2 5 3 0 4 4 5 4 4
M[11] : 4 3 5 4 2 3 4 4 4 2 5 4 4 3 4 4 4 4 5 5 4 6 2 3 5 3 5 3 4 0 3 4
M[12] : 5 6 7 1 6 5 2 4 4 3 3 5 4 5 0 7 5 4 2 4 6 6 5 3 4 4 4 4 4 3 5 5
M[13] : 7 6 7 4 4 1 6 5 5 5 4 3 6 2 3 5 5 2 3 5 2 4 4 3 5 2 4 4 6 0 4 4
M[14] : 5 3 3 5 4 4 3 1 5 0 3 4 4 4 5 5 5 5 3 4 4 3 6 6 4 3 3 5 5 3 2 6
M[15] : 5 5 6 5 4 6 6 4 5 6 4 5 5 3 5 5 0 5 6 3 4 5 3 2 6 5 5 4 4 7 3 4
M[16] : 5 5 4 4 3 4 4 6 6 5 4 2 4 3 6 0 4 3 1 3 4 7 4 3 2 3 3 2 5 3 6 2
M[17] : 5 3 4 4 4 6 6 3 4 0 4 3 5 4 3 5 6 4 3 4 4 0 3 4 6 6 2 6 5 4 6 1
M[18] : 4 6 4 2 5 4 4 6 4 5 3 6 4 7 2 3 0 5 4 5 4 3 2 5 5 2 4 5 4 4 3 5
M[19] : 6 6 5 4 0 6 4 4 7 3 0 3 5 6 3 4 4 5 6 3 3 5 4 6 3 2 5 2 4 4 2 3
M[20] : 5 3 0 3 5 3 6 5 3 2 4 4 3 3 4 4 4 6 5 3 3 4 5 5 6 3 3 3 5 6 7 4
M[21] : 5 3 4 5 2 2 4 4 1 4 3 3 0 4 5 3 2 5 4 5 5 4 3 2 4 4 5 4 3 5 4 3
M[22] : 6 6 5 3 3 3 5 4 6 3 4 3 4 2 6 5 0 2 5 2 3 4 3 4 5 4 4 5 6 6 5 3
M[23] : 5 4 4 3 4 0 4 6 3 6 4 1 2 7 3 2 4 2 5 1 6 2 5 4 6 3 3 6 3 4 5 6
M[24] : 4 3 4 5 3 3 6 7 5 4 3 3 4 1 0 2 6 1 4 4 4 4 6 3 6 5 3 4 1 1 6 6
M[25] : 4 3 3 5 1 3 6 2 4 3 4 6 6 4 4 7 8 3 5 3 6 3 5 0 4 5 0 4 3 0 5 3
M[26] : 5 2 4 2 5 3 5 5 2 3 4 3 3 3 2 3 2 0 4 8 4 6 4 2 3 3 4 7 3 1 4 0
M[27] : 3 6 3 5 2 6 4 5 6 5 3 3 5 0 6 6 3 4 4 6 2 4 3 2 4 3 3 4 6 3 5 5
M[28] : 6 4 5 4 4 5 3 5 5 5 5 6 4 6 4 5 2 4 4 3 3 3 0 3 5 4 4 4 3 3 3 3
M[29] : 5 5 4 4 3 4 2 6 4 0 3 3 6 3 4 4 3 5 4 2 6 3 4 4 4 2 3 4 4 2 2 4
M[30] : 5 5 3 4 0 1 1 4 3 3 3 6 4 2 4 3 5 4 7 3 7 1 3 5 5 5 4 4 4 6 5 7
M[31] : 5 4 5 6 4 3 3 6 4 5 4 3 2 4 3 5 3 2 4 2 5 6 5 0 4 4 4 2 6 2 3 2
M[32] : 6 5 3 3 6 6 6 2 4 4 3 2 4 5 6 5 1 1 4 3 7 3 5 4 3 3 2 4 3 7 5 0
M[33] : 5 3 5 4 2 4 6 5 6 4 2 3 4 4 3 2 3 3 4 4 5 4 5 0 6 5 2 2 6 4 4 4
M[34] : 3 4 4 5 4 2 0 4 6 5 3 3 3 5 5 4 4 4 5 6 3 3 3 4 3 1 5 4 4 4 4 5
M[35] : 4 2 7 3 4 4 3 4 5 6 5 4 4 4 6 3 3 0 4 3 2 5 1 5 5 6 4 5 2 5 1 5
M[36] : 1 5 4 5 4 3 7 5 6 4 4 5 3 6 4 4 3 3 2 0 5 5 4 4 5 5 6 6 2 3 2 6
M[37] : 4 3 4 3 4 3 2 4 5 6 5 1 3 3 4 5 5 0 4 6 5 5 4 3 6 3 2 1 4 4 4 3
M[38] : 4 2 3 5 7 5 3 6 3 4 5 4 3 3 2 3 5 5 0 2 3 3 4 6 5 1 5 4 6 5 4 5
M[39] : 6 5 4 4 3 2 2 3 7 4 4 5 4 3 7 6 5 6 3 4 4 5 3 4 2 0 5 4 7 5 3 4
M[40] : 2 4 5 1 4 3 5 3 5 4 6 5 5 4 6 2 5 5 4 6 3 3 4 4 4 5 5 0 3 3 6 4
M[41] : 6 5 2 4 3 5 4 4 5 4 4 4 0 3 2 6 4 3 5 4 7 3 2 3 4 3 3 5 2 7 5 5
M[42] : 2 4 5 3 3 0 3 6 6 4 5 3 5 1 4 4 4 5 2 0 7 5 5 7 3 2 5 4 2 5 6 4
M[43] : 5 4 5 4 5 1 6 2 7 2 0 3 4 5 3 4 5 4 6 5 3 7 5 5 4 6 3 6 4 5 5 4
M[44] : 5 6 4 3 0 5 3 4 4 4 5 3 4 2 4 6 1 3 3 4 6 3 3 4 5 1 4 4 5 5 4 4
M[45] : 4 0 4 5 5 5 6 5 6 3 5 5 5 3 6 5 3 4 1 1 3 3 4 5 4 5 5 4 3 4 6 4
M[46] : 2 3 6 4 7 3 6 4 5 5 0 2 5 4 3 5 4 4 1 5 6 3 5 3 3 5 3 6 4 4 4 4
M[47] : 4 3 6 4 6 5 2 0 3 5 4 2 6 5 6 3 5 5 5 4 3 4 6 5 3 6 3 2 4 5 4 2
M[48] : 4 4 4 5 6 4 6 3 6 3 2 0 4 4 6 5 4 6 2 6 2 2 1 6 5 5 4 5 6 3 4 5
M[49] : 3 5 2 6 5 5 2 0 2 4 5 3 3 5 3 4 5 6 5 3 1 3 2 5 5 3 3 5 5 4 6 6
M[50] : 4 5 6 5 5 5 6 7 5 3 3 4 4 4 2 3 3 3 4 3 4 4 1 0 5 5 5 4 3 4 6 5
M[51] : 5 3 1 3 2 5 4 3 5 4 3 5 5 6 1 5 1 6 3 5 0 5 4 5 6 3 3 5 4 2 4 3
M[52] : 3 1 7 4 2 2 3 4 6 5 5 6 7 0 4 3 4 4 5 6 5 4 5 7 5 2 2 4 4 8 5 4
M[53] : 7 4 4 6 4 4 3 5 3 3 0 6 5 4 3 4 4 4 2 6 4 3 0 3 2 1 4 3 6 3 2 4
M[54] : 5 4 3 7 4 3 3 0 4 2 3 2 2 6 6 5 4 3 4 5 3 4 4 2 3 3 2 5 4 2 6 2
M[55] : 4 4 2 5 2 3 4 5 4 6 4 4 6 4 4 0 4 6 3 6 5 5 2 3 3 4 3 5 4 4 3 5
M[56] : 6 4 2 3 4 3 5 3 7 6 5 6 5 5 5 4 5 4 2 3 6 2 4 3 3 3 2 6 6 1 4 0
M[57] : 3 0 5 5 5 2 6 5 2 6 2 5 4 2 5 5 5 1 5 5 0 6 2 3 4 5 3 4 3 5 6 5
M[58] : 4 5 0 3 5 4 3 4 4 5 6 5 4 5 4 4 3 1 6 4 5 2 6 1 6 3 4 4 5 3 2 2
M[59] : 4 6 2 3 4 3 3 3 4 4 4 2 3 5 6 4 4 3 6 4 2 4 5 4 3 0 2 2 5 4 4 3
M[60] : 4 3 6 2 6 4 3 5 2 6 4 6 3 6 1 6 3 2 4 1 4 1 6 1 0 5 3 5 3 4 3 3
M[61] : 7 5 5 3 7 3 4 0 4 4 4 4 7 4 5 6 3 4 5 3 4 3 2 5 6 5 5 6 4 4 7 4
M[62] : 0 4 3 6 5 3 4 3 5 5 3 4 7 5 4 4 3 3 4 3 4 3 3 3 3 4 5 5 2 4 3 5
M[63] : 3 2 4 4 5 6 4 0 3 2 2 2 3 4 3 4 5 7 3 5 4 3 3 5 3 4 2 3 4 5 3 0
M[64] : 4 4 4 4 4 4 3 2 6 4 4 5 2 5 2 5 3 4 2 3 3 4 5 3 3 2 2 0 4 5 4 4
M[65] : 6 3 3 4 7 3 3 4 2 8 2 4 3 3 2 1 2 0 3 5 5 5 6 6 4 2 3 2 3 3 2 6
M[66] : 4 5 5 6 5 4 4 2 4 3 5 2 5 3 1 6 2 4 4 5 2 0 5 4 7 5 3 5 4 1 5 6
M[67] : 4 5 3 3 3 5 3 2 7 3 4 6 5 4 6 3 3 5 4 6 5 2 2 2 4 4 5 4 7 3 4 0
M[68] : 5 2 5 4 4 5 3 6 7 6 5 5 4 4 4 5 6 4 3 2 4 1 1 4 5 3 2 5 5 0 3 6
M[69] : 5 5 5 4 2 5 1 5 5 3 5 5 4 5 3 2 0 3 6 4 5 4 5 4 4 5 6 2 2 5 4 2
M[70] : 4 2 5 4 3 5 6 3 5 2 5 4 5 4 3 3 5 3 3 6 4 3 5 5 6 4 3 5 3 5 6 0
M[71] : 4 6 4 5 5 3 6 4 3 5 3 4 3 3 5 3 6 0 4 3 5 5 2 5 4 4 3 3 5 3 4 3
M[72] : 3 3 4 7 3 3 6 3 0 4 1 5 4 6 5 2 6 3 5 3 3 4 4 4 1 6 4 4 1 6 3 5
M[73] : 4 6 6 4 4 1 2 6 2 3 0 4 3 3 4 2 4 5 5 6 6 4 5 3 3 5 5 5 3 6 5 4
M[74] : 5 3 4 5 4 4 4 5 4 6 4 6 5 5 4 8 3 5 6 0 3 2 3 5 3 4 1 4 3 3 5 4
M[75] : 2 5 7 6 4 7 3 4 0 5 6 4 5 6 3 4 7 5 4 5 7 3 4 4 3 2 4 7 5 5 4 3
M[76] : 4 1 5 6 6 3 5 4 4 7 4 2 0 5 5 3 4 2 2 4 3 3 3 5 6 4 3 2 5 7 4 6
M[77] : 6 6 6 5 5 5 6 6 2 6 2 4 0 6 3 6 7 3 5 4 3 4 5 4 2 3 5 2 4 5 7 3
M[78] : 4 2 5 6 5 4 5 3 3 6 3 4 5 5 7 4 4 2 4 3 0 3 3 2 4 4 4 4 5 6 6 6
M[79] : 4 0 2 4 5 4 5 3 5 6 5 4 6 4 4 4 5 3 3 6 3 3 5 6 3 4 2 3 4 3 6 4
M[80] : 3 3 6 4 3 3 1 3 8 2 4 5 0 6 4 3 6 3 2 4 3 4 4 4 4 3 5 1 6 2 3 5
M[81] : 3 5 6 3 5 3 5 5 4 4 3 5 4 3 4 4 4 2 6 3 5 3 5 5 6 2 5 5 5 4 0 5
M[82] : 3 4 5 2 1 5 4 3 3 3 5 3 4 3 5 4 6 6 2 7 2 5 6 5 4 2 2 7 5 4 0 1
M[83] : 2 1 5 5 6 3 4 5 4 4 2 2 4 7 4 1 5 6 4 4 6 4 6 3 5 4 5 0 6 6 5 5
M[84] : 0 4 4 5 4 2 2 3 3 5 2 3 4 4 3 3 5 5 4 5 5 3 3 2 4 3 6 3 4 3 5 7
M[85] : 3 3 6 6 3 4 5 8 2 4 4 7 4 3 3 6 5 5 5 5 7 5 4 8 3 0 3 2 5 5 5 6
M[86] : 5 0 4 7 5 3 2 6 4 2 3 6 1 5 3 4 1 5 3 4 3 0 4 5 3 3 2 6 3 3 4 3
M[87] : 4 5 7 6 4 4 0 4 5 2 3 7 7 5 4 3 4 4 0 4 3 2 5 5 5 3 2 5 5 6 4 5
M[88] : 4 2 4 5 2 3 3 4 8 6 2 6 7 5 3 5 0 3 1 3 3 3 5 4 7 4 3 6 5 5 4 4
M[89] : 5 4 2 4 1 2 4 3 3 3 5 3 0 4 5 3 3 5 1 4 5 2 4 3 4 1 3 6 5 3 3 7
M[90] : 4 2 3 5 3 3 5 5 2 6 3 4 3 3 3 2 4 4 4 4 5 4 4 1 2 3 4 4 0 4 4 5
M[91] : 3 4 7 4 4 2 6 3 3 3 4 5 5 5 3 4 3 1 4 3 4 3 3 4 2 3 5 5 0 7 4 6
M[92] : 0 5 3 5 6 3 4 5 5 4 5 4 6 5 1 2 4 7 3 2 5 4 5 4 5 5 5 2 2 3 1 6
M[93] : 6 2 4 7 5 6 5 6 3 4 4 3 1 4 6 6 3 6 3 2 0 3 4 5 5 6 4 4 4 4 4 4
M[94] : 4 5 4 3 4 3 6 5 1 5 4 5 5 5 6 3 4 0 2 5 4 4 5 1 5 3 2 5 2 4 6 3
M[95] : 2 5 4 4 4 5 3 5 4 6 4 6 5 5 0 2 3 4 1 4 6 3 6 4 2 5 4 5 2 6 3 6
M[96] : 4 3 6 2 5 5 5 3 5 6 5 2 5 4 4 2 5 5 5 5 3 4 4 5 0 3 3 2 4 5 3 4
M[97] : 4 2 1 4 4 6 0 3 5 3 4 5 5 2 5 4 5 4 4 4 6 2 4 5 5 4 4 3 2 4 5 6
M[98] : 0 6 6 4 7 2 4 5 3 2 5 3 4 5 3 3 4 4 3 4 4 5 6 4 3 3 3 4 3 6 3 5
M[99] : 2 4 4 4 4 6 4 5 3 4 5 4 4 4 6 6 4 5 4 5 6 2 3 7 5 0 6 3 2 5 3 2
M[100] : 3 4 5 3 5 2 4 8 2 4 5 3 3 4 5 5 4 6 0 5 4 3 4 6 7 4 2 4 4 3 2 3
M[101] : 5 3 5 7 5 3 2 3 3 5 3 3 2 5 5 3 4 8 4 5 6 0 4 7 4 3 2 3 4 5 4 3
M[102] : 5 6 6 3 4 4 5 3 5 3 5 2 5 0 4 3 3 1 5 3 6 4 3 3 6 5 2 6 3 1 3 3
M[103] : 4 3 5 5 5 3 3 6 4 5 5 5 2 8 3 4 3 5 0 6 6 4 2 7 5 4 5 5 4 7 4 6
M[104] : 2 4 6 0 4 4 6 5 8 2 4 4 2 4 4 2 2 5 3 2 7 2 4 2 1 4 4 4 5 5 3 6
M[105] : 2 2 4 1 4 4 3 2 5 4 4 5 4 5 5 2 6 5 0 5 4 2 6 3 3 4 3 3 1 1 4 3
M[106] : 4 5 5 4 5 4 4 5 4 4 3 4 4 1 5 5 1 5 5 6 6 2 3 5 5 4 0 4 6 3 4 3
M[107] : 2 2 3 4 2 0 5 6 6 4 4 4 3 3 2 4 6 3 4 4 5 2 4 5 4 2 3 4 5 3 6 3
M[108] : 3 2 2 7 5 1 0 4 4 2 4 6 3 3 4 5 2 6 3 4 4 6 7 3 5 3 3 5 4 2 4 5
M[109] : 0 2 5 3 4 2 3 2 5 4 3 5 1 5 3 5 6 6 3 3 4 4 3 5 4 4 4 4 3 4 5 3
M[110] : 3 5 6 6 4 0 2 5 5 6 1 6 4 3 4 4 5 5 3 3 6 3 6 8 6 6 3 4 6 3 6 4
M[111] : 6 4 3 3 3 4 4 6 5 6 3 3 3 3 1 4 4 0 7 3 4 6 3 3 4 3 6 4 3 5 4 5
M[112] : 5 3 3 5 5 7 6 2 6 2 4 3 5 6 4 4 4 5 4 3 3 2 2 4 3 4 0 4 5 5 5 4
M[113] : 7 6 5 0 6 3 4 6 3 5 3 0 6 3 4 5 4 4 4 2 7 2 4 4 6 4 4 5 5 2 2 4
M[114] : 7 3 4 5 3 2 4 4 0 4 5 4 4 8 5 2 4 2 3 5 2 4 4 4 4 4 1 5 4 6 6 7
M[115] : 2 5 4 6 5 2 5 4 5 4 4 1 3 4 1 0 5 5 3 5 4 2 5 5 4 4 5 5 1 4 3 3
M[116] : 4 4 5 4 2 1 4 7 4 2 5 5 4 0 4 4 4 2 3 5 5 4 2 7 4 4 3 3 5 4 5 4
M[117] : 6 4 4 6 6 6 5 3 5 7 5 3 5 7 5 7 3 4 2 6 0 4 1 6 6 5 4 5 4 4 4 5
M[118] : 0 3 5 3 5 5 7 5 4 4 5 3 5 3 5 5 3 3 1 2 5 4 3 4 6 4 5 1 3 2 1 7
M[119] : 2 5 2 3 6 2 3 5 3 3 3 7 3 5 5 0 3 2 2 4 4 3 4 5 3 4 5 1 5 5 3 4
M[120] : 4 5 2 4 3 4 0 5 4 3 2 4 1 6 4 5 3 3 1 5 3 3 2 5 8 1 5 5 3 4 5 5
M[121] : 4 4 0 4 4 3 4 5 7 2 5 4 6 4 3 4 4 8 3 4 4 5 5 5 5 2 3 5 5 5 8 4
M[122] : 4 4 5 6 3 4 4 5 3 5 3 5 5 3 2 2 4 0 3 2 5 5 4 4 4 3 6 5 6 4 6 4
M[123] : 3 4 2 0 4 3 5 3 7 4 3 4 3 5 5 4 4 3 2 4 5 5 5 5 5 5 5 2 5 1 3 2
M[124] : 5 4 3 6 5 6 4 0 4 4 4 5 3 5 4 5 3 5 4 4 2 5 4 5 5 6 3 3 3 6 5 6
M[125] : 4 2 4 6 6 5 3 3 7 3 3 4 4 4 5 2 1 3 3 2 4 6 4 4 3 3 4 3 5 6 0 7
M[126] : 6 5 3 6 1 5 7 7 3 7 3 1 4 6 6 3 3 4 2 7 5 3 4 3 0 3 1 2 5 6 7 5
M[127] : 6 3 2 0 2 3 5 8 6 4 3 5 6 3 2 4 4 4 3 5 6 2 5 6 3 2 4 4 1 7 5 6
M[128] : 3 5 4 3 3 4 5 4 2 4 3 4 5 3 5 5 4 7 4 3 4 4 6 0 3 5 3 4 2 4 4 3
M[129] : 4 6 5 4 6 3 4 6 5 1 4 4 4 5 4 4 2 4 2 4 3 4 5 5 4 5 2 4 6 0 2 5
M[130] : 2 4 4 4 7 2 6 7 3 5 2 4 3 5 3 5 6 4 1 1 3 2 3 2 6 6 3 5 6 4 0 5
M[131] : 1 7 5 7 4 5 3 4 0 4 4 4 2 5 4 4 5 2 3 3 5 3 2 4 5 4 5 3 4 4 3 6
M[132] : 6 3 3 3 0 4 6 5 4 6 4 3 5 5 5 6 5 2 3 4 3 4 3 6 5 4 5 6 4 3 3 5
M[133] : 2 5 4 5 4 2 4 2 4 3 2 0 6 2 5 2 5 3 3 4 2 5 3 1 1 4 2 4 3 2 3 4
M[134] : 4 5 4 5 2 3 5 6 3 5 5 4 5 0 3 6 5 2 3 3 5 3 6 5 4 3 2 7 4 2 4 5
M[135] : 5 3 4 4 3 6 4 5 2 3 4 4 3 3 4 5 0 3 4 1 4 2 5 5 4 6 5 3 3 4 2 5
M[136] : 3 3 4 2 6 5 6 3 6 5 3 5 4 5 3 6 5 4 3 4 5 2 2 4 4 3 3 5 3 0 5 5
M[137] : 3 7 3 0 3 5 6 3 5 5 4 7 4 6 5 4 5 5 3 5 6 7 5 4 5 4 2 5 5 5 2 1
M[138] : 3 4 5 2 3 3 2 5 6 2 6 5 4 5 5 5 4 6 3 5 4 0 7 3 5 2 4 5 4 6 5 3
M[139] : 2 3 4 3 5 5 4 4 1 5 3 3 5 5 4 4 4 4 4 5 4 4 1 0 6 5 4 2 1 3 2 2
M[140] : 3 4 3 6 4 3 5 2 5 3 5 4 2 7 1 5 7 3 6 5 1 4 2 3 5 3 2 0 4 4 3 3
M[141] : 3 3 3 2 2 4 5 6 6 4 3 6 4 3 6 3 1 4 4 0 2 3 5 4 3 4 4 3 4 5 6 5
M[142] : 1 5 3 3 3 3 4 4 5 0 5 6 3 3 4 3 5 5 3 4 5 3 4 3 5 4 4 4 4 3 5 3
M[143] : 2 5 6 4 4 3 4 7 4 6 3 6 2 4 3 6 6 2 3 5 5 2 3 4 5 2 6 4 0 4 4 2
M[144] : 7 4 4 5 4 3 5 2 3 5 3 1 6 4 5 3 5 5 4 4 5 3 3 4 4 5 1 5 6 3 7 0
M[145] : 5 7 3 0 3 1 4 4 3 5 3 6 6 3 4 5 5 1 2 3 4 4 4 3 3 3 2 3 4 2 5 3
M[146] : 4 2 6 2 0 3 5 6 4 3 4 3 1 2 1 4 1 3 5 2 2 4 6 4 4 5 6 4 3 2 4 6
M[147] : 3 4 0 6 2 3 2 4 5 3 2 5 2 5 3 5 6 6 3 6 5 4 2 5 5 5 5 3 5 6 5 4
M[148] : 4 5 1 1 4 4 5 3 5 3 3 4 5 0 5 4 4 6 1 5 4 2 4 1 4 5 5 4 4 5 2 4
M[149] : 4 2 6 2 2 4 3 5 5 3 4 4 3 6 4 6 5 4 4 3 5 3 0 3 6 3 2 7 1 1 5 2
M[150] : 4 1 6 6 3 5 3 4 3 6 3 4 4 4 5 4 6 4 3 3 0 4 4 3 3 2 6 6 4 5 3 5
M[151] : 4 5 6 0 5 5 5 4 6 6 4 4 7 4 4 4 4 4 0 4 2 3 6 6 5 5 5 4 3 5 5 2
M[152] : 3 4 4 6 1 3 5 5 2 5 4 5 4 3 0 4 5 3 4 4 5 5 0 2 3 4 2 4 5 3 6 6
M[153] : 6 3 5 4 4 5 3 5 3 5 4 4 5 4 5 0 5 1 4 3 5 4 5 5 4 5 4 3 7 3 2 2
M[154] : 3 6 4 2 5 4 5 2 6 5 4 3 5 2 4 0 3 2 3 6 4 2 5 5 2 4 6 4 4 5 1 3
M[155] : 6 3 4 6 5 4 3 3 2 0 4 3 1 6 2 4 6 5 6 4 5 3 7 4 6 2 1 3 2 6 3 5
M[156] : 5 2 7 5 2 4 3 4 5 5 4 2 6 0 2 5 5 4 6 3 7 3 2 5 4 4 2 5 5 4 7 5
M[157] : 4 4 4 2 4 4 1 3 6 4 1 5 3 5 5 2 4 2 0 5 2 5 2 3 3 4 5 6 4 2 3 6
M[158] : 4 3 5 3 5 3 3 4 3 5 4 4 4 5 4 0 3 3 5 6 6 4 6 3 6 6 3 4 2 7 7 5
M[159] : 5 4 4 4 4 4 2 5 5 5 3 0 2 4 3 6 5 4 5 6 2 5 4 2 5 4 3 6 7 7 3 5
M[160] : 6 0 5 5 2 4 4 2 4 1 2 2 5 5 2 3 1 7 3 4 5 3 4 3 4 2 4 3 5 6 3 3
M[161] : 4 6 2 8 4 3 4 3 6 4 5 2 5 4 4 3 5 2 1 3 2 4 0 4 5 3 4 2 3 3 4 6
M[162] : 2 4 3 3 6 3 6 4 6 3 4 6 4 4 3 2 5 4 3 0 2 4 3 3 4 2 4 4 5 4 4 5
M[163] : 2 2 6 5 4 1 2 3 2 3 5 5 5 4 5 6 5 5 3 0 6 5 6 4 3 3 4 4 1 3 3 4
M[164] : 4 1 3 4 5 5 4 6 4 3 1 6 3 6 0 5 5 4 4 7 4 5 2 5 6 3 2 7 5 6 2 4
M[165] : 3 2 5 3 2 2 5 3 7 4 5 4 3 4 5 5 4 4 1 5 5 4 6 4 3 2 4 0 6 2 3 6
M[166] : 2 0 4 5 2 4 1 4 5 6 5 4 2 4 3 7 5 3 4 6 3 5 4 6 6 5 3 4 4 3 3 4
M[167] : 3 3 2 2 4 5 4 1 7 0 1 4 6 5 4 5 2 8 5 1 3 3 2 3 5 6 3 2 4 4 4 5
M[168] : 3 5 4 3 4 4 0 4 4 4 3 6 2 4 7 4 6 2 2 3 5 4 6 4 2 2 4 3 4 5 5 4
M[169] : 1 6 3 4 6 6 4 2 5 1 4 4 5 2 6 4 6 5 3 3 5 5 2 4 4 5 4 2 7 0 6 3
M[170] : 5 3 5 3 4 3 2 3 0 4 4 5 2 3 3 5 5 3 5 5 5 2 3 3 6 3 5 5 2 7 3 5
M[171] : 4 5 6 5 5 2 4 4 0 7 6 6 4 5 4 5 7 5 3 5 4 3 5 3 2 6 2 3 4 4 6 5
M[172] : 5 6 6 6 5 4 6 6 6 6 2 4 0 0 3 3 3 4 5 2 4 5 7 3 4 3 4 8 4 6 2 7
M[173] : 3 3 2 3 3 5 2 4 4 3 6 4 0 5 6 5 5 2 3 4 3 4 4 3 5 6 4 5 3 4 4 6
M[174] : 5 5 0 4 0 3 4 5 3 4 4 5 5 5 2 7 5 2 4 5 2 6 5 6 4 5 2 5 3 2 4 1
M[175] : 4 3 5 4 3 3 4 1 4 6 2 2 4 3 5 6 3 5 3 4 3 6 0 6 5 4 3 1 5 3 7 6
M[176] : 5 5 3 3 3 4 2 6 6 3 3 5 3 3 6 4 5 4 2 4 4 5 6 6 6 0 3 5 2 1 4 4
M[177] : 4 7 7 4 5 2 0 2 3 4 4 4 4 4 3 2 2 5 3 5 6 3 3 5 3 3 5 3 8 4 4 4
M[178] : 7 4 5 2 4 4 4 3 5 4 4 6 2 3 4 7 4 4 7 4 4 3 4 0 4 6 2 3 3 5 6 6
M[179] : 2 5 3 2 4 6 5 6 6 2 2 6 4 4 6 5 4 4 5 6 5 5 6 2 7 4 2 2 2 5 0 8
M[180] : 4 4 4 5 5 4 3 3 4 4 3 5 2 3 0 4 2 4 3 4 4 3 2 5 3 5 5 2 3 6 5 5
M[181] : 3 3 1 4 4 4 4 3 2 4 4 5 4 3 4 4 4 5 6 3 4 5 5 5 3 3 3 3 0 6 3 5
M[182] : 3 5 4 6 4 1 3 5 4 4 4 4 3 6 3 2 4 4 4 5 6 4 3 5 3 3 2 3 3 0 3 3
M[183] : 3 6 3 4 5 6 3 7 3 6 4 3 4 4 4 5 3 3 3 5 5 5 4 4 5 0 5 4 4 3 4 4
M[184] : 2 3 1 5 5 5 3 5 6 6 0 3 6 5 4 6 4 2 5 3 3 2 5 2 5 4 2 5 5 4 2 6
M[185] : 2 4 3 5 3 6 3 5 4 6 2 4 3 1 4 3 6 4 4 3 5 4 3 5 0 5 5 4 4 5 7 3
M[186] : 5 5 5 4 6 3 4 3 4 3 4 4 0 4 4 6 5 6 3 7 3 4 3 4 2 3 3 6 2 0 1 5
M[187] : 2 4 3 4 4 3 5 7 3 3 2 6 5 6 4 3 4 4 3 4 3 5 7 6 0 1 4 6 2 5 5 5
M[188] : 4 7 4 3 4 0 3 6 4 5 4 4 6 5 5 3 4 6 3 4 7 5 5 2 6 6 5 2 5 6 4 6
M[189] : 4 3 5 5 2 3 6 4 3 5 4 0 3 5 7 2 4 3 5 6 6 1 6 5 4 3 4 4 5 5 5 5
M[190] : 1 6 6 6 4 4 5 0 4 1 5 7 3 4 5 2 6 4 4 5 4 5 6 5 7 6 1 2 3 6 3 2
M[191] : 4 3 3 3 3 0 5 2 4 7 5 4 4 3 4 4 5 2 4 6 3 4 5 6 5 5 4 3 2 6 3 5
M[192] : 8 6 6 4 0 3 5 4 5 3 3 2 4 2 5 4 3 6 6 6 5 6 3 3 2 4 3 3 3 6 6 4
M[193] : 2 6 3 4 5 5 2 3 4 0 3 5 5 5 5 5 5 8 3 4 6 3 6 3 5 3 4 3 3 4 2 2
M[194] : 4 0 7 4 5 5 5 5 2 3 4 4 3 8 5 5 5 1 4 3 3 4 3 2 6 5 4 2 6 4 1 1
M[195] : 5 5 3 5 5 5 4 4 7 0 3 3 2 4 5 7 6 4 6 6 4 5 3 5 4 2 3 6 4 2 3 6
M[196] : 3 3 5 4 4 5 5 2 3 5 3 5 1 4 7 7 4 4 3 3 5 6 0 3 4 4 3 4 5 4 6 2
M[197] : 4 5 5 5 5 7 4 5 4 2 4 4 4 5 3 6 4 2 3 2 2 6 6 5 4 5 4 6 0 4 6 4
M[198] : 6 3 2 2 4 5 5 7 4 3 4 6 6 6 7 5 7 2 4 5 2 7 3 4 3 2 5 6 5 4 5 0
M[199] : 5 5 3 5 6 4 6 4 0 5 4 6 5 3 4 6 4 4 5 6 3 4 5 6 5 5 3 6 4 1 6 6
M[200] : 3 2 4 4 5 5 7 4 5 3 2 0 2 2 4 4 4 4 6 6 5 3 6 4 4 5 3 3 1 4 4 4
M[201] : 4 3 3 2 3 4 2 5 3 4 3 4 3 6 4 6 4 2 4 2 3 4 2 2 6 3 4 4 6 0 7 4
M[202] : 7 6 6 5 7 2 5 2 3 2 2 4 1 3 3 6 5 4 3 5 5 2 2 7 4 4 0 4 4 4 3 5
M[203] : 1 5 4 6 3 5 5 2 4 5 1 4 4 2 5 3 5 5 7 1 7 4 7 3 0 4 4 3 3 3 4 4
M[204] : 4 6 4 6 5 3 7 5 4 4 3 0 5 5 7 3 4 1 3 6 4 4 7 3 3 4 5 4 4 6 4 1
M[205] : 2 3 2 5 3 5 3 2 6 7 3 4 3 1 4 2 0 6 5 8 4 3 5 3 4 4 5 6 6 2 4 4
M[206] : 2 5 1 5 2 6 2 2 5 3 5 4 5 4 5 3 5 3 4 4 0 3 5 5 4 5 4 3 4 3 7 3
M[207] : 6 4 2 4 0 3 5 6 6 6 4 6 2 2 6 5 4 5 6 6 4 4 5 3 3 3 5 4 5 5 4 3
M[208] : 5 2 4 3 8 3 5 2 5 5 3 6 5 5 4 4 2 4 3 4 4 4 4 5 4 1 4 2 4 5 3 0
M[209] : 3 3 8 5 4 3 5 5 7 5 4 3 6 5 6 5 0 3 1 4 4 2 4 3 1 3 2 6 5 3 4 5
M[210] : 5 6 4 3 6 4 3 7 5 3 2 1 6 3 2 2 4 4 5 6 4 5 4 5 4 4 2 5 5 3 0 5
M[211] : 4 6 3 4 3 5 3 6 3 4 3 6 7 3 5 3 6 4 3 4 4 3 3 4 3 4 3 0 6 3 7 4
M[212] : 2 6 4 4 3 0 5 5 4 4 3 6 6 4 7 6 6 3 4 2 7 4 5 5 4 3 5 3 4 4 4 3
M[213] : 6 3 2 4 7 4 4 5 5 4 0 2 4 5 5 6 4 5 2 4 5 2 5 6 4 5 4 4 6 6 3 5
M[214] : 1 4 4 5 1 1 6 5 3 4 2 6 6 4 0 4 4 5 3 6 6 1 5 3 5 4 3 3 3 1 2 4
M[215] : 6 6 5 2 3 7 3 3 3 2 3 6 4 7 6 6 4 4 5 0 3 4 3 1 3 5 5 7 6 3 3 3
M[216] : 4 6 4 5 4 5 2 5 7 3 4 4 5 7 4 3 7 1 3 3 5 4 4 4 4 0 4 5 4 4 4 3
M[217] : 5 6 3 2 4 2 7 4 4 3 3 4 4 4 4 5 4 6 3 5 4 0 4 2 2 6 3 4 2 4 5 2
M[218] : 5 7 6 5 4 3 4 4 6 6 3 4 3 3 2 5 6 4 0 3 5 5 3 3 6 4 2 1 5 4 5 4
M[219] : 5 6 5 4 6 5 5 6 4 2 3 5 1 5 1 4 1 5 2 4 8 4 8 3 4 2 4 6 4 4 0 3
M[220] : 4 4 0 3 4 4 3 4 5 3 0 5 3 6 5 4 6 3 5 4 1 2 2 4 5 2 4 7 5 4 4 6
M[221] : 3 6 5 3 4 5 2 3 5 5 5 0 5 4 2 4 4 5 4 2 5 2 4 3 4 3 5 3 5 2 8 5
M[222] : 5 7 3 4 5 3 5 4 3 6 5 4 6 1 4 4 5 5 4 3 3 1 5 5 2 5 0 5 7 5 2 3
M[223] : 3 5 7 4 2 3 5 4 4 5 3 4 5 6 3 5 3 3 3 2 5 2 5 8 4 4 5 4 6 3 0 5
M[224] : 3 5 2 7 3 3 5 5 5 5 3 5 5 3 0 5 4 2 6 4 6 5 5 4 5 6 4 4 4 3 3 5
M[225] : 1 3 4 3 6 4 4 7 3 3 5 5 4 4 6 3 5 3 2 7 2 2 0 4 2 3 1 4 5 0 5 4
M[226] : 3 4 2 1 0 2 3 8 2 4 4 7 4 6 4 2 3 5 2 3 4 7 4 4 5 2 3 5 1 3 6 2
M[227] : 7 4 4 2 4 0 4 7 3 4 3 5 3 3 3 4 5 6 3 5 5 2 2 4 4 5 5 3 5 2 5 6
M[228] : 6 3 4 5 5 3 7 2 4 3 4 5 6 3 6 4 5 5 5 0 3 3 5 3 4 5 3 4 4 4 2 3
M[229] : 6 5 4 3 5 5 0 3 0 5 5 3 5 6 4 2 5 5 5 6 4 4 4 5 5 4 5 6 5 3 5 6
M[230] : 7 3 3 3 0 3 6 4 4 4 5 5 5 2 2 4 4 7 2 3 3 3 4 2 4 2 3 3 3 5 5 5
M[231] : 4 5 0 2 3 3 4 3 4 3 4 5 5 6 4 1 5 5 4 4 5 4 4 4 2 4 3 4 4 5 4 3
M[232] : 4 6 5 3 6 5 5 4 3 3 3 3 6 5 4 4 6 6 3 3 5 0 4 6 3 6 2 1 6 5 4 4
M[233] : 4 3 4 0 1 1 3 6 6 4 5 4 5 5 2 2 4 4 2 6 5 2 4 4 4 3 6 3 4 3 3 4
M[234] : 4 4 8 3 5 3 5 6 4 4 3 3 4 6 4 3 5 2 4 3 6 2 2 4 5 2 2 0 3 5 5 4
M[235] : 0 5 3 4 7 5 2 4 4 4 5 4 5 4 3 2 4 4 3 5 6 6 3 6 2 3 2 3 5 4 4 6
M[236] : 3 4 2 0 4 2 7 2 3 3 6 3 5 4 0 6 4 4 3 5 4 1 3 5 3 4 4 1 3 5 3 3
M[237] : 3 4 5 5 5 5 5 0 3 3 4 5 4 5 5 5 4 3 3 5 5 3 5 6 5 4 3 6 5 4 7 4
M[238] : 4 3 5 5 4 3 5 2 2 3 4 5 6 3 3 3 3 5 3 1 3 4 5 4 5 4 4 6 0 5 5 6
M[239] : 5 4 3 4 5 5 3 4 6 4 4 2 4 5 6 5 6 1 2 6 3 4 2 0 2 4 2 5 3 4 5 2
M[240] : 3 0 4 5 4 5 4 4 6 3 2 4 2 4 4 1 4 6 3 3 3 3 3 1 4 5 3 3 5 5 6 3
M[241] : 5 4 5 5 5 4 4 4 6 3 2 0 2 4 5 2 6 3 2 6 2 5 5 5 2 2 4 3 6 4 1 6
M[242] : 6 4 3 6 7 5 6 4 3 4 1 7 3 2 4 4 3 4 6 7 4 2 0 3 5 4 5 5 5 4 5 1
M[243] : 2 2 6 2 2 3 4 4 6 2 4 3 3 6 2 4 6 4 1 6 2 3 3 4 6 5 3 3 0 5 6 5
M[244] : 5 4 6 5 6 4 4 5 4 5 3 3 3 6 5 4 5 7 4 4 8 4 3 2 0 3 3 4 4 3 6 1
M[245] : 0 3 3 4 6 5 5 4 4 4 4 4 5 2 4 5 5 5 5 3 2 4 5 5 1 1 3 3 1 5 5 3
M[246] : 4 6 6 2 5 3 4 3 4 1 4 2 4 4 5 3 5 4 5 3 5 3 1 5 0 4 3 5 6 5 3 6
M[247] : 1 8 3 4 2 5 3 3 4 5 6 5 3 6 4 6 5 5 3 3 4 2 3 5 4 4 6 5 0 5 6 3
M[248] : 4 4 5 5 5 3 6 2 6 2 3 2 3 3 6 5 4 3 3 5 0 2 5 4 7 4 5 3 1 3 5 3
M[249] : 2 2 3 5 3 4 5 5 3 3 5 4 2 5 5 1 3 5 5 4 4 3 4 0 0 3 4 5 8 4 4 5

