 Execution de l'algoritme BITS sur le fichier dsjc250.5.txt
=====================================================================
 Partitions  : 
Vk[0] : 198 32 75 200 153 9 59 -->  7 éléments.
Vk[1] : 138 127 186 85 203 219 148 -->  7 éléments.
Vk[2] : 173 0 147 17 217 86 152 225 -->  8 éléments.
Vk[3] : 129 38 210 149 136 67 182 39 -->  8 éléments.
Vk[4] : 33 83 77 155 90 199 12 70 -->  8 éléments.
Vk[5] : 119 228 204 20 206 122 231 -->  7 éléments.
Vk[6] : 130 100 214 110 68 156 227 166 -->  8 éléments.
Vk[7] : 175 3 221 171 201 8 229 194 -->  8 éléments.
Vk[8] : 40 192 226 233 191 2 111 91 -->  8 éléments.
Vk[9] : 109 131 36 56 162 190 215 61 -->  8 éléments.
Vk[10] : 57 10 248 76 234 241 74 243 -->  8 éléments.
Vk[11] : 47 213 170 180 49 105 52 218 -->  8 éléments.
Vk[12] : 34 168 239 37 80 64 146 123 -->  8 éléments.
Vk[13] : 16 187 177 249 1 144 205 -->  7 éléments.
Vk[14] : 193 24 11 247 69 202 102 -->  7 éléments.
Vk[15] : 98 42 235 30 164 118 223 167 -->  8 éléments.
Vk[16] : 189 240 158 21 101 72 160 96 -->  8 éléments.
Vk[17] : 54 35 60 142 31 212 62 150 -->  8 éléments.
Vk[18] : 94 184 65 179 216 163 87 145 -->  8 éléments.
Vk[19] : 58 25 71 132 114 174 23 26 -->  8 éléments.
Vk[20] : 121 41 112 128 183 137 106 181 -->  8 éléments.
Vk[21] : 161 120 140 19 207 44 99 82 -->  8 éléments.
Vk[22] : 195 169 53 13 176 113 116 14 -->  8 éléments.
Vk[23] : 141 245 232 104 211 92 165 236 -->  8 éléments.
Vk[24] : 66 242 45 78 6 93 5 220 -->  8 éléments.
Vk[25] : 7 208 196 88 157 18 124 108 -->  8 éléments.
Vk[26] : 48 89 15 117 237 4 28 81 -->  8 éléments.
Vk[27] : 244 172 46 222 178 154 134 133 -->  8 éléments.
Vk[28] : 224 27 135 63 159 97 139 79 -->  8 éléments.
Vk[29] : 125 22 43 246 126 55 209 29 -->  8 éléments.
Vk[30] : 51 95 197 185 230 103 151 -->  7 éléments.
Vk[31] : 73 115 238 107 188 50 84 143 -->  8 éléments.
Matrice M
M[0] : 5 3 0 3 3 5 4 3 3 4 2 3 3 4 5 5 2 4 6 4 4 6 6 5 4 6 2 7 4 5 3 4
M[1] : 4 3 6 3 2 3 7 2 3 4 5 4 4 0 6 4 5 8 3 4 4 6 5 2 5 8 6 5 5 4 4 2
M[2] : 6 4 6 4 7 3 5 4 0 2 4 6 0 4 4 3 5 6 4 4 5 3 5 4 6 5 4 4 4 7 5 5
M[3] : 2 5 6 5 3 2 3 0 3 5 3 4 5 5 4 4 4 3 5 1 3 4 4 5 5 3 6 5 3 5 3 5
M[4] : 5 3 2 5 6 2 3 6 4 5 3 3 5 6 5 5 3 6 5 5 4 2 5 5 1 6 0 3 6 5 4 7
M[5] : 4 7 4 7 3 2 5 5 4 4 2 4 2 5 4 6 3 2 6 4 3 0 5 3 0 5 3 3 4 3 3 1
M[6] : 4 6 5 6 4 3 6 7 5 4 1 4 5 2 5 6 4 4 3 4 5 4 5 3 0 2 3 2 4 3 4 5
M[7] : 2 2 4 3 6 2 4 4 5 4 3 5 6 3 7 3 6 4 5 2 3 3 5 2 7 0 3 5 4 4 4 5
M[8] : 3 3 3 4 4 2 2 0 5 6 3 2 3 5 3 1 4 6 3 5 5 5 5 2 5 1 7 4 2 5 4 2
M[9] : 0 4 4 5 4 4 1 6 5 4 3 4 6 2 3 4 2 4 6 1 2 5 2 6 5 4 4 5 7 3 2 5
M[10] : 3 5 3 3 4 5 4 3 4 5 0 7 4 4 4 3 4 5 2 3 3 4 5 2 4 2 6 2 3 7 5 6
M[11] : 4 4 4 3 5 5 2 2 2 3 4 6 3 3 0 6 5 1 5 2 5 4 1 7 4 4 6 5 2 5 4 3
M[12] : 7 5 5 2 0 5 3 4 5 4 5 3 3 4 2 5 7 4 5 6 3 5 4 3 7 3 5 5 5 5 2 4
M[13] : 4 3 6 3 6 4 3 3 5 5 5 5 3 2 4 6 7 5 3 3 5 6 0 3 4 5 4 4 3 5 3 3
M[14] : 7 3 6 3 7 2 5 6 7 2 5 4 1 4 3 3 2 5 6 3 4 4 0 3 4 3 4 4 3 4 5 3
M[15] : 5 2 6 6 3 5 8 4 6 4 4 6 4 4 5 4 5 2 6 4 3 5 6 6 5 1 0 5 5 4 4 8
M[16] : 4 4 3 3 3 2 4 5 1 3 3 5 4 0 2 5 2 5 4 4 5 3 6 4 7 4 7 2 6 3 2 5
M[17] : 3 4 0 4 5 3 5 5 4 5 3 3 4 3 2 3 4 5 5 4 5 5 5 5 3 5 5 2 5 5 3 5
M[18] : 4 5 4 2 6 3 7 5 5 6 4 7 5 3 5 3 4 4 3 5 5 2 4 5 4 0 3 4 6 3 1 2
M[19] : 4 5 7 2 5 3 3 6 4 2 2 6 5 5 4 6 5 6 1 6 7 0 4 4 4 4 1 3 4 3 3 3
M[20] : 1 1 4 5 4 0 4 6 4 3 5 5 6 6 4 5 5 5 4 5 1 3 4 4 4 5 5 4 2 5 5 5
M[21] : 4 3 6 5 2 4 4 1 1 3 2 4 3 4 2 6 0 5 7 4 7 1 5 5 4 2 6 4 5 2 3 0
M[22] : 5 4 6 4 5 3 5 6 3 5 5 6 2 4 3 3 3 5 3 3 3 5 4 5 3 5 4 3 5 0 3 6
M[23] : 4 2 4 5 6 3 4 0 5 4 2 4 3 4 6 5 2 2 3 0 4 6 4 5 5 3 4 5 6 5 6 2
M[24] : 4 2 4 5 5 4 4 6 3 5 3 4 4 4 0 4 7 4 3 3 4 4 3 4 1 7 5 1 4 5 2 3
M[25] : 3 4 2 4 3 4 3 5 6 4 3 2 3 5 4 3 4 3 4 0 3 6 5 2 6 4 6 3 4 5 4 5
M[26] : 1 5 5 3 4 4 2 6 3 7 3 2 3 2 2 4 4 2 3 0 6 5 1 6 3 3 4 2 4 2 3 5
M[27] : 4 4 7 3 6 3 5 6 5 5 6 4 6 5 3 3 5 3 4 5 3 5 4 6 3 4 2 1 0 4 3 2
M[28] : 4 5 2 3 4 3 4 5 2 3 4 6 6 4 4 4 2 4 5 5 5 2 2 6 6 5 0 7 4 3 3 5
M[29] : 1 1 3 3 4 2 6 5 4 4 5 3 5 4 3 2 3 5 3 4 4 3 1 5 6 3 5 7 2 0 6 4
M[30] : 3 4 4 8 4 3 5 3 2 4 5 4 6 4 4 0 3 4 5 1 6 0 4 4 6 4 5 4 6 2 3 6
M[31] : 3 3 5 5 5 4 4 3 5 4 2 4 4 3 5 3 5 0 2 2 5 3 5 3 4 1 5 5 5 4 4 5
M[32] : 0 3 4 4 5 2 6 2 4 5 3 3 4 3 3 6 5 3 4 4 3 4 5 5 6 3 3 6 3 4 5 5
M[33] : 2 4 4 3 0 5 4 5 5 5 6 5 2 4 3 4 6 2 4 5 5 4 6 3 8 7 3 1 1 3 3 1
M[34] : 3 3 2 4 6 2 3 3 4 5 3 3 0 6 3 5 6 1 5 6 3 1 5 6 3 5 5 5 6 6 2 2
M[35] : 4 3 4 6 5 2 6 3 3 3 4 5 4 6 1 6 3 0 3 4 6 4 4 4 4 4 3 5 3 4 4 4
M[36] : 6 5 4 2 5 3 4 6 3 0 3 4 6 5 3 1 6 4 5 5 4 5 5 4 4 5 5 5 4 3 3 4
M[37] : 2 5 4 3 3 3 6 2 3 4 2 4 0 5 5 5 5 4 2 0 4 3 5 3 6 5 5 3 3 5 4 5
M[38] : 6 3 3 0 3 2 4 7 4 2 4 6 2 3 4 5 2 2 4 6 5 4 6 4 4 6 4 5 4 3 3 5
M[39] : 5 3 4 0 6 5 6 5 5 5 4 5 1 3 6 5 5 3 4 7 3 1 5 6 4 2 4 4 3 4 4 6
M[40] : 3 3 4 4 6 3 6 3 0 3 3 3 1 5 3 5 4 6 5 6 5 5 6 2 6 5 2 3 3 5 5 5
M[41] : 5 5 2 7 3 5 5 4 2 4 4 4 1 2 4 5 2 5 5 5 0 4 4 4 4 3 5 6 3 6 3 5
M[42] : 4 2 7 4 5 2 4 2 3 4 5 4 3 3 3 0 4 4 4 4 6 5 3 3 6 4 6 3 5 7 3 2
M[43] : 5 3 5 6 2 6 3 7 6 6 5 6 7 4 5 3 3 3 5 2 5 5 2 5 3 4 3 5 5 0 5 3
M[44] : 5 1 5 3 2 5 4 4 4 4 6 5 2 4 4 5 3 4 5 4 3 0 4 3 7 6 1 4 3 4 4 3
M[45] : 4 4 2 4 4 4 4 7 5 3 4 4 5 5 4 3 2 5 5 5 6 6 5 3 0 2 6 5 5 5 2 3
M[46] : 3 5 4 3 2 4 3 5 5 3 2 3 5 3 3 3 4 6 3 7 5 6 6 5 5 3 6 0 4 4 4 4
M[47] : 3 6 7 6 2 2 6 3 5 3 2 0 2 4 2 5 3 4 4 6 5 5 4 6 3 4 6 2 6 4 5 5
M[48] : 2 5 2 3 5 3 4 4 4 6 4 3 6 3 4 5 4 6 7 4 6 2 4 5 4 5 0 5 4 5 4 4
M[49] : 4 3 3 3 7 3 7 3 8 3 5 0 2 4 7 4 2 5 6 2 3 2 5 3 3 4 3 3 2 6 5 4
M[50] : 5 4 3 5 3 4 7 5 4 4 6 5 3 2 3 5 1 5 3 3 5 4 5 6 4 2 5 5 5 4 5 0
M[51] : 3 4 5 2 3 3 3 6 4 3 4 4 5 2 2 5 5 5 4 4 5 2 3 4 3 2 4 7 4 4 0 5
M[52] : 2 4 4 5 5 4 3 8 5 6 5 0 5 4 4 4 4 5 5 4 3 5 6 1 4 4 6 5 3 5 5 3
M[53] : 2 1 2 2 3 2 4 4 6 6 6 5 3 3 3 4 4 2 4 6 4 3 0 4 3 3 4 4 5 4 3 7
M[54] : 2 4 4 3 3 2 7 3 4 3 4 3 5 2 4 3 2 0 3 3 2 4 4 7 4 3 4 5 4 3 6 5
M[55] : 5 4 3 4 5 2 4 4 3 6 4 6 5 3 2 6 0 4 6 5 4 4 5 6 3 3 5 5 4 0 4 2
M[56] : 1 5 2 1 6 4 3 6 4 0 6 6 3 1 3 6 6 3 3 2 4 2 4 6 5 6 5 4 4 5 4 7
M[57] : 4 6 3 5 2 3 2 4 4 5 0 3 3 4 6 4 3 3 5 3 5 5 4 5 3 5 5 4 4 6 3 3
M[58] : 3 4 1 5 6 2 3 6 6 5 6 5 2 2 4 4 5 5 2 0 3 3 5 2 3 3 6 6 3 5 4 3
M[59] : 0 2 6 5 5 2 5 2 3 4 1 3 1 4 4 6 5 6 3 4 3 3 2 3 4 4 4 6 5 2 5 3
M[60] : 4 1 5 1 3 3 5 7 6 2 5 5 1 3 2 3 3 0 3 4 5 6 6 3 4 5 4 4 2 2 3 5
M[61] : 5 5 7 5 6 2 4 5 4 0 5 4 4 4 2 7 6 4 4 7 5 3 5 5 4 3 2 4 5 5 4 7
M[62] : 3 4 6 4 7 4 5 4 5 2 6 5 2 4 3 4 3 0 4 6 4 2 5 3 3 2 4 5 4 6 3 0
M[63] : 2 3 2 4 4 4 7 3 4 3 4 2 6 3 1 2 2 3 5 4 5 3 4 2 4 4 4 3 0 4 3 6
M[64] : 3 4 3 5 3 4 2 4 3 5 3 3 0 2 1 4 6 4 4 4 4 5 3 2 2 4 4 7 3 6 1 5
M[65] : 5 5 6 3 3 3 6 3 4 6 4 3 3 3 3 5 4 2 0 1 4 2 3 6 4 1 5 4 3 5 3 3
M[66] : 5 4 5 2 7 3 2 5 5 6 2 2 4 4 2 3 5 2 6 4 5 6 6 3 0 4 6 5 2 3 4 4
M[67] : 3 3 1 0 4 2 6 4 4 3 6 4 3 3 4 5 5 3 7 4 5 3 4 4 4 4 5 5 3 6 5 4
M[68] : 4 1 3 4 5 4 0 4 7 3 5 5 4 3 1 5 3 6 4 3 5 3 4 4 3 3 4 5 4 6 6 7
M[69] : 2 4 4 4 5 5 6 5 3 4 6 5 4 3 0 3 4 5 5 4 4 4 6 2 5 3 3 6 2 2 4 3
M[70] : 1 4 5 5 0 4 5 5 7 4 5 4 5 5 3 4 3 5 5 3 3 3 4 3 4 4 6 4 3 5 3 5
M[71] : 2 3 5 3 4 5 4 3 4 2 3 6 3 4 3 3 7 2 4 0 5 5 4 5 5 5 5 4 6 4 6 1
M[72] : 3 5 4 6 3 1 4 5 6 3 4 4 7 3 5 5 0 4 3 2 4 3 5 4 4 4 3 2 7 3 3 2
M[73] : 3 4 5 7 4 5 4 3 5 4 5 3 3 4 2 5 2 4 3 6 3 5 4 5 3 3 8 5 3 4 4 0
M[74] : 3 5 5 4 4 4 4 3 7 3 0 5 2 4 1 4 5 4 3 2 6 4 7 3 3 3 4 6 7 4 5 6
M[75] : 0 4 3 4 4 3 6 2 5 5 5 5 6 2 3 5 5 3 5 6 6 5 6 5 6 6 6 4 2 6 5 5
M[76] : 1 5 1 5 5 5 2 4 3 4 0 4 3 5 3 6 4 4 5 4 6 3 6 5 3 5 5 4 4 5 5 3
M[77] : 4 3 5 4 0 3 5 6 6 3 4 6 2 3 5 4 2 5 4 6 4 4 6 6 5 5 5 4 6 5 5 5
M[78] : 4 3 2 5 7 4 4 3 4 6 2 4 3 5 5 4 5 3 6 3 3 7 6 5 0 5 2 3 4 5 3 6
M[79] : 1 5 5 5 5 4 4 2 3 5 4 5 5 3 4 6 4 5 4 3 3 4 3 2 3 3 6 7 0 5 4 6
M[80] : 4 2 4 4 4 3 4 3 2 6 2 2 0 4 3 3 6 2 5 6 5 4 3 6 3 3 4 3 4 6 4 3
M[81] : 5 2 5 4 5 3 2 5 3 5 6 6 3 7 3 4 5 6 4 6 5 1 2 4 6 1 0 6 4 3 5 5
M[82] : 1 2 7 3 6 6 5 5 3 3 5 1 3 6 3 2 2 4 6 6 3 0 1 6 3 4 5 3 3 4 5 5
M[83] : 4 5 4 7 0 2 4 4 6 6 5 5 3 4 5 3 1 4 3 8 6 6 3 1 5 6 5 4 3 3 4 4
M[84] : 3 5 5 6 2 5 1 2 4 4 5 5 3 3 5 4 4 6 1 5 5 2 6 2 3 3 6 4 3 5 1 0
M[85] : 4 0 6 6 5 6 4 6 4 5 4 7 7 3 3 4 5 4 3 3 7 1 1 5 6 5 4 4 6 5 5 6
M[86] : 4 3 0 2 5 4 2 4 5 1 2 5 3 4 3 4 2 5 3 4 5 5 4 4 3 3 3 4 5 3 4 4
M[87] : 6 4 3 3 6 5 2 6 3 3 6 3 5 2 1 5 5 3 0 7 6 4 4 4 5 3 7 6 4 5 2 4
M[88] : 5 4 5 6 6 3 4 3 2 5 5 2 4 4 5 4 4 3 5 4 4 3 7 5 4 0 6 5 5 3 2 2
M[89] : 2 3 2 3 4 5 3 4 5 2 5 5 5 5 1 5 3 2 7 0 3 2 4 2 3 5 0 2 2 5 5 6
M[90] : 5 0 5 3 0 3 3 6 6 5 3 2 3 3 3 4 2 2 3 2 2 2 7 4 5 5 7 2 4 7 1 3
M[91] : 4 3 5 5 4 4 4 3 0 5 2 6 5 5 2 3 3 2 2 5 7 4 6 3 5 6 4 5 5 3 1 1
M[92] : 5 5 2 2 4 4 3 5 5 3 3 4 6 2 1 2 7 3 4 7 5 4 8 0 4 7 4 3 3 5 4 2
M[93] : 5 4 4 6 4 3 6 5 6 3 0 6 4 4 4 6 3 6 3 5 5 3 4 6 0 5 4 4 4 5 3 3
M[94] : 2 4 3 6 4 3 5 4 4 3 2 6 3 5 4 6 5 4 0 0 4 6 3 4 3 6 5 5 3 3 4 4
M[95] : 4 4 3 5 1 4 4 7 4 5 4 5 4 4 3 4 2 5 4 6 5 4 6 4 5 3 5 4 6 2 0 2
M[96] : 3 3 4 4 4 2 6 4 2 5 5 4 4 2 5 3 0 4 5 5 4 5 5 1 5 4 4 5 4 4 5 6
M[97] : 5 4 3 4 6 4 6 3 4 5 5 1 1 5 2 3 4 3 3 5 4 4 4 5 4 5 4 4 0 4 5 5
M[98] : 4 3 6 6 3 4 4 5 6 4 3 4 5 3 4 0 4 3 3 4 2 5 3 4 5 5 6 5 2 4 3 4
M[99] : 3 3 5 2 4 3 6 5 3 6 6 4 5 5 5 3 4 3 4 4 3 0 5 1 6 4 4 5 6 5 5 4
M[100] : 4 3 4 3 4 2 0 4 3 4 2 6 4 4 6 6 4 6 4 3 5 3 3 5 7 4 4 4 4 5 3 3
M[101] : 3 5 2 3 3 5 4 4 7 4 6 5 6 4 5 5 0 4 6 6 4 4 5 2 2 5 1 3 3 5 5 2
M[102] : 2 2 6 2 3 3 4 7 4 5 2 4 5 3 0 5 3 5 4 4 3 3 3 4 6 5 5 3 2 5 3 5
M[103] : 4 4 4 6 6 6 3 4 6 4 5 4 4 2 5 3 6 6 4 6 5 3 6 4 5 2 5 7 6 5 0 3
M[104] : 4 1 5 3 3 5 4 3 4 3 5 4 6 4 5 2 4 3 4 7 3 5 5 0 5 5 4 4 2 1 4 3
M[105] : 4 4 3 3 4 3 4 3 2 5 5 0 2 2 4 3 5 3 2 4 3 7 2 3 4 6 3 2 3 4 2 5
M[106] : 3 6 4 3 4 4 5 4 6 6 3 3 2 5 4 5 5 7 1 6 0 5 4 5 3 4 3 4 2 1 5 6
M[107] : 5 3 3 3 7 2 4 5 2 5 3 5 5 4 4 2 4 2 2 3 4 6 5 4 3 5 3 3 4 4 3 0
M[108] : 3 5 6 4 4 4 2 2 5 4 5 2 2 4 2 3 5 6 5 4 4 5 3 6 4 0 5 5 4 3 2 3
M[109] : 5 2 2 3 4 3 4 6 2 0 3 4 5 4 3 4 3 2 5 4 4 4 5 2 4 5 4 4 3 6 5 3
M[110] : 4 7 4 5 5 7 0 4 4 2 5 3 4 3 4 3 5 7 4 5 6 5 4 5 6 6 4 4 6 3 4 3
M[111] : 1 6 3 6 5 2 4 4 0 4 3 6 0 4 3 4 7 3 2 4 5 5 6 7 4 5 3 3 5 1 3 7
M[112] : 5 5 4 4 4 1 5 5 7 4 5 3 4 4 5 4 2 5 5 4 0 3 3 3 5 5 3 2 4 2 4 8
M[113] : 2 3 5 5 4 3 4 2 3 6 4 4 6 5 3 4 5 7 3 4 3 5 0 3 7 3 2 2 5 5 4 8
M[114] : 3 3 7 6 5 3 4 3 5 5 5 4 6 2 2 5 5 4 3 0 2 4 6 6 0 3 2 5 4 5 6 6
M[115] : 1 3 5 2 2 3 3 6 4 4 3 3 5 3 4 3 3 3 4 5 5 5 6 5 3 3 6 3 5 4 4 0
M[116] : 3 2 4 8 5 4 3 1 3 6 3 4 4 3 4 4 7 3 3 4 5 4 0 4 4 5 5 4 4 4 4 2
M[117] : 6 6 4 5 8 2 6 4 6 5 5 4 4 5 4 5 5 4 5 6 6 2 5 5 3 4 0 6 4 5 3 5
M[118] : 6 4 3 2 5 2 1 3 2 4 3 2 3 4 5 0 6 4 4 4 6 5 5 5 6 1 5 4 5 3 4 5
M[119] : 2 6 4 4 5 0 7 6 3 4 6 3 3 0 3 2 2 5 3 5 4 5 2 5 4 3 2 4 3 3 4 2
M[120] : 3 4 2 3 4 4 3 2 4 6 4 5 4 3 4 2 5 2 4 3 4 0 4 4 6 3 2 5 3 7 3 5
M[121] : 2 5 4 6 4 2 4 4 7 5 6 6 6 5 3 5 8 6 5 5 0 2 4 4 4 4 4 3 2 5 2 6
M[122] : 2 6 3 6 4 0 4 4 5 2 4 4 4 1 5 2 5 5 3 3 7 2 4 4 5 3 5 5 4 7 5 5
M[123] : 4 2 3 3 3 5 4 4 2 3 4 4 0 7 4 3 3 4 5 3 3 5 2 2 5 3 6 4 4 5 4 7
M[124] : 4 5 7 5 5 5 4 3 5 5 5 4 3 4 4 4 4 4 4 6 5 5 4 4 4 0 4 6 4 4 1 5
M[125] : 3 3 5 3 4 3 4 6 4 3 4 5 5 4 4 4 4 1 4 5 6 4 6 4 4 3 4 4 3 0 3 4
M[126] : 2 5 5 6 6 4 5 2 4 8 6 6 4 2 4 7 4 3 6 3 1 4 7 4 2 4 7 1 5 0 1 5
M[127] : 4 0 1 5 6 3 5 6 1 7 6 3 4 2 3 3 4 4 5 3 5 4 5 2 6 5 5 5 5 5 2 5
M[128] : 6 4 5 4 4 3 6 3 4 3 2 2 6 4 2 6 5 1 4 4 0 6 4 2 2 4 7 3 4 4 4 4
M[129] : 7 5 1 0 2 4 1 4 5 4 4 5 4 3 2 7 6 2 3 4 5 4 3 5 7 4 4 4 5 2 5 5
M[130] : 5 4 4 3 6 5 0 4 5 3 2 2 6 4 6 3 6 2 3 3 3 5 5 3 2 6 4 0 5 5 3 6
M[131] : 4 5 2 5 2 3 3 2 4 0 5 5 5 2 4 3 2 3 4 5 6 6 4 5 5 4 3 5 6 7 3 2
M[132] : 5 2 2 4 5 4 3 3 4 4 4 3 6 2 4 6 3 5 6 0 7 3 4 4 5 6 3 8 4 3 5 6
M[133] : 5 4 6 3 4 5 3 2 3 4 2 1 6 1 4 3 3 3 7 3 2 2 3 2 3 3 4 0 4 1 3 2
M[134] : 5 6 4 1 4 1 4 5 4 4 6 3 3 4 4 5 4 5 5 4 3 3 3 4 4 6 5 0 5 5 5 4
M[135] : 5 4 3 4 3 3 5 5 4 4 5 2 3 3 3 5 2 5 3 5 2 5 3 2 3 5 3 5 0 4 4 6
M[136] : 4 4 4 0 4 3 5 5 4 3 3 4 3 4 3 4 6 4 7 3 5 4 3 2 4 5 4 4 3 6 5 4
M[137] : 3 6 6 2 5 4 6 4 5 3 8 4 3 4 5 4 7 4 4 3 0 4 6 5 7 5 4 4 5 3 3 3
M[138] : 5 0 4 5 3 4 3 4 4 6 5 5 3 2 3 3 4 6 5 5 6 4 3 3 4 5 6 3 4 7 4 3
M[139] : 2 4 3 4 2 2 4 2 3 3 4 4 5 4 2 4 3 4 3 3 4 3 5 4 4 5 4 5 0 4 5 3
M[140] : 3 5 3 5 3 3 5 3 6 2 4 5 4 5 3 3 4 0 5 4 3 0 7 3 3 2 2 4 5 5 5 3
M[141] : 5 4 5 6 4 4 5 6 3 4 5 4 4 4 4 5 2 1 3 4 4 4 4 0 1 3 3 3 5 2 3 6
M[142] : 3 3 3 0 4 4 4 5 2 3 6 5 3 5 3 4 5 0 6 3 3 3 4 3 4 5 6 5 5 3 3 4
M[143] : 5 3 3 2 3 4 6 6 2 6 3 4 4 5 3 6 2 5 3 3 5 2 6 3 4 3 7 5 5 5 3 0
M[144] : 2 3 4 3 6 2 3 5 4 3 6 3 5 0 1 6 2 5 6 2 5 8 4 3 5 3 4 3 6 7 4 5
M[145] : 1 4 6 4 3 3 2 4 1 4 3 4 2 4 3 4 7 5 0 2 3 5 3 2 7 4 6 4 4 5 1 3
M[146] : 5 4 2 4 4 5 3 4 2 7 4 3 0 3 3 3 1 3 2 1 5 3 4 5 5 5 3 5 4 3 3 3
M[147] : 5 4 0 4 3 4 6 5 6 5 7 4 1 4 4 4 4 4 4 3 5 4 5 5 3 2 3 3 5 5 2 6
M[148] : 5 0 4 6 2 5 4 3 2 5 7 3 3 4 3 3 6 4 5 5 6 5 0 2 2 5 2 3 3 2 3 4
M[149] : 3 5 4 0 6 5 1 4 4 2 2 5 2 3 2 4 3 3 4 5 3 3 4 4 5 3 4 6 5 6 3 4
M[150] : 3 4 5 4 3 5 5 2 3 6 2 2 2 6 6 5 5 0 4 4 7 2 5 3 2 6 4 5 1 3 4 8
M[151] : 5 4 4 5 4 5 4 4 4 5 3 5 4 4 3 3 6 6 4 6 7 4 3 4 3 1 5 5 5 5 0 6
M[152] : 4 6 0 4 6 5 1 4 4 3 1 3 4 5 3 3 5 4 7 3 4 3 4 4 4 6 5 3 2 2 3 4
M[153] : 0 5 5 6 5 2 7 2 3 3 3 2 5 3 3 4 2 3 4 3 8 4 4 4 4 4 5 7 5 3 3 6
M[154] : 5 3 3 5 4 3 1 6 6 4 6 5 4 1 3 4 2 3 3 4 6 5 4 2 4 3 4 0 5 4 3 4
M[155] : 4 3 3 5 0 3 3 4 4 2 2 6 5 3 3 6 3 6 4 5 2 4 4 4 4 6 3 4 7 3 5 4
M[156] : 5 3 1 5 7 6 0 4 3 3 3 7 4 2 1 4 4 4 7 6 4 4 3 4 6 4 4 2 4 6 5 7
M[157] : 4 2 4 3 8 4 5 3 6 2 4 4 5 4 4 4 5 2 1 4 3 4 3 5 2 0 2 4 5 2 2 3
M[158] : 4 4 7 5 5 2 6 5 4 5 4 4 4 1 5 4 0 5 5 4 1 6 6 2 5 6 4 5 5 5 4 3
M[159] : 4 3 4 5 3 4 6 3 6 4 3 4 2 5 2 6 4 4 3 5 5 4 4 6 4 6 5 5 0 4 6 4
M[160] : 4 3 2 4 3 5 1 3 4 6 4 2 5 3 5 4 0 3 3 6 5 5 4 4 1 2 5 4 1 2 5 4
M[161] : 4 4 4 3 5 2 3 5 3 3 3 4 6 6 5 2 6 3 6 4 3 0 4 4 2 2 3 5 4 2 4 4
M[162] : 5 5 4 3 5 1 3 4 5 0 6 4 6 5 4 3 5 2 4 5 3 5 5 2 3 4 5 1 3 4 3 2
M[163] : 4 4 4 6 3 4 2 2 6 3 7 3 4 4 3 2 4 2 0 4 4 6 3 2 6 6 6 3 3 4 3 2
M[164] : 5 3 3 5 4 6 5 1 5 6 5 4 4 5 4 0 2 6 3 3 7 4 2 5 1 6 5 6 3 6 4 3
M[165] : 5 4 7 2 2 4 3 3 4 5 1 3 3 3 6 4 1 5 4 5 3 1 1 0 6 6 8 6 2 4 4 6
M[166] : 3 4 5 3 2 2 0 4 5 6 2 3 3 4 4 4 4 4 3 3 6 3 7 7 3 3 5 4 6 5 4 5
M[167] : 3 2 3 4 4 1 6 6 3 3 4 4 5 4 2 0 5 5 4 6 5 2 3 0 2 3 5 6 4 3 5 4
M[168] : 4 2 6 1 2 5 4 3 4 4 4 3 0 4 5 3 3 5 0 5 5 4 4 4 6 5 5 5 5 4 4 4
M[169] : 3 4 4 4 5 4 3 3 6 3 6 5 3 4 3 1 5 4 3 4 6 5 0 5 4 4 5 4 4 3 3 7
M[170] : 3 1 2 5 3 5 5 2 4 5 5 0 5 4 2 2 4 3 2 2 5 5 6 5 5 6 5 4 2 6 4 4
M[171] : 3 4 2 7 5 5 2 0 4 5 5 5 5 4 5 4 2 6 7 5 3 4 5 5 6 7 6 4 3 5 3 3
M[172] : 6 1 5 5 6 3 4 7 6 6 3 4 5 5 4 4 5 7 3 8 3 5 3 5 3 6 5 0 4 2 3 3
M[173] : 5 3 0 3 4 1 5 5 7 3 4 3 2 2 4 4 4 6 3 2 4 5 5 4 5 5 4 5 4 6 2 4
M[174] : 4 4 4 3 4 3 4 5 2 6 4 4 3 4 2 3 3 6 3 0 4 4 3 7 4 5 4 5 2 4 3 6
M[175] : 3 6 5 5 6 7 4 0 4 3 2 2 2 6 4 3 5 4 5 5 4 3 3 2 3 2 3 6 4 2 4 6
M[176] : 3 1 7 2 3 3 5 4 6 3 5 4 4 3 3 4 6 6 3 3 5 2 0 5 5 5 4 3 4 5 3 6
M[177] : 4 4 6 3 5 5 4 5 5 4 6 1 3 0 6 4 3 4 4 3 5 5 3 5 4 1 6 4 1 3 3 6
M[178] : 4 1 2 7 3 6 3 3 1 4 5 4 3 5 4 8 4 5 5 5 4 5 4 4 4 5 5 0 3 7 6 4
M[179] : 6 4 3 5 6 4 5 6 5 4 3 7 3 5 2 2 6 6 0 4 4 3 3 2 5 5 5 4 4 6 5 3
M[180] : 4 3 2 6 3 3 2 6 3 3 3 0 4 4 4 5 5 3 6 4 3 2 6 4 4 3 3 3 2 7 3 5
M[181] : 2 3 4 6 3 2 4 5 3 4 4 5 5 6 4 3 2 5 3 3 0 2 5 4 3 4 4 5 3 5 5 3
M[182] : 3 4 3 0 2 5 3 3 7 5 5 5 6 2 3 3 6 4 4 1 4 1 3 4 4 4 5 3 5 5 2 2
M[183] : 3 5 5 4 3 4 3 4 5 5 4 4 4 1 5 4 2 6 5 4 0 3 4 6 5 3 5 6 6 5 4 4
M[184] : 7 3 5 4 2 3 5 4 4 5 2 5 3 2 6 3 3 3 0 4 3 5 4 6 3 4 4 4 3 5 5 5
M[185] : 4 3 3 4 5 4 7 4 3 5 5 4 1 1 6 5 4 5 2 5 4 6 4 3 4 3 5 2 4 5 0 5
M[186] : 4 0 3 1 4 6 3 6 7 4 5 3 2 4 4 4 4 2 5 5 3 4 2 6 3 2 3 4 6 3 4 5
M[187] : 3 4 4 3 5 2 4 6 4 4 5 7 6 0 4 2 5 4 4 4 3 6 2 2 4 8 5 4 5 3 3 3
M[188] : 7 5 3 4 3 4 4 2 4 4 6 5 3 3 5 4 5 5 6 4 7 5 6 2 7 6 7 3 6 4 4 0
M[189] : 3 5 5 5 2 5 6 5 5 7 4 6 2 4 4 4 0 4 3 3 4 3 4 5 4 8 4 4 3 2 5 4
M[190] : 4 5 4 6 4 5 6 2 5 0 4 4 5 4 2 3 4 5 5 3 5 3 6 3 7 3 6 5 3 5 3 3
M[191] : 4 2 6 6 5 3 2 6 0 5 3 4 5 4 2 3 3 3 5 4 5 4 5 6 3 3 5 3 5 5 4 3
M[192] : 3 4 5 6 7 5 5 4 0 4 4 6 5 1 2 5 4 5 3 5 4 3 7 4 7 5 6 4 2 2 3 3
M[193] : 3 6 3 4 3 4 5 5 3 2 2 5 3 4 0 3 6 5 4 6 6 5 2 3 4 5 4 6 4 5 3 3
M[194] : 2 4 5 5 4 3 6 0 3 6 1 5 3 3 3 4 3 4 3 4 5 5 3 3 5 2 3 5 3 6 5 7
M[195] : 3 1 3 4 3 4 6 5 8 7 6 6 6 5 3 4 5 3 2 5 2 4 0 5 5 5 4 5 4 4 3 6
M[196] : 4 6 3 5 4 4 4 2 5 3 6 3 4 5 3 5 4 4 6 3 5 5 4 5 2 0 2 2 4 7 4 3
M[197] : 5 3 5 5 5 6 7 6 4 3 4 4 3 7 2 4 2 3 3 6 2 8 3 5 5 2 3 6 6 4 0 4
M[198] : 0 4 6 4 5 2 6 3 3 6 6 5 3 6 3 4 4 4 4 4 3 3 6 7 5 5 6 5 3 5 3 6
M[199] : 5 4 5 4 0 4 6 2 4 7 3 4 7 4 5 7 3 6 3 2 5 7 2 4 4 7 5 7 5 5 4 4
M[200] : 0 4 6 5 4 4 4 5 4 6 4 5 3 4 3 2 4 6 7 3 4 3 2 3 4 4 3 2 2 3 6 3
M[201] : 2 5 3 3 5 4 3 0 2 3 5 6 1 5 4 4 6 3 2 2 3 7 1 3 4 4 2 3 6 5 6 4
M[202] : 3 2 3 3 4 5 4 3 5 5 2 4 6 4 0 5 5 4 1 5 6 5 5 4 5 4 4 6 2 2 4 5
M[203] : 1 0 4 3 5 3 4 5 5 4 4 2 4 4 5 3 4 3 5 6 7 5 4 1 8 5 5 1 5 1 4 3
M[204] : 2 4 7 5 2 0 4 5 5 7 4 5 3 2 3 2 1 4 5 5 4 5 4 7 6 6 6 3 6 3 3 6
M[205] : 4 2 4 4 5 2 2 4 3 6 5 4 7 0 4 3 4 5 5 6 4 5 4 5 2 2 5 3 3 5 4 3
M[206] : 5 7 3 4 5 0 3 2 2 3 6 3 1 3 4 4 6 3 4 2 3 4 3 5 2 3 5 7 5 4 5 5
M[207] : 4 4 5 3 6 2 3 7 3 6 3 7 2 5 2 5 3 5 5 5 3 0 4 7 4 6 5 4 5 4 3 6
M[208] : 4 2 5 5 4 4 3 5 3 4 3 5 6 3 4 6 3 3 3 4 3 4 3 6 3 0 6 3 6 4 2 3
M[209] : 3 3 5 3 6 6 3 3 6 3 5 5 6 2 3 5 3 4 5 6 4 5 5 2 4 4 1 3 5 0 3 6
M[210] : 2 3 5 0 6 3 4 7 5 6 3 5 5 2 4 5 4 3 2 3 6 4 3 4 7 5 4 2 3 3 5 4
M[211] : 5 3 5 5 4 3 7 3 3 6 4 3 3 4 3 6 4 6 5 2 5 2 2 0 4 6 6 6 4 4 4 2
M[212] : 7 5 4 1 4 3 4 7 3 4 4 5 5 4 3 4 4 0 3 3 7 3 2 4 5 4 6 5 8 3 7 4
M[213] : 3 3 3 6 7 3 5 4 6 6 4 0 4 4 6 4 3 6 7 3 4 7 5 4 4 3 5 4 3 5 3 2
M[214] : 5 2 5 2 1 4 0 1 3 6 5 5 5 5 5 2 4 5 5 1 4 3 5 5 6 3 6 2 5 3 1 0
M[215] : 3 3 4 5 4 5 6 5 3 0 4 5 3 3 5 5 5 4 4 6 3 4 4 5 2 3 4 6 4 4 4 6
M[216] : 2 4 4 4 4 5 8 4 3 6 5 5 3 4 3 4 5 3 0 6 4 5 4 4 4 3 6 5 6 3 3 2
M[217] : 3 4 0 5 4 3 2 5 5 3 5 2 5 5 3 6 6 2 3 5 3 6 5 4 3 5 2 2 4 4 5 1
M[218] : 4 4 3 5 4 4 3 5 6 5 3 0 3 6 3 4 6 5 4 5 5 4 3 0 7 2 6 3 6 5 3 4
M[219] : 3 0 7 4 3 4 4 6 6 4 7 5 4 4 2 5 3 4 4 0 5 5 3 3 8 4 5 4 2 2 4 5
M[220] : 4 5 3 6 8 3 7 4 4 3 4 5 3 2 3 4 3 4 3 2 2 4 2 5 0 2 5 6 4 5 2 4
M[221] : 4 4 4 5 4 3 5 0 5 3 4 5 3 2 5 5 4 4 4 4 5 3 4 4 6 3 5 4 2 4 4 4
M[222] : 3 1 3 4 4 6 1 5 5 4 5 4 6 2 6 5 6 5 2 3 5 5 4 7 4 4 3 0 5 3 5 4
M[223] : 3 4 5 4 4 5 4 4 6 3 6 4 3 4 3 0 5 2 3 6 3 3 5 6 3 4 2 5 5 6 4 6
M[224] : 4 4 4 2 5 4 2 4 5 3 5 5 6 4 2 3 6 5 5 3 3 5 5 4 7 6 7 6 0 4 4 2
M[225] : 5 2 0 0 6 3 5 1 4 5 3 4 6 3 2 4 4 6 3 5 4 4 3 5 3 6 3 4 2 3 4 2
M[226] : 3 4 5 4 5 3 2 3 0 3 6 5 4 2 4 3 4 2 4 3 2 2 4 4 5 2 6 6 4 6 3 2
M[227] : 5 3 4 5 3 2 0 5 2 6 3 4 2 3 3 5 5 6 5 3 5 6 2 4 6 4 4 4 5 3 6 4
M[228] : 3 4 3 4 6 0 3 5 6 3 4 5 6 4 5 4 6 2 6 3 3 5 4 5 3 4 1 4 6 3 3 5
M[229] : 3 5 4 5 5 4 5 0 5 5 4 5 4 0 3 5 3 4 4 5 5 6 3 6 6 5 5 5 5 4 7 3
M[230] : 4 4 2 5 3 2 4 5 1 4 5 4 3 5 2 6 7 4 5 4 2 5 3 2 2 5 6 3 3 5 0 3
M[231] : 4 3 4 1 3 0 7 2 2 4 7 2 6 3 5 6 4 3 5 5 3 4 5 1 3 5 3 6 2 4 5 3
M[232] : 3 2 5 6 4 5 4 5 6 5 3 3 7 4 4 5 3 5 3 3 6 3 3 0 4 5 4 6 4 6 2 5
M[233] : 3 3 4 3 4 4 4 4 0 4 2 3 4 1 2 5 4 4 5 4 6 4 5 3 3 5 3 6 6 4 2 2
M[234] : 3 3 6 4 4 3 4 2 1 5 0 2 3 3 3 3 3 4 2 6 3 3 6 4 4 6 5 7 6 4 5 6
M[235] : 3 3 2 5 8 2 3 6 4 4 4 5 4 2 4 0 4 4 5 5 1 4 5 3 7 5 5 5 2 4 4 5
M[236] : 3 2 2 4 3 3 4 2 2 3 5 2 4 3 3 3 3 4 4 4 3 6 5 0 5 3 4 4 4 7 1 4
M[237] : 2 4 4 5 4 4 5 5 3 4 7 4 3 2 5 7 4 6 5 4 3 7 4 5 3 4 0 4 6 4 5 6
M[238] : 4 4 3 5 6 4 6 5 3 3 3 2 6 5 2 6 5 5 4 5 5 4 4 4 2 1 4 1 3 5 4 0
M[239] : 3 5 4 2 5 2 6 3 4 3 4 5 0 2 6 7 3 3 3 4 2 6 4 6 1 5 4 4 5 4 2 3
M[240] : 3 2 1 5 5 5 4 4 5 4 3 3 2 3 6 2 0 1 7 3 4 5 7 4 5 4 4 4 2 1 2 5
M[241] : 3 5 4 2 7 6 3 2 5 6 0 3 4 3 3 6 3 4 4 4 4 7 5 2 2 6 4 3 5 1 2 4
M[242] : 4 4 3 3 5 5 5 4 6 5 6 5 5 1 4 4 5 4 5 4 4 5 3 5 0 5 2 5 5 2 6 3
M[243] : 3 4 3 5 4 6 3 4 0 5 0 3 2 6 1 3 6 4 5 3 4 4 3 5 1 6 5 4 2 6 3 4
M[244] : 4 3 3 5 4 5 6 3 4 5 3 2 4 1 4 6 3 5 7 4 5 2 3 6 6 4 6 0 6 5 5 4
M[245] : 3 1 5 5 4 3 7 3 6 3 3 3 1 3 3 3 3 3 3 5 4 7 4 0 4 3 5 3 7 4 4 3
M[246] : 2 2 1 6 4 3 6 3 3 4 5 5 5 3 4 5 4 3 4 5 4 4 4 2 6 4 5 3 4 0 5 5
M[247] : 4 3 2 7 4 3 5 3 2 2 6 4 5 5 0 3 7 3 3 3 4 5 6 5 6 6 4 5 3 4 3 6
M[248] : 5 5 2 3 3 4 5 5 3 3 0 5 5 4 4 6 4 5 6 5 5 3 4 3 1 2 4 2 5 6 2 2
M[249] : 3 3 3 4 4 3 4 3 6 4 3 8 4 0 3 5 3 2 3 2 5 6 5 6 1 4 3 1 6 1 5 5

