 Execution de l'algoritme BITS sur le fichier dsjc250.5.txt
=====================================================================
 Partitions  : 
Vk[0] : 51 88 28 180 20 150 57 49 -->  8 éléments.
Vk[1] : 192 156 178 91 221 181 234 142 -->  8 éléments.
Vk[2] : 84 224 92 27 185 8 225 -->  7 éléments.
Vk[3] : 235 52 206 40 87 16 158 177 -->  8 éléments.
Vk[4] : 208 242 73 41 205 239 164 184 -->  8 éléments.
Vk[5] : 99 96 244 90 196 112 134 245 -->  8 éléments.
Vk[6] : 223 80 103 159 175 93 220 -->  7 éléments.
Vk[7] : 121 120 54 216 229 231 10 38 -->  8 éléments.
Vk[8] : 197 143 36 74 0 240 43 -->  7 éléments.
Vk[9] : 248 161 183 140 236 7 48 122 -->  8 éléments.
Vk[10] : 11 26 102 68 13 149 71 -->  7 éléments.
Vk[11] : 241 78 6 31 5 211 115 34 -->  8 éléments.
Vk[12] : 195 173 86 147 69 45 89 148 -->  8 éléments.
Vk[13] : 193 243 227 61 14 155 202 232 -->  8 éléments.
Vk[14] : 85 174 116 24 163 107 65 94 -->  8 éléments.
Vk[15] : 166 108 97 47 170 66 213 160 -->  8 éléments.
Vk[16] : 210 212 39 53 187 56 129 182 -->  8 éléments.
Vk[17] : 60 214 138 130 62 128 233 23 -->  8 éléments.
Vk[18] : 9 201 17 70 25 132 169 -->  7 éléments.
Vk[19] : 228 153 104 219 215 162 29 135 -->  8 éléments.
Vk[20] : 141 172 4 19 145 110 154 230 -->  8 éléments.
Vk[21] : 199 113 191 1 106 246 204 98 -->  8 éléments.
Vk[22] : 55 126 249 50 207 59 203 171 -->  8 éléments.
Vk[23] : 12 95 218 151 64 127 42 247 -->  8 éléments.
Vk[24] : 117 114 157 124 15 81 194 -->  7 éléments.
Vk[25] : 22 133 111 209 33 146 118 37 -->  8 éléments.
Vk[26] : 30 189 165 188 77 21 83 101 -->  8 éléments.
Vk[27] : 72 3 238 35 226 131 152 18 -->  8 éléments.
Vk[28] : 58 119 137 125 105 167 190 82 -->  8 éléments.
Vk[29] : 2 109 139 179 79 76 100 46 -->  8 éléments.
Vk[30] : 67 168 123 176 198 44 136 186 -->  8 éléments.
Vk[31] : 222 217 32 63 200 75 237 144 -->  8 éléments.
Matrice M
M[0] : 1 5 4 4 6 4 4 4 0 6 5 3 3 5 2 4 4 6 3 5 4 4 5 6 4 4 4 1 5 3 5 4
M[1] : 4 6 4 3 4 5 5 2 5 5 6 4 7 4 3 7 1 4 4 5 6 0 3 5 4 2 4 5 4 7 6 2
M[2] : 5 2 6 3 4 4 5 4 4 5 2 5 6 4 5 4 7 5 4 4 4 6 5 3 5 4 6 4 3 0 3 7
M[3] : 4 3 4 7 3 3 6 2 5 4 4 5 6 3 3 3 5 3 4 5 5 2 3 5 3 5 3 0 4 4 4 3
M[4] : 4 5 4 6 5 5 3 4 4 2 5 4 4 2 3 4 6 3 4 5 0 5 4 5 3 5 4 6 6 6 5 4
M[5] : 4 4 4 6 2 1 4 3 2 3 4 0 6 4 4 3 6 3 3 5 2 4 3 5 3 4 3 5 5 4 3 4
M[6] : 2 6 6 2 4 5 3 4 4 3 4 0 3 4 4 5 6 3 7 5 2 3 4 6 3 5 6 5 2 2 6 4
M[7] : 4 5 4 4 2 4 4 2 3 0 4 4 3 4 6 5 4 4 4 6 4 5 3 5 3 5 6 4 4 6 3 1
M[8] : 3 4 0 5 3 5 3 6 4 3 4 3 5 3 1 0 5 4 6 6 4 5 2 3 2 0 2 4 3 4 7 5
M[9] : 5 5 4 3 3 7 5 1 3 3 2 5 5 1 4 5 3 5 0 6 5 2 4 5 5 5 4 3 2 4 6 2
M[10] : 4 2 3 5 3 2 5 0 5 5 3 3 6 3 4 4 6 4 4 4 4 4 2 5 4 5 5 2 5 2 6 5
M[11] : 7 3 2 6 5 4 2 4 2 4 0 4 5 3 5 3 2 3 2 3 5 4 4 5 3 3 7 3 4 4 3 5
M[12] : 3 5 3 6 4 4 5 4 3 3 5 5 6 3 4 3 2 3 4 6 7 4 5 0 5 4 5 5 4 3 6 6
M[13] : 5 5 3 5 3 5 4 5 6 3 0 6 5 5 1 6 3 5 4 3 4 3 3 5 3 5 5 3 6 3 2 6
M[14] : 3 7 7 4 4 3 3 6 3 5 4 3 5 0 3 4 1 5 3 2 3 4 7 5 3 3 3 4 3 4 5 6
M[15] : 3 4 4 6 4 3 4 5 3 7 5 4 5 7 6 5 7 2 5 2 4 5 6 5 0 4 6 5 6 5 3 5
M[16] : 5 2 4 0 3 2 5 2 3 2 2 6 4 3 5 7 4 6 4 3 3 5 4 4 5 4 4 4 5 2 3 5
M[17] : 5 3 5 4 3 6 4 3 5 2 4 5 3 2 5 2 5 5 0 3 3 5 5 2 7 5 7 4 5 5 4 1
M[18] : 3 7 3 2 4 4 1 6 3 1 5 7 4 5 6 6 4 5 6 4 2 4 4 4 2 4 6 0 4 4 4 5
M[19] : 3 3 3 3 5 5 4 4 4 2 5 3 6 3 4 6 1 6 4 6 0 5 4 7 3 5 5 4 3 3 3 5
M[20] : 0 6 5 6 4 3 5 4 5 2 5 4 4 4 3 5 7 4 5 2 3 3 3 5 6 7 3 3 5 1 5 2
M[21] : 2 3 4 6 2 3 2 6 3 6 3 4 3 4 3 3 6 3 4 2 3 5 1 7 4 2 0 2 5 4 4 5
M[22] : 4 6 5 4 3 7 3 5 3 6 5 2 5 4 3 6 5 4 6 3 3 2 3 4 4 0 3 5 3 4 4 5
M[23] : 3 5 6 5 6 6 5 4 2 3 4 3 4 5 0 4 4 0 4 3 4 3 5 4 3 4 4 3 6 3 3 5
M[24] : 5 3 4 3 6 4 3 5 3 5 1 2 3 3 0 5 4 3 3 3 4 4 4 1 4 3 6 4 7 4 6 6
M[25] : 5 1 7 5 4 1 7 6 1 5 1 5 4 3 3 2 3 3 0 2 5 6 4 5 4 3 6 5 4 3 5 4
M[26] : 3 4 4 3 4 3 5 5 4 2 0 2 3 4 3 4 3 4 2 4 6 2 6 4 2 1 5 4 6 3 2 2
M[27] : 3 3 0 2 3 6 3 4 7 3 3 5 4 7 5 3 6 6 4 5 3 5 4 6 4 4 3 5 4 1 3 5
M[28] : 0 3 5 4 4 4 4 4 3 4 4 6 4 3 3 7 4 5 3 3 5 5 5 4 4 6 4 2 5 3 4 3
M[29] : 3 4 3 3 5 5 5 3 4 4 3 6 3 3 2 2 1 3 1 0 6 4 2 6 3 3 4 6 4 6 5 4
M[30] : 5 5 4 4 6 4 5 3 2 3 4 7 2 3 4 2 5 4 3 4 2 4 5 6 4 3 0 3 4 5 4 7
M[31] : 3 2 5 5 3 4 3 4 2 4 4 0 4 7 5 6 3 3 2 3 4 6 3 6 3 2 3 5 3 5 3 5
M[32] : 4 5 5 5 4 3 5 2 5 3 3 5 2 5 5 4 3 4 3 3 4 5 4 3 3 3 7 6 3 4 5 0
M[33] : 5 5 2 7 4 5 6 5 3 5 3 5 4 5 5 6 4 2 4 3 2 4 3 3 4 0 1 6 4 4 1 3
M[34] : 2 6 4 3 3 4 2 2 3 4 2 0 3 5 7 4 5 3 6 6 3 4 3 3 5 4 6 6 3 4 1 6
M[35] : 4 5 3 7 5 3 4 5 2 4 1 4 3 6 1 2 5 4 3 2 6 6 5 4 2 4 5 0 4 4 4 7
M[36] : 6 4 4 3 7 4 1 5 0 3 4 4 3 4 7 7 3 3 4 2 5 6 6 3 5 2 6 3 4 2 5 6
M[37] : 5 3 4 5 5 6 2 2 2 3 3 3 5 4 3 3 5 5 3 5 4 4 4 6 1 0 3 6 3 5 3 3
M[38] : 4 7 3 5 6 3 5 0 3 3 4 4 2 6 5 4 1 2 5 4 5 5 6 2 5 4 3 5 5 1 2 6
M[39] : 5 4 3 6 4 4 3 1 4 4 6 5 5 5 5 5 0 4 7 5 4 6 3 3 4 3 6 4 3 6 3 3
M[40] : 6 3 3 0 5 6 4 6 4 3 5 4 5 2 4 6 7 4 3 4 2 5 5 4 3 3 6 4 4 2 3 3
M[41] : 4 4 4 3 0 2 4 2 3 4 3 3 2 3 6 6 7 6 5 4 5 5 4 3 3 4 4 6 6 2 5 4
M[42] : 4 3 2 4 5 3 3 4 3 5 5 8 5 3 3 3 3 4 2 4 5 3 5 0 5 3 4 4 4 7 4 4
M[43] : 5 5 6 5 3 5 5 6 0 5 4 3 3 4 4 5 5 5 3 5 4 3 6 6 3 2 2 6 5 6 2 6
M[44] : 5 3 4 5 5 3 4 4 4 2 4 5 4 5 2 6 5 6 4 4 2 7 2 5 3 1 1 2 4 4 0 6
M[45] : 4 6 4 6 3 1 3 5 2 5 3 4 0 5 2 1 5 5 3 1 6 7 5 5 4 6 4 4 5 5 6 6
M[46] : 6 7 3 7 3 2 4 4 3 6 4 4 6 3 4 4 3 4 5 6 2 6 3 3 5 2 2 5 4 0 5 3
M[47] : 4 3 4 4 5 2 4 4 3 5 5 4 6 2 6 0 7 5 3 5 6 3 7 4 5 4 3 5 2 3 4 3
M[48] : 3 6 5 5 6 4 4 5 5 0 4 2 1 4 6 4 4 5 3 4 6 5 4 6 1 4 4 7 5 4 5 1
M[49] : 0 6 3 2 3 2 3 6 6 2 4 4 5 6 5 1 6 4 3 3 5 6 4 6 3 5 5 3 2 6 2 3
M[50] : 5 5 2 5 2 5 5 7 5 5 1 4 3 5 3 5 7 3 3 4 6 6 0 3 4 3 3 2 3 3 7 6
M[51] : 0 6 4 6 5 5 3 3 2 2 2 4 4 5 5 3 5 4 4 3 4 3 3 3 4 4 4 4 2 4 3 6
M[52] : 3 4 3 0 5 1 7 8 3 4 4 4 6 5 4 1 4 6 2 4 3 4 6 6 5 4 5 6 4 7 3 5
M[53] : 5 5 5 6 2 4 2 2 4 4 4 5 3 2 4 4 0 4 4 3 4 4 4 3 2 5 4 2 4 6 3 3
M[54] : 2 2 7 3 2 3 3 0 5 6 3 3 4 4 5 4 3 4 2 7 6 5 4 6 3 4 2 3 2 3 4 1
M[55] : 6 2 3 3 5 6 5 4 4 6 4 2 5 6 6 5 5 3 4 2 2 4 0 4 4 3 2 1 2 6 5 7
M[56] : 5 4 5 4 4 4 3 3 4 4 2 6 4 5 3 8 0 3 1 3 4 5 5 3 6 6 4 5 4 4 5 1
M[57] : 0 4 2 4 4 5 2 6 4 3 2 2 6 6 3 3 5 2 2 4 5 3 5 7 4 1 3 4 7 4 6 6
M[58] : 4 6 2 7 2 5 5 3 3 3 3 3 3 5 4 3 4 3 1 6 4 4 3 4 6 4 5 5 0 5 3 4
M[59] : 2 4 3 6 5 3 2 3 5 2 5 3 3 4 3 3 4 5 1 4 6 5 0 6 6 2 4 6 3 3 1 3
M[60] : 4 4 5 4 4 5 4 5 3 4 3 3 4 3 2 5 1 0 6 1 4 4 3 2 4 4 5 4 5 5 3 2
M[61] : 4 5 7 5 4 7 4 5 6 1 2 6 4 0 6 4 6 5 4 4 3 4 6 6 3 5 8 4 4 3 2 5
M[62] : 5 6 3 5 3 4 3 2 3 2 3 1 6 5 2 2 4 0 4 4 6 7 2 5 3 5 5 1 3 6 7 5
M[63] : 4 5 2 3 3 5 2 4 3 3 6 4 3 2 5 2 5 3 2 4 3 2 3 4 4 5 4 5 2 4 4 0
M[64] : 4 4 4 3 5 1 2 5 4 6 4 3 3 3 3 3 3 4 4 6 6 5 2 0 4 2 3 6 2 2 4 3
M[65] : 4 5 3 4 1 3 1 5 4 3 3 5 6 7 0 3 1 2 4 6 4 2 7 2 1 4 4 3 3 3 5 7
M[66] : 5 1 2 4 3 5 2 4 5 5 3 3 4 4 7 0 4 1 5 5 4 3 6 6 5 3 4 5 4 7 5 2
M[67] : 5 3 1 2 5 2 5 4 4 6 3 4 4 4 5 5 1 5 4 2 7 6 5 7 4 4 5 5 1 4 0 4
M[68] : 4 7 1 4 7 2 5 6 4 2 0 3 2 3 3 4 5 5 3 2 2 6 6 6 4 6 4 5 4 4 4 5
M[69] : 4 2 3 3 3 6 5 4 5 5 1 6 0 4 4 1 5 5 6 3 3 6 3 5 5 3 3 4 4 7 4 3
M[70] : 3 7 5 5 4 4 4 5 4 4 4 5 4 3 5 4 5 6 0 5 3 4 3 3 6 4 3 6 4 4 2 1
M[71] : 5 5 3 4 4 5 3 4 3 3 0 4 5 5 2 7 7 4 1 3 4 4 3 4 6 2 4 3 6 5 3 4
M[72] : 2 4 5 5 4 2 5 5 1 5 4 5 6 3 3 4 4 3 3 3 5 2 3 7 3 6 3 0 3 4 5 4
M[73] : 5 2 2 4 0 5 3 6 3 5 3 2 5 2 5 6 6 3 4 4 3 4 6 5 6 6 4 3 5 2 5 4
M[74] : 2 6 5 6 6 8 3 5 0 4 2 1 7 3 4 5 4 2 3 4 3 3 4 4 4 5 5 3 6 5 3 5
M[75] : 3 3 2 6 6 4 5 4 7 6 4 5 5 6 5 4 5 5 4 3 6 3 3 7 5 6 5 2 6 3 5 0
M[76] : 5 5 5 6 5 5 2 4 2 5 3 2 3 4 2 4 7 5 5 6 4 5 4 4 4 3 3 3 4 0 5 3
M[77] : 3 4 5 6 2 3 3 6 4 3 6 6 4 6 6 5 3 5 5 4 7 2 5 4 6 6 0 5 6 4 0 6
M[78] : 2 5 3 7 3 7 4 4 3 3 3 0 3 5 6 3 5 2 4 3 4 5 4 5 3 3 7 5 6 4 6 4
M[79] : 2 5 3 4 5 2 4 3 5 7 3 4 6 1 1 5 6 5 3 5 6 7 5 5 2 3 6 6 3 0 3 3
M[80] : 4 4 3 4 4 3 0 4 2 4 3 4 4 3 3 2 4 3 4 5 3 6 2 5 2 4 4 5 3 5 5 6
M[81] : 7 7 5 5 4 3 5 4 2 2 3 5 4 3 3 5 4 5 7 2 4 3 5 5 0 1 6 3 4 5 5 5
M[82] : 3 5 5 6 5 2 1 5 6 3 4 4 5 3 4 5 2 1 5 3 6 4 5 6 3 4 4 4 0 2 3 3
M[83] : 5 4 3 4 6 4 3 3 4 5 6 2 2 5 6 3 6 7 5 3 4 2 4 3 5 6 0 4 6 5 4 4
M[84] : 3 5 0 6 2 3 3 4 6 4 4 4 6 5 3 2 5 3 4 5 3 3 2 4 6 4 2 3 4 3 4 3
M[85] : 4 3 3 3 5 4 6 4 4 5 4 7 3 5 0 6 5 3 4 5 3 4 6 5 4 7 6 3 7 5 5 6
M[86] : 5 3 4 4 2 4 2 4 3 2 3 5 0 4 5 4 1 3 2 4 6 5 5 3 3 6 3 3 3 2 5 4
M[87] : 6 4 2 0 3 7 4 2 4 6 5 3 3 1 2 2 4 4 6 4 3 4 7 2 3 7 6 5 7 5 4 7
M[88] : 0 4 4 5 5 4 4 4 1 5 5 2 4 6 6 4 5 2 5 4 5 6 5 1 3 3 5 5 1 5 6 5
M[89] : 7 4 4 6 6 6 1 3 4 3 3 3 0 1 4 5 3 5 3 2 2 7 4 5 1 4 4 2 1 2 3 2
M[90] : 3 4 5 5 4 0 4 1 2 4 2 4 4 5 2 3 3 2 4 4 2 5 6 2 5 3 2 2 4 5 5 6
M[91] : 2 0 4 3 4 3 6 6 4 4 4 3 4 2 1 6 5 7 7 5 4 6 4 3 3 3 3 2 4 2 6 2
M[92] : 5 3 0 2 5 5 4 4 4 6 4 4 2 4 4 6 3 5 4 4 5 4 4 3 4 5 5 3 2 3 4 6
M[93] : 4 4 5 5 1 4 0 5 3 5 5 3 4 4 5 4 4 7 3 4 2 6 4 5 1 6 5 3 4 6 6 6
M[94] : 6 2 4 3 5 7 4 5 4 6 3 4 4 4 0 7 6 4 1 4 4 0 3 6 2 2 5 4 2 3 4 5
M[95] : 5 4 3 3 4 5 5 2 4 3 5 5 4 3 5 4 5 3 4 5 2 4 5 0 3 3 5 4 7 3 7 4
M[96] : 4 3 4 1 3 0 5 2 4 3 6 4 5 4 7 6 4 5 4 3 5 2 3 4 5 6 2 3 5 4 4 6
M[97] : 1 1 2 3 5 4 4 3 4 6 5 5 2 3 5 0 5 5 4 2 5 4 6 5 5 6 3 4 3 5 4 5
M[98] : 7 4 2 2 5 2 3 4 3 4 5 4 7 6 2 4 5 1 3 4 6 0 6 3 4 4 5 6 3 4 3 5
M[99] : 2 4 4 4 4 0 6 3 5 5 3 2 5 5 5 4 3 5 7 4 5 5 6 3 3 6 2 4 4 5 2 6
M[100] : 4 4 4 4 3 7 6 4 4 2 3 5 4 4 5 5 4 4 0 6 5 6 5 1 4 5 3 3 5 0 3 4
M[101] : 6 4 3 4 3 2 4 4 4 3 4 4 4 5 7 3 6 5 2 2 4 4 4 6 3 6 0 6 5 5 3 3
M[102] : 4 5 3 4 3 4 4 6 4 4 0 4 3 2 2 6 5 5 3 4 3 4 3 2 4 3 5 6 4 3 5 3
M[103] : 3 7 3 5 5 6 0 5 2 5 7 6 6 2 4 6 4 4 5 6 3 5 5 3 4 5 4 3 4 5 5 6
M[104] : 6 4 4 3 4 1 5 5 4 5 4 5 3 3 6 6 5 3 4 0 3 4 4 3 3 3 2 5 4 3 1 5
M[105] : 5 5 4 1 7 3 2 3 2 5 4 4 2 6 4 3 3 2 3 5 3 2 5 3 4 3 6 5 0 1 2 2
M[106] : 3 4 4 4 2 5 3 5 3 6 4 3 6 5 3 4 4 5 4 5 4 0 5 6 4 3 5 5 5 5 2 2
M[107] : 5 4 1 4 3 6 2 4 4 3 5 3 4 5 0 4 3 2 4 4 3 4 4 5 4 5 4 2 4 5 2 5
M[108] : 3 4 2 5 4 6 4 4 4 4 4 6 4 4 4 0 3 5 1 4 4 6 4 3 1 4 5 2 3 4 4 6
M[109] : 3 4 2 2 3 5 3 6 3 3 4 5 4 3 6 4 5 2 3 5 4 5 3 6 5 6 4 2 2 0 1 4
M[110] : 5 5 2 3 4 7 3 5 4 8 4 6 6 4 4 4 2 5 5 7 0 4 5 6 6 3 2 5 5 4 6 2
M[111] : 3 2 3 3 2 5 5 5 3 3 3 4 5 7 4 5 3 5 4 4 3 3 5 4 4 0 7 3 5 4 4 5
M[112] : 3 4 6 2 6 0 2 3 3 2 3 7 5 4 4 6 4 6 4 3 5 4 4 5 3 5 5 5 2 5 4 3
M[113] : 4 4 6 6 6 5 5 6 5 4 2 5 3 4 3 4 5 3 2 3 2 0 7 2 4 5 6 3 4 5 4 2
M[114] : 5 5 6 3 5 3 3 4 6 3 4 3 6 2 2 3 4 5 4 3 5 5 3 7 0 5 4 2 4 4 6 5
M[115] : 4 4 1 2 4 4 5 3 3 4 5 0 4 4 4 3 4 2 5 5 4 5 3 5 5 3 3 4 2 5 5 4
M[116] : 3 3 2 4 2 5 5 6 6 6 2 4 5 4 0 6 4 4 4 4 2 3 4 3 5 5 5 3 4 3 4 3
M[117] : 1 7 2 5 5 6 1 5 4 4 4 4 3 6 6 7 6 6 5 7 4 6 7 5 0 2 7 3 4 6 4 5
M[118] : 4 4 2 4 6 4 4 5 1 2 3 5 4 6 6 4 4 3 4 5 4 5 5 3 4 0 4 3 2 0 6 5
M[119] : 4 6 1 1 4 3 3 5 6 4 6 3 3 4 2 3 4 5 5 3 5 4 4 3 3 4 4 2 0 1 4 5
M[120] : 3 4 5 3 4 5 1 0 2 2 4 4 2 4 4 4 4 6 3 5 5 4 5 2 3 5 3 3 5 3 4 6
M[121] : 5 5 3 5 5 3 3 0 4 3 6 4 2 4 5 6 6 4 2 3 3 4 5 7 4 6 6 5 4 6 5 5
M[122] : 4 6 5 2 3 5 5 4 4 0 2 5 4 5 5 6 3 5 4 4 3 5 3 4 3 4 6 2 5 5 4 3
M[123] : 5 3 5 4 5 5 2 5 3 5 2 5 3 4 6 5 4 3 2 3 3 3 6 2 4 3 3 4 4 3 0 6
M[124] : 5 3 5 4 6 5 2 5 4 3 3 3 6 4 6 4 4 6 5 3 5 6 4 1 0 5 3 4 5 6 6 5
M[125] : 3 5 2 5 6 7 4 3 2 6 4 2 3 5 5 1 4 5 6 1 3 6 3 4 2 2 4 5 0 5 6 4
M[126] : 6 3 4 6 3 4 1 4 4 3 5 5 6 6 6 5 5 5 4 5 4 5 0 6 5 2 2 2 4 5 5 3
M[127] : 3 1 5 4 4 3 5 6 2 6 3 7 4 5 4 4 5 4 4 3 4 3 3 0 5 6 5 6 3 5 3 4
M[128] : 3 3 2 5 3 3 5 4 3 7 4 1 5 5 6 3 2 0 3 4 4 2 2 5 3 6 5 3 4 5 6 6
M[129] : 4 6 2 3 8 4 6 4 4 6 1 4 2 3 4 5 0 2 2 4 5 4 5 6 4 1 5 6 4 4 4 4
M[130] : 4 5 3 6 3 5 3 6 5 5 4 1 5 3 5 2 3 0 3 2 3 3 6 3 4 3 6 4 3 3 6 6
M[131] : 4 5 1 3 4 4 3 4 3 5 3 7 5 4 2 5 4 4 4 4 5 6 5 6 3 4 1 0 5 3 4 4
M[132] : 4 6 5 4 8 4 4 6 3 5 3 4 1 6 4 5 3 3 0 6 5 5 4 4 3 5 4 2 3 4 6 4
M[133] : 3 3 2 3 5 1 4 3 4 2 2 2 4 2 5 3 5 2 2 6 3 1 2 5 4 0 5 2 3 4 5 4
M[134] : 6 2 3 6 5 0 5 3 6 5 2 6 5 7 3 2 2 6 4 4 4 2 5 5 4 3 5 2 3 7 2 4
M[135] : 1 2 4 3 3 4 4 5 4 4 4 6 3 5 4 3 4 5 5 0 5 4 7 3 3 3 3 1 3 4 4 5
M[136] : 3 4 3 4 4 4 5 4 1 3 0 5 5 5 5 5 4 2 4 5 5 4 5 6 5 4 4 5 4 5 0 4
M[137] : 5 6 3 4 4 7 3 4 7 6 5 7 5 6 4 7 3 4 3 5 4 5 3 3 3 2 7 5 0 2 3 4
M[138] : 4 5 6 4 6 4 4 4 4 5 5 4 4 2 4 5 7 0 3 3 5 3 2 5 5 4 4 7 5 4 1 3
M[139] : 3 4 1 4 3 5 6 3 2 4 1 3 5 3 5 4 4 4 4 1 6 3 3 5 2 3 7 3 3 0 5 2
M[140] : 2 3 2 5 6 4 3 5 3 0 4 3 4 4 5 5 3 4 2 4 4 6 4 5 3 3 2 2 3 3 5 6
M[141] : 5 3 5 4 7 2 4 4 2 3 4 2 2 7 6 4 6 4 4 1 0 5 5 1 4 2 4 2 5 4 4 5
M[142] : 4 0 4 3 5 5 3 2 4 4 2 4 3 5 5 4 2 3 4 1 4 5 7 5 4 3 6 5 3 5 2 3
M[143] : 5 3 2 5 3 2 4 4 0 2 2 6 6 5 3 3 5 4 5 6 4 4 6 5 5 5 5 3 4 3 3 4
M[144] : 5 5 6 4 2 4 6 5 4 5 1 5 6 4 4 3 2 4 1 5 4 4 5 3 5 6 4 4 2 5 5 0
M[145] : 6 4 3 3 4 4 2 3 4 4 1 6 6 2 2 4 2 3 4 4 0 4 7 5 3 2 5 5 4 3 2 2
M[146] : 3 2 2 3 3 5 4 7 4 6 1 4 3 4 3 3 5 3 2 4 4 8 4 1 2 0 3 3 5 5 2 3
M[147] : 3 4 3 4 3 4 5 3 3 3 7 5 0 5 5 3 2 5 4 6 4 7 3 3 4 4 3 6 5 5 2 6
M[148] : 5 4 4 4 2 4 4 3 3 4 4 2 0 2 4 4 5 5 4 4 4 4 5 3 4 1 5 6 3 3 4 3
M[149] : 2 4 3 4 0 4 4 4 2 5 0 4 4 3 7 5 1 4 3 5 4 5 4 5 3 4 6 2 5 3 2 6
M[150] : 0 5 2 3 5 5 3 3 2 4 5 3 6 6 5 3 3 4 4 4 6 5 3 3 2 2 7 4 6 5 4 4
M[151] : 4 4 3 4 6 4 4 6 6 3 5 4 4 4 3 5 3 4 3 4 5 6 5 0 4 4 6 5 4 5 5 4
M[152] : 4 3 2 5 4 3 2 2 2 3 2 5 2 6 5 6 5 4 1 5 5 6 3 4 5 1 6 0 5 3 5 5
M[153] : 4 5 6 3 7 7 2 3 4 4 1 2 4 6 4 4 5 4 2 0 4 5 4 7 2 6 4 2 2 5 5 4
M[154] : 5 5 1 3 4 5 3 3 6 4 2 3 4 4 4 6 3 5 4 4 0 4 4 5 4 5 2 4 3 3 5 2
M[155] : 6 2 5 3 5 4 5 2 2 2 5 6 1 0 6 5 6 4 3 3 5 3 6 6 5 3 3 3 4 3 3 5
M[156] : 5 0 2 4 7 5 6 5 3 4 1 6 4 4 4 3 5 5 3 4 2 5 3 2 6 3 5 4 8 6 5 3
M[157] : 5 6 5 2 3 4 1 1 5 2 3 4 2 2 2 3 5 4 4 2 5 5 5 4 0 5 7 3 2 3 4 5
M[158] : 4 4 6 0 3 4 6 5 3 5 3 4 4 7 5 4 5 4 6 5 4 2 2 4 3 5 3 3 5 7 5 5
M[159] : 6 6 2 5 5 7 0 3 5 3 4 3 2 5 3 3 5 4 5 4 4 3 6 6 3 3 3 7 6 4 4 4
M[160] : 5 5 4 3 4 3 3 3 2 4 5 2 1 2 5 0 4 4 3 5 6 7 2 4 3 4 2 4 3 1 4 5
M[161] : 1 1 3 4 4 3 3 4 4 0 1 3 6 4 5 4 4 5 4 4 6 4 4 4 2 3 3 5 4 6 4 6
M[162] : 1 3 3 5 6 4 4 3 3 3 3 2 3 5 3 5 4 3 5 0 0 6 6 4 5 3 5 4 3 5 5 5
M[163] : 5 4 2 5 5 3 5 4 2 7 3 7 4 3 0 3 5 4 3 1 2 5 4 4 3 4 3 3 3 4 6 3
M[164] : 3 6 3 5 0 6 1 3 4 4 5 4 3 5 2 3 5 6 1 4 6 6 7 3 3 5 4 3 5 6 5 5
M[165] : 4 4 2 3 6 3 4 2 5 3 5 5 4 4 4 4 2 5 4 5 2 5 4 3 4 3 0 7 4 3 3 5
M[166] : 3 3 4 5 3 4 4 3 5 4 2 5 3 5 4 0 4 5 3 7 4 5 5 4 3 4 5 4 5 3 4 4
M[167] : 3 3 3 6 5 5 4 4 3 3 4 1 2 2 4 3 5 5 3 1 5 5 4 4 4 4 5 4 0 4 3 5
M[168] : 5 4 4 2 4 2 4 4 5 7 5 4 4 4 3 2 3 4 5 5 5 3 3 5 6 3 2 5 4 1 0 5
M[169] : 3 4 3 6 3 4 2 4 4 5 2 4 4 4 3 5 3 5 0 4 6 5 3 5 6 3 5 6 4 5 3 4
M[170] : 5 5 4 1 5 6 3 4 5 4 5 4 2 3 2 0 5 2 4 4 4 4 5 2 5 2 5 3 3 5 7 3
M[171] : 5 4 2 5 7 4 3 5 4 5 5 4 4 5 6 6 6 3 3 7 6 2 0 2 5 7 4 3 7 3 5 2
M[172] : 5 5 5 5 3 4 3 7 2 4 5 3 4 5 2 5 5 3 5 4 0 4 3 5 7 1 5 6 7 5 7 5
M[173] : 3 5 3 3 5 5 4 3 2 4 5 3 0 5 4 4 4 6 3 3 5 4 4 3 6 4 2 6 2 5 5 3
M[174] : 2 5 2 4 3 4 3 4 3 6 2 6 2 5 0 5 2 5 2 6 5 5 5 5 6 2 5 4 3 5 3 3
M[175] : 3 2 3 5 4 4 0 3 4 3 2 2 4 4 6 4 6 6 4 4 5 5 4 6 2 3 4 3 5 5 3 5
M[176] : 6 6 6 3 4 4 3 3 3 4 2 5 4 2 4 5 2 5 2 4 4 5 5 3 3 6 3 6 4 3 0 6
M[177] : 5 5 3 0 2 5 1 4 5 5 2 3 5 5 4 2 2 4 5 5 6 6 6 3 4 4 3 5 3 5 5 3
M[178] : 6 0 3 6 6 3 5 3 5 4 6 5 2 6 5 1 6 2 2 4 4 6 4 6 5 3 4 4 6 5 3 3
M[179] : 5 5 2 6 5 6 4 5 5 5 5 4 2 2 4 5 4 5 4 5 4 4 4 6 5 3 6 3 1 0 5 6
M[180] : 0 4 4 6 2 0 4 3 2 4 3 1 5 3 4 1 7 3 4 4 4 5 6 3 4 4 5 3 4 5 7 4
M[181] : 5 0 2 4 4 2 6 4 2 2 7 4 3 5 3 2 6 3 4 3 6 3 3 5 3 5 5 4 3 5 2 4
M[182] : 5 4 2 5 6 4 3 4 5 2 1 5 3 4 3 2 0 5 1 5 4 5 3 3 5 4 5 5 3 6 1 3
M[183] : 5 4 5 2 2 4 3 4 5 0 0 4 7 6 5 4 4 4 4 4 4 4 5 5 6 3 4 2 5 6 5 6
M[184] : 2 4 2 5 0 6 2 3 4 6 4 5 4 7 4 3 3 4 4 3 4 4 3 5 4 3 4 5 4 4 6 3
M[185] : 6 3 0 3 2 3 3 5 3 7 3 2 2 8 4 5 5 4 5 7 1 4 3 3 5 3 5 3 4 6 4 4
M[186] : 4 4 3 7 3 4 1 4 3 3 2 5 3 4 5 3 4 2 4 5 6 3 5 4 1 5 5 4 5 5 0 5
M[187] : 6 4 2 4 5 1 3 5 4 4 6 4 3 4 3 6 0 5 4 3 4 4 3 3 6 5 5 4 3 5 6 4
M[188] : 6 4 3 5 7 6 3 3 3 5 5 3 4 5 5 6 3 3 7 6 5 5 3 3 5 3 0 4 3 6 7 7
M[189] : 5 3 4 5 3 3 4 4 3 4 3 6 4 5 3 6 5 5 4 5 5 4 3 6 6 2 0 5 6 5 4 2
M[190] : 5 3 2 3 5 3 5 5 3 4 5 5 2 2 6 4 7 7 1 3 5 5 6 4 4 7 4 4 0 5 5 3
M[191] : 3 1 4 5 4 5 5 5 4 2 2 4 5 4 3 4 6 3 6 6 4 0 5 4 5 4 1 5 4 3 5 5
M[192] : 5 0 5 3 4 5 2 4 4 6 4 6 4 6 3 6 6 5 3 4 3 2 1 3 6 4 3 6 5 5 5 5
M[193] : 6 4 4 4 5 5 3 2 2 4 4 4 3 0 6 3 4 5 3 4 7 4 6 3 3 7 5 4 3 3 3 3
M[194] : 4 3 3 5 1 3 1 5 4 3 3 8 4 5 4 3 6 2 4 2 7 4 5 7 0 4 4 6 4 3 3 3
M[195] : 7 5 3 5 4 4 3 3 5 6 1 7 0 3 3 5 4 6 2 6 5 3 4 7 3 6 3 6 2 7 4 4
M[196] : 5 3 3 5 4 0 3 5 5 3 2 4 3 5 8 2 5 5 2 4 6 4 5 4 0 5 4 3 8 4 4 3
M[197] : 3 5 6 5 4 5 6 7 0 4 4 3 2 4 4 5 5 4 3 4 6 6 5 2 2 3 4 1 6 6 3 8
M[198] : 4 4 4 3 5 4 5 6 3 3 3 3 6 6 5 6 6 6 3 3 5 4 5 4 5 6 6 5 3 5 0 3
M[199] : 4 5 4 7 3 4 5 4 5 6 2 5 5 4 2 5 5 5 2 5 6 0 7 6 2 6 2 5 6 7 6 4
M[200] : 6 2 4 5 5 4 3 6 5 3 2 4 5 5 5 3 4 6 4 5 4 2 3 3 3 1 3 4 4 4 5 0
M[201] : 5 5 3 5 2 6 3 2 2 5 2 3 6 6 1 4 4 3 0 3 5 3 5 4 3 2 5 3 5 3 2 6
M[202] : 7 5 3 5 5 5 2 5 6 6 4 5 4 0 2 2 3 5 3 6 3 6 4 2 2 5 4 4 3 3 4 2
M[203] : 4 2 1 5 6 4 5 5 3 5 4 3 5 6 3 3 1 4 4 3 3 6 0 4 3 4 5 7 6 5 3 1
M[204] : 6 5 4 4 5 3 4 4 4 4 3 4 7 2 6 4 5 4 6 6 4 0 5 2 6 2 3 4 5 4 5 4
M[205] : 5 4 1 3 0 5 3 4 7 3 2 5 3 7 5 1 3 3 4 6 4 2 3 7 3 4 4 5 6 4 4 4
M[206] : 1 4 4 0 7 2 3 3 6 3 4 3 5 4 3 4 4 4 2 5 4 5 4 6 3 4 5 4 3 5 3 4
M[207] : 2 4 5 6 5 5 2 4 7 5 4 5 3 6 4 6 2 3 5 6 3 6 0 4 6 5 4 4 5 3 4 3
M[208] : 5 6 4 4 0 4 5 4 2 2 2 3 4 6 2 3 6 2 4 5 6 4 5 6 2 4 6 3 3 3 4 3
M[209] : 5 4 5 5 6 3 5 6 4 5 4 5 4 3 3 3 1 6 2 3 4 3 2 5 3 0 5 5 5 3 7 3
M[210] : 6 6 4 3 4 4 5 4 4 2 3 5 5 6 6 3 0 3 3 2 3 3 6 6 4 4 4 5 5 3 2 4
M[211] : 6 4 3 2 5 4 5 4 5 2 2 0 6 4 3 7 6 4 1 3 5 3 6 6 5 5 4 4 2 4 4 5
M[212] : 6 5 5 5 6 2 5 4 3 5 3 5 4 3 2 5 0 2 4 6 3 3 7 4 5 4 3 3 6 6 5 6
M[213] : 1 6 2 6 3 5 1 7 3 4 6 4 5 5 6 0 6 3 4 2 4 5 4 3 3 6 5 5 6 7 5 4
M[214] : 2 1 4 3 4 5 4 6 2 3 2 6 7 5 3 5 4 0 3 5 1 5 3 4 4 1 5 2 5 4 3 3
M[215] : 3 3 7 6 4 4 3 5 4 5 4 4 5 4 6 4 5 3 5 0 5 6 4 5 1 3 4 4 4 3 3 5
M[216] : 5 4 4 6 4 2 4 0 5 4 3 1 5 6 2 6 2 6 5 5 3 4 3 3 5 4 5 5 6 6 4 4
M[217] : 3 2 3 5 3 5 5 6 4 3 6 2 3 2 5 6 3 2 4 2 4 5 2 3 6 5 5 4 6 1 5 0
M[218] : 4 7 4 4 5 5 3 4 5 4 2 3 4 3 5 4 5 6 4 3 4 4 5 0 4 4 4 5 5 5 2 4
M[219] : 6 5 4 6 2 4 3 7 5 6 1 5 3 4 4 5 3 2 4 0 6 4 5 5 2 7 4 4 3 5 1 4
M[220] : 4 7 2 5 1 7 0 4 5 4 4 3 3 4 2 2 4 4 3 5 4 6 2 3 3 7 5 3 3 4 3 5
M[221] : 6 0 3 5 3 2 4 2 6 2 4 3 6 7 5 3 6 4 2 3 6 3 4 3 4 3 3 6 7 3 3 4
M[222] : 3 5 3 2 5 4 5 7 6 5 5 4 3 7 3 6 3 2 3 6 2 4 3 4 5 3 5 4 3 4 5 0
M[223] : 4 6 5 6 2 5 0 6 5 4 2 6 4 6 6 4 3 4 5 3 3 4 4 4 2 5 3 4 2 5 3 5
M[224] : 4 4 0 5 4 7 4 4 3 6 0 7 5 6 1 4 3 4 6 3 5 6 4 4 6 5 5 3 3 5 4 4
M[225] : 5 5 0 3 5 2 3 3 4 2 1 4 4 5 3 4 1 6 3 6 3 4 4 4 3 4 6 4 2 4 4 3
M[226] : 3 3 3 3 5 4 3 1 3 5 4 3 7 4 3 3 2 3 3 4 4 5 3 4 4 3 6 0 5 4 4 4
M[227] : 4 4 5 2 4 6 3 7 5 4 0 3 5 0 4 4 2 3 3 5 5 4 1 4 4 4 5 5 6 3 6 7
M[228] : 3 2 5 6 5 2 5 4 3 5 4 4 5 5 4 5 4 3 3 0 4 3 2 5 2 5 5 4 4 7 7 3
M[229] : 5 5 4 3 5 6 3 0 6 6 5 4 3 4 6 3 4 2 4 5 6 5 5 5 3 5 3 2 3 8 6 4
M[230] : 4 3 1 4 4 5 2 6 4 5 2 2 3 6 2 4 6 3 2 2 0 4 4 3 4 4 5 4 2 7 5 6
M[231] : 5 4 1 4 4 4 6 0 5 3 6 4 4 5 6 1 1 5 2 2 4 4 4 5 2 5 4 4 2 4 3 7
M[232] : 4 7 4 5 5 4 6 4 4 4 3 4 5 0 4 2 5 1 3 5 2 4 7 2 5 5 3 6 4 5 8 3
M[233] : 3 4 3 4 4 5 4 2 4 5 5 5 5 2 5 4 3 0 4 4 5 3 4 3 4 3 3 4 1 4 4 3
M[234] : 5 0 4 2 4 4 4 7 3 3 5 4 7 3 3 3 2 4 6 4 4 4 1 3 4 5 2 4 3 5 5 6
M[235] : 6 4 1 0 4 4 5 4 4 3 5 4 3 6 3 5 6 4 4 5 6 3 5 3 4 3 5 6 2 3 4 3
M[236] : 3 1 2 4 4 5 3 4 3 0 5 3 3 1 5 4 5 1 5 3 3 4 4 3 4 6 3 4 3 5 4 2
M[237] : 5 3 5 5 5 5 6 4 3 4 4 6 4 4 6 4 3 7 1 7 4 2 5 5 2 2 6 5 4 7 5 0
M[238] : 4 5 4 5 4 4 4 4 2 3 3 3 4 4 3 3 5 2 5 3 4 7 3 4 4 6 6 0 4 3 6 2
M[239] : 4 5 5 3 0 2 2 5 4 4 3 3 4 3 5 4 4 5 2 4 4 4 4 4 4 3 4 5 4 5 2 6
M[240] : 3 3 4 4 2 5 3 4 0 4 4 4 3 6 6 2 6 2 1 5 4 4 4 4 5 3 2 4 2 3 5 4
M[241] : 3 4 3 4 4 5 1 3 2 3 3 0 6 1 5 2 4 4 3 4 5 4 4 6 4 4 5 5 6 4 8 3
M[242] : 4 6 3 5 0 7 2 6 4 4 4 3 3 2 1 6 5 4 3 6 4 5 4 7 3 5 5 3 5 5 4 4
M[243] : 5 4 3 5 3 5 2 5 3 4 3 3 2 0 5 4 5 2 3 6 5 3 6 0 4 3 6 5 6 0 3 4
M[244] : 4 5 4 5 5 0 7 6 6 6 3 3 5 4 3 5 3 4 4 4 5 5 3 4 3 5 4 4 5 4 2 3
M[245] : 1 4 2 3 6 0 4 5 2 4 6 4 2 5 4 7 3 4 3 5 5 4 4 2 4 3 4 4 4 2 5 3
M[246] : 5 5 3 3 5 2 5 5 1 6 4 5 3 3 5 5 3 5 3 2 3 0 1 4 5 4 5 5 4 7 4 3
M[247] : 5 2 3 4 7 4 5 4 3 8 2 7 4 4 4 5 5 3 3 7 4 3 4 0 4 5 6 3 2 3 5 3
M[248] : 4 3 5 5 5 3 3 4 1 0 3 2 4 2 4 4 4 6 3 7 2 4 6 6 2 4 4 4 5 2 3 7
M[249] : 4 3 3 3 3 5 4 2 4 2 1 4 4 5 6 6 6 1 4 3 6 5 0 5 2 2 5 4 3 4 6 3

