 Execution de l'algoritme BITS sur le fichier dsjc250.5.txt
=====================================================================
 Partitions  : 
Vk[0] : 211 235 177 175 34 170 105 -->  7 éléments.
Vk[1] : 188 55 147 221 16 33 231 162 -->  8 éléments.
Vk[2] : 17 94 58 50 173 163 178 201 -->  8 éléments.
Vk[3] : 187 99 212 245 42 98 92 247 -->  8 éléments.
Vk[4] : 128 10 229 1 158 194 171 249 -->  8 éléments.
Vk[5] : 117 48 82 19 51 61 140 -->  7 éléments.
Vk[6] : 0 106 74 228 28 4 78 237 -->  8 éléments.
Vk[7] : 35 204 102 210 143 90 248 161 -->  8 éléments.
Vk[8] : 213 166 21 72 144 180 196 -->  7 éléments.
Vk[9] : 75 114 152 153 9 126 119 30 -->  8 éléments.
Vk[10] : 134 182 13 129 199 227 26 11 -->  8 éléments.
Vk[11] : 179 243 14 155 238 190 79 202 -->  8 éléments.
Vk[12] : 181 240 54 43 112 160 47 25 -->  8 éléments.
Vk[13] : 200 68 7 217 154 222 203 56 -->  8 éléments.
Vk[14] : 66 135 224 165 69 67 236 167 -->  8 éléments.
Vk[15] : 142 62 116 107 23 214 85 226 -->  8 éléments.
Vk[16] : 132 138 70 176 100 109 44 77 -->  8 éléments.
Vk[17] : 130 36 76 46 118 111 110 131 -->  8 éléments.
Vk[18] : 95 103 87 120 218 151 232 38 -->  8 éléments.
Vk[19] : 246 198 145 59 40 193 96 233 -->  8 éléments.
Vk[20] : 121 83 53 29 195 141 45 216 -->  8 éléments.
Vk[21] : 122 65 60 3 164 73 239 71 -->  8 éléments.
Vk[22] : 15 219 209 89 104 18 31 -->  7 éléments.
Vk[23] : 242 136 101 220 169 225 27 84 -->  8 éléments.
Vk[24] : 123 97 2 168 80 234 64 37 -->  8 éléments.
Vk[25] : 52 150 206 88 6 49 57 146 -->  8 éléments.
Vk[26] : 137 223 183 12 230 39 125 -->  7 éléments.
Vk[27] : 86 127 192 91 149 156 191 185 -->  8 éléments.
Vk[28] : 115 24 172 133 5 244 241 -->  7 éléments.
Vk[29] : 124 215 108 186 81 157 197 208 -->  8 éléments.
Vk[30] : 159 174 113 22 148 32 139 8 -->  8 éléments.
Vk[31] : 41 20 189 207 63 205 93 184 -->  8 éléments.
Matrice M
M[0] : 3 2 3 7 5 6 0 4 2 5 3 4 2 5 4 4 7 4 4 5 3 5 3 4 3 3 5 4 4 5 5 4
M[1] : 4 3 1 3 0 4 5 5 5 3 5 4 6 3 8 6 5 4 3 5 3 2 4 6 4 4 5 4 3 7 7 5
M[2] : 3 4 4 5 7 5 4 5 5 5 5 3 6 6 5 5 3 3 4 4 5 3 4 6 0 5 4 3 4 5 4 4
M[3] : 4 4 6 4 1 6 4 5 5 1 5 3 3 6 4 3 4 2 5 1 5 0 6 6 3 5 4 4 4 2 2 6
M[4] : 4 2 5 6 6 3 0 6 4 3 6 4 6 2 6 4 6 3 5 4 6 5 2 2 4 5 4 2 5 7 5 3
M[5] : 4 4 3 4 4 1 3 2 2 5 6 4 0 4 5 2 3 6 5 6 4 3 4 4 1 5 5 5 0 5 4 3
M[6] : 2 5 4 6 4 1 2 3 4 5 5 1 5 4 5 5 5 5 4 3 5 8 4 4 7 0 5 6 1 2 4 4
M[7] : 4 2 6 6 6 1 5 4 3 3 5 4 4 0 5 4 6 5 3 5 4 0 4 4 7 4 5 5 4 1 2 4
M[8] : 2 2 3 3 4 5 7 5 3 1 3 2 4 3 1 3 7 2 5 4 7 4 2 4 3 3 2 7 3 4 0 6
M[9] : 5 5 3 6 5 3 3 4 3 0 4 3 1 2 7 4 4 3 3 2 3 4 2 2 7 5 4 4 5 6 5 5
M[10] : 5 3 4 5 0 4 3 4 5 4 4 1 3 5 3 3 6 2 2 3 5 4 4 5 5 5 7 4 3 5 4 4
M[11] : 4 5 4 5 4 2 5 0 2 2 0 4 4 6 4 2 5 3 7 3 2 5 4 3 3 6 4 4 3 4 4 6
M[12] : 3 6 5 3 4 5 6 2 5 7 2 4 3 6 5 4 5 3 2 5 5 4 3 6 4 5 0 5 4 4 4 6
M[13] : 4 4 5 7 3 3 7 3 6 7 0 5 5 5 2 2 5 5 5 5 3 4 5 4 2 4 3 3 4 3 3 4
M[14] : 3 8 3 4 7 4 3 4 3 6 3 0 2 7 4 4 3 5 4 5 4 3 4 5 3 3 4 8 1 2 3 3
M[15] : 4 6 5 7 3 2 1 4 3 6 5 8 4 5 4 5 3 6 7 7 4 7 0 5 5 5 4 7 5 0 3 5
M[16] : 4 0 5 4 4 4 7 2 5 2 3 5 3 3 4 4 2 4 2 2 5 4 5 5 4 3 5 4 2 4 4 6
M[17] : 5 4 0 2 4 4 3 6 2 6 5 1 4 4 4 7 4 5 3 4 4 3 6 5 4 3 4 3 2 4 7 5
M[18] : 5 5 5 4 6 3 3 2 2 3 5 5 8 4 1 3 7 4 3 4 6 4 0 5 5 5 1 5 6 2 5 3
M[19] : 4 5 5 6 6 0 5 2 3 7 6 1 7 2 4 4 3 4 3 4 5 4 3 4 6 4 3 4 2 4 3 4
M[20] : 4 3 6 4 7 3 2 4 2 4 5 4 4 2 3 2 5 6 7 3 4 4 6 5 6 3 5 5 3 6 2 0
M[21] : 4 2 3 6 4 4 7 3 0 4 5 3 4 4 5 4 2 3 5 5 5 3 1 2 3 4 5 4 1 2 5 2
M[22] : 2 4 5 6 7 3 2 4 6 4 4 4 4 5 3 3 7 2 5 4 5 6 3 4 5 3 3 5 2 5 0 4
M[23] : 4 3 3 5 1 5 3 4 3 4 4 4 3 3 6 0 4 4 6 4 5 2 2 7 4 3 5 5 3 4 3 7
M[24] : 3 4 2 4 5 3 4 5 4 2 3 3 5 4 4 3 6 4 2 6 3 4 4 3 3 3 5 4 0 6 5 5
M[25] : 3 4 1 5 5 5 4 4 4 2 1 1 0 4 7 2 2 6 6 6 6 2 3 4 3 3 5 5 4 5 5 5
M[26] : 4 7 3 3 5 6 5 2 0 2 0 4 5 2 2 4 4 5 5 4 4 2 2 4 4 2 4 2 1 4 3 5
M[27] : 3 6 5 5 6 3 4 5 4 6 5 3 7 3 2 4 3 6 5 3 5 3 4 0 5 1 3 5 4 5 4 2
M[28] : 5 5 4 5 4 1 0 5 3 5 6 3 6 5 4 4 3 6 4 3 5 5 3 2 4 3 2 3 6 5 3 5
M[29] : 4 5 3 4 3 4 5 6 4 3 1 3 4 3 4 2 4 4 5 3 0 5 3 4 4 2 5 3 5 3 3 5
M[30] : 3 3 5 3 5 3 6 4 4 0 6 3 2 5 4 5 3 3 5 5 3 4 2 5 5 5 5 1 5 4 4 6
M[31] : 2 3 2 4 4 4 3 5 4 3 4 7 3 3 4 4 7 3 3 6 3 4 0 4 5 3 4 6 1 3 3 6
M[32] : 4 3 4 3 3 4 3 2 5 5 5 5 4 2 4 7 6 5 6 2 3 3 3 7 2 6 3 3 5 5 0 3
M[33] : 4 0 4 6 4 5 4 4 5 4 5 5 4 4 2 4 3 3 3 4 5 3 2 4 4 5 4 7 2 4 2 4
M[34] : 0 5 5 4 4 3 3 5 5 5 5 6 6 3 5 6 4 3 4 5 5 3 5 6 1 0 1 3 3 4 2 3
M[35] : 6 6 4 4 5 3 5 0 5 2 4 5 3 7 4 2 4 3 5 6 3 3 1 5 2 4 4 3 3 2 5 6
M[36] : 4 3 4 2 5 5 5 2 4 5 6 4 5 4 4 5 3 0 3 4 4 6 3 5 4 6 3 4 3 5 6 5
M[37] : 1 3 2 7 4 4 5 4 3 3 5 1 5 4 4 5 3 4 5 4 7 4 4 6 0 5 2 3 2 3 2 4
M[38] : 6 2 5 3 4 4 3 1 5 5 4 5 4 6 3 3 3 2 0 5 2 4 5 4 1 6 3 7 3 5 6 6
M[39] : 5 5 7 3 4 3 3 6 5 5 5 5 5 3 6 3 6 5 4 5 5 4 2 3 3 4 0 2 4 4 4 5
M[40] : 1 3 5 5 5 2 4 5 6 5 5 3 6 5 3 2 6 3 4 0 7 5 5 4 1 4 5 4 3 4 3 5
M[41] : 4 4 6 4 2 6 6 5 2 4 4 3 4 5 4 5 4 4 5 6 4 3 3 4 3 5 3 3 3 2 6 0
M[42] : 4 4 3 0 4 6 5 5 5 6 5 5 3 4 5 3 4 3 1 5 4 2 5 4 1 5 4 3 4 4 3 5
M[43] : 5 3 7 5 7 2 3 4 4 4 6 5 0 7 5 5 5 3 6 5 2 4 2 4 7 6 5 5 1 2 3 5
M[44] : 4 2 7 5 6 1 3 2 4 4 5 4 5 5 2 2 0 6 3 4 5 3 2 5 3 4 1 5 4 6 4 5
M[45] : 5 6 4 5 5 5 4 5 5 4 4 4 3 5 3 5 4 5 5 6 0 3 4 3 5 3 4 2 2 3 7 3
M[46] : 3 4 5 4 3 4 6 2 4 3 3 4 2 3 6 5 5 0 3 4 6 4 5 3 5 5 4 5 2 5 6 5
M[47] : 3 5 6 7 5 2 3 3 2 3 4 2 0 5 3 7 5 3 5 5 6 5 6 4 0 4 5 5 2 4 5 6
M[48] : 3 4 3 5 6 0 3 4 4 5 6 6 4 2 5 5 3 4 4 3 4 7 4 3 7 3 5 4 2 5 4 5
M[49] : 2 3 3 4 3 1 3 4 3 4 5 5 3 4 1 5 5 8 6 6 6 5 7 2 3 0 3 7 4 2 4 3
M[50] : 5 3 0 6 3 2 6 3 2 5 4 3 4 6 4 4 6 5 6 7 4 3 3 3 4 6 4 6 2 4 4 3
M[51] : 6 4 5 6 4 0 4 1 1 5 2 5 4 6 2 4 2 6 2 3 5 7 4 3 5 1 3 3 4 3 5 4
M[52] : 1 6 7 3 6 5 5 4 3 3 4 5 2 2 3 5 4 6 5 1 5 4 4 6 5 0 4 4 5 6 6 7
M[53] : 4 5 7 5 3 4 3 5 3 1 2 4 4 4 3 5 4 3 2 5 0 1 4 4 2 5 4 5 4 2 5 4
M[54] : 1 3 4 5 4 4 5 4 3 3 4 3 0 3 4 4 6 4 5 4 3 3 4 4 7 3 1 4 4 4 3 2
M[55] : 4 0 5 5 2 5 2 4 5 2 4 4 3 5 6 4 6 6 4 3 5 5 2 2 4 5 5 5 1 4 6 3
M[56] : 6 3 3 2 5 3 3 6 5 5 2 7 5 0 5 4 3 5 1 3 4 4 5 5 3 6 5 4 4 5 3 3
M[57] : 3 7 6 5 2 3 2 4 2 3 6 4 3 5 5 3 5 2 6 6 6 0 4 2 5 0 6 2 2 6 6 3
M[58] : 4 3 0 2 4 3 6 4 4 5 3 4 4 3 1 6 5 4 6 4 6 4 3 1 2 4 3 5 5 6 5 3
M[59] : 4 4 4 4 5 3 4 6 2 3 6 5 4 4 4 4 1 5 7 0 1 4 5 2 1 3 3 3 4 2 5 3
M[60] : 1 4 4 3 6 3 2 6 3 5 3 4 3 3 4 2 5 6 4 4 5 0 1 4 2 3 2 3 3 4 6 7
M[61] : 4 6 6 6 4 0 5 3 3 7 6 2 4 4 4 8 3 4 4 3 7 3 2 4 5 6 6 3 4 5 5 6
M[62] : 4 2 4 1 4 4 6 2 3 2 6 5 4 5 4 0 6 3 3 4 5 3 4 4 4 3 4 6 3 3 8 3
M[63] : 1 5 4 6 3 3 5 6 3 6 6 2 1 1 0 4 5 4 3 0 4 4 4 3 5 3 3 5 3 5 3 0
M[64] : 2 3 4 3 4 5 2 5 2 6 5 3 5 5 3 3 5 4 2 4 3 2 6 5 0 3 3 3 4 3 3 3
M[65] : 5 6 3 3 5 4 4 1 5 5 2 4 3 5 3 3 5 3 3 4 4 0 4 5 1 5 3 6 4 2 3 2
M[66] : 5 5 4 4 5 6 3 3 3 3 1 6 4 4 0 4 7 4 3 6 5 6 5 2 4 2 3 5 3 5 3 3
M[67] : 3 2 4 4 4 4 5 5 5 4 3 5 4 6 0 5 1 6 6 4 7 4 2 2 3 3 5 2 4 5 4 5
M[68] : 2 5 3 5 6 3 3 5 4 4 2 5 3 0 4 5 5 5 5 5 5 6 3 2 6 3 4 5 4 2 3 6
M[69] : 4 3 5 3 5 3 6 6 2 4 5 2 5 4 0 5 6 6 5 1 3 2 1 7 4 6 4 4 6 4 1 3
M[70] : 6 4 4 3 5 3 6 2 2 5 4 5 3 3 4 7 0 7 4 4 2 5 6 4 5 3 2 7 3 5 2 4
M[71] : 3 3 3 7 4 4 3 3 4 2 2 6 4 3 4 3 4 1 4 4 6 0 5 3 5 3 5 5 4 6 6 6
M[72] : 4 4 2 4 4 1 1 2 0 1 3 3 4 6 7 3 3 7 5 5 4 3 3 4 7 4 5 5 5 4 5 3
M[73] : 3 5 3 5 5 5 6 6 2 5 5 4 5 3 5 2 2 4 5 3 6 0 6 3 6 4 2 3 4 4 3 4
M[74] : 3 6 5 3 3 6 0 4 5 5 5 4 3 4 5 6 2 3 6 3 6 4 4 7 3 2 3 4 3 4 4 5
M[75] : 5 8 3 3 2 6 4 5 3 0 4 4 6 4 3 4 3 5 4 5 7 4 5 5 6 5 6 5 4 6 3 6
M[76] : 3 5 4 6 6 3 4 4 4 3 5 4 5 6 6 4 3 0 3 3 6 4 3 6 3 4 6 4 1 5 3 1
M[77] : 6 4 5 3 5 4 4 5 2 5 4 5 7 5 5 6 0 5 7 5 5 0 4 6 2 4 4 5 5 4 6 3
M[78] : 3 4 4 5 4 3 0 7 4 5 6 5 3 4 4 5 6 4 6 6 3 0 6 3 5 1 5 4 2 2 5 7
M[79] : 2 4 5 5 4 2 5 6 4 2 5 0 2 4 5 4 3 4 5 5 5 6 5 4 3 4 5 4 5 5 3 3
M[80] : 3 7 1 5 5 4 5 3 2 5 3 5 4 4 4 2 6 2 4 3 5 3 4 4 0 3 2 4 2 3 5 5
M[81] : 7 4 7 4 5 2 1 2 4 5 1 4 7 5 6 3 7 2 6 3 4 3 1 6 4 6 4 5 3 0 5 5
M[82] : 3 6 5 5 4 0 7 3 4 4 3 3 3 3 5 2 2 4 4 2 5 5 5 5 4 2 3 5 4 4 3 4
M[83] : 4 2 4 3 5 5 4 5 2 4 7 7 2 3 4 7 3 4 3 3 0 6 4 5 2 6 4 6 5 7 3 4
M[84] : 4 2 3 1 2 3 6 4 2 5 4 4 7 3 5 3 5 3 3 3 3 4 5 0 5 4 4 4 3 5 6 3
M[85] : 3 6 6 3 7 3 5 4 6 5 4 6 5 5 5 0 3 5 5 5 3 4 3 5 6 7 3 4 4 4 4 6
M[86] : 3 5 2 3 3 3 4 2 3 3 5 5 4 2 2 4 2 4 3 5 3 4 4 4 5 4 5 0 6 3 4 3
M[87] : 1 6 4 5 3 4 6 5 6 6 6 4 4 5 5 3 3 4 0 3 4 3 4 4 5 3 5 3 5 2 6 5
M[88] : 3 4 5 5 4 5 3 7 3 7 4 6 3 4 5 4 4 4 2 8 3 4 2 5 4 0 2 2 4 4 5 4
M[89] : 2 5 5 3 3 2 3 6 5 2 4 3 3 2 4 3 2 3 3 6 4 6 0 2 4 6 2 5 1 5 2 4
M[90] : 4 4 4 3 4 4 7 0 3 5 1 4 1 3 5 3 3 2 4 6 3 4 2 6 3 3 3 3 2 6 4 3
M[91] : 3 4 5 1 4 3 5 3 3 4 5 3 6 5 3 3 4 4 5 3 5 2 4 5 5 4 4 0 2 5 4 6
M[92] : 4 3 3 0 2 5 5 4 5 5 3 3 7 4 0 4 4 2 1 5 5 7 3 4 5 5 4 4 3 7 4 6
M[93] : 3 7 4 5 5 3 3 5 4 4 4 2 6 6 5 7 5 4 4 4 4 3 4 3 5 4 4 6 2 4 4 0
M[94] : 4 5 0 6 2 5 4 3 6 4 5 2 5 4 5 3 4 3 3 4 4 3 4 4 4 4 6 2 5 4 1 5
M[95] : 3 1 5 4 6 3 6 5 4 4 4 3 5 6 5 5 4 3 0 4 3 3 2 4 7 6 3 2 3 3 5 7
M[96] : 3 3 8 3 3 5 4 2 3 4 5 4 1 6 4 7 4 8 5 0 3 1 3 5 5 4 5 2 4 4 4 4
M[97] : 2 2 3 4 4 6 4 3 4 4 4 3 3 8 2 5 6 7 4 4 3 3 4 2 0 4 5 6 3 4 3 5
M[98] : 3 4 4 0 3 5 6 5 4 5 6 5 5 6 3 1 4 3 4 4 2 4 3 3 3 5 5 6 2 4 4 5
M[99] : 3 6 7 0 7 4 5 3 3 5 4 2 5 6 5 5 4 7 3 4 3 5 0 4 3 3 4 4 2 6 6 3
M[100] : 4 4 5 5 6 2 6 3 3 3 4 3 5 3 5 4 0 1 1 5 7 4 4 4 4 6 4 2 4 5 5 5
M[101] : 3 5 4 6 4 4 2 4 3 4 5 6 2 2 2 5 2 4 3 5 5 6 4 0 5 5 5 5 4 4 6 4
M[102] : 4 5 5 4 4 4 5 0 3 5 0 3 6 4 5 5 4 5 5 7 6 4 2 2 5 6 2 1 2 3 2 2
M[103] : 3 5 6 3 5 4 5 5 3 2 6 5 7 6 6 4 4 3 0 6 4 6 2 5 3 6 3 7 7 3 5 4
M[104] : 3 2 2 2 2 5 6 3 4 5 7 3 5 3 1 5 3 7 5 2 4 5 0 3 4 5 3 5 4 3 4 5
M[105] : 0 4 2 2 5 4 3 6 4 5 3 4 2 4 4 5 3 2 3 3 3 3 3 4 2 3 2 4 4 6 1 6
M[106] : 2 6 6 6 3 6 0 5 3 6 4 4 4 3 4 5 5 7 6 5 4 3 4 3 2 4 2 3 3 3 4 3
M[107] : 4 3 4 3 7 4 4 5 2 5 3 4 4 5 3 0 4 5 4 3 4 1 4 1 5 4 3 4 0 3 5 7
M[108] : 3 4 3 5 4 3 7 3 1 3 5 3 3 5 4 4 3 5 3 4 3 5 4 3 4 3 3 5 5 0 5 6
M[109] : 2 5 5 3 7 2 4 5 3 5 6 1 2 3 4 1 0 2 5 3 6 5 3 1 5 4 4 4 5 3 5 4
M[110] : 4 5 4 3 5 4 5 6 2 6 4 5 5 3 5 4 6 0 4 4 3 5 5 5 5 6 5 5 5 5 3 5
M[111] : 4 4 1 4 6 5 4 2 5 3 4 6 5 6 5 6 7 0 6 2 4 2 5 5 0 3 3 3 3 4 2 6
M[112] : 4 4 6 4 3 2 4 2 4 3 6 3 0 3 4 5 6 6 5 5 2 5 4 5 4 4 2 5 3 5 6 3
M[113] : 3 6 4 4 2 3 2 6 4 4 3 5 5 3 4 4 4 5 3 3 4 5 4 6 6 7 3 4 3 4 0 6
M[114] : 3 5 5 4 1 5 5 5 2 0 3 3 4 3 6 3 5 7 3 6 6 3 2 6 5 2 5 7 4 3 3 5
M[115] : 3 1 6 4 5 6 7 2 3 5 2 3 3 2 4 1 5 2 4 3 4 5 4 3 7 3 4 5 0 5 4 3
M[116] : 3 5 5 3 4 6 4 3 4 4 2 3 8 2 5 0 5 6 5 4 4 3 6 2 4 3 5 3 2 4 3 3
M[117] : 4 5 6 5 7 0 4 4 3 5 5 5 3 7 6 7 5 5 4 5 6 4 4 4 6 2 4 5 5 1 6 5
M[118] : 3 5 5 3 4 4 4 3 4 5 1 5 4 4 5 4 5 0 5 5 4 4 4 5 2 2 2 5 4 3 3 5
M[119] : 2 3 4 5 5 4 4 4 3 0 4 3 3 6 2 4 6 3 4 2 3 4 5 4 1 4 2 4 4 4 4 4
M[120] : 2 2 4 4 4 1 4 4 4 2 5 6 3 5 3 4 5 5 0 5 4 3 4 5 3 5 3 3 5 3 4 3
M[121] : 2 4 4 6 4 5 3 5 5 3 5 5 5 5 4 4 5 6 4 4 0 7 4 4 6 7 4 6 3 3 3 3
M[122] : 3 4 5 4 2 3 4 2 1 3 4 6 8 2 6 4 2 4 4 4 4 0 5 4 5 4 4 6 6 6 5 4
M[123] : 2 2 2 5 6 3 6 4 6 7 2 6 2 4 4 4 1 4 5 0 2 6 3 4 0 3 3 6 6 3 4 5
M[124] : 4 4 6 4 6 2 3 4 3 4 6 3 2 5 4 6 7 6 3 6 4 6 4 6 4 4 3 3 4 0 5 5
M[125] : 1 2 6 4 5 4 5 5 5 3 6 3 3 3 2 6 5 4 6 6 3 4 1 6 4 4 0 4 3 2 4 4
M[126] : 5 4 5 6 4 6 6 5 3 0 6 5 3 2 4 7 4 6 5 4 3 4 4 4 5 5 2 4 2 4 4 2
M[127] : 5 5 2 1 4 5 4 3 4 6 7 5 3 2 3 3 4 8 3 3 6 4 4 6 3 5 4 0 6 3 4 4
M[128] : 3 5 1 3 0 5 4 4 4 5 5 5 2 6 3 2 6 4 7 3 4 5 4 4 7 2 2 6 2 3 3 3
M[129] : 3 2 4 4 3 3 3 3 4 8 0 4 7 3 1 4 4 2 5 3 5 6 3 4 5 4 3 6 4 5 5 6
M[130] : 3 5 4 4 2 3 4 4 2 5 5 4 5 4 4 5 5 0 1 7 6 4 3 3 7 5 3 4 1 4 2 5
M[131] : 4 6 3 4 1 3 4 6 2 2 4 3 5 4 6 4 4 0 5 6 6 0 4 2 6 7 3 3 4 2 6 5
M[132] : 2 4 3 5 5 3 4 4 2 3 3 4 4 6 5 3 0 6 6 4 4 5 2 5 6 4 5 4 6 7 4 5
M[133] : 2 2 4 4 2 1 6 1 2 6 2 4 2 3 6 5 3 1 4 4 4 5 3 4 7 3 3 2 0 3 1 2
M[134] : 5 5 4 2 5 6 5 1 2 5 0 6 3 4 4 5 5 3 5 5 4 3 6 3 4 5 4 5 2 5 4 3
M[135] : 4 3 2 4 7 4 3 4 4 4 2 4 4 7 0 5 4 6 4 5 2 3 1 4 3 3 4 3 5 5 3 2
M[136] : 4 5 6 5 6 3 3 3 4 6 1 4 4 4 1 4 3 6 6 4 5 3 3 0 4 4 3 6 3 3 6 4
M[137] : 2 6 3 5 4 2 5 6 5 4 5 4 4 5 5 5 3 5 6 2 6 6 3 4 4 6 0 6 5 5 2 6
M[138] : 2 6 5 3 1 4 4 3 5 7 7 3 6 3 3 3 0 6 4 5 2 6 4 5 1 6 6 5 2 6 5 3
M[139] : 3 3 3 5 2 4 5 0 3 3 3 3 3 3 5 6 4 4 6 3 5 4 1 4 4 5 3 3 5 3 0 3
M[140] : 3 4 4 6 5 0 4 3 4 2 6 3 0 3 4 3 3 4 6 4 3 4 3 3 4 4 3 6 3 3 6 4
M[141] : 4 4 3 2 5 4 3 4 3 6 7 6 3 3 2 4 4 4 2 4 0 6 1 5 4 2 5 3 3 5 5 4
M[142] : 2 2 6 4 3 4 6 3 5 4 3 5 3 3 3 0 4 7 5 4 4 5 2 3 2 6 2 0 5 3 7 4
M[143] : 5 5 3 2 6 4 6 0 2 7 4 5 3 6 4 1 2 4 4 3 7 3 4 4 2 6 3 2 4 4 5 6
M[144] : 3 6 5 3 2 3 4 5 0 4 3 6 3 2 4 3 4 5 5 4 6 4 5 2 7 6 5 4 3 5 4 3
M[145] : 4 2 5 5 5 2 5 5 4 4 1 5 7 3 4 3 4 3 3 0 3 0 4 4 1 5 3 3 5 5 2 4
M[146] : 4 2 2 3 5 2 3 7 3 3 3 3 4 5 2 2 6 5 6 5 5 3 3 3 2 0 2 3 4 4 3 4
M[147] : 4 0 4 4 6 3 3 7 4 6 3 4 2 2 4 5 4 4 2 3 3 6 6 5 3 5 5 5 4 4 4 5
M[148] : 1 1 4 5 6 4 5 4 5 5 5 3 5 4 4 6 1 5 3 3 1 5 2 5 4 3 6 2 3 3 0 3
M[149] : 1 5 4 3 4 3 3 2 2 6 2 5 5 5 4 5 4 4 4 5 4 2 5 4 4 5 2 0 5 3 4 3
M[150] : 6 5 6 2 3 2 4 4 4 5 6 6 4 3 6 4 4 3 2 4 3 4 4 5 4 0 3 5 5 5 2 3
M[151] : 4 2 5 3 6 4 6 4 2 5 5 5 8 5 5 4 5 5 0 4 5 4 3 5 4 5 2 3 3 4 5 6
M[152] : 2 2 3 6 6 5 5 5 4 0 4 6 3 5 3 2 4 0 4 5 3 4 4 3 5 4 2 3 3 7 3 4
M[153] : 0 3 6 8 2 3 5 4 4 0 5 5 5 3 4 3 7 5 4 2 2 2 3 5 5 6 4 6 3 3 4 6
M[154] : 4 2 6 3 4 4 5 2 3 3 5 4 5 0 5 3 3 5 4 5 4 4 2 2 4 4 3 3 1 6 6 5
M[155] : 6 2 3 7 3 4 3 5 4 4 3 0 0 6 3 4 1 4 4 3 2 5 4 6 5 6 3 7 4 3 5 5
M[156] : 4 4 4 6 6 4 2 6 4 5 3 7 2 1 2 3 6 1 6 6 4 6 5 4 3 4 4 0 3 6 6 5
M[157] : 3 5 3 7 2 3 7 5 4 4 3 2 4 4 5 2 4 5 1 3 3 4 0 3 4 4 2 5 4 0 3 5
M[158] : 3 5 6 3 0 6 6 4 4 4 6 5 3 6 4 4 6 5 5 6 5 2 2 6 4 2 5 3 2 5 5 3
M[159] : 2 4 6 6 3 3 7 4 5 4 7 4 4 4 3 7 2 4 5 6 4 3 4 4 4 4 4 5 2 5 0 4
M[160] : 4 4 3 6 3 3 5 5 2 6 5 4 0 5 1 3 3 6 4 4 1 5 2 5 4 2 2 3 3 4 3 2
M[161] : 2 2 5 5 8 0 4 0 3 1 4 6 6 5 4 3 4 4 1 6 5 3 5 1 6 4 5 4 3 2 4 3
M[162] : 4 0 3 4 6 4 2 5 2 6 5 5 5 3 1 1 5 2 5 5 3 5 3 7 5 3 1 4 2 6 4 3
M[163] : 3 5 0 2 4 5 4 4 3 3 3 3 3 3 5 2 5 4 4 7 2 5 4 5 4 4 3 4 4 3 3 6
M[164] : 5 5 4 4 4 4 5 6 3 3 8 3 4 5 2 3 5 3 3 6 3 0 4 4 5 5 5 4 4 5 5 2
M[165] : 4 3 4 3 3 4 6 4 5 6 4 4 2 5 0 6 2 3 3 2 3 5 4 3 2 4 2 4 5 6 7 3
M[166] : 5 7 3 4 5 5 3 3 0 5 2 3 5 3 6 3 2 4 4 5 5 4 6 6 2 3 3 3 5 3 6 3
M[167] : 3 4 4 2 5 2 4 3 4 3 7 3 1 4 0 3 5 5 5 3 3 7 2 3 4 4 4 3 4 4 3 5
M[168] : 3 4 4 2 4 5 3 4 4 6 4 4 4 5 5 5 1 4 4 1 3 2 4 4 0 4 6 3 6 4 5 5
M[169] : 3 6 2 4 5 4 4 6 5 4 0 6 3 2 5 5 3 5 6 2 3 5 4 0 4 5 6 5 4 2 5 4
M[170] : 0 5 2 3 3 4 7 3 1 3 4 6 3 6 4 4 5 2 4 3 5 4 5 6 6 3 2 5 3 3 2 5
M[171] : 2 4 3 5 0 4 4 7 4 5 3 5 6 5 5 4 4 2 4 5 7 5 5 3 4 5 4 2 6 8 5 4
M[172] : 6 3 2 5 6 5 2 3 5 5 6 4 5 5 6 3 6 2 5 7 6 5 3 6 5 5 2 5 0 5 4 2
M[173] : 2 4 0 5 2 4 4 4 3 4 5 3 4 5 4 7 5 3 3 7 3 5 3 5 3 4 3 4 4 5 3 3
M[174] : 4 6 2 3 6 6 2 4 2 4 3 5 3 4 4 2 4 4 6 4 6 4 5 4 4 3 3 4 4 6 0 1
M[175] : 0 4 7 7 5 1 4 4 4 4 4 4 2 4 5 2 4 6 5 3 3 4 1 3 3 4 5 2 5 5 4 5
M[176] : 2 2 4 2 5 2 8 4 7 4 3 3 4 4 6 4 0 5 4 4 3 4 2 3 5 5 4 5 4 4 4 5
M[177] : 0 4 5 4 4 5 5 7 2 2 3 5 6 5 3 5 4 5 3 5 4 5 4 4 2 3 1 3 3 4 6 4
M[178] : 5 3 0 6 3 6 6 5 2 4 5 5 2 3 4 6 5 4 8 5 2 5 1 4 2 5 6 2 3 6 4 6
M[179] : 7 6 2 2 4 3 6 5 6 6 6 0 4 3 3 6 5 2 5 4 5 5 2 4 2 6 4 7 4 4 3 4
M[180] : 3 6 4 5 6 1 2 4 0 3 4 4 5 5 3 3 4 2 4 3 7 4 3 7 3 2 5 4 0 4 4 4
M[181] : 5 3 2 1 6 4 2 4 6 4 5 3 0 4 1 4 5 5 7 5 5 4 3 5 4 3 4 2 3 2 5 3
M[182] : 3 2 3 3 6 2 7 4 5 4 0 4 3 1 4 3 3 4 3 5 4 5 3 3 4 7 2 5 3 3 4 4
M[183] : 4 5 4 5 4 5 4 3 5 4 4 6 5 6 5 3 3 4 3 4 5 3 3 4 3 4 0 6 4 5 4 4
M[184] : 3 3 3 3 4 4 3 4 2 7 5 6 2 5 6 6 6 5 6 7 3 4 3 1 4 3 3 1 4 5 3 0
M[185] : 1 5 5 5 4 4 5 5 4 3 5 7 5 4 5 5 8 3 4 3 2 3 5 3 4 5 3 0 1 3 4 2
M[186] : 5 5 4 6 6 5 4 3 1 6 3 2 3 3 4 2 3 5 4 4 5 5 2 1 4 5 5 3 5 0 5 3
M[187] : 4 4 6 0 4 4 5 4 4 2 3 3 4 5 2 2 6 4 4 4 5 5 3 4 6 4 2 3 5 7 6 4
M[188] : 3 0 4 4 2 5 7 5 6 3 4 5 6 6 4 3 6 5 3 5 7 5 4 5 4 5 4 3 3 7 4 6
M[189] : 6 3 5 6 5 5 4 1 4 3 4 5 2 4 4 5 4 4 5 6 2 5 7 4 3 6 5 3 3 6 3 0
M[190] : 3 3 2 3 3 2 7 4 4 3 7 0 3 6 3 6 4 5 7 5 7 4 4 4 4 3 2 5 6 1 6 6
M[191] : 3 6 6 4 4 3 2 1 4 3 2 4 4 7 5 3 3 4 6 3 6 7 6 6 4 4 4 0 3 5 3 1
M[192] : 5 3 3 6 3 5 6 4 4 4 5 5 2 5 2 2 6 5 5 0 5 7 6 7 3 3 5 0 5 6 4 2
M[193] : 4 3 7 3 3 2 6 3 6 4 5 2 5 6 2 5 5 4 3 0 2 5 4 3 3 7 4 4 2 4 4 6
M[194] : 4 4 4 4 0 3 5 6 3 5 4 4 5 5 4 5 4 4 7 4 3 3 3 3 3 2 4 4 5 3 3 3
M[195] : 4 6 1 4 7 3 7 4 4 5 2 2 3 5 4 4 5 7 6 5 0 6 3 2 6 7 4 5 6 3 3 3
M[196] : 5 5 3 3 4 3 5 5 0 4 4 5 3 5 5 6 5 2 5 3 2 5 3 3 3 4 7 3 3 1 6 6
M[197] : 4 7 4 4 6 4 2 3 4 6 6 2 3 5 6 4 6 4 4 4 3 3 4 5 4 5 6 4 2 0 5 6
M[198] : 3 7 3 5 6 2 5 6 3 3 5 6 4 4 5 4 4 5 5 0 5 4 4 5 5 4 4 5 4 4 4 6
M[199] : 3 4 4 5 3 6 4 4 4 5 0 6 5 8 5 5 6 7 5 4 4 3 5 2 7 4 5 5 6 6 3 1
M[200] : 4 6 5 4 5 3 5 2 3 3 5 4 3 0 3 4 7 2 6 4 2 5 2 4 5 3 4 5 2 6 4 2
M[201] : 3 5 0 5 3 5 1 5 3 3 3 5 5 6 6 2 4 2 5 3 4 2 3 3 3 4 5 5 1 4 4 4
M[202] : 4 5 3 4 5 3 3 6 3 2 4 0 4 5 3 6 4 5 2 4 6 3 5 5 3 7 5 3 4 2 3 4
M[203] : 3 5 4 3 2 5 4 5 4 4 5 8 4 0 5 2 3 5 7 4 4 4 2 4 4 5 3 3 2 3 3 4
M[204] : 5 5 4 1 5 2 6 0 2 4 2 4 3 6 5 7 4 4 5 3 6 4 3 7 4 7 5 4 3 7 2 5
M[205] : 4 5 3 5 2 5 6 3 3 5 3 6 5 4 2 5 3 4 5 6 6 3 2 1 6 6 4 1 3 4 4 0
M[206] : 2 3 1 3 3 3 4 4 4 6 3 4 3 4 3 4 3 5 6 3 3 5 6 4 3 0 5 5 4 7 4 4
M[207] : 6 5 4 4 3 3 6 6 4 5 3 6 6 3 5 4 2 6 6 5 3 7 5 6 2 2 3 2 2 7 5 0
M[208] : 4 5 5 7 6 4 4 2 2 6 5 3 3 3 5 1 4 4 5 3 4 3 3 5 5 5 2 4 4 0 2 4
M[209] : 4 5 4 2 4 3 5 3 5 4 3 5 2 4 4 4 3 2 3 5 4 6 0 6 7 3 4 5 3 4 4 7
M[210] : 5 4 6 5 5 3 5 0 4 5 4 5 6 2 3 5 5 2 5 3 4 4 3 5 4 4 2 5 3 4 2 5
M[211] : 0 3 5 5 4 4 4 5 4 3 3 3 7 5 4 4 3 7 3 3 2 4 4 3 3 6 5 4 3 7 3 6
M[212] : 3 4 5 0 6 5 5 3 4 6 1 5 4 5 5 2 3 4 7 5 3 3 3 6 6 4 4 4 4 6 5 5
M[213] : 3 4 5 7 7 5 4 6 0 5 6 5 3 5 4 4 8 4 4 6 3 5 4 2 2 3 5 5 2 4 3 3
M[214] : 5 3 4 5 4 3 6 5 3 5 1 6 2 2 4 0 1 3 2 6 6 3 4 6 5 2 3 3 2 3 3 4
M[215] : 5 4 4 6 6 2 4 7 4 3 5 4 5 4 4 5 6 2 5 3 4 3 2 4 2 4 3 5 6 0 5 5
M[216] : 1 4 3 2 4 5 5 5 6 4 3 5 6 4 7 4 5 6 3 1 0 4 6 5 4 4 3 5 3 4 6 4
M[217] : 3 6 3 6 5 6 1 6 5 4 4 2 5 0 4 3 2 2 5 3 4 4 2 2 7 3 5 3 4 5 4 2
M[218] : 2 3 6 4 5 5 6 4 4 5 4 4 6 3 5 7 3 2 0 5 3 4 4 6 4 2 3 6 1 4 5 5
M[219] : 5 5 4 5 6 6 7 2 2 4 3 3 4 3 3 4 2 7 3 3 4 4 0 7 4 7 3 6 3 3 3 4
M[220] : 5 5 5 3 3 2 5 6 3 2 6 3 5 5 6 3 5 3 6 5 2 3 3 0 3 4 2 4 4 3 6 1
M[221] : 4 0 4 3 3 4 4 6 3 7 3 5 4 5 3 3 3 7 4 4 6 2 4 4 2 4 5 5 3 4 2 5
M[222] : 3 3 4 7 4 2 3 7 3 4 4 4 6 0 6 2 3 5 6 5 5 5 4 4 6 3 3 3 2 6 3 4
M[223] : 2 6 6 4 6 3 3 4 4 5 3 6 5 4 2 6 5 3 4 3 5 3 4 3 5 4 0 5 5 4 5 3
M[224] : 5 2 4 4 5 4 6 4 6 5 2 5 5 3 0 3 4 4 6 7 4 3 4 3 5 4 3 4 5 7 4 4
M[225] : 3 2 1 2 4 4 2 2 4 4 3 5 5 2 4 4 6 3 3 2 4 6 6 0 5 4 3 3 4 6 3 5
M[226] : 4 4 5 2 2 4 6 6 0 3 4 4 4 2 4 0 3 4 4 3 4 5 3 5 3 4 4 3 4 3 5 4
M[227] : 3 4 6 5 6 6 3 3 4 3 0 3 6 3 4 2 4 3 4 2 5 5 3 5 3 4 4 4 4 4 7 5
M[228] : 7 3 4 4 3 3 0 4 3 4 5 6 3 5 5 5 6 3 5 5 3 4 2 4 7 3 3 6 3 2 4 4
M[229] : 3 4 3 5 0 5 5 6 2 2 5 4 6 6 6 3 6 7 5 4 4 4 4 3 4 6 3 6 4 5 3 5
M[230] : 2 3 3 7 6 5 3 2 6 2 4 6 4 5 2 2 3 5 3 5 4 4 5 4 5 3 0 3 2 4 4 2
M[231] : 4 0 3 3 3 4 6 3 4 3 6 6 3 4 1 4 2 6 4 3 2 5 5 3 4 5 4 4 5 5 3 3
M[232] : 5 6 3 3 6 2 5 6 4 3 5 2 4 1 4 4 7 6 0 2 5 4 3 5 5 4 6 5 3 7 3 5
M[233] : 3 3 5 5 2 4 4 5 3 4 2 4 7 5 3 3 4 3 3 0 6 5 4 2 3 4 2 3 5 4 3 3
M[234] : 3 5 6 2 2 5 2 1 1 3 4 3 4 6 2 4 6 4 4 4 5 5 5 6 0 6 3 3 4 6 6 3
M[235] : 0 6 5 1 4 6 5 6 7 3 7 4 3 2 5 3 5 3 4 4 6 5 3 2 2 4 3 4 4 6 3 2
M[236] : 2 3 6 4 3 3 5 4 5 4 2 2 4 4 0 3 5 7 4 2 4 3 2 5 4 4 2 1 3 2 3 4
M[237] : 4 7 3 5 6 4 0 8 2 5 4 4 2 1 6 7 4 6 5 3 4 5 4 4 3 5 5 5 6 4 3 4
M[238] : 3 4 3 3 3 3 3 3 3 4 4 0 6 3 4 2 4 6 5 6 3 4 5 5 7 1 6 5 1 2 7 5
M[239] : 4 4 2 7 2 5 3 3 5 5 4 5 3 5 5 6 5 6 3 1 5 0 5 3 1 4 3 4 3 3 4 2
M[240] : 4 4 2 4 2 3 3 4 2 2 7 5 0 4 4 3 4 3 3 3 5 5 5 6 4 2 5 2 5 4 2 4
M[241] : 3 5 5 6 3 4 5 3 2 4 4 4 5 4 4 4 6 3 4 2 5 4 2 5 4 4 2 4 0 5 4 3
M[242] : 3 4 4 8 4 3 3 4 1 3 4 6 4 6 4 5 6 4 6 4 5 2 3 0 6 4 4 7 4 5 2 4
M[243] : 4 7 5 2 4 4 4 2 2 5 4 0 5 4 6 5 4 4 2 4 4 5 5 4 1 4 5 2 1 4 1 4
M[244] : 4 3 4 2 3 4 5 6 1 3 4 4 5 1 6 5 4 5 6 3 5 6 3 5 4 6 6 6 0 4 5 5
M[245] : 2 3 4 0 3 5 5 3 2 6 6 4 3 4 4 3 3 3 6 3 3 5 4 4 3 0 5 4 3 4 5 6
M[246] : 4 4 4 3 4 4 2 4 4 4 2 7 3 1 5 5 6 4 4 0 4 3 4 3 5 5 4 4 4 3 4 6
M[247] : 3 5 2 0 5 5 5 3 5 6 6 3 6 2 4 6 1 4 3 3 6 6 6 5 6 5 3 1 6 5 2 3
M[248] : 5 5 3 6 4 0 5 0 6 7 1 3 2 4 3 6 2 5 5 2 5 7 5 4 3 3 4 4 2 1 5 4
M[249] : 5 2 3 6 0 5 2 5 5 2 3 5 4 1 4 5 3 4 6 3 5 4 2 4 5 4 3 3 3 5 3 4

