 Execution de l'algoritme BITS sur le fichier dsjc250.5.txt
=====================================================================
 Partitions  : 
Vk[0] : 203 244 39 222 200 207 56 42 -->  8 éléments.
Vk[1] : 66 186 49 220 164 161 242 27 -->  8 éléments.
Vk[2] : 105 40 118 63 235 170 206 247 -->  8 éléments.
Vk[3] : 137 162 2 154 61 149 44 231 -->  8 éléments.
Vk[4] : 131 75 229 144 1 249 177 158 -->  8 éléments.
Vk[5] : 90 204 212 3 99 65 134 -->  7 éléments.
Vk[6] : 216 246 198 185 168 111 145 26 -->  8 éléments.
Vk[7] : 156 9 237 43 189 181 240 54 -->  8 éléments.
Vk[8] : 117 4 225 48 201 120 221 -->  7 éléments.
Vk[9] : 115 50 88 62 101 205 213 160 -->  8 éléments.
Vk[10] : 38 209 46 36 109 92 95 100 -->  8 éléments.
Vk[11] : 37 239 41 34 10 64 71 -->  7 éléments.
Vk[12] : 215 230 157 197 14 60 73 142 -->  8 éléments.
Vk[13] : 217 17 173 152 86 178 248 -->  7 éléments.
Vk[14] : 130 133 241 243 128 218 150 47 -->  8 éléments.
Vk[15] : 227 182 81 107 55 110 188 214 -->  8 éléments.
Vk[16] : 121 20 174 97 147 58 51 184 -->  8 éléments.
Vk[17] : 79 25 96 232 153 211 52 104 -->  8 éléments.
Vk[18] : 59 187 234 112 126 53 165 183 -->  8 éléments.
Vk[19] : 72 23 94 78 171 122 114 139 -->  8 éléments.
Vk[20] : 199 195 163 70 169 83 29 98 -->  8 éléments.
Vk[21] : 7 30 140 196 68 31 124 175 -->  8 éléments.
Vk[22] : 136 67 224 0 129 210 236 143 -->  8 éléments.
Vk[23] : 102 180 116 245 172 106 5 -->  7 éléments.
Vk[24] : 166 21 8 146 33 194 57 84 -->  8 éléments.
Vk[25] : 45 35 11 191 233 24 6 238 -->  8 éléments.
Vk[26] : 190 155 179 108 69 119 193 167 -->  8 éléments.
Vk[27] : 226 16 87 91 192 19 141 -->  7 éléments.
Vk[28] : 159 76 103 202 93 77 80 89 -->  8 éléments.
Vk[29] : 18 208 151 12 13 113 123 223 -->  8 éléments.
Vk[30] : 74 32 228 15 28 22 125 135 -->  8 éléments.
Vk[31] : 219 82 127 138 176 85 132 148 -->  8 éléments.
Matrice M
M[0] : 5 5 5 6 5 4 5 1 3 4 5 4 5 2 4 2 2 2 5 5 5 7 0 4 2 1 6 3 3 7 4 6
M[1] : 2 5 5 6 0 3 3 5 4 5 5 2 6 5 4 4 4 1 5 4 4 6 6 4 4 4 5 2 5 7 6 5
M[2] : 4 7 3 0 7 4 3 8 3 4 3 1 5 4 6 6 6 5 6 4 7 7 3 3 5 4 5 2 3 1 6 3
M[3] : 5 5 3 4 3 0 1 4 4 7 7 3 2 6 2 3 4 4 3 1 5 4 4 3 4 6 2 5 5 4 6 4
M[4] : 4 2 2 2 6 5 6 3 0 6 6 2 5 3 6 2 2 5 4 5 8 5 5 2 6 5 6 5 4 5 4 4
M[5] : 5 3 5 4 5 1 4 4 1 1 5 1 2 4 2 3 3 3 5 4 5 4 5 0 6 3 7 3 5 4 3 6
M[6] : 6 3 4 5 5 6 5 5 3 2 4 4 3 3 1 6 4 4 5 2 7 2 6 2 6 0 2 4 3 6 5 5
M[7] : 3 3 4 4 6 4 2 4 3 2 5 3 3 3 5 3 2 3 4 6 6 0 5 6 5 6 3 3 6 4 6 3
M[8] : 4 3 2 5 4 4 6 6 4 4 6 4 5 4 1 2 3 3 3 3 5 1 2 3 0 6 1 5 3 2 5 5
M[9] : 4 3 7 4 2 7 1 0 2 3 5 2 7 4 4 5 4 2 3 5 3 2 6 4 3 4 2 6 4 5 5 4
M[10] : 4 5 6 5 2 4 6 5 3 6 3 0 6 1 2 5 4 2 4 3 5 6 3 2 5 5 2 2 4 5 4 5
M[11] : 5 3 4 5 4 3 3 4 3 4 3 4 3 4 5 4 4 6 4 5 4 3 2 5 3 0 2 4 4 3 6 3
M[12] : 5 6 5 6 4 3 5 5 4 4 2 3 4 4 3 5 5 7 3 4 4 6 2 3 4 6 4 6 3 0 4 6
M[13] : 5 4 5 5 4 3 3 5 2 6 6 3 5 5 6 1 4 3 2 4 3 6 2 4 5 2 8 4 6 0 6 3
M[14] : 5 6 4 5 5 3 6 4 5 4 4 2 0 4 4 4 3 2 4 6 5 5 5 1 4 4 3 5 4 4 3 2
M[15] : 6 5 7 4 5 4 7 5 2 3 4 5 4 6 5 7 5 7 6 3 5 3 5 2 4 6 5 4 5 3 0 3
M[16] : 4 3 4 3 2 3 3 2 3 4 2 5 5 4 4 4 5 4 2 2 6 6 4 4 5 6 4 0 4 4 5 4
M[17] : 5 3 2 4 5 5 5 3 2 3 4 4 3 0 3 7 4 4 6 3 2 6 5 4 6 4 2 5 4 4 5 5
M[18] : 4 5 5 3 4 1 6 7 5 4 5 6 4 2 8 3 4 5 6 4 7 2 1 4 4 5 3 2 3 0 2 5
M[19] : 2 5 5 3 7 3 3 6 3 6 4 4 3 5 6 3 5 5 4 6 6 1 3 4 3 5 2 0 4 5 2 4
M[20] : 2 4 4 4 6 1 6 5 5 4 5 4 4 5 5 3 0 4 3 5 4 6 4 0 4 5 3 5 6 6 3 4
M[21] : 2 1 6 3 3 4 5 3 3 2 5 4 3 4 5 4 4 6 5 4 2 3 6 1 0 3 4 3 1 5 5 5
M[22] : 3 3 4 4 6 4 3 3 5 3 4 2 5 6 5 4 4 5 5 3 4 6 6 2 4 5 3 3 3 5 0 7
M[23] : 3 4 7 6 4 2 5 3 4 4 6 4 4 4 3 2 4 3 7 0 5 4 5 4 3 3 5 4 5 1 3 2
M[24] : 4 4 3 4 4 3 5 4 5 5 4 4 4 4 4 3 4 3 5 5 4 4 4 1 2 0 5 4 2 5 6 3
M[25] : 4 5 2 5 6 2 7 2 4 4 5 2 3 2 4 4 2 0 4 4 4 1 2 3 5 7 4 4 6 6 5 4
M[26] : 4 4 4 5 3 0 0 2 6 4 5 3 3 3 4 4 4 3 6 1 2 3 2 3 2 2 6 5 6 3 3 4
M[27] : 3 0 3 4 6 6 4 5 3 2 3 4 4 6 5 6 3 6 5 5 3 1 4 3 2 5 4 5 4 7 4 4
M[28] : 4 4 5 3 1 5 4 3 1 4 6 4 4 4 7 5 3 5 6 3 4 3 4 4 6 5 4 4 4 3 0 5
M[29] : 4 3 5 4 3 4 1 6 4 5 5 6 2 3 2 4 5 3 2 4 0 4 5 5 4 4 3 3 6 6 1 0
M[30] : 6 3 5 4 3 1 4 2 4 6 5 6 4 4 5 4 3 3 4 5 3 0 7 5 3 4 2 2 5 7 5 2
M[31] : 5 4 6 7 5 2 2 3 4 2 5 2 3 4 2 5 7 4 3 2 4 0 3 5 4 4 5 2 4 6 2 4
M[32] : 2 7 2 3 5 2 1 4 5 3 7 3 4 3 3 5 5 3 3 4 4 5 4 3 5 7 5 4 4 6 0 4
M[33] : 4 6 4 3 6 5 5 3 3 6 4 3 3 4 3 2 4 2 4 5 4 4 2 4 0 6 3 4 5 4 3 5
M[34] : 3 4 3 2 6 4 3 6 3 4 5 0 2 3 4 5 2 4 6 5 7 4 5 2 3 4 4 4 4 3 4 4
M[35] : 8 2 6 2 5 1 5 4 3 5 5 5 4 4 2 5 4 5 4 4 4 4 4 4 6 0 4 4 4 2 1 4
M[36] : 4 6 2 2 5 5 4 5 6 4 0 4 5 2 3 4 7 6 6 5 4 3 3 4 7 3 3 3 2 6 3 5
M[37] : 3 6 4 2 4 5 1 4 3 5 5 0 4 3 3 5 3 4 3 4 7 3 3 1 2 5 4 6 3 4 5 4
M[38] : 5 3 5 4 3 2 6 4 4 4 0 2 3 4 4 4 3 5 4 4 4 7 1 5 7 4 5 2 4 5 4 4
M[39] : 0 3 5 3 4 2 5 4 4 7 5 3 3 3 5 4 6 5 2 5 8 5 4 4 5 7 4 3 5 3 4 3
M[40] : 6 6 0 2 5 6 3 5 2 5 5 2 5 3 3 3 6 2 4 7 5 5 3 5 5 4 2 1 5 5 4 4
M[41] : 5 3 4 3 4 3 4 3 3 4 4 0 2 3 4 6 4 3 4 5 6 4 5 1 5 7 4 4 3 5 5 6
M[42] : 0 4 3 5 4 1 4 4 4 4 4 5 3 6 3 3 5 4 6 6 4 6 7 3 4 5 3 2 5 2 3 2
M[43] : 8 4 5 8 7 4 4 0 4 4 5 6 3 5 4 1 4 6 4 3 4 2 3 3 6 6 4 2 6 4 5 3
M[44] : 5 5 8 0 7 1 4 4 2 5 2 4 3 3 6 5 4 2 3 4 6 5 4 3 3 5 5 1 5 4 2 1
M[45] : 3 4 5 5 6 4 5 2 7 2 4 5 3 2 4 6 4 3 5 5 3 5 6 4 4 0 4 5 4 3 5 4
M[46] : 4 4 3 4 5 3 4 3 3 3 0 4 5 2 1 3 6 6 3 5 7 6 4 4 4 5 3 5 5 1 6 7
M[47] : 5 5 2 4 3 2 4 2 4 2 5 4 6 5 0 6 6 3 5 6 3 3 6 4 5 4 1 6 5 4 4 6
M[48] : 4 4 3 4 6 6 7 3 0 3 3 6 6 2 4 5 4 4 3 4 5 3 5 5 5 3 5 5 4 3 3 5
M[49] : 3 0 4 1 4 4 6 4 3 5 6 4 4 1 2 6 2 5 4 2 4 5 3 5 3 5 5 4 7 4 4 5
M[50] : 5 4 6 4 3 5 5 4 3 0 5 2 3 2 4 3 4 6 6 4 5 4 5 3 4 4 3 3 5 5 5 6
M[51] : 6 3 7 4 5 5 2 5 4 5 3 5 4 5 4 5 0 5 4 5 5 3 2 3 2 2 2 3 5 2 2 2
M[52] : 3 4 2 7 5 2 3 4 6 5 6 4 6 4 5 2 7 0 3 7 4 3 3 1 5 3 5 3 8 8 5 3
M[53] : 2 3 6 6 3 4 5 3 4 4 5 5 3 3 3 4 4 4 0 4 2 3 3 5 6 4 3 4 3 3 4 1
M[54] : 3 4 3 3 2 1 4 0 3 2 5 2 4 3 4 6 3 5 3 5 4 2 6 5 5 4 4 3 3 4 3 7
M[55] : 6 5 3 5 4 6 5 3 4 3 4 5 6 5 4 0 3 4 4 4 3 3 4 3 4 3 4 2 6 3 4 4
M[56] : 0 7 6 1 4 5 3 4 3 6 4 4 4 2 5 5 4 4 4 4 4 4 3 3 5 4 6 2 3 4 5 5
M[57] : 5 3 3 7 4 3 5 3 4 4 5 2 4 3 2 5 5 4 4 2 4 3 5 1 0 3 7 5 3 6 3 7
M[58] : 4 2 3 6 4 3 2 4 3 3 7 3 6 2 6 3 0 5 4 4 4 4 2 5 5 4 3 6 4 5 4 2
M[59] : 3 4 5 4 6 3 2 4 3 3 3 2 6 5 5 4 2 4 0 3 3 5 6 4 2 4 2 5 3 4 4 2
M[60] : 2 4 2 3 3 3 3 4 5 3 4 3 0 4 3 4 7 1 5 3 5 5 3 4 4 3 7 5 3 5 2 3
M[61] : 7 3 3 0 4 5 5 3 5 6 3 4 3 5 3 6 7 5 7 3 5 2 5 4 8 4 4 4 5 6 4 4
M[62] : 5 5 1 4 4 3 6 4 3 0 2 2 3 6 2 3 4 6 5 4 4 3 3 2 4 3 5 5 6 5 5 5
M[63] : 2 3 0 5 2 6 3 3 4 4 6 5 4 2 2 4 3 2 5 5 2 4 3 3 3 3 4 4 2 4 5 3
M[64] : 1 5 2 5 4 1 4 4 5 4 5 0 3 5 4 4 3 3 3 5 5 4 5 1 4 4 1 3 3 5 2 6
M[65] : 6 5 5 5 5 0 2 5 3 4 5 2 4 5 5 5 3 3 2 2 4 4 2 3 3 3 4 4 1 2 3 6
M[66] : 5 0 5 5 5 3 6 3 4 2 4 4 5 2 3 5 5 6 5 5 5 5 2 4 4 1 3 4 3 3 4 6
M[67] : 4 3 3 1 3 2 4 5 3 5 3 4 6 3 6 5 3 4 4 8 5 4 0 6 3 8 2 4 5 4 3 3
M[68] : 3 4 4 4 4 5 6 3 3 5 6 5 5 3 4 3 6 2 6 4 5 0 5 3 2 4 3 3 6 5 4 3
M[69] : 5 5 3 5 4 6 2 6 4 4 4 3 2 3 5 5 3 6 3 6 6 6 4 4 3 2 0 1 5 4 2 4
M[70] : 3 5 5 3 6 4 4 3 6 4 2 5 5 3 3 5 6 4 6 5 0 6 5 3 3 6 3 3 3 2 5 3
M[71] : 6 3 6 3 3 4 2 4 3 5 5 0 4 5 3 4 6 3 4 2 4 2 3 5 3 4 6 5 4 5 5 4
M[72] : 5 5 7 3 2 1 4 2 6 3 4 7 5 3 5 4 3 4 3 0 2 5 5 3 3 4 3 2 5 4 4 5
M[73] : 5 3 7 3 2 4 4 5 4 2 5 2 0 3 7 3 7 3 6 3 5 6 6 1 2 5 4 3 3 5 5 5
M[74] : 4 6 6 5 5 5 2 4 3 6 4 3 5 4 2 7 4 4 4 3 6 2 4 2 5 3 6 5 3 2 0 6
M[75] : 4 5 6 8 0 4 5 4 4 6 3 6 4 2 6 7 6 6 4 2 3 5 4 3 3 6 4 4 3 7 5 4
M[76] : 5 6 3 6 6 5 4 3 4 4 2 2 6 2 1 4 5 6 5 4 6 3 5 3 2 2 5 3 0 6 4 5
M[77] : 4 5 5 5 3 2 4 6 6 6 5 2 4 4 7 5 5 6 2 5 4 4 3 3 3 6 5 6 0 6 5 4
M[78] : 6 1 5 4 5 5 4 4 2 3 6 3 4 2 1 5 5 4 4 0 5 3 7 4 5 5 6 5 5 6 3 4
M[79] : 6 6 3 3 5 4 3 3 4 6 2 3 5 5 6 5 3 0 4 2 6 3 5 2 3 4 4 3 5 6 5 4
M[80] : 3 2 4 5 5 3 4 5 4 4 5 2 3 2 4 3 6 7 1 6 3 3 5 3 1 4 4 4 0 4 4 4
M[81] : 7 4 5 5 5 3 4 6 3 5 4 3 4 4 5 0 8 4 6 4 4 3 3 3 4 6 3 3 5 3 3 2
M[82] : 2 3 4 3 4 3 6 5 4 5 6 4 4 5 2 2 6 3 5 5 4 4 5 2 4 5 3 3 2 3 5 0
M[83] : 5 8 4 6 5 2 4 3 5 3 3 4 8 4 6 4 3 4 3 5 0 3 6 5 1 5 4 5 4 3 3 5
M[84] : 5 1 5 4 3 2 2 4 4 1 3 4 6 4 3 2 3 5 4 5 2 5 5 5 0 3 2 3 5 4 7 7
M[85] : 4 3 5 5 4 3 6 4 4 6 4 6 3 7 8 4 5 6 2 5 3 6 5 4 6 4 7 1 4 3 7 0
M[86] : 5 4 5 4 3 5 4 5 2 2 2 2 4 0 6 3 5 5 3 2 3 3 2 3 5 4 3 4 3 3 4 4
M[87] : 4 4 2 4 2 6 1 6 3 4 3 4 1 5 5 4 5 5 6 5 5 5 5 5 6 6 3 0 4 3 7 4
M[88] : 4 6 5 4 6 5 5 4 4 0 3 3 5 6 5 4 2 6 5 5 6 3 5 3 2 3 3 3 7 2 1 4
M[89] : 3 4 3 2 4 5 5 3 3 5 2 5 5 2 3 3 3 3 5 3 6 2 4 5 4 4 1 3 0 5 2 3
M[90] : 5 5 4 3 5 0 2 4 6 2 4 3 5 3 4 4 2 3 3 4 4 2 4 2 3 2 5 3 6 4 5 1
M[91] : 3 5 2 5 6 3 4 4 6 5 2 2 4 2 5 3 5 6 5 3 5 4 5 3 3 2 3 0 5 7 2 3
M[92] : 6 3 4 2 2 3 6 6 3 5 0 6 7 2 1 2 5 4 4 6 3 6 2 5 4 3 2 3 4 6 5 6
M[93] : 5 1 2 7 6 5 7 7 3 5 7 1 2 2 4 6 3 7 2 5 5 5 5 4 3 4 5 4 0 4 2 5
M[94] : 4 6 4 6 4 5 1 4 4 6 5 3 4 2 6 5 4 4 5 0 1 5 6 2 3 3 5 2 3 5 3 3
M[95] : 5 4 5 4 4 5 2 5 5 2 0 2 4 2 5 2 5 3 5 6 4 5 5 5 5 4 6 1 5 4 4 5
M[96] : 5 6 4 5 3 1 3 3 3 6 4 2 3 5 4 5 7 0 1 3 4 6 3 5 6 4 5 3 5 4 5 3
M[97] : 6 2 3 4 3 2 4 4 3 3 7 3 2 3 4 5 0 3 3 7 3 7 4 3 4 5 3 4 4 6 5 5
M[98] : 5 3 0 6 4 4 4 5 3 5 3 5 4 5 4 3 4 5 3 1 0 5 4 3 4 6 4 7 3 3 7 4
M[99] : 3 4 4 5 7 0 3 5 4 4 5 4 7 6 6 7 2 2 2 7 4 3 3 2 4 6 5 2 5 5 3 2
M[100] : 6 6 3 3 5 4 5 6 2 3 0 3 4 2 3 4 5 5 3 3 5 6 4 6 5 5 5 3 4 3 4 1
M[101] : 5 4 5 5 2 3 6 3 1 0 4 6 2 3 7 2 5 2 3 6 4 3 2 4 4 6 7 4 4 7 4 5
M[102] : 4 5 6 2 4 2 5 5 6 4 4 2 3 5 2 3 5 2 7 4 3 5 3 0 5 4 3 3 5 3 3 3
M[103] : 5 4 6 4 4 4 5 6 3 4 2 5 5 5 5 3 5 5 4 5 6 5 4 6 4 6 5 4 0 4 6 4
M[104] : 3 4 4 1 5 5 5 6 4 5 5 4 1 3 2 3 5 0 4 6 5 2 2 5 3 5 3 4 6 3 4 3
M[105] : 4 7 0 4 5 2 3 5 2 2 2 5 3 4 2 6 4 2 2 4 3 6 2 3 4 3 4 3 2 3 6 2
M[106] : 4 3 5 5 6 3 3 3 4 4 6 1 3 5 5 4 4 5 3 3 4 5 4 0 5 5 6 5 4 3 1 7
M[107] : 3 2 6 4 5 4 4 6 2 2 4 5 2 3 6 0 5 3 4 4 5 6 1 3 2 1 4 3 2 5 7 4
M[108] : 5 3 5 7 3 4 5 4 3 3 4 2 5 4 4 2 3 6 5 6 4 2 4 2 1 1 0 3 4 5 5 7
M[109] : 3 3 2 1 4 6 7 4 4 5 0 5 2 2 6 5 4 4 6 4 4 6 2 2 4 2 2 1 4 5 5 3
M[110] : 3 6 5 5 4 4 3 4 3 4 2 4 6 5 6 0 5 6 5 5 4 6 5 3 3 6 5 3 1 6 6 8
M[111] : 6 3 3 4 6 0 0 2 3 6 4 1 5 3 3 5 4 6 2 5 7 6 4 4 2 3 6 1 6 4 4 7
M[112] : 5 5 4 4 6 2 6 1 3 5 3 2 3 2 5 6 4 2 0 6 3 3 6 3 6 5 4 3 4 5 5 6
M[113] : 4 6 5 4 3 2 3 2 2 7 7 6 5 3 2 6 5 5 6 4 2 5 5 4 5 5 4 3 6 0 2 1
M[114] : 4 1 4 4 2 2 6 5 3 7 6 3 4 6 5 2 6 3 2 0 6 3 7 6 2 3 4 4 3 7 4 5
M[115] : 3 4 3 4 4 4 4 3 4 0 3 5 3 4 2 1 6 6 6 6 4 4 2 3 3 1 3 2 4 7 5 5
M[116] : 2 2 4 4 5 2 3 6 3 5 7 2 3 4 4 3 6 3 4 5 2 7 7 0 3 3 3 4 7 4 3 3
M[117] : 6 2 4 3 6 5 4 4 0 5 5 5 4 4 3 6 5 5 7 5 6 4 6 5 5 4 5 4 4 5 5 6
M[118] : 4 6 0 5 5 3 3 4 3 4 1 3 4 4 3 3 6 5 5 4 3 1 4 4 2 5 4 5 6 3 4 5
M[119] : 5 5 3 3 1 2 4 4 4 3 4 4 5 4 6 2 3 2 2 2 3 4 6 5 5 1 0 6 4 4 3 5
M[120] : 5 5 4 4 4 2 5 2 0 4 3 3 4 4 3 4 2 5 4 4 4 2 5 5 5 5 3 3 2 3 5 4
M[121] : 4 5 5 3 6 2 4 3 4 7 5 4 4 4 5 5 0 5 3 5 2 3 5 5 6 5 4 4 5 6 4 6
M[122] : 4 4 3 3 2 2 3 6 4 5 4 3 4 2 8 4 7 3 3 0 7 3 5 4 4 6 5 1 5 4 4 6
M[123] : 6 5 2 2 6 6 2 4 3 6 3 2 3 2 4 4 3 3 4 6 3 4 3 4 5 3 6 4 5 0 5 2
M[124] : 4 4 4 5 6 4 6 2 5 1 7 4 3 6 5 5 5 3 6 4 5 0 6 4 4 6 5 3 2 2 2 8
M[125] : 4 5 2 2 5 4 3 3 6 4 1 5 1 6 3 6 2 6 4 7 6 5 4 5 3 3 1 3 4 5 0 5
M[126] : 2 2 6 5 4 5 4 3 5 4 4 3 4 3 4 5 5 3 0 5 5 4 6 3 5 4 6 4 2 5 6 7
M[127] : 2 5 5 3 4 3 4 4 3 4 5 5 2 2 6 6 3 3 3 4 6 6 4 3 6 4 6 3 6 4 5 0
M[128] : 4 2 3 6 3 3 5 5 6 3 5 3 2 3 0 5 4 5 2 1 5 5 4 1 4 4 4 4 7 5 4 5
M[129] : 3 4 3 4 2 2 4 6 3 5 2 3 4 2 3 1 5 7 5 8 3 5 0 5 5 6 4 5 4 4 3 6
M[130] : 4 3 4 4 4 2 7 5 5 3 2 2 6 3 0 4 3 6 5 4 4 5 3 4 1 4 6 5 3 4 4 4
M[131] : 6 3 3 5 0 3 5 3 2 4 1 4 1 2 3 5 6 8 4 3 6 4 7 5 5 5 2 4 3 3 4 5
M[132] : 5 6 3 3 4 5 6 3 3 7 4 5 6 1 3 4 4 4 4 2 5 4 5 5 5 3 5 2 5 7 5 0
M[133] : 3 5 2 2 1 3 4 4 2 3 3 4 4 3 0 1 4 4 3 4 4 2 5 1 3 1 5 2 4 5 6 4
M[134] : 2 6 5 5 6 0 3 6 4 4 5 3 4 2 5 4 3 4 6 5 4 6 1 0 5 1 6 6 5 3 4 5
M[135] : 7 3 4 5 6 4 7 4 4 2 4 4 3 0 7 6 3 2 3 3 2 7 2 3 4 4 3 1 4 3 0 4
M[136] : 4 1 3 2 7 4 5 5 3 4 5 3 3 3 4 5 4 4 5 6 4 6 0 4 2 4 5 3 5 2 5 6
M[137] : 4 5 2 0 4 7 5 4 5 5 4 3 4 6 5 4 4 5 3 4 5 7 4 4 6 5 4 6 5 1 4 5
M[138] : 3 5 2 5 2 3 6 7 4 2 5 5 5 2 5 5 4 3 5 5 4 5 4 4 5 3 6 6 3 5 3 0
M[139] : 3 4 1 2 4 4 4 5 3 6 3 3 3 2 3 5 3 1 8 0 2 4 4 4 4 3 3 4 4 5 3 4
M[140] : 2 4 5 6 5 4 6 3 1 4 4 3 6 2 4 4 3 4 3 2 4 0 4 5 3 1 2 5 2 4 6 6
M[141] : 5 5 5 3 6 4 2 4 5 2 2 5 4 3 4 6 6 0 4 2 3 2 5 3 6 4 5 0 5 3 2 5
M[142] : 5 3 2 1 5 5 3 3 5 5 3 2 0 2 6 5 4 5 6 6 4 4 2 2 4 5 3 0 4 5 5 5
M[143] : 7 5 3 4 6 2 4 5 5 3 3 3 4 3 7 4 5 3 5 1 5 6 0 2 4 4 5 3 3 4 5 3
M[144] : 2 6 3 4 0 5 5 2 3 4 5 2 6 5 5 5 4 5 3 5 5 6 3 2 4 5 2 3 7 4 5 3
M[145] : 6 5 2 0 5 3 0 7 3 8 4 3 4 6 4 2 1 3 3 3 2 2 4 3 4 6 4 0 4 2 5 5
M[146] : 4 3 2 4 4 4 2 3 4 3 6 1 2 2 4 3 4 6 6 3 5 5 3 5 0 3 4 2 4 3 3 4
M[147] : 5 3 4 4 7 5 6 4 1 4 4 2 4 2 6 4 0 6 5 4 5 3 3 4 4 5 2 4 4 6 5 4
M[148] : 5 2 2 4 6 3 4 3 4 5 3 4 4 3 3 5 1 2 7 6 2 3 6 3 4 3 4 4 4 3 4 0
M[149] : 4 3 5 0 3 3 3 5 1 3 3 1 2 4 4 5 5 5 4 6 5 4 2 4 2 3 6 4 4 4 4 6
M[150] : 3 2 4 6 5 4 4 5 2 5 6 3 4 5 0 8 3 2 5 4 4 5 4 4 2 4 8 1 3 4 3 4
M[151] : 5 5 3 4 6 3 5 6 3 6 3 3 5 3 2 4 6 6 3 3 4 5 8 5 2 4 5 2 5 0 7 5
M[152] : 4 3 3 5 5 5 3 3 3 6 1 1 5 0 4 2 5 3 3 5 7 3 3 5 4 2 6 3 2 5 4 6
M[153] : 6 6 5 5 2 5 2 5 4 4 6 4 2 5 4 6 6 0 4 1 4 3 5 3 5 2 3 3 4 4 4 5
M[154] : 3 5 3 0 3 2 3 3 5 4 3 4 3 2 3 4 6 5 5 3 4 5 6 3 3 4 5 3 4 4 6 3
M[155] : 6 5 7 5 1 3 4 2 3 6 4 4 4 2 3 3 5 4 4 5 2 7 4 4 3 3 0 2 3 7 5 4
M[156] : 1 6 5 3 4 5 4 0 2 5 5 5 6 0 5 4 6 4 4 6 7 2 4 3 4 4 6 1 6 5 5 5
M[157] : 5 3 4 2 3 5 3 4 2 3 2 4 0 4 3 5 4 4 5 3 4 2 5 5 6 2 4 4 3 3 5 2
M[158] : 5 5 3 4 0 3 6 4 7 3 4 3 4 6 3 4 6 3 3 2 6 8 4 2 4 5 4 2 6 4 6 6
M[159] : 5 4 4 5 4 5 6 5 2 4 5 3 4 4 2 5 4 7 6 4 3 4 5 3 4 4 7 4 0 4 5 2
M[160] : 3 4 4 4 6 4 5 2 5 0 2 6 4 3 4 3 5 3 3 4 3 1 4 6 2 4 1 3 5 5 2 2
M[161] : 4 0 3 3 8 2 5 5 1 5 4 4 5 3 3 4 3 5 2 4 6 1 4 2 3 4 5 2 5 4 5 4
M[162] : 3 5 4 0 7 5 4 5 4 3 4 2 3 4 4 3 2 4 5 3 5 3 3 4 4 2 3 4 6 5 1 5
M[163] : 2 6 3 4 3 2 4 4 4 5 4 6 3 3 5 3 4 4 5 3 0 6 4 2 2 4 4 2 6 4 3 5
M[164] : 5 0 5 7 4 4 4 4 3 3 4 3 6 4 6 4 2 5 7 5 3 4 4 4 2 5 4 4 3 4 6 3
M[165] : 5 4 3 4 4 3 6 3 5 5 3 2 5 5 2 4 4 2 0 7 5 3 2 4 2 5 4 3 5 3 5 4
M[166] : 5 3 5 4 6 2 4 4 4 4 3 3 5 4 3 2 2 6 4 4 4 4 5 5 0 3 5 4 4 4 6 5
M[167] : 5 1 2 1 6 5 5 3 5 3 5 4 5 3 5 4 3 4 2 5 2 2 3 4 5 5 0 2 5 6 2 4
M[168] : 2 4 5 4 3 2 0 4 4 5 4 3 3 6 6 4 3 5 3 3 2 5 4 4 3 6 2 5 3 7 4 4
M[169] : 4 1 3 6 5 5 5 3 3 6 4 5 3 3 4 5 2 3 3 4 0 3 5 4 5 5 4 7 5 2 5 5
M[170] : 6 3 0 4 2 2 4 6 4 4 6 5 2 1 3 7 5 3 7 2 4 5 4 4 1 3 5 6 2 4 5 2
M[171] : 4 6 2 4 2 5 4 5 3 5 5 2 8 3 4 2 6 6 3 0 4 4 5 5 4 6 8 4 5 4 5 6
M[172] : 2 5 6 5 6 3 5 3 5 4 4 4 5 3 3 4 4 7 5 6 7 7 5 0 5 4 6 4 1 4 3 4
M[173] : 5 6 1 5 2 3 4 4 3 4 3 2 3 0 5 7 2 6 7 3 4 3 4 5 4 6 3 4 2 5 5 3
M[174] : 4 4 1 5 5 2 3 2 3 5 6 2 6 5 4 5 0 6 5 3 4 5 2 4 5 5 4 4 4 3 2 4
M[175] : 6 2 2 3 6 5 3 4 1 5 6 2 5 5 3 2 5 4 2 5 5 0 6 3 4 5 7 2 1 5 4 5
M[176] : 3 3 5 3 4 3 3 5 5 5 4 2 4 7 3 4 5 5 3 4 2 4 4 4 6 5 4 3 2 4 7 0
M[177] : 5 3 2 5 0 6 4 4 5 4 3 2 3 4 4 3 6 3 6 5 3 1 3 6 7 5 5 5 5 3 3 2
M[178] : 4 3 4 3 4 5 4 3 4 6 5 4 4 0 4 5 5 6 4 4 4 5 6 5 2 3 4 4 4 5 6 4
M[179] : 6 4 5 5 6 4 5 7 6 5 2 4 5 4 3 7 3 4 3 4 5 3 5 3 3 4 0 4 4 4 4 4
M[180] : 6 2 4 3 3 4 5 6 4 4 4 3 2 1 1 4 2 3 5 4 6 3 4 0 4 5 4 4 4 6 4 4
M[181] : 4 3 4 4 6 2 4 0 5 5 5 6 2 3 4 4 1 4 2 3 2 5 3 3 5 4 2 4 7 5 4 4
M[182] : 2 4 5 4 5 3 2 5 2 3 2 7 3 4 3 0 3 5 3 2 4 4 4 3 4 4 5 4 3 3 7 4
M[183] : 7 4 5 3 2 4 3 5 2 2 5 2 5 4 2 5 4 6 0 4 5 4 5 4 6 7 6 5 4 2 4 5
M[184] : 4 3 6 5 5 3 2 2 4 1 5 2 5 4 2 6 0 6 5 5 2 7 6 4 1 5 5 3 4 3 4 5
M[185] : 3 5 4 4 4 3 0 3 4 4 4 2 3 3 4 7 3 4 6 5 4 4 5 2 4 5 6 1 5 3 5 6
M[186] : 4 0 6 6 6 6 2 2 2 6 6 3 3 2 3 3 7 7 4 4 5 2 2 3 3 4 3 6 0 4 5 2
M[187] : 3 7 4 4 1 1 2 4 5 4 4 6 5 5 8 3 3 4 0 3 4 6 3 5 4 6 4 2 3 5 5 5
M[188] : 3 8 8 6 4 5 7 6 4 3 2 2 6 3 4 0 4 5 6 5 5 4 4 4 3 5 2 4 5 4 7 5
M[189] : 5 1 5 6 4 2 4 0 4 2 6 3 6 4 5 6 5 4 3 3 2 6 5 6 4 4 7 4 3 5 3 5
M[190] : 6 4 2 5 2 3 8 4 5 4 5 1 2 2 6 5 4 1 6 5 5 4 3 5 5 5 0 5 5 4 6 5
M[191] : 6 5 2 4 5 3 4 2 4 5 5 4 6 4 2 3 4 6 5 2 5 4 3 3 4 0 5 4 6 3 5 3
M[192] : 4 6 5 5 2 5 2 2 5 5 7 4 4 4 2 3 4 2 3 6 6 4 5 4 6 5 4 0 4 6 5 4
M[193] : 5 5 3 6 4 5 3 3 4 5 4 4 3 3 5 5 2 4 6 6 2 5 3 4 5 5 0 2 3 2 5 5
M[194] : 3 5 3 5 2 4 5 7 2 3 6 3 5 4 4 7 6 5 4 2 2 4 4 6 0 2 4 6 1 3 3 3
M[195] : 4 3 5 5 7 6 4 3 2 4 7 5 4 2 6 5 3 8 3 7 0 3 4 3 6 4 0 5 5 4 7 2
M[196] : 6 2 4 5 3 3 2 5 2 2 6 3 4 3 3 7 7 3 4 3 4 0 5 4 4 4 6 4 3 3 5 7
M[197] : 5 6 3 7 6 4 4 4 4 5 6 2 0 5 3 5 4 6 4 4 2 5 4 2 7 3 2 4 7 4 3 5
M[198] : 3 5 2 5 6 4 0 4 5 5 7 3 5 4 6 5 2 3 6 3 6 2 5 5 6 5 4 3 7 3 5 5
M[199] : 8 6 5 7 3 1 4 4 5 5 5 4 5 6 5 3 2 3 7 3 0 6 4 4 3 4 7 5 6 5 4 5
M[200] : 0 4 3 7 3 4 4 1 4 4 5 1 5 5 4 7 5 3 3 5 2 4 3 3 2 3 7 4 2 4 5 6
M[201] : 5 4 3 4 4 5 3 4 0 3 3 2 4 2 4 4 4 2 5 4 2 3 4 3 2 4 6 4 6 4 4 5
M[202] : 6 4 4 4 6 4 7 4 5 7 5 5 3 3 3 2 5 3 2 3 5 3 4 4 5 3 1 3 0 6 4 2
M[203] : 0 6 3 5 4 6 4 3 5 3 3 3 3 5 4 3 5 3 2 3 3 4 3 2 4 8 6 2 6 7 2 3
M[204] : 6 6 4 5 4 0 3 4 4 4 3 3 6 5 1 7 4 7 3 3 4 6 5 3 5 5 3 4 5 3 5 4
M[205] : 5 2 4 2 2 3 7 3 2 0 5 5 6 3 4 6 4 7 1 7 6 4 4 2 5 2 5 3 4 4 4 3
M[206] : 6 4 0 4 4 4 2 6 1 4 5 4 4 2 5 5 3 5 3 3 2 5 3 4 3 4 5 1 3 5 5 7
M[207] : 0 4 5 3 6 4 5 5 5 2 7 2 7 4 5 2 2 8 3 3 5 6 6 3 3 3 6 4 3 6 6 3
M[208] : 4 3 5 4 6 3 3 5 7 4 5 4 2 3 4 3 3 5 4 5 4 3 5 3 2 1 4 5 7 0 3 3
M[209] : 3 5 6 5 2 3 5 3 2 4 0 6 4 3 5 1 7 3 2 6 2 5 6 2 2 6 6 5 5 6 3 4
M[210] : 3 5 5 5 5 2 3 6 4 3 1 4 5 5 3 3 4 3 3 6 6 5 0 5 7 2 5 4 6 4 2 3
M[211] : 7 6 3 4 4 5 3 7 3 6 5 3 4 4 5 5 5 0 5 2 2 4 5 1 5 4 4 1 5 4 4 4
M[212] : 3 5 5 3 5 0 3 4 6 7 2 5 4 4 4 3 5 6 4 4 3 3 5 4 4 3 7 4 6 4 5 5
M[213] : 4 2 5 6 6 5 5 6 3 0 6 4 6 5 0 5 2 3 3 3 5 5 4 4 3 6 6 4 4 5 5 6
M[214] : 5 4 4 4 5 5 5 3 4 3 2 6 3 3 5 0 3 5 4 2 4 3 2 2 2 3 6 3 6 1 5 2
M[215] : 5 4 7 5 4 5 4 7 4 5 3 4 0 3 5 6 3 5 3 4 5 2 6 6 4 5 3 1 3 3 2 5
M[216] : 5 5 3 4 4 2 0 4 3 4 6 1 5 3 5 4 5 5 4 6 3 4 5 4 6 2 5 2 6 6 5 5
M[217] : 2 4 1 6 4 4 4 3 3 5 3 5 4 0 4 2 4 2 5 3 5 5 3 3 5 6 4 6 5 1 4 5
M[218] : 4 4 2 6 7 5 4 5 4 4 2 3 5 4 0 3 6 4 4 7 5 2 6 1 5 3 6 5 3 3 5 3
M[219] : 4 6 5 4 5 4 4 5 7 2 4 4 3 5 6 4 4 3 6 4 3 6 3 3 5 2 3 6 3 2 4 0
M[220] : 4 0 6 5 2 5 3 5 3 3 3 3 2 3 3 6 0 5 3 4 6 3 7 4 5 1 3 4 3 5 8 4
M[221] : 5 3 6 4 3 2 4 4 0 2 4 2 5 4 5 4 6 3 4 4 4 2 4 5 2 7 5 4 6 3 4 5
M[222] : 0 2 4 5 3 5 3 5 3 4 4 5 7 3 3 3 3 6 6 2 4 3 5 4 6 6 6 2 6 5 4 2
M[223] : 3 2 4 4 6 4 5 6 3 3 5 4 4 4 4 3 7 6 3 6 2 5 4 4 4 4 2 6 4 0 3 6
M[224] : 3 4 5 4 6 4 4 5 4 2 3 4 6 6 4 3 2 5 4 5 5 6 0 4 4 4 3 5 5 4 6 5
M[225] : 3 3 0 5 4 6 3 5 0 2 5 3 6 0 5 3 4 7 5 3 3 4 0 2 3 4 4 4 4 6 3 5
M[226] : 0 6 3 5 2 4 4 6 4 1 3 4 3 6 5 2 3 3 4 2 6 2 4 4 3 3 4 0 5 4 6 4
M[227] : 4 5 4 4 6 3 5 5 6 4 5 2 5 3 3 0 5 4 2 3 3 4 4 4 5 5 4 3 3 4 5 5
M[228] : 4 6 5 4 3 3 7 4 2 6 4 4 2 5 4 4 3 5 4 3 4 3 4 2 4 3 5 5 5 5 0 6
M[229] : 6 6 4 4 0 6 5 5 3 4 6 4 6 3 2 5 5 5 4 2 4 4 6 5 4 4 3 3 5 6 5 4
M[230] : 5 5 2 3 6 3 4 6 5 5 7 4 0 2 4 3 3 2 3 7 4 4 3 2 2 2 5 2 5 3 3 4
M[231] : 4 2 3 0 5 3 3 5 1 3 3 4 6 3 7 4 1 3 4 5 4 5 1 4 4 5 5 4 6 7 3 3
M[232] : 4 5 5 4 6 5 6 6 3 3 3 3 4 4 1 6 5 0 3 3 5 4 6 4 5 5 3 4 5 5 5 3
M[233] : 4 5 2 5 3 3 0 5 2 4 3 6 2 3 5 3 5 2 5 7 6 7 3 6 1 0 2 3 5 3 4 2
M[234] : 3 5 4 7 6 1 5 5 5 5 6 4 5 4 3 3 6 3 0 3 5 4 3 4 3 3 2 2 3 4 2 5
M[235] : 4 5 0 4 4 5 4 2 5 4 3 2 4 4 5 5 2 1 4 3 6 3 5 5 6 5 3 4 7 5 4 4
M[236] : 7 3 3 2 4 4 4 4 4 3 5 3 1 2 5 4 3 3 3 5 4 2 0 3 5 3 2 4 4 1 5 4
M[237] : 3 4 4 4 4 6 3 0 3 6 3 4 5 3 7 6 4 8 4 4 4 5 5 3 4 2 4 6 6 6 2 6
M[238] : 4 2 3 2 4 3 7 5 5 2 4 4 4 2 4 3 7 5 5 3 5 5 4 4 3 0 2 3 5 5 4 5
M[239] : 4 3 5 3 3 2 1 4 3 5 5 0 2 3 2 5 3 6 2 4 6 5 4 3 2 7 5 4 4 4 5 6
M[240] : 5 6 4 5 3 5 5 0 2 2 2 2 4 1 4 6 2 3 5 5 5 2 5 4 2 3 4 4 4 6 3 2
M[241] : 3 5 6 6 2 4 2 5 4 4 3 1 4 3 0 3 4 3 3 6 6 5 4 2 3 5 4 5 2 5 4 6
M[242] : 7 0 8 4 3 6 5 3 4 5 4 4 5 5 4 4 4 3 4 2 3 5 4 2 3 3 5 5 5 5 3 5
M[243] : 4 3 3 4 7 4 4 6 3 4 2 2 4 3 0 6 6 4 5 3 4 4 4 3 2 2 3 3 2 3 6 4
M[244] : 0 5 6 5 4 3 3 7 4 4 4 3 5 3 1 6 5 5 4 5 5 3 5 3 3 4 5 3 6 5 5 4
M[245] : 2 7 3 6 3 2 3 4 4 5 3 2 5 5 3 4 4 1 3 6 2 4 5 0 2 5 2 4 5 7 6 1
M[246] : 2 4 3 4 6 3 0 3 4 7 5 5 3 2 2 4 7 3 3 5 4 5 4 3 7 5 3 2 5 4 3 3
M[247] : 3 6 0 3 5 2 4 6 1 6 2 4 5 1 3 7 4 8 7 5 5 5 6 5 6 2 3 2 4 5 2 4
M[248] : 6 3 5 4 6 4 6 2 2 6 1 5 4 0 3 4 5 6 3 4 4 5 3 2 3 1 3 3 4 3 6 5
M[249] : 2 5 6 4 0 5 4 5 5 3 3 3 4 2 5 5 4 5 3 2 5 4 5 5 1 2 2 4 4 5 2 4

