 Execution de l'algoritme BITS sur le fichier dsjc250.5.txt
=====================================================================
 Partitions  : 
Vk[0] : 70 75 202 159 94 82 176 29 -->  8 éléments.
Vk[1] : 208 23 143 12 85 140 142 161 -->  8 éléments.
Vk[2] : 118 105 151 100 91 145 233 2 -->  8 éléments.
Vk[3] : 222 203 185 249 246 171 217 244 -->  8 éléments.
Vk[4] : 247 152 224 149 92 117 11 225 -->  8 éléments.
Vk[5] : 43 197 195 51 136 245 48 -->  7 éléments.
Vk[6] : 210 188 95 36 46 182 38 -->  7 éléments.
Vk[7] : 30 114 8 47 153 3 124 190 -->  8 éléments.
Vk[8] : 66 204 213 37 221 200 234 126 -->  8 éléments.
Vk[9] : 177 88 183 223 18 103 205 120 -->  8 éléments.
Vk[10] : 122 132 226 1 42 56 144 16 -->  8 éléments.
Vk[11] : 93 241 6 74 243 76 78 175 -->  8 éléments.
Vk[12] : 180 68 186 80 86 173 34 166 -->  8 éléments.
Vk[13] : 227 28 40 228 206 4 55 119 -->  8 éléments.
Vk[14] : 229 201 0 199 150 194 163 -->  7 éléments.
Vk[15] : 108 45 167 50 155 125 69 215 -->  8 éléments.
Vk[16] : 189 22 41 146 14 21 240 101 -->  8 éléments.
Vk[17] : 62 81 196 15 5 141 64 99 -->  8 éléments.
Vk[18] : 83 96 123 236 63 193 219 160 -->  8 éléments.
Vk[19] : 127 209 104 232 165 187 79 112 -->  8 éléments.
Vk[20] : 77 239 164 53 168 65 158 131 -->  8 éléments.
Vk[21] : 178 138 170 230 128 25 33 90 -->  8 éléments.
Vk[22] : 113 191 181 111 130 156 110 172 -->  8 éléments.
Vk[23] : 121 97 148 147 20 235 184 174 -->  8 éléments.
Vk[24] : 84 72 49 162 139 98 214 109 -->  8 éléments.
Vk[25] : 58 220 59 89 179 27 137 207 -->  8 éléments.
Vk[26] : 67 60 212 107 231 39 129 -->  7 éléments.
Vk[27] : 102 13 26 134 71 24 116 35 -->  8 éléments.
Vk[28] : 52 44 106 73 192 211 135 87 -->  8 éléments.
Vk[29] : 237 242 61 157 169 154 54 -->  7 éléments.
Vk[30] : 198 216 7 218 9 32 115 31 -->  8 éléments.
Vk[31] : 19 10 238 133 57 17 248 -->  7 éléments.
Matrice M
M[0] : 8 6 5 3 4 3 3 4 5 3 4 2 1 3 0 5 4 3 3 6 6 4 3 3 4 6 3 4 4 5 6 4
M[1] : 6 7 5 2 7 4 3 3 4 3 0 5 5 5 2 6 6 5 5 2 1 4 4 6 5 7 4 6 2 3 6 3
M[2] : 5 4 0 6 7 5 4 4 5 1 3 5 5 2 5 5 5 3 4 5 5 6 5 4 5 3 4 2 6 5 6 4
M[3] : 5 5 1 3 5 4 6 0 4 5 3 4 8 5 0 4 6 4 2 7 1 3 2 3 4 7 3 3 4 4 5 3
M[4] : 6 5 3 4 4 5 6 6 2 3 7 3 5 0 5 7 3 3 7 3 6 4 2 1 5 4 2 5 6 4 6 3
M[5] : 4 2 4 4 6 3 5 3 2 6 5 2 4 4 6 5 2 0 2 4 4 4 4 5 4 5 2 3 4 4 3 1
M[6] : 4 4 7 5 5 3 4 5 5 5 7 0 3 2 5 2 4 3 5 4 7 4 4 4 3 3 5 5 4 3 3 1
M[7] : 4 4 6 3 7 3 3 3 4 3 3 5 3 3 7 5 5 4 6 4 4 5 4 2 6 2 3 6 5 2 0 1
M[8] : 4 2 4 2 2 6 5 0 1 4 6 4 3 4 1 3 4 5 3 4 4 4 3 2 4 4 2 6 6 4 4 4
M[9] : 4 5 5 4 5 3 4 2 6 3 3 5 6 4 3 2 3 6 6 3 3 4 2 6 3 3 6 2 5 2 0 4
M[10] : 3 4 3 3 3 4 2 4 4 5 5 2 4 4 4 5 6 6 3 3 4 4 6 4 5 4 5 3 5 5 2 0
M[11] : 2 2 4 6 0 4 3 4 3 5 3 4 3 5 2 3 5 5 5 7 7 4 3 6 3 3 4 0 5 2 4 3
M[12] : 5 0 3 2 4 2 1 5 5 2 6 5 5 6 3 3 6 5 3 3 3 3 5 6 5 6 4 4 7 6 6 6
M[13] : 5 3 2 3 3 3 4 5 2 3 3 6 4 4 3 6 5 6 5 4 4 5 4 4 5 7 3 0 5 4 6 4
M[14] : 3 5 5 7 8 4 3 2 6 6 5 5 3 3 6 3 0 3 2 2 4 5 6 2 6 5 2 3 2 2 6 1
M[15] : 5 5 6 6 6 4 4 4 5 4 6 3 5 5 2 3 6 0 4 5 7 3 7 4 5 6 4 3 5 1 6 6
M[16] : 4 3 1 3 5 2 0 5 4 2 0 5 4 3 4 3 5 5 4 4 4 6 5 4 3 8 5 5 3 3 4 4
M[17] : 4 3 5 4 2 5 5 7 4 5 3 4 3 3 4 2 4 6 4 4 5 2 4 4 5 6 3 5 4 3 5 0
M[18] : 7 1 4 6 5 4 3 3 4 0 3 4 5 3 6 2 4 2 3 6 5 6 6 6 4 2 3 6 4 4 5 3
M[19] : 3 3 6 4 6 3 2 4 4 6 3 4 5 3 6 1 4 3 6 4 5 6 3 6 3 3 5 6 3 4 3 0
M[20] : 6 4 4 5 4 4 5 5 4 4 4 5 3 1 4 4 4 6 4 4 5 3 4 0 2 3 5 5 5 5 4 4
M[21] : 4 4 3 4 6 1 6 3 2 3 5 3 3 5 3 2 0 5 3 5 2 4 3 5 3 3 4 4 4 4 5 3
M[22] : 4 4 5 4 5 4 3 5 4 2 5 2 5 3 5 4 0 4 7 6 5 7 2 4 4 4 4 3 2 2 6 5
M[23] : 5 0 5 4 8 4 4 3 2 5 2 1 3 4 3 7 3 5 4 5 5 3 3 5 1 4 3 3 6 4 6 3
M[24] : 4 4 4 6 3 2 3 5 4 6 6 2 4 4 3 5 5 5 4 4 4 2 3 3 4 5 4 0 3 4 3 3
M[25] : 4 3 5 5 5 3 4 1 3 8 3 6 5 6 4 5 4 4 2 4 5 0 5 2 3 3 3 3 3 4 4 3
M[26] : 3 4 2 3 3 2 5 4 3 3 3 4 4 6 4 3 2 3 5 4 4 4 4 6 2 5 3 0 5 2 0 4
M[27] : 3 4 4 5 3 3 5 5 3 5 5 5 6 4 6 4 4 5 7 6 6 3 5 3 3 0 1 3 2 4 4 3
M[28] : 3 3 4 4 3 3 5 8 7 2 4 5 5 0 3 3 2 3 5 5 0 7 4 4 3 6 6 5 4 3 5 3
M[29] : 0 3 4 4 4 3 3 5 3 5 6 6 6 3 1 2 3 5 4 3 3 4 6 4 1 5 3 3 1 5 3 5
M[30] : 3 5 4 7 7 3 4 0 5 5 3 5 4 5 4 5 1 5 4 2 3 1 4 2 7 4 4 3 4 4 4 5
M[31] : 4 4 5 3 7 4 4 4 4 1 5 2 3 3 4 4 5 2 4 4 3 1 5 7 5 3 3 5 5 4 0 3
M[32] : 2 6 4 3 6 4 5 2 2 5 3 5 5 5 3 6 6 4 3 3 6 1 5 3 5 4 4 3 5 3 0 4
M[33] : 4 3 3 5 4 4 2 5 5 7 4 8 5 6 3 2 4 4 4 2 4 0 5 5 3 2 1 5 3 4 3 4
M[34] : 5 5 4 3 4 4 4 5 5 3 7 1 0 4 3 3 3 3 5 8 6 4 3 0 4 6 2 6 2 3 4 3
M[35] : 5 2 5 7 0 3 5 4 3 5 5 4 4 3 1 4 5 4 3 5 4 7 5 6 3 3 4 0 6 2 3 4
M[36] : 5 3 1 3 2 3 0 5 5 4 2 4 5 6 4 3 5 2 6 5 6 4 4 5 5 5 4 6 6 5 4 4
M[37] : 2 4 4 6 5 4 4 3 0 3 4 5 4 6 2 5 1 3 6 4 4 3 3 2 8 2 4 2 4 4 4 3
M[38] : 3 3 2 7 4 4 0 7 5 5 3 4 4 3 3 4 3 4 4 2 4 6 6 3 4 5 1 4 7 4 4 3
M[39] : 5 2 3 3 4 5 2 5 3 4 3 5 4 6 5 5 3 6 4 3 4 6 5 6 5 2 0 7 4 3 6 5
M[40] : 8 2 2 4 3 4 6 4 5 6 6 2 6 0 5 6 5 5 1 3 4 3 5 4 4 4 3 6 3 3 3 3
M[41] : 7 3 6 4 3 5 5 6 3 4 5 4 2 5 4 5 0 2 3 3 3 5 3 3 4 4 6 3 3 4 3 6
M[42] : 7 4 3 5 4 4 2 4 3 4 0 6 7 4 2 2 3 5 3 4 3 5 0 4 5 4 3 5 6 5 4 4
M[43] : 5 3 7 7 5 0 4 4 5 6 5 4 6 6 5 4 3 5 2 3 5 5 2 3 5 6 3 5 4 2 4 4
M[44] : 4 3 4 4 3 5 4 5 5 3 4 6 5 6 7 4 2 4 4 3 4 2 6 3 2 4 2 2 0 2 6 3
M[45] : 6 5 2 5 4 2 4 5 6 3 4 3 4 7 3 0 5 4 4 4 3 4 6 3 6 5 5 3 6 3 5 2
M[46] : 7 4 2 1 5 4 0 6 4 4 6 4 5 4 5 5 4 6 3 4 3 3 3 6 4 3 5 3 6 2 5 2
M[47] : 4 5 4 4 6 4 4 0 1 5 7 2 5 5 2 1 5 4 3 4 3 3 4 7 5 6 5 5 6 2 4 5
M[48] : 5 5 3 4 5 0 3 5 5 5 3 3 3 4 4 5 6 3 1 4 6 7 4 5 6 4 5 6 5 3 4 1
M[49] : 5 4 7 3 3 2 7 3 5 4 6 4 3 4 4 5 2 5 3 6 5 2 8 3 0 2 2 5 3 1 6 2
M[50] : 7 4 6 4 2 3 4 6 4 5 3 5 5 4 5 0 3 4 6 6 4 2 5 5 2 2 4 3 6 5 3 3
M[51] : 6 1 3 4 5 0 4 3 6 4 3 3 5 5 4 2 4 5 6 1 5 4 4 2 2 1 5 3 7 5 4 3
M[52] : 4 7 4 4 5 5 5 3 4 5 3 6 5 4 4 7 4 4 5 1 5 4 4 5 5 6 3 2 0 6 3 4
M[53] : 4 5 6 5 3 3 3 3 4 3 2 4 5 3 2 5 7 4 2 3 0 4 2 3 6 4 1 4 5 2 3 6
M[54] : 5 3 6 4 5 4 4 3 3 3 4 5 4 6 3 5 2 3 3 5 4 2 4 2 5 4 1 4 5 0 3 1
M[55] : 3 6 4 4 3 6 2 2 5 6 5 3 8 0 6 4 2 5 2 4 6 5 4 3 3 4 3 3 6 4 3 2
M[56] : 3 4 3 3 2 5 2 6 6 4 0 7 5 5 3 5 5 5 5 5 3 5 6 5 5 4 1 4 4 2 1 4
M[57] : 5 5 4 5 4 3 6 4 5 6 5 0 2 5 3 4 4 8 5 3 3 3 0 5 3 4 3 4 4 5 4 0
M[58] : 4 4 5 5 4 4 4 6 4 3 3 5 3 5 2 4 4 4 4 4 4 2 4 1 2 0 5 4 6 4 3 6
M[59] : 1 5 5 4 6 1 6 5 1 4 5 1 2 3 5 3 5 3 2 3 4 4 5 4 5 0 5 6 5 3 2 2
M[60] : 3 3 4 1 4 4 4 6 7 5 4 5 3 4 3 3 4 3 2 2 1 0 5 6 3 6 0 4 3 3 5 5
M[61] : 3 6 5 6 4 4 4 5 6 5 4 5 4 3 5 4 6 6 3 4 5 5 3 7 3 4 3 5 5 0 6 4
M[62] : 5 1 5 4 2 3 1 4 3 1 7 4 5 3 2 6 4 0 4 6 5 5 6 3 2 5 2 4 6 5 3 6
M[63] : 3 5 2 2 4 3 4 4 5 3 3 2 7 5 2 5 3 2 0 3 6 2 7 2 2 3 4 5 5 2 3 2
M[64] : 7 5 4 3 5 4 4 3 3 5 2 1 1 3 5 2 3 0 2 3 3 5 5 4 4 2 3 4 3 5 4 6
M[65] : 5 1 4 6 5 6 3 1 4 2 4 4 5 6 3 5 5 4 5 3 0 4 2 4 6 4 1 0 2 3 3 5
M[66] : 4 4 5 5 5 6 4 4 0 4 8 2 2 5 4 3 4 3 4 5 6 3 2 5 3 5 2 3 4 2 7 3
M[67] : 3 5 4 5 3 4 3 4 4 5 4 6 4 3 5 4 5 3 2 4 2 5 7 5 4 4 0 4 4 3 3 5
M[68] : 6 5 5 3 1 4 6 4 6 4 4 3 0 4 3 2 4 3 2 4 7 3 4 5 4 4 6 3 7 3 4 5
M[69] : 5 5 5 6 2 2 4 3 5 3 2 6 2 4 6 0 3 4 2 4 5 3 5 2 8 3 3 3 3 6 6 5
M[70] : 0 4 5 3 6 4 4 5 6 5 3 6 5 4 2 4 4 5 2 7 5 2 6 5 5 4 4 4 3 2 3 2
M[71] : 5 3 3 5 3 4 2 3 4 4 4 2 4 3 4 5 6 5 7 4 2 6 6 7 5 4 4 0 5 3 2 1
M[72] : 4 4 6 3 5 3 4 3 4 4 3 3 4 3 3 5 3 4 4 6 3 4 6 5 0 4 3 4 4 2 6 2
M[73] : 2 4 4 4 5 4 5 5 5 2 5 4 5 6 4 4 2 4 6 6 0 4 6 6 2 4 4 5 0 3 5 3
M[74] : 7 3 5 2 3 4 6 5 5 3 5 0 3 5 1 5 5 4 5 5 4 5 4 5 4 6 3 5 3 6 2 2
M[75] : 0 6 5 2 3 6 3 3 3 4 5 5 5 5 2 4 6 5 5 6 4 6 4 6 2 7 5 6 6 5 4 5
M[76] : 1 3 2 5 4 5 2 3 5 4 7 0 2 4 4 5 1 4 6 6 4 7 3 6 5 3 6 3 6 6 3 2
M[77] : 2 3 6 5 6 3 4 3 4 5 3 4 2 5 5 5 4 4 4 5 0 3 6 6 4 6 3 6 5 7 6 6
M[78] : 5 5 4 3 4 3 6 3 5 6 5 0 3 2 4 4 6 3 5 5 3 5 3 5 3 5 5 6 4 2 6 3
M[79] : 2 6 4 5 6 4 4 3 4 6 6 3 4 3 2 6 4 3 5 0 6 4 6 3 6 4 3 3 3 3 4 3
M[80] : 5 3 3 5 4 5 3 4 2 2 3 3 0 4 1 4 3 3 4 6 2 4 5 7 5 3 4 4 6 1 5 4
M[81] : 5 3 5 6 6 2 2 4 6 5 6 6 3 1 2 4 4 0 4 5 2 7 4 7 5 2 3 2 5 5 6 4
M[82] : 0 4 2 5 5 4 4 3 6 3 5 5 4 6 4 5 3 4 2 4 5 4 5 7 2 2 2 4 3 3 3 3
M[83] : 4 5 6 5 7 3 3 3 2 5 5 7 3 2 3 3 4 3 0 6 3 5 4 2 2 7 6 7 5 4 4 5
M[84] : 5 3 2 2 5 4 3 5 4 3 5 6 2 5 2 4 4 5 5 4 4 4 4 4 0 3 4 3 4 3 5 2
M[85] : 2 0 7 5 5 4 5 5 7 4 3 7 5 4 4 6 5 5 6 4 4 3 5 4 4 5 4 4 4 4 6 4
M[86] : 4 3 4 3 2 4 2 6 5 2 5 2 0 5 3 4 3 5 5 2 1 4 5 5 3 4 2 5 4 3 4 3
M[87] : 3 3 3 4 3 4 4 5 6 3 2 6 4 5 2 4 6 7 5 6 3 6 4 4 4 6 3 6 0 3 3 5
M[88] : 5 4 2 6 8 4 2 5 5 0 5 4 5 4 3 2 3 1 5 4 6 5 5 4 4 5 5 5 3 4 2 4
M[89] : 5 3 5 2 4 3 4 4 7 4 6 2 3 3 4 3 4 4 3 4 4 4 3 2 4 0 2 3 4 0 2 5
M[90] : 6 3 3 5 5 3 1 4 5 3 5 5 1 6 4 4 4 1 4 2 2 0 5 2 2 8 3 2 5 5 3 1
M[91] : 2 4 0 3 4 3 4 5 2 7 4 5 4 2 3 3 6 3 4 5 4 5 4 5 4 7 4 3 3 4 5 1
M[92] : 3 5 5 5 0 6 0 6 5 4 5 4 3 5 2 4 8 4 3 3 4 6 5 4 2 2 2 5 3 5 5 3
M[93] : 4 4 5 8 5 5 5 6 4 3 6 0 3 3 2 3 3 4 5 6 2 4 6 3 5 2 6 4 4 4 8 1
M[94] : 0 5 4 4 6 3 4 3 5 7 3 4 5 4 3 6 5 4 7 3 2 3 2 4 5 2 5 2 4 3 4 2
M[95] : 5 6 3 5 3 5 0 6 4 2 4 6 4 6 6 4 3 3 3 4 3 3 3 4 3 7 4 6 5 2 4 2
M[96] : 6 5 4 3 6 5 3 3 5 4 3 5 5 2 3 6 2 3 0 0 2 6 5 5 3 7 4 6 2 4 5 4
M[97] : 4 5 5 6 3 5 3 3 3 4 5 6 3 4 3 3 5 4 2 4 2 3 4 0 3 3 4 5 2 4 8 6
M[98] : 2 4 5 5 4 3 5 5 3 1 5 5 5 5 5 7 7 3 2 3 3 4 3 4 0 5 3 4 5 4 4 3
M[99] : 4 3 4 7 4 4 6 4 4 3 4 7 3 5 3 6 3 0 6 0 4 5 5 2 5 3 3 5 5 6 3 5
M[100] : 4 2 0 5 3 5 1 6 5 3 2 4 5 5 5 4 4 7 5 3 4 6 4 4 3 4 3 5 3 4 5 3
M[101] : 4 6 5 3 3 4 2 3 3 2 6 6 5 3 3 5 0 3 3 4 4 5 7 5 6 3 4 6 2 2 5 6
M[102] : 2 3 7 5 3 2 3 4 6 5 4 4 4 5 5 4 2 1 4 4 6 2 3 5 5 4 6 0 1 3 5 3
M[103] : 2 5 3 6 5 5 3 6 3 0 3 4 5 5 5 5 5 4 3 5 2 6 6 6 5 4 5 8 6 4 5 4
M[104] : 6 4 3 4 5 3 5 5 3 7 3 6 5 3 2 2 3 3 3 0 5 1 5 3 3 4 3 6 4 3 5 3
M[105] : 4 5 0 4 4 2 4 3 5 5 1 3 2 3 2 4 5 6 2 2 4 1 4 3 4 5 1 6 4 2 4 5
M[106] : 3 5 6 4 5 2 6 6 1 3 6 3 2 4 4 7 4 4 6 5 3 4 3 3 5 4 3 4 0 6 3 4
M[107] : 3 3 4 4 3 4 4 6 6 6 2 4 4 2 4 3 5 5 6 4 3 4 5 4 1 3 0 2 1 4 5 3
M[108] : 3 3 5 5 5 2 4 1 5 1 5 7 2 4 4 0 4 3 6 7 2 4 3 4 4 3 3 5 7 5 5 0
M[109] : 4 3 2 3 1 3 3 6 7 6 3 3 2 5 6 3 4 4 2 4 5 6 5 4 0 0 2 6 4 0 8 3
M[110] : 5 6 4 4 3 4 3 4 4 4 6 6 3 4 4 6 5 6 7 5 3 5 0 7 3 5 3 6 4 4 4 4
M[111] : 6 5 3 6 3 4 3 5 2 6 3 4 4 4 3 4 4 4 7 5 2 3 0 3 6 5 4 2 5 4 2 4
M[112] : 4 4 6 3 4 1 3 5 5 5 4 6 3 3 5 4 3 2 5 0 3 2 7 4 5 6 5 3 3 4 6 4
M[113] : 2 4 3 3 4 2 5 5 3 4 4 5 5 4 3 6 5 5 4 5 4 4 0 5 4 5 6 4 4 4 4 4
M[114] : 4 3 5 3 4 6 4 0 2 3 3 5 6 2 2 5 2 3 6 4 4 4 6 6 4 4 6 5 4 4 5 5
M[115] : 6 3 4 3 4 3 1 4 4 6 5 3 4 3 5 4 1 3 4 7 4 4 4 5 4 1 3 4 5 4 0 3
M[116] : 4 3 3 2 5 5 6 5 5 6 4 5 6 2 1 3 3 4 7 3 4 4 4 5 4 3 5 0 1 3 5 3
M[117] : 5 6 4 6 0 2 7 6 5 5 7 3 4 3 4 4 4 3 8 5 4 7 6 6 5 4 2 6 5 3 6 2
M[118] : 6 4 0 3 3 3 2 3 4 3 4 4 4 2 4 4 3 4 5 5 6 3 3 4 2 6 4 4 7 5 3 4
M[119] : 3 4 3 5 2 6 3 1 3 4 3 5 3 0 6 3 5 5 4 3 3 6 4 3 3 2 3 4 4 3 2 6
M[120] : 5 2 4 7 2 3 2 3 6 0 2 3 0 5 2 3 4 4 6 5 4 6 3 3 6 4 4 5 3 4 3 4
M[121] : 6 4 6 6 5 4 4 5 5 5 5 4 5 4 4 4 5 4 4 5 7 4 5 0 4 1 4 6 4 2 3 4
M[122] : 5 3 2 4 7 5 4 4 4 3 0 6 1 5 5 4 7 5 5 6 1 7 6 6 2 5 3 2 3 2 3 3
M[123] : 3 4 1 6 5 2 3 5 5 5 5 5 3 4 4 6 4 3 0 5 2 3 4 2 4 3 3 3 4 4 6 4
M[124] : 4 4 4 4 5 2 5 0 6 4 7 2 3 5 5 3 5 3 4 5 5 6 6 6 5 7 4 6 3 3 2 3
M[125] : 5 5 3 3 2 5 3 4 4 3 6 4 3 4 4 0 3 3 4 6 7 5 4 2 6 3 2 5 4 4 3 4
M[126] : 4 5 4 0 6 3 4 3 0 4 5 4 4 3 4 5 3 6 5 2 5 4 6 5 7 3 5 6 5 3 5 5
M[127] : 2 3 2 2 5 3 5 7 4 4 4 6 3 4 5 6 6 4 3 0 5 4 4 4 7 3 2 2 4 5 5 6
M[128] : 3 5 5 2 4 5 3 4 3 5 5 3 5 4 3 4 6 3 7 5 4 0 4 4 2 2 2 5 5 3 5 2
M[129] : 5 5 3 4 2 4 3 7 5 4 4 6 2 3 1 5 5 3 5 5 3 3 5 6 4 3 0 4 5 4 6 2
M[130] : 3 5 3 4 3 5 2 5 5 4 4 2 2 5 4 5 5 3 5 5 5 3 0 4 3 3 4 5 7 4 4 2
M[131] : 4 5 6 4 2 5 4 2 6 3 3 5 3 3 3 4 3 5 5 5 0 4 4 5 4 4 4 3 4 3 6 3
M[132] : 2 6 4 5 3 3 4 4 5 6 0 3 4 5 4 6 5 5 4 5 6 3 6 5 5 0 4 5 4 4 5 3
M[133] : 4 4 3 2 3 1 2 4 2 4 4 1 7 5 4 2 4 4 5 3 6 0 2 2 1 4 4 2 5 3 4 0
M[134] : 5 5 4 2 4 5 3 4 3 6 6 7 5 3 5 6 4 3 4 6 3 4 1 3 5 5 2 0 3 4 6 2
M[135] : 3 8 5 5 3 4 5 4 4 2 6 5 4 3 5 3 0 3 0 1 4 2 4 5 4 4 3 4 0 6 6 3
M[136] : 6 3 4 5 3 0 3 6 3 5 5 6 6 4 3 4 5 6 5 5 5 4 5 4 3 3 1 2 4 2 4 2
M[137] : 5 5 2 5 3 4 5 5 6 3 5 7 6 4 5 5 5 5 6 2 5 4 5 5 4 0 2 6 5 2 4 4
M[138] : 3 4 3 2 6 3 6 7 3 4 4 5 3 4 5 4 4 5 4 4 3 0 4 4 4 6 4 6 4 6 4 3
M[139] : 0 3 2 4 1 5 4 4 5 7 4 4 5 5 1 4 5 3 2 4 5 1 5 1 0 3 5 4 4 3 5 3
M[140] : 4 0 5 5 3 4 2 2 3 3 5 2 3 3 5 4 4 1 4 5 5 5 6 4 2 3 4 5 6 4 4 2
M[141] : 5 5 4 3 4 3 4 7 6 6 1 2 6 6 4 2 2 0 2 1 6 2 3 5 4 4 4 5 2 6 3 3
M[142] : 6 0 3 4 4 2 4 5 4 7 5 6 2 6 5 3 2 4 3 4 6 2 5 4 4 4 0 2 4 2 3 4
M[143] : 5 0 2 5 2 2 2 5 3 3 5 4 4 7 5 5 5 3 3 4 3 2 5 7 3 7 3 3 4 6 5 4
M[144] : 5 5 3 4 3 3 5 6 3 5 0 7 6 4 3 3 2 4 5 4 4 5 5 5 5 5 1 3 6 1 4 4
M[145] : 2 5 0 4 4 5 1 3 5 4 3 3 4 4 4 6 6 6 2 3 4 3 4 2 4 3 2 4 2 3 3 5
M[146] : 3 4 3 5 2 4 5 5 3 5 3 3 2 3 2 4 0 3 5 5 4 2 5 4 4 3 3 2 3 5 5 2
M[147] : 5 4 6 3 3 1 2 4 5 6 5 6 5 2 5 3 4 4 2 6 3 4 5 0 6 3 3 6 5 3 5 5
M[148] : 2 5 0 4 7 2 2 4 5 7 4 3 2 5 4 2 4 5 2 5 6 2 3 0 5 4 5 3 4 1 3 6
M[149] : 5 4 4 6 0 2 3 6 7 3 4 2 1 5 4 3 3 5 7 4 2 4 4 5 3 5 1 3 2 3 5 2
M[150] : 3 4 5 3 3 2 5 3 4 5 4 1 2 6 0 6 6 4 5 5 3 6 5 3 5 5 3 5 5 3 3 4
M[151] : 5 4 0 5 6 4 3 4 3 3 3 4 5 6 5 7 7 3 4 2 5 5 6 5 4 6 5 2 4 4 4 3
M[152] : 5 4 4 3 0 5 3 3 5 4 4 3 3 4 5 3 5 5 5 6 4 3 3 3 3 5 3 2 4 4 5 1
M[153] : 3 4 5 5 6 5 4 0 4 3 3 3 4 5 2 2 5 4 4 5 5 4 6 5 5 5 4 1 3 4 3 6
M[154] : 4 4 4 1 4 7 3 3 4 3 3 5 3 4 5 6 3 5 3 3 6 4 4 5 1 4 5 1 5 0 5 2
M[155] : 3 6 5 4 7 3 4 3 4 5 4 3 4 4 3 0 2 6 3 3 4 3 5 4 3 6 4 6 5 3 4 1
M[156] : 6 5 5 2 2 5 5 5 3 3 3 5 4 3 6 6 5 5 4 5 5 6 0 4 5 6 4 2 3 2 6 2
M[157] : 4 3 2 5 4 3 4 3 3 2 4 3 2 5 2 3 6 5 3 3 3 6 6 2 4 5 3 4 5 0 2 4
M[158] : 5 5 6 5 6 5 5 5 6 4 2 7 7 3 4 4 2 5 3 3 0 4 3 5 3 4 3 5 3 5 6 2
M[159] : 0 7 6 6 1 5 4 5 1 4 5 2 3 7 4 6 2 8 2 5 5 5 4 3 5 5 4 6 2 5 3 3
M[160] : 3 3 5 5 5 4 3 3 5 5 4 2 4 4 4 1 1 3 0 1 4 3 4 5 3 4 3 6 5 4 3 3
M[161] : 5 0 4 6 3 4 3 2 2 4 5 3 3 2 6 5 5 3 6 4 3 5 4 2 4 5 5 3 3 3 4 2
M[162] : 6 4 4 5 4 6 4 6 5 5 4 3 3 1 2 2 4 4 4 5 7 3 1 3 0 6 1 3 5 4 2 3
M[163] : 2 4 2 3 4 4 5 3 5 4 4 7 2 4 0 3 4 4 5 3 6 4 4 5 2 5 3 2 5 1 6 4
M[164] : 2 4 5 7 3 4 3 4 5 4 3 4 3 7 3 3 3 5 3 6 0 7 5 3 5 4 5 5 6 5 2 3
M[165] : 6 4 2 6 6 3 3 4 3 4 5 4 6 5 4 3 3 5 2 0 2 4 3 6 4 3 3 5 2 3 6 2
M[166] : 7 4 2 7 5 5 4 3 2 5 4 3 0 5 1 4 4 3 6 4 4 3 5 3 3 5 5 3 4 4 5 4
M[167] : 4 5 2 5 2 2 3 2 3 3 5 5 4 4 4 0 5 5 4 2 5 5 7 3 2 2 4 6 4 3 4 2
M[168] : 4 6 3 2 6 4 4 5 4 5 6 4 3 3 3 4 2 5 3 4 0 5 4 5 3 2 3 4 2 4 3 7
M[169] : 4 4 2 4 5 1 5 6 6 6 4 4 4 2 3 5 4 6 3 3 4 6 5 2 3 3 5 2 7 0 5 4
M[170] : 2 1 4 5 4 5 4 2 5 5 5 5 3 4 3 3 6 7 4 6 4 0 2 4 4 3 3 5 3 5 3 2
M[171] : 4 4 3 0 5 6 3 5 5 5 5 5 5 5 2 7 4 5 5 4 5 5 4 6 2 3 7 4 4 4 4 4
M[172] : 5 6 6 4 8 4 3 7 5 4 5 2 4 5 5 5 3 4 6 7 3 2 0 3 6 4 5 3 5 3 6 1
M[173] : 2 6 6 2 4 3 3 6 6 4 4 4 0 5 3 4 2 5 3 5 5 2 3 2 4 3 2 7 5 5 4 4
M[174] : 5 4 3 5 4 3 5 4 5 5 4 4 4 3 2 3 2 6 4 5 4 5 3 0 4 3 2 2 6 5 4 4
M[175] : 5 4 4 4 3 2 5 1 2 2 6 0 4 4 3 7 5 4 4 3 5 6 7 4 4 3 5 4 4 2 3 4
M[176] : 0 4 4 6 5 1 3 6 7 3 4 4 5 6 2 6 5 3 3 3 3 5 5 5 4 2 3 3 4 4 3 4
M[177] : 3 3 5 4 5 6 2 3 4 0 3 4 3 2 5 5 3 6 4 4 5 4 6 5 4 5 3 3 3 3 4 6
M[178] : 6 5 5 3 4 5 4 5 3 6 7 5 2 6 3 4 5 5 2 5 5 0 1 5 3 5 5 5 4 4 4 2
M[179] : 5 6 3 5 4 3 3 4 5 6 7 3 5 5 5 2 5 5 3 3 3 5 4 4 3 0 6 6 4 6 4 3
M[180] : 4 2 4 4 3 4 4 4 4 3 3 4 0 3 3 5 5 3 5 5 5 5 4 3 2 6 5 3 3 2 5 3
M[181] : 3 3 7 5 5 2 6 3 4 5 6 5 6 3 4 2 4 5 2 2 5 3 0 1 3 1 5 6 3 2 4 4
M[182] : 1 3 5 3 4 2 0 5 5 1 1 4 1 5 5 3 7 7 4 5 4 5 6 4 5 4 1 3 5 3 1 4
M[183] : 5 2 4 7 5 6 4 5 3 0 4 5 5 6 4 4 4 6 4 5 3 5 2 4 2 3 5 4 3 6 2 4
M[184] : 5 6 6 3 6 2 5 7 4 3 7 3 4 4 2 4 3 5 4 5 2 4 3 0 1 3 4 5 4 2 6 2
M[185] : 8 5 2 0 2 3 3 3 4 4 6 4 3 6 6 5 4 3 4 5 4 5 3 3 5 3 3 4 3 5 3 4
M[186] : 5 2 7 3 3 3 4 5 3 4 6 4 0 7 4 3 2 4 5 5 3 2 4 6 2 3 3 4 6 2 3 4
M[187] : 4 5 4 2 4 2 3 6 5 3 1 4 6 5 6 5 5 6 5 0 3 7 5 4 3 2 1 5 6 4 4 3
M[188] : 6 5 4 4 5 5 0 2 5 2 4 7 6 5 3 4 3 4 4 5 7 4 6 4 5 7 3 5 4 7 5 3
M[189] : 2 5 6 4 8 3 3 5 1 6 5 5 5 5 3 4 0 4 3 4 1 6 4 4 5 5 5 4 5 4 3 5
M[190] : 4 2 6 6 5 1 5 0 5 6 4 5 4 4 5 2 5 5 3 5 3 5 6 5 2 3 6 5 5 3 5 2
M[191] : 5 2 3 5 4 5 4 3 5 4 4 4 5 4 3 5 4 6 1 6 5 4 0 3 3 5 4 2 6 4 5 3
M[192] : 3 4 3 3 5 6 5 3 4 5 2 4 6 4 3 4 2 5 5 4 7 4 3 4 6 4 5 5 0 6 6 3
M[193] : 3 4 3 4 4 1 3 4 6 4 4 4 5 5 5 4 7 4 0 7 4 5 6 3 3 4 4 6 2 1 3 4
M[194] : 0 4 5 4 3 3 6 3 4 4 2 3 5 5 0 4 3 3 1 4 3 2 4 6 4 6 5 4 8 5 6 4
M[195] : 2 5 7 4 3 0 6 5 6 6 8 6 4 5 3 2 4 3 2 4 6 5 5 3 7 1 5 2 6 4 4 3
M[196] : 5 4 5 3 2 4 5 4 3 4 4 5 2 5 4 3 5 0 3 5 5 4 4 7 3 5 4 5 5 2 2 5
M[197] : 4 5 4 6 5 0 4 4 6 6 5 3 4 5 3 3 1 4 5 5 3 3 5 4 3 6 6 4 5 5 5 4
M[198] : 2 5 4 3 3 3 5 5 5 6 3 5 5 4 4 5 7 4 2 6 5 7 4 3 6 4 5 6 3 6 0 4
M[199] : 4 6 4 6 5 4 3 4 6 7 6 3 8 7 0 7 3 5 3 7 3 3 5 3 3 7 4 2 2 4 6 4
M[200] : 3 3 5 2 6 3 4 5 0 5 3 2 4 6 5 5 3 6 4 2 4 6 3 5 5 3 6 1 5 2 3 3
M[201] : 3 6 3 5 1 3 3 3 4 4 3 4 2 3 0 6 3 4 7 2 3 5 4 5 4 5 4 3 3 3 4 4
M[202] : 0 5 4 5 2 6 5 1 2 7 6 1 5 3 5 2 4 6 4 2 4 5 3 5 7 3 1 5 4 4 6 3
M[203] : 4 7 6 0 4 2 3 4 4 7 3 6 3 5 3 3 6 4 4 2 4 3 5 3 3 6 2 5 3 3 2 4
M[204] : 3 3 6 6 4 4 4 4 0 5 3 6 4 4 6 5 2 5 4 4 5 4 3 5 5 5 4 3 6 4 4 4
M[205] : 7 7 4 5 2 6 5 6 2 0 2 5 2 7 3 4 4 6 4 3 2 3 3 3 6 3 6 4 2 2 3 3
M[206] : 3 8 2 5 5 3 5 4 4 3 3 5 2 0 2 6 5 3 3 5 3 4 6 4 3 4 3 2 5 4 5 2
M[207] : 3 6 6 0 4 5 6 7 4 2 3 5 4 3 6 5 4 3 6 6 5 4 3 4 3 0 2 4 6 7 6 4
M[208] : 6 0 4 4 6 4 6 3 5 1 5 4 5 4 5 4 3 2 1 7 5 5 3 4 3 5 4 3 4 2 3 2
M[209] : 4 5 3 2 4 2 1 5 2 3 6 5 6 5 4 3 4 3 5 0 4 7 4 8 4 5 2 6 4 2 5 4
M[210] : 3 3 4 5 3 4 0 6 4 5 4 5 5 4 4 6 5 5 3 3 3 3 3 4 5 6 2 4 5 6 3 2
M[211] : 5 4 4 3 4 5 4 4 5 5 3 3 6 6 3 6 5 4 2 4 5 2 7 4 4 6 4 1 0 5 2 4
M[212] : 4 4 3 5 4 5 2 4 5 5 3 6 6 5 5 6 4 2 7 4 5 3 3 4 4 5 0 2 5 4 6 5
M[213] : 5 7 5 5 7 3 4 4 0 2 4 4 3 7 4 5 4 1 3 5 5 5 5 3 4 5 5 6 4 6 4 2
M[214] : 5 1 3 4 4 2 1 4 5 3 4 6 3 4 4 5 5 4 2 4 5 1 1 4 0 6 4 4 3 6 4 3
M[215] : 2 4 6 4 6 4 3 1 5 6 3 2 5 6 6 0 4 2 4 3 4 4 4 4 4 6 6 5 4 4 6 4
M[216] : 4 4 3 4 4 4 3 7 5 4 3 4 5 7 3 4 5 2 2 8 3 3 7 6 5 5 3 3 4 3 0 4
M[217] : 4 3 1 0 5 5 4 6 4 6 4 5 3 2 5 4 4 6 3 2 5 4 4 5 3 3 3 6 2 3 2 4
M[218] : 3 6 4 3 3 5 1 5 5 2 5 3 3 3 6 6 4 5 4 4 4 4 4 5 6 7 7 1 2 6 0 4
M[219] : 3 3 4 4 5 4 4 4 6 2 5 7 3 6 4 4 4 5 0 4 3 4 4 3 4 5 3 2 5 5 4 6
M[220] : 4 6 7 3 2 3 4 4 5 2 4 2 5 4 5 4 3 3 5 4 1 6 5 2 5 0 3 4 6 3 4 3
M[221] : 7 3 3 4 3 5 4 3 0 2 3 4 7 4 3 5 3 5 4 5 3 4 5 5 1 7 4 4 3 5 3 4
M[222] : 2 4 5 0 5 4 3 5 4 6 2 3 4 6 5 7 6 5 5 5 6 4 3 2 3 2 3 5 4 5 3 3
M[223] : 4 5 5 5 5 5 2 4 4 0 7 4 2 3 4 4 6 5 1 5 5 5 3 6 2 3 4 3 4 2 6 7
M[224] : 4 4 8 4 0 4 3 5 4 4 4 7 5 5 4 3 5 7 4 4 4 5 2 2 2 6 3 1 3 7 6 5
M[225] : 3 4 4 1 0 3 3 7 6 5 3 3 4 1 1 5 4 3 2 5 6 3 5 4 4 3 3 3 6 3 4 3
M[226] : 5 4 1 4 2 5 4 4 6 2 0 5 4 4 2 3 4 1 5 3 4 4 3 4 4 5 2 5 3 6 3 4
M[227] : 6 4 2 3 4 5 4 6 5 4 3 3 2 0 4 6 4 6 4 2 6 4 4 5 6 4 4 2 4 3 3 5
M[228] : 6 4 6 3 7 3 2 4 5 7 4 4 6 0 3 2 4 2 6 6 4 4 3 4 5 3 1 3 6 3 5 3
M[229] : 3 6 6 6 5 7 5 1 5 5 2 4 1 6 0 4 6 5 5 4 3 4 7 5 5 4 4 6 5 2 4 3
M[230] : 6 4 3 6 2 4 4 2 4 2 6 5 3 1 3 4 5 6 4 4 6 0 4 5 4 3 4 3 1 4 3 3
M[231] : 4 5 3 4 2 3 2 2 3 6 3 7 6 2 3 5 7 3 3 2 5 4 5 1 3 3 0 8 5 3 3 5
M[232] : 5 5 5 5 6 4 4 1 4 5 4 4 6 3 3 6 4 3 1 0 7 3 6 6 4 5 5 4 4 4 4 3
M[233] : 6 5 0 4 4 4 2 5 4 5 2 5 6 2 2 1 2 5 2 4 6 2 4 6 5 3 1 4 4 3 5 3
M[234] : 5 2 1 5 4 7 4 2 0 6 5 2 5 1 5 3 5 3 6 3 3 2 4 5 5 5 3 5 3 6 5 3
M[235] : 6 4 3 2 2 4 4 4 4 3 5 5 5 5 6 4 3 3 4 4 5 6 3 0 3 5 5 7 4 2 4 3
M[236] : 4 1 3 4 4 2 4 3 2 2 7 5 5 4 4 4 3 4 0 3 5 3 2 4 3 3 2 4 5 3 3 4
M[237] : 6 7 4 3 5 4 5 4 5 6 3 5 3 3 3 6 2 4 5 5 6 6 1 2 4 5 5 6 6 0 4 5
M[238] : 4 4 4 4 2 4 2 5 4 4 5 4 5 3 4 3 5 4 5 6 5 3 5 7 1 3 6 2 3 3 4 0
M[239] : 5 5 2 4 5 4 4 5 2 6 3 3 5 2 4 4 1 4 4 6 0 2 6 3 6 4 3 4 4 3 3 4
M[240] : 5 2 5 5 3 3 3 4 3 5 3 4 1 3 3 2 0 5 2 3 4 4 5 3 2 7 5 7 4 4 3 3
M[241] : 4 7 5 3 5 3 2 4 0 5 4 0 3 5 3 5 4 3 2 5 6 6 3 5 6 4 4 2 5 4 3 2
M[242] : 5 4 7 5 5 3 4 4 5 4 4 3 3 4 2 4 4 5 7 5 4 6 4 4 3 4 2 3 4 0 5 6
M[243] : 3 2 1 6 2 3 4 3 3 5 4 0 3 5 2 4 4 5 5 4 4 5 3 4 4 4 5 5 7 3 4 1
M[244] : 4 4 5 0 5 5 4 4 4 6 3 5 3 4 3 6 4 4 6 4 5 2 5 5 3 6 2 4 7 5 4 2
M[245] : 4 4 3 4 5 0 3 4 4 7 2 3 4 6 4 3 5 1 3 0 4 4 6 4 2 5 4 4 4 5 4 3
M[246] : 4 3 6 0 5 4 4 5 4 8 4 3 4 2 3 2 5 5 3 2 5 7 4 5 5 4 3 3 3 1 3 4
M[247] : 5 6 2 4 0 5 4 3 5 7 3 5 3 3 3 5 4 3 6 6 5 2 4 4 5 2 4 4 5 5 4 5
M[248] : 4 4 3 6 4 0 1 5 4 5 4 1 4 4 2 4 4 5 4 5 8 2 4 6 3 6 4 2 5 3 5 0
M[249] : 5 5 6 0 4 5 4 2 4 4 3 5 5 2 3 2 3 4 3 5 4 3 5 5 5 2 3 2 5 2 5 3

