 Execution de l'algoritme BITS sur le fichier dsjc250.5.txt
=====================================================================
 Partitions  : 
Vk[0] : 125 167 28 22 51 15 228 -->  7 éléments.
Vk[1] : 2 37 97 47 123 234 221 145 -->  8 éléments.
Vk[2] : 109 122 100 44 176 73 154 214 -->  8 éléments.
Vk[3] : 30 161 68 196 215 175 71 152 -->  8 éléments.
Vk[4] : 104 99 190 235 211 52 79 245 -->  8 éléments.
Vk[5] : 107 27 40 231 137 142 67 92 -->  8 éléments.
Vk[6] : 149 168 163 61 160 139 49 35 -->  8 éléments.
Vk[7] : 165 230 13 124 14 236 248 135 -->  8 éléments.
Vk[8] : 171 217 70 218 222 63 182 202 -->  8 éléments.
Vk[9] : 164 180 110 57 213 21 166 8 -->  8 éléments.
Vk[10] : 144 11 69 192 247 198 233 56 -->  8 éléments.
Vk[11] : 195 227 209 59 187 85 89 -->  7 éléments.
Vk[12] : 42 127 39 200 156 91 203 226 -->  8 éléments.
Vk[13] : 129 105 12 90 170 199 60 -->  7 éléments.
Vk[14] : 4 207 20 93 184 174 220 189 -->  8 éléments.
Vk[15] : 24 33 244 115 133 98 136 138 -->  8 éléments.
Vk[16] : 0 150 241 116 76 3 246 -->  7 éléments.
Vk[17] : 117 112 140 225 86 101 48 194 -->  8 éléments.
Vk[18] : 7 118 162 119 206 29 111 88 -->  8 éléments.
Vk[19] : 178 17 80 146 201 66 186 108 -->  8 éléments.
Vk[20] : 204 16 83 208 185 103 121 126 -->  8 éléments.
Vk[21] : 141 36 31 212 23 128 240 173 -->  8 éléments.
Vk[22] : 10 193 32 74 9 232 243 64 -->  8 éléments.
Vk[23] : 72 26 43 113 132 237 169 -->  7 éléments.
Vk[24] : 153 219 82 223 157 81 96 -->  7 éléments.
Vk[25] : 229 120 159 177 216 87 54 34 -->  8 éléments.
Vk[26] : 50 55 18 238 95 84 62 188 -->  8 éléments.
Vk[27] : 78 45 197 148 239 151 147 53 -->  8 éléments.
Vk[28] : 134 41 205 191 224 106 102 65 -->  8 éléments.
Vk[29] : 46 130 179 172 6 210 19 38 -->  8 éléments.
Vk[30] : 94 25 242 5 181 58 114 143 -->  8 éléments.
Vk[31] : 183 75 131 77 1 158 249 155 -->  8 éléments.
Matrice M
M[0] : 2 4 7 7 3 6 4 6 6 1 4 4 4 2 3 4 0 4 5 3 4 3 4 3 4 4 4 3 5 6 3 5
M[1] : 4 5 5 6 2 6 4 7 4 6 4 5 2 3 7 2 4 6 5 5 2 4 5 3 5 3 4 6 4 4 4 0
M[2] : 5 0 4 5 3 2 3 5 6 6 5 5 4 4 5 4 3 8 1 3 5 6 5 4 4 4 5 4 3 5 5 7
M[3] : 7 2 3 3 5 6 1 3 4 3 6 5 3 2 6 6 0 7 4 6 2 5 3 2 3 5 4 2 4 7 3 1
M[4] : 4 3 5 5 7 3 6 5 5 4 5 3 5 4 0 5 5 1 3 5 4 5 2 5 4 6 6 4 5 3 4 4
M[5] : 3 2 2 4 4 4 6 4 5 3 5 6 6 3 3 3 4 2 6 4 3 2 1 5 4 4 3 3 3 4 0 5
M[6] : 3 8 5 3 2 5 4 2 5 6 5 3 7 5 3 5 3 2 4 4 6 2 3 5 5 3 5 4 5 0 2 4
M[7] : 5 7 3 2 3 3 6 5 3 3 5 4 3 5 4 5 4 3 0 6 4 3 3 3 4 5 4 3 4 4 4 5
M[8] : 4 3 5 3 4 1 5 3 3 0 4 3 5 4 5 4 1 5 2 2 2 5 4 6 2 5 4 5 6 5 2 2
M[9] : 4 6 4 3 4 5 4 6 3 4 5 0 5 6 4 4 3 3 5 4 3 6 0 0 5 3 4 4 3 5 3 4
M[10] : 3 4 6 6 3 4 5 4 4 4 5 5 5 4 3 4 3 4 4 4 5 3 0 7 3 1 3 7 3 1 4 3
M[11] : 6 2 4 2 8 4 4 4 6 4 0 3 6 2 6 3 4 4 3 1 3 3 5 1 2 3 4 6 3 5 4 4
M[12] : 3 3 5 5 5 5 6 3 1 5 6 2 4 0 6 4 4 6 6 4 4 5 4 5 6 1 4 6 3 5 6 3
M[13] : 5 1 3 5 6 6 3 0 5 7 5 3 5 3 4 5 5 2 5 3 4 4 6 4 2 5 3 4 2 5 5 5
M[14] : 2 5 1 5 2 6 4 0 4 4 7 3 6 5 2 3 5 6 5 4 5 4 4 2 2 4 5 4 5 2 4 5
M[15] : 0 6 4 4 5 5 4 6 8 5 6 5 5 3 5 6 2 3 6 3 5 3 5 3 3 6 5 6 4 6 3 5
M[16] : 5 4 2 4 3 4 5 4 4 6 2 4 4 5 7 3 2 5 3 5 0 3 3 3 4 3 3 4 5 3 5 3
M[17] : 5 4 4 3 4 3 4 4 2 4 3 5 4 4 6 4 4 3 5 0 5 4 2 3 7 7 4 3 6 3 4 4
M[18] : 1 5 3 4 6 5 5 2 6 5 6 4 4 4 2 6 4 6 4 3 2 4 4 5 1 5 0 5 4 4 5 5
M[19] : 1 5 1 2 4 5 6 3 4 2 4 4 2 5 3 4 5 5 5 5 5 6 4 3 5 3 2 7 6 0 5 6
M[20] : 3 5 4 6 3 5 5 3 5 2 4 4 3 5 0 4 2 5 2 7 4 6 5 4 6 6 5 4 0 4 4 4
M[21] : 4 4 3 3 5 6 3 3 4 0 2 3 3 4 1 2 3 6 3 2 4 4 6 4 4 5 2 4 5 5 4 3
M[22] : 0 6 6 5 4 5 1 6 6 5 3 5 4 5 5 5 3 4 1 5 3 5 5 2 7 4 4 4 1 2 3 5
M[23] : 3 4 2 4 7 6 4 6 4 2 6 3 3 3 6 2 3 4 4 2 4 0 4 2 3 5 4 5 5 5 2 6
M[24] : 5 5 5 4 4 6 6 4 4 4 3 5 4 3 4 0 3 4 2 2 7 5 2 4 4 4 3 2 2 3 3 5
M[25] : 6 2 4 3 1 5 5 3 3 4 4 4 5 1 5 3 5 3 3 3 7 1 1 3 4 7 6 5 4 6 0 6
M[26] : 3 4 3 2 4 6 3 3 4 3 1 2 4 2 4 2 1 7 2 5 4 4 5 0 2 4 5 4 2 8 3 3
M[27] : 3 4 2 2 4 0 5 5 4 3 4 3 4 4 2 3 4 3 4 3 5 6 7 5 6 5 5 5 3 4 5 7
M[28] : 0 5 6 2 6 7 2 3 5 5 1 4 3 6 4 6 3 3 2 7 6 4 4 2 4 5 2 3 5 4 5 3
M[29] : 1 4 5 5 4 4 2 4 3 5 4 2 4 4 5 5 3 2 0 3 5 2 5 2 2 3 5 3 5 5 6 4
M[30] : 3 5 4 0 3 5 4 3 7 2 5 3 3 5 4 4 6 5 4 4 3 1 3 4 4 3 6 4 6 4 5 4
M[31] : 2 4 8 3 4 5 4 4 5 3 5 2 4 3 7 1 3 7 2 5 4 0 4 3 4 1 2 4 5 4 3 5
M[32] : 2 2 5 7 3 4 2 4 1 5 3 2 3 3 4 5 4 5 3 6 3 5 0 4 3 4 8 6 4 6 3 6
M[33] : 2 4 2 3 5 3 5 4 3 4 6 4 6 0 4 0 5 4 5 5 5 3 3 5 5 5 3 3 5 4 4 4
M[34] : 3 4 2 3 3 6 4 5 6 3 4 5 4 2 2 5 3 6 3 3 4 3 5 6 3 0 2 2 4 4 6 7
M[35] : 1 3 4 3 6 3 0 5 5 7 4 4 5 5 6 5 1 2 4 3 4 3 6 4 1 5 4 4 3 4 4 6
M[36] : 3 4 3 2 5 6 4 5 3 5 3 5 2 4 6 3 3 6 1 5 4 0 5 4 4 6 4 5 6 3 6 6
M[37] : 6 0 5 3 2 4 5 1 5 2 6 5 4 4 4 3 3 5 5 3 4 3 4 4 3 2 5 4 4 5 2 3
M[38] : 2 4 4 5 6 2 5 5 5 6 5 3 5 1 6 4 3 4 3 4 3 3 5 5 5 3 4 2 5 0 5 3
M[39] : 4 6 6 7 3 2 3 4 5 5 5 2 0 3 5 6 4 4 4 4 4 2 5 6 3 1 6 4 5 4 7 4
M[40] : 5 3 6 5 2 0 4 2 4 5 2 4 5 4 5 2 2 3 3 3 4 6 2 5 5 6 5 4 6 4 7 5
M[41] : 5 4 4 5 2 4 5 4 5 4 4 3 5 4 2 7 4 2 5 3 4 2 3 6 3 3 7 5 0 6 3 3
M[42] : 3 3 5 5 4 5 4 6 5 4 3 4 0 3 5 4 4 6 3 3 4 3 2 4 5 4 2 4 2 5 5 5
M[43] : 3 6 5 3 4 6 6 5 7 4 6 2 6 4 4 3 3 4 4 7 3 2 5 0 4 5 6 2 6 5 2 5
M[44] : 2 2 0 4 3 2 3 2 3 6 5 3 4 6 4 3 5 3 5 5 4 5 7 4 2 3 5 4 2 7 4 4
M[45] : 4 5 6 4 4 6 3 4 6 5 4 4 4 3 3 2 3 3 4 5 3 4 5 3 3 7 4 0 4 6 5 5
M[46] : 4 4 3 3 5 4 5 6 2 4 5 2 6 2 4 4 5 3 4 5 2 5 4 6 5 5 3 5 4 0 5 4
M[47] : 3 0 5 4 6 6 2 4 3 4 3 6 6 2 7 5 1 4 5 4 4 6 2 3 4 4 5 5 3 5 4 5
M[48] : 3 5 4 4 6 4 4 4 4 6 5 2 4 5 5 4 4 0 4 6 5 6 4 3 1 5 5 2 7 3 4 4
M[49] : 2 4 3 4 4 2 0 1 3 3 8 6 6 3 2 3 4 3 4 1 6 4 6 3 4 4 6 4 6 7 4 4
M[50] : 2 6 5 3 6 4 4 5 4 4 4 4 5 3 3 3 6 3 4 3 4 4 5 5 6 6 0 5 5 5 1 3
M[51] : 0 5 4 4 5 4 3 1 5 1 3 2 5 3 2 4 4 4 4 6 2 6 3 1 5 6 4 4 6 3 5 5
M[52] : 6 4 3 4 0 3 5 4 4 3 4 4 3 3 8 6 4 6 2 5 6 4 4 5 3 5 6 6 2 5 4 5
M[53] : 4 5 5 3 7 6 4 3 4 5 5 1 3 2 4 3 3 3 3 4 4 4 2 1 1 4 7 0 5 2 6 3
M[54] : 2 6 5 3 4 3 2 3 4 5 4 4 2 2 5 4 3 4 5 3 2 3 4 3 4 0 6 3 4 6 3 4
M[55] : 3 4 5 3 5 4 5 5 2 6 4 4 4 4 2 3 2 5 3 5 4 5 7 4 2 6 0 4 5 3 3 5
M[56] : 5 4 4 5 4 4 4 6 2 5 0 4 2 5 3 6 4 2 5 5 5 3 4 3 4 2 7 2 5 4 4 5
M[57] : 3 6 4 1 3 5 5 4 6 0 6 3 6 3 3 3 1 3 3 4 5 3 4 3 7 6 6 4 4 3 4 3
M[58] : 3 4 5 6 4 4 4 3 4 5 2 4 5 4 3 5 5 3 3 2 4 2 4 3 5 5 3 5 4 4 0 5
M[59] : 3 2 3 5 5 3 4 4 4 2 3 0 4 6 4 3 1 4 4 4 3 6 2 4 2 4 4 3 5 5 4 5
M[60] : 4 4 4 6 4 3 2 4 3 4 2 3 3 0 7 1 3 4 4 4 6 3 3 4 1 3 4 3 6 6 3 4
M[61] : 1 4 2 2 5 4 0 4 4 6 4 3 6 5 7 5 5 4 5 7 6 5 4 4 5 4 6 5 5 5 5 5
M[62] : 5 4 5 3 4 2 4 5 6 6 4 4 6 3 4 5 4 4 2 4 3 1 3 5 3 4 0 4 4 2 5 4
M[63] : 5 4 5 4 3 4 4 2 0 4 2 4 4 3 2 2 0 4 4 5 4 4 3 3 2 2 4 6 2 5 5 5
M[64] : 2 2 4 5 2 5 4 3 5 4 2 5 1 3 2 5 3 4 2 4 3 5 0 5 5 5 4 1 4 4 5 5
M[65] : 4 1 4 6 4 6 5 3 4 4 6 3 6 0 2 5 4 4 4 5 2 4 6 3 2 3 4 3 0 2 2 4
M[66] : 4 3 7 4 6 3 4 2 3 2 5 6 4 4 3 3 4 6 3 0 6 4 4 4 5 4 3 3 4 5 2 6
M[67] : 2 2 4 4 4 0 4 4 4 6 3 7 4 4 4 2 6 3 3 4 4 4 6 4 2 4 6 5 5 5 4 3
M[68] : 3 6 3 0 4 6 3 5 4 3 4 4 4 4 6 3 6 2 5 2 6 4 3 3 2 4 7 5 4 4 4 5
M[69] : 1 4 4 4 4 2 4 4 5 3 0 1 6 4 5 6 5 5 5 4 3 4 4 4 4 3 3 3 4 5 7 5
M[70] : 5 4 2 6 4 3 2 4 0 3 4 3 6 4 4 2 5 4 5 5 3 4 5 2 4 7 6 4 7 6 2 4
M[71] : 6 4 4 0 5 3 5 6 5 5 4 4 4 5 4 3 1 5 3 4 7 6 2 3 4 4 2 5 3 3 3 3
M[72] : 2 7 1 6 5 6 2 7 6 3 5 4 6 3 2 5 4 4 5 4 2 3 4 0 2 6 1 5 4 3 2 2
M[73] : 6 6 0 5 5 4 3 5 5 1 4 6 3 4 5 6 2 7 5 4 6 4 4 5 3 2 2 3 2 5 4 2
M[74] : 2 3 3 1 6 7 4 4 5 6 5 5 5 3 3 5 2 6 4 4 6 1 0 2 6 4 6 6 4 4 4 4
M[75] : 5 5 4 4 5 5 5 7 1 4 3 4 4 4 7 6 4 4 6 3 5 6 6 3 4 3 4 7 6 4 5 0
M[76] : 5 5 4 3 6 6 4 5 3 3 6 3 5 4 4 3 0 2 5 4 6 2 1 6 5 4 4 5 4 0 5 5
M[77] : 4 5 1 3 5 4 7 6 5 2 5 5 4 1 5 4 3 4 7 4 5 7 6 4 5 6 7 5 1 5 5 0
M[78] : 2 5 5 4 6 6 3 5 4 4 7 4 5 5 5 4 2 4 3 3 4 3 5 1 4 5 6 0 5 4 3 5
M[79] : 5 4 4 5 0 3 3 3 4 4 6 4 4 4 4 4 3 4 4 7 4 5 2 5 3 5 5 6 3 3 3 5
M[80] : 6 1 6 5 7 5 3 1 5 0 4 2 4 4 5 4 3 3 4 0 2 4 4 5 1 2 4 6 4 5 4 4
M[81] : 3 6 5 4 4 1 5 3 4 4 8 1 5 5 6 4 3 2 4 4 7 6 6 3 0 5 3 3 3 4 5 5
M[82] : 4 4 3 5 4 4 4 4 2 5 3 4 3 2 4 4 2 3 3 6 6 4 4 4 0 3 4 6 5 3 3 6
M[83] : 3 2 3 5 6 6 3 5 3 2 7 5 6 4 5 5 5 4 4 6 0 3 4 3 3 3 3 3 6 6 6 4
M[84] : 5 4 2 4 2 4 4 5 4 2 7 5 2 4 4 2 4 4 3 2 3 5 5 3 6 4 0 5 3 4 5 2
M[85] : 5 7 3 6 4 4 5 4 7 5 4 0 1 2 4 4 2 6 6 6 6 6 6 5 3 4 6 5 6 4 3 5
M[86] : 5 8 3 3 4 4 1 4 3 3 4 2 4 3 3 6 4 0 2 3 5 5 1 4 4 2 5 2 3 4 4 4
M[87] : 7 5 0 5 5 3 2 5 5 6 3 4 4 2 6 5 4 3 5 5 4 5 5 5 5 0 5 4 4 2 6 3
M[88] : 1 4 3 5 4 7 6 5 4 3 6 5 2 3 5 5 5 4 0 5 6 2 3 5 3 3 1 3 4 6 5 6
M[89] : 2 6 3 3 3 3 3 6 1 6 5 0 5 2 3 2 4 2 5 4 5 2 3 0 3 4 7 5 6 2 3 2
M[90] : 4 4 5 3 3 7 1 4 6 4 6 4 4 0 4 2 4 5 3 4 3 1 4 3 3 5 2 3 3 3 3 2
M[91] : 1 3 3 3 5 4 3 3 4 3 4 3 0 4 6 3 3 5 3 6 5 4 4 4 4 5 3 3 7 6 4 4
M[92] : 5 6 4 6 1 0 2 5 4 3 5 3 4 4 5 4 5 4 4 4 4 3 3 6 4 4 2 5 5 3 6 3
M[93] : 2 6 7 3 7 4 7 2 4 3 5 4 7 4 0 5 3 3 5 2 5 6 4 5 3 4 4 2 4 5 4 4
M[94] : 4 4 6 5 4 6 3 4 3 5 5 3 4 3 2 5 4 5 4 4 5 3 4 1 4 5 5 3 3 4 0 3
M[95] : 2 6 2 7 6 5 6 4 4 6 3 6 3 2 7 3 5 5 6 4 2 3 4 3 2 3 0 2 5 2 6 4
M[96] : 6 3 4 4 0 5 4 3 5 4 5 4 3 4 5 5 2 4 6 8 2 5 3 4 0 3 5 2 4 6 5 3
M[97] : 4 0 7 4 2 4 2 4 5 3 4 5 5 3 3 5 3 5 3 3 6 6 4 5 5 2 4 2 4 5 3 4
M[98] : 6 4 4 5 2 2 4 5 5 4 7 3 5 3 7 0 4 5 4 4 4 2 4 3 2 4 3 4 5 6 3 3
M[99] : 3 4 6 4 0 6 5 6 8 4 4 1 3 3 3 3 3 2 4 7 3 5 5 6 3 4 4 7 4 4 3 4
M[100] : 4 4 0 5 5 3 3 3 3 5 4 3 4 4 6 5 3 2 5 5 3 6 3 3 4 6 5 4 5 3 5 3
M[101] : 4 4 3 5 3 4 5 3 4 5 5 4 7 3 4 4 4 0 6 5 6 5 6 4 2 2 2 6 2 4 4 3
M[102] : 2 5 3 4 1 5 3 3 3 4 3 3 3 3 4 3 5 5 7 7 4 6 1 4 2 5 5 6 0 4 3 4
M[103] : 3 4 4 4 6 5 6 6 4 2 7 3 6 5 3 6 5 6 7 4 0 5 3 7 2 4 2 4 6 6 5 3
M[104] : 3 2 3 3 0 2 3 3 5 4 5 3 1 3 5 2 4 4 6 4 5 4 6 5 2 7 3 4 5 5 5 4
M[105] : 5 2 3 6 1 3 3 4 4 4 3 3 4 0 5 2 4 1 4 5 3 3 5 3 3 2 4 1 4 5 3 7
M[106] : 3 3 5 5 4 5 6 3 1 4 5 5 5 3 4 3 2 4 6 5 4 6 3 3 4 4 6 5 0 5 4 3
M[107] : 5 6 3 4 3 0 3 3 4 1 3 1 3 5 4 0 3 3 5 4 5 6 8 4 4 4 1 5 3 6 3 5
M[108] : 2 5 5 4 5 5 3 6 4 1 4 3 3 5 6 6 4 5 3 0 5 3 4 6 4 3 2 3 2 3 4 3
M[109] : 4 4 0 5 3 1 1 4 5 3 4 3 5 4 4 4 5 4 4 6 5 2 5 3 4 3 3 7 3 3 3 3
M[110] : 5 6 3 5 6 5 5 6 2 0 4 2 4 4 5 6 2 6 5 4 4 4 6 4 6 3 5 7 4 4 4 5
M[111] : 4 2 5 4 5 6 6 7 8 2 3 4 3 3 5 5 1 4 0 2 3 3 4 3 5 4 6 3 2 4 4 5
M[112] : 3 6 5 1 1 4 2 2 3 7 6 3 6 4 3 3 6 0 3 5 4 4 4 4 4 5 7 4 4 5 4 5
M[113] : 3 3 7 4 6 7 6 4 5 3 3 4 3 3 4 3 3 6 4 5 5 3 2 0 3 3 6 5 4 3 6 3
M[114] : 4 3 3 2 3 6 5 5 4 2 6 3 5 4 3 6 5 4 5 5 5 4 4 4 3 3 5 5 5 6 0 2
M[115] : 4 6 4 6 4 0 6 5 3 2 5 3 4 2 5 0 4 4 2 5 5 4 4 5 4 2 1 4 4 2 4 5
M[116] : 2 4 2 4 4 4 5 2 3 2 4 2 1 4 3 5 0 7 4 4 6 5 4 4 4 6 4 4 2 6 5 7
M[117] : 3 5 5 3 6 2 4 5 6 5 3 4 7 4 4 6 6 0 5 3 6 6 7 4 3 4 6 3 5 5 5 7
M[118] : 3 2 4 2 4 3 6 4 3 2 5 5 1 3 5 3 4 5 0 4 5 4 5 4 3 7 5 2 6 2 6 4
M[119] : 2 3 3 5 3 2 3 6 6 5 3 2 5 5 3 5 4 3 0 5 1 4 4 3 1 6 3 6 3 4 4 2
M[120] : 4 3 4 2 5 4 3 6 4 3 4 3 4 5 4 5 3 2 5 4 5 5 2 2 2 0 4 5 3 5 3 4
M[121] : 4 5 6 3 3 4 7 4 7 5 5 3 4 5 1 3 4 6 3 5 0 4 4 5 6 3 5 2 4 7 6 5
M[122] : 5 5 0 3 4 5 5 4 4 3 4 5 4 4 6 5 6 3 1 6 6 3 5 3 3 2 6 3 4 6 4 1
M[123] : 6 0 2 4 5 2 3 1 4 8 4 4 5 3 5 4 5 5 4 2 5 4 4 3 2 6 5 1 3 3 3 5
M[124] : 2 3 7 2 4 6 4 0 5 5 6 6 3 5 6 5 5 4 4 5 5 6 3 4 4 3 2 3 4 5 4 6
M[125] : 0 5 2 5 4 3 5 3 5 5 5 5 4 2 4 5 3 6 2 4 4 3 4 5 1 3 4 5 5 1 6 5
M[126] : 5 5 5 3 5 5 6 5 4 5 4 3 4 5 1 5 3 5 4 3 0 6 7 4 4 4 1 4 5 5 4 4
M[127] : 4 4 4 5 3 3 4 5 3 4 5 3 0 3 3 5 5 5 4 3 6 3 4 3 2 5 6 3 5 8 4 5
M[128] : 5 5 7 5 5 2 5 5 4 6 2 7 6 1 4 3 2 6 5 2 4 0 3 5 5 4 2 3 3 2 1 3
M[129] : 3 4 5 6 7 0 5 2 4 5 3 2 6 0 5 4 3 5 2 4 7 4 4 3 4 4 5 6 3 2 6 3
M[130] : 3 7 5 2 6 6 3 6 4 1 6 5 6 3 4 1 3 5 4 4 5 3 2 4 3 5 5 4 2 0 4 2
M[131] : 5 5 3 2 5 4 4 3 6 3 4 3 5 1 2 5 4 3 4 4 5 4 4 6 3 4 3 5 6 4 5 0
M[132] : 4 5 2 3 4 4 5 5 3 6 1 2 5 3 4 7 3 5 6 5 6 2 5 0 3 5 7 3 7 4 4 5
M[133] : 4 5 3 3 5 3 2 3 3 4 5 2 3 2 3 0 2 4 4 3 2 3 5 2 4 3 3 3 3 2 6 2
M[134] : 4 4 4 3 3 3 4 4 4 5 5 5 4 2 4 4 4 6 2 3 6 7 6 3 3 6 6 3 0 3 3 5
M[135] : 0 4 5 6 4 3 3 0 3 3 4 3 4 2 5 3 5 4 4 3 5 4 4 5 2 4 5 4 3 5 3 6
M[136] : 4 5 3 3 1 1 4 3 3 5 4 4 4 2 3 0 5 4 7 2 6 4 5 3 5 7 6 5 3 4 4 7
M[137] : 2 4 4 7 4 0 2 6 4 6 3 1 6 3 5 5 6 5 5 7 4 6 5 4 3 5 4 6 5 4 3 5
M[138] : 3 2 3 6 3 5 5 3 2 7 5 3 5 3 4 0 7 4 4 3 4 5 5 5 5 3 5 4 4 5 6 3
M[139] : 3 4 2 3 4 3 0 4 2 6 2 5 4 2 4 5 3 4 4 5 4 4 2 3 1 5 5 4 4 3 2 5
M[140] : 3 3 3 1 3 5 3 4 3 6 5 5 6 5 4 4 5 0 4 2 4 2 4 4 3 5 1 5 4 4 3 4
M[141] : 2 5 4 3 1 5 3 2 3 6 4 3 2 5 4 4 3 4 3 4 4 0 5 3 4 6 4 3 6 4 4 7
M[142] : 2 3 2 3 4 0 6 5 5 6 3 3 2 2 5 4 4 3 4 2 5 2 5 4 4 3 7 6 4 5 3 3
M[143] : 5 3 2 5 3 2 2 4 5 5 4 5 4 2 7 3 4 5 6 5 5 4 3 5 4 6 2 6 2 3 0 5
M[144] : 3 5 4 5 5 5 5 6 3 3 0 5 3 2 4 4 4 2 5 5 4 5 2 2 6 5 5 4 4 7 3 3
M[145] : 4 0 1 4 5 3 3 3 2 5 1 4 5 1 3 7 3 5 3 5 3 2 1 4 3 5 4 5 6 3 4 6
M[146] : 3 3 5 3 6 3 3 3 6 3 2 3 2 2 4 3 3 4 3 0 5 3 5 2 4 5 1 4 5 5 4 4
M[147] : 3 4 5 4 5 3 5 5 3 4 4 2 6 4 3 6 5 3 4 5 5 4 6 5 5 3 3 0 5 3 2 5
M[148] : 3 2 3 3 3 5 5 5 3 6 5 4 3 3 3 3 3 6 4 4 3 1 5 2 1 4 4 0 4 3 6 7
M[149] : 3 5 2 2 4 3 0 5 6 3 1 4 3 3 4 5 4 1 6 3 6 5 2 4 6 3 4 3 2 5 6 4
M[150] : 3 4 6 5 3 5 4 7 2 3 5 6 3 3 3 6 0 3 2 3 6 3 4 5 2 1 7 1 6 4 6 5
M[151] : 6 3 4 5 4 5 6 2 1 3 2 5 4 4 7 4 3 5 3 6 3 6 3 4 4 5 4 0 7 5 6 7
M[152] : 4 5 4 0 5 3 4 4 4 3 4 4 4 5 5 3 1 3 5 4 3 4 5 1 5 3 1 3 5 6 5 4
M[153] : 3 4 5 1 2 5 6 4 6 5 2 5 6 4 5 5 0 4 4 5 4 4 3 4 0 3 4 4 5 7 4 4
M[154] : 5 3 0 5 6 2 4 3 3 4 4 4 4 5 6 2 4 5 4 5 0 4 6 3 2 2 3 6 4 1 5 5
M[155] : 4 4 2 7 4 5 5 4 5 3 4 4 5 3 5 4 2 6 4 2 4 6 2 3 5 2 3 4 6 3 4 0
M[156] : 5 4 4 3 5 5 4 2 4 5 3 5 0 5 5 6 2 5 4 3 5 3 5 2 6 5 5 5 2 5 5 5
M[157] : 5 5 2 3 4 5 1 2 6 5 6 3 4 4 5 4 3 3 1 3 3 4 4 1 0 2 4 2 5 5 4 5
M[158] : 5 4 4 7 2 2 3 6 6 4 6 5 3 4 4 4 5 4 5 7 6 3 6 4 3 5 3 3 2 6 4 0
M[159] : 6 4 2 5 7 5 5 3 5 4 3 5 5 3 3 3 3 2 5 4 4 3 5 5 4 0 7 5 4 3 6 5
M[160] : 3 4 4 4 6 5 0 2 4 2 6 1 1 2 3 6 4 1 5 3 5 4 3 4 3 4 4 4 4 3 4 4
M[161] : 3 5 4 0 4 4 3 4 5 2 6 4 5 4 2 4 4 3 2 4 2 5 4 5 3 5 3 3 4 3 3 6
M[162] : 1 4 2 2 5 1 2 4 5 4 6 4 5 4 4 2 4 6 0 5 5 2 3 5 3 6 2 4 5 3 6 5
M[163] : 4 4 6 5 4 5 0 5 5 3 6 3 3 1 5 5 3 5 3 3 4 3 4 4 3 2 3 5 4 4 2 3
M[164] : 4 5 4 3 5 5 4 6 3 0 6 5 4 5 3 5 4 5 4 2 5 6 5 4 2 5 5 3 4 4 3 3
M[165] : 4 2 3 4 2 3 6 0 5 4 4 1 4 3 5 5 3 4 5 5 5 2 4 5 4 5 6 4 3 3 5 3
M[166] : 4 3 2 4 4 5 3 5 5 0 4 3 3 3 4 5 3 5 5 1 3 6 4 3 5 4 5 4 4 5 5 7
M[167] : 0 4 6 3 3 2 1 2 4 5 3 3 2 5 4 2 3 3 1 4 6 4 3 4 4 5 5 4 6 4 5 6
M[168] : 3 0 3 6 3 4 0 7 4 3 5 4 3 3 4 3 3 5 3 3 5 5 3 5 5 2 6 4 5 5 4 4
M[169] : 2 3 4 3 4 4 5 5 4 6 4 1 4 4 4 4 5 3 4 1 4 6 5 0 3 5 5 2 5 7 4 7
M[170] : 6 4 7 3 4 3 2 4 3 2 4 3 5 0 6 2 4 5 4 2 7 3 5 3 4 1 6 4 5 4 2 4
M[171] : 6 5 4 5 5 7 3 5 0 5 6 3 3 4 5 5 3 2 6 6 5 2 4 4 6 5 3 5 3 6 5 3
M[172] : 4 5 5 7 5 6 6 2 5 4 8 4 4 6 3 2 4 8 5 2 4 4 7 4 5 7 2 2 1 0 4 4
M[173] : 5 5 5 4 5 4 5 3 2 5 6 5 5 3 5 7 3 4 1 2 4 0 5 3 3 2 5 3 5 4 3 2
M[174] : 1 4 5 5 5 2 5 4 4 3 2 3 6 2 0 4 3 6 4 5 3 4 1 1 6 5 7 6 3 5 2 6
M[175] : 3 2 4 0 2 2 3 5 2 3 5 2 4 3 5 7 2 1 4 6 4 4 5 4 4 1 5 4 6 6 7 8
M[176] : 5 5 0 3 2 5 3 4 3 7 5 2 4 6 6 3 4 5 4 5 4 5 3 2 4 2 6 4 4 4 3 3
M[177] : 4 3 5 3 4 3 4 2 4 5 5 2 6 2 6 3 5 5 4 4 3 3 5 3 2 0 4 8 5 6 6 1
M[178] : 6 1 4 5 6 3 4 4 5 4 2 4 4 4 7 2 7 3 6 0 5 2 6 2 6 5 4 4 6 4 4 4
M[179] : 2 2 4 6 3 4 3 4 5 6 5 3 7 6 3 5 4 5 5 4 7 3 3 4 3 6 4 4 6 0 4 5
M[180] : 4 4 4 3 3 3 3 5 4 0 5 5 4 2 4 4 2 4 3 2 6 4 5 3 2 3 6 7 2 4 5 3
M[181] : 3 3 4 6 3 3 4 3 5 5 4 2 1 3 3 4 5 6 3 3 5 4 6 3 2 6 5 5 2 4 0 4
M[182] : 5 3 3 4 5 3 4 5 0 4 5 3 4 2 5 3 6 4 3 3 6 4 5 4 2 4 1 3 3 4 2 4
M[183] : 5 2 2 3 5 6 4 2 5 6 6 3 5 5 4 6 4 4 2 4 3 6 6 4 4 4 4 5 4 5 3 0
M[184] : 2 4 5 6 5 5 2 6 3 2 6 5 4 4 0 4 5 4 4 5 4 5 6 2 4 2 3 4 3 1 3 6
M[185] : 5 5 6 4 3 3 5 4 3 5 5 4 3 3 2 5 3 5 4 4 0 3 4 4 6 4 4 2 2 5 5 5
M[186] : 3 5 4 3 6 4 4 4 4 3 5 2 5 3 4 3 2 3 7 0 3 3 6 3 3 3 6 4 4 3 5 4
M[187] : 5 6 4 6 3 4 6 4 5 5 3 0 2 2 4 5 5 4 3 6 3 6 4 2 5 6 5 4 3 2 4 2
M[188] : 5 2 5 4 3 5 7 3 4 5 4 6 4 6 6 4 4 4 5 6 4 3 5 6 4 3 0 6 7 5 4 4
M[189] : 4 4 6 5 5 7 3 3 2 6 4 5 6 4 0 4 4 4 6 5 3 4 4 1 4 4 3 5 3 5 5 4
M[190] : 4 3 7 3 0 2 6 3 4 5 3 5 8 5 8 5 6 4 4 3 7 6 2 3 1 6 3 4 2 5 3 2
M[191] : 4 3 4 5 6 4 3 3 4 5 3 5 3 4 1 4 4 4 4 5 4 6 5 4 3 5 5 5 0 3 3 5
M[192] : 4 2 5 3 4 3 6 3 7 6 0 3 3 6 3 7 3 7 4 3 4 5 4 5 3 3 4 6 2 7 4 4
M[193] : 5 5 5 6 4 4 4 4 4 8 1 3 3 3 5 3 3 3 5 4 3 6 0 3 1 3 4 3 7 5 4 5
M[194] : 3 3 6 6 4 3 2 2 4 3 3 5 4 4 6 3 3 0 3 3 5 5 3 4 1 6 6 5 4 5 5 4
M[195] : 5 7 7 4 5 4 4 2 5 4 6 0 6 3 3 4 5 2 5 2 5 5 4 3 4 2 5 3 4 6 5 7
M[196] : 4 2 6 0 3 6 4 6 2 4 2 5 6 5 7 4 5 2 3 1 4 2 7 2 4 4 4 4 5 5 3 5
M[197] : 2 5 5 6 5 6 3 3 6 6 4 5 3 3 7 3 3 4 4 5 3 4 4 3 5 6 4 0 4 5 4 5
M[198] : 5 5 5 3 3 2 4 7 3 6 0 6 4 6 6 5 4 5 3 4 4 6 4 3 2 5 7 4 6 5 3 4
M[199] : 4 6 6 6 5 6 5 2 4 6 4 4 7 0 3 4 2 5 7 6 6 8 3 2 4 7 5 5 1 6 2 3
M[200] : 4 4 6 4 3 6 5 5 4 4 3 3 0 6 3 1 3 5 2 4 4 6 3 3 3 5 4 5 3 4 4 3
M[201] : 4 4 4 2 4 4 3 4 5 2 2 4 5 3 3 4 1 4 2 0 7 2 5 3 5 2 5 6 4 5 4 4
M[202] : 3 2 6 3 5 3 3 5 0 3 4 1 4 3 4 5 4 4 6 3 5 6 2 7 3 5 5 4 4 4 4 5
M[203] : 2 6 2 5 3 5 3 5 2 4 4 1 0 3 5 3 2 5 5 4 6 5 2 5 4 6 4 4 6 4 5 3
M[204] : 3 4 4 6 6 5 5 4 6 4 3 3 5 4 6 5 4 4 4 6 0 2 4 3 5 5 6 7 2 1 4 4
M[205] : 5 4 2 7 6 5 5 1 6 3 2 4 5 4 1 2 5 3 4 3 2 5 6 6 5 3 3 4 0 4 6 3
M[206] : 2 3 4 6 3 4 3 2 3 5 4 4 5 3 2 4 4 3 0 3 4 5 7 5 5 1 3 5 7 5 2 5
M[207] : 5 5 3 5 7 4 3 6 2 4 2 3 1 6 0 3 3 7 5 6 4 5 4 5 4 6 4 6 3 5 4 6
M[208] : 3 4 3 5 4 3 3 3 4 3 2 5 7 5 6 4 5 5 4 5 0 5 4 2 1 4 3 2 2 5 4 7
M[209] : 3 5 4 3 3 4 4 5 3 3 6 0 3 4 7 4 6 4 4 4 5 3 4 2 3 6 4 6 4 3 4 4
M[210] : 3 4 4 6 6 4 4 1 6 5 5 4 5 3 5 5 2 2 3 5 6 5 4 4 1 4 3 5 2 0 5 6
M[211] : 4 4 4 4 0 4 4 1 1 6 5 5 5 3 7 3 3 5 4 7 3 5 3 2 5 3 5 5 5 5 3 6
M[212] : 5 6 1 5 5 3 4 4 4 6 3 3 3 2 2 4 3 7 6 4 6 0 5 3 6 4 4 5 5 5 5 7
M[213] : 4 3 6 6 6 5 5 6 5 0 6 5 3 5 3 4 4 5 4 2 3 3 4 3 2 6 4 4 4 4 5 7
M[214] : 4 4 0 5 5 6 4 4 3 2 4 3 5 2 3 1 5 5 1 3 5 5 3 3 3 6 0 6 6 2 2 4
M[215] : 1 1 6 0 6 7 3 2 5 6 2 4 4 4 4 6 4 4 5 4 5 4 7 5 1 5 6 4 7 3 4 2
M[216] : 5 4 5 4 5 5 5 5 4 7 2 4 5 4 5 4 4 6 2 4 3 5 2 5 3 0 3 6 4 3 5 3
M[217] : 5 5 1 5 4 5 6 5 0 5 3 4 3 2 2 4 2 3 4 4 4 2 4 4 4 5 4 4 4 6 3 4
M[218] : 6 5 5 2 4 6 6 1 0 3 5 5 6 4 6 2 2 6 2 4 5 2 2 5 4 4 3 3 4 3 8 7
M[219] : 4 6 3 5 3 4 3 4 5 3 2 3 5 3 6 5 5 6 5 5 4 5 5 3 0 6 4 4 3 4 3 3
M[220] : 5 5 5 2 6 2 4 4 5 4 4 3 4 7 0 6 5 4 4 3 4 3 4 3 3 4 2 3 3 3 3 4
M[221] : 6 0 3 3 2 5 4 4 5 4 4 5 4 5 6 2 3 2 4 1 3 6 5 4 6 2 3 3 3 8 6 4
M[222] : 4 6 3 5 5 4 5 8 0 5 5 4 1 3 2 3 2 1 5 4 3 6 4 3 5 6 5 5 5 2 5 5
M[223] : 2 5 3 5 6 7 5 4 2 4 4 4 4 3 3 6 5 1 3 4 5 5 6 3 0 3 5 6 2 3 6 6
M[224] : 5 5 4 5 3 3 2 3 5 4 3 3 3 5 6 4 4 4 4 4 6 6 6 4 5 6 2 6 0 4 4 6
M[225] : 1 4 5 2 5 2 4 4 1 4 3 4 3 3 5 2 2 0 3 4 5 6 3 6 5 3 4 5 3 4 3 6
M[226] : 4 4 3 2 4 2 5 5 4 3 1 3 0 6 4 5 3 6 3 4 5 2 4 4 3 4 2 5 4 6 3 2
M[227] : 5 4 5 3 5 5 4 2 2 4 5 0 3 2 5 5 2 7 3 3 3 5 3 2 4 5 6 4 3 6 6 6
M[228] : 0 5 7 4 5 1 4 4 6 6 7 4 4 5 2 5 5 2 3 4 5 2 5 3 3 7 4 2 5 2 4 3
M[229] : 5 3 3 4 6 6 4 6 6 4 2 4 5 3 6 5 2 4 6 4 5 5 3 4 2 0 4 5 7 7 6 2
M[230] : 3 5 3 4 4 3 4 0 5 5 3 5 4 1 2 4 3 5 3 3 4 4 5 6 4 4 4 3 1 4 4 6
M[231] : 3 1 3 5 5 0 3 4 6 5 5 5 4 1 2 5 5 4 2 3 4 4 4 5 3 4 3 5 4 5 3 5
M[232] : 4 4 5 4 2 5 3 2 4 6 5 3 4 4 6 4 2 4 5 5 6 5 0 5 3 6 5 5 7 3 1 6
M[233] : 1 4 4 5 4 4 6 3 6 3 0 5 3 1 3 3 4 5 5 2 5 3 4 2 2 3 2 5 4 4 6 5
M[234] : 2 0 6 3 3 3 6 4 4 2 4 3 1 5 3 5 3 4 4 5 3 4 2 6 6 7 7 6 3 5 1 3
M[235] : 3 3 2 3 0 2 6 7 4 6 5 4 4 4 4 3 5 4 3 6 4 5 4 4 2 3 5 5 3 6 4 4
M[236] : 4 3 4 3 4 1 5 0 2 4 5 3 4 1 7 4 4 2 5 4 2 4 3 4 3 5 3 5 2 3 3 3
M[237] : 3 5 4 6 5 4 4 5 3 5 4 3 3 4 4 7 4 4 5 1 7 6 3 0 5 5 5 3 5 5 6 5
M[238] : 5 7 3 6 3 4 3 2 1 3 4 4 4 4 6 3 4 5 2 2 5 4 5 4 5 4 0 5 5 3 4 4
M[239] : 4 1 4 3 6 4 4 4 7 5 5 5 5 4 2 5 3 4 4 1 3 5 3 5 4 4 4 0 3 5 2 2
M[240] : 2 4 4 4 5 6 4 3 5 2 3 5 3 6 4 6 3 1 3 1 1 0 5 3 4 4 4 3 7 4 3 3
M[241] : 2 2 6 5 5 5 3 4 3 2 6 4 4 6 4 4 0 7 5 4 3 3 3 2 1 3 5 4 6 1 7 3
M[242] : 3 7 4 3 5 4 2 6 5 3 5 2 7 5 3 6 2 4 7 5 5 7 3 3 4 5 4 2 5 3 0 3
M[243] : 7 1 4 4 4 6 4 6 3 1 4 3 3 2 3 2 3 3 6 5 4 5 0 3 5 5 4 1 4 4 2 6
M[244] : 5 4 5 4 5 5 5 4 3 3 4 3 2 4 5 0 3 3 6 5 3 4 4 4 4 6 5 5 6 4 5 5
M[245] : 4 4 4 6 0 5 4 4 5 4 4 2 2 4 6 3 2 3 4 5 4 3 2 2 4 6 4 3 5 4 2 4
M[246] : 2 3 6 2 4 3 6 6 3 6 2 1 6 3 7 5 0 4 4 4 4 2 4 1 1 4 5 6 5 5 5 4
M[247] : 3 5 4 5 4 4 3 5 2 7 0 5 1 2 2 5 5 4 6 3 7 3 3 4 7 3 4 6 3 6 4 6
M[248] : 5 3 3 6 5 6 4 0 6 6 4 3 5 3 2 2 3 1 6 1 5 4 4 4 3 5 3 4 4 2 4 5
M[249] : 0 7 4 5 6 4 3 4 5 5 4 2 3 5 4 3 4 6 3 4 5 3 4 3 3 2 3 4 4 3 3 0

