 Execution de l'algoritme BITS sur le fichier dsjc250.5.txt
=====================================================================
 Partitions  : 
Vk[0] : 164 41 186 220 176 71 216 -->  7 éléments.
Vk[1] : 85 76 170 94 8 59 202 75 -->  8 éléments.
Vk[2] : 2 207 132 30 192 233 243 146 -->  8 éléments.
Vk[3] : 35 166 120 163 229 150 62 201 -->  8 éléments.
Vk[4] : 99 244 28 96 101 189 0 -->  7 éléments.
Vk[5] : 219 11 194 123 80 82 159 223 -->  8 éléments.
Vk[6] : 124 15 215 157 117 108 197 81 -->  8 éléments.
Vk[7] : 241 204 234 213 66 126 221 37 -->  8 éléments.
Vk[8] : 248 45 57 91 90 151 135 116 -->  8 éléments.
Vk[9] : 51 49 137 167 58 174 22 67 -->  8 éléments.
Vk[10] : 144 237 156 53 54 9 205 -->  7 éléments.
Vk[11] : 89 27 242 148 195 169 102 175 -->  8 éléments.
Vk[12] : 239 228 172 5 4 14 17 -->  7 éléments.
Vk[13] : 34 212 142 105 245 128 240 39 -->  8 éléments.
Vk[14] : 32 198 70 153 145 26 29 56 -->  8 éléments.
Vk[15] : 184 86 74 88 10 106 222 208 -->  8 éléments.
Vk[16] : 127 23 113 42 138 158 191 98 -->  8 éléments.
Vk[17] : 87 95 61 122 109 154 44 19 -->  8 éléments.
Vk[18] : 111 246 210 231 161 36 7 16 -->  8 éléments.
Vk[19] : 187 103 1 114 183 38 226 131 -->  8 éléments.
Vk[20] : 171 247 196 225 173 206 63 64 -->  8 éléments.
Vk[21] : 97 121 180 224 119 134 162 20 -->  8 éléments.
Vk[22] : 69 190 40 147 179 155 193 -->  7 éléments.
Vk[23] : 238 18 72 73 21 84 143 93 -->  8 éléments.
Vk[24] : 104 25 31 50 178 139 140 133 -->  8 éléments.
Vk[25] : 199 182 12 33 77 129 60 136 -->  8 éléments.
Vk[26] : 3 65 83 47 181 78 185 168 -->  8 éléments.
Vk[27] : 218 24 211 177 13 6 230 236 -->  8 éléments.
Vk[28] : 235 149 130 152 92 100 125 68 -->  8 éléments.
Vk[29] : 217 249 48 46 203 200 118 209 -->  8 éléments.
Vk[30] : 112 141 165 160 79 232 52 -->  7 éléments.
Vk[31] : 43 188 55 110 107 214 115 227 -->  8 éléments.
Matrice M
M[0] : 5 5 4 1 0 5 5 4 4 3 2 6 4 5 5 4 6 6 3 4 4 3 5 3 5 3 3 4 6 5 3 2
M[1] : 4 6 4 4 6 7 7 4 6 5 3 7 3 3 6 5 1 4 4 0 4 4 5 5 4 3 3 4 6 3 3 3
M[2] : 4 6 0 5 2 5 6 5 4 5 6 4 3 4 3 6 3 4 4 3 5 4 5 4 4 5 3 4 5 6 4 7
M[3] : 5 1 5 2 4 6 3 3 2 6 3 5 4 3 3 4 5 6 4 3 5 2 2 3 5 4 0 6 4 6 5 4
M[4] : 5 4 3 6 2 7 5 3 6 5 4 4 0 4 6 2 4 5 5 4 4 1 4 5 6 5 6 6 6 1 4 3
M[5] : 2 6 5 5 4 5 4 1 2 4 5 6 0 1 2 3 5 4 5 6 3 4 5 3 2 5 2 3 6 4 2 2
M[6] : 4 5 5 5 6 5 2 5 4 3 5 4 2 4 7 0 6 4 4 4 2 5 3 5 3 6 6 0 4 3 2 5
M[7] : 0 6 7 5 6 6 3 4 4 3 3 3 5 4 3 2 4 4 0 4 4 4 4 5 4 6 4 5 5 2 2 4
M[8] : 6 0 4 3 4 2 4 0 5 3 7 4 6 3 6 5 4 6 3 5 3 3 1 3 2 4 2 3 4 3 3 3
M[9] : 1 3 5 2 4 7 6 7 4 2 0 3 4 7 1 4 4 6 1 4 6 6 3 4 3 5 5 3 2 3 3 4
M[10] : 2 3 4 5 4 5 6 3 3 5 4 6 2 3 5 0 5 5 5 3 4 4 3 5 2 5 6 4 2 4 2 5
M[11] : 2 3 3 3 5 0 5 3 3 6 1 3 6 2 2 6 6 5 3 5 4 2 2 3 2 3 7 4 4 5 7 4
M[12] : 5 4 4 3 6 5 4 5 6 5 4 5 5 2 7 3 4 5 3 4 5 5 4 5 4 0 4 2 4 5 4 4
M[13] : 3 5 6 5 4 1 4 3 4 4 2 3 4 5 3 4 5 6 6 5 5 5 7 4 5 3 6 0 5 3 2 3
M[14] : 4 6 4 6 1 4 3 6 4 3 5 4 0 3 6 6 5 1 6 3 3 4 3 3 4 5 5 0 5 7 2 4
M[15] : 5 5 4 4 4 4 0 5 4 4 4 2 4 6 5 3 5 2 5 6 5 5 6 5 4 4 6 8 6 3 4 8
M[16] : 4 3 2 5 2 6 6 3 3 5 2 5 5 4 2 6 5 1 0 1 4 5 2 6 4 5 5 6 3 5 2 3
M[17] : 4 5 3 6 5 5 6 4 3 4 1 6 0 4 4 4 4 4 4 2 1 4 1 4 2 6 7 6 2 5 4 7
M[18] : 5 5 5 5 3 4 2 5 3 2 4 6 4 6 6 1 3 2 5 3 6 5 3 0 3 4 5 5 5 3 6 5
M[19] : 3 4 3 6 4 5 2 5 4 4 5 5 2 5 3 5 6 0 3 5 6 4 2 1 4 5 6 4 5 4 3 4
M[20] : 4 3 5 6 3 8 6 5 3 3 5 5 1 4 2 3 3 5 5 4 4 0 3 4 4 6 4 5 5 5 4 2
M[21] : 3 3 1 4 2 3 4 2 2 4 4 2 2 5 4 6 4 4 6 4 4 4 4 0 4 3 5 6 4 4 5 2
M[22] : 5 3 4 6 4 7 5 3 6 0 4 3 2 4 3 2 4 4 5 3 4 4 4 5 5 5 5 6 5 3 4 2
M[23] : 4 2 3 4 4 4 5 2 4 4 6 6 6 3 3 1 0 5 5 6 6 4 5 2 3 4 3 3 7 4 4 1
M[24] : 3 3 2 4 5 3 6 4 3 6 4 3 2 7 4 5 3 3 7 4 4 2 4 4 3 3 6 0 4 4 3 3
M[25] : 5 3 3 7 3 5 4 3 6 4 3 4 2 2 2 2 5 5 6 6 3 4 3 7 0 2 4 4 4 6 1 4
M[26] : 2 4 2 5 3 3 4 3 1 2 2 4 4 6 0 4 2 5 3 5 4 5 5 5 2 3 3 2 3 4 5 4
M[27] : 2 3 2 6 5 6 4 4 4 3 5 0 4 5 4 3 6 4 4 6 4 4 3 3 2 4 5 6 3 5 4 6
M[28] : 5 4 4 2 0 7 3 7 4 3 3 4 3 6 3 4 3 5 4 5 3 3 3 4 4 5 3 4 3 5 5 6
M[29] : 4 2 1 4 4 2 2 3 4 5 6 4 3 5 0 5 3 7 1 6 5 1 5 3 4 5 6 3 5 1 3 4
M[30] : 4 4 0 3 4 6 3 5 5 4 3 2 4 5 4 6 2 3 4 3 6 3 3 7 4 6 3 4 5 5 3 3
M[31] : 2 3 6 3 3 4 4 3 5 5 2 2 4 3 3 4 6 5 5 3 5 5 6 6 0 4 4 1 5 3 3 3
M[32] : 5 2 5 4 3 4 5 3 5 4 1 3 4 5 0 1 4 6 3 6 3 4 3 6 5 5 4 5 5 3 4 5
M[33] : 4 4 4 5 4 5 5 6 3 3 3 4 4 4 4 4 6 4 4 6 5 6 2 4 0 0 6 4 3 3 2 2
M[34] : 2 4 5 2 3 2 4 5 5 3 6 4 3 0 6 2 5 0 6 7 3 2 5 4 6 5 4 4 2 3 6 4
M[35] : 5 4 5 0 3 2 2 2 1 3 4 2 6 4 4 5 6 3 4 6 5 3 5 4 3 7 3 4 3 7 4 5
M[36] : 3 7 4 4 6 4 4 4 3 7 6 5 4 2 4 6 4 3 0 4 2 4 3 5 4 4 7 6 1 3 4 4
M[37] : 4 2 3 2 5 2 2 0 3 4 5 5 3 4 2 4 5 5 5 3 5 5 2 6 1 3 4 3 5 5 5 6
M[38] : 2 4 6 3 1 6 6 4 4 5 5 4 2 3 5 7 6 4 2 0 5 1 3 6 8 2 5 5 3 3 1 4
M[39] : 4 5 5 5 4 3 4 3 5 4 2 5 4 0 7 2 5 5 4 3 4 4 5 6 5 3 3 7 5 3 4 5
M[40] : 5 3 3 6 4 4 4 4 4 5 5 4 3 4 5 6 3 3 3 5 3 5 0 5 3 6 5 2 6 5 2 3
M[41] : 0 7 3 6 2 4 4 3 5 5 3 4 3 4 7 3 5 6 4 4 1 2 2 4 4 5 5 5 3 5 2 6
M[42] : 2 5 2 4 3 4 4 4 4 5 4 4 3 3 5 5 0 5 4 3 6 2 5 4 4 4 3 7 4 4 4 4
M[43] : 2 7 5 6 5 6 3 4 5 3 2 2 4 5 5 3 5 6 4 6 7 7 3 4 2 3 4 7 4 4 4 0
M[44] : 5 6 2 5 2 3 5 5 3 2 3 4 3 4 5 5 7 0 3 5 7 3 4 2 3 4 4 3 3 3 2 6
M[45] : 4 5 4 4 2 4 4 7 0 7 2 4 3 5 3 5 4 6 7 5 5 3 4 4 4 5 3 5 2 5 1 5
M[46] : 4 3 5 5 4 4 6 4 4 4 3 5 4 3 6 2 7 3 4 5 4 6 3 4 5 3 4 3 4 0 4 3
M[47] : 5 4 4 1 3 4 5 1 5 4 2 5 3 5 4 6 5 5 6 6 3 4 3 7 4 5 0 6 6 2 2 5
M[48] : 7 5 6 3 3 3 3 5 4 5 2 2 3 5 5 5 4 3 2 4 4 8 2 7 5 5 5 4 5 0 3 5
M[49] : 3 5 6 5 2 3 3 4 4 0 4 3 3 3 6 5 4 3 5 5 3 3 5 3 3 6 4 3 5 5 2 6
M[50] : 4 4 4 5 4 6 3 4 6 2 4 3 1 3 7 6 5 5 5 5 2 6 4 0 0 4 6 5 5 3 6 3
M[51] : 3 6 3 4 5 6 2 5 2 0 5 3 5 5 4 3 4 4 5 3 4 3 2 2 6 1 4 3 4 5 3 5
M[52] : 4 6 3 6 4 7 6 5 3 5 5 4 5 2 1 4 5 5 5 6 6 3 4 5 5 7 3 2 5 2 0 3
M[53] : 2 5 4 4 3 2 3 5 4 6 0 3 3 4 4 5 4 5 4 1 4 4 4 5 6 1 3 4 5 2 2 5
M[54] : 3 3 6 1 3 4 4 4 4 2 0 2 3 1 5 4 5 3 4 6 5 5 3 6 3 3 2 5 5 3 3 5
M[55] : 3 5 3 6 2 5 5 4 6 6 6 3 2 5 5 4 6 5 2 4 3 3 3 3 4 4 3 2 5 5 4 0
M[56] : 5 6 3 5 2 1 6 7 3 3 0 7 4 3 0 4 6 2 2 2 4 5 4 6 3 4 8 4 3 5 4 6
M[57] : 4 1 3 6 4 6 5 4 0 5 4 4 2 3 5 2 4 5 5 4 5 6 7 2 4 3 2 7 2 3 3 4
M[58] : 3 3 5 2 4 3 7 5 7 0 3 3 3 4 4 3 4 7 4 4 2 2 4 4 3 5 4 4 5 4 4 3
M[59] : 3 0 4 4 4 4 4 1 5 2 2 3 5 5 1 4 4 4 5 6 4 3 2 4 5 6 2 5 5 2 3 4
M[60] : 4 3 4 4 3 1 3 7 4 7 3 5 2 2 3 3 3 3 5 5 4 5 6 5 1 0 2 3 4 4 3 4
M[61] : 4 4 6 5 6 5 3 5 5 2 1 2 3 5 5 7 6 0 3 5 3 6 3 5 4 6 5 7 6 5 4 6
M[62] : 5 5 4 0 3 3 3 2 5 7 4 5 4 1 6 4 5 6 3 2 3 3 3 2 5 6 4 6 3 3 4 3
M[63] : 4 3 4 4 4 2 6 5 3 3 3 1 4 4 3 4 4 4 4 6 0 4 3 4 3 3 4 1 5 2 1 5
M[64] : 1 5 3 5 2 5 3 4 3 1 2 5 3 3 6 3 6 7 6 4 0 4 1 6 4 3 1 2 4 4 2 5
M[65] : 2 1 6 2 3 4 2 4 3 4 4 6 5 5 5 3 2 2 3 3 5 3 5 2 5 2 0 4 6 5 3 6
M[66] : 4 3 5 3 4 4 6 0 3 3 3 5 3 4 6 2 4 5 5 6 5 2 5 3 7 4 5 2 4 4 2 5
M[67] : 4 5 4 7 2 4 6 4 6 0 3 4 2 2 2 6 4 5 4 6 3 3 1 5 5 2 4 5 4 5 4 5
M[68] : 4 5 5 2 1 4 3 7 5 5 4 2 5 5 4 4 6 4 5 5 3 5 4 7 3 4 6 2 0 3 2 4
M[69] : 4 2 2 4 5 4 3 5 5 3 5 3 7 4 2 5 5 3 4 6 3 3 0 4 5 5 2 5 3 5 4 5
M[70] : 4 3 6 3 3 3 6 6 2 4 4 2 5 4 0 4 5 2 6 5 3 6 4 4 4 3 4 4 6 5 4 5
M[71] : 0 6 4 3 7 5 7 4 4 5 3 3 3 6 2 5 4 4 2 3 4 5 4 3 4 3 5 3 4 4 3 3
M[72] : 6 5 4 3 1 4 4 4 5 3 3 4 5 4 4 2 4 1 4 2 6 3 4 0 3 5 2 5 6 8 4 3
M[73] : 2 3 5 4 5 5 5 5 4 6 5 4 3 3 3 5 4 1 6 5 5 5 4 0 5 4 2 5 5 4 5 1
M[74] : 5 5 4 4 5 3 4 4 5 5 5 6 3 3 5 0 3 4 4 6 5 5 5 3 6 2 3 4 1 5 2 6
M[75] : 5 0 5 3 3 3 6 3 6 6 3 7 5 6 1 6 5 6 7 0 3 3 5 4 5 4 5 6 4 4 6 8
M[76] : 3 0 3 4 3 3 5 5 3 6 3 6 6 4 4 4 6 5 3 5 3 6 3 3 3 6 3 5 4 3 4 3
M[77] : 1 2 6 6 2 4 5 5 5 5 5 7 3 7 5 4 3 5 5 3 3 5 4 3 5 0 4 7 7 3 6 5
M[78] : 3 3 4 4 4 8 3 4 3 4 4 3 1 4 6 3 3 6 7 3 3 6 5 5 3 7 0 6 4 4 4 4
M[79] : 4 3 5 4 2 5 5 5 3 5 4 4 5 4 4 5 5 3 5 3 4 2 3 7 5 5 3 3 5 3 0 5
M[80] : 3 3 3 0 6 0 3 1 4 6 4 3 2 2 4 6 4 6 5 4 4 3 4 3 5 5 3 3 5 4 5 4
M[81] : 2 5 5 2 2 3 0 5 5 6 5 3 2 7 6 5 4 5 1 5 5 6 3 6 4 4 5 6 4 4 5 1
M[82] : 4 1 1 4 3 0 4 7 3 2 6 4 5 3 2 3 4 4 4 5 6 5 4 4 4 5 5 4 4 5 2 4
M[83] : 5 6 7 5 2 2 7 3 4 8 5 5 5 4 4 4 4 4 7 4 3 4 2 5 3 4 0 4 5 3 3 2
M[84] : 3 5 6 3 3 5 7 4 1 5 3 5 6 4 5 5 5 2 5 2 3 2 3 0 3 3 3 5 3 2 5 2
M[85] : 3 0 6 4 2 4 6 7 3 6 3 3 4 4 7 6 2 3 5 2 7 5 5 6 6 5 6 3 6 5 5 5
M[86] : 2 4 4 3 3 5 4 5 1 4 4 2 4 2 4 0 3 2 5 6 2 5 3 4 4 4 6 4 2 4 3 4
M[87] : 5 4 6 2 5 6 2 6 5 7 5 5 5 4 4 2 4 0 3 2 4 7 1 4 7 5 5 3 3 7 2 2
M[88] : 5 7 4 4 3 3 4 6 3 3 3 6 6 3 4 0 3 4 5 5 5 3 4 3 6 4 6 3 6 3 2 3
M[89] : 2 3 1 5 2 4 4 7 6 4 4 0 4 4 5 6 5 3 6 1 4 4 1 4 1 1 5 3 1 3 4 3
M[90] : 4 6 4 3 1 3 6 6 0 4 5 5 5 4 4 5 4 4 1 2 4 1 6 3 1 1 1 5 6 4 1 3
M[91] : 4 3 3 4 2 6 4 3 0 5 4 6 4 2 4 4 4 2 4 6 4 7 2 2 4 5 5 4 3 3 6 3
M[92] : 5 4 7 1 6 2 6 4 5 3 5 6 6 4 7 4 5 3 4 2 5 3 1 5 4 4 3 3 0 3 3 3
M[93] : 2 4 5 4 4 3 3 4 3 4 5 2 0 4 5 4 7 7 6 3 4 3 4 0 4 5 6 4 6 7 4 7
M[94] : 3 0 3 4 5 4 3 5 2 4 6 4 3 5 0 3 2 5 5 3 4 6 4 5 3 3 4 6 6 5 3 5
M[95] : 3 4 4 6 4 6 2 5 4 6 3 6 3 6 4 5 3 0 2 5 5 5 5 4 4 3 5 3 2 5 3 3
M[96] : 4 5 4 5 0 4 5 4 3 6 4 6 4 5 4 6 2 4 4 4 3 5 3 2 4 4 1 5 5 4 0 7
M[97] : 5 3 4 1 3 2 4 2 5 3 4 4 1 4 6 5 4 6 3 4 3 0 3 6 4 6 2 6 5 8 2 6
M[98] : 3 2 6 4 4 3 4 4 4 4 4 5 5 2 5 5 0 4 6 4 2 5 3 4 4 3 4 5 5 5 5 3
M[99] : 3 4 4 4 0 5 6 3 5 4 6 5 3 4 3 4 4 6 5 2 3 3 4 3 5 4 4 7 3 7 1 7
M[100] : 5 5 4 4 5 5 5 4 2 5 3 4 4 5 4 2 5 2 3 2 4 7 5 3 4 5 6 5 0 3 3 3
M[101] : 4 5 6 5 0 4 3 3 4 5 2 3 2 5 5 3 6 4 5 5 4 5 6 4 4 4 5 4 4 5 2 2
M[102] : 5 5 4 5 4 2 3 6 4 3 3 0 3 4 4 3 3 2 4 6 4 4 4 4 3 2 5 3 6 3 4 5
M[103] : 3 4 5 6 4 2 5 3 5 3 4 6 5 6 5 6 5 4 5 0 3 6 6 2 7 6 4 3 4 7 6 3
M[104] : 2 8 5 3 3 5 3 3 3 4 6 3 3 3 4 6 2 3 5 5 5 4 2 4 0 3 8 4 3 4 1 3
M[105] : 5 4 3 5 4 1 5 5 4 2 3 3 4 0 4 4 3 4 5 3 3 3 4 5 3 2 2 2 3 3 2 6
M[106] : 3 5 7 6 4 4 4 2 5 6 3 4 1 3 3 0 3 5 6 6 4 2 5 5 6 1 3 3 5 5 4 5
M[107] : 2 2 4 3 4 5 4 5 2 3 5 4 1 5 5 4 3 3 7 2 7 2 5 2 4 3 6 2 5 4 4 0
M[108] : 3 3 5 3 7 5 0 5 4 3 2 4 3 2 5 5 5 4 4 4 6 4 1 3 2 4 2 5 4 5 5 4
M[109] : 3 4 3 5 4 4 4 7 5 3 5 1 5 2 6 2 4 0 6 5 4 3 2 3 3 4 4 5 2 1 3 5
M[110] : 6 4 5 4 5 5 6 5 5 5 2 5 5 4 5 5 2 3 5 5 6 4 4 4 7 6 4 5 3 3 4 0
M[111] : 2 3 3 5 4 4 4 2 5 5 2 5 4 6 2 5 5 4 0 3 4 2 5 7 4 5 2 6 4 3 5 5
M[112] : 4 6 8 6 2 3 4 5 4 2 2 5 2 3 6 3 5 6 1 3 2 3 5 7 3 6 4 5 3 4 0 5
M[113] : 5 3 4 5 4 2 5 3 4 4 3 4 3 4 3 4 0 5 4 5 5 4 4 6 4 5 3 5 4 4 5 6
M[114] : 2 2 4 3 4 4 2 3 4 3 5 6 3 5 5 6 6 4 5 0 4 7 4 3 5 6 3 4 5 4 4 4
M[115] : 4 5 4 5 3 4 5 4 2 3 4 5 4 6 3 5 4 5 2 3 5 3 3 3 5 2 2 4 3 3 5 0
M[116] : 1 2 4 2 5 6 5 5 0 5 2 1 3 4 3 4 3 6 6 6 3 3 4 4 8 7 4 2 5 5 3 2
M[117] : 3 8 6 4 5 2 0 5 5 4 3 4 4 5 6 6 7 4 5 6 4 4 4 5 4 6 5 4 3 6 4 6
M[118] : 4 5 4 3 6 3 3 5 3 3 5 5 3 3 5 5 5 6 3 3 0 4 4 5 3 5 3 6 2 0 4 3
M[119] : 5 3 5 5 4 4 4 3 4 3 2 5 5 4 5 4 2 5 3 3 4 0 1 2 5 7 1 2 4 5 2 3
M[120] : 3 4 2 0 3 4 3 6 5 3 2 4 5 4 5 4 4 3 4 2 2 4 3 3 4 5 3 5 2 6 5 5
M[121] : 4 7 6 3 4 6 3 5 5 3 2 2 4 4 3 4 5 5 3 3 7 0 3 6 3 8 3 5 6 7 4 5
M[122] : 3 6 5 4 6 5 6 4 3 8 2 5 2 5 2 5 4 0 2 2 2 3 5 4 5 2 5 5 4 3 5 6
M[123] : 3 6 4 5 5 0 4 5 4 3 6 3 4 4 2 4 0 3 4 5 2 5 3 7 5 2 4 3 4 4 4 3
M[124] : 5 4 6 6 5 4 0 6 4 5 1 5 5 4 4 4 7 4 4 7 4 7 4 3 3 5 2 2 5 5 2 4
M[125] : 5 6 7 4 4 3 2 4 3 2 5 5 4 2 4 4 7 2 2 6 4 4 2 3 5 4 4 4 0 3 4 5
M[126] : 2 4 3 2 4 5 6 0 6 5 2 5 3 3 6 4 8 5 3 4 7 5 5 4 2 5 5 5 5 2 4 4
M[127] : 2 3 0 4 3 4 4 5 3 3 5 6 5 3 4 4 0 6 6 5 3 5 5 6 6 6 4 4 6 3 0 6
M[128] : 4 6 3 4 6 4 3 2 5 4 4 4 2 0 3 3 3 7 5 3 3 5 3 5 1 4 3 3 6 5 4 5
M[129] : 6 5 5 2 4 5 5 4 5 2 4 3 4 2 4 2 7 5 4 3 3 5 1 6 5 0 7 5 2 3 6 2
M[130] : 3 3 5 3 6 3 5 4 6 3 3 5 2 4 6 2 2 4 4 3 5 4 4 6 3 4 3 5 0 5 4 4
M[131] : 2 2 6 3 4 5 2 7 6 7 2 5 2 5 7 5 7 4 6 0 3 3 2 1 5 3 2 4 1 2 6 5
M[132] : 4 4 0 3 4 3 6 4 5 4 3 3 6 5 4 6 3 4 3 5 3 6 3 6 6 5 6 4 4 4 3 4
M[133] : 5 4 5 3 4 5 3 2 2 3 3 1 3 5 6 3 1 4 1 5 6 3 5 4 0 3 4 3 1 1 2 1
M[134] : 3 8 3 4 3 4 4 4 3 5 5 4 1 3 5 5 5 5 5 5 5 0 5 3 5 2 3 3 5 3 4 6
M[135] : 5 6 6 4 2 2 4 4 0 2 4 5 3 7 3 4 4 6 4 3 3 1 3 3 5 3 3 2 4 5 1 7
M[136] : 3 6 4 7 2 4 4 4 3 2 4 2 5 4 6 4 4 3 3 7 5 5 5 4 3 0 5 3 3 4 4 4
M[137] : 5 4 3 4 7 5 5 6 7 0 3 3 5 4 3 5 5 3 6 4 3 4 4 5 3 3 7 5 3 5 5 5
M[138] : 4 4 3 6 4 3 7 3 4 4 4 5 2 3 5 3 0 4 7 5 4 5 5 4 3 4 5 3 5 4 5 4
M[139] : 5 2 4 3 4 3 2 6 4 3 5 3 5 4 0 5 3 5 4 7 2 1 4 3 0 4 4 4 1 1 4 6
M[140] : 4 4 4 4 3 3 4 4 6 4 5 4 3 4 2 5 6 2 4 5 4 3 2 2 0 3 3 3 4 5 3 5
M[141] : 4 5 4 4 2 7 3 6 2 4 4 3 3 3 4 5 4 1 2 5 2 6 6 4 2 5 4 2 3 6 0 5
M[142] : 2 5 5 3 6 3 5 5 6 3 4 2 3 0 3 5 3 3 2 5 6 3 1 5 3 1 6 6 2 3 5 5
M[143] : 3 3 5 4 4 5 5 4 5 5 6 6 4 4 5 4 2 5 3 2 3 4 4 0 3 3 5 5 4 4 4 3
M[144] : 4 4 4 6 2 5 5 3 6 2 0 4 3 3 2 4 4 4 6 4 2 6 4 4 4 4 7 5 6 3 3 5
M[145] : 2 3 3 5 6 4 5 4 4 2 5 4 4 4 0 3 5 1 2 3 4 4 3 3 4 3 2 5 5 5 3 3
M[146] : 2 3 0 3 4 1 3 4 4 2 4 4 3 1 5 5 4 5 6 5 4 6 2 2 4 4 4 2 5 3 4 3
M[147] : 3 3 4 6 4 6 3 5 6 3 5 4 1 3 6 4 6 4 4 6 3 2 0 6 6 3 4 4 3 2 6 4
M[148] : 5 4 2 5 6 4 4 5 3 3 1 0 3 2 3 4 3 4 0 7 6 4 2 6 2 6 4 2 3 5 4 4
M[149] : 3 4 2 2 4 4 4 6 4 3 2 4 4 3 2 2 3 3 4 5 5 4 6 3 4 3 4 4 0 6 4 6
M[150] : 3 5 3 0 3 2 4 3 2 5 5 5 6 1 3 4 5 6 3 4 3 3 7 7 3 2 5 6 4 4 3 7
M[151] : 6 5 4 3 6 5 4 2 0 6 3 5 4 5 4 5 2 4 5 5 3 5 4 4 6 5 5 4 5 3 4 5
M[152] : 2 3 3 4 3 6 6 4 2 5 3 3 5 4 5 5 7 5 2 3 3 2 6 4 2 5 6 3 0 3 4 1
M[153] : 4 2 4 2 3 1 3 4 5 5 5 3 5 4 0 7 5 5 1 4 8 4 5 5 4 6 3 3 4 4 3 6
M[154] : 4 6 5 4 4 2 6 5 5 6 2 3 2 3 3 4 4 0 3 4 5 4 3 2 5 6 3 4 1 3 4 4
M[155] : 2 5 5 5 4 5 4 3 3 5 4 4 4 5 4 5 6 1 5 3 7 3 0 3 3 3 4 5 5 4 2 3
M[156] : 7 4 4 6 3 7 6 3 2 7 0 3 3 5 6 4 4 3 5 5 2 3 6 7 3 6 4 4 2 2 3 3
M[157] : 3 4 5 2 5 2 0 3 4 7 4 3 6 4 3 3 3 1 4 3 4 2 4 4 4 5 5 3 3 2 4 4
M[158] : 3 5 6 6 3 6 4 5 3 4 3 6 4 3 5 5 0 3 5 4 5 6 3 2 4 6 4 5 5 5 3 4
M[159] : 3 2 3 5 5 0 5 1 6 6 6 2 4 3 4 5 5 2 4 6 4 5 5 6 5 4 6 4 4 5 4 4
M[160] : 3 5 3 4 3 3 4 5 4 5 3 5 4 5 4 2 4 4 6 4 3 4 1 4 1 5 2 5 3 2 0 2
M[161] : 2 5 4 3 3 6 3 3 2 4 5 2 3 5 5 5 5 3 0 4 5 2 4 3 3 4 6 4 2 4 4 5
M[162] : 3 7 7 3 4 4 6 5 3 2 6 6 4 4 3 2 4 2 2 4 3 0 2 3 1 5 5 2 3 7 5 2
M[163] : 5 2 6 0 4 4 4 6 2 2 5 4 4 5 3 3 5 5 7 4 4 2 5 3 4 5 1 3 3 3 2 4
M[164] : 0 4 5 4 2 3 6 5 3 3 4 3 4 7 4 3 3 6 3 3 7 5 3 4 4 5 4 5 4 6 6 3
M[165] : 5 3 3 5 3 4 6 3 1 3 2 4 5 3 7 5 5 4 3 4 4 4 3 6 4 2 4 3 4 4 0 5
M[166] : 4 4 3 0 5 4 5 2 3 6 2 6 5 5 4 2 6 3 5 4 4 3 5 3 7 3 3 6 2 4 4 4
M[167] : 4 5 4 6 5 5 4 3 2 0 3 2 4 3 4 4 4 5 3 5 3 4 2 6 2 5 4 5 2 3 2 3
M[168] : 2 5 2 2 2 5 5 4 6 2 4 7 5 4 2 3 2 4 4 3 5 5 2 4 6 2 0 6 5 7 2 5
M[169] : 3 6 5 3 4 4 4 6 5 2 1 0 3 5 2 5 5 5 5 7 4 3 5 5 3 4 3 5 3 3 4 5
M[170] : 5 0 4 5 6 4 5 5 2 5 4 4 4 3 3 7 0 5 4 6 2 6 3 2 3 2 4 2 3 3 4 6
M[171] : 4 2 6 4 4 6 8 5 4 5 5 5 6 6 5 3 2 5 6 2 0 6 6 3 4 5 4 4 5 3 3 3
M[172] : 5 3 6 5 5 4 6 4 4 7 3 3 0 4 7 4 3 3 5 6 7 3 5 3 5 6 4 2 6 4 5 2
M[173] : 5 3 4 3 3 2 6 5 4 2 4 5 4 2 5 6 5 4 2 5 0 3 2 4 3 5 3 4 4 4 4 8
M[174] : 4 5 2 4 2 5 7 5 4 0 3 3 4 4 2 3 4 7 4 3 2 3 3 5 4 3 4 4 2 7 5 5
M[175] : 2 3 4 4 6 2 3 2 4 3 4 0 6 3 5 2 7 4 5 6 3 6 5 5 4 6 4 3 4 4 2 2
M[176] : 0 2 4 4 4 2 3 7 6 5 4 2 5 3 3 6 2 1 2 3 6 5 4 5 5 4 4 3 5 8 3 5
M[177] : 2 5 4 5 3 4 5 3 6 4 1 4 6 5 4 2 3 5 5 2 3 5 5 4 4 4 4 0 3 6 5 4
M[178] : 5 4 4 4 6 4 6 3 4 6 3 3 4 5 5 5 4 6 4 8 3 3 3 2 0 4 4 3 5 4 4 5
M[179] : 3 3 2 6 5 2 5 4 5 3 6 4 4 6 7 4 5 4 5 5 4 6 0 2 2 6 4 6 3 4 3 7
M[180] : 4 4 4 3 2 4 3 3 3 4 3 6 2 4 5 3 6 3 3 4 5 0 4 3 3 4 7 3 3 5 4 4
M[181] : 4 3 4 6 2 4 2 5 3 4 3 4 4 4 6 6 1 6 4 4 5 1 3 4 4 4 0 5 5 4 2 3
M[182] : 4 4 5 5 6 3 4 4 5 2 3 3 6 4 1 4 6 3 3 2 4 4 6 4 3 0 3 3 4 2 5 1
M[183] : 2 4 6 4 2 4 6 2 5 4 4 5 3 5 3 5 5 5 4 0 7 4 6 3 5 5 5 3 1 5 3 6
M[184] : 3 5 5 2 4 4 5 3 4 4 2 2 3 3 6 0 5 5 5 7 7 2 5 3 3 3 3 4 3 3 6 5
M[185] : 3 7 3 6 4 7 4 3 2 4 4 1 3 1 4 3 6 4 3 4 2 4 7 4 7 5 0 3 3 3 4 7
M[186] : 0 3 6 3 4 2 0 4 5 4 3 2 5 4 6 4 3 6 3 3 3 6 4 3 4 2 4 5 4 6 6 4
M[187] : 4 4 5 5 4 7 7 5 2 3 2 5 5 4 3 5 5 5 3 0 4 4 4 3 6 3 3 5 6 3 2 2
M[188] : 6 7 4 4 3 4 7 5 5 5 7 6 6 3 6 4 4 7 4 4 5 4 2 2 2 4 5 2 5 6 5 0
M[189] : 2 4 2 4 0 5 7 1 4 5 1 5 4 6 3 6 4 6 5 4 5 7 6 4 6 4 3 6 5 3 1 4
M[190] : 4 5 4 4 4 5 3 5 6 2 3 3 4 5 4 3 5 5 6 5 3 3 0 4 4 5 5 4 5 7 4 3
M[191] : 3 4 2 5 4 3 7 5 4 5 1 6 4 4 6 2 0 6 2 5 4 4 5 4 4 6 2 2 3 6 5 3
M[192] : 5 4 0 5 4 3 6 3 4 4 3 4 6 5 3 2 6 4 4 4 4 6 2 4 3 7 5 5 7 6 3 2
M[193] : 4 4 4 5 5 1 4 5 4 4 1 3 3 3 3 5 5 5 4 4 4 3 0 4 6 5 5 5 6 4 4 4
M[194] : 4 2 4 1 3 0 2 5 4 5 4 4 5 3 1 2 2 7 6 5 3 6 4 5 4 5 5 4 4 3 3 8
M[195] : 0 5 5 3 5 1 3 7 5 4 4 0 5 5 4 4 5 7 5 7 3 5 1 6 4 4 5 5 7 4 3 5
M[196] : 2 4 5 4 3 4 1 3 5 7 2 4 3 5 4 5 5 6 4 4 0 5 5 2 0 6 5 5 4 5 2 7
M[197] : 4 5 6 3 3 7 0 5 3 5 6 4 3 2 3 5 4 6 5 5 5 5 0 2 4 5 3 4 7 5 6 5
M[198] : 3 5 5 4 3 2 5 6 6 3 5 5 4 4 0 5 6 4 5 6 3 4 2 7 3 5 4 6 6 5 4 4
M[199] : 5 4 5 4 2 5 5 6 2 4 2 2 7 7 4 4 5 7 6 4 5 6 5 3 6 0 2 3 7 8 5 4
M[200] : 4 4 4 6 5 4 6 0 4 6 1 2 4 3 2 5 3 5 3 4 4 4 7 1 4 5 5 4 5 0 2 6
M[201] : 0 4 2 0 4 4 3 3 6 6 3 5 0 4 3 4 4 7 3 4 2 6 5 4 1 3 5 5 3 4 4 5
M[202] : 4 0 5 6 4 3 3 2 6 4 2 3 3 7 5 3 5 4 6 5 1 7 2 4 5 2 4 4 3 5 4 4
M[203] : 5 2 6 5 4 4 3 4 5 5 2 4 5 5 3 4 4 3 3 4 3 5 6 5 2 3 4 6 4 0 2 3
M[204] : 6 4 5 6 3 4 7 0 6 3 4 7 2 4 4 6 0 4 2 4 4 4 4 4 4 6 3 5 4 3 6 6
M[205] : 2 5 4 3 4 4 4 2 3 5 0 4 4 7 6 3 3 3 4 3 5 3 6 3 5 4 5 3 2 5 4 6
M[206] : 6 4 3 0 4 4 6 5 4 1 4 6 1 4 3 6 6 3 1 4 0 3 5 5 6 4 3 2 5 5 4 4
M[207] : 4 5 0 4 4 4 7 5 5 2 4 4 3 4 4 4 3 4 5 6 2 5 5 4 5 5 5 6 6 4 5 3
M[208] : 3 4 5 4 4 2 1 5 4 1 4 4 2 5 3 0 4 5 4 6 6 6 4 1 5 6 2 3 5 6 5 3
M[209] : 7 3 4 4 4 6 2 3 3 5 3 2 4 2 4 4 5 4 3 3 8 8 6 6 3 4 5 6 4 0 0 2
M[210] : 2 5 6 3 2 2 4 4 5 5 4 5 3 4 3 4 6 4 0 5 6 5 5 5 3 4 6 4 3 2 4 4
M[211] : 5 4 5 5 3 7 7 4 4 5 4 2 5 4 4 5 5 4 4 4 5 2 4 4 3 3 4 0 2 5 2 5
M[212] : 4 6 3 4 4 6 6 5 4 6 4 6 2 0 3 6 1 3 2 4 4 7 6 4 5 4 5 5 3 6 4 3
M[213] : 3 4 6 4 4 4 4 0 5 4 4 5 4 5 4 4 4 6 4 4 4 3 6 3 4 7 3 5 7 5 3 4
M[214] : 4 6 3 4 7 3 5 5 4 2 4 7 4 4 4 2 3 1 5 2 4 4 6 2 2 0 5 4 2 3 3 0
M[215] : 4 2 3 5 4 4 0 5 5 5 6 6 2 6 4 4 5 4 3 2 7 3 4 5 4 2 3 4 4 3 5 8
M[216] : 0 4 4 3 4 6 6 4 6 7 3 6 6 2 1 1 5 3 3 4 3 5 4 5 5 6 4 0 6 5 5 5
M[217] : 4 3 3 7 2 6 6 5 3 6 2 6 3 3 2 3 4 4 5 7 2 5 1 3 3 3 3 5 5 0 3 3
M[218] : 2 4 5 5 5 4 4 4 5 7 5 4 3 4 2 3 5 5 4 5 1 5 5 7 4 4 5 0 3 5 3 3
M[219] : 2 5 6 6 4 0 4 5 5 5 3 4 3 4 3 4 4 4 5 5 6 4 2 3 3 4 5 5 2 5 5 4
M[220] : 0 6 4 5 5 2 3 4 4 2 3 2 3 4 6 4 4 4 3 2 2 4 4 2 6 7 3 4 5 5 4 5
M[221] : 2 6 4 3 2 4 4 0 4 6 3 5 3 6 6 5 3 5 3 4 3 4 4 5 1 4 1 4 7 4 6 4
M[222] : 3 5 6 4 5 6 7 4 7 3 3 3 4 6 3 0 3 5 4 5 4 4 3 6 4 3 3 5 3 1 4 3
M[223] : 3 5 4 2 4 0 4 4 5 5 5 4 4 5 2 2 4 5 6 4 5 5 3 4 7 4 5 3 5 2 5 5
M[224] : 4 4 5 4 5 3 6 5 7 3 4 5 7 7 4 5 6 4 4 5 4 0 4 4 4 3 4 3 1 6 3 1
M[225] : 2 1 6 3 1 4 5 6 5 2 2 2 3 4 5 4 5 4 3 3 0 5 3 6 4 3 6 3 2 4 5 3
M[226] : 3 6 0 0 4 4 3 7 5 3 3 6 6 3 3 5 2 3 3 0 2 3 4 2 4 6 5 5 4 5 3 3
M[227] : 4 2 2 6 4 4 5 4 3 7 4 2 3 6 4 7 4 6 4 4 5 2 3 6 4 4 7 4 3 2 2 0
M[228] : 6 6 6 4 2 5 2 5 4 1 2 4 0 4 5 3 4 5 4 4 5 4 5 5 3 5 4 4 5 2 5 5
M[229] : 3 5 4 0 2 3 5 4 6 6 2 4 7 5 4 6 3 4 6 2 1 5 3 4 5 5 4 7 6 6 6 5
M[230] : 3 5 2 6 5 3 4 3 1 4 4 5 0 3 4 6 6 4 6 4 3 3 3 4 2 4 6 0 4 7 1 3
M[231] : 3 5 3 4 6 5 3 3 6 2 3 4 3 3 2 6 5 3 0 5 5 1 5 5 6 2 4 5 3 5 1 4
M[232] : 5 4 5 3 2 6 7 4 6 5 4 5 3 7 4 4 3 3 3 3 6 6 3 4 4 5 5 1 4 3 0 6
M[233] : 5 4 0 3 2 1 4 5 3 3 4 5 5 3 3 6 3 6 2 5 5 4 3 4 6 2 5 2 4 3 4 2
M[234] : 7 2 3 6 2 4 6 0 3 6 4 6 4 3 4 3 2 5 3 5 5 4 2 4 4 6 2 3 4 4 3 4
M[235] : 4 5 5 6 2 5 5 5 6 4 3 3 5 4 5 4 4 3 2 4 1 3 3 7 3 5 6 4 0 4 3 4
M[236] : 3 3 3 7 3 3 4 2 5 2 4 5 4 4 4 5 1 3 4 5 3 2 0 5 3 3 3 0 5 4 3 4
M[237] : 4 6 5 5 3 6 3 6 5 4 0 4 2 3 4 4 6 2 5 5 3 4 3 5 7 5 3 5 6 3 6 6
M[238] : 2 3 3 3 3 6 3 5 1 6 4 6 2 5 7 3 3 3 5 4 4 5 2 0 3 7 6 2 5 5 4 3
M[239] : 3 6 5 5 3 3 3 2 3 4 2 4 0 2 3 3 7 3 2 4 6 5 3 3 3 4 2 5 5 6 5 6
M[240] : 4 5 3 2 2 2 5 4 4 3 2 6 1 0 5 2 2 5 4 4 5 5 4 4 2 8 4 5 4 3 1 5
M[241] : 3 3 5 2 2 4 4 0 4 4 5 4 3 5 4 4 5 7 2 5 6 5 3 4 5 6 4 1 2 4 4 3
M[242] : 3 5 5 4 4 4 6 5 5 2 1 0 3 5 5 6 8 2 3 4 6 7 4 2 4 4 5 3 5 3 5 4
M[243] : 2 4 0 3 5 5 5 3 2 7 5 2 2 4 3 4 2 4 5 5 4 5 1 3 3 3 4 5 2 4 5 6
M[244] : 5 4 5 6 0 5 6 4 3 5 4 7 2 2 4 5 4 4 5 5 3 2 4 5 2 5 5 4 5 2 6 5
M[245] : 5 2 4 4 4 5 4 5 2 4 5 3 3 0 4 4 3 7 3 5 3 5 2 2 4 5 3 4 6 2 1 5
M[246] : 4 4 4 6 2 4 4 4 7 5 4 3 4 3 2 4 5 3 0 6 1 5 3 4 6 3 4 4 5 3 3 4
M[247] : 2 5 2 1 4 7 5 6 4 3 5 6 5 3 3 6 2 3 5 4 0 5 2 5 6 5 5 5 1 3 6 7
M[248] : 5 4 4 4 5 2 2 3 0 4 4 6 2 5 4 3 5 1 3 6 5 7 3 2 4 4 5 3 6 3 4 3
M[249] : 4 5 3 4 3 3 4 5 5 3 3 4 3 4 5 3 3 3 4 2 5 6 2 6 2 4 5 3 1 0 6 5

