 Execution de l'algoritme BITS sur le fichier r250.5.col.txt
=====================================================================
 Partitions  : 
Vk[0] : 150 198 111 173 -->  4 éléments.
Vk[1] : 25 108 197 -->  3 éléments.
Vk[2] : 65 54 185 206 -->  4 éléments.
Vk[3] : 75 86 180 62 -->  4 éléments.
Vk[4] : 177 161 145 -->  3 éléments.
Vk[5] : 181 168 169 218 -->  4 éléments.
Vk[6] : 194 200 167 239 -->  4 éléments.
Vk[7] : 170 247 19 -->  3 éléments.
Vk[8] : 240 175 89 109 -->  4 éléments.
Vk[9] : 141 16 236 -->  3 éléments.
Vk[10] : 178 76 37 119 -->  4 éléments.
Vk[11] : 123 114 120 80 -->  4 éléments.
Vk[12] : 124 209 153 154 -->  4 éléments.
Vk[13] : 223 217 49 199 -->  4 éléments.
Vk[14] : 94 189 78 -->  3 éléments.
Vk[15] : 179 7 56 136 -->  4 éléments.
Vk[16] : 212 36 248 67 -->  4 éléments.
Vk[17] : 140 41 147 224 -->  4 éléments.
Vk[18] : 117 82 176 21 -->  4 éléments.
Vk[19] : 249 52 17 55 -->  4 éléments.
Vk[20] : 6 126 245 90 -->  4 éléments.
Vk[21] : 40 34 244 -->  3 éléments.
Vk[22] : 12 196 195 -->  3 éléments.
Vk[23] : 122 9 4 30 -->  4 éléments.
Vk[24] : 207 235 88 71 -->  4 éléments.
Vk[25] : 61 107 58 138 -->  4 éléments.
Vk[26] : 70 63 129 113 -->  4 éléments.
Vk[27] : 95 105 190 -->  3 éléments.
Vk[28] : 216 31 174 33 -->  4 éléments.
Vk[29] : 73 26 101 230 -->  4 éléments.
Vk[30] : 115 68 160 225 -->  4 éléments.
Vk[31] : 166 15 156 125 -->  4 éléments.
Vk[32] : 191 38 165 -->  3 éléments.
Vk[33] : 35 142 0 -->  3 éléments.
Vk[34] : 183 231 242 66 -->  4 éléments.
Vk[35] : 79 164 32 233 -->  4 éléments.
Vk[36] : 237 22 214 -->  3 éléments.
Vk[37] : 10 28 221 72 -->  4 éléments.
Vk[38] : 57 131 44 -->  3 éléments.
Vk[39] : 203 158 100 146 -->  4 éléments.
Vk[40] : 60 201 97 -->  3 éléments.
Vk[41] : 92 234 139 8 -->  4 éléments.
Vk[42] : 23 144 20 186 -->  4 éléments.
Vk[43] : 172 193 112 96 -->  4 éléments.
Vk[44] : 202 182 98 84 -->  4 éléments.
Vk[45] : 232 64 102 -->  3 éléments.
Vk[46] : 226 215 74 133 -->  4 éléments.
Vk[47] : 229 121 24 45 -->  4 éléments.
Vk[48] : 59 48 42 -->  3 éléments.
Vk[49] : 18 213 163 99 -->  4 éléments.
Vk[50] : 46 87 130 208 -->  4 éléments.
Vk[51] : 171 204 149 -->  3 éléments.
Vk[52] : 83 211 69 -->  3 éléments.
Vk[53] : 243 227 39 155 -->  4 éléments.
Vk[54] : 85 228 13 118 -->  4 éléments.
Vk[55] : 116 128 43 -->  3 éléments.
Vk[56] : 5 137 47 132 -->  4 éléments.
Vk[57] : 77 152 159 192 -->  4 éléments.
Vk[58] : 2 127 241 -->  3 éléments.
Vk[59] : 103 246 27 51 -->  4 éléments.
Vk[60] : 148 219 11 135 -->  4 éléments.
Vk[61] : 106 151 104 -->  3 éléments.
Vk[62] : 91 50 81 3 -->  4 éléments.
Vk[63] : 220 134 1 184 -->  4 éléments.
Vk[64] : 93 210 157 -->  3 éléments.
Vk[65] : 162 238 205 -->  3 éléments.
Vk[66] : 53 143 222 110 -->  4 éléments.
Vk[67] : 187 14 29 188 -->  4 éléments.
Matrice M
M[0] : 2 3 3 2 3 2 2 2 3 3 3 3 2 3 3 1 3 1 3 3 2 3 3 3 1 3 2 3 3 3 2 3 2 0 1 2 3 3 2 2 3 3 2 3 3 2 3 3 3 2 3 3 2 3 3 3 2 2 3 2 3 2 3 2 2 3 3 2
M[1] : 2 2 2 3 1 2 2 1 1 2 2 2 2 2 1 3 2 2 2 2 2 1 2 2 1 2 2 1 2 2 2 2 1 2 3 2 2 1 2 2 1 1 2 2 2 1 2 3 1 2 2 1 1 3 1 2 2 2 2 3 2 1 3 0 1 1 2 2
M[2] : 2 2 1 3 2 2 1 1 1 2 1 2 2 1 1 2 2 1 3 1 2 1 2 2 2 2 1 1 2 1 2 1 1 2 2 1 2 1 1 2 2 2 2 1 1 2 2 1 2 1 1 2 1 2 1 1 2 1 0 2 2 1 1 2 2 1 2 1
M[3] : 1 1 1 1 1 1 1 1 2 1 1 2 2 1 1 0 1 2 2 2 1 1 1 2 1 1 1 1 1 1 1 1 1 1 1 1 1 1 1 0 1 2 1 1 2 1 1 1 1 1 1 1 1 1 1 1 1 1 1 1 2 0 0 2 1 1 1 1
M[4] : 2 2 1 2 2 1 3 1 3 2 3 1 2 3 2 3 3 3 1 3 2 3 2 0 3 2 3 2 3 3 2 2 2 2 3 3 1 3 1 3 2 3 1 3 3 2 3 2 2 3 3 2 3 3 2 2 3 3 2 3 3 2 2 3 3 2 2 3
M[5] : 3 3 3 3 3 2 3 2 3 3 3 3 1 4 3 1 3 2 3 2 3 3 3 3 3 3 3 3 4 3 2 4 2 3 3 2 3 3 2 2 3 3 2 4 3 3 2 3 3 2 4 3 3 3 3 3 0 3 3 3 4 3 3 4 3 3 2 2
M[6] : 1 1 2 2 1 1 1 1 1 2 1 2 1 2 1 3 1 1 2 2 0 1 1 2 1 2 1 1 2 2 2 2 1 1 2 2 2 2 2 2 1 1 2 2 2 1 1 2 1 2 1 1 1 1 1 1 2 2 2 2 1 1 2 1 1 1 1 2
M[7] : 2 1 2 2 1 2 2 2 1 1 2 1 1 2 2 0 2 2 1 1 1 1 1 1 2 2 2 2 1 1 2 2 1 1 1 2 1 2 1 2 1 2 2 1 1 1 2 1 1 1 2 1 1 2 2 1 1 1 1 2 2 2 2 1 1 1 2 2
M[8] : 3 2 3 2 2 3 3 3 3 2 4 3 1 3 3 2 3 2 3 3 3 3 2 3 3 3 3 3 2 2 2 3 2 2 2 3 2 2 2 2 3 0 3 3 3 2 3 2 3 2 4 2 3 2 3 2 3 3 2 3 2 3 2 3 2 2 1 3
M[9] : 3 2 2 1 2 3 3 2 3 2 2 2 2 2 2 1 2 3 2 3 3 2 1 0 2 2 3 2 2 2 2 2 2 1 1 3 2 1 2 2 2 1 2 2 2 2 2 2 2 1 2 2 1 1 2 2 3 2 1 2 1 2 2 1 1 1 2 3
M[10] : 1 1 2 2 1 2 2 2 1 1 2 1 1 2 2 1 2 2 1 1 1 2 1 1 2 2 2 2 2 1 2 2 2 1 1 2 1 0 1 2 1 1 2 2 1 1 2 2 1 1 2 1 1 2 2 1 2 1 2 2 2 2 2 1 1 1 2 2
M[11] : 3 2 3 1 2 3 3 3 3 2 3 3 1 3 2 2 3 2 2 3 3 2 2 3 3 3 3 3 2 2 2 3 2 2 2 3 2 2 2 2 2 2 3 3 3 2 3 2 3 2 4 2 3 2 3 2 2 3 2 2 0 3 2 2 2 2 2 2
M[12] : 2 2 3 2 2 2 2 3 3 2 2 3 2 3 2 1 3 2 3 3 3 2 0 3 1 2 3 2 1 3 2 1 2 1 1 2 3 2 2 1 3 2 2 3 3 1 3 3 3 3 3 3 2 2 3 3 2 2 3 1 2 2 2 2 1 2 2 3
M[13] : 3 3 3 2 3 1 3 1 3 3 3 1 2 3 3 3 3 3 1 3 2 3 2 1 3 2 3 2 3 3 2 2 3 2 3 2 2 3 2 2 3 3 2 3 3 2 3 3 2 3 2 2 3 3 0 2 3 3 2 3 3 2 3 3 3 2 2 2
M[14] : 1 1 1 1 1 1 1 1 2 1 1 2 2 2 1 0 1 2 2 2 1 1 1 2 1 1 1 1 1 1 1 1 1 1 1 2 1 1 1 0 1 2 1 1 2 1 1 1 1 1 1 1 1 1 2 1 1 1 0 1 1 0 1 2 1 1 1 0
M[15] : 2 1 2 1 1 2 2 2 2 1 3 2 2 1 1 2 2 1 2 1 2 1 1 2 2 2 2 2 1 1 2 0 1 1 2 2 1 2 2 2 1 2 2 1 1 1 2 1 1 1 2 1 2 1 3 1 2 1 1 2 2 2 1 2 2 2 2 1
M[16] : 1 1 1 2 2 1 1 1 2 0 1 3 2 1 1 2 1 1 2 2 1 2 1 3 2 1 1 0 3 1 2 2 1 2 3 1 2 2 2 2 1 2 2 1 2 2 1 1 1 2 1 1 1 2 2 1 1 1 2 2 1 1 2 2 1 1 1 1
M[17] : 2 2 1 2 2 1 2 1 1 2 2 1 1 1 1 1 2 1 1 0 2 1 1 1 2 1 2 1 1 1 1 1 1 1 2 1 1 1 1 2 2 2 1 1 1 2 2 1 2 1 2 1 1 2 1 2 1 2 1 2 2 1 1 2 1 1 2 2
M[18] : 1 1 1 1 1 1 1 1 2 1 1 2 1 1 1 0 1 1 1 1 1 1 1 1 0 1 1 1 1 1 1 1 1 0 0 1 1 0 1 0 1 1 1 1 1 1 1 1 1 0 1 1 0 1 1 1 1 1 0 0 1 0 1 1 1 0 1 1
M[19] : 2 1 3 1 1 2 2 0 2 1 3 1 1 1 1 1 1 1 1 1 2 1 2 1 3 2 2 1 2 1 1 2 1 1 2 1 1 2 2 1 2 2 2 1 2 1 1 1 1 1 1 1 2 1 2 2 1 2 1 1 1 1 1 2 2 1 2 1
M[20] : 2 1 2 0 1 2 2 1 2 0 3 1 1 1 1 1 1 1 1 1 2 1 1 1 2 1 1 1 1 1 0 1 1 1 1 1 0 2 1 1 1 2 0 1 2 1 1 1 1 1 1 1 2 1 2 1 1 2 1 1 1 1 1 2 1 1 2 1
M[21] : 3 3 3 2 3 1 2 2 3 3 3 3 2 3 3 3 3 3 0 3 3 3 2 3 3 3 3 3 4 3 2 4 2 2 3 2 3 4 3 2 3 3 2 3 3 3 3 3 3 3 3 3 3 4 3 3 2 3 3 3 3 3 3 3 3 2 2 2
M[22] : 2 2 1 3 2 1 1 1 2 2 1 3 2 1 1 2 1 1 3 1 2 1 2 2 2 1 1 1 2 1 2 1 1 2 3 1 0 2 1 2 1 2 2 1 1 2 1 1 1 1 1 2 1 2 2 1 1 1 2 2 2 1 1 2 2 1 1 1
M[23] : 1 1 2 2 1 2 2 1 2 2 2 3 2 2 1 1 3 2 3 2 1 1 2 2 1 2 2 2 2 3 2 2 1 1 1 2 3 2 2 2 2 2 0 3 2 1 2 3 2 3 3 2 1 2 3 2 2 2 2 1 2 2 3 2 1 2 1 2
M[24] : 3 3 4 1 3 1 3 3 4 2 4 2 2 3 3 2 3 2 2 2 3 3 2 2 3 3 4 3 3 2 2 3 2 2 2 3 2 3 2 3 3 3 3 3 3 2 3 0 3 3 3 3 3 2 3 3 2 3 2 3 2 3 2 3 3 2 1 3
M[25] : 1 0 2 2 1 2 2 1 2 1 2 3 2 2 1 1 3 2 3 2 2 1 1 2 1 2 2 2 1 3 2 2 2 1 1 2 3 2 2 2 2 2 1 3 2 1 3 3 2 3 3 1 1 2 3 2 2 2 2 1 2 2 2 2 1 2 1 2
M[26] : 1 1 1 1 1 1 1 1 2 1 1 2 2 2 1 1 1 2 2 2 1 1 1 2 1 1 1 1 1 0 2 1 1 1 1 2 1 1 1 0 1 2 1 2 2 1 1 1 1 2 1 1 1 1 2 1 2 2 1 1 2 1 2 2 1 1 1 2
M[27] : 2 3 3 3 3 2 2 2 3 3 3 4 2 3 3 1 3 1 3 3 2 3 3 3 1 3 2 2 3 3 2 3 2 2 1 2 3 3 2 2 3 3 2 3 3 1 3 3 3 2 3 3 2 3 3 3 2 2 3 0 3 2 3 3 2 2 3 2
M[28] : 2 2 2 3 2 2 2 1 2 2 2 2 3 2 1 2 2 2 2 3 2 1 2 2 3 2 2 1 3 3 2 2 2 3 3 2 2 0 2 2 2 3 2 2 3 2 2 3 2 3 2 1 1 3 1 2 2 2 1 3 2 2 3 2 2 1 2 2
M[29] : 3 3 3 3 3 3 2 2 3 3 3 3 1 3 3 1 3 2 3 3 3 3 3 3 3 3 3 3 4 4 1 3 2 3 3 2 3 3 3 2 3 4 2 3 3 3 3 2 3 3 3 3 3 3 3 3 1 3 3 3 4 3 3 4 3 3 2 0
M[30] : 1 1 1 1 1 1 0 0 1 1 1 1 1 1 0 1 1 0 1 1 1 0 1 0 1 1 1 0 1 1 1 1 0 1 2 0 1 2 1 1 1 2 1 1 2 1 1 1 1 1 1 1 1 1 1 1 0 0 1 1 1 1 1 1 1 1 1 0
M[31] : 2 2 1 2 2 1 2 1 2 2 2 1 2 2 1 2 2 2 1 3 2 2 1 1 2 1 2 1 0 3 2 1 2 2 3 2 1 2 2 2 2 2 1 2 3 2 2 2 2 3 2 2 2 3 1 2 2 3 1 3 2 2 3 2 2 1 2 2
M[32] : 3 3 3 3 3 2 2 2 3 3 3 4 1 3 3 1 3 2 3 2 3 3 3 3 3 3 3 3 4 3 2 3 2 3 2 0 3 3 2 2 3 3 2 3 3 3 3 3 3 2 4 3 2 3 3 3 2 2 3 3 3 3 2 4 3 3 3 2
M[33] : 2 1 2 1 1 2 2 2 1 1 3 1 2 1 2 2 2 1 2 1 2 1 1 2 3 2 3 2 0 1 2 2 1 1 2 3 1 2 1 3 1 2 2 1 1 1 2 1 1 1 2 1 2 2 3 1 2 1 2 2 2 2 2 2 2 2 2 2
M[34] : 2 1 3 1 1 2 3 2 2 1 3 2 2 1 2 2 2 2 2 1 2 0 2 2 3 3 3 2 3 1 2 2 1 2 2 3 1 2 2 3 2 2 2 1 1 1 2 1 1 1 2 1 2 2 3 1 2 2 2 3 2 3 2 2 2 2 2 2
M[35] : 1 1 1 1 2 1 1 0 2 1 1 1 1 1 0 2 1 1 1 1 1 0 1 2 1 1 1 0 1 1 1 1 1 0 2 1 1 2 1 2 1 2 1 1 1 1 1 1 1 1 1 1 1 2 1 1 1 1 2 2 1 1 1 2 1 1 1 1
M[36] : 1 1 1 1 1 1 1 1 2 1 1 2 2 2 1 1 0 2 2 2 1 1 1 2 1 1 1 1 1 1 1 1 1 1 1 2 1 2 1 0 1 2 1 2 2 1 1 1 1 2 1 1 1 1 2 1 2 2 2 1 2 1 1 2 1 2 1 1
M[37] : 2 0 1 0 1 2 2 1 2 0 0 1 0 1 1 1 1 1 1 1 1 1 0 1 1 1 1 1 1 1 0 1 1 0 1 1 0 2 1 1 1 1 1 1 2 1 1 1 1 1 1 1 2 1 2 1 1 2 1 1 1 1 0 1 1 1 2 1
M[38] : 2 1 1 1 1 0 1 1 1 1 1 1 1 1 1 1 1 1 0 1 2 1 1 1 2 1 1 1 1 1 1 1 0 1 2 1 0 2 1 1 1 1 1 1 1 2 1 1 0 1 1 0 1 1 1 1 1 1 1 1 1 1 1 2 1 1 1 1
M[39] : 1 1 1 1 1 1 1 1 2 1 1 1 1 1 1 2 1 2 1 2 1 2 1 1 1 1 1 1 2 2 1 1 2 1 2 1 1 2 1 1 1 1 1 1 2 1 1 1 1 1 1 1 2 0 1 1 2 2 1 1 1 1 1 2 1 1 1 1
M[40] : 2 2 2 3 2 1 2 1 2 2 2 1 2 2 1 2 2 2 1 3 2 0 1 1 3 1 2 1 1 3 2 1 2 2 3 2 1 2 2 2 2 3 1 2 3 2 2 3 2 3 2 2 2 3 1 2 2 3 1 3 2 2 3 2 2 1 2 2
M[41] : 3 3 3 3 3 2 2 2 4 3 3 4 1 3 3 1 3 0 3 3 2 3 3 3 2 3 2 3 3 3 2 3 2 2 1 2 3 3 2 2 3 3 2 3 3 3 3 3 3 2 3 3 2 3 3 3 2 2 3 3 3 2 3 3 2 3 3 2
M[42] : 2 1 3 2 1 2 3 2 1 1 3 1 2 2 2 3 2 3 2 2 2 2 2 2 3 3 3 2 3 2 2 2 1 2 2 3 1 3 1 3 1 2 2 2 1 1 3 2 0 2 2 1 3 2 3 1 2 2 2 3 2 3 2 2 2 2 2 3
M[43] : 1 1 2 2 1 1 3 2 2 1 3 1 2 2 2 3 3 3 2 3 1 2 2 2 3 3 3 2 3 2 2 2 2 2 3 3 1 3 1 3 1 3 2 3 2 1 3 2 2 2 3 1 3 2 2 0 3 3 2 3 2 3 2 3 2 2 1 3
M[44] : 3 3 3 2 3 1 3 2 3 3 3 1 2 3 3 3 3 3 2 3 2 3 2 2 3 2 3 2 3 3 2 2 3 2 3 3 1 3 0 3 3 3 2 3 3 2 3 2 2 3 3 2 3 3 3 3 3 3 2 3 3 3 2 3 3 2 2 3
M[45] : 1 1 1 1 1 1 1 1 2 1 1 2 2 1 1 1 2 2 2 2 2 1 1 2 1 1 1 2 1 1 2 1 1 1 1 2 1 1 1 0 1 2 1 1 2 1 2 0 1 2 2 1 1 1 1 1 2 1 1 1 2 2 2 2 1 1 1 1
M[46] : 1 1 1 2 1 1 3 1 2 1 1 1 2 2 2 3 2 2 1 2 1 2 1 1 1 2 3 2 2 2 2 2 2 1 3 3 1 3 1 3 1 2 1 2 2 1 3 2 1 2 0 1 2 2 2 1 3 3 2 2 2 2 2 2 1 1 1 3
M[47] : 2 1 1 1 2 0 1 1 1 1 1 1 1 1 1 1 1 1 0 1 2 1 1 1 2 1 1 1 1 1 1 1 1 1 2 1 0 2 1 1 1 1 1 1 1 2 1 1 0 1 1 0 2 1 1 1 0 1 1 1 1 1 1 2 1 1 1 1
M[48] : 1 1 2 2 1 2 2 1 2 1 1 2 2 2 1 1 3 2 3 2 2 1 1 2 1 1 2 2 1 2 2 1 1 1 1 2 2 2 1 1 1 2 1 3 2 1 3 3 0 3 3 1 1 2 2 1 2 2 2 1 2 2 2 2 1 2 1 2
M[49] : 2 2 1 2 2 1 2 1 2 1 2 1 1 0 1 3 2 2 1 2 2 1 1 1 2 1 2 1 1 2 2 1 2 1 2 1 1 2 1 2 1 2 1 1 2 2 2 2 2 1 2 1 2 3 1 1 2 3 1 1 2 2 2 2 2 1 2 2
M[50] : 1 1 1 3 2 1 1 2 2 2 1 3 2 1 0 2 1 1 2 1 2 2 1 2 2 1 1 1 3 1 2 2 1 2 3 1 1 2 1 2 1 2 2 1 2 2 1 1 1 1 1 2 1 2 2 1 1 1 2 2 1 1 0 2 1 1 1 1
M[51] : 2 1 2 0 1 2 1 1 1 1 2 0 0 1 1 1 2 1 1 1 2 1 1 2 2 1 1 1 1 1 1 1 1 1 1 1 1 2 1 1 1 2 2 1 1 1 1 1 1 1 2 1 1 1 1 1 1 1 1 0 2 2 0 2 1 1 2 1
M[52] : 3 3 3 3 3 3 2 2 2 3 3 3 2 2 2 2 3 1 3 0 3 2 2 4 2 3 2 2 3 3 3 3 2 2 3 1 3 3 3 2 3 3 3 3 2 2 2 3 2 2 2 2 2 3 3 3 2 1 3 3 3 1 3 3 2 2 3 2
M[53] : 1 1 2 2 2 1 1 1 2 2 1 2 1 2 1 3 1 1 2 2 1 1 1 2 2 2 1 1 2 2 2 2 1 2 3 1 2 2 2 2 1 2 1 2 2 1 1 2 1 2 1 1 1 1 2 1 1 2 2 3 1 1 1 1 1 1 0 1
M[54] : 3 2 0 2 2 2 2 3 3 2 1 3 2 3 2 1 3 2 3 3 2 2 1 2 2 1 3 2 1 2 2 1 2 1 1 3 2 1 2 1 1 2 2 3 3 1 3 2 2 3 3 2 1 2 2 1 2 2 1 1 2 2 2 2 1 1 2 3
M[55] : 2 1 3 1 1 2 3 2 1 1 3 1 2 2 2 2 2 3 2 0 2 2 2 2 3 3 3 2 3 1 2 2 1 2 2 3 1 3 2 3 2 2 2 2 1 1 3 1 1 1 2 1 3 2 3 1 2 2 2 3 2 3 2 2 2 2 2 3
M[56] : 3 3 3 3 3 2 3 2 3 3 3 3 1 3 3 0 3 2 3 2 3 3 3 3 3 3 3 3 4 3 1 4 2 3 3 2 3 3 2 2 3 3 2 4 3 3 2 3 3 3 3 3 3 3 3 3 1 3 3 3 4 3 3 4 3 3 2 1
M[57] : 2 1 1 2 1 3 2 2 3 1 2 2 2 3 2 1 2 2 3 3 2 2 1 2 2 1 3 2 1 2 2 2 2 1 1 3 2 1 0 1 1 1 2 2 3 1 3 2 1 2 2 2 1 2 1 1 2 2 1 1 2 2 2 2 1 1 1 3
M[58] : 2 1 2 0 1 2 1 1 2 1 2 1 0 1 1 1 1 1 1 1 2 1 1 1 2 0 1 1 1 1 1 1 1 1 1 1 1 2 0 1 1 2 2 1 1 1 1 1 1 1 2 1 2 1 2 1 1 1 1 1 2 2 1 2 1 1 2 1
M[59] : 3 3 2 2 3 2 1 2 2 3 3 3 2 2 2 3 1 1 2 2 3 2 3 3 2 3 1 2 3 3 2 2 2 2 3 2 2 3 2 2 3 3 3 2 2 2 1 3 0 3 1 2 2 3 2 2 1 2 2 3 2 1 3 2 2 3 2 1
M[60] : 2 2 2 3 2 2 1 2 2 3 1 3 2 1 2 2 1 1 2 2 2 2 2 3 2 3 1 1 3 1 2 2 1 2 3 1 2 2 2 2 0 3 3 1 2 2 1 2 1 2 1 2 1 3 2 1 1 1 2 3 1 1 2 2 2 1 1 1
M[61] : 2 2 1 3 2 1 1 1 1 2 1 2 1 1 1 2 1 1 3 1 2 1 2 2 2 0 1 1 2 1 2 1 1 2 2 1 2 2 1 2 1 2 2 1 1 2 1 1 1 1 1 2 1 2 1 1 1 1 1 2 2 1 1 2 2 1 1 1
M[62] : 1 1 2 0 1 1 1 1 1 1 1 1 2 2 1 1 2 2 1 2 1 1 2 1 1 2 1 1 2 2 2 2 1 1 1 2 2 2 1 1 2 2 1 2 1 1 2 2 1 2 2 1 1 1 2 2 2 2 1 1 1 1 2 1 1 2 1 2
M[63] : 2 1 3 1 1 2 2 2 2 1 3 2 2 1 1 2 2 1 2 1 2 1 2 2 3 3 0 2 2 1 2 1 1 1 2 2 1 2 2 2 1 2 2 1 1 1 1 1 1 1 2 1 2 1 3 1 2 1 1 2 2 2 1 2 2 2 2 2
M[64] : 1 2 2 2 1 1 1 1 1 2 2 2 1 2 1 3 1 2 2 2 2 1 1 2 1 2 1 1 2 2 2 2 1 1 3 2 2 2 2 1 1 1 2 2 2 0 2 2 1 2 1 1 1 1 1 1 2 2 2 2 1 1 2 1 1 1 1 2
M[65] : 2 2 0 3 2 1 1 2 2 2 1 3 2 1 1 2 1 1 3 1 2 2 2 2 2 2 1 1 2 1 2 2 1 2 3 1 3 2 2 2 2 3 2 1 2 2 1 2 2 1 1 2 1 3 2 1 1 1 2 2 2 1 2 2 2 1 1 1
M[66] : 1 1 1 1 1 1 0 0 0 1 1 1 1 1 0 1 1 0 1 1 1 0 1 1 1 1 0 0 1 1 1 1 0 1 0 0 1 1 1 1 1 2 1 1 1 1 1 1 1 1 1 1 0 1 1 1 0 0 1 1 1 0 1 1 1 1 1 0
M[67] : 1 1 1 2 1 1 3 1 2 1 1 1 1 2 2 2 0 2 1 2 1 2 1 1 1 1 3 1 2 2 2 2 2 1 2 2 1 2 1 2 1 1 1 2 2 1 1 2 1 2 1 1 2 2 2 1 2 2 1 2 1 1 2 2 1 1 1 2
M[68] : 1 1 2 2 1 1 2 1 1 1 1 1 1 2 2 2 2 2 1 2 1 2 1 1 1 2 2 1 2 2 0 2 2 1 1 2 1 1 1 2 1 1 1 2 1 1 2 2 1 2 1 1 1 2 2 1 2 2 1 2 1 1 2 1 1 1 1 2
M[69] : 3 2 3 2 2 3 3 3 3 2 3 3 2 3 2 1 3 3 3 3 3 2 2 3 3 3 3 2 2 2 2 3 2 2 1 3 2 1 2 2 2 1 3 3 3 2 3 2 3 2 3 2 0 2 2 2 3 2 1 1 2 2 2 2 2 1 2 3
M[70] : 1 1 1 2 1 1 3 1 2 1 1 1 1 1 1 2 1 2 1 2 1 2 1 1 1 1 0 1 2 2 1 2 2 1 2 1 1 2 1 2 1 1 1 1 2 1 1 2 1 1 1 1 2 2 2 1 2 2 1 1 1 1 1 2 1 1 1 1
M[71] : 2 0 2 0 1 2 2 1 2 0 2 1 1 1 1 1 1 1 1 1 1 1 0 1 0 2 1 1 1 1 0 1 1 0 0 1 0 2 1 1 2 1 1 1 2 1 1 1 1 1 1 1 2 1 2 2 1 2 1 1 1 1 1 1 2 1 2 1
M[72] : 3 2 3 2 2 3 3 3 3 2 3 3 2 3 2 2 3 3 3 3 3 2 2 3 3 3 3 2 2 2 2 3 2 2 2 3 2 0 2 2 2 1 3 3 3 2 3 2 3 2 4 2 3 2 3 2 3 3 2 2 2 2 2 3 2 2 2 3
M[73] : 2 2 1 3 2 1 1 2 2 2 1 3 2 1 2 2 1 1 3 1 2 2 2 3 2 2 1 1 3 0 2 2 1 2 3 1 2 2 2 2 1 2 2 1 2 2 1 2 1 1 1 2 1 2 2 1 1 1 2 2 1 1 2 2 2 1 1 1
M[74] : 3 2 3 1 1 2 3 2 2 2 3 2 1 1 2 2 1 2 2 1 2 2 2 2 3 3 3 1 2 1 2 2 1 2 2 2 1 2 2 2 2 2 2 1 2 1 0 2 2 1 2 1 2 1 3 2 2 3 1 2 1 3 1 2 2 2 2 2
M[75] : 3 3 3 0 3 2 3 3 3 3 3 2 2 3 3 3 3 2 2 3 3 3 2 3 3 3 4 3 3 3 2 4 2 2 3 3 3 4 2 1 3 3 2 3 3 3 3 2 3 3 3 3 3 3 3 3 2 4 3 3 3 3 3 4 3 2 2 3
M[76] : 3 2 2 2 2 2 2 3 3 2 0 3 2 3 2 1 3 3 3 3 3 2 1 3 2 1 3 2 2 2 2 2 2 1 1 3 2 1 2 2 2 2 3 3 3 1 3 2 3 3 3 2 1 2 2 2 2 2 1 1 2 2 2 2 1 1 2 3
M[77] : 2 2 1 2 2 1 2 1 1 1 2 1 1 1 1 1 2 1 1 1 2 1 1 1 2 1 2 1 1 1 1 1 1 1 2 1 1 1 1 2 1 2 1 1 1 2 2 1 1 1 2 1 1 2 1 1 1 0 1 2 2 1 1 2 1 1 2 2
M[78] : 3 1 3 1 1 2 3 2 2 1 3 2 1 1 0 2 2 2 2 1 2 2 2 2 3 3 2 2 2 1 2 3 1 2 2 3 1 2 2 2 2 2 2 1 2 1 2 1 1 1 2 1 2 1 3 2 2 3 1 3 2 3 1 2 2 2 2 2
M[79] : 2 1 1 2 2 1 3 1 2 1 1 1 1 2 2 3 1 2 1 2 2 2 1 1 2 1 2 1 2 2 2 2 2 1 2 0 1 2 1 2 1 2 1 2 2 2 2 2 2 2 1 1 2 2 2 1 3 3 1 1 2 1 2 2 2 1 1 2
M[80] : 3 3 3 2 3 1 3 1 3 3 3 0 2 3 3 3 3 3 1 3 2 3 2 1 3 2 3 2 3 3 2 2 3 2 3 3 2 3 1 2 3 3 2 3 3 2 3 3 2 3 3 2 3 3 2 2 3 3 2 3 3 2 3 3 3 2 2 3
M[81] : 2 3 3 1 3 2 3 3 4 3 3 3 1 4 3 2 3 2 2 2 3 3 2 3 3 3 3 3 3 3 2 3 2 2 2 3 2 3 2 2 3 3 3 4 3 2 3 3 3 2 4 3 3 3 3 3 2 3 2 2 2 3 0 4 3 2 1 2
M[82] : 3 2 2 1 2 3 2 2 3 1 2 1 2 2 2 1 2 3 0 2 3 2 1 1 2 2 2 2 2 2 2 2 1 1 1 3 2 1 2 2 2 1 2 2 2 2 2 2 2 1 2 2 1 1 2 2 2 2 1 2 1 2 2 1 1 1 2 3
M[83] : 2 2 2 3 3 2 2 1 3 2 2 2 3 2 1 2 2 2 2 3 2 2 3 2 3 3 2 1 3 3 2 2 3 3 3 2 2 3 2 2 2 3 2 2 3 2 2 3 2 3 2 2 0 3 2 2 2 2 2 3 3 2 3 2 3 1 2 2
M[84] : 2 1 3 1 1 2 4 2 2 1 3 1 2 2 2 2 2 3 2 1 2 3 2 2 3 3 3 2 3 1 2 2 1 2 2 3 1 3 2 3 2 2 2 2 0 1 3 1 1 1 2 1 3 2 3 1 2 2 2 3 2 3 2 2 2 2 2 3
M[85] : 3 2 2 2 2 3 3 2 3 1 2 2 2 2 2 1 2 3 3 3 2 2 1 2 2 2 3 2 2 2 2 2 2 1 1 3 2 1 2 2 1 1 2 2 3 1 2 2 2 2 2 2 1 2 0 1 2 2 1 1 2 2 2 2 1 1 2 3
M[86] : 1 1 1 0 1 0 1 1 1 1 1 1 1 1 1 2 1 1 0 1 1 1 1 1 1 1 1 1 1 1 1 1 1 1 2 1 0 2 1 1 1 1 1 1 1 1 1 1 1 1 1 0 2 1 1 1 1 2 1 1 1 1 1 2 1 1 1 1
M[87] : 3 2 3 1 1 2 3 2 2 2 3 2 1 2 2 2 1 2 2 2 2 2 2 2 3 2 2 1 2 1 1 2 1 2 2 3 2 2 2 2 2 2 3 2 2 1 1 2 2 1 0 1 2 1 2 2 2 3 1 2 1 2 1 2 2 1 2 2
M[88] : 2 3 3 2 2 2 2 3 3 3 3 3 2 3 2 1 3 3 3 3 3 3 2 3 0 3 3 2 3 3 2 3 2 1 1 2 3 3 2 2 3 3 2 3 3 2 3 3 3 2 3 3 2 3 3 3 2 2 3 1 2 2 3 2 1 2 3 3
M[89] : 2 1 3 1 1 2 4 2 0 1 3 1 2 2 2 2 2 2 2 1 2 2 2 2 3 3 3 2 3 1 2 2 1 2 2 3 1 2 2 3 1 2 2 2 1 1 3 1 1 1 2 1 3 2 3 1 2 2 2 3 2 3 2 2 2 2 2 3
M[90] : 2 1 2 0 1 2 2 1 2 0 2 1 1 2 2 0 1 1 1 2 0 1 1 1 2 2 2 1 2 1 1 2 1 0 1 2 0 1 1 1 1 1 1 2 2 0 1 2 2 1 1 1 1 1 2 1 1 1 1 1 1 1 1 1 1 1 1 1
M[91] : 2 2 1 2 2 1 2 1 2 1 1 1 1 1 1 3 1 2 1 2 2 2 1 1 2 1 2 1 2 2 2 1 2 1 2 1 1 2 1 2 1 2 1 1 2 2 2 2 2 1 1 1 2 3 1 1 3 3 1 1 2 1 0 2 2 1 1 2
M[92] : 1 1 2 2 1 1 3 2 1 1 1 1 2 2 2 2 2 2 1 2 1 2 1 1 1 2 3 2 2 2 2 2 2 1 1 2 1 2 1 3 1 0 2 2 1 1 2 2 1 2 2 1 2 2 2 1 2 2 1 2 2 1 2 1 1 1 1 3
M[93] : 1 1 2 2 1 1 1 1 2 2 1 2 2 2 1 3 1 1 2 2 1 1 1 2 1 2 1 1 2 2 2 2 0 2 3 2 2 2 2 2 1 1 2 2 2 1 1 3 1 2 1 1 1 1 2 1 1 2 2 3 1 1 3 1 0 2 1 2
M[94] : 2 2 1 2 2 1 2 1 2 2 2 1 2 2 0 3 2 3 1 3 2 2 1 1 2 1 2 1 2 3 2 1 2 2 3 2 1 2 1 2 2 3 1 2 3 2 2 2 2 3 2 2 2 3 1 2 3 3 1 3 2 2 2 2 2 1 2 2
M[95] : 3 2 3 1 1 2 3 2 2 2 3 2 1 2 2 2 1 2 2 2 3 2 2 2 3 2 3 0 2 1 1 2 1 2 2 3 2 2 2 2 2 2 3 2 2 1 1 2 2 1 2 1 2 1 3 2 2 3 1 2 1 2 1 2 2 1 2 2
M[96] : 3 2 3 1 1 2 3 2 3 2 3 2 1 1 2 2 2 2 2 2 2 2 2 2 3 3 3 2 2 1 2 3 1 2 2 3 1 2 2 2 2 2 3 0 2 1 2 1 2 1 2 1 2 1 3 2 2 3 2 3 2 3 1 2 2 2 2 2
M[97] : 1 1 2 2 1 1 3 2 2 1 3 1 2 2 2 3 3 3 2 3 1 2 2 2 3 3 3 2 3 2 2 2 2 2 2 3 1 3 1 3 0 3 2 2 2 1 3 2 2 2 3 1 3 2 2 1 3 3 2 3 2 3 2 2 2 2 1 3
M[98] : 2 1 1 0 1 2 1 2 2 1 2 2 2 2 2 0 2 2 2 1 2 1 1 1 2 1 1 2 1 1 2 1 1 1 1 1 1 1 1 0 1 1 2 2 0 1 2 1 1 2 2 1 1 1 1 1 1 1 1 1 2 1 2 1 1 1 1 2
M[99] : 2 2 1 2 2 1 2 1 1 2 2 1 1 1 1 2 2 1 1 1 2 1 1 1 2 1 2 1 1 1 1 1 1 1 2 1 1 1 1 2 2 2 1 1 1 2 2 2 2 0 2 1 1 3 1 2 1 2 1 2 2 1 1 2 2 1 2 2
M[100] : 2 2 1 2 2 1 1 1 1 2 1 2 1 1 1 2 1 1 2 1 2 1 1 2 1 1 1 1 1 1 1 1 1 2 2 1 1 1 1 0 1 2 2 1 1 1 1 1 1 1 1 2 0 2 1 1 1 1 1 2 2 1 1 1 1 1 2 1
M[101] : 2 2 1 2 2 1 2 1 1 1 2 1 1 1 1 1 2 1 1 1 2 1 1 1 2 1 2 1 1 0 1 1 1 1 2 1 1 1 1 2 1 2 1 1 1 2 2 1 2 1 1 0 1 2 1 1 1 1 1 2 2 1 1 2 2 1 2 2
M[102] : 1 1 2 2 1 2 3 2 1 1 2 1 2 2 2 3 2 3 2 2 1 2 1 2 3 2 3 2 3 2 2 2 2 2 2 3 1 3 1 3 1 2 2 2 1 0 3 2 1 2 2 1 3 2 2 1 3 3 2 2 2 3 2 2 2 2 2 3
M[103] : 1 1 1 2 1 1 1 1 2 1 1 2 1 1 1 3 1 1 2 2 1 1 1 1 1 1 1 0 2 2 1 2 0 1 2 1 1 2 1 2 1 1 1 2 2 1 1 1 1 2 1 1 1 1 2 1 1 2 2 0 1 1 1 1 1 1 1 1
M[104] : 3 3 3 3 3 3 2 2 3 3 3 3 2 3 3 1 3 1 4 2 3 3 3 4 3 3 2 3 3 3 3 3 2 3 2 1 3 3 3 2 3 3 3 4 3 3 3 3 3 2 4 3 2 3 3 3 1 1 3 3 3 0 2 4 2 3 2 1
M[105] : 1 1 2 2 1 1 2 1 1 1 2 2 2 2 1 1 2 2 3 2 1 1 2 2 1 2 2 0 2 2 2 2 1 1 1 2 2 2 1 2 2 2 1 2 2 1 2 3 2 2 2 2 1 2 2 2 2 2 2 1 2 1 3 2 1 2 1 2
M[106] : 3 2 3 1 1 2 2 1 2 2 3 1 1 2 2 2 1 2 2 2 2 2 2 1 3 2 2 1 2 1 1 2 1 1 2 3 2 2 2 2 2 1 3 2 2 1 1 2 2 1 1 1 2 1 2 2 2 2 1 2 1 0 1 1 2 1 2 2
M[107] : 3 2 3 2 2 2 2 3 3 2 3 3 2 3 2 1 3 3 3 3 3 2 1 3 2 0 3 2 1 3 2 1 2 1 1 2 2 2 2 1 3 2 2 3 3 1 3 3 3 3 3 2 2 2 3 3 2 2 2 1 2 2 2 2 1 1 2 3
M[108] : 1 0 2 2 2 1 1 1 2 2 1 2 2 2 1 3 1 1 2 2 1 2 1 2 2 2 1 1 3 2 2 2 1 2 3 1 2 2 2 2 1 2 2 2 2 1 1 3 1 2 1 1 1 2 2 1 1 2 2 3 1 1 3 1 1 1 1 1
M[109] : 2 1 2 0 0 2 2 2 0 1 2 1 2 2 2 0 2 2 1 1 2 2 1 1 2 2 2 1 1 2 2 2 1 1 1 2 1 1 1 1 1 1 2 2 2 1 2 2 1 2 2 1 1 1 1 1 0 1 1 1 1 1 2 1 1 1 1 2
M[110] : 1 0 1 0 1 1 1 1 2 0 1 1 0 1 1 1 1 1 1 1 1 1 0 1 1 1 1 1 1 1 0 1 1 0 1 1 0 2 0 1 0 0 1 1 1 1 1 0 1 1 1 1 1 0 2 0 1 1 1 1 1 1 0 1 1 0 0 1
M[111] : 0 0 2 0 0 1 2 1 2 0 2 1 0 1 1 1 1 1 1 1 1 1 0 1 1 2 2 1 1 1 0 2 1 0 0 1 0 1 1 1 1 1 1 1 2 0 1 1 1 1 1 1 1 1 2 1 1 1 1 1 1 1 0 1 0 1 1 1
M[112] : 2 2 1 2 2 1 2 1 2 1 2 1 1 1 1 2 2 1 1 2 2 1 1 1 2 1 2 1 1 2 2 1 2 1 2 1 1 2 1 2 1 2 1 0 2 2 2 2 2 1 2 1 2 3 1 1 2 3 1 2 2 2 2 2 2 1 2 2
M[113] : 2 1 1 2 1 1 1 2 2 1 1 2 2 2 1 1 2 2 2 2 2 1 1 2 1 1 0 2 1 1 2 1 1 1 1 2 1 1 1 1 1 2 1 2 2 1 2 2 1 2 2 1 1 2 1 1 2 2 1 1 2 2 2 2 1 1 1 2
M[114] : 2 1 2 0 0 2 2 2 1 1 2 0 2 2 2 0 2 2 1 1 2 2 1 1 2 2 2 2 1 2 2 2 1 1 1 3 1 1 1 1 1 1 2 2 1 1 2 2 1 2 2 2 1 1 1 1 1 1 1 1 1 1 2 1 1 1 1 2
M[115] : 1 1 1 1 1 1 1 0 2 1 1 1 1 1 0 1 1 0 1 1 1 0 1 1 1 1 1 0 1 1 0 1 1 1 2 0 1 2 1 1 1 2 1 1 1 1 1 1 1 1 1 1 1 1 1 1 0 1 1 1 1 1 1 1 1 1 1 0
M[116] : 2 2 2 3 2 1 1 2 2 3 1 3 2 1 2 2 1 1 2 2 2 2 2 3 2 2 1 1 3 1 2 2 1 2 3 1 2 2 2 2 1 2 2 1 2 2 1 2 1 2 1 2 1 3 2 0 1 1 2 3 1 1 2 2 2 1 1 1
M[117] : 1 1 2 1 1 1 1 1 1 1 1 1 2 2 1 1 2 2 0 2 1 1 1 1 1 2 1 1 1 2 1 2 1 1 1 2 2 2 1 1 1 2 1 2 2 1 2 2 1 2 2 1 1 1 2 1 2 2 1 1 1 1 1 1 1 2 1 2
M[118] : 2 1 2 0 1 2 1 2 1 1 2 1 1 1 1 1 2 1 1 1 2 1 1 2 2 2 2 2 1 1 2 1 1 1 1 2 1 2 1 2 1 2 2 1 1 1 2 1 1 1 2 1 1 1 0 1 1 1 1 2 2 2 1 2 1 1 2 1
M[119] : 1 1 2 2 2 1 3 2 2 1 0 1 2 2 2 3 3 3 1 3 1 2 1 1 3 3 3 2 3 2 2 2 2 2 3 3 1 3 1 3 1 3 2 3 2 2 3 2 2 2 3 1 3 2 2 1 3 3 2 3 2 3 2 3 2 2 1 3
M[120] : 1 1 1 1 2 1 1 0 2 1 1 0 1 1 0 2 1 1 2 1 1 0 1 2 1 1 1 0 1 1 1 1 1 1 2 1 1 2 1 2 1 2 1 1 2 1 1 1 1 1 1 1 1 1 1 1 1 1 2 2 1 1 1 2 1 1 1 1
M[121] : 2 2 1 1 2 1 2 1 1 1 1 1 1 1 1 1 1 1 1 1 2 1 1 1 2 1 2 1 1 1 1 1 1 1 2 1 1 2 1 2 1 2 1 1 1 2 1 0 2 1 1 0 2 2 1 1 1 1 1 1 2 1 1 2 2 1 2 1
M[122] : 1 1 2 3 1 2 2 1 1 2 2 2 2 2 1 1 2 2 2 2 1 1 2 0 1 2 2 1 2 2 2 2 1 2 1 2 2 2 1 2 2 2 1 2 1 1 2 2 2 2 2 2 1 1 2 2 2 2 1 1 2 1 3 1 1 2 1 2
M[123] : 1 1 2 2 1 1 2 1 1 2 2 0 2 2 1 1 2 2 2 2 1 1 2 2 1 2 2 1 2 2 2 2 1 1 1 2 2 2 1 2 2 2 1 2 2 1 2 2 2 2 2 2 1 1 2 2 2 2 1 1 2 1 3 2 1 2 1 2
M[124] : 1 1 1 2 1 1 3 1 2 1 1 1 0 2 1 2 1 2 1 2 1 2 1 1 1 1 2 1 2 2 1 2 2 1 2 1 1 2 1 2 1 1 1 1 2 1 1 2 1 1 1 1 2 2 2 1 2 2 1 1 1 1 1 2 1 1 1 1
M[125] : 2 2 2 2 2 1 3 1 3 2 2 1 2 3 2 3 3 3 1 3 2 2 1 1 3 1 2 1 3 3 2 0 2 2 3 2 1 3 1 2 2 3 1 3 3 2 2 2 2 3 2 2 3 3 1 2 3 3 1 3 3 2 3 2 3 2 2 2
M[126] : 1 1 2 2 1 2 2 1 2 1 2 2 2 2 1 1 3 2 3 2 0 1 2 2 1 2 2 2 2 3 2 2 1 1 1 2 3 2 1 2 2 2 1 2 2 1 2 3 2 3 2 2 1 2 2 2 2 2 2 1 2 1 3 2 1 2 1 2
M[127] : 2 2 2 3 2 1 2 1 3 2 2 2 2 2 1 2 2 3 1 3 2 3 2 1 3 1 2 1 3 3 2 1 2 3 3 2 2 3 2 2 2 3 1 3 3 2 2 3 2 3 2 2 2 3 1 2 2 3 0 3 3 2 3 2 3 2 2 2
M[128] : 2 1 1 2 1 2 2 2 2 1 1 2 2 3 2 1 3 2 3 2 2 1 1 2 2 1 2 2 1 2 2 1 2 1 1 2 2 1 2 1 1 2 1 3 2 1 3 2 1 3 3 2 1 2 2 0 2 2 1 1 2 2 2 2 1 1 1 2
M[129] : 3 3 3 2 3 2 1 2 3 3 3 3 2 3 3 2 3 2 2 3 3 3 3 4 3 3 0 3 4 3 2 3 2 3 3 2 3 3 3 2 3 4 3 3 3 3 3 3 3 3 2 3 2 3 3 3 1 2 3 3 3 2 3 4 3 3 2 2
M[130] : 3 3 3 3 3 2 1 2 2 3 3 3 2 2 2 2 1 1 3 2 3 2 2 3 2 3 1 2 3 2 2 3 2 2 3 1 3 3 2 2 3 3 3 2 2 2 1 2 2 3 0 2 2 3 2 3 1 2 2 3 3 1 2 2 2 3 2 1
M[131] : 1 1 1 1 1 1 1 0 1 1 1 1 1 1 0 1 1 0 2 1 1 1 1 1 1 1 1 0 2 1 1 1 0 1 2 0 1 2 0 2 1 1 1 1 2 1 1 1 1 1 1 1 1 1 2 1 0 1 2 1 1 1 1 1 1 1 1 1
M[132] : 2 1 2 1 1 2 2 2 1 1 2 1 2 1 2 1 2 1 2 1 2 1 1 2 2 2 2 2 1 1 2 2 1 1 1 2 1 2 1 3 1 2 2 1 1 1 2 1 1 1 2 1 2 2 2 1 0 1 1 2 2 2 2 2 1 1 2 2
M[133] : 1 1 1 2 1 1 3 1 2 1 1 1 1 2 2 2 1 2 1 2 1 2 1 1 2 1 2 1 2 2 2 2 2 1 2 1 1 2 1 2 1 2 1 1 2 2 0 2 1 2 1 1 2 2 2 1 2 2 1 1 1 1 2 2 1 1 1 2
M[134] : 1 1 2 2 1 1 3 2 2 1 1 1 2 2 2 3 2 2 1 2 1 2 1 1 1 2 3 2 2 2 2 2 2 1 2 3 1 3 1 3 1 2 2 2 2 1 3 2 1 2 2 1 2 2 2 1 3 3 2 2 2 2 2 0 1 1 1 3
M[135] : 1 1 2 1 1 1 1 1 1 1 1 1 2 2 1 1 2 2 1 2 1 1 1 1 1 2 1 1 1 1 2 2 1 1 1 2 2 2 1 1 1 2 1 2 2 1 2 2 1 2 2 1 1 1 2 1 2 2 1 1 0 1 1 2 1 2 1 2
M[136] : 1 1 1 1 1 1 0 0 0 1 1 1 1 1 0 0 1 0 1 1 1 0 1 1 1 1 0 0 1 1 1 1 0 1 1 0 1 1 1 1 1 2 1 1 1 1 1 1 1 1 1 1 0 1 1 1 0 0 1 1 1 0 1 1 1 1 1 0
M[137] : 1 1 1 1 1 1 1 1 1 1 1 2 2 2 1 0 1 2 1 2 1 1 1 2 1 1 1 1 1 1 1 1 1 1 1 2 1 2 1 0 1 2 1 1 2 1 1 1 1 1 1 1 1 1 2 1 0 1 1 1 1 0 1 2 1 2 1 1
M[138] : 2 2 1 2 2 1 3 1 2 1 2 1 2 2 2 3 3 3 1 3 2 2 1 1 3 0 3 1 3 2 2 2 2 2 3 3 1 3 1 3 2 3 1 3 2 2 3 2 2 2 2 2 3 3 2 1 3 3 2 2 3 2 2 2 3 2 2 3
M[139] : 1 2 2 2 1 2 1 1 1 2 2 2 3 2 1 2 2 1 2 1 1 1 2 2 1 2 2 1 2 2 3 2 1 2 2 1 2 1 0 2 2 0 2 2 1 1 2 2 2 2 2 2 0 1 1 2 2 1 1 1 1 1 2 1 1 2 2 2
M[140] : 2 1 2 1 1 2 2 2 1 1 3 1 2 2 2 2 2 0 2 1 2 1 1 2 3 3 3 2 2 1 2 2 1 1 2 3 1 2 1 3 1 2 2 1 1 1 2 1 1 1 2 1 2 2 3 1 2 2 2 2 2 2 2 2 2 2 2 3
M[141] : 1 1 2 2 1 2 2 1 2 0 2 3 2 2 1 1 3 2 3 2 1 1 1 2 1 2 2 2 1 3 2 2 2 1 1 2 3 2 2 2 2 2 1 3 2 1 3 3 2 3 3 2 1 2 3 2 2 2 2 1 2 2 3 2 1 2 1 2
M[142] : 1 1 2 2 1 1 3 2 2 1 1 1 2 2 2 3 2 2 1 2 1 2 1 1 1 2 3 2 2 2 2 2 2 0 3 3 1 3 1 3 1 2 2 2 2 1 3 2 1 2 2 1 3 2 2 1 3 3 2 2 2 2 2 2 1 1 1 3
M[143] : 1 1 1 1 1 1 1 1 1 1 1 1 1 2 1 0 1 2 1 2 1 1 1 1 1 1 1 1 1 1 1 1 1 1 1 2 1 1 1 1 1 1 1 2 2 1 1 2 1 2 1 1 1 1 2 1 1 1 1 1 1 0 1 1 1 2 0 1
M[144] : 1 1 1 1 1 1 1 0 2 1 1 1 1 1 0 1 1 0 1 1 1 0 1 1 1 1 1 0 1 1 1 1 1 1 2 0 1 2 1 1 1 2 0 1 2 1 1 1 1 1 1 1 1 1 1 1 0 1 1 1 1 1 1 1 1 1 1 0
M[145] : 1 1 3 2 0 2 3 2 2 1 3 1 2 2 2 3 3 3 2 3 2 3 2 2 3 3 3 2 3 2 2 2 2 2 2 3 1 3 1 3 2 2 2 2 2 1 3 2 2 2 3 1 3 2 3 1 3 3 2 3 2 3 2 2 2 2 2 3
M[146] : 2 1 2 0 1 2 2 1 2 1 3 1 1 1 1 1 1 1 1 1 2 1 1 2 2 2 1 1 1 1 2 1 1 1 1 1 1 2 1 0 1 2 2 1 1 1 1 1 1 1 2 1 2 1 2 1 1 1 1 1 2 2 1 2 1 2 2 1
M[147] : 2 1 1 1 2 1 1 1 1 1 1 1 1 1 1 2 1 0 1 2 2 1 1 1 2 1 1 1 1 1 1 1 1 1 2 1 1 2 1 1 1 1 1 1 2 2 1 1 1 1 1 0 2 1 1 1 1 2 1 1 1 1 1 2 1 1 1 1
M[148] : 1 1 1 2 1 1 3 1 2 1 1 1 2 2 2 3 2 2 1 2 1 2 1 1 1 2 3 1 2 2 2 2 2 1 2 2 1 2 1 3 1 1 1 2 2 1 1 2 1 2 1 1 2 2 2 1 3 3 1 2 0 1 2 2 1 1 1 3
M[149] : 2 1 3 1 1 2 3 2 2 1 3 2 2 2 2 2 2 2 2 1 2 3 2 2 3 3 3 2 3 1 2 2 1 2 2 3 1 2 2 3 2 2 2 1 1 1 3 1 1 1 2 0 3 2 3 2 2 2 2 3 2 3 2 2 2 2 2 2
M[150] : 0 1 2 2 1 2 2 2 2 1 2 3 2 3 2 1 3 2 3 2 2 1 1 2 1 2 2 2 1 3 2 2 2 1 1 2 3 2 2 2 2 2 1 3 2 1 3 3 2 3 3 1 1 2 3 2 2 2 2 1 2 2 2 2 1 2 1 2
M[151] : 1 1 1 2 1 1 3 1 2 1 1 1 2 2 2 3 2 2 1 2 1 2 1 1 1 2 3 1 2 2 2 2 2 1 2 3 1 2 1 3 1 2 1 2 2 1 2 2 1 2 1 1 2 2 2 1 3 3 1 2 2 0 2 1 1 1 1 3
M[152] : 1 1 2 2 1 2 3 2 1 1 2 1 2 2 2 2 2 2 1 1 1 2 1 1 2 2 2 2 2 1 2 2 1 1 1 2 1 2 1 3 1 2 2 2 1 1 2 1 1 1 2 1 1 2 2 1 2 0 2 2 2 2 2 2 1 1 2 3
M[153] : 2 3 3 2 2 2 3 3 3 3 3 3 0 3 3 1 3 2 3 3 3 3 2 3 3 2 3 3 3 3 2 3 2 2 2 3 3 3 2 2 3 4 3 3 3 2 3 3 3 2 4 3 3 3 3 3 3 3 3 2 3 3 3 3 3 2 1 3
M[154] : 1 1 1 1 1 1 1 1 2 1 1 2 0 1 1 0 1 1 2 1 1 1 1 2 1 1 1 1 1 1 1 1 1 1 0 1 1 1 1 0 1 1 1 1 1 1 1 1 1 1 1 1 1 1 1 1 1 1 0 1 1 0 1 2 1 1 1 1
M[155] : 3 3 4 1 2 2 3 3 4 2 4 2 2 3 3 2 3 2 2 2 3 3 2 2 3 3 4 3 3 1 2 3 2 2 2 3 2 3 2 3 3 3 3 3 3 2 3 1 3 3 3 3 3 0 3 3 2 3 2 3 2 3 2 3 2 2 1 3
M[156] : 2 1 1 2 1 2 2 2 2 1 1 2 2 3 2 1 3 2 3 2 2 1 1 2 1 1 2 2 1 2 2 0 2 1 1 2 2 1 1 1 1 2 1 3 2 1 3 2 1 3 3 1 1 2 2 1 2 2 1 1 2 2 2 2 1 1 1 2
M[157] : 2 2 3 2 2 2 3 3 3 2 3 3 2 3 2 1 3 3 3 3 3 2 2 3 2 3 3 2 2 3 2 3 2 1 1 3 3 2 2 1 3 2 2 3 3 2 3 3 3 3 3 3 2 2 3 3 2 2 3 1 2 2 2 2 0 1 2 3
M[158] : 1 1 1 1 1 1 2 1 2 1 1 1 1 1 1 2 1 2 1 2 1 2 1 1 1 1 1 1 2 2 1 1 2 1 2 1 1 2 1 0 1 1 1 1 2 1 1 2 1 1 1 1 2 2 2 1 2 2 1 1 1 1 1 2 1 1 1 1
M[159] : 3 3 3 3 3 3 2 2 3 3 3 3 2 3 3 1 3 2 4 3 3 3 3 3 3 3 2 3 3 3 2 3 2 3 2 2 3 3 3 2 3 3 3 4 3 3 2 2 3 3 3 3 2 3 3 3 1 0 3 3 4 2 3 4 3 3 2 1
M[160] : 3 3 3 2 3 2 3 3 4 3 3 3 1 4 3 2 3 2 2 2 4 3 2 3 3 3 3 3 3 3 0 3 2 2 3 3 3 4 2 2 3 4 2 4 4 3 3 3 3 2 3 3 3 3 4 3 2 3 3 2 4 3 3 4 3 2 2 2
M[161] : 1 2 2 2 0 2 1 1 2 2 2 2 1 2 1 3 1 2 2 2 1 1 1 2 1 2 1 1 2 2 2 2 0 2 3 2 2 2 2 2 1 1 2 2 2 1 1 3 1 2 1 1 1 1 2 1 2 2 2 3 1 1 3 1 1 2 1 2
M[162] : 2 1 1 2 2 1 3 1 2 1 1 1 2 2 2 3 3 3 1 2 2 2 1 1 2 1 3 1 2 2 2 2 2 2 3 3 1 3 1 3 1 3 1 2 2 2 3 2 2 2 2 1 2 3 2 1 3 3 2 2 3 2 2 2 2 0 1 3
M[163] : 3 2 3 1 2 2 3 3 3 2 3 2 1 3 3 2 3 2 2 2 3 3 2 2 3 3 3 2 3 1 2 3 2 2 2 3 2 3 2 2 2 2 3 3 3 2 3 2 3 0 3 1 3 1 3 2 2 3 2 3 2 3 1 2 2 2 2 2
M[164] : 2 1 3 1 1 2 2 2 2 1 3 2 1 1 1 1 2 1 1 1 2 1 1 2 2 2 1 1 1 1 2 1 1 1 1 0 1 2 2 1 1 2 2 1 1 1 1 1 1 1 2 1 2 1 2 1 1 1 1 1 2 2 1 2 2 2 2 1
M[165] : 3 2 3 1 1 2 4 2 3 2 3 2 2 2 3 2 3 2 2 2 2 3 2 2 3 3 3 2 3 1 2 3 0 2 2 3 1 3 2 3 2 2 2 3 2 1 3 1 2 1 3 1 3 2 3 2 2 2 2 3 2 3 2 2 2 2 2 3
M[166] : 2 2 1 3 2 1 1 1 2 2 1 2 1 1 1 2 1 1 3 1 2 1 1 2 2 1 1 1 2 1 1 0 1 2 3 1 1 2 1 2 1 2 2 1 1 2 1 1 1 1 1 2 1 2 1 1 1 1 1 2 2 1 1 2 1 1 1 1
M[167] : 3 3 3 2 3 2 0 2 3 3 3 3 3 3 3 2 3 2 2 3 3 3 3 3 3 3 2 3 4 3 2 3 2 3 3 2 3 3 3 2 3 4 3 3 3 3 3 3 3 3 3 3 3 3 3 3 1 3 3 3 3 2 3 4 3 3 2 2
M[168] : 2 2 3 1 3 0 4 2 3 2 4 1 2 3 3 3 3 3 2 3 3 3 2 2 3 3 3 2 3 2 2 3 2 2 2 3 1 3 2 3 3 3 3 3 3 2 3 2 3 3 3 1 3 2 3 2 2 3 2 3 2 3 2 3 2 2 1 3
M[169] : 1 0 1 0 1 0 2 1 2 0 1 1 0 1 1 1 1 1 1 1 1 1 0 1 1 1 1 1 1 1 0 1 1 0 0 1 0 2 1 1 0 1 1 1 2 1 1 0 1 1 1 1 2 1 2 0 1 2 1 1 1 1 0 1 1 1 1 1
M[170] : 1 1 2 2 1 1 2 0 2 1 2 2 2 2 1 1 3 2 3 2 1 1 1 2 1 2 2 1 2 2 2 2 1 1 1 2 3 2 1 2 2 2 1 2 2 1 2 3 2 3 2 2 1 2 2 2 2 2 2 1 2 1 3 2 1 2 1 2
M[171] : 1 1 2 2 1 1 2 1 1 1 2 2 2 2 1 1 2 2 3 2 1 1 2 2 1 2 2 1 2 2 2 2 1 1 1 2 2 2 1 2 2 2 1 2 2 1 2 3 2 2 2 0 1 2 2 2 2 2 2 1 2 1 3 2 1 2 1 2
M[172] : 1 1 1 1 1 1 1 1 2 1 1 2 2 2 1 1 2 2 2 2 2 1 1 2 1 1 1 2 1 1 2 1 1 1 1 2 1 1 1 0 1 2 1 0 2 1 1 1 1 2 2 1 1 1 1 1 2 2 1 1 2 2 2 2 1 1 1 1
M[173] : 0 1 3 2 1 1 3 2 3 1 3 1 2 2 2 3 3 3 2 3 1 3 2 2 3 3 3 2 3 2 2 2 2 2 3 3 1 3 1 3 2 3 2 3 3 1 3 2 2 2 3 1 3 2 3 1 3 3 2 3 2 3 2 3 2 2 1 3
M[174] : 2 3 3 2 2 2 2 3 3 3 3 3 2 3 2 1 3 3 3 3 3 2 2 3 1 3 3 2 0 3 2 3 2 1 1 2 3 3 2 1 3 3 2 3 3 2 3 3 3 3 3 3 2 2 3 3 2 2 3 1 2 2 3 2 1 2 2 3
M[175] : 2 3 3 3 2 3 2 2 0 3 2 3 3 2 1 1 3 2 4 2 1 1 2 3 1 2 2 1 2 3 3 3 2 2 1 2 3 3 2 2 2 3 2 3 2 1 2 3 2 3 2 2 2 3 3 2 2 2 3 2 3 1 3 2 2 2 2 2
M[176] : 1 1 1 1 1 1 1 0 2 1 1 1 1 1 0 1 1 0 0 1 1 0 1 1 1 1 1 0 1 1 1 1 1 1 2 0 1 2 1 1 1 2 1 1 2 1 1 1 1 1 1 1 1 1 1 1 0 1 1 1 1 1 1 1 1 1 1 0
M[177] : 1 2 2 3 0 3 2 2 1 2 2 3 2 2 1 1 3 2 3 2 1 1 2 2 1 2 2 1 2 3 2 2 1 2 1 2 3 2 2 2 2 3 1 2 2 1 2 3 2 3 2 2 2 3 3 2 2 2 2 1 2 1 3 2 1 2 2 2
M[178] : 2 3 2 2 2 2 1 2 2 3 0 3 2 2 2 3 1 1 2 2 2 2 2 3 2 3 1 2 3 2 2 2 1 2 3 1 2 2 2 2 1 3 3 2 2 2 1 2 1 2 1 2 1 3 2 1 1 2 2 3 1 1 2 2 2 1 1 1
M[179] : 2 2 1 2 2 1 2 1 1 1 2 1 1 1 1 0 2 1 1 1 2 1 1 1 2 1 2 1 1 1 1 1 1 1 2 1 1 1 1 2 1 2 1 1 1 2 2 1 2 1 1 1 1 2 1 1 1 1 1 2 2 1 1 2 2 1 2 1
M[180] : 1 1 1 0 2 1 1 0 2 1 1 1 1 1 0 2 1 1 2 1 1 1 1 2 1 1 1 0 1 1 1 1 1 1 2 1 1 2 1 2 1 2 1 1 2 1 1 1 1 1 1 1 1 1 1 1 1 1 2 2 1 1 1 2 1 1 1 1
M[181] : 1 1 1 2 1 0 1 1 2 1 1 2 2 2 1 1 2 2 2 2 1 1 1 2 1 1 1 1 1 1 2 1 1 1 1 2 1 2 1 1 1 2 1 2 2 1 2 1 1 2 1 1 1 1 2 1 2 2 2 1 2 1 2 2 1 2 1 2
M[182] : 2 2 2 3 2 1 2 1 1 2 2 2 2 2 1 2 2 1 2 2 2 1 1 2 2 1 2 1 1 2 1 1 1 1 1 2 1 1 2 2 2 1 2 2 0 1 2 2 1 2 2 1 1 3 1 2 2 2 1 2 2 2 2 2 1 1 2 2
M[183] : 2 2 2 3 1 1 2 1 1 2 2 2 2 2 1 2 2 1 2 2 2 1 2 2 1 1 2 1 2 2 2 2 1 2 0 2 2 1 2 2 1 1 2 2 1 1 2 2 1 2 2 1 1 2 1 2 2 2 1 2 2 2 2 1 1 1 2 2
M[184] : 3 2 3 1 2 3 3 3 3 2 3 3 2 3 2 1 2 3 2 3 3 2 2 2 2 2 3 2 2 2 2 2 2 1 1 3 2 1 2 2 2 1 3 2 3 2 3 2 2 1 2 2 1 2 3 2 3 3 1 2 2 2 2 0 2 1 2 3
M[185] : 2 1 0 0 1 2 1 1 2 0 2 1 0 1 1 1 1 1 1 1 2 1 1 1 2 1 1 1 1 1 1 1 1 1 1 1 0 2 0 1 1 1 1 1 1 1 1 1 1 1 1 1 2 1 2 1 1 1 1 1 1 1 0 2 1 0 2 1
M[186] : 2 2 1 2 2 1 3 2 2 1 3 1 2 3 2 3 3 3 1 3 2 3 2 1 3 3 3 2 3 2 2 2 2 2 3 3 1 3 1 3 2 3 0 3 3 2 3 2 2 2 3 1 3 3 2 1 3 3 2 3 3 3 2 3 3 2 1 3
M[187] : 2 1 1 2 2 1 2 1 2 1 1 1 1 1 1 2 1 2 1 2 2 1 1 1 2 1 2 1 1 2 1 1 2 1 2 1 1 2 1 2 1 2 1 1 2 2 1 2 1 1 1 0 2 2 1 1 2 2 1 1 1 1 1 2 2 1 1 0
M[188] : 2 1 3 1 1 2 2 2 2 1 3 2 1 1 1 1 1 1 1 1 2 1 2 2 3 3 1 1 2 1 2 1 1 1 2 1 1 2 2 1 2 2 2 1 2 1 1 1 1 1 2 1 2 1 2 1 2 2 1 1 2 2 1 2 2 2 2 0
M[189] : 1 1 2 2 1 2 2 1 2 1 2 3 2 2 0 1 3 2 3 2 2 1 1 2 1 2 2 2 1 3 2 2 2 1 1 2 3 2 2 2 2 2 1 3 2 1 3 3 2 3 3 2 1 2 3 2 2 2 2 1 2 2 2 2 1 2 1 2
M[190] : 2 2 1 2 2 1 3 1 2 1 2 1 2 2 2 3 3 3 1 3 2 2 1 1 2 1 3 0 2 2 2 2 2 2 3 2 1 2 1 2 1 3 1 3 2 2 2 2 2 2 2 2 2 3 2 1 3 3 1 1 3 2 2 2 2 1 2 2
M[191] : 1 2 2 3 1 3 2 2 1 2 2 3 3 2 1 1 3 2 3 2 1 1 2 2 1 2 2 1 2 2 3 2 0 2 1 2 3 2 2 2 2 3 2 2 2 1 2 3 2 3 2 2 2 3 3 2 2 2 2 1 2 1 3 2 1 2 2 2
M[192] : 2 1 1 2 1 2 1 2 2 1 2 2 2 2 2 1 2 2 2 1 2 1 1 2 2 1 1 2 1 2 2 1 1 1 1 2 1 1 1 0 1 1 2 2 1 1 2 2 1 2 2 1 1 2 1 1 2 0 1 1 2 1 2 2 1 1 1 2
M[193] : 3 3 3 3 2 3 1 2 2 3 3 3 2 1 2 2 2 1 3 1 3 2 2 3 2 3 1 2 3 3 2 3 2 2 3 1 3 3 2 2 2 3 3 0 2 2 1 2 2 2 1 2 2 3 2 3 1 1 3 3 3 1 2 2 2 2 3 1
M[194] : 2 1 1 2 1 3 0 2 3 1 2 2 2 2 2 1 2 2 2 2 2 2 1 2 2 1 2 2 1 2 2 2 2 1 1 3 2 1 1 2 1 1 2 2 3 1 2 2 1 2 2 2 1 2 1 1 2 2 1 1 2 2 2 2 1 1 1 3
M[195] : 1 1 2 2 1 1 3 2 2 1 1 1 2 2 2 3 2 3 1 2 1 2 0 1 2 2 3 2 3 2 2 2 2 2 3 3 1 3 1 3 1 3 2 2 2 1 3 2 2 2 2 1 3 2 2 1 3 3 2 3 2 3 2 3 2 2 1 3
M[196] : 1 1 1 2 2 1 1 0 1 1 1 2 1 1 0 2 1 1 1 1 2 1 0 2 1 1 1 1 1 1 1 1 1 2 2 1 1 2 1 2 1 2 2 1 1 2 1 1 1 1 1 2 1 2 1 1 1 1 1 2 1 1 1 2 1 1 1 1
M[197] : 1 0 3 2 2 1 3 2 3 1 3 1 2 3 2 3 3 3 2 3 1 3 2 2 3 3 3 2 3 2 2 2 2 2 3 3 1 3 1 3 2 3 2 3 3 2 3 2 2 2 3 1 3 2 3 1 3 3 2 3 2 3 2 3 2 2 1 3
M[198] : 0 1 2 2 1 1 1 1 1 2 1 2 1 2 1 3 1 2 2 2 1 1 1 2 1 2 1 1 2 2 2 2 1 1 2 2 2 2 2 2 1 1 2 2 2 1 1 2 1 2 1 1 1 1 2 1 2 2 2 2 1 1 2 1 1 1 1 2
M[199] : 3 1 3 1 1 2 3 2 2 1 3 2 2 0 1 2 2 2 2 1 2 2 2 2 3 3 2 2 2 1 2 3 1 2 2 3 1 2 2 2 2 2 2 1 2 1 2 1 1 1 2 1 2 1 3 2 2 3 1 3 2 3 1 2 2 2 2 2
M[200] : 1 1 1 1 1 1 0 1 2 1 1 1 1 1 1 2 1 1 0 2 1 1 1 1 1 1 1 1 1 1 1 1 2 1 2 1 1 2 1 1 1 1 1 1 2 1 1 1 1 1 1 0 2 1 1 1 2 2 1 1 1 1 1 2 1 1 1 1
M[201] : 3 2 2 2 2 2 2 3 2 2 1 3 2 3 2 1 3 2 3 3 2 2 1 2 2 1 2 2 1 2 2 1 2 1 1 2 2 2 2 1 0 2 1 3 3 1 3 3 2 3 3 2 1 2 3 1 2 2 2 1 2 2 2 2 1 1 1 3
M[202] : 3 3 3 3 2 3 2 2 2 3 2 3 2 2 2 2 3 1 3 1 2 2 2 3 2 2 2 1 3 3 3 3 2 2 2 1 3 3 3 2 2 3 3 2 0 2 2 3 2 2 2 2 2 3 3 2 2 1 3 2 3 1 3 3 2 2 3 2
M[203] : 3 3 3 2 3 2 3 2 3 3 3 3 2 3 3 2 3 2 2 3 3 3 3 3 3 3 4 3 4 3 1 4 2 3 3 2 3 3 3 0 3 4 2 3 3 3 3 3 3 3 3 3 3 3 3 3 2 3 3 3 3 3 3 4 3 3 2 2
M[204] : 1 1 2 2 2 1 1 2 2 3 1 3 2 1 2 3 1 1 2 2 2 2 2 3 2 2 1 2 3 1 2 2 1 2 3 1 2 2 2 2 1 2 2 2 2 2 1 2 1 2 1 0 1 3 2 1 1 2 2 3 1 1 2 2 2 1 1 1
M[205] : 1 2 1 2 2 2 1 1 1 2 1 2 1 1 1 2 2 1 2 1 1 1 2 2 1 1 1 1 2 1 1 1 1 2 2 1 2 1 1 2 1 2 2 1 1 1 2 1 2 1 1 2 0 2 1 1 2 1 1 2 2 1 1 1 1 0 2 1
M[206] : 2 2 0 2 2 1 3 2 3 1 3 1 2 3 2 3 3 3 1 3 2 3 2 1 3 3 3 2 3 2 2 2 2 2 3 3 1 3 1 3 2 3 1 3 3 2 3 2 2 2 3 2 3 3 2 2 3 3 2 3 3 3 2 3 3 2 2 3
M[207] : 1 2 2 2 1 1 1 1 1 2 2 2 1 2 1 3 1 2 2 2 1 1 1 2 0 2 1 1 2 2 2 2 1 1 2 2 2 2 2 1 1 1 2 2 2 1 2 2 1 2 1 1 1 1 1 1 2 2 2 2 1 1 2 1 1 1 1 2
M[208] : 1 1 1 1 1 1 1 1 2 1 1 2 2 2 1 0 1 2 2 2 1 1 1 2 1 1 1 1 1 1 1 1 1 1 1 2 1 1 1 0 1 2 1 1 2 1 1 1 1 1 0 1 1 1 2 1 2 1 1 1 2 1 2 2 1 1 1 1
M[209] : 1 1 1 1 1 1 1 0 2 1 1 1 0 1 0 1 1 0 1 1 1 0 1 1 1 1 1 0 1 1 1 1 1 1 2 0 1 2 1 1 1 2 1 1 2 1 1 1 1 1 1 1 1 1 1 1 0 1 1 1 1 1 1 1 1 1 1 0
M[210] : 1 1 2 2 1 2 3 2 1 1 2 1 2 2 2 3 2 2 1 1 1 2 1 1 2 2 3 2 2 2 2 2 2 1 2 3 1 3 1 3 1 2 2 2 1 1 2 2 1 2 2 1 3 2 2 1 3 2 2 2 2 2 2 2 0 2 2 3
M[211] : 1 1 2 2 1 2 3 2 1 1 2 1 2 2 2 2 2 2 1 1 1 2 1 1 2 2 2 2 2 1 2 2 1 1 1 2 1 2 1 3 1 2 2 2 1 1 2 2 1 1 2 1 0 2 2 1 3 1 2 2 2 2 2 1 1 1 2 3
M[212] : 3 2 3 1 2 3 3 3 3 2 3 2 1 2 2 2 0 2 2 3 3 2 2 2 3 3 3 2 2 1 2 3 2 2 2 3 2 2 2 2 2 2 3 2 3 2 2 2 2 1 2 1 2 1 3 2 2 3 1 2 2 3 1 2 2 2 2 2
M[213] : 2 2 2 3 2 3 1 2 2 3 2 3 2 1 2 2 2 1 3 1 2 2 2 3 2 2 1 1 3 2 2 3 1 2 3 1 3 3 2 2 2 3 2 1 2 2 2 2 2 0 1 2 2 3 2 2 1 1 2 2 3 1 2 2 2 2 2 1
M[214] : 3 3 3 1 3 1 4 3 3 3 3 1 2 3 3 3 3 3 2 3 3 3 2 2 3 3 3 2 3 3 2 3 2 2 3 3 0 3 2 3 3 3 2 3 3 3 3 3 3 3 3 2 3 3 3 3 2 3 2 3 3 3 2 3 3 2 2 3
M[215] : 1 1 1 1 1 1 1 1 2 1 1 2 2 2 1 0 1 2 2 2 1 1 1 2 1 1 1 1 1 1 1 1 1 1 1 2 1 2 1 0 1 2 1 1 2 1 0 1 1 2 1 1 1 1 2 1 1 1 1 1 2 1 1 2 1 2 1 1
M[216] : 1 1 1 2 2 1 1 1 2 1 1 2 1 1 0 2 1 1 2 1 2 1 1 2 2 1 1 1 0 1 1 1 1 2 3 1 1 2 1 2 1 2 2 1 1 2 1 1 1 1 1 2 1 2 1 1 1 1 1 2 1 1 1 2 1 1 1 1
M[217] : 1 1 1 1 1 1 1 1 2 1 1 2 2 0 1 0 2 2 2 2 2 1 1 2 1 1 1 2 1 1 2 1 1 1 1 2 1 1 1 0 1 2 1 1 2 1 1 1 1 2 2 1 1 1 1 1 2 1 1 1 2 1 2 2 1 1 1 1
M[218] : 1 1 1 1 2 0 1 0 2 1 1 1 1 1 0 1 1 0 1 1 1 0 1 2 1 1 1 0 1 1 1 1 1 1 2 0 1 2 1 1 1 2 1 1 1 1 1 1 1 1 1 1 1 1 1 1 0 1 1 1 1 1 1 2 1 1 1 1
M[219] : 1 1 2 2 1 1 1 1 2 2 1 2 1 2 1 3 1 1 2 2 1 1 1 2 1 2 1 1 2 2 2 2 0 2 3 2 2 2 2 2 1 1 2 2 2 1 1 2 1 2 1 1 1 1 2 1 1 2 2 3 0 1 2 1 1 2 1 1
M[220] : 1 1 2 3 1 2 2 1 1 2 2 2 2 2 1 1 2 2 1 2 1 1 2 1 1 2 2 1 2 2 2 2 1 2 1 2 2 2 1 2 2 2 1 2 1 1 2 2 2 2 2 2 1 1 2 2 2 2 1 1 1 1 3 0 1 2 1 2
M[221] : 2 2 1 3 2 2 1 1 1 2 1 2 2 1 1 2 2 1 3 1 2 1 2 2 2 2 1 1 2 1 2 1 1 2 2 1 2 0 1 2 2 2 2 1 1 2 2 1 2 1 1 2 1 2 1 1 2 1 1 2 2 1 1 1 2 1 2 1
M[222] : 1 1 3 2 1 1 3 2 2 1 3 1 2 2 2 3 3 3 2 3 1 3 2 2 3 3 3 2 3 2 2 2 2 2 3 3 1 3 1 3 1 3 2 3 3 1 3 2 2 2 3 1 3 2 2 1 3 3 2 3 2 3 2 3 2 2 0 3
M[223] : 2 3 3 3 2 3 1 2 2 3 2 3 2 0 2 2 2 1 3 1 2 2 2 3 2 2 2 1 3 3 3 3 1 2 3 1 3 3 3 2 2 3 3 2 2 2 2 2 2 2 2 2 2 3 2 2 2 1 3 2 3 1 2 3 2 2 2 2
M[224] : 1 1 1 1 1 1 1 1 2 1 1 2 1 1 1 0 1 0 2 1 1 1 1 2 1 1 1 1 1 1 1 1 1 0 0 1 1 1 1 0 1 0 1 1 1 1 1 1 1 1 1 1 1 1 1 1 1 1 0 0 1 0 1 2 1 1 1 1
M[225] : 1 1 1 1 1 1 1 1 2 1 1 2 2 2 1 0 1 2 2 2 1 1 1 2 1 1 1 1 1 1 0 1 1 1 1 2 1 1 1 0 1 2 1 1 2 1 1 1 1 1 1 1 1 1 2 1 2 1 1 1 2 1 1 2 1 1 1 1
M[226] : 3 3 3 3 3 3 1 2 3 3 3 3 2 2 2 3 2 1 3 3 3 2 3 3 3 3 1 2 3 3 2 3 2 3 3 2 3 3 3 2 3 3 3 3 3 3 0 2 3 3 2 3 2 3 2 3 1 2 3 3 3 1 3 4 2 3 2 1
M[227] : 1 1 2 2 1 1 2 1 1 2 2 1 2 2 1 1 2 2 2 2 1 1 2 1 1 2 2 1 2 2 2 2 1 2 1 2 2 2 1 2 2 2 1 2 2 1 2 2 2 2 2 2 1 0 2 2 2 2 1 1 2 1 3 2 1 2 1 2
M[228] : 2 2 1 3 2 2 1 1 1 2 1 2 2 1 1 2 2 1 3 1 1 1 2 2 1 2 1 1 2 2 3 2 1 2 2 1 2 1 1 2 2 2 2 1 1 1 2 1 2 1 2 2 1 2 0 2 2 1 1 2 2 1 1 1 2 1 2 2
M[229] : 2 2 1 3 2 1 1 2 2 2 1 3 2 1 1 2 1 1 3 1 2 2 2 2 2 2 1 1 2 1 2 1 1 2 3 1 3 2 1 2 2 2 2 1 1 2 1 0 2 1 1 2 1 2 2 1 1 1 2 2 2 1 2 2 2 1 2 1
M[230] : 3 2 3 1 2 2 3 2 3 2 3 2 2 3 3 2 3 2 2 2 3 3 2 2 3 3 3 2 3 0 2 3 1 2 2 3 1 3 2 3 2 2 3 3 2 1 3 1 3 1 3 1 3 2 3 2 2 3 2 3 2 3 2 2 2 2 2 3
M[231] : 1 1 2 2 1 1 3 2 1 1 2 1 2 2 2 3 2 2 1 2 1 2 1 1 1 2 3 2 2 2 2 2 2 1 0 2 1 3 1 3 1 2 2 2 1 1 2 2 1 2 2 1 2 2 2 1 3 2 2 2 2 2 2 1 1 1 2 3
M[232] : 1 1 2 2 1 2 2 1 2 2 2 2 2 2 1 1 3 2 3 2 1 1 2 2 1 2 2 1 2 2 2 2 1 1 1 2 3 2 1 2 2 2 1 2 2 0 2 3 2 3 2 2 1 2 2 2 2 2 2 1 2 1 3 2 1 2 1 2
M[233] : 1 1 1 1 1 1 1 1 2 1 1 2 2 1 1 0 2 2 2 1 2 1 1 2 1 1 1 2 1 1 1 1 1 1 1 0 1 1 1 0 1 1 1 1 1 1 1 1 1 1 2 1 1 1 1 1 1 1 1 1 2 1 1 2 1 1 1 1
M[234] : 2 2 2 2 2 2 1 1 2 2 2 2 2 2 1 3 1 1 2 2 2 2 2 2 2 2 1 1 3 2 2 2 1 2 3 2 2 2 2 2 2 0 2 2 2 1 2 3 1 2 1 1 1 2 2 2 1 2 2 3 1 1 3 1 1 2 2 2
M[235] : 1 1 2 2 1 1 3 2 2 1 1 1 2 2 2 3 2 2 1 2 1 2 1 1 0 2 3 2 2 2 2 2 2 1 2 3 1 3 1 3 1 2 2 2 2 1 3 2 1 2 2 1 3 2 2 1 3 3 2 2 2 3 2 1 1 1 1 3
M[236] : 2 2 2 2 2 1 3 2 3 0 3 1 2 3 2 3 3 3 1 3 2 3 2 2 3 3 3 2 3 2 2 2 2 2 3 3 1 3 1 3 3 3 1 3 3 2 3 2 2 3 3 2 3 3 2 2 3 3 2 3 3 3 2 3 3 2 2 3
M[237] : 1 1 2 2 1 1 2 1 2 1 1 2 2 2 1 1 3 2 3 2 1 1 1 2 1 2 2 2 1 1 2 1 1 1 1 2 0 2 1 1 1 2 1 2 2 1 2 3 1 3 3 1 1 2 2 1 2 2 2 1 2 2 2 2 1 2 1 2
M[238] : 3 2 2 2 2 3 3 3 3 2 3 3 2 3 2 1 3 3 3 3 3 2 2 3 2 3 3 2 2 2 2 3 2 1 1 3 2 1 2 2 2 2 3 3 3 2 3 2 3 2 3 2 1 2 2 2 2 2 2 1 2 2 2 2 2 0 2 3
M[239] : 2 1 2 1 1 2 0 2 2 1 2 2 2 1 1 2 2 1 2 1 2 1 1 2 2 2 2 2 1 1 2 2 1 1 2 2 1 2 1 3 1 2 2 1 1 1 2 1 1 1 2 1 2 1 3 1 2 1 1 2 2 2 1 2 2 2 2 1
M[240] : 2 2 2 3 2 2 2 1 0 2 2 2 2 2 1 2 2 2 2 2 2 1 1 2 2 1 2 1 2 2 2 2 1 2 2 2 2 1 2 2 2 1 2 2 2 1 2 3 1 2 2 1 1 3 1 2 2 2 1 2 2 2 3 2 1 1 2 2
M[241] : 3 2 3 1 2 3 3 3 3 2 3 2 1 3 2 2 2 2 2 3 3 2 2 2 3 3 3 2 2 2 2 2 2 2 2 3 2 2 2 2 2 1 3 3 3 2 2 2 2 1 3 2 2 1 3 2 2 3 0 2 1 2 2 2 2 2 2 2
M[242] : 2 3 3 2 3 2 3 3 4 3 3 3 1 3 3 1 3 2 3 3 3 3 2 3 2 3 3 3 4 3 2 4 2 2 0 2 3 3 2 2 3 3 2 3 3 3 3 3 3 2 4 3 2 3 3 3 2 2 3 2 3 2 3 4 3 3 3 3
M[243] : 1 1 2 2 2 1 1 1 2 2 1 2 2 2 1 3 1 1 2 2 1 1 1 2 2 2 1 1 2 2 2 2 1 2 3 1 2 2 2 2 1 1 2 2 2 1 1 3 1 2 1 1 1 0 2 1 1 2 2 3 1 1 3 1 1 2 1 1
M[244] : 2 3 3 2 2 2 2 2 2 3 2 3 2 3 2 1 3 2 3 2 2 0 2 3 1 2 2 2 2 3 2 2 2 1 1 2 3 2 2 2 2 3 2 3 3 1 3 3 2 3 3 3 2 2 3 2 2 2 3 1 2 2 3 2 1 2 2 2
M[245] : 1 1 2 2 1 1 3 2 2 1 2 1 2 2 2 3 3 3 2 3 0 3 2 2 2 3 3 2 3 2 2 2 2 2 3 3 1 3 1 3 1 3 2 3 2 2 3 2 2 2 3 1 3 2 2 1 3 3 2 3 2 3 2 3 2 2 1 3
M[246] : 2 2 1 2 2 1 3 1 2 1 2 1 2 2 2 3 2 3 1 3 2 2 1 1 2 1 3 1 2 2 2 2 2 2 3 2 1 2 1 2 2 3 1 3 2 2 2 2 2 2 2 2 2 3 2 2 3 3 1 0 2 2 2 2 2 1 2 2
M[247] : 3 2 3 2 3 1 3 0 3 2 3 1 2 3 2 3 3 3 1 3 2 3 2 1 3 2 3 2 3 3 2 2 3 2 3 3 1 3 1 2 3 3 1 3 3 2 3 3 2 3 3 2 3 3 2 2 3 3 2 3 3 2 3 3 3 2 2 3
M[248] : 3 3 3 3 3 2 1 2 2 3 3 3 2 2 2 3 0 1 3 2 3 2 2 3 2 3 1 2 3 3 2 3 2 2 3 1 3 3 2 2 3 3 3 2 2 2 1 2 2 3 1 2 2 3 2 3 1 2 2 3 3 1 2 2 2 3 2 1
M[249] : 1 1 1 1 1 1 1 1 2 1 1 2 2 1 1 0 2 2 2 0 2 1 1 2 1 1 1 2 1 1 1 1 1 1 1 1 1 1 1 0 1 1 1 1 1 1 1 1 1 1 2 1 1 1 1 1 1 1 1 1 2 1 1 2 1 1 1 1

