 Execution de l'algoritme BITS sur le fichier dsjc500.5.txt
=====================================================================
 Partitions  : 
Vk[0] : 194 336 173 291 455 236 254 197 -->  8 éléments.
Vk[1] : 91 149 260 222 178 380 225 388 -->  8 éléments.
Vk[2] : 56 232 398 124 391 334 408 0 -->  8 éléments.
Vk[3] : 354 394 268 223 118 115 25 127 -->  8 éléments.
Vk[4] : 172 83 456 171 106 102 420 186 -->  8 éléments.
Vk[5] : 477 20 493 447 482 139 60 406 -->  8 éléments.
Vk[6] : 344 121 379 364 421 196 437 221 -->  8 éléments.
Vk[7] : 184 1 34 249 355 47 308 358 -->  8 éléments.
Vk[8] : 371 214 89 35 174 386 5 -->  7 éléments.
Vk[9] : 286 119 61 2 444 275 289 262 -->  8 éléments.
Vk[10] : 167 418 325 461 483 345 475 253 -->  8 éléments.
Vk[11] : 130 241 277 99 211 265 452 205 -->  8 éléments.
Vk[12] : 48 108 250 497 153 370 53 -->  7 éléments.
Vk[13] : 81 454 342 343 54 473 248 350 -->  8 éléments.
Vk[14] : 65 242 218 36 301 317 272 427 -->  8 éléments.
Vk[15] : 339 311 55 365 198 484 180 85 -->  8 éléments.
Vk[16] : 485 155 200 238 23 148 95 27 -->  8 éléments.
Vk[17] : 466 168 327 487 448 57 33 292 -->  8 éléments.
Vk[18] : 366 80 169 357 92 247 228 347 -->  8 éléments.
Vk[19] : 468 69 93 409 478 369 227 438 -->  8 éléments.
Vk[20] : 202 312 51 132 191 42 425 152 -->  8 éléments.
Vk[21] : 190 451 144 19 492 90 189 476 -->  8 éléments.
Vk[22] : 185 111 160 39 136 129 397 261 -->  8 éléments.
Vk[23] : 282 251 10 279 212 281 12 457 -->  8 éléments.
Vk[24] : 44 356 495 123 206 38 433 389 -->  8 éléments.
Vk[25] : 257 30 97 274 423 436 67 21 -->  8 éléments.
Vk[26] : 162 84 432 393 430 243 303 82 -->  8 éléments.
Vk[27] : 375 66 187 203 467 434 255 146 -->  8 éléments.
Vk[28] : 422 96 486 449 233 43 71 324 -->  8 éléments.
Vk[29] : 154 399 59 269 122 117 374 166 -->  8 éléments.
Vk[30] : 278 333 296 315 288 112 219 165 -->  8 éléments.
Vk[31] : 151 170 361 109 266 323 104 52 -->  8 éléments.
Vk[32] : 385 158 64 326 446 107 105 390 -->  8 éléments.
Vk[33] : 181 330 32 377 464 16 7 352 -->  8 éléments.
Vk[34] : 11 320 481 150 128 294 489 445 -->  8 éléments.
Vk[35] : 417 226 459 337 224 88 465 331 -->  8 éléments.
Vk[36] : 126 103 346 29 472 498 188 17 -->  8 éléments.
Vk[37] : 469 114 161 471 58 72 440 368 -->  8 éléments.
Vk[38] : 429 41 8 100 63 159 45 50 -->  8 éléments.
Vk[39] : 407 396 313 113 499 13 70 125 -->  8 éléments.
Vk[40] : 458 234 220 273 307 94 270 411 -->  8 éléments.
Vk[41] : 62 193 68 428 87 156 183 213 -->  8 éléments.
Vk[42] : 353 135 24 175 137 348 419 340 -->  8 éléments.
Vk[43] : 401 470 387 74 338 263 98 192 -->  8 éléments.
Vk[44] : 328 240 283 439 195 216 176 -->  7 éléments.
Vk[45] : 116 258 22 133 359 381 134 431 -->  8 éléments.
Vk[46] : 267 138 400 208 4 376 310 414 -->  8 éléments.
Vk[47] : 110 142 230 207 140 15 491 453 -->  8 éléments.
Vk[48] : 314 3 318 287 441 6 164 383 -->  8 éléments.
Vk[49] : 300 26 349 252 14 462 392 321 -->  8 éléments.
Vk[50] : 480 179 40 77 403 496 382 -->  7 éléments.
Vk[51] : 395 147 442 372 244 209 384 302 -->  8 éléments.
Vk[52] : 306 494 305 141 316 264 335 450 -->  8 éléments.
Vk[53] : 284 426 404 231 424 329 28 304 -->  8 éléments.
Vk[54] : 199 204 75 412 229 373 490 297 -->  8 éléments.
Vk[55] : 402 239 280 378 235 120 271 217 -->  8 éléments.
Vk[56] : 259 131 443 101 163 210 182 18 -->  8 éléments.
Vk[57] : 410 157 246 177 9 201 351 435 -->  8 éléments.
Vk[58] : 360 256 237 46 76 367 405 290 -->  8 éléments.
Vk[59] : 295 474 293 415 413 86 143 479 -->  8 éléments.
Vk[60] : 460 78 73 215 488 309 299 285 -->  8 éléments.
Vk[61] : 332 416 79 298 322 319 341 363 -->  8 éléments.
Vk[62] : 276 245 31 145 362 463 37 49 -->  8 éléments.
Matrice M
M[0] : 4 4 0 5 5 5 4 6 4 5 3 3 4 4 4 3 3 3 6 4 8 3 4 2 7 6 5 6 4 4 2 3 6 4 5 2 4 5 7 3 6 5 4 3 3 5 4 6 3 6 4 5 4 3 5 6 1 5 5 4 1 1 3
M[1] : 5 5 5 4 2 1 4 0 5 1 5 3 2 6 4 3 5 4 3 5 3 5 5 4 3 5 4 4 6 3 7 3 7 2 3 4 6 4 3 4 4 6 7 7 3 5 4 2 3 4 5 4 5 4 5 4 5 5 3 3 6 4 4
M[2] : 4 2 5 4 3 4 3 2 5 0 7 5 3 2 1 4 2 4 7 2 3 6 5 5 3 5 5 6 4 6 4 5 5 4 5 2 4 6 5 4 5 4 5 4 4 6 5 4 3 3 2 5 4 5 4 5 3 6 2 3 4 5 0
M[3] : 4 5 4 3 3 5 4 4 3 2 5 5 5 5 4 3 2 7 5 5 4 4 4 5 3 3 5 6 6 4 5 6 4 5 5 4 5 4 4 2 4 5 7 5 6 4 5 4 0 2 3 2 7 4 5 4 5 6 4 5 3 5 6
M[4] : 6 4 2 3 3 5 3 6 5 4 5 6 2 6 3 6 3 4 5 3 5 6 4 5 6 5 2 4 4 6 3 5 4 6 5 4 3 6 6 4 4 3 4 3 2 2 0 5 2 6 5 4 4 6 3 5 3 7 2 3 3 5 2
M[5] : 5 4 5 2 5 3 5 3 0 8 5 4 5 6 7 2 5 4 5 4 3 3 7 2 4 3 4 2 5 5 4 1 7 6 4 3 6 4 5 3 5 4 4 5 5 3 6 5 4 2 5 2 4 6 4 3 2 3 2 6 4 2 5
M[6] : 4 3 4 5 4 4 3 3 3 5 4 6 4 5 5 3 4 4 4 6 5 5 4 2 4 4 2 3 3 3 4 3 6 4 1 5 3 3 4 4 3 4 6 4 3 3 6 7 0 5 2 4 5 4 6 4 5 4 2 3 2 4 7
M[7] : 4 5 2 2 3 3 4 2 3 1 3 4 4 6 4 6 6 3 4 1 4 2 4 3 2 3 0 4 3 2 4 5 2 0 6 6 6 4 6 5 5 4 6 5 5 5 6 6 5 5 2 5 4 4 3 5 5 4 4 1 2 6 3
M[8] : 4 4 7 5 2 5 4 5 1 3 4 5 6 4 6 4 5 6 5 5 5 4 5 3 3 5 5 2 4 5 5 5 5 4 5 4 6 6 0 5 3 4 5 3 4 5 4 3 5 5 3 4 2 6 4 5 3 4 5 3 5 2 3
M[9] : 3 4 4 3 3 3 3 5 3 2 4 3 3 7 3 4 3 7 5 5 3 2 6 6 1 4 5 6 7 4 4 5 3 5 4 3 4 3 5 3 3 5 5 4 6 3 5 4 1 4 1 5 5 6 4 3 8 0 5 6 3 3 5
M[10] : 5 5 4 6 4 1 3 3 2 3 5 2 2 3 7 5 6 4 3 5 3 7 4 0 3 5 3 4 4 5 5 6 7 3 2 3 6 2 3 2 6 5 5 5 2 2 2 3 1 3 4 5 3 4 6 2 6 4 3 5 3 6 2
M[11] : 7 4 3 3 4 5 5 4 4 6 3 4 4 2 3 5 4 3 4 2 7 3 3 4 5 4 4 5 3 5 6 5 4 3 0 4 3 3 2 4 5 5 6 5 2 6 3 5 3 2 5 2 4 3 3 4 7 4 3 4 5 4 6
M[12] : 3 2 2 3 1 6 2 3 3 7 4 3 0 5 3 3 6 4 3 1 4 6 1 0 3 6 5 5 3 3 5 3 5 6 3 3 4 3 2 5 4 6 5 4 4 4 3 2 5 3 2 5 5 4 5 4 2 6 5 5 3 4 2
M[13] : 5 3 4 8 1 4 5 6 1 7 3 6 5 6 6 7 5 5 5 4 5 2 4 2 3 2 5 4 4 5 5 6 6 3 5 5 2 5 4 0 4 6 6 6 5 3 5 4 2 7 4 5 6 6 3 5 3 4 4 5 5 5 4
M[14] : 6 4 8 4 7 4 5 4 4 5 6 6 2 6 6 2 4 4 3 5 3 4 5 5 2 6 3 3 5 3 2 4 6 4 4 4 1 4 3 6 3 3 4 5 4 4 6 6 5 0 1 5 2 5 3 2 6 4 4 6 2 5 6
M[15] : 3 3 6 3 5 5 3 4 2 2 3 3 3 2 6 4 3 5 5 6 4 3 4 4 8 6 4 5 7 4 5 4 4 4 3 3 6 3 5 3 5 5 5 5 4 4 4 0 4 5 3 5 4 6 4 4 4 3 3 6 2 3 6
M[16] : 4 5 5 3 6 6 4 2 3 6 5 4 3 1 4 2 7 4 4 6 5 4 2 5 3 6 4 3 6 3 3 6 4 0 3 4 6 3 7 4 3 2 4 4 4 5 6 4 4 1 4 3 5 2 5 5 2 4 3 2 6 3 4
M[17] : 4 4 5 5 5 3 3 5 4 4 4 4 2 5 6 3 6 3 4 2 4 1 4 3 6 4 4 5 3 6 3 4 4 6 5 4 0 6 7 4 4 2 5 4 7 3 2 5 4 5 5 3 3 4 4 7 4 1 5 1 4 2 2
M[18] : 6 4 1 4 4 5 6 4 3 3 4 6 4 5 7 8 5 4 3 3 4 1 5 3 3 4 0 6 2 5 3 6 1 4 5 4 3 4 5 2 3 4 5 5 2 6 2 3 3 5 5 4 4 5 4 5 0 4 4 3 3 4 5
M[19] : 4 4 4 5 2 4 6 4 5 2 2 3 4 6 2 5 4 5 2 2 2 0 4 4 4 5 4 3 3 6 6 2 3 3 2 4 6 5 5 6 4 3 5 4 4 3 3 5 4 5 2 4 4 4 5 4 4 5 4 2 3 3 5
M[20] : 3 7 3 6 6 0 2 2 4 4 4 5 4 5 5 1 5 3 4 4 3 4 5 3 4 6 3 5 5 6 5 5 3 6 4 5 5 5 5 4 2 6 3 5 1 6 4 3 4 3 5 4 3 2 6 2 5 2 4 3 4 4 2
M[21] : 2 3 5 2 4 3 5 4 2 2 6 2 2 6 4 4 4 6 2 4 5 6 5 3 6 0 4 7 2 2 6 2 4 6 5 7 3 4 4 3 6 4 4 4 4 4 3 5 4 7 2 4 3 3 5 4 5 6 4 3 3 4 6
M[22] : 5 4 1 6 3 2 6 7 4 3 6 1 4 5 3 4 2 4 3 4 3 3 4 5 5 4 5 6 4 4 5 5 5 3 2 4 2 2 6 4 3 3 4 5 4 0 6 4 5 4 3 4 3 3 6 3 3 4 5 4 1 5 2
M[23] : 5 4 5 1 4 4 2 5 6 4 4 5 3 3 3 1 0 2 3 4 3 3 4 2 3 5 5 5 5 4 7 5 4 2 5 3 5 5 5 4 3 3 3 5 5 7 5 5 5 6 3 3 3 5 6 3 4 2 7 5 5 4 5
M[24] : 4 4 5 5 3 3 6 4 1 6 4 5 3 7 7 2 2 3 4 6 2 5 2 4 4 2 4 4 4 4 4 3 3 2 5 3 3 2 5 4 7 5 0 6 4 3 4 5 3 4 2 3 2 5 5 4 4 3 6 1 5 2 6
M[25] : 5 4 1 0 4 4 3 5 4 2 3 4 2 5 5 5 4 4 1 4 5 5 2 3 2 3 2 2 6 3 5 3 3 2 4 4 5 5 5 3 7 1 6 5 4 5 2 5 4 4 3 5 4 4 3 3 6 4 5 4 4 1 5
M[26] : 3 4 3 5 3 2 4 5 2 4 3 7 4 6 5 4 5 4 6 6 6 2 3 4 2 4 5 4 3 5 7 5 5 5 3 5 3 4 6 4 3 3 2 5 2 6 3 3 5 0 4 3 2 5 3 7 3 5 4 4 4 5 6
M[27] : 5 5 5 4 5 2 4 4 2 4 3 4 3 4 7 4 0 5 2 4 3 4 2 6 3 5 4 6 4 5 4 5 3 4 4 5 3 2 4 4 4 4 1 6 4 5 3 5 5 3 5 4 5 3 2 3 5 6 3 6 5 6 5
M[28] : 3 2 4 4 2 3 4 3 5 4 5 4 2 3 4 4 3 4 3 5 6 4 6 5 4 4 6 5 3 3 5 7 5 3 3 4 2 3 6 5 3 5 3 1 6 4 5 4 4 5 4 1 5 0 5 3 2 4 4 5 3 6 5
M[29] : 2 2 4 3 3 5 4 3 2 7 3 4 3 3 2 1 3 2 5 5 2 3 3 5 5 3 5 5 3 6 5 5 4 2 5 5 0 3 5 3 4 3 6 5 1 3 5 7 3 4 4 4 5 5 4 4 3 3 4 2 6 3 3
M[30] : 4 5 4 3 4 4 5 5 2 5 7 3 6 7 6 4 5 5 3 6 5 4 3 7 5 0 6 4 4 5 4 3 4 3 6 3 3 5 4 5 5 4 4 6 4 4 6 4 3 4 2 2 2 4 5 5 5 6 3 4 5 2 5
M[31] : 6 5 6 5 3 4 3 4 2 3 4 4 4 4 4 2 5 4 4 6 3 2 6 3 4 4 4 3 6 4 5 5 4 2 6 8 4 5 3 3 3 4 5 4 3 2 4 2 4 5 4 5 5 3 5 6 6 3 6 4 3 3 0
M[32] : 5 5 4 4 2 5 4 6 4 5 4 3 4 4 5 2 2 2 4 6 3 2 8 7 5 2 4 3 4 3 5 5 4 0 2 0 3 1 3 5 5 6 5 3 3 6 6 4 3 3 6 5 6 5 2 5 2 3 5 5 4 2 2
M[33] : 4 5 4 4 3 5 3 6 5 5 8 2 4 5 5 4 3 0 5 2 7 5 6 5 4 5 5 4 4 6 3 2 4 1 4 4 4 5 5 3 3 4 2 5 4 5 5 3 5 6 4 6 6 0 6 3 4 2 5 3 5 5 4
M[34] : 5 5 3 2 6 2 3 0 3 4 4 3 5 4 4 4 6 3 5 4 6 4 6 5 4 4 5 3 5 3 4 6 5 4 5 4 4 4 6 5 6 3 6 4 2 4 6 5 5 8 5 5 2 4 4 5 5 2 4 5 5 5 4
M[35] : 4 3 6 5 4 4 3 7 0 4 3 4 3 3 3 5 6 3 4 5 3 4 6 2 6 1 4 5 1 4 5 3 3 5 4 4 5 7 2 3 7 3 4 4 4 3 4 6 2 4 3 3 4 5 2 4 5 6 3 5 5 3 3
M[36] : 2 3 3 2 6 3 7 4 4 3 5 1 4 6 0 5 6 8 4 4 4 1 5 5 5 2 7 4 6 3 4 6 5 5 5 3 6 3 1 4 4 2 3 4 5 4 5 7 3 4 2 3 5 5 5 4 6 3 4 6 4 3 3
M[37] : 4 2 2 4 5 5 2 2 4 2 2 3 5 5 4 8 4 5 3 6 4 4 4 5 2 4 3 3 5 1 4 2 4 6 4 6 5 4 3 6 3 3 3 6 4 4 3 5 5 5 4 5 4 7 2 6 5 5 5 4 3 7 0
M[38] : 3 3 3 6 5 3 5 4 4 7 5 3 3 6 7 3 4 3 2 3 6 0 5 5 0 3 5 4 6 2 1 7 3 3 3 2 3 2 5 4 3 6 7 5 3 3 5 6 3 2 5 4 5 4 6 4 6 6 5 3 3 4 6
M[39] : 2 5 4 3 4 5 3 4 4 4 5 2 2 7 2 5 6 4 5 4 3 6 0 3 4 4 4 4 3 3 6 7 5 5 3 6 4 1 3 6 5 5 5 6 3 2 3 6 5 4 4 4 7 6 4 4 4 4 4 4 3 7 4
M[40] : 6 3 5 7 4 6 5 3 2 3 2 5 3 5 5 3 3 4 4 5 6 4 5 4 4 6 2 5 5 5 4 4 3 3 3 5 4 4 5 6 5 8 6 5 3 2 4 4 5 3 0 4 4 4 2 4 5 5 5 2 2 6 6
M[41] : 4 2 6 5 5 2 4 5 4 6 3 3 4 5 3 4 7 4 5 3 6 2 5 4 1 4 3 5 5 4 5 3 4 6 1 3 2 1 0 7 2 6 7 5 6 5 3 3 5 2 4 3 3 4 4 5 5 5 2 1 6 3 4
M[42] : 4 5 4 5 3 3 4 2 3 4 1 5 4 2 5 3 4 5 3 4 0 3 6 4 7 2 5 2 5 3 2 6 4 5 3 2 5 6 3 6 4 2 5 3 4 4 5 3 4 3 4 5 4 4 5 5 2 4 2 6 4 4 4
M[43] : 4 2 5 3 5 4 6 2 2 3 5 6 0 3 3 4 4 1 6 1 2 3 4 6 4 4 4 3 0 6 5 5 3 5 5 4 1 4 3 5 6 4 4 5 5 5 5 4 5 3 5 3 6 3 3 3 7 7 4 4 5 4 6
M[44] : 5 4 4 4 3 3 7 2 4 2 4 4 4 5 4 7 4 4 5 3 3 4 4 3 0 5 4 6 2 5 3 6 5 4 5 6 4 4 3 4 6 5 6 3 4 5 7 3 3 4 3 4 2 4 2 2 5 6 5 5 7 4 4
M[45] : 4 5 1 4 2 3 5 5 5 4 5 4 4 5 3 3 5 5 5 5 4 2 3 5 5 4 4 3 5 5 6 5 5 5 5 4 5 5 0 6 5 1 4 4 4 6 3 3 6 2 1 2 6 2 2 0 6 3 2 3 5 6 5
M[46] : 6 5 5 4 5 4 5 5 2 5 3 3 6 3 5 3 3 3 4 2 3 3 6 5 3 4 1 3 4 4 2 3 2 4 4 4 5 3 4 3 4 5 3 3 4 5 3 6 3 2 3 6 3 4 3 6 4 4 0 3 5 5 1
M[47] : 4 5 5 4 2 4 1 0 3 4 5 5 3 3 4 4 3 3 3 2 3 4 3 2 4 5 2 4 4 2 4 3 4 4 4 5 5 5 5 3 5 5 6 6 4 6 4 4 4 4 5 1 2 4 6 4 3 3 8 4 5 3 2
M[48] : 4 5 6 5 2 2 2 6 3 3 2 6 0 4 4 3 3 6 3 6 1 4 2 4 3 4 2 4 2 7 3 7 4 1 4 4 5 5 3 2 4 2 4 3 2 4 4 3 4 6 6 4 5 4 5 5 5 3 5 6 4 3 2
M[49] : 4 5 4 3 2 2 3 4 5 4 1 6 3 5 4 6 6 5 3 2 6 4 3 4 5 3 7 4 4 5 5 4 7 3 3 3 3 5 4 5 5 3 4 5 3 1 3 5 8 6 1 4 3 5 3 4 4 2 5 5 5 5 0
M[50] : 5 3 5 3 6 3 3 4 1 6 6 3 2 3 4 6 5 4 6 3 4 5 4 3 5 3 4 7 4 3 7 6 4 7 2 3 5 2 0 1 3 5 4 4 3 4 7 7 6 5 4 4 6 4 6 2 5 5 5 3 4 2 3
M[51] : 5 2 7 3 5 2 4 4 3 5 5 7 1 3 3 4 1 5 1 3 0 6 7 4 8 5 4 4 4 5 4 4 6 2 4 4 4 4 4 5 3 3 5 5 6 4 5 5 5 3 4 3 4 3 4 3 4 5 5 6 5 3 4
M[52] : 4 4 5 3 2 5 5 1 0 6 4 4 5 4 6 3 5 2 2 5 5 4 3 6 5 3 5 4 3 5 4 0 3 5 2 2 5 3 7 6 5 4 2 2 3 6 5 4 4 5 5 3 3 3 5 2 6 5 4 6 6 4 4
M[53] : 3 7 5 3 4 7 5 2 1 6 3 6 0 3 5 4 4 4 6 3 1 2 6 4 3 6 5 3 5 4 4 3 5 6 3 5 3 3 5 3 3 3 4 7 4 6 6 4 5 4 4 3 6 5 4 4 5 6 6 4 5 4 7
M[54] : 2 2 4 6 5 3 5 2 2 4 6 3 3 0 3 4 3 4 4 5 5 4 4 2 5 8 4 6 5 6 1 3 2 3 4 4 3 3 4 4 3 5 5 6 4 2 6 3 5 7 4 5 2 5 2 5 5 4 2 1 4 6 4
M[55] : 5 5 3 6 3 4 4 2 4 4 3 2 1 6 4 0 5 3 6 5 2 4 4 3 3 5 2 2 6 2 3 5 2 2 4 4 3 4 4 4 6 2 5 2 4 3 4 4 3 2 3 4 4 4 5 1 1 5 5 3 6 4 4
M[56] : 6 4 0 5 4 4 4 6 4 4 4 4 4 5 5 3 5 6 3 5 5 3 2 2 4 6 3 5 4 3 4 4 5 3 5 3 3 5 4 2 4 2 3 4 2 4 6 1 4 4 4 5 4 8 4 6 4 3 2 4 3 5 2
M[57] : 4 4 2 2 3 4 5 5 5 3 5 5 5 3 5 4 4 0 3 4 4 5 6 4 4 6 6 5 2 5 5 2 3 3 4 1 3 1 6 5 4 4 1 4 3 2 4 4 4 5 1 2 2 3 5 2 3 6 2 5 3 4 4
M[58] : 5 4 4 2 5 3 3 4 3 3 5 3 4 4 6 4 4 5 5 6 5 1 6 2 3 3 5 3 3 6 5 3 4 3 4 4 4 0 3 3 5 5 5 3 4 4 5 4 3 4 5 4 3 4 2 4 5 3 4 5 3 5 4
M[59] : 3 3 5 5 3 5 6 6 6 5 3 4 3 3 4 4 5 7 2 2 5 4 3 3 4 4 4 3 5 0 5 5 6 4 4 2 3 5 4 5 4 4 3 3 4 5 3 3 6 4 2 5 4 5 3 7 3 4 5 2 2 4 6
M[60] : 4 4 3 1 6 0 5 2 1 2 6 3 5 6 5 3 5 6 3 3 3 5 6 4 5 2 4 4 5 5 4 5 7 4 2 5 5 6 3 5 2 3 5 2 6 6 3 4 2 4 3 3 4 5 2 3 4 7 3 6 4 4 4
M[61] : 2 6 6 4 5 4 3 1 4 0 4 6 5 5 6 3 5 1 3 5 6 4 3 5 6 3 5 5 4 3 1 3 5 4 3 6 4 3 4 5 3 0 6 6 3 2 3 4 4 6 3 5 6 4 4 4 3 5 4 2 4 4 4
M[62] : 3 2 4 1 3 2 4 6 1 3 4 5 2 4 6 3 2 5 5 4 3 6 3 5 6 2 6 4 3 3 5 3 3 3 3 5 5 6 2 3 2 0 4 4 4 2 3 5 4 6 3 4 4 6 3 3 7 6 3 6 4 5 3
M[63] : 3 2 6 3 6 5 3 5 2 4 3 4 4 4 5 2 4 5 4 3 4 4 4 3 4 3 2 5 4 3 3 7 6 2 1 3 4 4 0 5 5 3 5 4 6 4 4 5 3 7 4 3 4 2 6 6 4 5 5 3 3 3 4
M[64] : 4 5 6 5 6 4 6 3 3 3 5 5 4 3 4 4 7 4 4 3 4 4 3 4 1 5 7 5 5 5 4 5 0 3 5 5 5 6 4 7 3 3 5 3 4 5 4 5 6 2 5 6 4 5 3 4 4 5 6 5 2 4 4
M[65] : 8 4 4 3 6 4 7 3 6 5 4 5 6 1 0 6 5 5 5 4 5 3 2 2 4 4 4 4 4 3 3 4 3 5 3 4 5 4 4 3 2 6 6 3 1 1 3 5 5 6 5 4 3 4 5 5 3 5 6 5 4 3 6
M[66] : 5 4 5 4 4 2 4 3 1 6 4 5 2 4 4 6 1 5 6 2 4 5 6 4 3 5 3 0 5 6 5 3 5 2 5 5 6 3 3 3 5 2 3 3 5 5 4 5 4 5 4 3 7 6 4 5 5 2 3 3 5 6 5
M[67] : 4 2 4 0 6 5 1 4 3 5 3 4 5 2 1 4 4 4 6 3 3 5 3 3 5 0 7 6 5 6 3 4 6 3 4 3 3 4 5 1 6 3 6 2 2 3 5 3 3 4 4 4 6 4 4 6 2 4 5 3 4 5 3
M[68] : 3 2 4 4 5 5 2 4 5 2 6 5 4 5 1 2 7 6 4 7 3 3 2 7 6 5 5 4 4 2 6 2 6 4 3 6 4 5 6 4 4 0 2 3 4 4 1 4 3 2 2 4 4 5 5 7 2 5 1 3 3 4 3
M[69] : 4 3 4 4 4 5 4 4 3 6 3 5 4 3 4 7 8 5 4 0 5 3 4 4 2 8 3 6 6 4 4 4 5 3 4 4 1 6 2 4 3 4 5 3 4 3 3 3 1 5 2 5 2 1 3 2 3 6 3 5 4 8 6
M[70] : 1 3 4 6 6 3 5 3 2 5 2 7 3 4 5 2 5 5 4 5 4 5 3 3 4 5 6 3 6 4 4 1 4 6 5 4 6 3 4 0 6 4 5 5 7 7 3 5 5 2 4 4 4 4 5 5 3 4 3 3 3 5 5
M[71] : 5 6 4 3 5 5 4 4 2 5 5 5 3 3 1 4 2 4 2 3 5 5 5 5 2 5 2 4 0 3 4 2 5 3 5 4 5 3 4 3 4 2 4 5 5 5 2 3 5 5 4 5 6 4 3 4 4 4 5 1 3 3 5
M[72] : 5 3 5 4 2 5 4 2 3 4 3 1 2 4 4 4 6 3 3 5 3 6 3 6 2 4 4 5 3 5 4 6 5 6 3 4 4 0 3 4 4 2 3 3 3 6 4 4 4 4 3 3 4 5 4 4 4 2 4 5 6 4 3
M[73] : 5 3 5 6 4 3 4 3 5 4 5 4 1 1 3 4 6 4 4 4 6 3 4 2 4 5 2 3 7 4 6 2 5 5 5 4 6 2 7 3 3 5 3 4 6 1 3 7 4 5 4 3 2 2 4 3 2 7 4 6 0 3 2
M[74] : 3 3 4 5 3 4 3 5 2 2 5 3 4 4 4 1 3 6 3 3 5 6 5 4 2 7 3 5 3 3 2 6 3 4 4 6 3 3 3 5 5 4 4 0 5 4 6 3 4 2 4 3 2 5 2 1 5 4 5 4 6 5 5
M[75] : 4 3 3 4 7 2 5 4 3 4 4 4 1 4 6 7 2 3 4 3 3 3 4 6 4 5 4 6 5 4 5 4 6 3 4 7 5 4 4 2 4 4 6 5 3 5 1 4 6 4 5 6 7 6 0 3 2 4 7 2 4 5 2
M[76] : 5 4 2 1 2 2 7 5 5 6 5 0 5 6 5 4 4 4 4 4 4 4 2 6 2 1 5 2 3 5 2 3 4 4 2 6 2 3 3 2 4 4 3 6 2 5 5 2 4 6 6 5 4 4 3 5 4 6 0 7 4 4 5
M[77] : 4 5 6 6 4 3 4 3 3 4 4 3 5 6 4 4 5 3 2 2 6 6 4 5 4 4 7 5 3 6 4 4 5 5 2 4 3 6 3 4 5 6 4 5 7 2 5 4 6 4 0 3 2 3 5 2 4 3 2 4 3 5 2
M[78] : 3 3 4 7 6 2 2 5 6 5 2 4 1 5 3 4 3 2 4 4 5 3 3 3 2 4 3 6 5 5 5 2 3 2 1 5 4 3 3 5 4 4 3 3 3 4 5 1 6 5 4 3 2 4 5 4 7 3 3 5 0 6 3
M[79] : 6 5 2 1 4 4 3 5 6 3 6 4 3 2 3 4 6 6 6 4 4 2 5 5 5 4 4 3 4 2 2 5 5 5 4 3 4 4 5 5 2 4 6 4 4 5 5 3 4 2 4 5 2 7 4 3 4 5 6 5 2 0 5
M[80] : 4 3 3 4 5 2 5 3 2 5 5 3 4 5 4 7 6 8 0 3 3 2 4 4 5 4 5 5 8 3 5 5 4 5 2 5 3 4 6 4 2 6 2 5 4 5 4 6 4 3 1 4 6 5 4 5 4 6 3 5 2 4 5
M[81] : 5 2 4 2 4 6 4 3 2 4 5 0 7 0 4 4 5 4 4 5 2 4 4 4 5 6 5 6 5 4 4 5 3 4 3 4 4 4 3 6 5 6 6 3 2 5 4 4 6 8 3 2 2 2 6 3 1 3 6 4 4 5 5
M[82] : 5 7 5 5 3 5 5 7 5 5 2 3 5 4 4 4 4 5 1 3 4 3 4 6 4 7 0 5 2 3 5 6 7 2 3 3 2 2 0 3 2 4 4 4 7 3 3 4 5 5 4 4 4 5 4 2 3 4 2 6 5 1 2
M[83] : 1 4 3 6 0 3 7 2 1 4 5 4 3 5 3 5 4 6 5 7 4 4 3 3 3 3 4 5 4 3 7 6 5 4 5 4 5 4 6 4 3 4 5 3 1 3 4 5 4 5 5 6 5 4 4 4 5 6 5 5 5 4 3
M[84] : 3 4 5 5 6 4 1 5 5 5 4 4 5 4 5 2 5 3 4 4 5 7 5 5 5 7 0 6 4 4 5 5 6 2 5 4 4 5 5 6 5 5 5 4 4 2 4 3 3 3 3 3 1 6 5 4 4 4 2 3 5 4 5
M[85] : 4 4 6 4 4 3 2 7 5 4 7 6 1 5 6 0 4 5 5 6 5 5 7 3 3 4 3 6 5 5 4 5 6 4 3 3 2 3 5 2 7 3 5 4 4 4 3 5 3 3 3 6 4 1 7 5 6 5 5 3 6 6 5
M[86] : 5 2 6 4 6 4 5 5 3 4 5 3 2 4 4 5 6 2 5 3 7 3 3 4 1 5 3 6 5 6 3 5 3 4 4 5 4 4 1 5 5 6 2 7 3 6 4 4 4 4 3 4 2 4 5 6 4 4 4 0 3 2 3
M[87] : 6 2 4 5 5 3 5 6 2 3 4 5 6 4 4 2 4 6 5 4 2 3 1 6 4 4 1 6 4 5 4 5 6 3 2 5 1 2 4 3 0 0 3 4 3 2 4 4 3 4 5 3 6 3 4 5 4 5 3 4 4 2 7
M[88] : 4 5 2 2 5 6 4 1 4 2 5 8 5 5 5 2 5 2 4 2 6 6 5 4 3 4 4 2 5 4 5 3 3 4 4 0 5 1 1 1 6 4 4 7 4 7 7 4 5 2 2 5 2 4 4 6 6 4 4 7 4 4 4
M[89] : 4 5 4 3 5 6 6 4 0 2 4 5 2 3 7 6 8 4 3 4 5 6 5 4 4 5 6 6 4 3 5 5 5 3 2 1 4 4 2 3 5 4 5 3 4 7 5 3 3 5 2 3 3 1 5 3 4 5 4 4 6 5 3
M[90] : 4 5 5 7 6 5 3 6 4 5 5 4 3 7 3 4 4 6 2 3 4 0 6 7 1 5 5 6 5 4 3 4 4 3 3 5 3 4 5 3 3 3 5 6 4 6 4 3 4 3 5 4 3 7 4 2 2 6 6 5 5 2 3
M[91] : 3 0 3 3 4 3 4 5 2 4 1 5 5 5 4 4 3 3 5 4 4 3 5 3 1 3 4 5 3 1 3 5 5 3 4 3 6 4 5 5 4 4 3 2 3 4 5 2 3 3 2 3 5 2 2 4 5 2 5 3 5 4 2
M[92] : 4 0 5 4 5 3 5 4 5 4 6 4 3 4 2 4 5 3 0 6 3 3 6 2 5 7 4 5 3 4 4 2 4 2 5 6 4 4 7 5 6 4 4 3 2 5 4 4 2 6 3 2 5 3 3 4 2 3 6 5 3 2 5
M[93] : 5 5 6 5 4 4 3 4 3 6 4 3 3 6 3 2 5 2 5 0 2 4 2 5 3 2 3 2 4 2 6 5 2 6 5 6 2 6 2 3 5 1 5 3 3 2 1 5 5 2 4 7 5 6 3 4 3 6 2 4 5 2 2
M[94] : 4 3 5 4 3 2 1 4 3 2 5 5 5 4 3 3 5 3 5 5 1 5 3 5 3 4 3 7 6 4 4 4 2 5 6 2 5 2 1 3 0 2 5 5 3 2 5 4 3 7 2 5 4 2 5 2 6 3 6 6 4 3 4
M[95] : 4 5 3 6 7 4 4 5 5 6 5 4 4 4 4 8 0 2 6 4 4 5 4 6 6 3 4 4 4 4 1 4 3 4 3 3 6 5 3 2 4 3 5 4 7 4 6 2 4 5 5 2 5 5 5 2 2 4 1 4 2 5 3
M[96] : 3 4 3 4 2 6 4 4 3 4 2 3 1 5 5 5 4 2 3 6 2 3 6 3 1 5 7 6 0 6 6 4 6 3 5 4 2 3 5 4 4 5 3 2 2 4 6 4 1 3 3 5 6 6 4 4 3 6 6 7 5 1 7
M[97] : 1 2 3 3 4 4 3 5 1 4 3 4 2 5 3 2 4 5 6 5 5 4 3 4 4 0 5 2 6 6 2 3 5 4 4 5 3 5 2 4 2 4 3 4 0 4 4 2 5 5 2 4 5 5 6 6 2 3 3 6 6 5 4
M[98] : 3 1 4 6 8 4 6 3 5 5 5 4 3 5 3 7 4 6 3 3 4 4 5 5 2 3 4 3 2 6 4 3 1 6 2 5 4 2 4 7 4 2 5 0 4 5 6 5 5 3 4 4 4 7 6 5 5 2 4 6 4 2 5
M[99] : 3 1 7 3 4 5 2 4 2 5 3 0 4 0 3 2 6 3 4 4 5 4 3 4 5 3 5 5 6 3 5 4 4 3 5 6 5 2 4 5 3 4 6 6 4 6 3 4 5 5 2 3 2 3 6 4 6 5 4 5 5 2 5
M[100] : 3 6 5 3 3 2 6 5 4 5 3 5 3 4 3 5 3 1 2 3 2 6 4 4 4 5 5 3 3 4 5 3 5 6 7 2 4 4 0 3 3 7 4 5 3 7 6 5 5 6 4 5 4 2 6 3 6 4 2 3 4 4 5
M[101] : 5 6 5 5 5 5 4 2 3 5 2 5 6 5 6 1 4 4 3 2 2 2 2 5 5 3 4 4 5 3 5 4 4 4 4 4 4 6 3 4 5 6 4 4 3 1 2 3 4 5 3 5 7 3 4 3 0 3 5 3 4 2 3
M[102] : 2 7 4 5 0 4 4 1 4 7 3 1 4 4 6 6 4 4 5 5 4 4 3 4 4 4 4 5 5 5 4 3 3 4 5 5 4 6 4 5 4 6 0 5 4 4 5 5 4 3 2 3 5 4 5 4 5 4 3 3 6 4 3
M[103] : 3 7 2 2 8 5 3 1 5 1 4 3 4 4 2 5 4 5 3 5 5 6 4 5 4 3 5 3 4 4 4 5 4 6 3 1 0 4 2 7 5 4 6 2 2 2 4 6 2 2 2 3 4 4 4 4 5 5 2 4 5 5 4
M[104] : 2 4 3 4 3 5 6 6 3 3 3 4 3 5 6 4 3 4 4 3 6 5 4 6 6 3 2 3 5 4 4 0 4 5 6 5 3 8 4 3 4 6 6 4 5 6 5 5 5 4 2 2 5 4 1 2 6 4 3 4 4 5 3
M[105] : 4 4 3 5 6 3 5 4 6 6 3 4 6 4 4 2 5 4 2 3 6 5 6 7 2 5 7 4 3 5 6 1 0 5 4 5 3 3 3 4 4 5 4 1 3 6 6 3 6 5 6 5 4 4 6 2 3 4 6 4 4 3 6
M[106] : 3 6 4 6 0 2 3 6 5 5 3 5 4 2 6 5 6 4 3 2 5 5 4 3 4 4 3 5 6 4 3 5 5 3 5 4 7 1 1 4 5 4 4 3 5 6 3 4 4 3 2 6 3 3 4 4 4 4 1 2 3 4 3
M[107] : 3 3 4 2 4 4 6 6 4 4 3 4 4 1 3 3 5 3 5 2 3 3 5 5 4 2 3 4 3 5 3 4 0 6 1 3 3 5 4 3 4 6 7 2 1 5 2 5 4 7 5 2 2 4 5 5 4 5 3 6 4 6 6
M[108] : 4 3 4 3 4 3 5 3 6 6 3 6 0 3 3 3 6 1 3 3 4 4 5 2 4 3 2 4 3 4 4 6 5 5 5 5 4 5 7 1 3 3 5 4 4 5 3 4 4 3 3 3 4 6 3 3 4 4 4 4 3 3 5
M[109] : 6 5 4 4 6 5 3 4 5 2 2 6 5 3 2 5 4 2 3 3 4 2 6 3 4 2 4 7 4 3 4 0 4 8 4 6 2 5 4 1 4 3 2 3 2 3 4 5 6 5 4 3 4 7 5 4 3 3 5 4 3 3 4
M[110] : 3 5 4 1 6 6 6 4 3 5 4 5 5 5 5 5 4 4 4 4 4 5 4 3 4 3 4 6 2 3 3 6 6 4 4 5 4 4 4 6 5 3 3 5 4 1 5 0 4 5 5 2 4 4 3 7 3 4 6 3 4 4 4
M[111] : 3 7 2 4 4 6 5 3 2 6 1 3 4 2 7 5 2 6 3 4 6 6 0 5 8 4 5 3 6 3 2 4 4 3 6 5 5 4 6 3 4 3 5 5 4 5 5 3 4 3 2 4 5 5 4 4 1 5 3 4 2 4 7
M[112] : 4 3 1 5 4 4 5 2 4 4 4 5 3 3 4 1 6 4 7 2 7 2 3 5 6 3 5 3 4 5 0 5 6 2 4 5 3 3 5 5 3 6 5 2 3 6 5 2 4 5 1 6 5 2 6 4 3 8 4 2 7 3 5
M[113] : 2 3 3 6 2 5 4 5 3 5 2 5 2 6 3 6 6 4 3 5 4 7 7 3 5 3 6 4 4 4 4 6 4 5 5 3 5 1 3 0 4 3 2 4 1 5 4 6 2 4 3 4 3 5 4 4 6 3 4 3 4 6 2
M[114] : 5 4 4 4 4 3 3 5 5 5 4 5 3 5 6 4 3 4 3 6 5 4 3 5 1 5 5 3 3 4 3 6 4 2 4 3 4 0 5 5 5 4 3 4 3 5 1 4 5 5 0 2 5 4 5 4 3 5 6 3 3 5 3
M[115] : 2 1 4 0 6 4 1 4 5 2 6 5 3 0 7 5 3 6 5 7 6 4 3 4 3 6 5 5 2 3 2 6 4 2 3 2 4 3 2 5 5 5 5 5 2 7 6 4 4 1 5 8 4 4 3 5 4 4 4 3 3 3 3
M[116] : 4 4 5 3 4 2 4 4 2 2 4 6 4 4 3 3 6 3 6 3 6 5 4 5 4 5 1 3 6 4 1 3 6 4 4 4 6 8 6 5 5 4 4 3 3 0 3 5 4 5 2 3 2 3 3 4 5 4 4 3 4 6 4
M[117] : 3 6 0 2 4 4 4 2 7 4 4 4 4 3 3 5 5 3 4 5 4 4 5 5 2 4 5 6 6 0 2 3 6 3 5 5 5 6 4 5 3 6 3 6 6 4 2 5 5 3 2 2 5 5 5 4 1 3 3 6 3 7 5
M[118] : 5 2 4 0 2 4 1 2 4 5 2 5 2 5 3 7 5 4 4 3 6 5 6 3 5 1 2 3 3 5 1 3 5 5 5 5 3 3 7 7 5 5 6 5 4 2 5 5 3 5 4 6 4 3 4 5 2 4 5 4 3 4 4
M[119] : 4 3 4 3 5 5 2 4 4 0 5 3 4 6 3 4 3 3 6 4 3 5 8 4 5 3 4 4 1 5 4 6 2 2 6 5 2 2 2 8 4 5 5 5 5 4 5 4 5 5 3 6 7 3 4 3 2 4 7 3 6 5 4
M[120] : 4 5 3 5 4 4 2 3 4 6 3 2 4 6 5 3 4 0 3 2 3 3 3 5 4 3 4 4 5 4 4 5 5 5 1 5 4 5 4 4 6 3 6 5 3 1 4 6 4 2 3 4 4 7 4 0 2 4 3 6 4 5 6
M[121] : 3 4 5 3 4 6 0 3 3 5 2 2 5 3 3 3 2 2 2 5 6 2 3 6 4 4 7 6 7 6 6 5 5 4 6 4 3 3 4 4 0 3 7 3 1 2 2 6 3 6 3 5 3 7 6 4 4 4 4 1 3 3 3
M[122] : 4 4 2 6 2 3 6 5 1 4 6 3 5 7 3 3 2 5 3 5 5 6 2 4 3 4 5 6 7 0 2 5 6 3 5 5 4 5 6 5 5 6 3 4 1 3 5 7 4 5 5 2 5 3 4 3 6 3 5 6 3 4 3
M[123] : 7 4 3 4 0 3 5 3 5 5 7 7 4 4 5 5 2 4 5 5 5 4 5 4 0 7 3 6 3 4 4 0 7 5 4 2 3 5 2 4 3 3 7 2 5 3 3 5 1 3 4 4 6 5 3 5 4 3 4 5 5 4 2
M[124] : 5 2 0 4 5 4 3 4 3 4 3 5 4 6 5 3 4 3 6 7 6 5 3 3 5 5 3 5 6 4 2 2 4 4 4 4 5 5 5 8 2 6 4 4 3 4 1 4 7 4 3 4 5 3 3 5 3 4 2 5 7 4 3
M[125] : 5 5 3 3 5 3 5 3 5 5 6 4 1 4 4 2 3 4 4 5 5 4 4 4 4 5 3 5 5 5 3 4 6 3 2 2 5 5 2 0 6 3 5 5 4 5 2 7 2 5 4 4 5 4 5 4 4 4 1 4 6 6 4
M[126] : 4 3 5 2 4 6 6 5 6 6 2 7 1 5 4 3 4 2 6 4 5 4 7 3 5 4 3 4 5 3 3 3 3 5 2 4 0 4 5 3 4 4 4 5 4 4 5 4 3 3 4 0 5 5 1 5 2 4 5 2 4 4 3
M[127] : 6 3 5 0 4 4 5 3 3 2 6 3 4 5 5 4 5 5 1 5 3 3 3 7 4 2 6 4 4 5 5 4 5 2 7 3 4 5 4 4 2 2 5 4 4 6 4 4 3 5 6 5 5 4 5 2 2 1 6 4 3 4 6
M[128] : 5 6 3 5 2 3 6 3 2 2 5 3 2 3 3 3 2 8 4 5 3 3 6 4 2 4 5 6 7 3 4 6 5 4 0 5 2 4 4 3 6 5 4 5 3 4 3 5 4 5 6 4 4 2 3 3 3 5 4 5 5 4 5
M[129] : 2 7 1 5 2 4 5 7 6 2 6 6 3 1 6 3 4 6 3 5 5 4 0 6 4 3 4 4 4 5 3 7 4 3 4 4 5 3 4 4 3 5 5 4 4 5 3 3 4 1 3 4 5 5 3 4 2 7 3 4 3 5 3
M[130] : 3 5 2 4 4 5 4 5 5 5 4 0 7 3 2 5 4 4 3 5 3 3 3 3 4 5 5 2 2 4 2 5 6 4 2 3 3 3 4 4 3 3 5 2 5 1 6 5 5 5 4 4 3 6 4 6 3 6 3 3 3 4 4
M[131] : 3 5 4 5 1 5 6 7 2 3 5 4 1 3 4 4 2 5 3 4 4 3 3 6 4 3 5 4 5 6 3 5 4 3 8 4 3 6 7 3 3 5 4 5 6 3 3 5 6 6 3 6 8 3 5 5 0 5 5 4 4 6 2
M[132] : 2 3 5 5 2 6 7 3 4 4 6 5 3 3 3 6 4 6 2 3 0 4 5 4 4 4 3 5 6 4 4 5 4 3 4 6 1 5 6 4 4 4 3 4 6 3 4 5 4 6 4 0 4 4 4 4 5 5 4 4 4 6 6
M[133] : 3 3 3 4 2 5 3 5 3 3 6 2 5 4 3 4 3 5 3 3 4 3 3 4 7 7 2 7 5 5 4 4 5 7 6 6 3 6 4 2 2 4 4 6 3 0 4 5 1 7 2 3 2 5 3 4 4 2 6 5 3 5 6
M[134] : 4 4 2 3 3 5 4 4 3 5 5 6 4 3 5 6 5 1 5 2 6 4 2 4 4 2 2 3 3 4 4 5 5 5 3 4 5 3 5 4 4 4 7 5 4 0 2 4 4 3 4 4 5 4 4 2 5 5 2 4 3 5 3
M[135] : 5 5 3 5 3 4 4 7 5 3 5 5 3 5 2 5 6 3 3 7 5 5 4 2 5 6 6 2 5 3 5 3 5 5 5 6 8 5 5 5 6 3 0 1 6 7 4 1 5 5 3 5 4 6 4 4 5 4 4 3 3 6 5
M[136] : 3 2 5 2 5 4 4 5 6 6 5 6 3 5 3 4 6 2 4 4 4 4 0 5 4 2 3 4 7 3 5 3 6 6 3 3 2 3 5 3 3 2 1 4 3 2 3 4 3 5 4 4 4 4 3 6 2 3 4 4 6 6 4
M[137] : 2 2 6 4 5 2 2 5 4 3 3 7 3 7 4 8 5 3 4 7 4 4 3 5 6 3 5 4 4 2 2 4 4 5 6 7 7 3 4 6 6 2 0 5 3 6 6 4 4 5 5 2 3 6 3 5 5 4 4 2 4 6 5
M[138] : 5 6 4 4 4 5 4 5 6 3 2 5 5 5 5 5 3 3 4 1 4 6 6 4 5 2 6 6 5 3 5 4 5 3 2 6 3 4 4 2 6 4 6 4 6 1 0 6 6 3 1 4 6 3 4 3 3 5 4 5 6 3 5
M[139] : 4 3 4 6 5 0 4 2 6 4 6 5 4 6 5 5 2 4 4 6 4 2 6 5 2 2 3 2 2 2 1 4 4 5 2 0 4 6 2 3 4 5 2 3 4 4 5 5 5 3 5 5 4 2 6 7 5 5 3 4 5 1 4
M[140] : 2 4 2 7 3 1 5 4 4 5 4 1 4 5 5 3 3 4 4 4 4 5 5 6 4 3 4 3 3 7 4 5 3 3 6 6 4 5 1 5 5 5 6 3 4 6 4 0 4 6 5 5 5 5 4 7 6 4 2 7 4 5 5
M[141] : 4 4 2 3 4 4 5 6 6 5 8 3 2 3 4 4 1 4 5 5 4 4 5 4 5 6 6 5 3 4 2 3 4 5 5 3 1 2 5 4 5 4 5 5 5 4 4 4 7 5 5 1 0 5 3 5 5 3 3 4 5 4 5
M[142] : 2 2 2 6 4 6 6 4 4 5 1 2 2 6 6 6 6 3 5 6 2 3 3 6 1 3 6 4 5 4 3 7 3 3 4 2 4 5 6 6 3 6 3 2 4 7 2 0 5 4 3 6 4 5 5 2 4 7 3 4 2 5 4
M[143] : 3 3 8 3 4 4 3 4 4 2 5 4 3 6 3 1 4 3 2 4 6 5 6 4 6 3 3 3 3 2 3 3 4 4 6 2 3 5 4 5 5 5 4 6 4 3 4 5 5 3 2 2 5 3 5 1 4 6 4 0 6 5 3
M[144] : 2 5 4 5 5 3 2 2 2 5 3 6 3 6 1 6 4 4 2 4 6 0 6 5 3 5 5 4 6 6 2 5 5 2 1 4 5 4 3 4 2 2 3 6 3 3 6 4 5 3 2 5 5 4 3 3 2 3 3 4 5 3 1
M[145] : 1 5 3 4 3 5 5 4 3 1 6 1 3 6 4 5 2 5 5 3 3 1 4 6 3 4 5 5 3 5 5 3 4 5 6 6 4 7 3 4 5 5 5 3 4 3 0 7 4 5 4 5 5 5 6 5 3 5 5 3 5 5 0
M[146] : 4 3 4 5 7 4 5 5 3 5 5 8 3 4 4 4 3 4 3 3 7 5 4 4 5 4 5 0 4 6 2 5 2 4 3 3 6 4 2 4 6 5 6 3 3 3 5 3 2 3 3 3 6 4 5 5 3 4 4 3 2 4 6
M[147] : 4 2 4 4 4 5 3 4 1 5 3 3 4 5 6 1 3 3 6 4 2 4 5 4 2 3 3 4 6 2 1 2 5 5 4 3 4 3 6 7 4 4 5 5 5 2 5 5 6 4 3 0 4 2 5 2 3 4 5 6 1 4 6
M[148] : 5 5 3 4 5 4 3 4 3 4 5 5 4 6 2 4 0 0 6 4 6 3 4 2 2 7 2 4 2 4 4 4 2 6 1 5 2 4 4 5 4 2 5 3 4 5 4 4 0 3 1 3 4 5 1 5 2 2 3 4 2 3 5
M[149] : 6 0 4 3 4 7 6 5 4 1 5 4 4 3 2 3 5 3 6 5 3 5 3 4 6 5 2 2 3 3 7 4 3 6 3 4 2 3 5 1 3 3 7 3 5 4 5 4 5 2 3 4 5 3 2 2 5 6 5 4 2 4 4
M[150] : 4 2 4 4 5 3 3 3 4 2 4 4 6 3 5 4 6 4 3 3 4 6 4 5 6 4 7 3 5 3 3 5 1 3 0 4 6 5 5 3 5 3 5 3 4 4 4 5 3 5 5 3 5 3 4 5 4 4 2 5 4 3 4
M[151] : 3 2 3 4 2 5 3 3 3 3 7 3 5 2 3 4 7 3 1 5 5 4 4 4 3 3 7 4 4 4 4 0 3 4 5 5 2 5 2 3 5 6 4 3 2 2 3 5 5 5 4 5 4 5 4 2 6 6 6 4 4 4 7
M[152] : 3 5 7 4 2 5 3 5 2 6 5 4 2 5 4 2 4 4 4 5 0 7 4 5 5 4 3 5 2 5 5 4 4 5 3 6 6 5 5 6 3 3 3 4 5 6 4 2 4 4 4 7 6 2 5 2 5 6 5 6 3 3 4
M[153] : 2 1 5 3 4 4 6 4 3 3 2 4 0 5 5 1 5 5 5 5 2 5 6 2 6 5 5 3 3 3 6 4 2 4 5 6 1 3 2 3 6 7 1 5 6 1 3 7 5 6 5 3 4 3 5 3 3 4 5 4 2 4 4
M[154] : 3 3 5 5 5 5 4 5 2 5 6 3 4 6 5 3 5 5 5 3 4 2 5 5 4 2 1 7 3 0 3 2 3 6 4 4 4 5 4 3 4 5 3 3 5 2 4 6 4 3 3 5 3 4 2 4 3 4 5 5 4 3 5
M[155] : 3 5 5 4 4 4 5 6 3 4 5 4 5 3 4 4 0 5 4 4 5 5 6 7 4 6 6 2 3 4 2 5 5 2 4 5 1 3 5 4 4 4 5 4 5 4 3 4 6 5 5 6 4 5 5 6 5 7 5 3 7 5 4
M[156] : 3 3 4 6 2 5 2 1 3 4 4 3 2 6 6 4 2 2 5 5 3 3 4 4 4 4 4 3 8 7 2 4 3 5 3 4 2 5 4 3 5 0 4 4 4 3 5 6 3 2 5 3 6 5 2 4 4 3 5 3 4 6 6
M[157] : 3 4 4 4 1 6 3 2 4 4 2 4 6 2 7 6 6 2 4 6 2 3 4 6 3 4 5 6 4 6 4 4 5 4 5 5 4 3 7 2 3 5 3 2 4 8 6 5 3 4 5 3 3 2 6 8 2 0 4 3 5 5 5
M[158] : 5 3 1 3 5 6 3 5 3 2 4 5 4 3 5 3 3 3 6 4 4 3 4 4 6 6 5 4 4 5 4 4 0 5 5 5 7 3 5 4 5 4 3 3 4 4 3 4 4 4 2 5 5 6 4 3 4 2 3 2 4 4 4
M[159] : 2 4 4 2 4 4 3 3 3 3 4 6 5 5 4 4 1 4 5 3 5 6 3 5 2 5 4 1 6 6 4 3 2 6 4 4 4 6 0 3 4 3 3 3 2 4 5 6 6 5 3 6 5 4 3 4 6 5 2 5 1 6 4
M[160] : 4 5 4 3 6 5 7 2 5 5 5 3 6 3 5 3 5 1 6 4 8 3 0 3 7 5 4 6 2 3 3 3 3 7 3 6 5 1 5 4 6 5 2 7 4 4 4 5 4 5 2 6 6 6 3 2 3 5 3 5 5 4 4
M[161] : 4 4 5 4 5 6 3 5 3 2 2 3 5 4 3 4 3 4 5 4 6 8 4 2 4 5 2 6 5 5 3 4 4 3 5 3 4 0 5 4 2 3 3 2 1 5 3 6 6 6 3 3 2 6 3 5 6 3 2 6 2 1 6
M[162] : 3 3 4 3 3 5 2 1 3 5 4 5 4 6 4 1 5 6 5 6 2 3 3 2 3 4 0 3 5 4 6 6 7 4 3 4 5 4 4 3 3 3 6 7 2 3 5 6 5 3 5 2 5 4 2 2 5 4 5 3 4 4 6
M[163] : 5 4 3 3 4 3 2 4 3 2 6 4 2 4 3 6 5 3 1 4 5 3 2 4 4 4 1 5 5 2 3 4 3 4 4 6 3 4 5 2 5 3 7 3 3 4 3 2 5 4 2 5 5 5 5 3 0 4 6 5 3 3 4
M[164] : 2 3 5 2 6 4 4 4 3 4 4 3 2 4 4 2 4 4 3 1 1 6 4 5 3 1 2 4 7 5 3 4 5 4 5 1 5 6 7 2 3 3 3 2 5 6 2 2 0 7 6 3 5 5 3 4 5 3 5 5 4 4 4
M[165] : 5 3 3 2 5 2 2 4 3 2 3 5 1 2 3 4 3 5 5 7 2 3 3 4 3 3 4 6 4 4 0 3 2 3 3 4 4 4 4 4 4 6 4 8 2 4 4 5 5 6 4 4 3 3 6 3 4 4 2 4 4 4 5
M[166] : 4 5 5 5 6 6 4 5 4 8 5 4 6 3 4 2 4 6 2 4 7 5 5 2 4 5 2 3 6 0 5 5 6 3 5 5 5 4 3 4 4 4 2 2 6 2 4 2 3 3 3 6 5 5 3 5 3 4 3 4 6 4 5
M[167] : 3 4 4 4 5 4 5 5 3 4 0 4 4 2 5 5 4 3 3 2 4 5 4 4 4 4 4 3 5 4 3 5 2 5 3 6 3 4 5 3 4 5 3 6 3 4 5 4 4 3 2 4 5 6 3 3 2 2 1 4 7 4 4
M[168] : 2 3 3 4 4 3 4 2 3 7 6 5 1 5 4 4 4 0 3 3 3 1 4 4 3 4 5 3 4 5 3 0 3 5 5 6 3 4 3 5 6 2 3 4 4 4 6 4 5 2 4 4 5 5 4 5 5 4 4 5 4 3 4
M[169] : 2 5 1 4 7 5 4 5 2 5 2 3 4 2 4 6 3 5 0 4 1 6 5 3 3 4 4 5 3 4 5 5 4 6 5 3 6 5 5 6 4 4 3 6 4 3 6 4 6 6 4 4 6 6 6 6 4 4 4 4 6 5 2
M[170] : 5 3 2 5 4 4 4 5 4 2 6 3 4 6 3 5 3 4 3 5 3 2 3 2 5 6 4 5 4 4 5 0 5 4 5 6 1 1 5 1 6 3 3 4 5 6 5 5 3 6 2 1 5 4 2 5 5 4 6 4 0 4 3
M[171] : 3 3 6 2 0 6 1 5 3 4 5 4 1 3 2 4 5 3 4 1 2 5 5 5 4 5 3 4 4 5 5 2 5 5 5 5 4 5 3 4 3 7 6 3 4 2 5 4 4 4 2 4 4 3 2 6 2 5 2 3 2 4 3
M[172] : 2 5 5 4 0 6 5 4 4 4 6 3 3 6 3 5 7 5 4 5 3 3 4 0 4 6 4 4 5 5 7 3 4 3 3 5 4 3 4 4 3 4 5 3 3 3 3 5 3 5 4 6 4 4 4 5 4 2 6 3 4 2 2
M[173] : 0 3 4 3 3 4 6 3 3 4 4 3 5 5 5 4 3 5 6 5 5 2 5 5 5 4 5 4 5 4 3 2 4 5 5 3 5 6 5 2 5 6 6 5 3 4 4 7 4 5 2 4 3 3 5 4 5 7 2 6 3 4 2
M[174] : 5 5 4 3 3 2 4 6 0 1 4 4 3 4 6 4 5 4 5 5 3 6 3 6 3 4 5 4 3 3 3 5 5 6 6 3 5 4 5 7 3 2 4 4 2 1 4 6 2 4 4 5 3 4 3 5 5 6 3 4 3 2 3
M[175] : 3 6 3 6 3 4 3 5 1 3 3 3 4 2 6 5 4 3 2 5 4 4 4 7 6 6 4 5 4 2 5 4 7 4 4 4 3 4 5 3 3 3 0 3 3 2 4 5 5 4 4 3 4 5 3 4 2 5 2 3 5 5 5
M[176] : 5 6 5 4 4 4 6 4 5 5 4 4 2 3 2 2 5 7 6 2 4 4 6 4 5 2 5 5 5 3 0 6 3 3 3 5 3 4 4 2 5 5 4 4 0 4 5 5 4 3 5 4 3 2 6 2 4 2 5 6 4 2 3
M[177] : 7 4 4 5 7 5 3 0 5 4 3 5 4 5 4 3 4 4 5 2 3 6 4 7 5 5 4 5 5 4 3 5 5 3 4 3 3 3 3 5 4 4 2 5 5 4 3 6 6 3 5 2 4 3 4 6 2 0 3 5 6 6 2
M[178] : 2 0 4 2 5 1 4 3 2 4 3 4 0 6 3 4 5 4 4 6 4 8 5 3 5 4 4 5 2 6 3 4 4 4 3 7 3 5 5 5 6 3 4 4 4 5 4 2 6 6 5 2 2 7 3 5 5 7 5 5 5 4 2
M[179] : 6 5 4 2 2 6 3 6 5 5 4 6 5 5 3 4 4 2 5 3 6 3 4 5 5 2 6 5 6 5 2 3 7 5 3 5 3 6 3 1 4 4 2 5 4 1 5 6 5 6 0 3 4 4 4 5 5 5 4 3 3 6 3
M[180] : 1 2 2 3 5 3 2 4 3 5 3 4 4 6 2 0 2 7 5 3 4 5 4 4 3 5 5 5 2 4 4 5 4 4 4 1 3 2 5 4 5 2 5 2 2 6 4 6 3 1 6 5 4 2 5 5 4 7 7 4 3 3 5
M[181] : 6 5 5 4 4 5 8 7 4 3 5 4 4 6 4 7 5 3 3 6 4 5 4 5 6 2 2 4 1 7 4 4 2 0 2 6 3 2 3 6 4 3 1 2 5 4 5 2 3 6 4 4 6 3 6 6 1 3 4 2 5 3 3
M[182] : 4 5 4 3 3 6 6 6 3 3 5 4 4 3 6 3 3 3 4 3 6 0 3 4 7 1 5 5 5 3 5 5 6 3 3 5 6 5 6 4 6 5 5 3 5 3 5 5 5 6 4 4 4 5 1 5 0 4 3 6 5 5 7
M[183] : 4 6 3 4 6 5 2 4 2 5 4 3 3 7 4 2 1 5 1 3 4 2 5 4 5 2 3 4 3 3 5 3 3 6 3 5 1 3 5 6 4 0 3 3 5 4 2 5 4 1 6 3 4 6 5 3 4 3 4 6 4 4 5
M[184] : 4 5 5 4 5 3 4 0 2 5 4 2 3 6 6 4 5 4 4 5 4 4 4 2 3 3 4 2 4 4 2 4 3 5 7 2 2 3 4 4 3 4 4 4 3 3 3 4 3 3 2 5 4 4 4 2 7 5 2 3 7 7 5
M[185] : 6 4 6 6 4 6 5 1 3 4 1 4 2 4 6 5 3 5 3 1 3 3 0 3 3 2 3 5 4 4 6 5 5 4 4 2 3 6 4 5 6 3 3 3 5 4 5 4 5 4 3 6 2 5 6 5 4 6 4 2 5 2 5
M[186] : 2 4 4 4 0 6 6 3 3 4 5 2 5 2 6 6 4 3 5 6 3 4 1 5 5 5 3 7 6 6 6 2 4 4 3 4 4 6 6 1 0 4 2 3 4 1 3 4 5 4 4 4 5 6 5 6 4 4 4 4 7 5 3
M[187] : 5 2 4 3 5 2 6 2 4 3 4 6 2 4 1 4 3 6 6 6 5 5 2 4 4 4 5 0 2 4 3 4 4 3 4 4 5 3 6 3 7 2 6 4 5 4 5 4 4 3 3 1 4 4 4 5 5 4 4 5 4 4 5
M[188] : 2 3 7 6 4 5 3 6 4 3 6 6 3 4 5 6 5 2 4 5 4 4 4 6 3 3 6 3 2 4 3 2 4 6 3 5 0 5 4 4 6 4 3 5 3 4 2 1 4 2 2 3 3 5 3 4 3 2 6 4 3 3 5
M[189] : 4 4 6 4 5 3 4 4 4 5 2 2 4 5 3 2 4 3 2 3 2 0 3 4 2 5 4 6 4 5 3 3 4 3 3 6 3 4 5 3 3 5 5 2 4 5 5 4 6 3 5 5 3 6 3 4 1 3 1 5 6 4 2
M[190] : 3 7 4 4 5 2 7 4 5 8 4 2 3 4 3 6 5 4 5 4 5 0 3 6 6 4 5 5 5 3 4 3 6 4 5 3 2 4 4 3 6 4 5 5 4 4 7 2 4 5 4 1 6 4 6 4 2 4 1 4 7 4 6
M[191] : 2 3 4 3 2 4 6 6 5 5 4 4 2 6 5 5 5 4 3 2 0 2 2 3 4 1 5 7 4 4 6 4 5 7 6 4 4 2 1 5 3 5 5 4 4 6 4 5 6 6 3 0 3 3 5 4 3 3 4 5 5 3 2
M[192] : 4 3 5 4 1 5 3 4 0 4 5 5 5 5 3 4 4 3 7 7 4 6 5 7 4 5 2 6 4 4 4 5 5 4 5 5 6 2 5 3 6 3 4 0 3 2 3 3 3 5 3 5 3 3 4 6 4 5 4 6 4 3 5
M[193] : 4 5 6 2 5 6 2 2 4 4 4 4 3 2 6 1 3 2 5 4 5 4 6 7 5 5 5 5 4 8 5 4 4 5 5 5 4 3 4 5 5 0 2 2 4 4 3 2 4 7 4 3 4 5 4 2 4 3 4 8 7 3 2
M[194] : 0 3 3 5 5 4 3 4 6 2 4 3 3 4 7 6 3 4 4 6 5 3 3 5 4 1 6 2 2 4 7 3 4 3 6 4 5 7 5 3 4 3 3 6 5 3 5 3 3 5 4 3 3 6 4 4 5 4 3 5 6 5 5
M[195] : 2 4 2 3 5 5 2 4 3 5 6 2 4 6 6 3 5 2 3 1 4 3 4 3 6 3 4 3 1 5 5 3 0 4 5 2 3 3 4 4 3 5 4 4 0 4 4 6 5 2 4 7 5 4 3 5 4 3 6 4 5 4 5
M[196] : 3 5 3 4 5 3 0 3 1 3 5 5 5 4 5 4 4 2 4 3 6 4 5 2 6 4 3 6 6 5 5 4 5 1 4 5 2 3 5 3 4 5 4 4 5 6 3 3 5 6 4 4 3 4 6 3 5 4 6 2 0 4 5
M[197] : 0 5 3 1 2 5 4 1 4 3 7 4 0 2 3 4 4 5 6 6 4 3 2 5 6 4 2 4 3 3 7 3 3 4 3 4 4 3 3 5 4 5 3 3 3 2 4 2 3 3 4 4 3 6 5 7 6 6 3 7 4 6 1
M[198] : 4 3 3 4 6 6 4 4 6 4 5 4 2 1 5 0 4 5 5 6 3 4 5 2 6 5 3 3 2 5 3 7 5 5 4 3 3 4 3 3 4 1 5 6 2 3 4 5 2 6 5 2 4 5 5 5 7 2 2 7 3 6 6
M[199] : 5 3 5 5 2 3 4 5 3 5 5 4 3 4 5 6 3 4 2 4 4 5 4 3 4 6 3 6 4 5 3 4 4 3 4 2 4 2 4 3 3 3 5 5 6 6 4 1 4 3 4 6 5 4 0 5 4 3 5 7 5 5 4
M[200] : 4 6 2 7 7 4 5 5 3 3 3 7 6 6 6 4 0 3 6 7 4 3 6 7 3 7 5 4 5 5 3 6 6 6 4 4 3 5 7 5 8 4 6 4 4 4 3 4 7 6 2 4 3 4 5 5 2 2 3 2 5 4 3
M[201] : 6 3 6 6 2 5 4 7 4 4 1 4 3 0 4 3 3 3 3 4 4 3 5 5 7 5 3 5 6 5 5 2 4 4 1 4 3 5 3 3 3 3 3 3 2 4 3 5 7 5 5 4 3 2 1 0 4 0 2 5 5 4 4
M[202] : 4 5 4 5 6 5 5 5 2 3 3 7 1 6 5 1 6 3 4 3 0 4 5 5 3 7 5 6 3 6 5 5 5 2 5 5 4 6 5 6 5 3 7 4 2 6 2 3 2 4 5 4 2 3 3 1 4 2 3 6 4 5 3
M[203] : 4 7 6 5 5 2 4 3 3 4 3 2 2 5 4 5 5 3 7 5 4 7 4 4 6 5 5 0 5 3 3 6 4 4 4 2 5 3 5 5 3 4 4 6 6 3 1 3 4 5 4 3 4 8 4 3 4 7 2 4 5 5 0
M[204] : 3 2 6 4 4 4 4 3 2 4 5 5 4 4 5 5 4 7 7 4 6 5 3 6 6 6 2 4 2 3 4 1 5 4 3 2 4 5 6 4 5 5 3 3 4 3 3 4 6 2 3 4 2 5 0 3 6 6 1 4 4 4 4
M[205] : 5 4 4 7 4 3 4 6 1 4 3 0 4 3 5 2 5 1 6 2 4 4 4 4 5 5 3 2 2 1 3 5 4 5 3 2 4 5 6 6 5 4 4 6 2 3 5 2 7 3 2 3 5 5 4 4 6 3 2 4 5 2 1
M[206] : 5 4 7 4 7 5 5 6 3 4 5 5 5 3 4 2 4 3 4 6 4 6 4 6 0 5 4 2 4 4 4 4 5 2 2 3 3 4 4 6 5 5 7 6 6 3 5 4 6 4 4 4 2 4 5 6 3 3 2 6 4 6 3
M[207] : 4 6 6 3 5 4 3 2 6 3 6 4 4 6 5 4 5 6 4 3 3 5 7 3 4 3 4 3 6 4 2 3 4 6 6 4 4 4 5 5 1 1 4 4 3 3 5 0 5 5 4 2 3 3 6 5 3 5 5 3 4 4 5
M[208] : 3 6 2 5 4 1 5 3 5 5 6 3 4 7 5 3 5 4 5 4 3 5 2 5 7 5 0 5 5 5 5 1 3 4 1 6 3 4 3 4 6 6 3 3 5 5 0 2 5 4 5 5 6 3 5 6 3 3 4 7 2 3 2
M[209] : 6 5 3 6 5 3 6 5 5 4 3 5 2 4 4 5 5 6 3 4 3 3 4 3 4 3 1 2 4 3 7 4 4 4 5 4 5 4 4 3 3 4 6 3 5 4 6 2 7 4 3 0 3 0 4 3 4 4 4 5 5 4 4
M[210] : 6 3 1 3 5 6 5 4 4 2 4 3 3 2 4 4 2 6 5 5 3 6 2 4 2 6 7 6 6 4 4 4 5 3 4 6 3 3 5 4 2 4 4 4 4 6 2 2 5 5 3 4 3 3 3 3 0 5 3 5 5 5 6
M[211] : 3 5 3 2 1 2 4 1 5 1 3 0 6 6 4 4 5 3 1 5 4 4 4 3 3 2 2 7 4 1 2 4 5 4 3 7 4 3 3 4 6 2 5 4 4 5 6 4 5 5 3 4 5 4 4 4 7 3 4 5 3 4 6
M[212] : 6 3 1 7 2 6 4 3 2 4 2 2 4 4 2 3 5 4 4 7 2 4 4 0 5 4 3 5 4 3 2 5 4 8 5 3 2 6 3 3 5 5 4 4 5 3 5 4 5 3 5 6 3 6 5 3 6 6 6 7 6 5 3
M[213] : 4 5 5 3 4 3 5 4 3 1 3 3 3 4 7 4 4 5 4 6 4 2 3 3 5 4 5 2 5 6 7 6 3 2 7 3 5 6 4 4 4 0 4 4 0 5 4 3 6 3 3 3 4 6 5 6 5 2 5 3 5 5 3
M[214] : 6 4 2 2 4 4 3 2 0 8 4 4 3 3 3 3 2 5 5 3 3 3 4 6 2 5 3 4 0 5 5 3 5 1 6 1 4 5 4 2 3 5 4 5 3 4 6 4 3 3 2 5 4 6 5 3 5 0 3 3 3 4 3
M[215] : 2 6 5 3 5 1 1 4 3 3 3 5 4 5 2 3 5 4 4 3 4 5 5 4 6 5 4 2 5 3 3 4 4 5 4 4 3 5 4 4 5 7 2 5 6 6 2 1 4 4 4 6 3 6 4 4 3 4 6 5 0 3 4
M[216] : 2 3 3 2 2 4 3 4 2 5 3 5 4 5 6 5 5 0 2 7 6 4 3 2 4 1 2 5 5 4 5 6 3 4 2 3 4 5 6 3 4 4 4 3 0 4 2 5 4 2 6 6 4 4 5 4 3 5 4 2 2 5 4
M[217] : 3 3 4 3 5 4 5 5 1 5 5 3 3 4 5 3 5 3 3 5 4 5 4 3 5 6 4 4 5 2 4 3 2 3 4 6 6 2 2 3 4 4 3 2 2 3 3 5 3 6 4 5 2 2 2 0 3 5 5 5 2 4 6
M[218] : 5 3 2 4 2 4 2 5 4 3 3 4 3 4 0 4 3 5 1 3 3 3 6 5 4 4 3 4 3 7 3 3 6 4 3 4 3 6 5 5 6 5 2 2 4 7 2 7 3 5 3 5 5 6 3 6 4 3 3 4 3 1 6
M[219] : 4 2 2 3 4 3 4 3 4 6 1 3 3 6 0 0 6 4 4 5 5 4 5 5 4 4 4 3 4 4 0 2 4 6 4 5 6 5 7 3 4 4 5 3 3 5 4 3 3 4 1 5 4 3 4 4 5 2 3 5 3 2 5
M[220] : 6 4 4 2 3 3 2 4 5 2 6 6 3 3 5 5 7 4 4 5 6 5 4 5 4 3 2 4 3 5 4 8 4 5 7 4 6 5 4 4 0 2 5 5 3 5 4 3 5 4 3 5 4 6 5 7 3 6 4 6 4 3 1
M[221] : 2 6 6 4 6 3 0 2 1 4 3 6 1 5 4 3 6 1 4 5 4 6 5 3 4 5 6 3 2 5 3 5 5 6 3 2 7 5 4 6 4 4 4 5 2 5 4 5 7 5 5 5 4 4 4 4 8 2 7 4 3 3 1
M[222] : 4 0 2 2 4 5 3 3 5 2 4 2 5 5 6 3 5 3 3 3 5 5 5 2 3 3 6 4 3 3 3 2 5 6 5 7 5 4 1 5 4 3 5 2 4 5 6 5 2 4 4 3 6 2 3 5 0 4 6 3 4 4 2
M[223] : 2 4 4 0 7 2 5 4 3 3 4 3 4 6 3 2 3 3 4 5 4 3 3 6 6 4 5 3 6 7 5 4 4 4 4 3 5 4 3 5 1 5 6 4 3 3 4 2 6 4 4 6 4 5 6 5 5 5 4 5 4 4 3
M[224] : 4 2 2 4 7 2 4 4 1 5 4 3 4 3 4 5 5 6 4 8 5 3 4 3 4 3 4 7 5 4 2 4 7 2 5 0 5 6 4 5 2 6 4 5 4 5 3 2 6 5 2 3 4 2 3 2 4 4 4 7 4 4 6
M[225] : 3 0 5 4 3 4 6 6 4 0 3 4 3 5 3 4 6 2 5 4 5 5 2 2 3 2 5 5 5 4 1 3 4 4 2 4 5 5 3 5 4 6 4 4 4 2 6 1 3 6 3 4 5 4 5 3 7 2 4 3 5 1 4
M[226] : 2 5 6 4 6 5 4 4 2 3 5 1 5 4 4 5 7 4 3 3 3 3 6 3 4 4 5 2 5 5 4 6 3 4 5 0 4 5 5 4 4 5 4 4 2 4 1 3 2 3 3 5 5 2 5 4 4 4 4 5 4 4 7
M[227] : 4 5 2 6 5 3 3 5 6 4 4 3 5 7 4 7 5 4 6 0 4 4 4 3 4 4 3 5 3 1 4 5 3 5 3 4 2 4 1 4 5 6 5 4 3 3 4 5 3 4 3 5 5 6 2 5 4 5 4 4 4 6 6
M[228] : 5 3 5 4 3 5 3 5 3 3 3 4 4 3 5 5 3 5 0 4 3 2 4 3 4 5 1 3 4 2 3 5 2 4 2 4 3 4 5 5 4 2 5 5 2 7 5 5 3 2 0 5 5 2 4 2 3 2 5 2 5 3 5
M[229] : 7 5 2 5 3 5 6 6 2 4 4 3 4 5 6 4 4 4 4 2 6 5 2 6 5 5 4 5 3 4 3 6 1 6 4 5 5 6 3 3 4 4 4 4 5 3 5 5 4 5 2 5 4 3 0 3 2 2 6 4 5 7 6
M[230] : 6 6 3 3 6 5 1 6 3 3 3 5 4 4 4 4 6 2 5 3 5 3 3 3 6 6 5 5 4 3 4 6 5 5 4 4 5 4 7 3 2 5 7 4 5 0 6 0 4 4 2 2 5 3 2 4 2 5 5 1 3 4 3
M[231] : 3 4 4 3 3 4 6 3 5 5 5 4 4 3 4 2 5 4 3 3 4 3 6 4 4 4 4 3 6 5 4 7 3 2 2 3 8 4 4 4 3 7 6 3 5 4 3 5 3 3 4 4 5 0 4 3 3 4 2 6 3 4 5
M[232] : 6 5 0 2 2 3 4 5 3 4 2 4 2 2 3 3 5 2 4 5 3 6 4 4 4 2 6 4 4 4 2 5 4 3 3 7 4 3 3 2 3 5 5 6 4 4 4 3 4 3 3 5 3 4 3 4 4 6 6 4 4 2 3
M[233] : 4 3 5 4 4 4 5 4 3 4 4 4 5 6 4 4 4 3 3 7 4 6 4 4 3 1 1 6 0 4 4 4 4 5 6 6 4 4 7 3 5 5 4 5 4 5 5 7 6 3 5 3 4 5 4 3 2 5 3 4 4 5 2
M[234] : 5 2 3 5 5 5 5 4 4 2 2 2 3 3 4 5 5 4 5 4 3 3 5 5 2 2 5 4 1 3 6 5 2 5 6 6 3 4 6 4 0 4 5 5 3 4 2 6 6 5 5 4 4 3 6 3 3 2 4 5 1 5 5
M[235] : 2 5 5 3 4 3 5 3 4 5 1 6 3 6 2 3 3 5 5 5 4 6 6 6 4 5 2 3 1 3 4 3 6 3 4 5 5 5 3 5 4 4 5 5 4 6 6 6 7 6 3 3 6 4 4 0 4 2 3 3 7 4 6
M[236] : 0 2 5 5 1 3 1 3 4 3 2 2 3 4 3 3 4 5 5 7 3 3 3 4 4 5 2 5 3 2 3 5 3 2 6 6 1 3 3 3 5 4 3 2 3 6 4 3 1 2 4 2 4 4 5 5 4 2 6 5 4 5 3
M[237] : 4 5 5 6 5 5 5 3 2 4 4 2 5 6 4 4 6 6 8 4 4 5 4 3 4 3 4 5 3 2 4 5 4 4 4 2 5 4 1 2 5 4 5 6 5 4 6 4 5 7 3 4 3 6 4 5 5 6 0 6 6 6 6
M[238] : 5 6 3 4 4 5 3 4 4 4 1 4 4 6 4 5 0 4 6 5 6 1 4 4 3 4 3 3 4 4 3 5 4 4 5 4 5 2 3 5 7 3 4 1 1 4 4 4 3 4 3 4 3 2 3 7 3 5 4 4 5 4 8
M[239] : 5 2 3 5 5 2 4 3 6 7 4 4 5 2 5 5 6 2 4 5 3 1 5 2 4 4 6 5 3 4 4 5 4 6 4 3 4 4 2 4 1 3 2 1 5 2 5 5 2 3 3 3 4 4 5 0 5 5 6 4 5 4 6
M[240] : 2 3 3 4 3 4 6 3 3 5 3 2 5 5 6 5 6 5 4 3 4 3 5 5 4 5 4 4 7 4 3 4 6 4 6 4 4 6 4 5 4 3 5 4 0 1 5 2 3 5 5 4 3 6 5 4 4 4 2 5 5 2 4
M[241] : 4 3 6 2 4 5 3 3 3 8 3 0 2 2 6 2 5 2 3 3 5 3 4 2 3 2 3 4 6 5 5 2 5 3 6 4 3 2 4 3 4 5 4 4 2 2 4 3 3 2 2 4 2 3 2 3 4 4 4 3 7 4 2
M[242] : 4 4 5 6 3 5 5 4 4 3 4 5 4 4 0 5 6 4 6 3 5 6 6 2 4 3 6 3 3 3 4 3 3 4 5 3 2 5 0 3 3 6 4 7 4 2 4 4 6 3 2 2 3 2 5 5 5 2 5 4 2 6 5
M[243] : 5 5 5 4 3 4 6 1 4 4 5 4 3 3 3 6 3 4 4 3 4 5 4 2 7 5 0 4 4 4 4 4 6 3 6 4 3 5 6 5 4 4 6 6 1 3 2 5 3 6 5 4 5 6 6 4 3 5 3 3 1 5 4
M[244] : 2 3 5 8 4 3 4 4 3 3 7 3 2 5 4 5 5 4 1 6 3 6 7 4 4 2 5 6 4 5 5 3 4 4 4 4 2 3 3 4 5 6 4 4 3 4 3 5 4 0 4 0 4 4 6 4 3 3 4 2 4 5 8
M[245] : 5 4 3 5 4 3 3 4 2 3 3 4 5 4 5 5 5 4 5 4 5 4 6 3 5 6 5 3 4 6 4 4 3 4 7 4 1 3 4 3 4 3 6 6 4 6 3 4 3 3 1 4 5 4 3 6 6 4 4 5 3 5 0
M[246] : 2 5 4 2 4 5 6 4 3 4 3 4 3 4 3 5 6 4 3 4 4 4 7 4 4 6 6 4 5 2 4 5 6 4 3 4 2 6 5 5 5 2 5 3 4 6 3 5 6 4 5 5 6 3 5 3 5 0 7 4 4 2 5
M[247] : 7 7 4 3 6 5 5 4 4 3 7 5 4 2 5 4 6 5 0 5 5 3 2 5 3 5 4 3 3 5 4 3 4 2 5 4 6 4 4 6 5 5 3 5 4 5 3 4 2 4 3 4 5 4 4 1 3 3 4 4 6 6 4
M[248] : 5 5 2 5 5 4 2 4 5 5 7 1 4 0 2 4 5 4 2 4 5 6 3 6 6 5 6 4 3 3 3 4 4 7 3 2 3 3 6 4 4 4 5 6 3 5 5 4 6 5 6 4 3 3 4 5 4 6 3 5 4 2 4
M[249] : 3 7 4 5 5 4 3 0 4 1 5 4 4 1 4 4 3 6 5 3 4 5 4 1 5 4 3 5 2 4 4 4 4 4 4 4 1 5 4 4 5 4 5 2 5 2 2 5 3 5 3 5 3 3 3 4 5 2 6 6 5 5 3
M[250] : 4 3 3 2 5 5 7 5 5 5 3 4 0 6 4 3 4 4 7 4 4 4 3 2 5 5 7 5 4 7 2 3 7 4 4 5 4 4 4 5 5 5 5 4 4 7 5 4 6 6 3 5 2 4 6 2 4 4 4 5 3 3 2
M[251] : 4 3 2 1 5 1 2 3 5 4 2 4 2 8 3 5 5 5 4 4 5 4 5 0 5 3 4 4 3 5 4 3 3 4 4 2 6 4 6 4 3 4 4 6 2 5 4 5 4 4 3 5 4 4 3 4 6 6 5 3 2 4 5
M[252] : 3 5 2 6 3 5 1 5 4 4 4 1 5 3 4 3 3 3 7 1 4 3 3 3 4 5 2 3 3 2 6 5 4 2 3 5 3 5 3 4 5 3 4 6 4 5 7 4 5 0 5 4 5 3 3 3 3 3 3 3 5 3 4
M[253] : 5 5 1 5 3 4 5 4 4 6 0 3 2 3 5 5 3 5 6 4 6 4 3 3 6 2 6 5 7 3 2 5 6 4 3 3 6 4 4 3 7 1 4 3 5 6 5 4 3 3 6 4 5 6 5 3 3 4 4 4 0 4 2
M[254] : 0 5 4 5 3 2 5 6 3 5 4 4 4 1 3 3 4 2 6 3 2 5 5 5 6 4 4 3 3 3 6 4 4 4 5 3 3 4 3 3 4 3 3 4 1 4 5 6 6 4 3 3 4 1 3 3 7 5 3 3 3 3 5
M[255] : 5 6 4 3 6 3 3 5 3 4 5 3 2 5 4 3 6 5 2 4 5 5 6 5 4 3 3 0 6 8 6 6 5 4 6 3 5 7 6 2 4 4 2 7 2 5 4 3 6 3 6 5 4 3 5 3 6 4 3 4 4 2 3
M[256] : 3 4 6 4 3 5 6 1 4 4 2 2 4 5 4 4 6 5 3 5 6 3 5 4 4 7 4 5 4 5 4 6 4 4 6 6 5 5 2 2 5 5 3 3 3 3 6 4 4 2 5 4 6 3 4 5 5 3 0 5 5 4 3
M[257] : 3 6 3 3 3 1 4 2 2 5 4 4 3 7 4 2 8 5 6 6 3 4 4 5 7 0 5 7 5 2 1 4 2 4 4 6 3 3 2 5 2 4 1 4 3 3 6 5 4 3 5 2 5 3 6 4 2 7 5 5 2 8 2
M[258] : 3 3 3 4 4 6 6 2 3 5 2 3 4 6 5 6 6 7 5 7 5 4 3 5 2 3 3 5 5 6 5 4 2 2 7 5 3 4 5 6 4 5 5 5 4 0 3 2 4 6 3 3 3 3 7 2 3 5 2 4 4 4 3
M[259] : 3 3 3 5 3 4 2 4 5 3 5 3 4 4 4 5 4 4 2 5 4 4 2 5 5 2 7 6 3 4 3 4 1 3 1 4 3 3 3 4 3 2 3 4 2 6 4 4 5 5 4 2 3 6 4 3 0 4 5 5 5 6 4
M[260] : 5 0 4 2 5 5 5 8 3 3 6 3 5 3 4 2 6 4 3 5 6 4 5 3 5 3 2 4 6 5 1 0 6 2 5 5 6 3 5 3 4 3 3 6 3 3 4 5 4 4 6 5 6 4 3 4 6 5 2 3 7 4 5
M[261] : 5 2 3 5 2 5 4 4 4 5 4 6 3 4 3 5 5 6 4 2 4 4 0 2 3 4 4 3 5 5 5 1 4 5 2 4 4 3 5 6 4 4 6 2 4 4 2 5 5 5 4 4 6 3 1 5 3 4 7 5 5 5 3
M[262] : 4 2 6 5 1 1 6 2 4 0 6 3 3 4 4 6 5 7 1 5 6 6 3 3 5 3 3 6 4 4 5 3 4 3 5 5 6 6 5 4 4 4 5 3 4 2 4 4 3 2 5 5 4 5 3 6 2 4 7 3 6 2 4
M[263] : 4 5 0 3 4 3 4 4 6 5 5 4 4 4 6 5 2 4 3 2 1 4 5 5 5 2 5 7 4 4 6 2 3 3 6 3 4 4 4 4 3 6 3 0 3 4 4 1 4 2 5 4 2 2 4 5 3 3 4 2 1 4 5
M[264] : 4 5 2 6 6 2 3 3 3 5 8 4 1 6 5 4 5 5 6 4 3 5 5 3 5 1 4 4 6 2 2 3 5 5 6 7 4 3 1 5 5 6 1 4 2 4 3 4 4 5 5 3 0 6 4 4 5 5 5 3 2 4 6
M[265] : 2 3 4 5 4 6 5 5 4 2 3 0 5 2 5 6 3 5 3 7 4 4 6 3 3 2 2 4 2 6 6 6 5 4 4 6 3 4 6 3 2 6 7 4 4 4 3 5 3 6 5 4 3 4 3 7 2 4 0 3 3 4 2
M[266] : 4 3 2 5 7 4 4 3 4 2 3 4 3 5 3 4 4 2 7 5 6 6 6 5 3 6 3 4 4 4 1 0 4 4 5 4 5 5 5 6 5 4 1 3 5 5 3 6 6 2 4 2 3 3 4 4 5 5 5 7 6 4 5
M[267] : 6 7 4 3 4 4 4 5 2 6 7 3 3 5 2 2 5 6 4 5 4 4 4 4 4 4 4 4 3 3 5 2 4 4 5 6 4 4 3 3 5 4 3 4 1 4 0 3 3 5 5 3 4 4 2 5 4 2 4 4 4 5 4
M[268] : 1 3 5 0 4 4 4 5 2 3 4 4 1 2 6 5 4 5 5 3 3 6 4 5 4 1 5 6 4 4 2 3 4 5 5 5 6 3 4 2 5 4 3 4 5 1 0 3 3 7 3 5 4 5 5 5 3 4 5 2 6 5 5
M[269] : 1 4 4 6 4 5 5 4 2 5 5 4 3 3 4 4 4 3 3 4 5 3 3 3 6 6 4 5 3 0 7 3 2 4 4 6 5 7 4 4 6 6 1 5 6 5 5 4 4 3 5 4 5 2 4 4 5 3 5 4 5 5 1
M[270] : 2 2 3 5 2 6 2 3 6 2 4 2 5 4 5 6 7 4 4 5 4 5 5 3 5 5 5 5 2 5 5 3 6 3 5 3 5 6 2 3 0 4 5 5 3 5 7 4 0 3 5 2 7 3 1 4 2 6 3 3 6 6 3
M[271] : 4 4 5 6 4 5 4 4 4 3 3 6 1 5 4 4 3 6 3 6 1 2 3 2 4 6 3 3 0 6 3 4 3 3 3 4 6 2 7 5 6 3 5 4 3 4 3 3 6 6 3 3 5 4 3 0 6 4 6 3 3 6 4
M[272] : 5 3 3 7 6 3 4 5 4 3 6 6 3 5 0 3 5 4 3 3 3 3 3 3 4 4 6 5 2 6 4 5 5 2 4 5 1 4 6 6 4 1 4 4 3 4 4 3 6 4 2 6 5 3 5 2 4 5 5 6 4 3 5
M[273] : 6 6 6 5 4 4 3 7 4 6 1 5 5 2 3 6 2 5 2 2 4 3 4 4 3 3 3 3 5 5 4 1 2 4 4 4 6 3 3 6 0 6 7 6 4 4 7 4 6 5 5 6 3 3 5 3 3 4 5 3 5 3 3
M[274] : 4 4 4 2 6 4 5 7 4 1 1 3 3 5 4 6 7 3 5 5 1 5 5 5 5 0 4 8 4 4 4 4 3 4 3 3 5 4 5 6 4 0 6 4 2 6 4 6 3 3 4 5 5 4 7 5 2 4 2 5 6 3 4
M[275] : 4 2 4 3 8 4 5 4 3 0 4 5 3 2 5 4 2 6 3 4 4 4 4 5 5 4 4 3 4 6 5 2 6 1 3 2 3 3 2 3 2 3 6 5 4 3 2 2 6 5 3 4 4 4 5 5 3 2 3 7 1 5 5
M[276] : 2 1 3 4 2 4 4 4 1 5 5 5 1 3 5 4 4 6 4 4 5 7 4 3 4 3 4 3 5 3 6 4 5 4 5 2 4 6 6 3 4 5 2 2 3 3 5 4 4 4 3 3 3 2 4 7 5 4 4 5 5 3 0
M[277] : 5 5 3 4 3 6 5 2 3 4 5 0 4 3 4 5 6 3 4 5 6 5 5 2 6 3 4 3 4 5 3 7 7 4 4 4 6 1 4 4 6 2 5 6 4 5 4 4 4 7 3 4 5 3 6 4 4 4 2 4 4 3 4
M[278] : 3 3 4 4 6 6 4 5 2 2 4 2 4 2 5 6 4 3 4 3 4 4 2 7 4 4 3 3 5 5 0 5 4 3 4 5 5 3 4 3 5 5 4 2 4 5 4 3 4 5 3 5 1 4 3 5 3 5 4 4 3 3 4
M[279] : 6 3 1 4 3 6 6 2 3 4 3 5 1 4 3 4 6 6 4 6 6 6 3 0 4 4 6 6 5 3 6 5 4 3 2 4 3 4 1 3 5 6 4 4 1 4 5 5 4 6 2 2 2 7 2 3 3 2 5 4 5 3 3
M[280] : 5 3 4 4 6 4 2 4 2 4 2 5 1 2 4 6 3 2 6 1 6 6 5 4 3 5 4 4 4 7 3 3 2 4 5 6 2 7 3 2 5 3 5 6 2 4 6 4 4 4 3 5 6 2 2 0 4 3 5 3 2 8 7
M[281] : 5 3 3 4 3 2 6 4 4 5 6 2 1 3 4 5 5 3 4 6 4 7 7 0 3 5 2 2 6 5 4 3 4 1 3 3 4 4 7 5 4 7 4 6 3 4 4 5 3 5 4 1 0 4 6 6 2 5 6 3 3 8 6
M[282] : 5 3 6 7 6 4 3 1 4 3 4 2 4 3 3 4 2 3 3 3 5 3 3 0 5 4 5 5 4 4 5 5 6 5 1 1 5 4 4 3 5 4 4 4 5 3 4 5 4 1 4 2 2 4 4 2 7 7 4 4 3 4 4
M[283] : 5 2 3 4 5 4 2 5 1 6 5 5 5 4 4 6 5 5 3 5 6 4 4 3 5 4 4 4 6 7 4 3 5 4 2 4 3 6 6 5 1 5 3 6 0 6 5 3 4 4 4 4 3 7 2 4 4 6 7 5 4 3 4
M[284] : 6 1 4 3 4 5 4 2 3 2 3 2 5 5 4 3 2 3 5 3 5 6 5 8 3 3 4 5 3 5 2 4 5 6 3 2 5 4 3 6 5 3 4 6 3 4 5 5 5 2 2 3 3 0 4 3 6 5 5 4 3 3 5
M[285] : 4 4 1 2 5 4 3 5 2 3 4 6 2 3 5 3 5 4 4 5 6 7 3 6 4 4 5 5 3 3 3 4 3 1 8 5 5 2 3 5 3 4 4 6 3 3 3 2 6 6 2 5 3 4 3 3 5 5 8 5 0 2 5
M[286] : 4 2 3 2 3 4 4 4 3 0 4 6 6 4 6 5 3 3 2 3 7 3 4 6 3 4 3 4 2 5 3 4 3 4 3 3 4 5 4 7 4 3 5 3 5 6 5 3 4 7 5 3 4 3 4 5 3 6 6 5 5 4 3
M[287] : 6 1 6 5 1 4 4 3 2 5 4 5 4 5 4 3 4 8 5 3 4 4 3 3 3 3 4 4 4 3 6 4 3 2 4 4 5 6 5 3 6 3 3 3 4 2 2 4 0 5 5 6 3 7 6 6 3 7 3 2 7 5 3
M[288] : 5 5 3 5 6 5 6 3 4 3 4 4 2 3 5 5 2 4 3 3 2 4 6 5 3 2 6 6 4 4 0 5 2 4 5 2 4 6 6 4 6 5 3 4 4 3 6 4 3 2 5 4 5 6 3 4 3 2 5 4 5 4 4
M[289] : 4 3 4 2 5 3 4 3 5 0 4 4 5 4 3 5 7 4 5 4 3 4 6 3 3 4 5 3 6 5 3 1 3 5 3 2 3 5 6 4 2 3 1 4 4 5 4 3 6 5 2 2 4 7 6 5 4 3 3 4 4 5 5
M[290] : 4 3 5 4 3 3 6 5 4 5 3 5 3 3 6 6 3 5 3 4 5 3 5 4 6 5 1 3 4 6 3 5 5 4 5 2 4 4 4 4 2 3 3 3 4 4 4 4 3 2 1 3 5 2 5 4 4 4 0 5 2 4 5
M[291] : 0 4 3 2 1 5 2 4 4 5 3 3 5 5 6 4 5 4 3 5 3 5 6 5 5 3 4 4 3 4 4 5 3 5 7 4 4 7 4 4 4 4 2 3 5 4 5 5 5 5 4 2 6 4 4 2 3 5 4 5 5 2 4
M[292] : 6 4 1 7 2 2 2 3 4 3 3 0 2 6 5 5 2 0 7 3 5 4 2 4 2 4 3 7 4 4 3 3 1 3 2 3 2 6 3 5 3 7 4 5 2 3 6 4 4 4 2 5 6 3 5 1 6 2 3 4 3 5 6
M[293] : 4 3 5 2 2 6 5 3 4 5 3 4 6 3 5 3 3 4 4 4 4 4 4 4 4 6 5 3 3 4 7 5 4 3 3 5 2 3 2 1 1 5 3 4 4 6 4 4 4 4 3 5 2 4 3 5 6 6 8 0 3 4 2
M[294] : 5 3 4 4 5 3 6 4 5 4 2 4 5 6 3 2 5 4 3 6 4 2 4 3 3 1 3 6 5 6 6 3 3 2 0 3 4 4 3 4 5 4 4 4 4 3 3 3 4 6 2 5 7 1 4 4 5 2 5 6 5 4 4
M[295] : 5 5 4 3 5 4 5 5 4 4 5 6 6 1 3 5 3 6 5 4 5 4 3 3 4 2 2 4 3 4 6 4 3 3 4 6 3 7 2 3 5 5 1 3 4 4 6 5 4 6 4 5 5 2 4 4 4 3 5 0 4 5 5
M[296] : 6 2 5 4 7 7 5 2 5 5 5 3 6 4 3 4 4 3 5 5 2 3 6 2 2 7 3 3 3 5 0 5 2 6 6 4 4 4 4 5 7 4 2 6 4 3 4 3 8 4 2 4 4 5 1 5 4 6 1 5 5 4 3
M[297] : 4 3 6 6 4 1 4 8 4 5 6 5 4 5 3 5 3 4 5 5 3 4 4 4 6 4 5 3 4 1 3 3 6 1 3 6 6 4 3 6 5 5 4 1 5 5 7 4 3 6 6 3 3 5 0 2 4 5 4 5 5 3 5
M[298] : 3 5 5 8 3 4 4 5 0 4 3 1 4 3 3 6 5 4 5 5 2 4 5 6 3 3 4 3 0 4 1 4 3 4 2 4 2 5 5 5 5 5 6 2 2 6 7 6 3 5 3 4 7 2 5 7 5 3 5 3 3 0 4
M[299] : 6 5 3 1 4 6 4 4 4 4 5 3 2 6 4 8 4 3 4 4 3 8 4 5 5 4 3 4 3 4 6 3 3 5 5 3 6 4 4 5 4 3 3 3 5 1 2 1 5 4 0 5 3 4 3 2 3 3 5 4 0 5 7
M[300] : 4 6 6 4 3 2 7 5 4 6 1 3 3 4 4 5 5 3 3 2 3 3 6 4 4 6 5 4 4 4 4 4 4 5 6 6 4 4 4 4 5 3 6 2 1 5 4 6 5 0 6 5 4 5 7 5 5 4 5 4 5 4 6
M[301] : 4 4 4 6 5 5 6 4 6 5 3 6 4 3 0 3 4 7 2 8 4 2 5 4 7 5 2 3 6 1 3 5 2 5 4 5 6 4 6 3 5 4 3 5 4 5 6 4 4 4 4 2 5 3 6 4 6 4 4 2 6 4 4
M[302] : 3 6 4 4 5 5 2 3 6 3 6 4 3 2 3 3 5 3 5 6 4 4 3 5 2 4 5 3 3 5 6 5 4 7 4 3 3 4 4 2 6 5 1 3 3 4 6 2 4 6 2 0 5 3 5 5 6 6 2 4 3 4 5
M[303] : 3 3 3 4 3 3 5 4 3 3 4 6 4 5 5 5 4 3 4 2 5 5 3 4 5 1 0 2 0 3 3 3 4 5 5 4 7 7 5 4 5 5 3 4 3 3 3 3 3 3 6 5 3 6 6 5 5 5 5 3 3 3 5
M[304] : 3 1 6 4 3 5 5 4 2 7 4 6 2 4 3 3 6 3 4 6 4 4 4 4 1 2 5 6 4 2 1 4 6 5 1 5 4 3 4 8 2 7 4 3 4 1 5 5 4 5 4 2 2 0 3 2 5 3 1 5 3 3 4
M[305] : 2 6 6 4 3 1 6 2 4 4 3 6 2 3 4 3 5 4 4 5 2 4 5 4 2 4 5 4 5 7 4 4 3 4 2 4 3 4 3 3 2 3 4 3 4 1 3 5 4 3 6 6 0 3 4 7 4 3 5 5 4 6 3
M[306] : 5 3 3 4 2 3 5 3 3 6 3 1 5 4 4 5 5 3 6 2 5 2 6 2 4 4 4 5 4 5 5 7 4 3 3 3 4 2 6 5 4 6 4 3 3 4 5 4 5 2 3 2 0 2 7 4 7 4 7 7 2 4 5
M[307] : 5 6 3 5 3 2 5 2 5 4 5 2 3 4 1 6 3 5 5 3 5 5 6 5 4 6 4 7 5 1 3 4 3 5 3 2 5 2 4 5 0 6 6 2 6 4 5 3 4 3 4 4 3 3 6 4 3 3 3 2 5 6 6
M[308] : 5 3 5 4 2 4 2 0 4 5 3 5 4 1 4 6 7 3 2 6 4 3 3 3 0 6 6 6 1 8 2 3 6 5 3 4 5 3 4 6 3 3 4 6 2 3 3 4 5 5 4 2 2 4 5 2 5 5 5 5 1 5 3
M[309] : 5 7 3 3 3 5 1 6 3 5 3 3 4 4 4 5 6 4 5 7 3 4 4 4 4 4 3 2 1 4 6 5 4 4 4 3 4 6 3 4 3 4 3 3 5 5 3 4 4 4 1 5 2 3 8 7 3 5 4 2 0 4 5
M[310] : 4 6 4 5 5 6 2 4 4 2 4 2 1 2 4 4 6 3 4 1 4 2 5 3 4 6 2 4 7 2 4 7 2 4 1 3 6 4 6 6 4 6 6 5 4 5 0 5 3 5 3 4 3 3 3 2 4 5 6 4 3 6 4
M[311] : 6 3 4 4 6 2 4 5 3 5 3 3 4 5 4 0 3 5 5 6 3 5 4 6 2 2 4 2 4 6 5 3 3 4 5 4 2 4 5 1 5 3 5 2 5 7 5 3 3 4 5 3 6 0 3 5 4 3 4 5 6 1 4
M[312] : 3 4 5 4 5 4 5 5 0 5 4 2 2 2 3 5 4 6 2 5 0 5 3 5 3 3 4 6 3 7 5 4 5 5 4 2 4 4 5 2 5 3 4 5 3 5 3 5 4 7 6 6 2 5 3 6 4 2 2 7 4 3 4
M[313] : 7 3 3 5 5 5 4 5 3 3 4 2 1 6 2 4 2 3 5 0 3 7 5 3 4 5 4 4 6 3 4 2 5 8 4 4 2 3 6 0 6 2 5 4 4 2 5 2 2 5 4 3 6 5 4 2 3 7 3 5 6 2 5
M[314] : 4 4 3 5 3 3 4 3 3 5 3 4 5 5 4 3 6 5 3 2 5 4 5 2 6 5 5 3 5 4 4 3 4 6 2 6 2 5 4 2 5 7 2 4 4 4 3 5 0 5 5 6 7 3 6 4 2 5 5 6 5 6 4
M[315] : 5 3 5 5 4 0 5 3 2 3 4 2 6 2 3 5 3 6 4 6 6 4 2 4 2 1 4 4 5 3 0 3 4 5 7 3 2 5 5 6 5 3 5 4 1 4 2 3 3 4 4 7 6 3 4 2 3 3 2 5 7 2 6
M[316] : 4 5 5 3 6 3 6 4 4 5 5 3 4 5 3 5 3 5 7 4 5 3 5 2 5 2 2 5 3 5 4 5 3 6 5 5 6 3 5 4 4 4 5 4 4 3 4 4 5 4 2 5 0 5 2 4 5 4 2 4 2 4 2
M[317] : 4 3 4 5 3 5 5 5 2 5 2 2 1 4 0 3 2 2 4 4 4 3 4 2 4 5 5 4 3 6 5 5 5 5 5 4 3 4 3 4 2 7 7 2 3 2 5 4 5 5 3 4 3 3 3 3 4 5 4 4 1 3 5
M[318] : 2 4 4 3 6 4 5 3 2 5 2 1 2 3 6 4 4 4 5 6 6 5 6 5 4 5 3 3 1 5 2 5 7 3 4 3 3 4 2 4 4 4 4 1 3 3 4 3 0 3 3 4 6 3 2 4 5 5 4 4 3 2 6
M[319] : 3 2 5 4 6 3 2 7 2 5 7 2 3 3 3 5 5 4 4 3 4 4 5 2 5 5 3 3 3 6 4 3 2 3 5 4 4 3 1 5 2 4 2 3 3 1 4 4 4 6 6 3 3 3 5 5 4 3 4 3 4 0 5
M[320] : 5 6 6 5 4 4 3 6 5 5 4 5 3 2 4 3 1 2 5 3 5 5 5 3 0 6 6 3 6 4 4 4 5 1 0 4 4 3 5 6 6 3 5 5 4 5 3 4 3 4 2 7 3 0 2 4 7 1 1 2 4 4 2
M[321] : 5 3 3 5 6 3 6 6 2 6 5 5 4 2 1 3 3 5 5 3 8 5 5 3 6 3 5 2 4 4 4 7 4 5 5 2 6 5 6 6 3 4 0 2 1 1 4 5 4 0 4 5 6 3 4 4 7 2 3 4 5 5 3
M[322] : 5 3 5 4 4 3 4 4 1 6 5 5 3 5 4 5 2 5 3 5 6 3 5 4 6 6 6 7 3 1 3 2 6 4 4 6 5 3 1 7 3 4 5 5 2 5 4 4 3 5 5 6 6 1 5 5 3 5 5 4 4 0 7
M[323] : 5 3 7 5 3 6 5 5 2 4 4 3 4 5 6 6 6 3 3 6 5 4 5 4 5 5 4 2 4 3 5 0 5 6 2 4 5 8 3 5 5 2 1 4 3 3 3 3 4 5 2 4 5 6 2 8 4 5 4 4 3 1 3
M[324] : 2 5 2 2 5 4 4 7 1 2 5 1 3 3 5 5 4 2 5 6 5 3 4 3 5 7 3 3 0 4 3 6 5 2 4 2 3 3 3 6 4 6 4 3 2 5 1 5 3 3 5 3 4 2 4 4 5 4 4 1 4 4 3
M[325] : 6 5 5 5 6 6 4 4 3 6 0 3 3 5 5 6 3 5 6 2 4 3 3 4 5 5 5 4 4 7 4 5 2 4 6 5 4 5 5 3 4 4 7 5 4 5 5 3 2 4 3 3 4 4 5 3 5 2 3 5 3 5 6
M[326] : 1 5 6 3 4 4 4 6 3 4 1 6 2 3 6 4 3 4 4 2 6 6 5 5 5 2 6 5 3 4 2 3 0 4 2 6 7 5 5 6 3 4 3 6 3 5 3 3 6 5 1 4 4 4 4 4 2 4 5 5 2 2 4
M[327] : 4 4 4 3 3 4 4 5 2 5 4 1 4 5 6 4 2 0 5 4 4 3 4 5 5 4 2 6 1 7 5 3 2 5 5 4 6 2 5 5 5 6 4 5 4 6 3 5 5 3 4 3 3 4 3 3 4 6 6 3 3 4 5
M[328] : 4 6 4 5 2 5 4 5 5 3 5 4 4 3 2 4 3 5 4 6 4 6 6 3 2 2 5 5 6 7 3 4 5 6 4 5 4 4 3 4 5 4 5 6 0 2 6 6 4 2 3 5 6 5 6 2 5 6 2 4 4 4 2
M[329] : 4 7 2 4 6 5 5 4 1 7 4 3 5 5 2 2 4 2 5 3 2 4 4 2 4 5 7 5 6 4 4 5 3 4 4 4 5 4 1 4 6 5 6 4 5 3 4 5 6 4 3 4 6 0 4 5 5 2 4 4 6 3 4
M[330] : 1 3 5 4 4 5 5 3 3 4 3 5 2 3 4 2 3 5 3 6 6 2 4 4 3 5 3 5 4 4 6 6 5 0 2 4 5 4 5 4 4 5 2 5 4 4 1 6 5 3 3 4 3 6 5 1 3 4 2 4 2 4 4
M[331] : 5 3 4 5 5 4 2 5 3 1 4 7 5 4 1 0 2 3 4 4 4 6 4 1 5 7 4 4 3 5 3 6 7 5 3 0 4 3 2 4 4 1 7 5 3 3 7 4 1 3 5 4 2 5 5 3 6 2 6 6 5 6 3
M[332] : 5 3 3 1 3 3 5 6 5 3 4 6 5 5 2 4 3 4 3 5 3 2 4 4 4 5 3 4 4 5 3 2 5 1 6 2 4 3 6 6 3 4 4 5 3 6 4 6 5 5 4 5 3 5 3 4 6 5 7 5 2 0 4
M[333] : 6 2 4 2 4 4 2 5 4 5 4 4 3 5 4 2 2 4 2 3 7 2 5 4 5 3 3 5 2 2 0 3 5 6 3 5 2 3 4 2 3 5 3 5 2 2 6 2 5 5 0 4 3 5 2 1 4 2 4 3 5 3 5
M[334] : 2 3 0 3 4 5 5 3 3 5 6 7 2 4 2 5 4 2 3 2 3 6 2 4 5 5 5 3 2 6 4 2 4 4 4 4 4 4 6 5 4 4 5 2 2 2 5 3 5 2 6 5 2 4 5 5 4 4 5 7 3 6 4
M[335] : 5 6 4 6 5 6 5 5 4 4 6 2 4 2 2 4 5 4 7 3 4 6 7 3 1 5 4 6 5 3 4 3 5 4 7 4 7 4 7 7 3 3 4 5 3 3 5 7 5 5 3 5 0 3 3 4 3 7 5 3 1 3 5
M[336] : 0 3 3 4 2 3 3 6 4 5 6 5 3 3 1 2 6 5 5 5 2 5 3 5 6 3 5 5 5 4 3 5 5 4 4 3 3 4 4 4 5 5 4 2 3 5 4 2 6 5 4 3 5 3 3 1 2 3 3 2 5 5 6
M[337] : 4 5 4 4 3 2 4 6 3 4 6 4 2 4 7 2 3 5 5 5 4 4 4 2 4 2 1 4 4 4 5 4 4 5 3 0 3 4 4 4 3 7 6 5 3 4 6 5 6 5 3 4 5 5 5 5 5 1 3 3 5 6 3
M[338] : 4 4 4 3 4 2 4 6 3 3 5 5 4 6 5 4 5 4 6 6 3 4 3 6 6 4 5 5 5 4 6 1 3 3 4 5 4 3 4 5 4 3 3 0 5 4 2 3 3 5 2 5 5 2 2 4 5 2 5 6 1 3 3
M[339] : 3 5 2 2 4 3 1 4 5 6 5 4 2 5 4 0 6 5 4 3 3 6 1 4 2 4 3 4 6 2 3 6 2 3 3 3 4 4 3 6 5 5 7 7 4 5 4 5 2 3 2 3 5 4 5 4 4 4 3 5 5 5 2
M[340] : 2 2 3 8 5 3 4 4 4 6 5 4 5 3 4 6 2 1 6 2 6 3 5 4 4 4 5 2 3 1 3 1 6 7 3 6 5 1 5 4 7 5 0 2 3 4 4 4 3 3 5 5 3 3 2 2 5 4 2 4 3 5 3
M[341] : 4 5 5 3 4 5 4 3 4 5 3 3 3 5 3 4 5 4 4 6 7 3 5 6 5 3 4 2 4 5 6 3 5 4 3 3 4 4 2 5 7 4 5 4 4 7 4 3 5 4 4 4 2 5 4 2 6 6 3 4 4 0 3
M[342] : 5 7 3 5 7 4 4 3 3 5 2 6 4 0 4 5 6 2 1 5 4 4 4 3 3 3 4 3 3 4 4 4 4 3 3 4 3 3 4 6 6 3 4 4 4 6 4 6 4 6 3 1 5 4 3 6 3 3 5 2 6 6 4
M[343] : 4 6 5 4 3 4 5 4 4 3 4 5 4 0 6 5 3 4 5 6 4 5 3 4 3 5 3 2 2 3 4 5 3 7 4 5 4 6 4 5 1 2 5 6 4 5 5 4 5 3 3 6 5 6 2 5 5 4 7 2 3 2 7
M[344] : 5 4 3 4 7 3 0 4 5 4 5 4 6 4 5 4 4 2 2 4 4 6 4 3 5 5 5 2 7 5 5 4 4 4 5 2 5 3 4 5 2 3 3 2 3 5 3 5 3 6 3 3 5 5 3 4 4 2 4 4 0 4 3
M[345] : 3 2 6 4 2 5 5 5 4 4 0 2 2 7 3 3 4 6 5 4 6 4 6 4 6 4 4 6 2 5 4 4 5 5 4 3 4 2 2 5 2 5 3 2 3 4 4 6 4 3 1 5 5 4 7 1 6 1 4 5 6 3 4
M[346] : 4 3 1 4 3 5 5 5 4 2 4 3 2 3 2 1 4 4 6 3 4 2 4 4 4 3 2 6 3 4 3 4 6 3 4 6 0 5 2 5 5 3 5 3 3 6 4 1 4 2 1 6 2 4 4 4 2 5 3 2 5 4 4
M[347] : 5 4 5 4 3 4 4 4 1 3 5 3 3 3 2 3 5 6 0 2 1 3 4 5 3 2 4 7 1 5 4 5 3 6 3 5 6 4 2 2 4 3 6 5 4 5 5 4 4 6 5 1 4 4 5 5 5 5 7 3 4 6 5
M[348] : 4 5 4 5 4 4 2 4 5 5 5 4 3 4 4 6 6 1 4 7 4 2 5 4 7 4 4 3 5 5 4 3 4 2 6 4 6 6 4 2 6 3 0 7 3 3 6 3 4 4 3 4 5 5 3 6 5 3 3 1 3 7 1
M[349] : 3 3 6 3 5 5 7 3 4 4 2 4 4 4 6 3 4 6 4 6 4 5 3 4 2 5 5 4 2 3 6 5 5 4 5 4 0 7 4 6 5 4 6 4 3 5 3 7 6 0 3 3 2 3 4 3 6 2 2 4 5 4 5
M[350] : 2 8 6 6 6 4 2 3 3 4 4 3 3 0 6 2 4 6 2 3 3 3 4 3 7 4 3 5 5 6 2 4 4 4 2 1 3 4 5 3 3 3 5 4 2 4 7 5 3 3 3 2 3 3 5 4 4 5 2 3 4 3 5
M[351] : 5 6 3 2 4 4 5 5 3 4 2 4 4 4 5 5 4 3 3 3 3 4 3 2 4 5 4 3 4 3 4 6 6 5 4 2 0 2 2 4 4 3 1 3 4 3 3 3 3 3 4 2 4 4 5 3 4 0 5 4 2 4 3
M[352] : 2 3 3 2 3 4 4 4 4 4 4 3 4 6 6 2 5 5 6 4 5 2 4 6 4 5 3 5 4 5 4 7 8 0 5 5 5 3 7 5 4 5 4 5 2 2 4 3 3 5 5 6 3 4 2 4 6 4 4 3 3 5 6
M[353] : 5 5 6 5 3 6 6 5 4 6 4 6 3 7 6 5 3 4 3 3 6 4 4 2 5 3 4 6 5 2 4 3 3 3 3 5 3 6 4 4 3 3 0 5 3 5 6 6 3 5 1 4 4 3 4 4 4 5 4 2 2 6 4
M[354] : 5 5 4 0 5 5 4 4 3 5 3 3 1 5 3 4 7 5 5 3 3 5 6 4 2 3 2 4 2 6 6 5 3 4 6 3 1 7 3 7 7 2 8 5 3 4 4 4 6 5 3 3 5 4 4 3 4 4 5 4 3 5 3
M[355] : 3 3 4 6 5 1 5 0 5 2 6 6 4 3 5 4 6 4 5 3 5 3 3 2 3 6 5 4 6 5 2 4 2 3 4 5 6 3 4 4 3 1 2 3 6 4 1 4 1 4 4 4 4 3 5 5 1 3 4 6 7 4 5
M[356] : 6 4 7 4 5 5 4 3 2 3 5 2 3 5 4 3 2 4 4 4 4 3 3 6 0 4 4 5 5 4 5 5 2 6 3 6 6 1 5 4 2 2 4 4 4 2 3 4 6 5 1 4 4 4 4 3 4 4 5 2 2 2 5
M[357] : 6 5 5 3 4 7 2 3 6 3 8 2 5 3 4 4 4 3 0 4 4 3 3 4 4 3 3 6 3 4 3 1 5 3 4 3 5 4 2 5 5 5 4 3 2 5 5 5 4 5 4 2 8 3 5 4 2 5 3 4 2 4 4
M[358] : 3 4 6 3 5 3 6 0 3 1 5 5 3 5 4 6 4 6 6 3 5 4 3 3 3 3 3 5 4 4 2 4 4 6 5 4 5 6 7 3 5 5 6 4 5 6 5 3 3 4 5 4 6 1 4 6 4 3 3 2 2 7 2
M[359] : 6 4 6 6 3 4 4 4 3 7 5 3 3 2 2 6 6 4 7 3 4 5 3 3 2 3 2 5 6 2 5 5 5 5 5 3 3 5 3 3 6 2 7 4 4 0 6 3 7 2 1 2 4 4 4 2 2 6 6 3 6 4 3
M[360] : 1 6 1 6 2 4 5 8 5 5 5 6 5 4 1 4 2 4 5 1 2 2 2 6 6 4 2 4 4 5 4 6 7 4 2 3 4 3 3 3 2 3 2 1 3 3 5 4 4 2 4 3 5 2 5 4 3 5 0 7 5 5 6
M[361] : 2 4 2 1 3 2 6 4 3 4 6 7 2 4 5 5 6 3 6 8 1 2 5 3 5 3 5 5 4 5 4 0 1 6 5 5 4 3 7 3 5 4 6 4 5 6 5 6 1 5 4 6 8 6 5 3 2 4 4 5 2 2 4
M[362] : 6 3 1 5 4 6 5 3 5 7 4 4 3 5 7 4 6 4 2 4 3 5 5 3 3 6 8 6 3 5 5 5 2 3 3 5 4 3 5 4 3 6 2 5 4 4 4 5 5 6 2 4 3 6 5 6 5 4 4 6 4 4 0
M[363] : 5 4 5 5 6 2 7 4 1 3 1 3 3 3 3 3 4 4 2 7 3 5 5 4 2 4 4 4 4 6 4 5 2 4 2 7 2 5 4 4 5 5 5 4 3 6 3 1 4 4 2 6 6 6 4 5 4 3 3 5 5 0 4
M[364] : 1 4 2 4 6 6 0 3 2 5 6 3 4 4 5 4 6 4 4 7 4 5 5 4 5 5 4 5 3 3 3 6 6 5 3 4 1 3 2 4 3 4 5 5 5 4 3 4 3 6 3 4 5 3 5 2 7 2 6 4 6 4 2
M[365] : 3 3 3 6 6 2 5 6 3 6 3 3 2 3 3 0 4 4 5 5 3 5 4 6 4 2 4 5 5 2 2 2 6 3 1 4 3 5 4 4 5 4 4 4 4 4 4 3 4 3 0 4 2 2 4 4 6 5 6 5 2 7 6
M[366] : 7 8 6 2 4 4 4 5 5 3 5 4 5 4 4 5 5 3 0 5 4 4 5 3 5 6 4 5 3 5 6 3 4 7 4 2 3 3 6 4 6 4 3 4 0 3 4 4 4 3 5 4 7 3 5 6 2 1 5 1 3 4 3
M[367] : 5 5 3 6 4 4 5 3 4 3 4 2 1 4 6 4 3 4 4 1 3 4 3 5 5 3 4 5 7 3 3 5 4 2 2 3 6 4 3 2 4 2 6 5 5 4 1 3 5 3 5 4 5 3 6 5 5 4 0 7 5 5 7
M[368] : 3 4 4 6 4 2 4 4 6 6 5 2 3 3 1 4 5 3 5 1 3 2 2 4 5 2 6 3 3 5 4 3 4 4 3 6 3 0 2 1 3 4 2 3 6 3 4 5 5 4 7 4 5 4 7 5 4 3 5 4 4 6 5
M[369] : 5 4 6 4 5 4 3 5 4 2 3 4 2 5 6 4 2 4 5 0 5 1 3 5 5 4 5 4 7 5 3 2 3 7 4 5 7 3 7 2 5 5 4 4 3 5 3 4 7 3 3 4 3 4 6 7 4 5 3 3 3 5 3
M[370] : 5 3 4 2 2 4 6 2 2 4 4 6 0 5 3 2 3 4 5 3 3 4 4 2 6 5 6 2 3 2 5 3 6 3 5 4 4 4 4 5 8 5 3 3 3 6 3 4 4 5 1 5 2 2 4 5 2 3 7 6 2 5 3
M[371] : 5 4 5 7 3 4 2 3 0 8 4 4 4 3 6 7 3 3 2 5 3 5 4 3 5 3 6 1 4 4 2 4 1 2 5 4 4 5 2 3 5 3 5 4 2 4 7 4 5 3 5 4 4 2 5 4 3 4 5 3 5 4 4
M[372] : 4 4 5 6 4 4 5 3 4 5 5 1 4 4 3 4 2 4 2 6 5 3 5 5 5 4 3 3 5 5 7 3 5 4 3 5 4 4 5 5 3 4 6 4 5 2 5 4 2 3 3 0 3 4 5 3 3 2 2 6 3 5 3
M[373] : 3 3 4 3 4 4 8 3 3 6 4 4 5 4 2 3 5 7 4 1 5 2 5 5 3 5 6 5 2 1 2 4 5 3 4 5 3 6 5 6 5 3 4 4 5 5 5 5 3 5 4 6 3 4 0 5 3 4 6 3 3 3 1
M[374] : 4 4 5 3 4 4 3 1 1 5 4 4 4 6 4 4 5 6 7 5 5 4 2 5 5 3 6 3 5 0 2 4 2 6 4 6 3 2 3 7 3 5 6 6 4 6 5 5 2 2 6 4 3 4 3 3 5 4 5 2 5 3 4
M[375] : 3 3 1 2 2 4 3 3 4 4 4 3 4 3 4 5 4 4 4 4 3 3 6 5 4 6 4 0 6 3 4 3 1 5 6 4 4 4 3 5 5 5 2 6 4 5 5 2 2 2 6 4 7 4 3 5 4 5 5 5 3 3 4
M[376] : 4 2 3 1 6 6 4 2 5 4 2 3 4 5 5 4 5 4 5 4 2 5 5 4 3 4 6 3 3 2 3 4 4 4 4 4 2 3 5 5 5 2 6 2 4 3 0 6 5 5 3 4 1 2 4 6 3 3 3 3 5 3 4
M[377] : 4 3 5 3 4 4 2 4 3 3 5 3 2 4 4 4 2 4 5 7 3 0 4 3 6 4 3 4 3 5 4 5 4 0 4 4 4 5 5 5 3 3 7 4 5 3 3 3 6 6 4 4 3 4 3 3 5 7 4 6 4 4 4
M[378] : 6 5 5 3 5 6 5 6 3 3 4 6 2 5 6 3 3 3 4 4 5 5 4 2 5 5 4 7 3 6 4 4 3 6 3 3 4 4 6 3 2 7 5 6 4 1 4 4 3 3 3 1 6 5 5 0 2 4 5 2 3 3 5
M[379] : 3 4 4 1 2 3 0 5 5 4 5 4 6 4 5 2 3 4 6 6 3 3 5 6 3 2 4 4 3 5 3 4 2 4 5 2 3 5 5 2 4 4 3 2 3 2 4 6 4 1 3 3 7 8 6 7 0 5 5 6 4 6 5
M[380] : 2 0 3 4 6 7 4 4 5 4 5 5 5 6 5 4 6 5 5 4 3 4 7 4 4 6 6 4 4 7 3 5 1 2 4 1 3 4 4 4 5 4 4 4 1 5 6 6 2 3 3 4 5 3 3 1 2 4 3 3 2 4 4
M[381] : 4 5 4 3 3 5 3 4 4 4 4 3 4 7 5 4 4 5 5 3 4 5 5 3 1 6 6 2 5 4 4 6 4 3 4 5 3 6 5 3 5 2 2 3 4 0 3 4 6 4 4 4 3 0 2 5 4 3 4 6 5 4 3
M[382] : 6 2 4 2 4 3 3 5 4 2 5 3 4 4 4 6 4 4 3 4 3 4 5 4 3 3 5 1 4 2 2 2 7 6 4 3 4 4 5 4 4 4 2 5 5 3 1 3 6 4 0 3 5 4 5 4 4 5 6 1 2 3 3
M[383] : 5 5 6 4 4 3 2 3 3 2 7 7 3 7 3 4 3 4 2 3 3 5 6 2 5 4 3 4 4 3 6 4 6 2 4 4 3 4 6 2 3 4 1 3 3 6 6 5 0 6 6 4 5 5 4 5 4 2 2 3 5 4 6
M[384] : 3 3 4 4 5 4 3 3 3 4 6 2 3 4 6 4 4 6 2 6 5 5 2 2 5 4 5 1 4 4 5 2 4 2 3 2 4 3 5 5 4 1 3 6 4 4 6 5 5 4 4 0 3 5 5 4 6 2 6 3 6 5 2
M[385] : 4 5 4 5 0 3 5 4 5 5 5 6 5 4 4 6 4 3 1 5 3 5 4 5 6 3 6 3 7 4 4 3 0 5 5 5 4 1 6 6 3 4 5 6 3 5 2 4 4 7 4 6 5 3 3 2 2 7 2 4 6 3 4
M[386] : 4 3 3 4 3 3 0 4 0 3 3 4 3 5 3 5 2 4 4 3 5 4 4 3 5 3 4 4 3 3 4 3 4 6 5 3 3 4 4 3 5 2 3 6 2 3 5 3 3 4 3 5 7 3 4 6 3 3 7 4 4 2 4
M[387] : 4 6 5 5 4 4 2 4 5 5 1 5 2 6 4 3 4 6 3 5 4 3 5 4 3 3 5 4 4 4 2 1 6 2 3 3 4 6 5 5 3 4 2 0 3 6 2 6 5 3 5 7 5 5 4 5 2 5 4 4 4 4 4
M[388] : 4 0 4 5 6 5 2 3 3 4 5 3 1 5 3 4 5 5 4 2 2 5 4 2 5 1 4 4 6 3 2 5 5 5 4 4 2 3 1 4 5 5 3 7 3 2 6 6 3 4 3 4 2 2 5 5 2 2 5 4 5 5 3
M[389] : 7 4 5 2 3 6 3 2 6 5 4 2 3 4 7 3 3 4 4 3 4 4 5 5 0 5 4 4 4 3 3 3 2 6 5 4 5 5 2 5 3 6 1 4 3 4 4 5 4 5 4 4 4 4 1 5 3 2 3 3 2 5 2
M[390] : 3 5 5 5 4 7 2 2 4 3 5 5 5 1 4 6 3 1 4 3 5 4 4 3 5 2 5 3 3 4 4 3 0 5 4 4 3 6 5 4 4 4 6 5 6 4 4 7 4 4 5 4 4 3 3 5 5 5 3 3 4 5 3
M[391] : 3 5 0 3 5 5 6 5 6 6 4 4 5 3 4 3 1 4 4 1 5 4 4 4 5 5 4 3 5 2 3 3 2 5 6 2 3 4 4 3 4 4 4 4 4 2 1 3 3 5 2 1 5 4 5 2 1 4 5 4 4 5 2
M[392] : 3 3 3 4 5 4 6 5 2 4 3 5 3 8 6 4 5 6 3 4 5 2 5 3 6 5 5 4 3 4 3 5 5 3 2 4 5 4 4 3 3 3 3 3 3 5 4 4 3 0 3 6 3 2 4 5 5 5 3 3 2 4 4
M[393] : 5 3 6 1 4 4 5 4 3 8 6 2 5 2 5 2 4 4 5 3 5 5 3 5 2 6 0 4 3 5 3 3 3 1 6 3 3 6 2 6 4 5 5 3 3 2 3 5 5 5 2 3 4 5 6 6 3 5 3 2 5 5 6
M[394] : 3 3 5 0 5 5 4 5 2 5 6 3 4 5 6 4 4 5 3 4 3 6 5 5 2 1 3 6 4 4 4 3 5 3 1 5 5 5 2 5 3 4 4 2 2 5 4 4 3 3 3 3 4 1 4 4 5 6 2 4 4 5 5
M[395] : 3 3 5 6 5 3 4 4 3 5 2 5 5 3 4 4 2 3 4 4 4 4 3 4 4 6 4 4 2 5 5 1 4 7 3 4 4 3 4 3 4 2 3 3 3 5 2 3 4 4 3 0 3 5 4 2 4 5 5 4 6 5 2
M[396] : 4 6 6 4 4 5 2 1 3 3 4 4 5 4 5 4 3 6 5 3 7 5 5 2 2 3 6 7 4 5 4 4 5 6 3 4 5 6 7 0 6 5 4 4 2 3 4 2 4 6 3 3 4 8 3 4 3 3 3 4 3 6 3
M[397] : 3 4 0 4 3 1 5 5 3 4 3 3 6 5 3 4 5 5 5 3 4 4 0 3 4 7 2 4 5 5 2 6 5 3 6 5 4 6 2 5 3 3 3 6 5 3 5 2 6 4 4 4 4 4 4 4 2 3 4 4 3 6 5
M[398] : 1 3 0 6 4 5 4 3 3 5 5 4 4 4 4 3 4 2 2 7 4 4 5 3 3 3 6 3 5 4 4 3 5 6 4 3 3 3 5 3 5 5 4 3 3 3 2 5 5 6 3 3 2 5 4 3 3 5 6 7 5 4 3
M[399] : 5 3 4 5 7 3 6 5 4 3 4 2 5 5 4 4 4 5 6 4 4 6 6 4 2 5 3 6 3 0 6 5 5 5 1 4 6 5 5 5 4 3 2 5 1 6 2 4 4 2 6 4 5 5 3 5 2 6 2 3 3 3 5
M[400] : 4 5 2 4 3 5 3 2 5 2 4 5 5 5 6 5 2 6 2 5 5 6 2 4 3 4 2 3 3 5 4 5 1 5 4 2 5 5 6 5 4 1 4 3 6 7 0 5 4 6 4 6 5 5 4 3 4 4 5 5 2 3 3
M[401] : 3 4 4 2 2 3 1 5 4 6 5 2 2 7 3 4 4 5 5 4 6 5 4 3 3 3 6 3 5 5 5 2 5 6 5 6 3 1 6 5 6 4 5 0 6 5 2 5 1 4 6 2 5 4 3 5 2 5 3 4 3 4 5
M[402] : 2 2 5 3 5 4 5 4 4 4 2 5 5 6 3 3 6 5 5 5 4 3 4 3 7 5 4 5 5 3 2 3 2 4 4 2 3 5 3 3 3 6 2 5 2 3 2 4 5 4 3 2 5 3 5 0 4 4 5 5 7 3 6
M[403] : 3 4 5 6 3 4 5 5 3 5 3 3 3 4 4 3 6 4 5 5 4 6 2 2 3 4 4 3 6 3 3 7 4 4 6 3 2 5 5 4 4 3 4 6 4 7 3 4 5 2 0 4 6 1 3 2 4 3 3 4 4 6 2
M[404] : 5 5 4 5 3 2 6 3 4 3 4 5 2 3 6 4 4 5 4 4 1 5 4 4 6 4 6 4 4 4 6 3 2 4 2 5 4 4 6 5 4 3 6 4 4 2 2 4 3 6 3 4 5 0 3 4 5 3 4 2 3 3 3
M[405] : 1 3 5 5 2 5 3 5 1 5 4 5 6 4 5 5 3 2 6 4 1 3 5 5 4 5 5 5 3 3 3 4 3 3 3 3 2 6 4 6 5 4 4 5 3 5 4 7 3 4 1 4 5 5 5 4 5 4 0 6 3 5 3
M[406] : 2 6 6 4 3 0 6 4 5 4 5 2 3 3 5 2 2 3 5 2 6 4 5 0 6 3 4 3 3 6 2 6 3 5 5 4 5 5 6 2 2 5 6 6 2 2 7 6 4 5 6 5 4 4 3 5 5 4 3 3 3 4 3
M[407] : 1 2 2 3 4 4 1 5 2 7 4 5 2 3 5 2 5 6 7 5 7 3 3 6 6 5 4 4 4 6 5 3 4 3 6 5 4 2 4 0 5 4 0 3 4 6 3 4 4 5 3 5 6 4 4 3 3 3 3 3 6 5 4
M[408] : 2 3 0 4 5 4 3 5 3 4 3 2 5 6 4 2 3 4 6 3 5 3 1 2 6 3 4 1 4 3 6 6 2 4 5 5 4 5 3 3 4 3 3 4 2 4 2 6 3 3 5 7 6 3 5 3 5 3 1 3 2 6 4
M[409] : 7 6 5 4 2 4 6 5 5 5 4 7 4 4 4 5 6 3 2 0 3 6 4 4 4 6 3 5 5 4 5 6 4 4 3 5 5 2 7 5 2 5 5 5 4 6 6 5 3 3 6 7 4 7 4 3 5 2 3 5 4 4 3
M[410] : 4 4 4 4 4 7 3 2 3 5 3 3 2 4 2 5 3 2 2 5 7 5 3 5 3 3 5 1 4 4 4 5 5 4 5 3 4 3 4 3 3 5 8 6 3 4 6 5 5 6 4 5 4 4 3 4 6 0 6 6 4 8 2
M[411] : 3 5 3 8 4 2 3 5 3 5 3 3 4 2 5 4 2 3 5 4 3 6 4 5 4 3 5 4 7 4 7 8 5 3 4 6 6 5 4 8 0 3 5 3 2 3 3 4 3 3 4 3 4 4 4 4 5 0 2 3 2 3 6
M[412] : 3 5 5 3 3 4 4 3 6 5 4 3 5 2 5 4 5 4 7 2 3 7 3 4 3 5 6 1 4 5 4 4 3 8 3 3 4 4 4 6 3 2 1 4 2 1 2 5 5 4 1 2 3 3 0 6 3 4 2 4 6 3 3
M[413] : 7 5 5 3 2 5 4 2 1 3 8 0 3 3 5 5 3 5 2 5 8 3 4 5 4 4 5 4 4 4 0 5 4 3 3 5 3 6 6 5 5 6 1 2 3 4 6 6 4 3 2 4 4 5 4 3 5 5 8 0 4 6 5
M[414] : 5 6 4 4 2 5 2 1 5 6 6 7 3 6 4 3 3 4 7 4 5 5 2 1 3 5 5 3 2 4 6 5 4 4 2 4 3 2 4 2 4 4 5 5 3 5 0 4 5 3 3 5 2 4 5 3 3 4 6 4 4 5 1
M[415] : 3 5 4 5 1 4 3 4 4 3 2 4 6 5 5 6 4 3 3 5 5 5 5 7 3 4 2 3 3 4 2 2 5 2 4 6 0 4 4 3 4 3 3 5 4 2 3 5 2 2 2 7 3 7 4 5 4 4 5 0 5 3 5
M[416] : 5 3 3 5 4 6 4 6 3 5 3 5 1 5 5 4 5 3 7 6 2 3 5 4 3 5 4 5 5 4 2 3 6 4 4 4 4 7 6 5 4 5 7 4 4 3 2 5 4 3 4 2 5 2 4 6 4 4 5 5 4 0 5
M[417] : 3 5 2 4 2 3 4 5 2 5 3 5 6 2 6 5 4 6 3 3 5 3 4 3 6 3 5 4 4 5 4 2 6 4 3 0 5 5 3 6 2 5 6 4 3 2 5 3 2 5 4 4 5 5 2 5 6 4 2 3 4 5 6
M[418] : 5 6 3 5 6 4 4 3 5 2 0 3 5 5 4 2 3 4 5 4 5 4 4 4 5 7 3 3 4 3 3 5 3 4 5 4 5 4 4 4 3 3 5 4 2 5 4 2 4 4 2 4 6 3 4 5 4 2 6 5 4 3 2
M[419] : 6 4 2 5 4 8 6 6 5 4 4 4 3 4 3 2 5 3 4 3 6 6 3 6 4 4 4 6 6 4 4 4 6 5 2 4 4 2 7 5 6 4 0 2 2 6 3 8 4 1 3 6 5 2 5 4 6 3 4 4 3 3 4
M[420] : 3 4 4 6 0 5 6 5 2 2 5 4 4 7 4 3 4 3 7 5 4 4 5 5 5 4 3 5 4 5 4 5 4 5 4 4 2 4 4 5 5 2 3 5 1 5 5 6 5 6 3 3 5 6 3 4 2 2 2 3 4 6 5
M[421] : 7 5 4 4 3 3 0 3 5 4 3 4 5 2 6 3 3 5 5 3 6 3 6 4 3 3 4 3 3 5 4 5 3 7 7 3 4 3 4 3 3 2 4 2 1 4 4 4 4 5 5 4 4 4 6 3 3 6 4 6 3 6 4
M[422] : 4 3 6 5 5 4 4 5 2 3 4 5 3 4 4 5 7 5 2 6 2 6 5 5 7 4 5 4 0 6 3 1 2 5 4 3 4 4 5 4 4 4 7 2 5 5 4 5 5 3 4 6 5 5 1 3 4 4 2 4 4 2 4
M[423] : 2 2 7 5 4 5 3 4 6 3 4 4 5 6 2 4 4 2 3 3 4 6 4 4 3 0 5 3 5 3 3 7 2 3 2 3 4 1 5 3 3 6 4 4 4 4 2 4 5 5 6 5 4 4 3 5 5 3 6 4 5 3 5
M[424] : 4 2 4 3 5 6 5 6 3 4 6 3 4 3 5 3 3 4 4 5 1 3 6 6 7 3 5 5 3 5 6 5 5 4 3 3 2 5 3 3 2 6 3 6 1 5 3 4 5 4 3 4 3 0 5 5 5 4 7 3 2 3 5
M[425] : 4 5 3 4 3 6 5 4 6 3 3 3 2 5 5 2 5 4 5 3 0 2 5 4 3 4 5 2 1 5 4 3 3 5 5 3 4 4 4 6 3 4 5 1 3 3 5 2 4 3 4 5 4 2 6 5 5 3 3 5 4 4 5
M[426] : 3 5 6 4 5 4 5 2 4 3 5 3 5 4 2 2 4 4 2 4 3 6 3 7 2 5 5 6 5 5 3 3 6 5 3 6 4 6 3 2 2 5 3 4 6 3 3 3 6 2 4 5 3 0 4 6 4 3 2 3 5 6 5
M[427] : 2 6 6 5 3 5 3 5 5 6 7 3 2 4 0 4 4 4 5 5 5 3 4 4 8 2 5 2 3 2 1 3 5 3 4 4 3 3 6 4 5 5 7 4 6 4 5 5 3 5 5 6 4 4 4 5 5 5 5 4 2 3 3
M[428] : 6 6 4 3 6 7 5 4 3 3 4 3 4 2 2 6 3 5 4 3 3 6 6 6 1 4 7 2 3 5 4 5 5 4 4 4 7 2 5 2 6 0 6 6 6 4 8 3 6 2 3 4 3 5 1 3 6 6 5 7 6 6 5
M[429] : 5 3 3 5 6 5 4 5 4 3 3 6 1 5 3 6 5 3 5 4 3 3 6 4 3 4 4 5 5 3 4 5 5 4 5 5 6 4 0 5 4 5 7 6 3 4 5 5 3 4 4 5 4 6 4 5 5 4 1 4 4 4 3
M[430] : 2 4 5 4 1 1 6 7 5 1 4 0 3 3 5 5 4 4 2 4 5 3 1 5 4 4 0 4 5 4 2 4 3 2 4 7 4 1 6 7 2 4 4 3 5 3 4 5 3 5 6 3 5 6 2 4 3 3 3 5 4 3 6
M[431] : 3 3 4 4 5 2 2 3 3 6 6 4 6 3 3 3 5 5 4 5 5 6 5 1 3 2 2 4 1 4 4 5 6 3 5 4 2 4 5 5 3 4 3 4 1 0 5 5 1 5 2 6 4 4 2 2 4 7 4 4 4 6 4
M[432] : 4 4 3 4 3 3 7 3 4 2 4 5 2 4 7 2 5 4 4 3 4 6 6 4 3 6 0 6 6 3 4 3 7 2 5 4 5 7 3 5 6 6 3 4 5 4 3 2 1 4 3 3 3 4 4 4 6 6 3 3 4 7 7
M[433] : 3 4 5 3 6 5 4 4 3 4 5 3 4 5 3 3 5 3 5 4 5 3 5 3 0 4 6 5 5 3 6 7 3 1 5 4 5 6 3 1 2 4 5 1 4 4 4 5 5 3 3 4 6 3 4 7 5 2 4 3 3 3 3
M[434] : 2 3 3 4 5 2 6 5 3 4 5 3 2 7 6 3 5 5 6 6 6 6 2 4 7 6 4 0 3 2 4 2 6 5 5 5 2 5 3 7 3 4 5 4 4 4 3 8 4 3 2 3 3 5 3 6 5 6 8 5 4 4 4
M[435] : 5 2 5 6 4 3 4 3 2 7 5 5 4 4 4 3 6 5 4 5 4 7 5 3 4 5 4 5 4 3 4 4 4 3 3 4 5 5 6 7 3 6 4 3 4 4 4 6 4 3 3 4 4 4 2 4 2 0 4 5 5 2 5
M[436] : 5 3 5 3 4 5 6 5 4 5 5 1 5 4 5 5 4 7 5 5 4 6 4 4 4 0 4 1 4 5 4 4 3 5 4 4 1 6 6 5 5 5 4 3 3 4 5 4 3 7 2 4 5 3 4 4 1 4 4 2 4 5 6
M[437] : 3 2 6 3 4 3 0 5 1 3 6 4 2 4 6 3 3 5 5 3 6 6 5 3 5 4 4 5 6 4 4 3 4 2 5 4 7 4 4 6 5 2 3 3 5 4 4 3 3 6 1 4 6 5 4 5 4 6 6 6 4 3 4
M[438] : 4 6 1 3 5 3 5 2 3 3 4 3 3 3 4 4 2 2 6 0 2 3 1 2 5 6 4 5 7 6 5 6 1 7 3 5 5 6 3 3 3 4 6 4 3 6 3 4 5 5 3 6 4 3 3 2 3 2 4 6 6 6 6
M[439] : 7 3 3 5 3 5 2 5 3 5 4 6 4 3 4 4 6 5 0 5 5 5 4 4 7 5 6 5 4 3 3 4 4 5 4 4 5 4 4 6 4 4 2 5 0 6 4 4 7 4 4 4 4 6 6 4 4 6 3 7 8 5 5
M[440] : 6 5 4 3 4 7 5 4 3 5 4 3 3 5 4 3 3 3 5 6 6 4 4 3 4 5 4 5 3 5 5 5 5 4 6 6 4 0 4 6 5 5 4 3 5 5 5 3 5 5 6 6 3 2 6 2 3 4 4 3 3 4 6
M[441] : 6 3 2 5 6 6 6 4 3 8 5 4 7 5 5 3 5 3 2 2 5 3 4 4 4 5 4 3 3 5 5 5 5 6 2 4 2 5 7 4 3 3 5 5 3 4 5 5 0 3 3 6 3 5 5 3 7 3 6 4 6 2 1
M[442] : 3 3 5 3 4 5 5 4 2 5 1 5 4 3 2 6 4 5 3 5 4 2 7 4 7 4 1 3 4 3 3 6 6 4 6 7 1 4 1 3 4 1 4 5 6 4 2 3 3 7 3 0 3 4 4 3 3 4 5 5 6 3 6
M[443] : 3 2 4 3 3 2 4 4 4 4 2 5 5 4 3 5 2 4 4 4 4 2 2 5 4 1 3 2 5 1 3 5 3 6 6 6 2 2 6 5 3 7 4 3 3 1 6 5 3 5 5 2 6 5 2 3 0 4 4 6 3 5 6
M[444] : 5 2 5 4 5 2 5 3 6 0 5 3 4 5 5 7 5 5 2 3 3 4 3 5 5 4 4 3 3 5 5 2 4 4 3 2 4 3 6 5 2 3 3 5 5 7 4 5 5 5 1 4 5 4 7 4 5 4 5 3 5 4 6
M[445] : 4 4 6 4 4 5 5 5 3 5 4 4 5 3 6 5 5 4 3 5 5 3 4 3 5 4 5 6 5 4 4 5 5 4 0 3 3 4 3 4 2 3 3 4 3 6 3 3 3 5 2 3 1 4 5 3 5 4 4 4 6 3 6
M[446] : 5 3 3 5 6 5 3 5 2 5 2 5 6 5 4 3 3 3 4 5 5 4 5 4 3 4 4 3 6 4 2 6 0 1 5 3 4 5 4 5 2 3 5 5 2 4 3 3 6 5 5 4 3 6 6 2 3 6 5 2 3 7 1
M[447] : 6 5 5 4 3 0 4 2 4 4 5 7 4 4 2 3 4 3 5 5 7 4 5 5 5 3 4 3 5 4 6 4 6 4 3 3 4 3 2 4 4 4 3 6 5 3 4 4 3 3 1 5 4 6 4 1 5 8 7 6 2 4 5
M[448] : 3 2 4 5 4 4 3 5 1 3 5 3 5 3 4 3 3 0 5 6 3 7 5 4 5 4 3 6 5 2 5 5 4 6 3 6 3 6 4 6 1 3 2 4 6 4 4 5 4 4 4 4 5 6 4 5 2 2 6 2 3 5 4
M[449] : 4 4 3 2 6 3 6 4 4 2 2 3 5 3 4 5 5 3 3 4 4 5 3 7 5 5 4 5 0 5 4 4 4 4 5 4 3 3 4 7 2 3 5 4 6 4 3 3 4 4 3 4 4 6 5 3 6 4 4 2 3 4 4
M[450] : 5 3 5 3 3 4 3 1 3 4 1 1 4 4 6 3 1 6 5 6 1 6 2 2 5 6 3 3 6 3 6 7 5 2 3 5 1 5 5 4 5 5 5 3 3 2 5 3 6 3 4 1 0 5 4 4 7 4 6 2 5 5 5
M[451] : 3 4 4 5 4 2 3 5 4 3 5 5 3 2 2 3 3 3 4 5 3 0 5 6 4 6 2 3 6 5 4 4 3 0 1 4 4 4 4 4 5 4 4 3 4 7 7 7 6 1 5 5 4 3 5 4 2 6 5 3 2 3 5
M[452] : 4 4 4 3 4 4 5 7 6 6 3 0 4 4 3 4 5 4 4 2 6 2 4 5 4 3 5 5 4 3 2 1 4 3 5 6 5 5 5 6 2 5 2 0 3 2 3 3 3 1 6 2 2 2 4 5 2 3 6 3 1 6 6
M[453] : 7 1 4 2 2 6 6 3 4 4 4 5 4 3 5 6 2 5 5 2 5 5 4 4 6 5 3 5 5 7 2 4 4 3 1 2 3 6 6 4 5 3 2 3 4 5 5 0 5 5 4 4 6 7 4 5 2 5 4 7 5 3 3
M[454] : 1 5 6 3 3 7 1 4 4 4 4 3 3 0 3 4 4 7 4 7 6 4 4 6 3 6 5 6 6 4 5 3 3 4 3 5 6 3 4 4 1 6 5 5 4 4 6 4 5 3 5 6 6 4 5 4 5 2 6 4 3 4 3
M[455] : 0 4 4 4 3 5 3 5 5 4 4 5 3 5 6 3 5 3 5 5 3 3 1 4 4 1 2 4 5 3 5 4 3 4 5 3 3 4 3 5 3 3 7 4 4 4 6 5 5 2 5 7 4 4 5 5 3 3 5 3 5 6 5
M[456] : 4 4 4 4 0 4 5 6 5 5 4 5 3 7 4 5 4 3 4 1 3 3 5 3 5 4 2 4 4 2 4 4 5 4 2 3 3 5 6 4 5 5 5 6 2 3 3 4 4 7 3 4 3 1 4 5 2 2 3 4 4 5 5
M[457] : 4 1 5 5 4 5 5 3 3 6 5 6 4 2 2 3 4 5 4 1 5 4 3 0 7 4 5 5 5 3 5 3 4 6 3 4 4 5 5 1 5 5 4 5 2 5 3 3 2 5 4 5 5 7 6 3 4 2 4 5 4 1 4
M[458] : 3 7 5 1 4 4 4 5 3 3 3 6 6 4 5 5 6 2 6 7 4 2 3 5 4 7 4 3 5 6 4 6 4 4 2 3 5 3 5 7 0 3 6 3 2 5 5 3 4 2 4 4 4 3 1 4 5 4 4 6 4 2 4
M[459] : 5 5 3 3 3 2 4 3 1 4 3 4 3 3 3 2 4 4 4 5 3 3 6 2 4 4 5 6 4 5 5 6 3 4 4 0 5 2 3 4 4 5 4 4 3 5 4 6 3 4 5 3 5 5 3 4 4 3 1 2 3 2 4
M[460] : 7 2 4 4 4 3 3 5 5 5 4 2 3 2 3 4 3 5 4 6 1 4 5 3 3 4 6 2 2 5 6 3 2 5 5 2 3 2 4 7 5 4 5 2 2 5 6 5 4 1 4 5 3 3 3 6 3 3 0 3 0 4 3
M[461] : 6 5 2 2 5 6 4 4 1 6 0 5 3 4 2 7 4 7 6 5 2 4 5 2 6 4 5 1 4 4 4 4 1 5 4 5 2 5 3 4 4 7 3 5 5 4 5 4 6 5 3 4 5 3 3 2 5 4 4 3 4 5 4
M[462] : 4 4 2 3 5 4 5 4 3 5 4 3 5 6 4 4 7 3 4 3 3 3 1 4 3 4 4 4 5 0 3 2 6 3 4 3 3 3 6 5 5 4 6 3 4 5 6 3 3 0 3 1 7 5 4 5 6 7 4 4 4 4 4
M[463] : 3 1 2 4 4 2 2 3 3 6 5 3 4 6 4 2 3 1 7 5 3 4 3 2 3 5 5 4 3 5 3 6 3 3 3 6 5 5 3 4 5 5 6 5 2 5 3 3 4 4 5 6 5 4 2 6 3 4 3 2 6 5 0
M[464] : 5 3 4 5 6 6 2 5 5 1 7 4 3 5 2 4 4 4 6 4 4 4 6 3 3 5 2 3 4 5 5 4 5 0 3 2 6 5 4 4 6 4 4 3 2 3 3 3 3 2 4 6 2 5 5 5 6 3 3 3 4 2 4
M[465] : 3 5 7 4 3 5 0 4 3 3 5 6 4 3 2 2 2 3 5 7 2 6 2 5 3 7 5 3 1 5 5 6 3 3 4 0 2 6 6 4 5 4 4 5 5 5 2 4 6 6 4 4 5 4 7 5 4 6 5 4 3 2 7
M[466] : 4 4 4 6 7 5 3 5 3 4 5 6 5 5 5 5 2 0 5 3 4 3 5 4 4 6 3 3 3 6 6 6 4 5 5 5 1 1 2 3 5 5 3 7 3 7 2 3 5 4 1 5 4 5 4 3 4 5 5 5 6 4 4
M[467] : 3 5 3 7 5 4 3 7 5 4 3 2 5 6 2 3 4 8 5 4 3 2 3 6 4 5 5 0 4 7 6 5 4 4 3 6 5 4 3 6 4 4 4 4 2 6 5 6 4 4 2 4 2 5 4 3 6 3 3 5 4 3 4
M[468] : 6 3 5 5 3 4 7 3 3 2 7 3 4 5 3 6 6 4 3 0 4 5 3 5 6 4 3 3 4 6 3 6 2 3 6 3 6 5 3 6 7 5 5 6 6 2 2 3 1 5 4 4 5 5 2 6 4 5 3 2 6 4 2
M[469] : 6 5 2 6 6 4 3 6 5 4 5 3 4 3 4 3 3 2 4 4 4 4 2 3 5 5 6 3 2 6 4 4 3 2 4 3 4 0 4 2 3 4 5 5 5 6 4 5 4 4 4 4 1 2 3 6 5 6 5 6 4 3 7
M[470] : 4 6 4 6 5 6 3 5 6 5 4 4 5 2 3 2 6 4 6 3 3 4 5 4 4 4 5 4 4 4 5 7 5 3 2 6 6 5 3 3 3 4 5 0 3 5 4 5 2 6 6 3 6 3 5 3 5 3 3 4 6 6 4
M[471] : 4 2 6 6 4 4 4 3 5 4 4 5 3 4 5 5 4 5 2 3 4 4 3 7 3 3 5 5 5 3 5 7 5 3 4 3 4 0 6 5 3 5 4 3 5 4 6 5 5 4 6 2 3 6 4 4 3 4 2 4 4 6 4
M[472] : 5 4 2 5 3 2 4 4 3 6 5 3 4 3 4 3 3 5 3 5 3 4 1 4 4 3 3 6 4 4 5 2 4 4 5 4 0 2 5 4 6 4 6 6 2 3 4 4 4 6 4 4 4 4 7 4 2 4 4 4 5 6 4
M[473] : 5 3 4 2 3 5 7 6 4 3 4 2 3 0 3 6 7 5 4 4 3 5 5 4 5 5 1 6 5 6 4 6 1 3 4 3 4 6 5 6 3 5 4 5 6 3 4 4 5 4 3 4 4 3 4 4 3 3 4 6 2 3 6
M[474] : 6 3 3 7 2 2 2 8 4 6 4 4 5 1 6 4 4 6 3 4 8 2 4 2 5 4 4 5 2 4 7 7 3 2 4 4 4 2 3 3 5 6 2 5 6 4 5 4 5 4 4 3 3 3 5 2 3 5 7 0 3 5 5
M[475] : 3 2 5 2 4 5 6 6 3 6 0 6 2 6 6 2 4 6 6 6 3 4 3 4 6 4 3 5 5 6 4 5 4 6 3 5 5 4 4 3 2 3 5 5 4 5 4 5 4 3 3 4 3 5 4 5 3 4 5 5 2 5 5
M[476] : 6 6 3 5 2 3 5 0 3 3 7 4 4 3 4 5 1 2 5 5 6 0 2 5 3 4 5 5 5 2 3 3 7 1 3 5 3 4 2 7 5 5 2 5 3 2 3 3 3 6 4 4 5 4 6 5 5 4 3 3 4 5 4
M[477] : 3 3 4 5 5 0 2 5 3 3 5 6 3 2 5 6 4 4 5 2 5 3 2 4 3 5 3 2 3 7 4 5 5 5 5 3 6 3 4 6 5 4 5 2 3 2 4 5 5 3 3 3 4 3 4 6 2 3 5 4 4 3 6
M[478] : 7 1 5 3 4 5 5 3 2 2 4 5 3 6 6 3 3 5 2 0 3 4 6 5 3 3 4 4 4 4 4 6 7 5 4 5 6 3 4 5 5 6 5 4 3 3 5 4 3 3 1 3 3 1 3 4 4 3 3 5 5 6 6
M[479] : 3 2 3 3 5 5 6 3 5 3 3 5 3 4 4 5 5 3 4 5 2 4 3 7 5 4 4 6 1 4 4 7 5 5 5 4 2 5 3 5 4 4 4 4 5 4 3 3 4 6 4 5 8 4 4 5 7 5 5 0 5 4 6
M[480] : 2 5 1 5 6 2 5 6 5 4 4 3 3 3 3 4 2 4 3 4 5 3 4 6 4 4 7 6 4 5 3 5 4 4 6 4 4 5 4 5 6 4 5 6 5 2 4 5 2 5 0 5 6 6 4 5 4 5 3 6 2 4 5
M[481] : 5 2 3 4 5 2 4 4 3 5 3 5 3 4 4 5 4 5 5 4 3 1 2 0 4 4 4 3 2 3 5 2 3 4 0 4 5 7 4 4 3 2 6 3 3 2 2 5 2 3 6 5 6 4 5 2 2 6 5 4 4 2 5
M[482] : 4 5 4 3 5 0 4 3 3 3 4 5 4 5 2 3 4 5 5 5 2 2 3 4 5 5 3 3 6 2 4 3 5 6 4 3 7 3 6 6 5 6 5 4 6 3 5 6 5 3 2 1 4 6 2 4 7 7 4 6 3 5 3
M[483] : 3 3 4 7 5 4 2 6 4 5 0 1 2 4 4 4 4 4 4 6 1 5 2 6 4 3 3 6 2 5 5 2 5 3 1 4 2 4 4 2 3 5 3 5 4 5 4 1 7 3 5 5 6 5 3 2 5 4 3 4 3 3 3
M[484] : 3 3 2 7 5 2 4 3 3 4 5 4 3 3 5 0 4 3 3 4 5 3 5 4 5 4 3 6 4 3 3 3 3 4 5 1 5 5 5 5 3 4 3 3 4 4 4 4 5 6 3 5 5 5 5 1 4 3 2 2 4 3 4
M[485] : 3 5 3 5 2 2 5 6 5 3 3 6 2 5 5 2 0 2 4 5 2 4 6 5 4 3 5 3 5 4 6 4 6 6 4 3 7 5 4 4 3 3 4 5 5 4 4 5 2 4 4 4 4 2 4 2 4 7 4 4 6 4 2
M[486] : 3 5 6 8 6 3 4 2 3 5 6 3 3 7 4 2 2 4 4 7 4 6 5 1 5 4 3 4 0 4 2 6 5 2 5 4 3 3 5 3 5 5 5 5 5 2 6 7 4 5 5 3 3 3 4 2 5 5 4 1 4 4 2
M[487] : 6 3 4 6 5 5 1 2 4 3 4 3 2 4 5 8 3 0 5 4 7 3 3 4 3 4 6 6 1 5 3 2 4 2 6 4 3 4 4 6 3 5 2 4 3 3 4 6 7 6 2 5 6 3 7 4 5 3 2 5 5 4 3
M[488] : 3 5 4 4 4 3 5 6 2 6 3 4 3 4 2 4 5 6 2 4 5 5 4 2 2 5 5 7 6 3 4 5 5 3 5 6 6 5 4 5 4 6 5 3 2 5 5 6 2 3 3 2 5 2 6 4 6 4 5 3 0 1 5
M[489] : 6 3 7 6 3 5 6 6 6 2 4 3 2 3 5 2 3 4 3 4 3 1 3 1 4 5 3 4 6 4 4 4 5 6 0 4 2 3 4 3 5 5 1 2 3 6 3 4 5 2 3 3 4 4 5 3 2 3 4 3 4 6 5
M[490] : 5 2 3 4 4 6 5 4 5 4 2 5 4 3 4 5 5 5 3 5 5 5 3 3 0 4 5 2 4 4 5 2 4 3 6 4 1 3 6 2 4 3 2 4 3 3 3 4 6 3 3 6 6 2 0 3 4 2 4 5 4 4 5
M[491] : 6 4 4 6 6 4 6 4 5 2 4 5 3 3 3 3 4 5 4 5 3 3 2 3 4 4 3 3 6 4 2 4 5 3 6 5 2 5 3 3 5 4 6 5 3 6 5 0 4 4 4 3 5 2 4 3 5 6 6 5 3 4 5
M[492] : 3 4 4 2 3 5 5 7 4 5 5 3 5 2 6 6 3 4 4 4 5 0 5 4 4 6 7 6 3 3 1 5 2 5 6 3 3 4 4 6 6 3 4 5 3 5 4 4 4 1 3 3 5 3 4 5 3 3 4 4 7 2 5
M[493] : 5 4 6 3 3 0 3 2 0 3 3 3 4 6 5 2 3 4 4 5 5 3 4 6 7 5 5 1 4 3 5 4 3 3 5 6 0 3 1 2 4 3 5 3 4 5 5 4 5 5 3 6 2 6 2 4 3 2 3 2 2 5 4
M[494] : 3 4 4 5 5 6 4 4 2 5 5 7 5 3 5 6 6 6 6 2 5 5 4 4 4 7 2 5 6 6 4 5 2 3 3 2 3 3 2 7 5 4 2 5 4 5 2 5 5 4 3 5 0 3 6 6 4 3 3 4 2 4 2
M[495] : 4 5 5 1 5 7 2 1 2 5 7 7 5 5 6 2 4 5 3 4 6 3 6 3 0 6 3 5 3 5 3 4 5 5 2 6 4 0 3 3 5 5 4 4 4 4 4 5 4 3 4 5 2 3 6 4 4 5 6 5 4 5 4
M[496] : 3 5 5 3 2 4 2 5 2 1 3 4 3 3 3 3 4 1 3 3 4 4 2 2 5 4 3 5 6 6 2 2 3 5 7 4 4 4 2 5 4 2 3 3 3 4 7 4 4 5 0 3 4 5 5 3 3 6 5 4 6 2 3
M[497] : 4 6 3 3 6 6 3 6 3 6 6 4 0 5 3 3 6 4 3 4 2 6 3 2 4 3 4 1 3 7 4 5 7 3 4 5 2 3 4 2 5 2 5 3 5 5 3 3 4 0 4 4 4 5 3 2 6 5 4 5 1 3 5
M[498] : 4 6 4 6 3 5 4 5 3 1 3 3 4 3 4 3 3 2 5 5 5 5 5 4 2 2 5 6 1 4 4 2 7 6 2 4 0 2 6 4 7 5 4 4 4 2 3 4 4 1 2 4 3 3 5 2 6 1 4 2 5 2 5
M[499] : 4 7 4 3 4 3 7 5 5 5 2 2 2 5 2 2 4 5 4 5 5 3 5 3 3 4 5 4 2 6 3 2 5 4 1 5 5 5 5 0 3 3 6 6 2 1 5 5 2 4 4 4 5 1 4 2 3 4 3 3 5 7 5

