 Execution de l'algoritme BITS sur le fichier le450_25c.col.txt
=====================================================================
 Partitions  : 
Vk[0] : 185 439 100 210 294 164 133 30 34 205 2 74 267 389 99 253 406 -->  17 éléments.
Vk[1] : 424 365 143 397 199 400 134 69 6 181 407 336 43 251 196 139 141 -->  17 éléments.
Vk[2] : 103 97 48 295 282 411 73 90 22 448 241 386 342 312 308 449 408 352 -->  18 éléments.
Vk[3] : 378 300 256 175 420 49 187 61 315 383 75 124 50 238 275 310 324 366 -->  18 éléments.
Vk[4] : 218 431 391 350 265 393 445 190 433 33 225 247 304 437 414 301 108 -->  17 éléments.
Vk[5] : 387 263 78 157 262 442 63 47 213 403 215 441 252 132 14 349 76 -->  17 éléments.
Vk[6] : 9 135 35 423 234 40 68 303 402 3 415 373 311 221 128 440 25 -->  17 éléments.
Vk[7] : 159 194 156 142 429 158 209 316 192 66 114 422 212 242 191 444 319 145 -->  18 éléments.
Vk[8] : 29 219 166 8 259 121 193 169 21 91 292 138 340 284 264 223 41 -->  17 éléments.
Vk[9] : 272 347 89 374 12 334 144 371 37 399 281 376 314 430 79 176 195 -->  17 éléments.
Vk[10] : 19 357 419 231 283 394 32 116 288 306 57 346 356 250 83 354 28 -->  17 éléments.
Vk[11] : 88 401 77 384 409 80 318 173 201 113 198 105 227 137 44 117 244 -->  17 éléments.
Vk[12] : 46 390 339 118 95 38 270 160 245 291 343 416 341 13 279 322 258 -->  17 éléments.
Vk[13] : 249 203 296 271 286 278 333 64 115 119 177 228 152 379 140 335 10 -->  17 éléments.
Vk[14] : 360 404 39 55 435 317 127 70 277 328 364 381 363 232 382 214 11 396 -->  18 éléments.
Vk[15] : 206 26 427 243 98 240 130 380 15 112 202 87 120 27 131 235 31 351 -->  18 éléments.
Vk[16] : 81 101 293 254 337 344 94 161 170 16 163 179 325 268 309 85 42 -->  17 éléments.
Vk[17] : 67 155 266 248 377 353 148 395 313 58 280 388 186 162 53 60 151 418 -->  18 éléments.
Vk[18] : 125 208 261 165 20 102 297 122 321 224 200 136 236 0 307 107 368 -->  17 éléments.
Vk[19] : 216 184 436 24 109 274 217 146 327 434 432 92 84 370 149 178 246 -->  17 éléments.
Vk[20] : 326 168 104 222 233 392 56 367 106 385 147 36 413 323 438 7 273 -->  17 éléments.
Vk[21] : 45 207 410 230 355 126 255 23 447 425 320 305 405 345 276 5 229 -->  17 éléments.
Vk[22] : 183 220 167 93 172 369 446 153 260 289 421 129 359 239 154 4 362 -->  17 éléments.
Vk[23] : 237 62 174 59 426 65 123 211 329 398 180 110 82 51 332 375 17 71 -->  18 éléments.
Vk[24] : 302 358 285 361 182 52 299 443 96 298 372 287 338 226 86 18 269 -->  17 éléments.
Vk[25] : 54 189 330 348 204 111 188 331 197 1 290 171 417 150 257 412 72 428 -->  18 éléments.
Matrice M
M[0] : 3 1 2 2 4 1 3 2 1 2 3 3 3 2 3 2 2 3 0 4 1 1 2 3 2 2
M[1] : 4 2 3 4 6 3 3 3 3 3 4 4 2 5 2 4 4 3 3 3 3 4 3 3 5 0
M[2] : 0 4 2 4 2 3 3 2 3 3 4 2 2 4 4 4 3 4 4 3 3 3 4 4 4 4
M[3] : 5 5 3 2 4 3 0 4 2 4 4 5 3 2 4 5 4 4 5 3 4 5 4 3 5 5
M[4] : 2 1 3 2 2 1 3 3 2 3 2 2 2 2 2 2 3 2 2 2 2 1 0 2 3 1
M[5] : 1 4 1 2 1 1 3 4 1 0 2 2 2 2 4 4 2 3 1 1 0 0 4 2 3 2
M[6] : 2 0 2 2 3 2 3 1 2 3 1 2 3 1 2 1 2 2 3 2 1 2 1 1 2 1
M[7] : 2 2 3 2 2 2 3 3 5 3 2 3 3 2 1 2 2 3 2 4 0 3 3 4 2 3
M[8] : 3 2 3 3 2 3 4 4 0 4 4 2 3 3 4 4 4 2 2 4 5 1 4 4 3 3
M[9] : 4 4 3 2 4 7 0 3 3 4 5 3 5 4 2 2 2 5 4 5 3 4 4 3 5 4
M[10] : 2 3 2 4 2 1 3 3 3 4 4 2 2 0 0 3 3 3 2 1 1 3 3 2 2 4
M[11] : 1 1 0 1 0 0 2 1 1 1 0 0 1 0 0 3 2 0 2 1 0 1 0 0 1 0
M[12] : 5 5 4 3 4 2 5 3 4 0 4 5 4 2 4 5 3 4 2 2 4 1 5 3 3 1
M[13] : 1 1 1 0 1 0 1 1 1 1 0 1 0 0 1 1 2 1 2 1 0 0 3 0 0 2
M[14] : 3 3 2 2 0 0 2 2 2 3 3 3 3 0 3 2 1 4 1 2 3 1 4 4 0 2
M[15] : 4 3 4 4 2 5 2 2 3 3 5 2 2 3 3 0 3 3 2 2 2 2 2 3 2 2
M[16] : 3 4 3 5 3 4 3 3 4 4 4 3 4 5 6 2 0 5 4 4 3 5 5 4 2 4
M[17] : 1 1 1 1 2 0 1 0 1 1 1 0 0 0 0 2 1 2 1 1 1 1 0 0 0 1
M[18] : 3 2 3 3 3 2 2 3 3 3 5 4 3 4 3 3 2 4 3 3 3 3 3 5 0 3
M[19] : 5 4 6 5 4 3 5 4 5 4 0 6 5 5 5 5 4 6 3 4 4 6 5 6 6 5
M[20] : 1 2 2 1 1 1 2 1 2 1 1 1 1 2 2 3 3 1 0 2 2 1 1 2 1 1
M[21] : 5 5 4 3 5 5 6 5 0 0 6 4 4 3 5 5 4 6 4 2 3 5 4 3 6 5
M[22] : 6 4 0 6 5 4 4 4 5 4 4 5 5 6 3 5 6 5 6 5 3 5 3 5 5 5
M[23] : 3 3 3 3 3 4 2 2 2 2 2 3 2 2 3 2 2 2 3 1 3 0 3 2 1 4
M[24] : 2 2 2 1 2 2 2 3 3 2 2 2 3 1 2 3 3 3 3 0 2 1 2 2 4 2
M[25] : 2 2 2 1 1 3 0 3 3 2 3 2 2 3 2 2 4 2 1 5 3 1 2 3 2 1
M[26] : 5 3 4 3 4 3 6 5 4 4 3 4 5 5 4 0 5 6 5 2 5 4 5 4 5 4
M[27] : 2 2 2 4 3 2 2 3 3 1 2 2 3 1 4 0 3 3 2 1 3 2 2 1 2 2
M[28] : 2 1 2 1 2 1 0 2 1 1 0 2 2 2 1 1 1 0 1 2 1 1 2 1 2 2
M[29] : 4 5 4 5 4 4 4 4 0 5 6 2 6 5 4 9 6 5 6 4 4 3 5 3 4 3
M[30] : 0 6 4 5 2 4 4 4 4 3 5 4 4 5 6 3 5 5 3 4 4 2 5 5 2 4
M[31] : 3 2 2 3 5 3 4 1 4 1 3 4 3 2 3 0 3 2 2 1 4 4 2 3 3 2
M[32] : 4 4 4 4 4 3 4 4 4 2 0 4 6 5 4 5 4 5 5 5 5 2 5 2 2 4
M[33] : 1 3 1 2 0 4 3 3 2 3 2 3 1 1 1 1 3 1 1 1 3 2 2 3 2 2
M[34] : 0 3 3 3 3 2 4 3 4 3 2 4 4 2 3 2 1 3 4 3 2 2 4 2 5 2
M[35] : 3 2 3 2 2 4 0 3 4 2 3 2 3 2 2 3 2 2 2 2 3 2 3 3 2 3
M[36] : 3 3 3 1 3 4 6 5 3 5 5 3 3 2 4 4 4 3 4 6 0 4 4 4 3 1
M[37] : 5 3 4 2 2 4 4 4 4 0 5 3 3 4 3 2 2 4 2 4 4 3 3 3 1 2
M[38] : 5 5 2 3 3 5 6 3 3 6 4 4 0 2 4 5 4 2 5 3 3 3 6 3 4 5
M[39] : 6 6 4 5 5 4 6 5 6 5 5 4 6 4 0 5 5 5 5 7 6 7 5 7 7 5
M[40] : 5 3 3 5 4 3 0 3 3 4 5 3 3 2 2 3 4 3 4 1 2 4 3 4 2 3
M[41] : 4 3 2 5 3 4 4 1 0 4 2 3 3 3 3 3 2 4 2 3 4 2 1 2 2 2
M[42] : 3 4 5 3 5 2 2 3 2 4 3 3 3 4 4 5 0 2 2 2 3 3 3 4 3 4
M[43] : 2 0 0 1 2 1 1 2 3 1 0 0 2 0 2 2 1 1 1 2 1 2 2 2 1 2
M[44] : 3 2 1 4 4 3 5 5 4 3 4 0 3 5 2 4 4 4 3 6 5 4 2 6 2 5
M[45] : 5 4 5 5 6 6 4 3 6 4 6 4 4 3 4 5 4 3 4 4 4 0 4 4 4 4
M[46] : 3 4 5 4 5 5 4 7 4 4 5 4 0 4 7 5 5 6 5 3 3 4 8 4 4 3
M[47] : 4 3 3 3 5 0 5 4 2 2 5 4 2 2 2 3 6 3 4 3 5 3 3 4 5 4
M[48] : 4 2 0 4 1 4 2 2 3 2 4 3 3 1 4 3 1 2 1 2 2 1 3 2 1 4
M[49] : 4 3 1 0 6 2 2 3 3 2 3 0 4 2 4 4 3 4 6 2 3 3 2 4 2 6
M[50] : 3 3 3 0 2 4 4 4 6 2 7 3 1 4 5 5 2 5 2 4 4 3 3 3 4 4
M[51] : 3 2 4 3 2 4 5 4 3 2 4 3 3 2 2 2 3 2 3 3 6 1 3 0 1 2
M[52] : 2 3 1 3 3 3 3 2 2 1 2 2 2 1 2 2 3 2 3 3 1 4 1 1 0 4
M[53] : 1 3 0 1 1 1 2 1 3 3 3 2 1 3 1 1 2 0 0 1 2 2 1 3 0 4
M[54] : 5 5 3 4 4 4 3 3 2 5 4 4 5 6 5 5 3 4 4 4 5 5 3 3 5 0
M[55] : 5 4 4 4 3 4 5 4 5 4 5 4 3 3 0 4 2 4 4 3 4 3 4 3 3 2
M[56] : 1 3 3 3 3 3 4 3 2 2 3 5 3 2 3 2 4 3 2 2 0 1 4 2 3 4
M[57] : 3 1 2 3 4 4 4 2 2 3 0 3 2 2 3 3 3 4 2 4 4 3 3 3 2 2
M[58] : 3 3 3 3 3 2 5 4 3 3 3 4 3 2 3 5 3 0 4 4 3 4 4 4 3 2
M[59] : 3 4 3 4 3 3 3 3 4 4 3 4 4 3 4 3 3 3 3 4 5 3 4 0 2 2
M[60] : 6 5 1 4 4 3 3 3 5 4 3 4 1 3 2 5 2 0 1 4 3 4 4 5 5 5
M[61] : 3 2 3 0 3 4 3 4 2 2 3 3 2 3 3 5 3 3 3 2 3 4 4 3 3 2
M[62] : 4 6 3 3 3 4 5 3 2 3 5 3 4 4 3 3 5 4 3 5 5 4 5 0 3 4
M[63] : 4 2 3 3 5 0 5 4 3 4 5 5 6 4 3 4 4 5 4 6 4 4 4 5 4 3
M[64] : 2 2 3 2 4 1 3 3 2 1 4 3 1 0 2 1 2 4 2 4 3 5 1 3 2 3
M[65] : 3 4 5 2 3 5 3 4 4 2 3 3 3 3 4 4 4 4 3 2 4 2 2 0 3 2
M[66] : 3 6 3 6 3 2 2 0 4 3 3 4 3 2 5 4 4 4 3 4 3 3 3 3 3 2
M[67] : 6 4 3 4 3 4 4 6 4 3 4 2 6 4 5 5 3 0 5 5 5 3 4 3 5 5
M[68] : 5 6 5 4 4 6 0 6 5 4 6 5 5 6 5 3 5 6 3 8 6 5 5 6 5 5
M[69] : 3 0 2 2 2 3 4 3 3 3 2 2 1 3 3 4 3 5 2 3 2 3 3 3 3 2
M[70] : 4 4 3 3 3 5 5 2 3 3 5 2 3 4 0 4 4 4 4 2 3 3 5 3 3 2
M[71] : 1 2 1 3 1 1 2 3 2 4 2 2 1 2 1 3 2 4 2 1 2 2 3 0 1 3
M[72] : 0 1 0 0 0 0 0 0 0 1 1 0 1 0 0 0 0 1 0 0 2 0 0 0 0 0
M[73] : 1 3 0 3 3 3 3 3 3 3 3 4 3 4 2 2 2 1 2 3 2 2 5 2 3 2
M[74] : 0 2 2 3 4 2 3 2 2 4 3 4 2 4 3 4 4 2 3 3 3 3 1 2 4 3
M[75] : 2 2 2 0 4 2 2 2 3 2 3 3 2 1 2 2 4 2 3 3 2 2 1 2 1 1
M[76] : 0 0 0 0 0 0 2 1 1 0 0 0 0 0 2 0 0 0 0 0 2 0 0 0 0 0
M[77] : 3 3 5 2 4 4 4 4 4 3 3 0 3 4 2 2 4 3 1 1 5 4 4 1 3 3
M[78] : 4 2 6 4 3 0 6 5 4 4 4 5 3 4 4 5 6 4 4 6 5 4 4 4 5 7
M[79] : 2 2 1 1 2 3 2 2 2 0 1 1 4 2 2 2 3 1 3 2 1 2 2 2 2 2
M[80] : 1 2 1 2 2 2 3 3 1 2 3 0 2 0 2 1 3 2 1 2 2 1 2 1 1 2
M[81] : 3 4 5 5 5 5 4 4 3 3 4 4 4 3 3 4 0 4 3 3 4 3 3 3 3 2
M[82] : 3 5 1 4 3 2 3 2 3 2 3 4 1 3 3 2 3 4 2 4 4 3 2 0 4 4
M[83] : 3 4 4 3 4 5 4 5 2 3 0 3 2 4 2 3 4 4 4 3 6 3 4 4 3 6
M[84] : 1 1 1 2 0 0 2 1 2 0 1 1 1 1 1 1 1 2 1 0 1 1 2 0 0 1
M[85] : 1 3 0 2 1 1 1 4 4 4 4 1 0 2 1 2 0 3 1 3 1 2 2 3 1 3
M[86] : 3 5 3 2 4 4 4 4 3 3 4 5 4 5 5 3 5 4 4 5 4 3 5 5 0 5
M[87] : 2 3 2 4 3 3 3 4 3 4 4 3 3 2 3 0 5 5 4 2 3 2 3 3 4 6
M[88] : 5 5 4 4 5 4 5 5 5 3 5 0 4 4 5 5 6 3 4 6 6 5 5 4 6 3
M[89] : 4 5 4 6 4 5 5 4 6 0 6 4 6 7 5 5 4 6 7 5 4 5 4 5 4 6
M[90] : 5 3 0 3 2 1 1 1 1 2 2 3 2 2 1 2 2 1 2 2 3 3 3 2 3 1
M[91] : 1 2 2 2 2 2 2 1 0 1 2 2 1 2 2 2 0 2 1 1 2 2 1 2 2 2
M[92] : 3 3 2 3 4 2 2 3 3 3 3 2 2 3 3 2 2 4 3 0 2 3 3 3 4 3
M[93] : 3 3 3 2 3 4 4 3 3 1 4 4 3 4 3 3 3 4 3 4 4 4 0 3 5 5
M[94] : 3 3 2 2 3 4 3 3 1 5 5 4 4 3 1 2 0 4 1 2 4 4 2 2 4 4
M[95] : 4 4 4 4 4 4 5 4 4 6 4 6 0 3 1 4 4 5 6 5 3 3 4 3 5 4
M[96] : 4 4 2 1 3 1 4 3 2 4 5 5 1 1 3 4 3 4 2 4 3 1 2 3 0 3
M[97] : 5 4 0 4 2 4 4 4 3 5 4 5 5 4 4 4 4 4 2 4 4 3 4 5 5 5
M[98] : 4 3 3 4 4 4 3 4 5 2 3 3 2 2 4 0 2 4 4 4 2 3 5 1 2 3
M[99] : 0 0 2 0 2 1 1 0 0 1 0 0 0 2 0 2 0 0 0 0 0 0 0 1 0 0
M[100] : 0 5 3 4 4 4 3 5 4 3 4 3 5 4 4 4 2 6 3 4 3 5 5 4 5 4
M[101] : 3 4 3 5 4 4 5 4 4 4 4 3 3 4 2 5 0 4 5 3 3 4 2 4 3 4
M[102] : 4 5 4 5 6 5 5 5 5 6 8 4 6 5 5 2 5 4 0 5 5 5 7 5 6 5
M[103] : 4 4 0 4 4 3 3 5 4 4 3 2 3 3 3 3 3 2 4 3 3 3 5 3 5 4
M[104] : 5 4 5 5 6 4 7 6 5 4 6 6 6 4 3 3 5 5 3 5 0 3 6 4 2 4
M[105] : 3 5 4 4 3 5 3 5 5 3 4 0 3 3 4 5 3 4 4 3 4 3 7 3 5 3
M[106] : 2 5 3 3 4 5 4 5 5 3 5 3 4 5 4 5 4 5 4 5 0 3 5 5 4 4
M[107] : 1 3 0 3 2 0 3 2 3 2 1 3 2 1 3 2 3 3 0 2 1 2 1 1 0 2
M[108] : 3 1 1 2 0 1 0 0 1 0 0 1 0 0 0 1 1 0 1 2 0 0 0 0 2 1
M[109] : 4 2 4 2 3 2 4 4 3 2 4 5 2 1 3 3 5 4 2 0 4 1 4 4 3 4
M[110] : 2 1 2 1 2 2 2 2 2 3 2 4 2 2 2 1 2 3 1 2 2 3 3 0 3 2
M[111] : 5 3 4 5 4 4 4 6 4 5 4 3 7 5 5 4 4 3 3 5 5 5 5 4 6 0
M[112] : 4 6 4 3 3 3 5 5 4 3 5 3 2 4 6 0 4 4 3 4 3 3 4 5 4 5
M[113] : 2 1 3 3 3 3 2 3 2 2 4 0 3 3 2 2 4 3 3 3 2 3 3 2 3 4
M[114] : 2 1 1 1 1 1 1 0 1 1 1 2 1 1 2 1 1 2 1 1 1 2 1 2 1 2
M[115] : 4 3 3 3 2 3 3 3 2 2 5 3 2 0 3 2 3 2 3 2 3 3 3 1 4 5
M[116] : 4 3 3 4 2 3 3 4 2 2 0 4 5 3 3 3 3 3 2 2 4 2 3 3 3 2
M[117] : 3 3 2 0 5 4 4 1 3 1 3 0 2 3 1 4 3 3 2 2 3 4 4 2 6 3
M[118] : 2 2 2 2 2 2 3 3 2 3 2 2 0 2 2 2 3 2 1 3 3 3 1 2 3 3
M[119] : 2 3 2 2 1 2 2 1 2 2 2 1 3 0 2 3 3 3 2 2 2 1 2 2 2 2
M[120] : 2 3 3 1 3 3 4 2 3 2 3 2 3 3 4 0 6 2 3 3 2 2 2 2 3 3
M[121] : 2 1 2 2 3 3 2 1 0 2 2 5 3 3 3 2 2 2 2 2 2 4 4 3 1 4
M[122] : 1 3 3 2 1 5 2 3 1 3 2 2 3 2 3 4 3 3 0 1 3 0 3 3 2 2
M[123] : 3 4 1 4 2 3 3 3 3 2 4 1 3 4 3 3 3 3 4 2 3 2 3 0 3 2
M[124] : 3 4 2 0 4 4 3 2 3 3 4 2 3 3 4 6 4 5 4 4 3 3 4 5 2 5
M[125] : 5 5 6 4 4 4 3 4 6 5 6 4 6 3 5 3 3 6 0 5 6 6 5 6 4 5
M[126] : 5 3 4 2 6 5 5 3 4 5 6 6 3 4 3 6 5 4 6 6 5 0 5 3 4 5
M[127] : 3 2 2 4 3 3 3 3 2 4 3 4 2 2 0 3 3 4 3 4 2 3 3 3 4 3
M[128] : 1 3 1 2 3 1 0 1 3 1 2 3 1 1 2 2 1 3 1 1 2 2 1 1 5 1
M[129] : 2 3 2 2 2 3 3 3 3 2 2 2 5 2 3 2 4 2 3 3 1 1 0 2 2 2
M[130] : 3 3 3 2 3 3 3 4 4 5 3 3 3 3 4 0 3 5 2 2 2 2 4 4 4 2
M[131] : 3 1 1 2 4 1 1 1 0 1 2 1 3 3 2 0 1 1 3 2 2 1 1 2 3 4
M[132] : 1 2 1 3 1 0 2 1 3 3 2 2 0 2 1 2 1 3 0 1 1 0 2 2 2 1
M[133] : 0 3 5 3 2 3 5 3 4 6 3 5 4 2 2 3 4 3 3 5 5 4 3 3 4 4
M[134] : 3 0 5 2 3 2 3 3 3 4 4 3 3 4 2 3 3 4 4 3 4 3 2 3 4 2
M[135] : 2 4 3 2 5 5 0 4 3 5 3 5 4 2 3 4 3 4 4 3 5 2 3 5 6 5
M[136] : 4 4 3 3 4 4 2 3 4 3 5 4 3 3 3 5 4 3 0 2 4 4 4 3 5 5
M[137] : 2 2 2 2 2 3 2 3 2 3 3 0 3 4 4 2 3 3 3 2 3 2 2 5 3 3
M[138] : 3 3 3 2 2 3 3 3 0 4 3 2 3 3 2 2 3 2 2 1 3 2 2 3 2 2
M[139] : 3 0 1 2 1 1 1 1 3 2 0 0 0 1 0 1 1 2 1 1 1 3 0 2 3 1
M[140] : 4 3 2 5 4 3 4 4 4 4 3 4 4 0 2 4 5 4 3 4 5 4 3 3 5 5
M[141] : 1 0 1 1 0 2 1 1 2 1 2 2 0 1 0 0 0 0 1 1 1 1 1 3 1 1
M[142] : 5 4 3 3 5 4 7 0 3 5 4 5 3 6 3 6 6 4 2 5 5 4 5 4 4 6
M[143] : 3 0 4 3 5 5 5 3 3 4 5 3 4 4 4 5 6 4 3 3 5 4 4 2 2 2
M[144] : 5 1 3 2 3 2 2 2 1 0 2 2 2 3 1 2 3 3 2 3 2 3 3 2 2 2
M[145] : 1 1 1 3 1 2 3 0 1 2 2 2 2 2 3 1 3 2 1 1 3 2 2 2 2 2
M[146] : 3 2 2 2 2 3 2 4 2 2 2 3 2 1 1 1 3 4 2 0 3 2 1 5 2 2
M[147] : 2 1 2 3 1 2 2 2 4 1 2 2 3 2 2 3 2 3 2 1 0 2 2 2 1 2
M[148] : 5 3 2 3 3 4 3 3 2 2 2 1 3 1 3 2 4 0 4 3 2 2 2 4 2 2
M[149] : 1 4 2 6 4 3 5 3 4 1 5 4 3 4 2 2 3 4 2 0 5 5 3 6 3 6
M[150] : 6 4 7 4 6 7 7 3 7 6 6 7 7 5 6 5 6 6 3 6 5 6 5 5 3 0
M[151] : 2 3 1 2 2 2 2 1 1 2 3 3 3 3 3 3 1 0 1 1 2 1 2 4 3 2
M[152] : 0 1 0 0 0 1 1 1 1 0 1 0 2 0 1 2 2 1 0 1 1 0 1 2 1 0
M[153] : 3 3 4 2 3 4 4 4 3 3 2 3 2 3 3 4 4 4 4 2 5 3 0 4 2 3
M[154] : 1 1 1 2 1 1 1 1 1 1 1 1 2 1 2 1 1 2 1 0 1 1 0 1 2 1
M[155] : 5 4 5 5 6 4 7 6 3 7 4 4 7 4 6 5 6 0 4 7 4 5 6 3 4 5
M[156] : 4 5 4 7 3 3 4 0 5 3 4 3 4 4 2 8 5 8 5 4 7 3 5 6 3 5
M[157] : 2 4 4 3 2 0 2 3 3 4 2 3 4 3 3 2 2 2 2 3 2 3 4 3 3 2
M[158] : 2 2 3 2 2 1 1 0 2 1 3 2 2 3 2 2 0 1 2 2 2 0 3 1 1 3
M[159] : 6 6 5 6 5 6 5 0 6 4 5 4 6 5 4 5 5 7 4 4 6 5 6 6 5 5
M[160] : 2 3 4 4 4 4 2 2 2 3 3 4 0 4 3 3 4 3 4 4 2 3 3 3 3 2
M[161] : 4 4 5 4 5 4 4 5 3 3 5 6 4 4 4 5 0 5 3 4 3 5 4 4 3 3
M[162] : 1 1 0 1 1 0 1 1 1 1 1 1 1 2 1 1 2 0 1 2 2 1 1 2 0 2
M[163] : 4 3 6 6 5 5 5 6 4 4 5 4 5 5 5 6 0 4 4 5 4 3 4 4 7 2
M[164] : 0 2 4 6 4 6 5 4 4 4 5 5 3 3 4 6 5 3 3 5 5 5 5 3 3 6
M[165] : 2 3 5 3 5 2 4 4 4 4 5 5 4 4 3 5 5 5 0 4 3 4 4 3 4 3
M[166] : 5 5 5 4 5 5 5 6 0 5 6 5 3 6 5 3 5 7 4 6 7 4 7 7 3 5
M[167] : 4 7 5 8 6 6 5 5 4 7 6 5 5 6 5 8 5 5 7 5 6 6 0 6 7 5
M[168] : 3 5 4 4 4 3 4 4 2 4 2 3 2 4 4 3 3 2 2 3 0 3 3 3 3 4
M[169] : 2 4 1 2 1 2 3 4 0 3 1 1 2 2 2 4 3 5 1 2 2 3 3 2 2 3
M[170] : 3 4 5 3 3 5 5 5 5 4 4 3 2 3 3 4 0 5 3 3 5 3 4 3 4 3
M[171] : 3 3 2 3 4 2 3 3 3 2 4 5 2 4 2 2 2 3 3 3 2 3 2 4 2 0
M[172] : 4 4 4 2 3 5 3 4 4 5 3 3 4 2 3 3 3 2 3 3 4 4 0 4 2 3
M[173] : 3 2 2 1 3 2 2 3 2 1 2 0 2 1 3 2 2 3 2 4 3 1 2 4 2 3
M[174] : 2 3 4 3 6 5 3 5 2 4 5 5 5 5 3 5 6 6 4 4 5 3 5 0 5 5
M[175] : 3 3 3 0 3 2 3 3 4 3 4 2 2 3 3 3 2 3 2 3 3 3 2 4 3 3
M[176] : 0 1 2 1 2 1 1 2 0 0 1 2 2 2 2 2 2 1 2 1 4 0 0 1 2 1
M[177] : 0 2 3 1 3 2 2 2 1 3 1 1 2 0 2 2 2 2 2 2 2 1 1 2 4 3
M[178] : 3 5 2 3 2 4 4 3 3 4 4 2 3 2 4 3 5 5 3 0 4 3 4 3 2 3
M[179] : 2 2 2 3 2 1 2 1 0 1 1 1 3 1 1 2 0 2 2 2 2 3 1 1 2 2
M[180] : 3 2 2 3 3 3 2 2 2 2 3 4 2 3 3 3 2 3 3 3 3 4 2 0 2 4
M[181] : 3 0 3 5 4 5 4 3 2 3 4 4 3 4 4 2 3 3 4 3 4 3 3 4 3 5
M[182] : 3 4 4 4 5 2 5 3 4 3 4 4 3 4 4 4 3 3 3 4 4 4 4 3 0 4
M[183] : 4 3 4 4 6 5 5 4 5 3 6 5 5 4 3 5 3 5 3 6 4 4 0 5 3 4
M[184] : 4 3 4 4 3 4 4 4 4 3 5 4 4 3 3 2 4 2 3 0 5 2 3 4 3 3
M[185] : 0 4 5 4 5 4 4 5 3 4 6 4 3 3 5 5 2 4 5 2 4 3 5 3 3 4
M[186] : 2 3 2 4 2 4 3 2 3 2 4 2 4 3 4 3 3 0 3 4 3 2 3 2 2 3
M[187] : 4 2 4 0 2 2 1 2 2 1 3 4 2 4 2 1 2 1 1 3 2 2 2 3 1 3
M[188] : 3 4 4 6 7 4 3 3 3 5 4 4 4 4 5 7 3 5 6 3 4 4 2 3 4 0
M[189] : 6 3 5 3 2 4 4 5 5 3 4 3 4 3 4 3 4 3 3 5 4 5 6 3 1 0
M[190] : 1 3 3 2 0 2 1 2 1 4 2 2 2 2 2 3 4 2 3 3 2 1 3 1 2 4
M[191] : 5 3 4 3 6 5 7 0 5 5 6 5 5 4 6 4 5 5 5 5 5 4 4 6 3 2
M[192] : 2 4 4 4 2 4 3 0 3 4 4 5 3 4 3 3 3 2 3 4 3 3 3 4 5 2
M[193] : 3 4 4 3 4 3 3 2 0 3 3 4 4 1 4 2 2 4 3 5 1 4 3 3 3 3
M[194] : 2 2 2 3 3 3 3 0 2 3 3 4 3 4 2 3 3 5 4 3 4 3 3 3 2 2
M[195] : 1 2 3 1 2 2 1 3 0 0 2 1 1 2 2 1 3 2 2 1 2 1 3 3 2 2
M[196] : 0 0 1 2 2 2 1 3 1 5 3 2 3 2 1 3 2 4 2 2 2 3 1 4 2 3
M[197] : 1 3 2 4 3 2 2 3 2 3 5 0 3 4 3 6 4 3 2 3 3 2 4 4 2 0
M[198] : 4 3 4 4 3 4 5 5 4 5 3 0 4 3 5 3 5 3 3 3 2 3 5 4 2 4
M[199] : 2 0 3 3 2 3 3 3 3 3 3 4 2 4 3 3 2 5 5 1 1 3 4 4 2 2
M[200] : 2 2 2 2 1 3 1 1 2 2 1 1 1 1 1 1 1 1 0 1 1 1 2 1 2 1
M[201] : 4 3 3 3 3 3 3 5 2 3 2 0 3 3 3 3 2 3 2 2 3 3 3 3 3 3
M[202] : 5 4 3 5 4 4 4 3 3 2 6 4 5 5 5 0 4 6 3 5 6 4 5 6 3 5
M[203] : 7 4 6 5 6 4 6 4 7 4 7 7 7 0 7 7 4 6 5 5 5 6 6 6 5 5
M[204] : 2 1 3 2 3 2 3 3 3 3 3 3 5 3 3 3 3 4 2 3 3 2 2 4 4 0
M[205] : 0 1 1 2 3 3 2 2 1 2 3 4 4 3 3 2 3 3 3 3 2 3 3 3 2 3
M[206] : 4 2 6 4 5 2 3 5 2 3 3 4 4 5 3 0 6 2 4 4 3 4 4 4 4 4
M[207] : 3 4 5 4 3 4 4 5 3 4 4 3 4 4 3 3 4 5 3 2 5 0 2 3 4 4
M[208] : 3 3 3 3 5 4 2 1 3 1 3 1 4 2 3 3 2 4 0 4 3 3 2 5 2 3
M[209] : 1 2 1 1 3 2 1 0 1 2 1 1 1 2 1 2 2 3 4 1 1 4 2 3 2 2
M[210] : 0 3 4 2 3 3 5 3 2 4 3 3 3 3 4 3 4 5 3 3 4 4 3 5 5 3
M[211] : 1 3 5 2 4 3 2 2 2 3 3 1 3 4 2 4 2 3 3 2 2 3 3 0 5 4
M[212] : 2 2 0 2 2 2 2 0 1 2 3 3 2 4 4 2 2 2 2 2 2 3 4 1 2 4
M[213] : 5 2 3 6 6 0 5 3 6 3 5 3 4 3 5 5 3 4 5 3 4 7 5 4 3 4
M[214] : 0 2 3 2 2 3 1 3 2 2 2 4 2 3 0 3 2 3 3 1 2 1 3 2 2 1
M[215] : 2 1 0 2 2 0 1 0 1 1 1 1 1 1 1 1 0 1 2 1 1 1 0 2 2 1
M[216] : 5 3 5 4 4 4 6 4 5 5 5 6 6 4 7 6 3 5 7 0 6 5 6 5 5 5
M[217] : 5 5 3 5 5 5 4 4 4 5 2 3 5 4 4 5 4 4 4 0 4 4 5 4 6 5
M[218] : 5 5 3 5 0 4 5 5 5 4 5 6 6 6 6 5 4 3 4 2 2 4 5 3 5 5
M[219] : 4 5 4 5 6 4 5 5 0 5 5 7 4 4 5 4 4 4 5 5 5 5 4 4 3 5
M[220] : 3 1 4 5 5 4 4 6 5 2 4 4 4 4 4 4 4 6 4 4 3 3 0 4 2 3
M[221] : 4 3 4 4 3 4 0 4 2 5 4 4 4 3 4 4 3 4 2 2 3 5 3 4 3 4
M[222] : 4 3 1 5 2 3 3 4 2 2 4 3 4 4 6 5 2 4 4 1 0 3 3 3 5 3
M[223] : 2 2 1 4 1 2 1 1 0 3 1 2 2 2 3 3 2 1 3 2 2 2 1 1 1 2
M[224] : 5 4 5 3 4 4 7 5 4 3 2 2 2 4 3 5 4 5 0 3 3 5 4 5 3 3
M[225] : 1 4 4 2 0 3 2 2 3 1 2 2 6 4 2 2 3 3 2 2 3 2 4 1 3 1
M[226] : 3 2 3 3 2 2 3 3 2 2 1 4 2 3 2 3 3 3 0 3 2 1 3 1 0 2
M[227] : 1 2 2 2 1 3 2 2 2 2 3 0 2 3 0 1 1 3 2 3 2 1 1 2 4 2
M[228] : 1 1 2 1 2 3 1 3 2 2 2 3 2 0 2 3 2 2 3 1 2 2 3 2 3 2
M[229] : 0 0 0 2 0 2 2 1 0 1 1 1 1 1 2 1 3 1 0 1 0 0 2 0 2 1
M[230] : 1 2 1 2 2 2 3 2 3 2 3 2 2 4 1 2 3 3 2 1 0 0 6 3 2 4
M[231] : 4 4 4 6 4 4 6 6 4 5 0 5 6 4 4 3 5 6 7 4 4 4 5 6 5 5
M[232] : 3 2 2 1 2 2 2 2 2 2 2 3 3 1 0 4 3 3 2 3 2 1 3 2 2 3
M[233] : 5 2 3 4 3 4 5 3 5 5 4 5 2 4 4 3 4 6 5 5 0 4 3 4 5 5
M[234] : 5 4 3 4 4 5 0 5 3 4 5 3 4 3 6 4 6 3 4 3 5 6 3 4 2 4
M[235] : 1 1 1 1 1 1 1 2 1 2 2 3 1 2 0 0 2 2 1 1 1 2 1 1 1 1
M[236] : 2 1 0 1 0 1 1 0 0 1 0 2 2 1 1 1 1 0 0 1 1 2 0 0 1 1
M[237] : 5 3 4 3 4 3 5 4 4 5 5 4 2 2 5 3 4 4 3 5 5 4 4 0 5 5
M[238] : 1 1 1 0 2 1 2 2 1 2 1 1 1 1 2 1 3 1 1 1 2 3 3 1 2 1
M[239] : 2 4 3 3 4 4 5 4 3 3 4 3 3 3 5 5 2 4 2 2 2 2 0 2 3 3
M[240] : 4 3 3 5 5 3 3 3 4 6 5 3 3 3 4 0 3 5 5 3 6 4 4 6 4 6
M[241] : 1 2 0 0 2 1 1 0 1 3 1 2 1 1 1 1 1 1 2 2 1 1 1 0 2 2
M[242] : 1 1 2 1 3 2 1 0 3 1 2 2 1 1 1 1 2 2 1 1 2 1 2 3 0 1
M[243] : 3 4 4 3 2 3 2 4 3 4 4 4 2 6 3 0 3 5 4 3 4 3 5 4 3 4
M[244] : 3 2 2 2 0 2 1 1 1 1 2 0 3 2 2 2 0 1 1 1 1 0 2 3 0 1
M[245] : 3 5 4 3 4 5 6 3 4 6 4 5 0 3 7 3 2 4 4 5 6 3 5 5 2 6
M[246] : 2 1 2 1 3 4 2 2 2 2 1 3 0 1 3 3 2 3 3 0 2 3 2 2 1 3
M[247] : 3 1 2 3 0 3 3 1 2 2 4 3 2 3 3 4 3 1 2 2 0 2 2 3 2 2
M[248] : 5 3 3 5 5 5 6 7 5 4 6 6 4 5 4 5 3 0 5 3 4 6 5 6 5 5
M[249] : 4 4 5 4 6 5 7 6 6 4 7 5 6 0 6 7 6 5 3 5 7 5 4 4 3 4
M[250] : 1 4 2 1 2 2 4 2 3 3 0 1 2 1 2 0 1 2 3 3 2 1 4 3 1 1
M[251] : 1 0 2 1 1 2 2 1 2 1 2 1 1 2 2 2 4 2 1 3 1 1 1 4 2 2
M[252] : 1 1 1 4 2 0 2 1 2 2 2 2 2 2 1 0 4 3 1 1 1 1 1 1 0 2
M[253] : 0 3 3 2 5 2 3 3 3 6 3 5 3 2 2 3 4 5 3 4 3 3 5 3 3 4
M[254] : 5 3 5 5 4 3 4 4 3 7 4 5 4 4 4 6 0 4 5 4 6 4 4 4 4 5
M[255] : 6 3 4 3 6 3 5 3 3 4 6 4 3 5 3 3 3 2 4 5 6 0 3 3 4 3
M[256] : 3 3 3 0 3 4 2 2 3 4 5 3 4 4 3 2 3 4 2 4 4 2 3 4 2 3
M[257] : 2 0 5 0 1 3 2 1 1 1 2 2 2 2 1 1 1 2 2 2 2 3 1 0 1 0
M[258] : 2 2 1 2 2 3 3 1 3 2 2 1 0 3 2 3 3 3 1 1 5 1 1 2 3 3
M[259] : 1 3 4 3 3 4 3 3 0 1 4 4 4 3 2 3 4 3 4 3 4 3 3 2 2 2
M[260] : 4 3 4 2 3 2 4 5 3 3 5 4 4 1 3 3 3 4 4 5 3 3 0 3 3 2
M[261] : 4 3 6 3 3 4 4 5 3 5 4 4 4 3 4 5 5 4 0 4 6 5 5 5 2 3
M[262] : 3 3 4 3 5 0 4 6 5 5 5 6 3 5 4 4 5 5 5 6 4 4 5 4 3 4
M[263] : 3 5 4 4 7 0 5 4 3 4 5 4 5 7 3 5 6 5 4 4 5 4 4 4 3 5
M[264] : 1 4 3 3 1 3 2 2 0 3 3 5 2 5 2 1 4 3 2 3 4 3 3 5 2 4
M[265] : 2 4 4 5 0 4 4 5 3 3 4 2 4 4 4 3 5 3 4 4 4 4 3 5 3 5
M[266] : 2 4 3 3 3 4 3 3 3 2 4 5 5 4 3 4 3 0 6 4 3 4 5 2 4 3
M[267] : 0 1 2 2 2 1 0 1 2 1 1 2 0 1 1 1 1 2 1 1 1 0 1 1 1 1
M[268] : 0 1 0 1 1 1 1 2 2 1 0 0 1 2 2 1 0 2 2 1 0 3 1 1 2 1
M[269] : 1 0 1 0 0 0 3 0 0 0 1 0 0 1 0 0 1 1 0 0 0 0 0 1 0 0
M[270] : 3 2 2 3 3 3 3 3 2 3 3 3 0 2 2 2 3 2 1 1 1 3 2 2 1 3
M[271] : 3 2 4 4 2 5 3 5 2 3 4 6 2 0 3 2 4 2 1 4 3 3 4 4 3 4
M[272] : 6 4 4 6 5 5 6 4 5 0 5 4 6 6 6 3 5 3 5 6 5 6 5 6 6 5
M[273] : 4 4 2 5 5 3 4 4 3 4 4 6 5 3 4 4 4 5 5 6 0 5 3 4 1 4
M[274] : 2 2 3 3 3 3 1 3 1 1 3 2 2 2 2 2 1 2 1 0 2 1 3 2 1 2
M[275] : 3 1 3 0 2 1 3 3 4 2 2 3 3 3 1 3 2 2 2 2 2 2 3 2 3 3
M[276] : 3 3 3 4 2 2 4 2 3 2 3 2 1 3 1 2 4 3 3 3 3 0 1 5 3 3
M[277] : 2 3 5 3 3 1 2 3 3 2 2 2 3 3 0 2 4 3 2 3 3 3 2 2 1 1
M[278] : 3 2 3 3 3 3 3 4 4 7 3 3 3 0 3 4 4 4 2 1 3 3 2 3 4 4
M[279] : 4 4 2 4 4 2 4 2 4 1 2 3 0 2 3 2 3 5 4 5 3 3 1 3 4 3
M[280] : 4 3 4 4 4 5 5 5 3 5 5 3 2 5 3 3 5 0 3 4 4 4 4 2 2 5
M[281] : 3 3 3 3 2 3 5 2 2 0 2 3 3 2 3 4 4 3 4 2 5 4 3 1 3 3
M[282] : 3 4 0 3 5 4 6 3 3 4 4 5 3 4 5 5 5 5 5 4 4 4 6 3 5 4
M[283] : 5 5 4 6 3 4 5 6 4 3 0 5 5 6 4 6 4 4 5 5 5 5 4 5 3 5
M[284] : 1 1 1 2 1 1 1 1 0 1 1 1 1 0 0 3 1 2 4 1 1 1 2 1 0 2
M[285] : 5 4 3 2 5 4 5 4 3 3 3 5 3 3 5 4 4 3 3 2 3 4 3 3 0 3
M[286] : 3 5 4 6 6 4 3 4 4 5 4 4 5 0 5 4 3 5 3 5 5 3 4 3 2 5
M[287] : 2 4 5 2 2 4 5 4 4 3 4 3 2 4 3 4 4 5 3 5 5 4 4 3 0 4
M[288] : 1 2 1 3 3 2 2 1 2 2 0 3 1 4 4 3 1 2 3 1 3 3 2 3 3 3
M[289] : 4 1 2 1 3 2 3 4 2 4 4 5 3 1 3 1 2 1 3 3 3 3 0 4 2 2
M[290] : 3 4 2 4 2 2 3 5 2 2 6 3 4 3 2 4 3 4 2 3 4 3 2 3 1 0
M[291] : 2 3 1 2 4 1 2 2 1 1 3 1 0 2 2 1 3 2 3 3 3 1 1 2 1 2
M[292] : 4 4 5 4 4 4 3 4 0 4 4 4 5 4 4 3 3 5 5 3 4 3 4 5 4 3
M[293] : 3 6 3 3 3 5 3 2 4 3 2 2 5 3 5 4 0 3 4 5 3 4 4 5 4 2
M[294] : 0 4 7 5 5 5 5 6 6 6 6 4 4 6 6 7 5 5 4 3 5 4 5 5 4 5
M[295] : 3 3 0 3 3 2 2 2 1 3 3 2 2 2 3 4 3 3 3 2 2 1 2 4 3 3
M[296] : 6 3 4 4 5 5 3 6 4 4 5 6 4 0 4 4 5 6 3 2 5 5 4 4 2 5
M[297] : 2 2 1 1 2 1 2 2 1 2 2 2 2 1 1 2 1 2 0 2 3 2 2 1 2 2
M[298] : 2 2 1 1 2 2 2 2 2 3 2 2 2 2 2 2 2 2 2 2 2 4 3 4 0 1
M[299] : 2 2 3 3 4 3 3 3 2 2 3 4 3 4 3 5 4 4 2 3 3 2 4 2 0 3
M[300] : 6 4 5 0 5 8 5 4 6 7 6 5 5 6 6 5 4 6 4 3 5 6 4 4 4 4
M[301] : 5 2 3 2 0 2 3 3 2 2 3 2 2 3 4 2 2 3 2 3 3 3 1 3 2 2
M[302] : 5 6 7 5 7 6 4 6 3 8 5 5 6 5 6 6 6 4 4 4 5 6 6 4 0 4
M[303] : 3 2 3 2 4 2 0 3 3 3 4 4 3 2 3 3 2 4 2 3 2 4 4 4 2 2
M[304] : 5 4 5 5 0 5 4 3 5 4 5 2 3 4 5 5 3 5 4 6 7 5 8 6 4 4
M[305] : 3 4 2 4 4 3 5 3 4 5 3 5 3 1 4 2 5 4 3 4 4 0 3 3 1 1
M[306] : 4 2 1 4 5 2 5 3 4 2 0 3 3 3 3 4 3 5 4 2 4 5 3 4 4 5
M[307] : 3 5 2 5 5 4 6 6 5 6 5 4 3 5 5 5 3 5 0 3 5 5 5 4 5 4
M[308] : 6 5 0 4 5 4 4 5 5 4 5 4 4 5 4 6 5 4 5 2 5 4 4 6 4 6
M[309] : 2 4 2 3 3 2 3 2 2 2 2 2 2 1 2 2 0 3 3 2 2 2 2 2 2 2
M[310] : 2 2 4 0 5 4 3 6 4 4 6 4 5 4 3 4 4 6 4 4 2 4 4 2 1 4
M[311] : 3 2 1 3 2 2 0 1 1 2 3 2 3 3 3 3 4 4 2 3 3 1 3 3 2 1
M[312] : 1 1 0 1 1 1 1 1 3 1 1 1 1 2 1 0 1 1 1 2 1 1 1 1 1 2
M[313] : 3 3 3 3 3 3 4 2 3 3 3 2 4 3 4 4 3 0 2 3 3 2 3 4 3 2
M[314] : 3 3 3 3 2 3 3 2 2 0 3 2 2 2 2 3 2 3 2 2 2 4 3 2 3 1
M[315] : 5 3 3 0 3 4 4 3 4 4 4 5 4 2 4 3 6 3 2 4 4 4 2 4 4 3
M[316] : 5 5 3 3 6 6 6 0 4 5 6 6 4 4 4 3 4 6 4 5 4 5 6 5 6 6
M[317] : 4 1 2 3 4 3 2 2 2 2 3 2 3 4 0 4 1 3 3 2 3 2 2 3 2 2
M[318] : 4 1 1 2 2 3 2 1 0 3 2 0 1 2 1 2 2 1 3 5 2 2 1 1 2 1
M[319] : 2 3 4 3 3 2 2 0 2 3 4 4 2 3 4 4 3 4 1 4 4 2 2 3 3 4
M[320] : 2 4 3 3 2 3 2 3 3 3 3 1 2 3 3 4 5 4 5 2 3 0 4 4 4 5
M[321] : 7 5 5 4 4 3 5 5 6 5 5 4 6 2 5 9 4 5 0 4 7 2 6 2 2 4
M[322] : 0 2 0 1 1 1 1 2 2 1 2 0 0 2 1 2 1 2 1 2 2 0 2 2 2 2
M[323] : 1 2 1 1 1 1 1 1 1 1 1 1 1 1 1 1 1 1 1 1 0 1 1 2 2 2
M[324] : 0 1 2 0 1 2 3 1 1 0 1 1 1 2 0 2 2 2 0 0 2 1 0 1 0 1
M[325] : 4 3 2 1 3 6 4 2 3 4 4 5 4 3 3 2 0 5 5 5 4 4 5 5 4 5
M[326] : 6 6 4 5 4 7 7 6 6 6 8 6 4 6 5 4 5 5 7 8 0 5 6 5 6 6
M[327] : 4 3 3 4 4 4 5 2 5 3 4 5 4 3 4 4 4 5 5 0 6 4 3 5 3 4
M[328] : 4 2 1 1 3 2 1 2 2 1 2 3 2 0 0 4 4 4 2 2 4 1 2 3 2 1
M[329] : 2 3 3 5 3 4 2 4 3 3 3 2 5 2 4 5 3 4 3 2 3 1 4 0 1 2
M[330] : 5 3 4 3 2 3 4 4 5 3 5 4 3 2 3 5 4 5 4 5 4 2 5 5 4 0
M[331] : 2 2 3 2 2 3 2 2 3 1 2 2 2 5 2 2 2 2 2 2 2 2 2 2 2 0
M[332] : 4 2 2 2 4 3 3 4 4 4 2 5 3 2 3 3 4 4 3 3 3 3 4 0 2 3
M[333] : 4 2 3 4 3 2 1 1 2 3 3 2 2 0 1 3 2 2 2 2 2 3 3 2 2 4
M[334] : 1 3 2 3 2 2 2 3 2 0 3 2 4 2 2 4 3 2 4 3 2 3 3 4 2 2
M[335] : 0 1 0 0 0 1 1 2 1 1 1 1 0 0 0 0 1 2 0 1 1 2 1 1 1 1
M[336] : 3 0 3 4 4 3 4 4 4 1 3 3 4 1 5 3 2 3 2 1 3 3 3 1 3 3
M[337] : 4 3 2 3 2 3 3 3 4 3 3 4 4 4 3 4 0 4 2 3 3 3 3 4 3 2
M[338] : 1 1 2 1 1 1 1 1 0 2 0 2 2 1 1 2 2 1 1 1 2 2 1 1 0 3
M[339] : 4 4 4 5 5 4 4 6 3 3 7 6 0 5 5 3 6 7 5 5 6 4 5 4 4 6
M[340] : 3 2 1 1 1 2 2 2 0 2 1 0 1 1 1 1 1 0 2 2 2 1 2 0 0 3
M[341] : 2 2 1 2 4 3 4 2 3 2 2 2 0 2 3 4 2 1 2 2 1 3 4 3 2 5
M[342] : 2 1 0 2 4 3 2 2 2 2 3 2 0 1 2 2 3 2 2 2 2 1 2 3 2 1
M[343] : 3 3 5 3 2 8 5 4 6 5 6 4 0 5 5 3 4 6 2 5 6 4 3 3 1 5
M[344] : 3 2 2 2 3 2 4 4 2 2 2 2 3 3 2 4 0 2 3 3 2 5 3 3 3 3
M[345] : 3 4 2 3 3 3 4 5 3 2 3 4 4 3 3 2 5 2 3 2 4 0 4 2 3 4
M[346] : 3 2 2 3 2 4 4 2 2 4 0 1 2 2 4 4 4 4 1 2 1 4 3 3 2 3
M[347] : 5 6 5 6 5 4 6 6 5 0 5 5 4 8 4 5 7 5 4 4 5 5 6 5 5 6
M[348] : 3 5 3 5 3 4 3 4 5 4 3 3 3 3 3 4 3 5 2 4 3 5 4 5 5 0
M[349] : 1 3 1 1 2 0 3 2 2 1 0 2 5 0 2 2 2 1 1 1 2 1 2 0 1 1
M[350] : 5 5 6 4 0 5 5 5 4 4 4 5 6 3 5 7 3 5 6 5 4 4 6 4 4 5
M[351] : 3 3 1 3 2 2 2 6 3 2 2 2 4 3 2 0 1 4 3 3 1 3 4 3 3 3
M[352] : 2 2 0 1 3 2 3 3 2 1 3 3 3 1 3 3 2 2 4 3 3 1 2 2 3 3
M[353] : 4 5 4 4 4 4 4 5 4 4 4 6 4 4 3 4 5 0 4 3 4 3 3 5 2 4
M[354] : 2 4 2 2 3 4 4 3 1 4 0 3 2 4 4 4 3 2 3 3 3 4 1 2 3 2
M[355] : 5 5 2 3 3 3 4 2 4 3 3 3 4 4 2 4 4 5 3 4 2 0 3 5 3 5
M[356] : 3 2 1 2 4 2 3 3 2 4 0 3 2 3 2 2 2 3 1 3 3 3 3 2 2 5
M[357] : 4 4 4 6 4 5 5 3 6 3 0 4 4 3 3 6 5 4 4 4 3 4 5 5 4 4
M[358] : 5 3 5 3 5 4 4 4 3 5 4 3 4 3 5 4 4 4 3 3 4 3 3 5 0 4
M[359] : 3 3 3 4 3 5 3 2 2 5 4 2 3 3 4 4 4 5 3 3 4 3 0 3 3 3
M[360] : 4 3 3 3 4 6 4 5 5 5 6 3 5 4 0 4 4 7 4 4 4 3 3 4 4 5
M[361] : 3 3 3 4 2 4 4 2 3 3 3 2 3 3 4 4 3 5 2 3 3 2 3 3 0 2
M[362] : 5 3 2 2 2 3 3 2 3 2 3 2 2 3 3 2 2 4 2 2 2 3 0 2 3 1
M[363] : 3 3 2 4 2 3 4 4 2 1 3 2 5 4 0 4 2 3 2 3 4 1 5 3 2 4
M[364] : 3 3 4 3 4 3 3 3 2 3 3 4 3 3 0 3 3 4 4 4 2 4 3 3 2 3
M[365] : 3 0 2 5 5 6 5 6 4 3 5 4 6 4 4 5 4 6 5 4 6 5 6 5 5 6
M[366] : 2 1 2 0 1 2 1 1 0 2 1 1 0 1 1 1 1 0 3 1 1 1 1 2 2 1
M[367] : 4 4 2 3 4 4 4 4 4 4 4 4 2 4 5 3 3 3 3 4 0 4 1 5 3 3
M[368] : 1 1 1 3 2 2 1 2 2 1 2 2 3 1 3 2 3 3 0 1 1 1 1 1 0 2
M[369] : 4 4 3 2 5 4 2 3 5 2 4 3 3 4 3 3 3 5 4 3 5 4 0 4 4 4
M[370] : 1 0 1 0 1 1 1 0 0 1 0 0 3 0 2 1 1 1 0 0 1 0 0 0 1 1
M[371] : 4 5 4 5 4 4 3 4 4 0 4 3 3 4 3 4 5 4 4 4 3 3 4 4 5 4
M[372] : 3 3 2 2 3 2 2 2 1 2 4 4 2 3 1 2 3 1 4 3 2 2 2 1 0 3
M[373] : 4 2 2 3 3 2 0 3 3 2 4 3 3 3 3 2 2 4 3 4 4 2 2 2 3 3
M[374] : 4 3 3 4 5 4 3 4 4 0 5 2 5 2 3 3 3 4 3 2 5 2 5 4 3 5
M[375] : 0 2 1 1 1 0 2 2 1 1 1 1 1 1 1 2 2 0 1 2 1 1 1 0 0 0
M[376] : 3 3 2 2 3 2 2 2 3 0 2 2 2 2 2 3 5 6 1 2 2 3 1 3 2 4
M[377] : 4 4 4 2 3 7 4 5 5 4 4 4 3 2 5 5 7 0 5 4 5 4 6 3 3 2
M[378] : 4 4 2 0 3 2 3 6 3 4 3 3 4 3 2 4 4 4 3 4 3 4 4 3 3 4
M[379] : 4 3 4 4 6 4 4 3 3 3 4 3 2 0 4 6 3 3 6 2 4 2 3 5 3 2
M[380] : 3 2 3 3 3 2 3 1 2 3 3 4 2 2 3 0 2 2 3 3 1 1 1 2 2 1
M[381] : 3 3 3 3 2 3 3 2 3 3 2 2 3 3 0 3 3 2 4 3 4 3 2 4 3 6
M[382] : 2 2 2 1 2 2 2 5 2 2 3 1 3 3 0 1 1 3 2 1 2 2 3 2 3 2
M[383] : 2 2 2 0 3 2 2 3 2 3 1 2 2 2 2 3 3 1 1 1 3 1 2 1 3 3
M[384] : 5 3 6 3 3 2 3 3 4 4 5 0 4 3 4 3 2 4 3 4 6 6 2 3 4 4
M[385] : 2 3 4 1 1 3 3 4 2 2 3 4 3 4 3 3 2 4 3 2 0 1 2 3 3 2
M[386] : 2 3 0 3 3 3 3 2 5 4 3 3 4 2 4 2 4 3 3 3 4 3 3 4 3 3
M[387] : 7 7 6 5 6 0 6 6 7 6 7 6 8 5 7 6 6 8 4 7 6 8 8 7 7 6
M[388] : 1 3 3 3 3 3 2 4 3 3 2 2 4 4 4 4 3 0 3 2 2 2 4 3 4 4
M[389] : 0 2 3 2 2 0 4 1 1 2 2 3 1 1 3 2 3 4 2 3 2 3 0 2 2 1
M[390] : 4 4 5 5 4 5 3 4 2 4 6 4 0 5 4 6 3 6 4 5 4 5 4 4 3 5
M[391] : 4 3 2 4 0 4 4 3 2 4 4 4 3 3 2 3 3 5 5 6 4 5 4 5 2 3
M[392] : 2 3 3 2 2 3 3 2 2 3 3 2 3 3 2 2 2 2 2 1 0 3 2 3 2 1
M[393] : 4 3 6 6 0 4 5 5 4 5 6 5 4 6 4 4 4 5 3 4 4 5 4 4 4 5
M[394] : 5 3 3 3 4 3 5 4 5 3 0 5 4 5 3 3 4 3 2 4 4 4 3 4 5 7
M[395] : 4 4 2 4 4 3 5 4 4 3 5 2 4 3 4 4 3 0 4 2 4 4 3 3 4 4
M[396] : 2 0 1 2 2 1 2 2 2 2 2 3 2 1 0 2 0 1 1 2 2 1 1 1 2 1
M[397] : 7 0 5 5 7 2 6 5 6 5 5 6 7 4 5 5 7 7 6 5 7 7 6 6 4 6
M[398] : 5 4 3 4 7 6 7 5 4 5 8 4 3 4 4 4 5 5 5 5 4 4 5 0 3 4
M[399] : 3 1 1 1 3 2 2 2 2 0 2 2 1 0 1 2 2 2 3 2 1 2 2 1 3 2
M[400] : 3 0 2 1 2 2 3 4 4 4 4 1 3 2 3 5 5 5 4 3 2 3 3 3 3 3
M[401] : 6 5 7 6 8 4 5 6 6 3 5 0 6 6 6 6 5 6 6 4 5 3 5 6 6 4
M[402] : 5 5 3 3 4 4 0 3 5 6 6 4 5 3 6 4 5 5 5 4 5 5 5 5 4 4
M[403] : 4 4 3 5 5 0 4 4 4 3 4 4 5 4 5 4 5 5 4 4 4 4 5 5 4 4
M[404] : 4 4 2 4 3 3 6 5 3 2 4 5 5 2 0 4 3 5 3 4 3 4 5 3 4 4
M[405] : 1 3 2 2 2 2 2 2 2 2 2 2 2 1 3 2 2 2 2 3 2 0 2 2 2 2
M[406] : 0 0 3 1 0 1 1 0 1 0 0 0 0 1 0 0 0 0 1 0 0 0 0 0 0 0
M[407] : 3 0 3 2 2 3 3 3 3 3 3 2 4 2 3 2 2 2 3 3 4 2 3 3 2 1
M[408] : 4 1 0 1 3 2 3 3 2 2 2 2 1 2 2 2 2 3 2 4 3 3 1 3 1 2
M[409] : 5 4 4 5 3 6 6 5 6 3 6 0 3 5 6 6 3 7 5 3 5 4 4 4 5 4
M[410] : 6 4 4 5 5 4 5 6 4 6 5 4 6 8 4 5 6 7 5 6 5 0 5 4 5 7
M[411] : 2 1 0 2 1 2 1 2 1 2 2 2 2 3 1 2 2 2 2 1 1 2 1 1 1 2
M[412] : 2 1 1 0 2 2 4 2 2 2 3 2 2 0 1 2 2 2 2 2 1 1 3 1 1 0
M[413] : 2 2 1 3 1 2 2 3 1 1 2 2 4 0 2 3 2 1 3 3 0 2 2 4 1 3
M[414] : 1 0 0 0 0 1 2 1 1 0 1 2 1 1 0 1 2 3 1 0 1 2 1 2 1 1
M[415] : 2 4 5 4 2 3 0 3 5 2 3 3 5 2 4 4 4 5 4 4 6 3 4 2 2 1
M[416] : 3 4 1 4 2 3 4 3 5 2 3 1 0 3 5 5 3 3 5 3 3 4 4 3 3 2
M[417] : 1 3 3 5 4 4 4 4 2 3 5 3 5 3 1 2 3 5 4 4 2 3 2 3 4 0
M[418] : 3 4 2 1 1 3 4 3 2 2 4 3 1 1 4 2 3 0 2 4 3 0 3 4 3 2
M[419] : 4 4 6 6 4 6 4 4 5 5 0 4 5 4 4 5 5 7 5 6 5 3 3 6 4 7
M[420] : 4 5 4 0 4 4 4 3 2 3 5 4 6 4 4 4 4 4 5 5 5 4 4 4 3 4
M[421] : 3 2 2 2 2 2 4 2 2 3 2 3 3 3 2 4 3 4 3 3 2 4 0 4 3 4
M[422] : 1 1 2 2 1 1 2 0 1 2 2 3 3 1 3 2 4 2 3 2 4 2 1 2 2 2
M[423] : 3 5 3 4 4 5 0 6 4 4 5 5 5 7 5 5 4 7 6 6 5 6 8 3 6 6
M[424] : 6 0 8 5 9 6 9 8 7 6 7 9 8 5 7 7 10 7 5 7 10 6 7 6 8 6
M[425] : 1 1 0 2 1 2 1 2 1 2 1 1 2 1 1 1 2 1 1 2 1 0 1 1 1 1
M[426] : 5 5 4 4 3 4 3 5 4 3 5 4 3 3 4 5 2 4 3 4 3 3 4 0 5 4
M[427] : 2 5 3 4 3 3 3 4 3 3 2 2 4 3 5 0 4 4 6 4 4 4 3 3 3 4
M[428] : 1 1 1 1 2 0 0 2 1 0 3 0 0 1 0 2 0 1 1 0 1 1 1 1 1 0
M[429] : 2 4 3 3 3 3 3 0 2 4 2 4 4 4 5 5 4 3 3 2 5 2 4 3 3 5
M[430] : 2 2 2 1 3 4 3 2 4 0 1 2 1 2 1 1 2 4 2 1 1 1 1 4 2 4
M[431] : 4 3 5 4 0 4 5 4 3 6 6 5 4 3 2 4 4 3 4 4 4 4 5 3 5 7
M[432] : 4 4 4 4 6 4 4 5 3 5 6 5 5 5 4 5 5 4 4 0 6 6 5 3 5 6
M[433] : 5 4 1 3 0 4 4 4 3 4 3 5 3 5 4 5 5 4 2 3 4 4 2 5 4 3
M[434] : 3 3 3 4 3 3 4 3 2 3 4 4 6 4 4 4 4 3 3 0 2 3 3 4 4 2
M[435] : 3 5 5 4 2 4 4 4 4 2 3 4 3 3 0 5 5 4 3 3 4 2 3 3 5 3
M[436] : 3 4 6 2 6 5 6 3 3 4 6 3 5 5 3 2 4 5 2 0 4 5 4 2 4 5
M[437] : 2 4 1 2 0 3 2 3 3 3 2 1 3 2 1 3 2 3 2 2 1 3 2 3 4 3
M[438] : 2 3 3 3 4 2 1 3 3 2 3 1 2 4 1 4 3 3 3 2 0 2 3 4 2 4
M[439] : 0 5 3 6 7 4 6 4 4 4 7 5 5 3 6 6 4 7 5 4 4 5 4 4 4 6
M[440] : 2 2 1 3 3 2 0 1 1 1 2 1 2 2 1 1 1 2 1 1 2 1 1 1 1 2
M[441] : 2 3 4 3 3 0 2 3 2 3 1 2 1 3 3 3 3 3 4 2 2 5 2 3 3 4
M[442] : 2 5 4 3 3 0 5 4 4 4 6 5 6 4 3 2 3 5 3 3 4 2 5 3 3 3
M[443] : 4 2 3 4 2 4 3 2 3 3 4 3 3 1 3 3 2 4 4 3 2 3 4 3 0 3
M[444] : 2 2 1 1 1 4 3 0 3 1 3 1 3 1 3 3 1 3 3 1 1 1 3 0 1 1
M[445] : 4 5 4 5 0 4 4 4 4 4 5 4 4 5 4 6 4 6 7 6 4 4 4 5 4 4
M[446] : 2 4 2 3 3 3 2 4 3 4 2 3 4 2 3 3 3 4 3 3 2 4 0 4 2 6
M[447] : 1 3 2 3 5 3 3 1 2 1 4 2 2 2 1 2 1 2 1 2 2 0 1 1 2 1
M[448] : 2 2 0 3 2 4 2 2 3 2 3 3 1 4 3 2 3 3 3 4 3 4 3 1 1 3
M[449] : 3 2 0 2 2 2 3 2 2 2 1 2 1 3 2 4 3 1 1 1 1 1 2 2 3 3

