 Execution de l'algoritme BITS sur le fichier le450_25c.col.txt
=====================================================================
 Partitions  : 
Vk[0] : 193 78 354 384 426 82 403 57 331 361 291 158 106 98 332 154 297 236 -->  18 éléments.
Vk[1] : 300 150 390 126 309 170 199 187 239 443 222 8 190 427 318 385 178 13 -->  18 éléments.
Vk[2] : 39 255 249 30 140 262 55 196 171 40 277 350 147 177 267 24 269 -->  17 éléments.
Vk[3] : 42 103 381 203 142 436 165 261 109 75 63 31 417 169 250 290 119 342 -->  18 éléments.
Vk[4] : 365 34 410 435 240 189 184 204 348 130 210 404 51 405 411 74 84 -->  17 éléments.
Vk[5] : 272 419 313 416 69 185 230 44 266 47 349 91 26 438 242 80 66 152 -->  18 éléments.
Vk[6] : 360 248 296 90 295 157 316 273 7 422 209 357 259 232 92 428 383 335 -->  18 éléments.
Vk[7] : 339 89 192 439 415 83 213 380 280 292 444 176 59 386 440 340 414 -->  17 éléments.
Vk[8] : 308 181 221 50 58 317 38 36 100 359 110 115 49 10 279 322 0 173 -->  18 éléments.
Vk[9] : 310 379 135 121 25 441 314 263 3 256 281 160 21 407 195 85 378 -->  17 éléments.
Vk[10] : 102 101 208 125 321 127 421 88 179 77 116 60 299 223 346 268 356 17 -->  18 éléments.
Vk[11] : 434 149 96 446 164 302 282 336 376 111 408 372 447 244 202 72 370 -->  17 éléments.
Vk[12] : 29 155 398 37 432 86 48 43 285 226 53 395 212 400 148 448 333 -->  17 éléments.
Vk[13] : 424 175 355 183 374 161 211 278 14 93 134 305 28 284 215 344 141 11 -->  18 éléments.
Vk[14] : 216 167 35 220 445 288 64 12 16 437 81 146 392 246 52 108 247 -->  17 éléments.
Vk[15] : 159 429 65 23 15 95 264 191 351 320 180 375 418 329 399 151 76 -->  17 éléments.
Vk[16] : 327 433 431 420 409 341 245 201 198 228 449 197 423 118 227 389 406 -->  17 éléments.
Vk[17] : 294 233 163 186 298 133 253 70 369 168 238 137 367 352 251 5 412 -->  17 éléments.
Vk[18] : 45 387 217 237 145 337 32 323 87 425 388 306 252 258 6 241 287 -->  17 éléments.
Vk[19] : 326 393 218 22 319 315 343 293 156 260 182 225 396 194 144 131 132 -->  17 éléments.
Vk[20] : 397 307 188 166 364 20 382 391 117 311 214 113 205 27 330 274 138 -->  17 éléments.
Vk[21] : 401 41 304 353 104 54 301 71 224 129 122 62 79 257 123 334 338 -->  17 éléments.
Vk[22] : 67 153 394 143 172 254 112 231 312 33 206 430 289 270 235 362 363 -->  17 éléments.
Vk[23] : 105 219 276 94 97 19 265 136 4 114 73 107 325 229 124 286 328 -->  17 éléments.
Vk[24] : 402 68 46 2 377 61 275 1 234 271 56 18 139 413 128 200 324 -->  17 éléments.
Vk[25] : 283 243 442 345 120 347 371 9 373 174 358 368 207 162 303 366 99 -->  17 éléments.
Matrice M
M[0] : 2 2 2 1 2 2 3 3 0 1 3 2 3 1 4 1 4 2 2 3 4 2 2 1 2 3
M[1] : 2 5 3 5 3 3 4 3 2 2 5 3 4 4 3 2 5 4 3 4 4 2 4 4 0 3
M[2] : 5 3 2 2 4 4 3 3 3 2 4 3 4 4 3 4 2 4 3 3 3 5 3 3 0 3
M[3] : 4 5 4 5 4 5 3 4 4 0 3 4 5 4 2 4 4 6 2 4 4 2 4 4 4 3
M[4] : 1 3 3 3 3 1 2 2 4 1 2 1 2 1 2 1 2 2 2 3 1 2 2 0 3 3
M[5] : 2 1 1 1 3 4 1 1 2 3 2 3 3 2 1 2 3 0 2 2 4 1 2 2 3 1
M[6] : 2 2 2 2 2 2 3 3 3 1 2 2 1 3 2 1 2 2 0 2 1 2 1 2 1 1
M[7] : 3 4 2 2 2 1 0 4 4 2 3 3 2 4 3 2 3 1 2 3 3 4 3 2 2 2
M[8] : 4 0 4 3 5 5 3 2 5 3 5 2 3 1 2 4 2 3 3 5 1 3 3 3 3 3
M[9] : 5 4 3 6 4 4 1 4 3 4 5 4 3 5 3 2 3 3 4 7 2 4 4 3 4 0
M[10] : 1 4 2 4 2 3 2 4 0 2 3 2 2 1 2 2 3 2 2 3 1 2 4 3 3 3
M[11] : 0 1 0 0 0 0 0 0 0 0 2 1 1 0 1 0 1 1 1 0 2 1 1 2 3 1
M[12] : 3 4 5 3 2 3 2 5 4 4 2 5 6 3 0 3 4 4 4 3 3 4 3 2 2 4
M[13] : 3 0 1 1 2 0 2 0 0 0 2 0 1 1 1 0 1 1 1 0 1 1 1 0 1 1
M[14] : 3 3 2 1 3 3 3 2 3 2 2 2 3 0 2 4 2 2 0 1 2 2 3 2 1 2
M[15] : 3 3 3 3 2 4 2 3 3 3 4 3 4 3 3 0 2 1 3 1 2 3 2 3 3 4
M[16] : 3 3 2 5 4 4 4 3 5 2 5 3 4 4 0 4 2 4 5 4 4 4 4 5 5 4
M[17] : 0 1 1 0 2 1 0 1 1 1 0 3 0 1 0 1 2 1 0 0 0 1 1 1 1 0
M[18] : 3 3 4 2 3 2 4 2 4 3 3 3 4 4 4 3 3 3 3 4 2 3 3 3 0 3
M[19] : 4 7 6 4 4 6 5 5 5 5 5 5 5 4 5 5 4 4 4 6 5 4 4 0 5 4
M[20] : 1 2 1 2 2 1 1 1 2 2 1 1 2 2 1 1 1 1 1 1 0 2 3 2 2 2
M[21] : 5 3 4 3 5 6 4 5 6 0 3 3 4 3 3 3 6 4 6 5 5 3 4 5 5 4
M[22] : 5 4 5 7 4 4 4 4 5 3 4 4 4 6 5 4 7 5 4 0 4 4 6 5 3 8
M[23] : 2 2 3 3 1 2 2 3 3 3 2 3 2 3 3 0 2 2 2 2 3 3 3 3 3 2
M[24] : 2 3 0 3 3 3 3 4 2 1 2 1 2 1 1 2 2 4 3 2 1 3 2 2 2 2
M[25] : 2 4 2 2 4 3 2 2 2 0 2 2 2 2 2 3 2 2 1 2 2 3 3 1 2 3
M[26] : 5 5 4 5 4 0 2 3 4 5 7 3 5 4 3 2 6 6 4 4 4 5 5 4 4 4
M[27] : 2 4 2 4 2 2 2 2 2 1 2 2 3 3 2 3 1 1 3 4 0 1 2 2 3 2
M[28] : 1 1 2 2 2 0 1 1 1 1 1 2 1 0 2 0 1 0 2 3 2 1 2 2 2 1
M[29] : 4 5 4 5 4 4 4 5 4 4 5 2 0 6 5 5 2 5 6 5 5 4 5 5 6 5
M[30] : 4 4 0 5 4 4 6 4 5 2 5 4 4 5 3 2 3 4 3 2 5 4 5 7 5 3
M[31] : 2 3 3 0 2 4 3 3 3 3 1 1 2 5 3 3 3 3 3 2 4 4 3 1 3 2
M[32] : 4 5 5 6 4 3 2 6 5 5 4 4 4 3 5 1 4 5 0 4 4 4 3 4 4 2
M[33] : 1 2 1 3 2 5 1 1 2 3 2 2 2 3 2 3 1 2 1 3 2 2 0 3 2 0
M[34] : 2 5 4 3 0 2 1 2 4 2 4 3 4 3 3 2 3 3 2 4 3 2 3 2 4 3
M[35] : 3 3 3 4 3 3 2 3 3 2 3 2 2 3 0 2 2 3 2 2 2 3 3 1 2 3
M[36] : 4 5 5 4 4 3 2 3 0 3 4 2 2 2 2 3 4 4 4 5 4 4 4 3 4 6
M[37] : 3 3 4 3 5 3 2 4 4 2 4 3 0 4 1 4 5 4 2 4 3 2 3 3 2 3
M[38] : 5 4 4 3 2 6 2 4 0 4 3 6 3 4 5 3 4 4 3 3 2 6 3 5 3 7
M[39] : 6 5 0 6 6 5 5 5 8 4 5 5 7 6 5 5 5 5 6 5 4 5 6 5 6 5
M[40] : 2 3 0 4 3 3 2 2 5 5 5 2 2 2 2 2 4 2 3 3 2 4 6 5 4 4
M[41] : 2 1 3 4 4 3 3 3 3 2 3 3 4 3 2 1 3 4 3 5 1 0 2 3 4 2
M[42] : 2 3 3 0 4 4 3 2 4 3 2 5 2 2 3 4 6 4 3 5 3 3 2 4 2 3
M[43] : 2 1 1 3 1 1 2 1 2 1 2 3 0 1 1 1 1 1 1 2 1 1 1 1 1 1
M[44] : 3 5 5 4 3 0 3 4 2 4 5 3 3 3 6 6 4 4 4 4 3 3 4 2 3 3
M[45] : 5 6 3 4 4 4 5 5 4 4 4 4 5 5 4 3 5 4 0 6 5 3 3 4 6 4
M[46] : 4 5 5 4 4 5 6 4 5 6 5 3 4 5 4 4 4 4 5 6 5 4 5 5 0 4
M[47] : 4 5 2 5 4 0 3 3 4 2 3 3 3 2 5 4 3 4 4 3 3 3 3 4 5 5
M[48] : 3 4 3 1 2 2 2 3 3 2 2 3 0 2 3 2 3 2 2 2 3 3 3 2 2 2
M[49] : 4 5 2 6 4 3 2 4 0 3 4 2 3 2 3 4 3 2 3 2 4 3 2 3 3 2
M[50] : 5 5 4 3 5 5 4 3 0 3 3 4 4 4 5 2 3 3 4 4 4 3 3 2 3 2
M[51] : 3 5 3 3 0 3 1 4 4 4 2 2 1 3 3 2 2 4 1 4 3 3 3 3 3 3
M[52] : 3 2 2 2 4 3 1 1 3 2 2 3 1 3 0 0 2 3 4 5 1 1 0 4 2 2
M[53] : 2 1 2 4 1 2 2 2 0 2 3 2 0 2 1 1 2 2 1 2 3 2 0 1 0 2
M[54] : 4 5 5 3 5 5 3 3 5 3 4 6 3 4 4 2 4 3 5 6 4 0 5 5 3 4
M[55] : 4 6 0 4 3 3 2 4 6 5 3 3 4 4 5 4 4 3 3 4 4 2 2 3 4 4
M[56] : 1 3 2 4 3 3 4 5 2 1 3 4 3 2 4 3 4 2 2 3 2 3 2 3 0 2
M[57] : 0 3 4 4 4 3 2 3 2 3 2 2 3 2 3 2 1 4 2 4 2 3 3 3 3 4
M[58] : 2 5 4 4 5 3 2 2 0 4 3 3 3 3 2 3 3 2 5 3 5 3 2 4 4 4
M[59] : 3 3 3 3 4 2 5 0 5 3 3 2 3 5 3 3 4 3 4 4 5 3 3 3 2 3
M[60] : 3 4 5 3 4 4 3 3 4 3 0 5 5 3 3 4 2 4 4 3 4 4 3 2 4 3
M[61] : 3 3 3 3 3 2 3 3 3 3 3 4 2 3 4 2 3 3 5 2 2 3 2 3 0 5
M[62] : 3 3 4 4 3 4 5 4 5 4 4 4 4 5 3 3 3 4 2 3 5 0 5 5 4 3
M[63] : 5 6 3 0 2 4 4 3 4 6 4 5 5 2 3 5 5 5 4 6 2 2 3 5 4 6
M[64] : 4 3 2 2 3 3 2 2 1 2 2 4 4 3 0 3 2 2 2 4 2 3 1 2 2 3
M[65] : 3 3 3 6 4 4 2 3 4 4 4 1 3 2 2 0 3 3 2 5 1 5 4 2 3 5
M[66] : 3 4 4 3 4 0 3 3 4 4 4 4 4 3 4 3 4 4 3 4 3 2 3 4 3 1
M[67] : 4 5 3 4 4 6 4 5 3 5 4 4 6 4 4 3 3 5 4 6 6 5 0 3 3 2
M[68] : 6 4 6 5 7 4 5 7 6 3 3 5 6 5 6 4 7 5 6 5 5 4 6 5 0 4
M[69] : 3 4 2 3 4 0 2 3 3 3 2 2 5 2 3 3 2 3 2 2 2 3 3 2 2 4
M[70] : 6 4 3 3 3 4 2 3 3 4 3 5 3 5 3 3 2 0 3 5 3 4 4 2 4 2
M[71] : 1 3 2 2 1 3 2 2 2 3 2 2 2 1 2 1 2 2 1 3 2 0 4 2 1 3
M[72] : 0 0 0 0 0 1 0 0 2 1 0 0 0 0 0 0 0 0 2 0 0 0 0 0 1 0
M[73] : 2 3 3 3 2 3 3 3 3 4 3 3 1 3 1 2 4 2 1 3 2 3 5 0 3 2
M[74] : 2 4 3 4 0 2 4 1 3 3 5 4 3 2 3 1 3 2 3 2 3 2 5 2 3 3
M[75] : 2 2 2 0 3 3 3 2 2 2 2 2 2 2 3 1 3 2 2 3 3 3 1 2 1 2
M[76] : 0 1 0 0 0 1 1 1 1 1 0 0 0 0 1 0 0 1 0 0 0 0 0 0 0 0
M[77] : 4 2 4 2 4 2 5 3 2 2 0 5 3 3 2 2 3 3 4 4 0 4 4 4 4 4
M[78] : 0 6 5 6 4 4 5 8 4 3 5 3 4 3 4 4 3 6 4 4 3 5 4 5 5 5
M[79] : 0 1 1 1 1 1 3 3 2 2 3 3 3 1 2 1 3 3 2 2 3 0 3 1 2 2
M[80] : 2 2 2 2 1 0 2 2 2 4 1 1 2 2 2 2 1 2 2 2 2 1 1 3 0 1
M[81] : 2 4 4 4 3 4 5 4 3 4 3 2 3 3 0 3 3 3 4 5 3 5 4 4 5 4
M[82] : 0 2 4 4 4 3 3 1 2 2 5 3 4 4 2 1 3 5 3 2 4 2 2 3 3 3
M[83] : 3 4 3 6 5 4 4 0 3 3 4 5 4 2 3 4 4 4 1 3 4 3 2 5 4 5
M[84] : 1 2 1 1 0 0 0 1 2 1 0 1 2 1 1 1 1 1 2 2 1 1 1 0 1 0
M[85] : 2 3 4 3 2 3 0 2 1 0 2 2 2 2 2 1 1 2 3 2 2 1 3 2 0 3
M[86] : 4 4 4 5 5 5 5 4 4 3 4 3 0 5 4 4 4 4 2 3 4 5 4 4 3 5
M[87] : 3 3 4 4 2 4 5 2 3 5 4 3 3 3 3 3 3 4 0 4 4 5 2 3 2 2
M[88] : 4 5 5 6 6 5 5 4 4 4 0 6 2 4 5 3 6 4 4 6 4 3 5 6 6 4
M[89] : 5 7 4 4 5 6 5 0 3 5 7 3 6 4 5 5 5 5 5 7 5 6 6 5 5 3
M[90] : 1 3 1 3 2 2 0 1 1 2 2 2 2 4 2 2 3 2 3 2 3 2 2 1 3 2
M[91] : 3 3 2 2 1 0 3 1 2 2 1 2 2 2 1 1 2 1 1 2 1 1 1 1 2 1
M[92] : 4 3 3 3 2 1 0 2 2 3 4 3 4 2 3 2 2 4 3 3 3 3 3 2 3 3
M[93] : 3 4 1 5 4 3 3 5 3 3 5 5 3 0 2 2 3 3 4 3 5 3 3 3 4 3
M[94] : 3 5 3 3 3 2 2 4 3 4 5 4 4 2 1 3 4 3 2 1 1 2 4 0 2 5
M[95] : 5 4 5 6 4 3 3 4 3 3 4 4 6 3 3 0 5 5 4 5 2 6 4 4 4 4
M[96] : 3 2 1 4 4 3 3 2 3 2 3 0 3 3 2 4 4 4 2 3 4 2 4 3 2 2
M[97] : 4 4 5 6 6 3 3 5 4 5 3 4 4 4 3 4 5 3 4 4 3 5 3 0 4 3
M[98] : 0 4 4 4 2 2 4 3 4 5 2 4 3 2 5 1 2 4 3 6 3 3 2 3 3 2
M[99] : 0 0 1 1 0 1 1 0 1 1 0 0 1 0 1 2 1 0 0 1 0 0 0 0 0 0
M[100] : 5 5 3 5 4 3 3 4 0 5 4 4 5 5 4 4 4 3 5 5 3 4 4 3 3 3
M[101] : 4 4 4 4 4 4 3 2 4 6 0 3 3 2 3 4 4 4 4 4 3 5 4 5 3 3
M[102] : 4 5 4 5 4 4 5 5 5 6 0 4 6 7 7 6 5 4 5 6 5 5 5 4 6 5
M[103] : 4 4 4 0 3 4 3 4 3 3 4 3 3 4 4 3 3 5 3 4 4 3 3 3 2 4
M[104] : 3 5 5 5 4 4 2 6 4 5 3 5 3 5 5 3 6 7 4 6 6 0 6 5 5 4
M[105] : 4 3 3 3 4 4 5 4 4 6 3 5 3 5 3 3 4 4 4 4 4 4 4 0 3 5
M[106] : 0 4 3 5 4 5 7 5 3 4 5 4 4 4 3 5 2 4 3 3 5 5 4 5 4 4
M[107] : 0 1 4 2 1 3 2 3 3 2 3 0 1 2 4 0 3 1 1 2 2 2 1 0 1 2
M[108] : 0 0 1 2 1 0 1 0 1 0 1 1 1 1 0 0 0 1 1 0 1 0 1 2 1 1
M[109] : 4 6 3 0 3 3 3 3 3 2 3 3 4 2 3 3 4 4 3 4 3 2 2 3 3 3
M[110] : 2 1 3 2 2 3 2 2 0 1 2 3 2 1 2 3 2 2 2 3 2 2 2 3 2 2
M[111] : 3 3 4 5 5 4 5 3 6 3 4 0 5 3 4 5 5 4 4 6 3 5 6 4 7 6
M[112] : 4 5 5 5 3 1 5 3 4 5 5 4 4 4 4 4 5 4 3 5 4 3 0 5 2 3
M[113] : 1 4 1 3 4 2 4 2 2 2 3 3 3 3 4 2 3 1 2 3 0 1 3 4 5 3
M[114] : 1 0 3 1 3 2 2 1 1 1 1 1 1 1 1 1 1 2 1 1 1 2 1 0 1 1
M[115] : 4 3 3 4 3 3 2 3 0 2 3 4 2 2 2 1 3 3 2 4 4 2 2 3 3 5
M[116] : 4 3 1 3 3 2 3 2 6 3 0 3 5 5 1 3 3 2 2 4 4 2 4 2 2 3
M[117] : 1 3 3 5 2 2 2 3 2 3 3 4 5 3 2 2 3 4 2 3 0 2 2 5 1 4
M[118] : 2 3 1 2 3 2 3 2 2 1 2 5 2 2 2 2 0 2 2 2 1 3 2 2 3 4
M[119] : 2 2 3 0 1 2 2 2 2 3 3 2 3 1 1 1 1 2 3 2 2 2 3 1 3 2
M[120] : 4 3 3 3 4 3 3 1 4 2 3 2 3 3 2 1 3 2 2 3 2 2 3 4 4 0
M[121] : 3 2 3 3 2 3 2 2 1 0 2 1 2 3 4 2 1 4 3 3 2 3 6 2 1 2
M[122] : 2 4 3 3 3 2 1 3 5 3 1 1 1 1 2 2 3 3 2 2 2 0 1 4 3 3
M[123] : 4 3 2 3 3 3 3 2 2 2 3 2 2 4 4 3 1 3 3 3 2 0 3 3 4 4
M[124] : 4 2 4 2 3 4 4 6 4 3 4 2 4 2 4 5 2 4 4 4 5 4 3 0 2 4
M[125] : 4 4 4 4 4 6 6 7 4 5 0 3 5 6 4 4 5 5 5 5 6 5 5 4 4 5
M[126] : 7 0 4 5 5 6 6 4 6 5 5 5 4 4 5 3 3 4 3 5 5 4 5 3 3 4
M[127] : 2 5 2 3 3 3 3 3 4 2 0 3 4 2 4 3 4 2 2 3 3 3 3 3 2 4
M[128] : 2 2 2 1 2 1 2 1 2 1 1 2 3 2 2 1 2 3 2 2 1 2 2 2 0 2
M[129] : 3 3 2 3 3 2 3 1 3 3 3 1 3 3 3 3 2 3 3 2 2 0 2 2 2 1
M[130] : 3 4 2 1 0 4 2 4 3 4 6 2 3 3 3 2 3 4 4 4 3 4 2 3 2 4
M[131] : 2 3 2 5 2 2 2 2 2 1 2 1 1 0 3 3 3 1 0 0 1 2 0 1 2 3
M[132] : 3 3 1 1 2 3 0 2 2 0 1 1 3 2 1 2 1 1 0 0 1 2 2 1 2 2
M[133] : 3 5 3 5 4 5 5 3 3 4 3 2 3 2 3 3 5 0 3 4 3 6 4 3 4 3
M[134] : 4 3 2 3 3 2 3 4 3 4 3 4 3 0 3 4 3 4 3 4 2 3 3 3 3 3
M[135] : 4 2 3 4 4 4 4 4 3 0 4 5 3 4 5 5 4 4 4 3 4 5 4 3 2 3
M[136] : 4 5 2 3 4 4 4 4 4 4 3 3 4 2 5 3 2 4 3 4 6 4 2 0 3 5
M[137] : 3 3 3 4 2 2 4 3 2 2 3 2 2 3 2 3 3 0 2 3 2 4 2 3 3 3
M[138] : 2 3 4 2 3 3 2 3 2 3 2 1 2 3 2 3 2 3 2 4 0 4 2 2 2 2
M[139] : 1 0 2 2 2 1 0 1 1 3 2 1 1 1 2 1 0 3 2 1 1 1 1 0 0 2
M[140] : 5 6 0 3 4 3 3 3 4 5 3 4 3 2 4 3 4 3 4 4 3 5 4 3 4 6
M[141] : 2 1 0 2 1 1 1 2 1 1 0 1 1 0 0 3 1 0 0 1 1 0 1 3 1 0
M[142] : 6 3 4 0 8 6 5 2 6 6 5 6 4 5 3 5 3 2 3 6 3 3 6 3 4 4
M[143] : 3 5 6 3 4 4 5 3 4 3 4 4 2 6 3 2 5 2 4 3 4 5 0 5 4 2
M[144] : 2 3 1 3 3 1 3 1 3 4 2 3 3 4 3 1 2 2 3 0 3 1 3 1 2 1
M[145] : 1 1 1 1 2 1 2 1 3 1 3 1 2 2 3 2 2 2 0 2 2 3 2 2 4 1
M[146] : 3 3 2 3 1 2 3 2 1 2 2 1 3 3 0 3 1 2 4 2 3 2 3 2 3 2
M[147] : 2 2 0 3 2 1 1 3 2 3 2 2 4 2 1 1 1 2 2 3 3 2 2 1 3 1
M[148] : 2 4 2 2 3 3 3 3 4 1 3 1 0 3 2 2 4 2 2 3 5 3 3 3 2 2
M[149] : 5 3 4 5 3 4 3 4 2 4 6 0 3 4 4 2 6 3 2 5 3 3 2 4 3 3
M[150] : 6 0 3 4 7 5 7 5 7 4 4 5 6 8 6 3 6 5 6 7 6 4 6 7 4 7
M[151] : 1 1 1 2 2 4 3 3 4 1 2 2 1 2 3 0 2 2 3 1 2 2 2 2 2 3
M[152] : 1 1 0 1 1 0 1 0 1 1 2 0 1 2 0 1 0 1 0 2 0 1 1 0 0 2
M[153] : 3 4 3 4 4 4 3 2 4 3 2 4 2 3 2 2 2 2 3 4 4 6 0 4 3 4
M[154] : 0 2 1 1 1 1 1 1 1 1 1 1 2 1 1 1 1 2 1 1 1 2 1 1 1 1
M[155] : 4 5 4 7 4 4 6 5 5 6 5 3 0 3 7 4 6 5 6 5 4 5 6 5 6 6
M[156] : 4 6 7 6 4 5 5 5 6 5 4 3 4 2 3 5 3 4 4 0 4 6 5 5 4 5
M[157] : 2 4 1 3 3 3 0 2 3 4 4 1 5 3 1 3 2 1 3 3 2 3 4 4 3 3
M[158] : 0 3 3 4 2 2 1 2 3 1 2 1 0 2 1 0 2 2 1 1 2 2 3 2 2 1
M[159] : 7 5 4 5 5 5 5 6 5 6 5 6 6 5 5 0 6 6 6 4 5 4 5 4 5 6
M[160] : 2 4 2 6 4 3 4 3 3 0 4 3 3 4 2 2 3 3 3 4 4 2 3 3 2 2
M[161] : 4 5 5 4 2 3 4 3 3 6 4 4 3 0 3 5 5 5 4 5 5 3 4 4 5 5
M[162] : 0 2 2 3 1 2 2 1 1 1 1 1 1 0 0 1 0 0 0 2 1 2 1 2 1 0
M[163] : 4 4 4 6 4 5 5 5 6 2 4 5 5 3 4 4 4 0 5 6 4 4 5 4 7 6
M[164] : 5 5 4 6 7 4 3 4 5 3 5 0 4 5 3 4 2 3 5 4 4 4 6 5 4 4
M[165] : 4 6 4 0 4 3 2 4 6 3 4 5 3 2 5 4 4 2 4 5 4 4 5 4 3 3
M[166] : 4 8 7 5 6 5 5 6 6 6 5 5 5 7 5 6 5 5 5 5 0 3 4 4 3 3
M[167] : 5 9 4 5 7 7 6 4 5 6 6 5 5 5 0 7 7 4 6 8 7 5 6 6 5 4
M[168] : 3 3 5 3 4 3 4 2 3 4 3 1 2 4 3 4 2 0 4 4 3 2 3 3 5 4
M[169] : 1 3 3 0 3 3 2 2 2 2 2 3 3 2 4 2 3 1 3 4 2 1 3 2 2 2
M[170] : 3 0 3 5 5 5 5 4 2 3 2 2 4 3 3 4 4 4 4 3 6 3 5 5 4 3
M[171] : 3 4 0 3 3 4 2 3 3 3 3 3 5 2 2 3 3 2 2 2 4 1 2 4 1 4
M[172] : 3 4 3 4 2 4 4 4 2 3 4 4 4 4 3 3 3 2 3 4 2 4 0 3 4 4
M[173] : 3 3 2 2 1 1 3 4 0 2 2 2 3 3 2 2 3 2 1 3 5 1 2 2 2 1
M[174] : 2 4 4 5 4 4 5 5 4 4 4 5 2 5 5 6 5 4 5 4 4 5 2 6 5 0
M[175] : 3 2 3 2 4 3 3 4 2 2 3 3 2 0 3 3 3 3 2 3 3 4 3 3 3 3
M[176] : 1 1 2 2 0 1 2 0 3 1 1 0 2 1 2 2 2 3 1 1 0 2 2 1 1 1
M[177] : 1 1 0 3 3 1 2 2 1 3 2 1 2 2 2 1 2 3 2 2 3 3 1 2 1 2
M[178] : 1 0 6 4 5 4 2 3 3 4 3 4 3 3 2 3 3 3 2 4 4 3 2 4 3 5
M[179] : 2 3 2 2 1 1 2 2 2 1 0 2 2 1 1 2 1 2 1 1 2 2 1 1 2 3
M[180] : 3 3 3 1 4 4 3 3 2 3 3 2 1 2 4 0 2 3 2 3 4 3 1 3 3 3
M[181] : 4 4 5 4 3 3 3 3 0 2 3 5 3 4 3 2 3 2 3 3 4 5 4 4 5 4
M[182] : 3 4 3 4 3 3 3 4 4 3 5 4 2 4 3 3 4 4 5 0 5 3 4 3 4 5
M[183] : 3 3 4 5 4 4 5 4 4 5 5 3 4 0 5 5 3 3 5 5 4 6 5 4 4 6
M[184] : 5 3 2 5 0 4 3 4 5 3 5 3 4 3 3 3 4 3 3 4 3 4 2 4 3 2
M[185] : 3 3 5 3 4 0 3 4 5 5 4 5 5 3 3 5 4 4 3 5 4 4 5 4 2 4
M[186] : 3 3 4 3 3 3 3 3 3 2 2 3 1 2 4 3 4 0 5 3 3 4 2 3 2 1
M[187] : 3 0 2 4 3 2 2 3 1 2 3 4 3 2 2 0 2 0 1 4 3 2 2 2 2 2
M[188] : 5 5 5 4 5 2 5 4 7 4 3 4 4 2 5 3 6 5 4 4 0 4 3 4 3 4
M[189] : 3 5 3 5 0 4 4 2 5 4 5 2 4 3 4 3 3 4 7 4 4 3 4 4 3 3
M[190] : 1 0 1 4 2 3 4 3 2 2 3 1 2 1 4 3 2 2 2 2 4 1 0 3 3 2
M[191] : 5 3 5 5 6 3 4 3 4 4 5 2 6 7 6 0 4 4 3 5 6 6 6 5 4 6
M[192] : 4 4 3 3 4 4 3 0 4 4 3 4 4 4 2 3 5 3 2 3 3 2 2 3 4 4
M[193] : 0 3 4 4 5 2 2 3 2 2 5 3 3 4 4 2 4 3 5 4 2 3 2 2 2 3
M[194] : 1 3 3 2 3 3 4 2 4 4 2 3 3 4 3 2 1 2 3 0 3 5 3 3 4 4
M[195] : 2 2 3 2 1 1 1 0 1 0 1 1 1 4 2 2 0 3 2 3 2 3 1 5 1 1
M[196] : 2 4 0 2 2 3 1 3 1 2 1 2 2 2 3 3 2 2 2 2 2 3 2 3 2 3
M[197] : 0 3 4 5 4 2 4 4 3 3 4 3 3 2 3 3 0 2 3 2 2 4 3 3 2 2
M[198] : 5 5 2 4 4 3 4 2 4 4 4 2 4 5 3 4 0 2 4 3 4 3 5 6 4 3
M[199] : 2 0 5 4 2 3 2 4 6 4 4 3 3 2 3 3 3 2 1 2 2 4 2 3 1 3
M[200] : 2 2 1 1 2 1 3 1 2 3 1 1 1 2 1 1 0 1 1 1 1 1 1 2 0 2
M[201] : 3 2 4 3 4 3 3 3 3 2 2 3 3 3 3 3 0 2 2 3 3 3 4 3 3 3
M[202] : 3 4 4 3 6 6 4 5 4 2 4 0 5 6 4 2 6 5 4 3 6 5 6 3 5 4
M[203] : 6 5 5 0 6 8 6 6 6 5 4 4 6 6 4 5 6 7 3 8 8 6 3 5 5 8
M[204] : 1 4 3 4 0 3 3 3 1 3 3 3 3 3 2 3 4 1 2 2 3 3 3 4 4 4
M[205] : 3 3 2 3 3 2 3 3 3 2 3 2 3 2 4 2 1 2 3 3 0 3 4 1 2 2
M[206] : 2 5 6 4 5 4 4 1 3 4 5 6 3 3 4 5 4 5 3 4 1 2 0 4 4 3
M[207] : 4 4 2 3 4 2 5 2 5 4 6 3 5 4 2 4 2 4 4 4 3 3 4 5 4 0
M[208] : 3 3 2 4 5 4 3 4 3 2 0 2 3 3 2 2 3 2 2 4 3 2 1 4 2 4
M[209] : 1 1 2 1 2 1 0 2 2 2 2 2 2 2 2 3 2 2 3 1 2 2 1 2 2 2
M[210] : 3 4 5 2 0 3 4 3 4 2 3 5 4 3 3 3 2 4 4 5 3 5 2 3 4 4
M[211] : 2 2 3 4 4 4 4 3 2 4 3 4 2 0 4 2 3 2 3 2 2 4 2 3 2 1
M[212] : 1 2 3 2 2 3 4 2 2 3 2 2 0 2 2 1 2 3 1 4 3 1 2 2 3 3
M[213] : 5 3 5 5 4 5 3 0 4 5 3 6 4 6 4 4 4 4 3 3 4 6 3 4 4 5
M[214] : 2 2 3 2 2 4 1 2 2 3 2 2 0 2 2 2 2 2 3 3 0 2 2 2 2 3
M[215] : 1 1 1 2 1 1 1 1 2 2 2 0 0 0 1 1 3 0 2 1 2 0 0 0 1 1
M[216] : 6 4 4 6 5 5 5 4 6 6 5 5 6 4 0 4 4 6 4 5 7 6 6 4 4 5
M[217] : 5 5 5 5 6 3 4 3 6 4 5 5 5 4 6 3 4 3 0 5 3 3 5 4 3 4
M[218] : 6 4 6 4 5 4 5 3 5 5 4 4 4 5 6 4 5 4 5 0 6 3 3 4 4 4
M[219] : 4 5 5 4 5 3 6 5 3 4 4 4 4 6 5 5 5 4 4 3 5 5 6 0 7 5
M[220] : 3 3 4 4 3 4 4 5 2 3 3 4 4 3 0 5 4 4 3 4 5 3 3 5 7 4
M[221] : 2 4 4 2 3 4 3 5 0 4 3 4 4 5 4 3 5 4 4 3 4 3 2 3 3 4
M[222] : 3 0 4 4 2 3 4 3 3 4 4 4 2 5 3 3 4 3 4 3 6 3 2 2 3 2
M[223] : 2 3 2 2 3 3 2 3 1 2 0 1 2 1 1 1 1 1 2 2 3 0 1 2 3 3
M[224] : 4 3 4 4 5 4 4 5 5 5 3 3 3 5 4 5 3 3 4 2 5 0 5 3 3 3
M[225] : 4 1 3 3 1 2 2 3 3 4 2 4 2 4 4 0 3 3 3 0 2 2 2 3 2 2
M[226] : 1 2 2 2 4 2 4 3 2 1 2 3 0 1 2 3 3 1 3 2 3 1 3 3 3 2
M[227] : 3 3 1 2 2 2 1 2 2 1 1 3 2 2 1 4 0 2 1 2 2 1 1 3 3 2
M[228] : 2 2 5 2 2 3 1 3 2 2 3 2 2 1 1 1 0 3 3 1 1 2 2 2 2 2
M[229] : 0 2 0 1 1 1 1 1 1 0 2 0 1 1 3 0 1 1 1 1 1 1 1 0 2 1
M[230] : 1 2 2 3 2 0 2 2 2 4 4 3 2 2 3 1 3 1 2 3 2 2 3 3 2 2
M[231] : 3 6 3 5 6 4 5 5 5 5 5 4 6 3 5 3 5 5 5 6 6 6 0 3 6 5
M[232] : 4 3 2 2 2 1 0 1 1 3 3 2 3 2 4 2 3 3 2 2 2 2 3 1 2 2
M[233] : 5 4 5 4 4 4 3 5 2 4 5 4 5 2 4 3 3 0 5 5 5 6 6 3 3 3
M[234] : 5 4 3 7 2 3 4 3 5 3 6 3 4 3 3 4 3 6 5 4 3 5 4 5 0 5
M[235] : 1 2 1 1 1 1 1 3 1 1 1 2 1 2 1 2 2 1 1 1 1 1 0 2 1 1
M[236] : 0 2 1 0 1 1 0 0 1 1 1 0 0 1 1 2 1 2 1 1 0 1 0 1 1 1
M[237] : 4 4 4 5 6 4 4 3 3 4 3 3 3 3 5 5 4 5 0 3 3 4 5 4 5 4
M[238] : 2 1 1 1 1 1 1 1 0 1 3 2 1 2 3 1 1 0 2 2 1 3 1 2 2 2
M[239] : 3 0 4 3 3 5 2 3 4 3 3 3 3 3 3 3 5 3 2 2 4 2 5 2 3 4
M[240] : 4 4 3 6 0 4 4 5 4 5 4 4 5 4 3 6 4 3 2 4 4 6 4 4 4 3
M[241] : 1 1 1 3 1 0 2 0 0 1 3 1 1 2 1 0 1 2 0 2 0 3 1 1 1 2
M[242] : 2 2 1 2 1 0 1 2 1 2 0 2 1 1 1 2 3 1 1 2 1 2 3 1 1 2
M[243] : 4 3 4 3 4 4 4 3 5 3 2 3 4 4 5 5 3 3 4 3 4 3 2 4 3 0
M[244] : 2 2 2 1 2 1 0 2 3 3 1 0 1 2 1 1 1 0 0 1 1 2 3 1 1 2
M[245] : 3 5 6 6 4 5 4 6 4 4 5 3 3 5 3 4 0 4 3 6 3 5 4 4 4 4
M[246] : 3 2 4 2 3 3 2 2 3 2 1 2 2 2 0 2 0 2 3 2 3 2 2 2 1 1
M[247] : 1 2 2 2 2 2 2 3 3 3 3 2 2 2 0 2 2 3 2 3 4 3 3 1 2 2
M[248] : 6 6 6 5 4 6 0 3 5 5 4 4 3 5 5 5 4 4 4 7 4 4 5 7 5 4
M[249] : 4 4 0 6 5 6 4 5 5 6 3 6 3 3 7 4 6 4 5 6 6 7 8 5 4 6
M[250] : 1 2 2 0 2 2 2 1 2 2 3 0 3 5 1 3 2 2 3 3 2 1 2 1 2 2
M[251] : 1 1 1 3 2 1 3 2 1 2 2 2 2 1 1 3 2 0 1 2 2 2 1 2 1 3
M[252] : 0 4 0 1 2 1 1 1 2 2 1 1 2 3 0 2 2 2 0 3 1 1 2 2 2 2
M[253] : 4 4 4 3 3 2 3 2 2 3 3 2 5 4 5 2 3 0 3 4 4 4 5 2 5 4
M[254] : 4 4 5 4 5 4 5 3 3 6 4 5 6 5 4 4 4 5 4 5 4 5 0 3 5 4
M[255] : 5 4 0 4 5 3 5 4 3 3 5 3 4 3 4 3 6 5 3 4 3 4 3 4 4 3
M[256] : 3 5 4 3 4 3 3 3 3 0 4 4 4 3 3 3 3 1 3 2 3 3 3 3 3 3
M[257] : 3 1 1 2 1 1 2 2 0 2 2 1 2 1 1 1 1 2 3 2 1 0 2 2 2 2
M[258] : 1 3 2 3 2 3 1 5 3 2 3 2 2 3 2 2 1 2 0 2 2 1 2 3 2 1
M[259] : 3 2 3 5 2 2 0 4 2 4 4 3 2 3 4 2 3 4 2 3 2 3 2 4 4 3
M[260] : 3 4 4 4 5 2 2 4 4 4 4 3 5 4 2 3 2 4 2 0 4 2 3 3 3 3
M[261] : 4 5 5 0 4 4 4 3 4 6 2 4 5 4 4 6 3 5 3 5 4 5 4 4 3 3
M[262] : 5 4 0 4 3 4 3 5 3 6 4 3 4 4 7 3 4 4 3 6 6 4 5 4 7 5
M[263] : 4 5 5 6 4 2 6 3 4 0 4 4 4 4 5 4 5 3 5 5 5 8 5 6 4 2
M[264] : 3 2 2 4 3 4 3 3 3 3 3 3 5 4 2 0 4 3 3 3 3 2 2 3 2 1
M[265] : 3 3 4 5 4 5 5 4 4 4 4 4 3 3 3 3 5 2 5 4 5 3 2 0 4 4
M[266] : 5 3 3 5 4 0 2 6 5 3 4 3 1 4 5 1 4 4 4 3 2 3 4 5 3 3
M[267] : 2 1 0 2 1 1 1 1 2 2 2 1 1 0 1 0 2 1 2 1 0 2 0 1 0 1
M[268] : 0 0 2 0 2 1 2 1 0 1 0 1 1 3 2 1 1 2 2 0 1 1 0 2 2 1
M[269] : 0 0 0 1 0 0 0 0 1 3 1 0 0 1 0 0 1 1 0 0 0 0 0 0 1 0
M[270] : 1 2 2 2 4 2 1 3 2 3 2 2 2 3 2 4 2 1 3 3 3 3 0 2 1 3
M[271] : 3 4 4 3 4 3 3 3 4 1 3 3 5 3 3 2 3 1 3 4 3 4 5 4 0 4
M[272] : 5 5 6 7 6 0 5 5 6 5 6 4 1 4 5 4 7 5 4 7 5 5 4 5 6 5
M[273] : 3 3 4 4 5 6 0 6 5 3 4 3 3 4 4 4 4 4 4 5 3 5 3 4 3 5
M[274] : 2 3 2 2 2 1 1 2 3 2 1 3 1 4 1 2 1 1 1 3 0 2 3 3 1 3
M[275] : 2 3 2 2 3 2 2 2 3 2 3 3 3 1 2 3 3 3 1 2 2 3 3 3 0 2
M[276] : 3 2 4 3 3 3 3 2 3 4 4 3 2 4 3 2 3 2 2 2 2 2 2 0 2 3
M[277] : 2 2 0 2 3 3 4 3 2 2 3 2 1 3 2 3 4 4 3 3 2 2 1 4 2 1
M[278] : 2 5 3 4 4 3 2 4 3 3 3 2 4 0 4 6 2 3 3 3 1 3 5 2 3 4
M[279] : 3 1 4 4 4 4 3 3 0 2 4 5 3 4 3 2 4 2 2 4 2 4 2 3 2 3
M[280] : 4 4 4 4 5 3 5 0 5 5 5 2 4 4 4 3 2 2 5 5 3 4 4 5 2 3
M[281] : 3 5 4 3 5 2 1 2 5 0 1 4 1 2 2 1 3 3 2 3 2 4 4 5 4 4
M[282] : 2 5 5 5 6 5 2 4 5 5 3 0 3 3 6 4 5 3 4 5 6 4 3 4 4 5
M[283] : 4 6 6 6 4 6 3 5 6 6 3 4 5 4 5 4 5 4 3 6 4 5 5 4 3 0
M[284] : 1 1 0 2 2 1 2 1 2 1 2 1 0 0 2 0 0 0 1 1 3 2 2 1 1 2
M[285] : 3 3 4 3 3 3 2 4 3 3 3 2 0 3 5 3 4 5 4 3 4 4 5 4 5 4
M[286] : 3 5 4 4 4 3 5 2 5 5 3 2 5 5 4 3 7 3 6 6 5 5 4 0 2 4
M[287] : 4 4 4 5 5 5 3 2 4 3 3 3 2 3 3 2 1 4 0 4 3 4 3 5 7 6
M[288] : 2 3 4 4 2 1 3 2 2 2 2 2 2 4 0 1 3 2 1 3 1 2 1 3 4 2
M[289] : 4 2 2 3 2 3 3 1 3 2 3 1 3 2 3 1 3 3 2 3 5 4 0 3 3 2
M[290] : 4 3 4 0 2 1 2 4 3 3 3 3 3 3 2 5 3 2 2 4 4 3 3 3 3 4
M[291] : 0 1 2 2 1 1 3 2 3 2 2 3 3 1 2 1 1 1 2 4 2 2 2 2 2 2
M[292] : 4 4 4 3 3 5 4 0 6 1 5 3 5 3 4 7 3 4 4 4 4 5 4 4 3 3
M[293] : 2 4 3 6 4 5 5 4 4 4 4 2 3 5 3 2 2 4 5 0 3 4 2 4 2 4
M[294] : 6 5 5 4 5 5 4 5 6 5 6 4 6 5 5 5 6 0 5 5 5 4 5 6 5 5
M[295] : 2 3 2 3 2 2 0 2 3 2 3 4 3 3 2 2 3 2 2 3 2 4 3 2 2 3
M[296] : 5 4 5 3 4 4 0 5 5 4 5 3 4 3 5 3 4 6 5 5 4 5 4 4 5 4
M[297] : 0 3 1 2 1 3 2 2 1 2 1 2 2 1 1 2 1 2 3 3 1 1 3 1 1 1
M[298] : 3 1 3 2 3 2 2 2 2 2 3 2 2 2 3 2 2 0 3 2 2 2 1 1 2 2
M[299] : 3 4 3 2 3 5 3 2 4 1 0 2 2 4 4 1 3 2 5 4 3 3 3 5 3 2
M[300] : 6 0 5 4 6 5 4 7 4 4 6 4 5 5 4 3 5 5 5 8 5 5 6 5 6 5
M[301] : 2 2 4 3 3 3 3 2 3 1 1 3 3 2 3 3 2 3 3 2 2 0 2 3 3 3
M[302] : 6 6 5 6 6 3 7 4 6 8 5 0 5 7 6 4 6 3 7 5 5 4 5 5 3 6
M[303] : 2 3 4 3 4 2 2 4 3 4 3 3 4 2 5 3 1 2 3 4 3 2 4 2 1 0
M[304] : 5 4 5 6 6 6 6 6 5 4 3 4 4 5 5 3 3 5 4 5 4 0 5 3 6 4
M[305] : 3 4 6 4 4 3 2 3 4 5 3 2 4 0 4 1 4 4 2 4 3 3 3 3 2 3
M[306] : 3 2 4 4 2 6 4 3 4 3 3 6 3 3 3 5 3 3 0 1 3 4 2 6 3 4
M[307] : 4 5 5 5 5 4 6 5 3 5 6 4 4 4 5 5 5 4 4 4 0 5 5 3 5 3
M[308] : 4 7 5 6 4 5 4 6 0 4 5 3 3 4 4 7 3 5 4 5 4 7 3 5 5 3
M[309] : 2 0 2 3 2 2 2 3 2 3 2 1 4 2 2 2 2 2 2 2 3 1 3 2 2 3
M[310] : 2 2 4 4 3 3 4 4 4 0 3 4 3 5 4 4 3 3 5 6 4 2 5 5 3 6
M[311] : 1 5 3 1 2 3 2 2 3 2 2 3 4 3 2 1 3 2 1 2 0 3 4 2 2 2
M[312] : 1 1 1 1 1 1 2 1 1 2 1 1 1 1 2 1 1 1 1 1 1 1 0 1 2 1
M[313] : 3 4 2 3 3 0 3 2 4 3 3 4 3 3 3 4 3 4 2 2 3 3 2 3 3 3
M[314] : 2 3 2 2 4 3 3 2 3 0 3 2 3 1 2 2 2 2 2 2 3 2 2 3 3 4
M[315] : 3 2 2 4 4 4 4 5 4 4 3 4 3 3 4 4 4 4 4 0 4 5 4 3 3 3
M[316] : 3 5 3 5 6 5 0 8 4 4 5 4 7 4 4 3 4 4 5 4 7 5 6 5 6 5
M[317] : 2 2 3 4 3 3 2 4 0 3 3 1 2 1 2 4 2 2 2 3 3 3 3 3 1 3
M[318] : 2 0 2 2 3 1 1 1 2 2 1 1 1 2 3 0 2 3 2 3 3 3 2 1 2 2
M[319] : 3 3 2 5 2 2 4 2 3 3 3 3 3 2 3 4 3 4 2 0 3 3 5 3 2 3
M[320] : 4 3 2 4 4 3 5 4 3 3 4 3 3 4 3 0 2 4 4 2 4 2 3 2 3 2
M[321] : 5 7 7 5 4 6 4 7 5 4 0 3 5 3 4 4 6 7 3 3 4 5 5 3 3 4
M[322] : 2 1 1 1 1 2 2 0 0 2 2 1 2 2 1 2 0 0 2 2 0 2 2 0 2 2
M[323] : 2 1 1 1 2 1 1 1 1 2 1 2 1 0 1 1 1 1 0 2 1 1 1 1 1 1
M[324] : 1 0 2 3 0 2 1 2 4 1 0 1 1 0 1 3 0 1 1 0 0 2 1 0 0 0
M[325] : 6 4 3 5 3 4 2 4 2 3 4 4 6 5 3 1 4 2 3 3 5 6 4 0 6 3
M[326] : 7 7 5 8 6 8 3 5 5 6 7 6 7 4 6 3 6 5 6 0 4 6 5 5 5 8
M[327] : 4 4 4 5 4 4 4 4 6 4 4 3 4 4 4 3 0 4 3 4 4 3 4 5 4 4
M[328] : 3 2 2 3 2 3 2 3 2 3 3 1 3 1 1 1 1 4 5 3 1 2 2 0 1 1
M[329] : 2 2 3 5 3 4 4 2 5 3 2 1 2 3 4 0 3 3 5 4 3 3 4 2 2 2
M[330] : 4 2 1 4 4 4 4 2 5 5 5 6 5 4 2 3 6 4 3 5 0 4 5 4 2 3
M[331] : 0 2 3 3 2 2 2 3 4 3 2 2 3 2 2 2 3 2 1 1 2 2 2 2 2 1
M[332] : 0 2 3 3 2 4 3 3 4 2 2 3 4 4 3 4 4 3 2 2 4 3 5 4 3 3
M[333] : 3 2 1 2 3 2 3 2 2 3 2 2 0 2 3 3 3 2 3 2 3 2 2 3 3 2
M[334] : 3 3 2 2 1 1 4 1 3 2 3 2 3 4 2 4 2 0 4 2 2 0 5 3 3 4
M[335] : 1 0 0 1 0 0 0 1 0 1 1 1 2 1 0 2 1 1 0 2 1 1 0 2 0 1
M[336] : 4 3 2 3 4 3 4 3 3 2 3 0 3 1 3 3 2 3 4 5 3 1 3 2 4 2
M[337] : 2 3 3 5 4 4 2 3 3 4 4 3 3 2 4 3 1 1 0 5 4 4 3 3 3 3
M[338] : 2 1 2 3 1 1 2 1 1 2 2 1 1 2 0 1 2 2 1 1 1 0 1 2 0 0
M[339] : 4 5 5 5 5 4 5 0 5 4 5 4 4 5 6 3 5 5 5 5 6 5 4 7 4 5
M[340] : 2 1 3 2 0 2 1 0 1 0 2 1 1 1 1 0 2 2 1 1 1 2 2 2 1 2
M[341] : 2 2 2 3 2 2 2 3 3 3 2 4 3 3 3 2 0 1 3 3 4 2 2 2 2 3
M[342] : 2 2 2 0 2 3 2 4 2 1 1 1 1 1 3 2 1 3 2 1 1 4 2 2 3 2
M[343] : 3 5 3 7 7 5 5 5 3 4 3 4 4 3 3 4 4 4 5 0 6 4 5 4 3 3
M[344] : 2 2 3 3 3 3 2 3 3 3 3 3 4 0 2 3 3 4 2 3 2 2 4 3 2 2
M[345] : 2 2 3 3 2 2 4 4 4 3 5 4 4 3 2 2 3 4 2 3 3 4 3 4 5 0
M[346] : 3 3 3 2 4 2 3 4 2 3 0 1 4 2 3 3 1 3 3 2 2 2 3 3 3 4
M[347] : 3 6 5 8 5 4 6 7 4 4 6 4 8 4 4 5 5 7 5 5 6 5 4 6 5 0
M[348] : 5 4 3 4 0 4 3 3 2 5 4 5 3 5 3 3 4 5 5 4 2 3 4 4 4 3
M[349] : 0 2 0 2 2 0 2 3 1 0 2 2 2 0 1 2 2 1 3 2 1 2 2 2 2 1
M[350] : 6 7 0 7 4 3 3 5 6 3 7 5 4 4 4 4 3 4 4 6 6 5 6 5 3 5
M[351] : 1 3 1 4 3 4 2 2 4 3 2 2 3 3 3 0 2 2 4 4 4 3 2 2 2 3
M[352] : 4 4 3 4 1 2 3 1 2 3 2 1 2 2 2 2 2 0 1 5 3 1 2 2 3 3
M[353] : 4 4 3 4 4 2 4 5 4 4 5 4 3 5 4 5 4 4 4 5 4 0 3 3 4 5
M[354] : 0 4 3 4 2 2 3 3 3 2 2 4 2 2 2 3 4 4 3 2 2 2 3 3 4 4
M[355] : 4 4 3 4 3 3 3 3 4 3 3 5 5 0 4 3 5 3 3 3 3 4 3 3 4 3
M[356] : 2 4 2 2 2 4 3 2 3 4 0 3 4 3 4 3 3 2 2 3 3 2 2 1 0 2
M[357] : 5 4 4 4 3 4 0 3 5 5 5 5 4 6 4 3 4 4 4 4 4 4 5 5 4 4
M[358] : 4 3 5 3 4 3 2 3 4 5 4 4 3 2 3 6 5 5 4 6 4 4 3 4 4 0
M[359] : 1 4 3 3 5 4 4 2 0 4 3 3 5 4 2 2 4 2 3 3 3 2 4 5 6 3
M[360] : 6 6 4 5 3 3 0 6 3 4 4 3 4 2 4 6 3 5 4 4 4 4 4 6 5 4
M[361] : 0 4 2 3 3 5 3 4 4 2 3 3 3 3 3 2 3 4 2 5 2 3 2 1 5 2
M[362] : 3 2 2 2 3 3 2 4 2 3 3 1 3 3 3 3 2 4 2 2 1 2 0 3 2 3
M[363] : 5 5 4 3 3 2 3 3 5 2 2 3 4 2 2 2 2 2 1 3 4 4 0 1 4 4
M[364] : 3 3 4 3 4 3 2 4 5 1 2 4 5 2 5 2 4 4 3 2 0 3 3 4 2 2
M[365] : 3 6 5 5 0 8 3 3 4 6 3 5 6 5 4 4 5 3 5 5 5 5 7 5 3 6
M[366] : 1 2 0 0 1 0 2 1 3 1 1 1 1 0 1 1 1 2 1 2 1 1 1 2 3 0
M[367] : 4 3 4 3 5 2 3 4 2 3 3 3 4 4 5 4 2 0 3 4 3 4 4 5 3 4
M[368] : 2 2 2 3 0 2 2 2 1 1 2 1 1 2 2 1 1 1 2 2 2 3 1 1 3 0
M[369] : 5 5 3 5 3 6 3 5 5 5 4 3 5 1 2 3 4 0 4 3 3 3 1 3 3 3
M[370] : 1 0 0 1 1 1 0 1 3 0 1 0 0 1 0 0 0 0 0 2 0 2 0 0 2 1
M[371] : 4 4 3 4 5 4 4 4 3 3 5 4 6 4 4 3 4 3 6 4 3 3 4 4 3 0
M[372] : 1 3 2 3 3 2 2 2 2 3 3 0 3 2 2 1 2 3 3 3 3 1 4 2 2 2
M[373] : 3 3 4 4 4 3 2 3 4 2 4 3 3 3 2 2 6 3 0 4 4 2 1 1 1 0
M[374] : 3 5 3 4 4 3 5 4 5 4 4 2 4 0 4 3 4 3 4 4 4 4 3 3 2 2
M[375] : 0 1 1 1 0 1 2 0 1 1 1 1 0 2 0 0 1 1 0 1 3 1 2 1 3 1
M[376] : 2 2 3 4 3 2 1 2 3 4 4 0 2 2 2 1 3 2 3 2 2 3 3 3 2 4
M[377] : 5 6 5 3 5 4 4 4 3 6 3 3 4 5 3 2 2 6 3 4 4 4 3 5 0 8
M[378] : 2 4 4 4 3 4 4 3 4 0 5 2 4 3 5 3 4 2 3 5 1 3 3 4 3 4
M[379] : 2 5 4 4 2 4 3 4 3 0 4 3 3 5 4 4 5 4 1 5 6 2 3 3 4 3
M[380] : 2 3 2 1 1 3 2 0 4 1 5 4 2 1 4 1 3 2 1 2 2 2 2 2 3 2
M[381] : 2 3 3 0 4 3 2 3 3 3 3 3 3 3 2 2 4 3 3 3 3 5 2 4 3 3
M[382] : 1 2 1 2 2 3 2 3 2 3 2 2 4 2 2 3 2 2 2 2 0 3 2 2 1 2
M[383] : 1 3 3 3 2 4 0 2 1 1 2 2 2 2 2 2 3 1 2 4 2 1 1 3 2 1
M[384] : 0 5 3 3 3 4 5 4 4 3 3 3 3 3 4 3 3 6 2 6 4 3 3 3 5 5
M[385] : 2 0 3 3 4 3 1 2 5 3 3 2 2 3 0 3 4 2 3 3 2 2 4 3 3 2
M[386] : 4 5 4 2 3 3 3 0 2 6 3 3 3 4 2 2 2 3 3 4 3 2 3 3 3 4
M[387] : 6 6 6 4 8 7 7 7 7 7 6 7 8 6 8 6 7 8 0 7 8 6 6 4 4 6
M[388] : 2 2 4 2 4 2 5 3 2 2 2 4 4 3 4 4 3 2 0 3 3 4 2 3 3 3
M[389] : 1 2 2 2 1 1 3 3 3 1 3 2 4 3 2 1 0 3 1 3 2 2 2 1 1 2
M[390] : 4 0 6 3 5 5 4 3 5 5 4 4 4 3 4 5 4 4 5 5 5 5 6 3 3 4
M[391] : 4 5 4 6 3 2 3 4 3 4 4 2 5 4 4 3 2 3 3 4 0 5 4 3 3 4
M[392] : 3 1 2 2 3 3 2 3 2 3 2 3 3 3 0 3 2 2 3 2 2 1 1 3 1 3
M[393] : 5 5 3 4 4 4 5 5 3 5 5 5 6 4 4 4 5 6 4 0 4 5 5 5 3 5
M[394] : 4 2 4 4 4 3 5 5 5 4 4 5 4 4 3 2 5 4 2 4 5 4 0 3 4 5
M[395] : 6 4 4 4 4 3 3 3 6 4 4 4 0 2 2 4 3 2 4 5 6 1 3 2 4 3
M[396] : 2 3 2 1 3 2 1 1 1 0 2 1 2 0 2 1 1 3 1 0 1 2 2 1 2 1
M[397] : 6 7 6 4 4 6 5 5 6 6 8 4 6 4 5 6 5 7 6 6 0 5 4 7 7 6
M[398] : 4 4 5 6 3 4 5 4 5 4 5 4 0 4 7 4 5 4 4 5 6 4 5 5 5 6
M[399] : 2 4 1 3 2 2 2 2 1 2 2 2 2 3 1 0 1 3 1 2 1 0 2 1 1 2
M[400] : 4 4 2 2 4 3 3 3 2 4 4 3 0 3 3 4 3 4 3 2 2 4 2 3 3 3
M[401] : 5 5 8 7 4 4 5 5 6 4 7 4 5 4 6 6 5 4 6 8 6 0 5 7 4 5
M[402] : 6 4 5 6 5 5 4 4 4 4 3 3 5 5 6 4 4 5 6 4 6 5 5 2 0 3
M[403] : 0 5 5 3 3 5 4 3 4 5 5 3 4 3 7 4 4 4 4 5 5 5 4 5 4 3
M[404] : 3 5 3 1 0 4 3 3 5 4 4 7 4 3 4 3 5 4 4 4 4 2 3 4 5 3
M[405] : 2 2 2 2 0 2 2 2 2 2 2 1 2 1 3 2 2 2 2 2 3 2 2 2 3 2
M[406] : 0 0 0 0 0 0 1 2 1 0 0 0 0 1 0 0 0 0 0 2 0 1 0 1 0 0
M[407] : 3 2 3 3 3 3 2 3 3 0 3 2 4 4 2 2 3 3 2 3 3 2 2 2 1 3
M[408] : 3 2 3 3 3 2 3 2 2 2 2 0 2 2 4 1 1 1 2 3 3 3 2 2 1 2
M[409] : 5 5 5 6 6 7 6 5 4 5 3 4 4 4 5 4 0 5 5 4 6 4 4 3 5 3
M[410] : 4 6 7 9 0 4 5 5 5 4 6 5 5 6 5 5 3 3 7 7 5 4 5 6 4 6
M[411] : 1 2 3 0 0 1 1 2 1 2 2 3 2 2 1 2 2 1 2 1 2 1 2 2 1 2
M[412] : 3 2 1 2 1 3 2 3 2 3 3 2 2 2 2 2 1 0 0 1 1 1 2 1 0 1
M[413] : 2 2 2 1 3 2 2 2 3 2 4 3 1 2 1 3 4 1 1 1 2 2 2 2 0 2
M[414] : 1 1 1 1 0 1 2 0 2 1 1 1 3 1 0 0 1 0 1 1 2 0 1 1 1 2
M[415] : 2 3 5 6 4 5 5 0 3 1 3 3 2 3 3 2 4 3 5 5 1 5 2 5 4 2
M[416] : 2 4 3 3 5 0 2 4 3 2 4 3 5 3 2 3 3 3 4 3 4 4 3 3 3 3
M[417] : 4 3 4 0 3 4 2 4 5 3 3 3 3 5 3 4 3 2 4 3 1 3 2 3 3 5
M[418] : 2 4 1 2 4 2 2 4 2 2 5 2 4 4 2 0 5 2 0 3 3 1 2 1 2 3
M[419] : 5 6 5 6 4 0 5 8 7 3 5 3 5 4 4 6 3 4 6 7 6 3 4 4 4 4
M[420] : 4 6 6 2 4 5 2 3 5 4 6 4 3 5 4 3 0 4 4 5 4 3 3 6 5 2
M[421] : 3 2 3 3 3 2 4 2 3 1 0 3 3 3 2 3 3 4 2 3 4 3 3 4 2 3
M[422] : 2 3 2 3 2 3 0 2 1 1 3 1 2 1 2 2 2 2 3 2 1 2 4 1 2 2
M[423] : 3 7 3 6 6 6 5 4 6 6 6 5 6 4 3 5 0 5 4 5 6 5 5 7 4 5
M[424] : 6 7 5 8 5 7 7 5 7 7 8 4 7 0 9 8 7 6 8 10 8 10 8 7 8 7
M[425] : 1 1 1 1 2 2 2 1 0 2 1 1 1 1 2 1 1 1 0 1 1 2 1 1 1 2
M[426] : 0 5 4 4 4 4 3 2 6 4 4 4 7 5 3 6 4 3 4 4 2 3 3 3 3 2
M[427] : 4 0 3 4 4 3 3 3 4 4 4 3 5 4 3 3 4 3 4 4 4 3 3 4 3 2
M[428] : 1 1 0 0 1 2 0 2 1 0 1 0 2 0 1 1 0 1 2 0 1 1 2 1 1 0
M[429] : 2 5 5 5 3 3 4 3 2 3 2 3 3 3 4 0 4 4 2 4 3 3 3 4 4 4
M[430] : 2 3 4 2 2 3 2 1 1 3 2 2 1 3 2 3 1 2 2 2 2 2 0 2 2 2
M[431] : 4 5 4 6 4 4 3 6 4 4 4 5 5 5 3 2 0 4 4 5 5 4 4 3 3 5
M[432] : 5 6 5 4 6 7 4 4 4 5 6 5 0 5 4 5 4 5 4 6 3 4 3 5 3 5
M[433] : 3 3 5 5 3 6 3 3 4 6 5 5 3 3 4 3 0 2 2 3 4 3 3 4 2 6
M[434] : 4 5 2 3 2 3 4 3 2 3 4 0 3 3 4 4 6 5 3 4 4 3 2 3 3 3
M[435] : 3 4 2 5 0 4 4 4 3 3 3 4 4 3 3 5 6 4 3 4 4 2 3 3 4 3
M[436] : 4 2 5 0 4 3 5 4 2 4 3 4 5 5 5 1 5 2 5 6 4 5 5 5 5 3
M[437] : 3 2 2 2 2 1 3 2 3 4 4 3 3 4 0 3 3 2 3 2 1 2 2 1 2 1
M[438] : 3 3 2 5 3 0 6 2 4 1 2 2 3 3 1 3 2 2 3 2 3 2 3 4 2 1
M[439] : 5 5 5 5 5 4 4 0 6 5 5 5 5 5 4 6 5 4 3 6 6 4 5 5 5 5
M[440] : 1 1 1 2 1 3 1 0 1 1 1 1 1 1 1 2 4 1 3 1 1 2 1 2 3 1
M[441] : 2 2 3 3 3 1 4 3 1 0 3 5 2 3 3 3 3 3 5 2 2 3 2 2 4 2
M[442] : 3 6 4 3 4 3 2 5 5 4 3 3 2 4 3 3 5 3 3 4 4 4 6 3 5 0
M[443] : 4 0 2 3 4 3 4 3 4 3 4 2 2 2 2 4 3 4 3 2 2 2 2 4 4 3
M[444] : 2 2 2 2 2 2 2 0 2 3 1 0 2 2 1 2 2 2 2 2 3 1 2 1 1 4
M[445] : 4 4 6 4 3 4 5 4 5 5 6 5 4 5 0 4 4 5 5 4 4 6 6 4 4 4
M[446] : 3 3 3 3 3 3 3 3 3 4 3 0 3 3 4 3 4 5 4 2 4 3 2 3 2 2
M[447] : 1 2 3 2 1 2 2 3 2 2 2 0 1 1 3 1 2 2 3 2 1 4 3 2 2 1
M[448] : 3 3 2 5 5 2 2 3 2 2 3 1 0 3 3 1 0 2 2 4 3 3 4 2 4 2
M[449] : 2 2 2 3 3 1 1 2 1 2 2 2 3 1 1 4 0 4 1 3 1 1 2 2 2 3

