 Execution de l'algoritme BITS sur le fichier le450_25c.col.txt
=====================================================================
 Partitions  : 
Vk[0] : 102 392 208 394 126 444 253 136 156 210 270 359 175 15 206 75 385 -->  17 éléments.
Vk[1] : 387 427 116 127 266 248 342 26 376 388 147 123 234 195 315 242 309 -->  17 éléments.
Vk[2] : 410 360 34 19 445 297 442 330 291 44 91 353 258 144 411 197 375 -->  17 éléments.
Vk[3] : 272 275 313 391 287 42 109 213 73 48 74 336 79 20 117 399 286 405 -->  18 éléments.
Vk[4] : 439 125 231 95 106 47 70 168 438 404 299 267 244 285 349 406 107 -->  17 éléments.
Vk[5] : 283 419 191 58 57 110 433 361 98 429 6 449 366 420 177 28 119 33 -->  18 éléments.
Vk[6] : 403 233 293 260 214 77 288 435 22 189 372 314 114 38 395 396 324 269 -->  18 éléments.
Vk[7] : 203 280 397 54 111 418 165 138 254 62 235 238 289 122 241 354 215 -->  17 éléments.
Vk[8] : 308 400 140 181 184 300 24 306 63 239 311 368 381 221 11 407 108 -->  17 éléments.
Vk[9] : 316 39 201 157 232 240 207 30 101 1 64 243 31 154 5 335 250 -->  17 éléments.
Vk[10] : 46 68 343 325 2 87 222 251 160 246 12 301 171 389 378 158 298 276 -->  18 éléments.
Vk[11] : 398 219 164 415 346 205 363 382 369 217 430 319 192 344 113 99 370 -->  17 éléments.
Vk[12] : 172 29 262 155 49 247 50 115 36 25 118 53 332 341 374 447 196 -->  17 éléments.
Vk[13] : 45 86 350 150 292 100 421 96 194 186 212 223 81 85 323 209 414 -->  17 éléments.
Vk[14] : 273 166 103 94 65 282 4 167 259 425 92 345 52 148 271 426 13 338 -->  18 éléments.
Vk[15] : 423 159 402 230 97 256 134 431 384 317 428 318 137 80 284 69 373 -->  17 éléments.
Vk[16] : 163 9 302 3 304 135 170 367 204 187 37 32 379 416 322 72 268 -->  17 éléments.
Vk[17] : 326 104 401 105 188 380 355 198 88 179 351 443 10 14 76 152 408 -->  17 éléments.
Vk[18] : 82 347 133 261 182 220 334 35 129 303 7 277 227 131 441 185 417 17 -->  18 éléments.
Vk[19] : 409 327 71 281 130 8 263 176 296 434 440 193 312 340 432 139 202 274 -->  18 éléments.
Vk[20] : 93 23 279 83 320 422 348 226 357 310 228 121 245 377 224 145 356 -->  17 éléments.
Vk[21] : 255 124 60 339 120 149 16 40 151 249 56 448 66 295 90 352 386 -->  17 éléments.
Vk[22] : 216 265 218 393 78 329 143 153 437 190 112 290 61 200 229 132 84 -->  17 éléments.
Vk[23] : 424 294 390 307 199 225 18 173 257 178 43 365 278 383 333 141 412 -->  17 éléments.
Vk[24] : 174 305 237 67 337 321 358 59 362 364 128 436 211 51 180 252 169 -->  17 éléments.
Vk[25] : 371 21 89 41 161 264 27 146 142 331 446 328 0 183 55 236 413 162 -->  18 éléments.
Matrice M
M[0] : 1 4 3 2 2 2 1 1 2 3 2 3 3 4 3 3 2 2 2 3 1 2 4 1 1 0
M[1] : 6 2 3 4 4 3 2 4 3 0 2 5 3 4 2 4 4 2 3 3 4 4 3 5 3 4
M[2] : 3 3 2 2 4 3 3 5 5 3 0 5 4 1 3 4 4 3 3 3 3 4 2 4 3 3
M[3] : 5 4 4 4 5 3 5 3 4 5 4 5 3 4 4 4 0 3 3 3 4 3 3 6 2 4
M[4] : 3 3 3 3 1 2 4 2 2 1 1 2 2 1 0 1 2 2 2 2 3 3 2 1 2 2
M[5] : 2 3 1 3 2 3 3 2 1 0 1 2 1 3 1 1 3 3 2 3 3 1 1 1 3 3
M[6] : 2 1 3 2 2 0 3 2 2 1 2 1 1 2 2 1 2 2 3 2 2 2 2 1 2 2
M[7] : 3 3 4 2 2 2 2 2 2 2 3 2 2 5 2 3 3 3 0 3 3 2 3 2 3 3
M[8] : 3 4 3 4 4 4 4 3 4 2 2 4 4 3 3 1 5 4 4 0 2 4 3 1 3 2
M[9] : 4 4 1 5 3 4 3 5 6 3 4 6 5 3 2 3 0 3 4 4 3 4 3 4 4 4
M[10] : 4 2 4 2 2 4 3 2 1 2 2 1 1 2 2 3 2 0 3 5 2 3 3 2 2 3
M[11] : 1 2 0 1 0 0 0 1 0 0 2 1 1 0 1 1 1 0 1 0 2 1 2 0 0 1
M[12] : 3 1 1 4 5 4 2 4 4 3 0 4 6 5 3 4 4 7 4 3 1 4 1 3 3 4
M[13] : 1 0 1 1 0 0 1 2 0 2 1 0 2 1 0 1 1 2 1 1 1 1 0 0 1 1
M[14] : 3 1 2 1 2 3 2 2 2 2 2 1 3 3 4 4 2 0 2 1 4 1 1 2 1 4
M[15] : 0 2 3 3 4 4 4 2 3 2 3 3 2 3 3 2 2 2 3 3 3 2 2 4 3 3
M[16] : 5 5 3 3 5 3 4 4 3 4 5 4 5 3 5 3 3 3 2 3 4 0 5 4 4 4
M[17] : 1 2 1 0 0 3 0 0 0 1 2 1 0 0 0 1 0 1 0 1 2 3 0 0 0 1
M[18] : 5 4 3 2 3 3 4 3 3 3 4 2 3 3 3 3 3 3 3 2 2 4 2 0 5 3
M[19] : 5 4 0 5 6 5 5 5 4 5 6 3 3 5 4 5 5 5 6 4 4 6 5 5 5 5
M[20] : 1 2 3 0 1 1 1 2 2 2 2 1 3 0 1 2 2 1 2 1 1 1 2 1 2 1
M[21] : 4 4 3 6 5 4 4 3 3 5 4 3 5 4 3 5 5 4 5 6 7 4 3 4 4 0
M[22] : 7 5 4 4 5 5 0 7 3 4 3 4 4 5 5 5 5 3 6 4 4 6 4 5 6 5
M[23] : 2 3 2 3 3 2 2 2 2 5 3 2 2 3 3 2 2 4 2 1 0 1 3 3 2 3
M[24] : 2 2 3 2 2 2 2 3 0 1 2 1 3 1 3 2 2 1 3 4 3 2 2 3 4 1
M[25] : 1 3 2 2 3 2 2 2 3 2 2 2 0 2 2 1 3 3 3 4 2 2 3 2 2 2
M[26] : 5 0 4 4 4 3 5 4 4 4 5 3 4 5 5 5 4 4 5 5 4 4 4 5 4 4
M[27] : 3 3 2 2 3 2 3 1 3 1 3 2 2 2 1 4 3 2 1 2 3 2 3 2 2 0
M[28] : 1 0 2 1 1 0 3 1 1 2 3 3 0 2 2 2 1 1 0 1 0 2 2 1 2 0
M[29] : 5 7 4 4 4 4 5 5 6 4 5 5 0 4 2 4 5 4 4 3 5 5 5 5 4 6
M[30] : 4 4 4 2 4 5 5 4 4 0 5 3 4 4 6 4 3 4 4 7 3 2 4 4 5 4
M[31] : 2 3 5 3 2 3 3 2 1 0 2 3 5 2 2 3 4 2 2 2 3 2 4 3 3 3
M[32] : 3 4 3 5 4 2 4 4 3 2 6 3 5 5 3 2 0 5 2 6 4 5 5 4 4 7
M[33] : 2 3 2 3 5 0 2 0 1 2 2 3 2 2 2 2 3 2 1 2 1 1 1 3 2 2
M[34] : 4 1 0 4 2 2 5 4 2 2 2 1 2 0 4 4 3 5 2 3 4 4 4 3 3 3
M[35] : 2 3 4 2 2 2 3 2 3 3 3 2 3 1 3 2 2 3 0 3 2 2 2 3 5 2
M[36] : 3 5 4 5 2 3 3 6 4 4 3 3 0 1 4 4 5 3 2 4 4 4 4 3 4 3
M[37] : 5 3 3 3 1 2 3 4 4 4 2 3 3 3 5 3 0 3 3 1 3 4 3 5 3 4
M[38] : 5 3 4 5 5 5 0 4 5 3 4 4 3 4 5 6 4 4 5 3 1 3 1 5 3 4
M[39] : 5 6 4 6 5 5 5 5 5 0 5 6 6 8 5 4 6 5 6 5 4 5 5 5 7 7
M[40] : 4 3 4 3 5 6 3 2 3 3 4 4 2 2 3 3 2 3 4 5 3 0 4 2 2 2
M[41] : 4 4 3 6 3 2 3 2 3 2 2 3 2 3 3 2 2 2 4 3 3 3 3 1 3 0
M[42] : 5 3 3 0 4 3 4 3 4 3 4 2 3 3 3 4 2 4 4 3 2 3 3 3 3 3
M[43] : 1 2 0 2 1 0 1 1 1 2 2 1 2 1 3 1 0 2 3 2 1 1 1 0 2 1
M[44] : 4 3 0 2 3 4 2 3 3 3 5 5 4 4 5 4 4 4 5 3 4 4 2 5 5 3
M[45] : 4 4 5 3 4 4 5 6 4 5 3 5 5 0 4 5 4 3 4 5 4 5 5 5 3 5
M[46] : 5 6 5 5 4 6 5 6 5 6 0 4 4 5 4 3 5 4 5 4 4 5 4 5 2 4
M[47] : 4 4 2 3 0 4 4 5 3 3 3 4 3 4 5 4 6 3 4 2 3 4 4 2 3 3
M[48] : 2 1 3 0 3 2 2 1 1 2 5 2 3 3 3 3 3 3 3 2 1 1 3 4 3 2
M[49] : 3 2 2 3 4 2 3 6 5 2 5 3 0 4 2 3 3 4 2 2 4 3 4 2 2 3
M[50] : 4 5 4 5 3 4 3 3 3 4 3 3 0 4 4 3 4 3 4 3 2 5 4 4 2 4
M[51] : 5 2 2 2 3 4 2 4 3 2 4 3 4 1 3 3 6 2 3 4 2 4 3 1 0 0
M[52] : 2 3 2 2 2 2 4 3 4 2 2 1 1 1 0 1 2 2 2 3 3 2 2 3 3 2
M[53] : 0 1 4 1 1 2 0 1 0 3 3 1 0 2 2 3 1 2 2 2 2 2 1 2 2 2
M[54] : 4 4 5 4 4 4 4 0 4 3 5 6 5 3 4 4 4 3 5 4 4 4 4 5 3 4
M[55] : 4 3 4 2 4 4 6 4 5 4 5 2 4 4 5 5 4 3 3 2 3 2 3 5 3 0
M[56] : 2 3 2 3 3 2 3 3 2 2 2 3 3 2 4 3 5 2 3 4 4 0 2 3 3 2
M[57] : 4 5 2 4 3 0 2 3 3 3 3 3 3 2 2 4 3 3 3 2 3 2 3 1 3 2
M[58] : 5 3 4 3 3 0 5 3 2 2 3 5 2 4 3 3 2 4 4 5 2 3 3 3 3 4
M[59] : 3 3 4 3 4 2 4 4 3 3 3 4 4 3 4 3 2 2 4 4 4 3 3 5 0 3
M[60] : 4 5 2 3 3 0 3 3 3 4 4 5 4 5 4 5 4 4 3 4 4 0 2 4 2 5
M[61] : 3 3 3 3 3 2 3 3 3 3 3 3 3 2 3 2 3 3 4 3 4 3 0 3 4 3
M[62] : 4 2 3 4 5 3 1 0 5 5 5 3 4 4 5 3 4 5 2 5 5 4 5 4 2 4
M[63] : 3 4 3 5 4 4 5 2 0 3 5 6 6 6 5 3 4 4 5 3 5 3 4 4 4 3
M[64] : 2 3 4 1 1 3 2 2 1 0 3 1 2 2 2 4 4 4 3 3 3 3 2 3 2 3
M[65] : 3 4 2 4 3 4 6 2 4 3 2 4 2 4 0 2 4 4 5 2 3 4 2 3 2 3
M[66] : 4 2 3 5 4 3 4 4 5 3 3 4 4 3 3 2 3 3 3 5 2 0 3 2 3 5
M[67] : 5 6 5 3 5 4 4 3 3 4 3 6 3 3 3 5 3 3 3 4 7 4 5 7 0 4
M[68] : 5 5 6 6 5 4 3 4 5 5 0 7 5 6 7 4 5 4 7 5 5 5 7 6 4 4
M[69] : 2 3 3 2 3 3 3 3 3 2 3 2 5 1 2 0 3 4 3 3 2 2 2 3 3 4
M[70] : 3 5 2 5 0 4 2 5 4 2 4 3 2 2 2 3 4 2 3 5 4 4 4 3 5 4
M[71] : 2 4 3 1 2 2 1 1 1 2 2 2 2 2 2 3 2 3 1 0 1 2 3 2 2 3
M[72] : 0 1 0 0 1 0 1 0 2 0 0 0 0 0 0 0 0 0 0 1 0 1 0 0 0 0
M[73] : 3 1 2 0 1 3 2 4 2 2 3 3 2 3 2 1 4 4 2 3 3 3 4 4 2 4
M[74] : 5 3 4 0 2 2 3 4 3 4 2 3 2 3 4 3 4 2 2 3 1 4 3 2 1 3
M[75] : 0 3 2 3 2 3 2 1 3 1 2 3 1 2 2 2 1 1 3 2 3 4 3 1 2 3
M[76] : 1 1 1 0 0 0 0 0 0 0 0 0 0 1 0 1 2 0 1 0 0 0 0 0 0 0
M[77] : 3 2 3 5 4 2 0 4 1 3 1 3 2 3 5 1 4 4 3 4 5 4 4 3 1 5
M[78] : 5 4 5 5 3 3 3 5 4 4 7 6 3 4 5 4 6 5 3 5 5 5 0 4 6 3
M[79] : 2 3 1 0 2 2 1 2 3 1 3 2 2 1 2 1 2 2 3 4 2 2 1 2 1 2
M[80] : 1 1 2 3 1 2 4 1 2 1 3 2 1 2 1 0 3 2 0 1 2 2 1 1 2 3
M[81] : 4 6 3 4 3 3 6 3 2 3 3 3 2 0 4 3 3 5 4 4 4 5 5 3 3 3
M[82] : 3 4 3 3 1 3 2 2 1 5 4 1 3 5 3 3 3 3 0 3 3 3 1 4 3 5
M[83] : 4 4 4 3 5 2 3 4 3 4 5 3 4 3 4 5 4 3 6 2 0 4 4 3 2 4
M[84] : 2 0 1 1 1 0 1 1 1 0 1 1 2 1 2 1 1 1 1 2 1 1 0 1 0 1
M[85] : 1 2 3 1 1 3 2 1 1 1 5 3 3 0 1 1 2 1 1 2 1 2 1 3 4 4
M[86] : 3 4 4 3 4 4 3 4 4 5 2 5 4 0 5 4 5 4 6 4 3 4 4 5 4 4
M[87] : 3 5 5 1 3 4 3 4 4 3 0 1 5 4 3 4 3 3 3 4 3 2 4 3 4 2
M[88] : 5 5 6 5 5 6 5 5 5 5 6 4 3 2 5 3 4 0 4 5 5 6 5 3 4 5
M[89] : 5 5 5 3 6 5 4 6 5 4 6 4 5 4 3 6 6 5 4 6 4 6 6 7 6 0
M[90] : 2 1 2 3 3 2 3 2 1 3 3 3 2 2 3 2 2 1 2 1 2 0 1 3 3 1
M[91] : 1 2 0 1 1 2 1 2 2 2 1 1 3 3 2 2 2 1 1 2 2 1 2 1 1 2
M[92] : 5 2 3 2 3 1 2 4 4 2 4 2 3 3 0 2 3 2 4 2 4 3 2 2 2 4
M[93] : 4 3 3 4 3 3 3 4 4 4 4 3 3 3 4 3 4 2 4 3 0 4 4 4 3 2
M[94] : 3 4 4 2 4 2 2 4 3 3 2 2 3 3 0 3 2 3 2 3 3 4 5 3 3 3
M[95] : 5 4 4 4 0 4 4 4 5 3 4 3 4 4 3 3 4 4 8 6 4 4 4 3 3 5
M[96] : 3 3 2 5 1 3 3 3 3 3 4 6 1 0 2 2 3 2 2 3 2 3 3 4 1 5
M[97] : 2 5 3 3 6 6 4 3 4 4 4 4 3 3 4 0 6 4 3 5 4 4 4 3 6 4
M[98] : 3 3 2 3 3 0 3 3 4 3 3 3 4 4 2 2 3 5 2 3 4 3 5 3 3 4
M[99] : 1 0 0 1 0 1 0 0 3 0 0 0 0 0 1 0 1 0 1 0 0 2 0 1 0 0
M[100] : 4 3 4 3 3 5 3 5 3 4 5 3 4 0 3 6 4 5 4 4 4 3 5 4 5 4
M[101] : 4 4 4 4 4 4 4 5 4 0 4 3 3 4 2 4 4 3 3 4 3 5 4 4 3 3
M[102] : 0 4 5 5 6 6 6 5 6 5 5 4 4 6 6 4 7 5 7 4 6 5 3 5 4 4
M[103] : 3 3 4 4 3 3 4 4 4 4 3 5 4 3 0 3 4 3 4 4 3 3 3 4 3 2
M[104] : 3 4 3 5 4 6 5 5 5 3 6 5 6 5 4 5 6 0 4 6 4 5 4 4 6 3
M[105] : 3 5 4 4 3 5 4 4 4 4 2 3 3 4 4 4 4 0 3 4 6 4 4 5 3 5
M[106] : 4 5 3 4 0 3 3 5 4 5 2 5 4 4 5 3 4 4 4 4 6 6 5 3 3 6
M[107] : 2 2 3 1 0 3 1 0 1 2 4 1 0 4 2 1 1 4 1 1 1 2 1 3 3 2
M[108] : 2 1 0 2 1 0 1 1 0 2 0 3 2 0 1 0 0 0 0 0 0 1 0 1 0 0
M[109] : 3 2 3 0 3 2 3 4 2 3 4 4 3 5 4 4 3 3 3 3 2 5 3 2 3 3
M[110] : 2 2 4 1 3 0 3 2 2 2 3 3 2 2 2 1 2 2 2 2 2 3 2 1 2 1
M[111] : 4 4 4 5 6 4 5 0 5 4 4 4 5 3 5 3 3 6 5 5 7 4 4 4 4 5
M[112] : 3 4 4 4 4 4 4 4 4 4 4 3 3 5 5 3 4 4 3 4 3 5 0 4 5 5
M[113] : 4 2 2 3 3 2 3 3 2 5 4 0 1 3 4 4 3 1 1 1 4 4 3 2 3 1
M[114] : 1 3 1 1 1 1 0 1 1 3 1 1 1 1 1 2 1 1 1 2 2 1 1 1 1 1
M[115] : 3 3 2 4 4 2 5 3 3 2 3 2 0 2 3 2 2 4 3 2 4 3 2 3 3 3
M[116] : 4 0 3 1 2 1 1 4 4 4 4 5 4 4 4 2 3 3 2 2 2 3 3 5 2 3
M[117] : 4 1 1 0 4 2 2 3 2 3 4 3 4 4 4 3 2 3 5 3 3 4 2 2 1 2
M[118] : 2 3 2 2 3 2 2 3 2 1 1 2 0 2 3 2 4 2 3 3 2 2 2 2 2 3
M[119] : 1 2 1 1 2 0 2 3 2 3 4 2 3 3 1 1 2 1 2 3 2 1 2 2 3 2
M[120] : 4 3 1 3 2 2 4 6 4 2 1 2 5 3 4 2 3 4 1 3 1 0 4 1 2 2
M[121] : 3 3 4 2 3 1 2 2 1 2 2 3 2 1 2 4 1 3 2 2 0 3 4 3 5 2
M[122] : 2 3 2 2 1 3 3 0 4 2 2 1 3 3 4 2 1 2 1 4 2 4 4 3 2 0
M[123] : 3 0 3 2 3 2 3 3 4 3 3 3 2 2 1 4 4 2 3 4 2 3 3 3 3 3
M[124] : 4 4 4 3 3 3 3 4 4 3 4 3 4 3 3 2 3 4 4 5 3 0 4 4 4 4
M[125] : 4 4 6 4 0 5 5 5 4 3 5 6 5 3 5 4 3 5 5 5 6 5 5 5 7 5
M[126] : 0 5 7 7 4 7 5 6 3 2 3 4 3 4 5 5 4 4 4 5 5 4 6 4 3 4
M[127] : 3 0 2 3 3 3 3 3 4 3 2 4 4 2 2 4 3 4 3 3 3 3 3 2 3 3
M[128] : 1 1 1 3 3 3 3 1 2 2 1 2 2 1 2 1 2 2 1 2 1 1 2 2 0 3
M[129] : 3 2 1 2 3 1 4 4 2 3 2 1 3 4 3 2 2 3 0 4 2 2 1 2 2 3
M[130] : 3 4 2 4 4 3 5 2 3 1 4 3 1 5 2 3 5 2 3 0 2 2 4 4 4 4
M[131] : 1 0 2 3 2 5 3 3 1 1 4 3 1 0 3 1 1 1 0 1 1 2 2 2 2 1
M[132] : 1 2 1 1 1 4 0 2 3 0 2 3 2 2 2 1 2 0 1 1 0 1 0 3 1 3
M[133] : 3 4 2 6 5 4 3 5 5 3 4 3 4 2 6 3 4 4 0 5 3 3 2 2 3 3
M[134] : 3 4 3 3 4 3 4 5 3 4 1 2 1 3 3 0 4 2 3 4 3 4 3 4 3 3
M[135] : 3 3 4 3 4 4 6 5 3 3 4 1 3 3 3 5 0 5 4 3 4 2 4 4 7 4
M[136] : 0 3 3 3 5 1 5 4 4 4 4 4 4 5 5 4 4 5 6 2 4 4 2 3 2 1
M[137] : 2 3 3 2 2 3 3 4 2 3 2 2 2 4 2 0 1 2 4 5 3 3 2 3 3 3
M[138] : 2 3 3 3 3 3 3 0 3 2 3 1 3 2 1 2 3 3 3 2 2 3 2 3 3 2
M[139] : 1 2 0 2 1 2 0 0 0 2 1 1 1 3 0 1 1 2 2 0 1 2 1 1 2 3
M[140] : 4 4 5 4 2 4 3 6 0 2 4 3 5 2 5 3 6 4 4 3 4 4 3 3 3 5
M[141] : 1 0 2 1 2 1 0 1 1 2 1 1 1 1 1 0 1 1 2 0 1 0 1 0 1 2
M[142] : 3 5 7 4 5 6 5 3 3 5 3 3 4 5 5 5 7 7 5 3 3 4 4 4 3 0
M[143] : 4 5 3 5 4 4 3 4 5 4 3 3 3 4 3 4 4 4 3 4 4 4 0 3 3 5
M[144] : 5 2 0 3 1 4 2 3 1 2 3 2 2 4 2 3 3 2 2 0 1 2 2 3 2 2
M[145] : 2 3 1 2 2 1 2 2 2 2 2 2 2 1 3 2 2 2 2 1 0 2 4 1 1 1
M[146] : 2 3 1 3 1 3 1 2 1 1 3 3 3 4 2 3 2 3 2 3 1 3 1 1 6 0
M[147] : 3 0 2 2 2 2 3 3 2 3 2 3 2 0 2 1 2 3 2 2 2 2 1 1 2 2
M[148] : 3 3 2 2 3 3 2 3 3 3 4 3 3 3 0 1 3 3 2 2 1 2 4 2 4 3
M[149] : 3 4 4 4 3 4 3 3 2 4 4 2 3 5 5 5 4 3 4 3 5 0 3 2 4 4
M[150] : 5 5 7 4 5 3 6 6 5 7 5 7 5 0 7 6 4 6 5 6 6 4 6 6 6 6
M[151] : 2 1 5 1 2 4 3 3 2 3 2 1 1 2 1 2 1 3 3 2 1 0 1 2 3 2
M[152] : 0 1 0 0 1 0 1 0 1 2 1 1 1 2 1 0 2 0 1 1 0 1 0 1 1 1
M[153] : 4 5 4 2 2 4 4 4 2 2 3 2 2 4 4 4 3 5 3 3 3 3 0 3 3 3
M[154] : 1 1 1 0 1 1 2 2 1 0 1 2 1 1 3 1 1 1 1 1 1 1 1 1 1 1
M[155] : 5 5 5 4 5 4 5 5 5 6 8 4 0 5 7 8 5 4 6 4 5 5 4 3 5 4
M[156] : 0 6 5 5 5 4 3 3 5 3 6 3 7 5 4 2 4 6 4 5 3 6 7 5 5 3
M[157] : 2 3 1 4 3 2 5 2 3 0 2 4 4 3 3 1 2 4 3 2 3 2 4 3 2 3
M[158] : 2 2 1 1 2 1 3 2 2 1 0 1 1 1 3 3 2 2 2 3 1 2 1 2 3 1
M[159] : 4 6 5 3 5 5 3 6 5 5 5 6 6 4 6 0 6 4 6 6 6 4 6 7 7 5
M[160] : 4 3 3 3 3 4 3 5 3 1 0 4 3 3 3 3 3 2 3 2 3 4 3 3 4 3
M[161] : 6 5 4 4 2 3 3 6 5 4 4 3 3 4 4 3 5 5 4 4 6 5 4 4 3 0
M[162] : 1 2 1 1 1 1 0 1 0 0 1 0 1 1 2 1 0 2 2 3 0 1 1 2 3 0
M[163] : 5 5 5 5 5 7 6 3 5 3 4 4 6 2 5 4 0 5 5 5 5 5 5 3 4 4
M[164] : 7 4 7 3 4 4 4 3 6 4 4 0 3 5 4 4 5 5 4 3 5 3 5 4 5 3
M[165] : 5 3 3 7 4 4 5 0 4 4 4 4 3 4 3 4 4 4 4 3 3 4 3 3 4 4
M[166] : 6 4 7 5 5 4 4 4 4 4 6 4 6 7 0 5 6 5 6 4 5 5 4 7 7 4
M[167] : 6 5 6 8 7 6 4 6 4 3 7 7 5 5 0 5 6 5 5 6 6 7 7 8 6 4
M[168] : 3 4 3 3 0 5 3 4 3 3 3 2 2 3 4 6 2 2 5 3 3 2 3 4 3 3
M[169] : 2 5 3 1 2 2 1 0 0 2 3 3 3 2 2 3 1 3 2 3 2 3 3 4 0 5
M[170] : 3 4 4 3 5 6 3 3 4 3 3 3 4 1 5 4 0 3 4 4 4 5 3 5 5 3
M[171] : 3 1 4 4 2 2 2 2 1 2 0 3 3 3 4 5 2 2 4 2 3 3 2 5 3 4
M[172] : 4 3 2 3 4 3 3 3 3 4 4 3 0 2 5 2 3 4 4 4 4 4 2 4 4 3
M[173] : 2 3 2 2 2 1 1 3 2 2 4 3 1 6 3 1 2 2 2 2 2 2 2 0 3 2
M[174] : 5 4 4 4 5 4 5 6 5 4 3 4 2 6 4 4 5 4 5 3 6 5 3 4 0 4
M[175] : 0 3 4 3 3 3 3 2 3 3 3 3 2 2 3 3 2 2 3 3 2 3 3 3 4 4
M[176] : 1 2 2 0 1 1 2 3 2 0 1 0 2 1 2 3 2 1 1 0 2 1 2 1 2 0
M[177] : 1 3 3 2 2 0 1 1 4 2 2 1 0 3 2 2 3 1 2 1 1 2 3 2 3 1
M[178] : 4 3 5 2 2 4 3 4 3 4 3 2 4 3 4 4 3 4 3 3 3 3 2 0 3 5
M[179] : 1 2 2 2 2 1 1 2 2 1 2 2 2 2 4 1 1 0 1 1 2 2 2 1 1 2
M[180] : 4 2 4 3 3 2 4 2 1 2 3 2 2 2 4 3 3 3 3 1 2 3 3 3 0 4
M[181] : 3 3 3 1 4 5 4 4 0 4 4 4 4 3 4 3 5 4 3 4 2 4 4 2 4 3
M[182] : 3 4 3 4 4 3 2 4 3 3 5 3 3 6 4 6 3 4 0 5 4 3 3 3 3 4
M[183] : 4 5 6 5 4 3 3 3 3 4 3 5 5 4 5 3 4 6 6 4 5 3 5 5 5 0
M[184] : 4 3 4 3 4 5 2 3 0 3 4 5 3 5 5 2 5 4 5 2 2 3 3 2 2 4
M[185] : 5 4 5 4 5 4 4 3 4 3 5 3 5 5 3 5 3 5 0 2 4 3 2 4 5 4
M[186] : 3 2 4 2 4 3 3 3 3 2 4 3 2 0 4 1 2 5 4 3 2 3 3 2 3 2
M[187] : 1 0 4 2 2 2 3 1 1 3 3 3 1 3 4 4 0 3 1 3 1 3 2 2 3 1
M[188] : 5 5 4 4 4 4 4 4 6 5 3 2 7 4 4 3 3 0 5 4 4 5 5 3 3 4
M[189] : 5 3 2 4 4 2 0 4 3 4 4 5 3 6 3 6 3 4 3 3 3 6 4 2 5 4
M[190] : 2 1 1 4 3 2 2 3 2 3 2 2 3 3 4 2 2 1 4 2 3 2 0 2 1 1
M[191] : 5 4 5 4 5 0 5 4 4 6 5 7 6 3 4 4 5 6 4 5 5 3 4 5 4 5
M[192] : 4 2 3 3 3 4 3 3 4 4 4 0 4 5 4 2 3 2 4 3 5 2 4 4 2 3
M[193] : 2 2 2 5 1 2 6 3 3 3 4 1 2 3 3 4 3 3 5 0 3 5 3 4 4 2
M[194] : 4 4 5 2 2 3 2 4 1 2 4 2 3 0 4 4 3 5 3 1 3 3 1 3 4 2
M[195] : 2 0 1 2 1 4 1 3 2 1 2 1 2 2 3 3 3 2 1 0 1 1 1 2 2 2
M[196] : 2 3 2 1 1 3 3 4 1 1 3 1 0 3 2 2 1 1 2 2 2 3 4 4 3 2
M[197] : 2 2 0 4 3 4 0 0 2 5 4 1 2 2 3 2 3 2 4 4 3 5 5 5 3 3
M[198] : 4 4 4 3 3 3 4 5 4 4 5 2 4 3 5 5 3 0 4 3 3 2 3 3 5 5
M[199] : 4 2 3 3 4 2 3 2 4 2 4 2 3 3 5 4 2 4 2 2 2 3 2 0 3 3
M[200] : 2 1 2 2 1 2 2 1 1 2 1 1 1 1 1 3 1 2 2 1 1 1 0 1 1 1
M[201] : 3 4 3 2 3 3 4 4 3 0 3 3 3 3 2 3 2 3 3 3 2 3 3 3 3 2
M[202] : 5 3 5 5 5 4 1 4 3 4 4 5 5 4 4 3 7 5 5 0 4 4 6 5 5 4
M[203] : 6 5 5 7 4 5 5 0 6 5 6 6 5 5 6 8 7 4 8 4 6 6 4 7 3 8
M[204] : 4 3 2 2 3 2 1 3 3 4 3 3 2 3 5 5 0 2 2 2 5 3 3 1 4 2
M[205] : 3 5 3 2 2 1 4 3 1 3 3 0 3 3 2 3 1 2 2 1 1 3 3 3 3 4
M[206] : 0 2 5 5 4 4 5 4 4 4 3 3 3 2 3 2 4 4 5 4 5 6 4 3 2 4
M[207] : 5 5 4 2 3 3 3 4 5 0 4 3 3 5 5 5 5 2 3 2 5 3 3 4 3 3
M[208] : 0 3 2 4 3 3 3 4 3 1 4 2 2 2 4 3 2 2 3 3 3 4 2 3 4 3
M[209] : 2 2 3 2 1 2 1 1 2 2 2 1 1 0 2 1 2 1 2 2 3 1 3 2 2 3
M[210] : 0 4 3 2 3 3 4 3 3 4 5 4 3 4 2 2 4 3 5 3 5 4 3 4 4 3
M[211] : 2 4 2 3 2 3 3 1 4 2 4 0 2 3 3 2 6 2 3 4 3 5 2 4 0 2
M[212] : 1 4 2 2 3 0 4 2 2 3 4 3 2 0 3 3 2 2 2 2 2 1 1 3 1 3
M[213] : 5 6 3 0 4 5 2 4 3 5 4 5 4 4 4 4 5 3 5 5 5 4 4 2 6 5
M[214] : 3 3 2 2 1 3 0 3 2 1 2 1 1 3 2 2 2 3 2 2 2 3 2 3 2 2
M[215] : 1 1 1 1 3 2 1 0 0 1 2 0 2 1 0 2 1 0 1 2 0 0 1 1 2 1
M[216] : 4 5 5 4 5 6 6 6 4 5 5 6 5 3 5 5 5 4 4 5 6 7 0 5 5 6
M[217] : 4 4 3 4 5 5 5 4 6 4 5 0 5 4 4 4 3 4 5 5 4 4 4 4 4 5
M[218] : 3 3 7 5 5 6 5 6 3 6 2 3 4 4 5 3 6 5 4 5 4 4 0 4 3 7
M[219] : 4 4 4 6 4 7 4 4 5 6 4 0 4 3 5 4 5 5 4 5 5 5 4 5 5 5
M[220] : 5 3 3 4 4 3 3 4 3 4 5 4 4 4 5 4 4 3 0 3 5 5 7 3 2 2
M[221] : 3 4 3 3 2 2 3 5 0 4 3 4 4 3 5 4 3 5 3 2 4 3 4 4 5 4
M[222] : 3 3 4 5 3 3 3 3 4 3 0 3 4 4 3 2 4 2 3 4 5 3 2 4 3 3
M[223] : 1 1 2 1 2 2 4 1 2 3 2 1 1 0 2 1 2 2 2 4 1 1 2 2 2 3
M[224] : 6 4 3 4 3 4 3 5 4 4 3 5 3 4 4 5 4 4 5 1 0 3 4 3 4 5
M[225] : 3 3 2 4 2 2 4 3 2 1 2 2 4 1 3 2 3 2 2 3 4 3 2 0 2 3
M[226] : 3 2 2 3 3 3 3 2 1 2 1 4 1 1 4 2 3 2 2 2 0 3 2 2 3 2
M[227] : 2 1 2 3 2 2 1 4 4 1 1 2 2 3 2 1 2 2 0 2 1 1 2 3 1 2
M[228] : 2 4 1 2 3 1 2 2 1 2 2 4 2 2 1 2 3 1 1 2 0 3 1 2 4 2
M[229] : 1 2 0 2 1 0 1 1 2 1 1 1 1 0 3 1 2 0 1 0 1 2 0 0 1 0
M[230] : 3 3 2 2 2 2 3 3 1 4 3 1 2 3 2 0 2 2 2 3 2 3 1 2 2 3
M[231] : 5 4 6 5 0 3 5 6 5 3 5 5 7 4 5 4 6 4 5 3 6 6 3 6 5 4
M[232] : 3 2 2 2 1 1 2 4 2 0 4 2 2 3 3 1 2 2 3 2 1 4 3 2 2 2
M[233] : 5 5 5 4 4 3 0 5 4 4 5 4 4 3 4 5 4 2 4 5 4 4 4 3 5 3
M[234] : 4 0 5 5 6 3 3 5 6 4 4 3 5 2 4 2 3 5 4 3 4 4 5 4 4 5
M[235] : 3 1 2 1 2 2 1 0 1 2 0 2 1 1 1 1 1 1 1 2 1 2 1 1 1 1
M[236] : 0 1 1 0 3 1 2 1 1 0 2 1 0 0 1 1 1 1 1 1 1 0 0 1 0 0
M[237] : 4 3 7 4 3 3 4 4 3 4 6 3 4 4 3 4 4 5 4 4 4 2 4 3 0 7
M[238] : 1 2 1 1 1 0 2 0 2 2 1 1 3 1 2 1 2 3 3 1 2 1 2 1 1 1
M[239] : 4 4 3 3 3 4 3 3 0 2 3 3 3 3 3 3 4 5 3 4 2 1 3 3 4 4
M[240] : 4 4 3 5 3 5 3 5 5 0 3 3 4 4 3 5 4 5 4 4 5 5 3 4 4 6
M[241] : 1 1 0 2 2 0 2 0 0 4 1 0 1 1 1 2 1 1 3 1 0 1 1 2 2 1
M[242] : 1 0 0 1 1 3 1 1 1 2 1 1 1 2 2 1 1 4 1 3 2 1 2 1 2 2
M[243] : 4 4 4 5 3 4 3 4 4 0 3 4 4 3 3 3 3 4 5 3 4 4 3 3 3 2
M[244] : 2 0 2 1 0 3 2 1 1 1 3 1 1 1 2 2 2 2 1 1 1 1 1 1 2 1
M[245] : 3 3 4 5 3 1 5 5 5 3 2 3 6 2 4 5 5 6 4 6 0 6 7 5 6 3
M[246] : 2 3 3 3 2 2 2 1 1 1 0 1 3 3 1 2 2 3 2 1 2 1 2 3 5 2
M[247] : 2 2 2 3 2 3 1 2 2 2 2 2 0 1 2 3 2 4 4 3 3 3 2 1 2 3
M[248] : 5 0 6 4 5 5 6 3 2 8 6 3 4 6 3 8 4 5 4 4 3 4 5 6 5 6
M[249] : 6 4 5 6 4 5 6 5 3 3 6 6 6 4 5 5 4 5 5 7 5 0 9 6 5 3
M[250] : 3 2 2 2 1 2 2 3 1 0 2 1 2 0 2 4 4 2 0 2 2 2 2 4 3 1
M[251] : 1 1 2 3 1 2 2 2 1 2 0 1 2 2 3 2 1 1 3 1 2 2 2 1 2 2
M[252] : 2 3 2 1 2 1 1 1 3 2 1 1 1 2 2 3 2 1 0 1 1 0 3 2 0 2
M[253] : 0 3 2 5 3 3 4 4 3 4 3 3 3 4 3 3 3 4 3 4 3 4 2 2 6 4
M[254] : 4 5 5 4 4 3 5 0 4 5 5 5 5 3 5 4 5 3 5 5 5 5 4 4 5 3
M[255] : 5 4 4 4 3 3 4 3 3 4 5 4 3 3 2 5 5 4 4 6 5 0 4 4 4 2
M[256] : 3 3 4 3 3 3 3 2 3 4 4 2 3 2 4 0 3 3 4 3 3 3 3 4 4 3
M[257] : 2 2 2 3 1 2 2 3 1 1 2 2 1 1 1 1 1 1 1 0 3 2 2 0 2 1
M[258] : 3 3 0 2 3 1 2 2 1 2 2 3 3 3 2 1 2 2 2 3 2 2 2 3 3 1
M[259] : 3 3 2 2 3 3 3 3 3 3 3 3 3 3 0 2 4 4 2 3 4 3 3 4 3 3
M[260] : 3 2 4 3 4 4 0 3 3 5 3 4 2 4 4 4 4 3 2 4 3 3 2 2 4 4
M[261] : 5 5 2 2 5 3 3 4 4 4 5 4 4 3 4 4 7 5 0 4 5 6 4 3 3 5
M[262] : 4 4 4 3 4 5 5 4 5 4 4 6 0 4 4 3 5 5 5 4 6 5 2 4 5 6
M[263] : 5 4 4 8 3 5 5 5 3 5 4 4 6 4 3 4 3 3 3 0 5 5 5 7 4 5
M[264] : 3 1 3 4 2 2 2 3 3 3 4 4 4 5 4 2 3 3 2 2 3 2 3 4 2 0
M[265] : 5 3 5 4 4 3 3 4 5 4 4 4 4 4 3 3 3 2 3 5 4 5 0 4 4 3
M[266] : 4 0 1 3 3 4 3 3 4 2 5 3 2 3 3 2 3 5 3 5 6 5 3 5 4 5
M[267] : 0 1 0 1 0 2 1 2 2 1 2 1 1 1 1 0 1 3 0 1 1 2 0 1 2 1
M[268] : 1 2 1 1 0 1 0 1 3 1 1 0 0 1 2 1 0 1 2 1 3 1 2 1 1 1
M[269] : 1 0 0 0 0 2 0 0 0 0 0 0 0 1 1 0 2 0 0 0 1 1 0 0 1 0
M[270] : 0 3 3 4 1 3 1 2 2 3 1 3 2 2 2 3 3 3 2 1 3 2 3 1 3 2
M[271] : 3 1 4 3 3 3 4 1 3 4 4 4 4 3 0 4 4 4 2 4 3 4 4 2 4 3
M[272] : 4 3 5 0 6 6 7 6 6 5 6 6 3 3 6 4 5 3 5 5 7 5 6 5 7 3
M[273] : 5 3 3 4 4 5 3 3 4 4 5 4 2 5 0 5 3 5 5 4 4 4 3 3 5 6
M[274] : 1 1 2 1 2 4 2 2 2 2 1 3 1 1 2 2 2 4 1 0 2 2 4 1 3 2
M[275] : 3 2 3 0 3 3 3 3 2 2 0 2 1 2 3 1 3 3 2 3 3 3 2 2 2 4
M[276] : 5 3 1 2 2 4 2 2 3 3 0 3 2 4 3 2 3 2 3 3 3 3 2 3 3 2
M[277] : 3 2 5 4 3 3 2 2 3 2 3 2 1 2 2 1 3 2 0 3 3 4 2 1 2 3
M[278] : 3 4 7 1 3 3 2 4 4 2 4 3 3 4 2 3 3 2 2 3 3 2 4 0 6 4
M[279] : 3 3 3 3 4 4 4 2 3 2 3 4 2 4 5 2 2 3 3 3 0 3 2 3 4 3
M[280] : 5 4 5 3 3 3 4 0 4 4 5 2 4 5 3 4 6 4 3 3 5 3 4 3 5 2
M[281] : 4 4 3 3 2 4 3 5 2 2 4 2 3 1 4 4 4 3 3 0 2 4 2 2 2 3
M[282] : 4 4 5 5 3 4 4 5 4 2 4 2 4 5 0 4 4 4 6 5 5 4 6 4 6 3
M[283] : 7 3 6 4 5 0 4 4 4 4 4 6 4 4 4 6 4 6 5 5 3 4 5 6 5 4
M[284] : 3 2 1 1 1 1 1 1 1 1 1 1 1 1 0 0 4 1 2 0 3 0 2 0 0 2
M[285] : 5 3 2 4 0 5 3 3 4 5 3 3 3 3 4 4 4 5 2 2 3 3 3 4 4 5
M[286] : 4 5 5 0 4 5 4 5 4 6 4 4 4 4 5 5 2 3 4 5 2 3 4 5 4 4
M[287] : 5 5 4 0 2 4 4 3 3 4 4 2 3 2 5 3 4 4 3 4 5 4 3 4 4 4
M[288] : 2 2 2 1 2 3 0 3 1 2 1 1 5 2 3 3 2 1 3 3 1 3 4 3 3 2
M[289] : 2 3 3 4 1 2 2 0 1 4 3 3 4 3 1 4 3 4 3 2 3 1 2 3 3 2
M[290] : 2 2 2 3 4 4 3 2 3 3 4 3 3 3 3 3 3 5 3 3 5 4 0 0 3 3
M[291] : 2 3 0 2 2 1 2 1 3 2 3 2 2 2 1 1 2 2 2 3 2 1 3 2 1 2
M[292] : 6 2 4 4 5 3 4 3 5 4 4 4 5 0 5 4 3 6 4 3 3 4 3 4 4 3
M[293] : 4 3 2 3 3 3 0 3 4 3 4 4 3 5 5 2 3 4 4 3 3 4 4 3 6 5
M[294] : 5 7 3 5 5 5 5 4 5 6 5 4 5 5 4 6 6 5 4 6 5 5 4 0 6 7
M[295] : 2 3 3 3 3 3 2 2 2 2 3 3 3 1 2 3 4 3 5 2 2 0 1 2 2 3
M[296] : 5 4 5 4 4 4 4 6 3 6 4 5 3 6 4 5 5 5 4 0 4 4 5 3 2 4
M[297] : 2 3 0 2 4 3 2 1 1 1 0 1 1 2 2 2 2 1 2 2 1 1 1 2 1 3
M[298] : 1 2 3 3 1 1 2 2 2 3 0 1 2 2 1 2 2 2 3 3 2 3 3 2 3 2
M[299] : 3 4 4 5 0 2 3 3 2 3 3 2 2 2 4 3 3 3 4 3 2 2 4 4 4 2
M[300] : 3 6 3 7 4 5 5 5 0 6 4 7 4 5 3 5 5 4 6 6 5 6 7 5 6 5
M[301] : 3 4 2 2 3 3 2 2 2 3 0 2 2 2 2 3 3 3 4 3 1 3 2 3 3 2
M[302] : 5 5 6 5 5 5 5 7 5 6 5 4 6 6 6 6 0 5 6 5 5 5 5 6 4 5
M[303] : 6 3 3 3 2 3 4 2 1 3 3 4 3 3 2 4 1 3 0 3 2 4 3 1 4 3
M[304] : 4 3 4 5 5 3 5 5 4 6 5 5 6 4 5 4 0 3 5 6 3 8 5 5 5 3
M[305] : 4 3 3 4 3 4 2 3 4 4 4 3 4 4 3 3 2 4 5 2 5 3 1 2 0 4
M[306] : 4 3 1 2 5 3 2 3 0 3 5 3 3 5 4 4 6 4 3 3 4 6 2 2 4 3
M[307] : 3 6 5 5 3 5 4 5 4 6 4 4 5 6 3 5 7 2 2 7 4 3 5 0 4 6
M[308] : 6 5 4 5 4 5 5 5 0 4 4 5 3 5 5 4 3 6 4 4 5 5 6 6 3 4
M[309] : 3 0 2 2 2 2 2 2 4 2 2 2 4 3 3 2 1 2 2 2 2 2 3 2 2 1
M[310] : 5 6 3 2 3 4 3 5 5 3 4 3 3 3 5 3 3 5 4 3 0 3 4 4 5 4
M[311] : 3 1 1 2 4 4 2 2 0 2 4 2 2 1 2 2 5 3 2 3 3 1 2 2 2 3
M[312] : 1 1 1 1 1 1 1 1 1 1 1 1 1 1 2 2 0 1 1 0 2 1 1 1 1 3
M[313] : 3 3 3 0 4 2 3 3 4 3 3 2 3 2 3 3 4 2 3 4 3 3 4 3 2 3
M[314] : 2 2 3 3 2 2 0 2 2 3 2 4 3 2 2 4 2 3 3 3 2 2 3 2 3 1
M[315] : 3 0 5 4 5 3 4 4 3 3 3 3 3 3 4 4 3 4 4 4 5 4 3 3 4 3
M[316] : 4 4 4 7 5 3 4 7 3 0 5 6 5 4 5 4 5 4 6 4 5 5 6 7 6 3
M[317] : 4 3 2 4 3 2 1 3 1 2 4 2 2 1 2 0 2 3 3 3 3 4 2 2 3 3
M[318] : 1 2 2 3 2 3 1 2 2 0 2 2 2 1 2 0 2 3 3 2 1 1 1 1 2 4
M[319] : 3 3 3 3 2 4 2 3 3 4 3 0 2 3 4 2 3 3 2 3 3 3 4 3 3 4
M[320] : 2 3 3 3 4 2 2 4 4 4 4 3 3 4 3 3 2 3 4 2 0 5 3 4 3 3
M[321] : 6 2 5 3 5 4 5 6 5 4 5 2 5 4 7 4 5 6 4 6 5 5 4 5 0 4
M[322] : 1 2 1 1 2 1 1 1 2 1 0 1 2 2 2 0 0 2 2 1 1 1 0 2 1 4
M[323] : 1 1 1 1 1 1 2 1 2 1 1 2 1 0 1 1 1 0 3 1 1 1 1 1 1 1
M[324] : 1 2 1 0 1 3 0 0 1 1 1 1 3 1 1 0 1 3 1 2 0 3 0 0 0 0
M[325] : 4 4 2 6 3 2 2 7 4 3 0 4 5 3 5 3 3 4 6 3 4 3 3 4 4 4
M[326] : 6 5 5 6 6 6 7 6 5 4 5 4 7 5 6 6 6 0 6 7 5 6 4 8 5 7
M[327] : 4 4 4 5 4 3 4 4 4 3 5 4 5 3 5 4 3 4 5 0 4 3 4 3 5 4
M[328] : 1 2 0 2 4 3 3 2 3 2 2 2 2 4 1 2 3 4 1 1 1 3 2 1 4 0
M[329] : 5 4 3 3 2 3 2 2 3 5 3 2 5 2 3 3 1 2 4 2 4 4 0 3 3 3
M[330] : 3 5 0 5 3 3 3 4 3 3 4 4 5 6 4 3 4 2 5 4 3 4 4 4 2 6
M[331] : 2 2 2 3 2 3 2 2 3 2 1 2 3 2 2 2 3 2 1 4 2 1 2 3 2 0
M[332] : 2 3 3 2 3 4 2 4 2 3 4 5 0 4 4 3 2 5 4 3 2 3 2 3 3 4
M[333] : 4 1 2 2 2 3 2 3 2 3 3 3 2 3 3 3 3 1 2 2 2 4 1 0 2 2
M[334] : 3 3 3 1 3 1 2 6 6 4 2 1 5 2 3 2 2 2 0 1 2 1 2 2 4 2
M[335] : 0 0 0 1 1 0 0 1 0 0 2 1 1 2 1 1 0 1 1 1 2 2 1 0 0 1
M[336] : 3 4 3 0 5 3 4 1 3 2 3 3 3 1 3 2 2 3 1 3 5 4 3 3 3 3
M[337] : 4 3 4 3 3 5 3 3 2 3 3 4 3 3 4 3 2 2 3 3 3 3 2 2 0 6
M[338] : 0 2 2 1 1 1 1 1 2 2 2 0 2 0 0 2 2 1 2 1 2 1 2 1 2 0
M[339] : 4 5 7 5 4 6 4 4 4 4 5 4 3 5 5 6 6 4 4 4 5 0 6 5 7 4
M[340] : 2 2 1 1 2 0 1 2 3 2 2 1 2 0 2 1 0 2 2 0 0 2 0 2 1 1
M[341] : 2 3 2 2 1 0 1 2 2 4 4 3 0 4 3 4 2 3 2 2 3 1 2 4 3 4
M[342] : 2 0 2 2 2 3 2 2 3 1 2 2 2 2 3 1 2 2 2 3 3 1 2 1 2 1
M[343] : 3 6 4 4 6 6 4 4 4 4 0 5 5 2 3 4 3 3 3 5 4 6 3 4 7 4
M[344] : 3 3 2 3 3 4 3 3 2 3 3 0 2 4 2 3 3 1 2 3 4 3 2 3 2 3
M[345] : 2 3 2 4 3 2 5 3 3 3 4 3 5 3 0 2 4 4 3 3 4 2 3 4 2 4
M[346] : 2 4 4 2 2 3 3 3 3 2 3 0 4 2 3 2 2 2 3 2 1 4 3 3 3 3
M[347] : 6 4 5 7 5 6 5 6 3 6 4 5 6 5 6 5 5 6 0 5 7 5 7 5 3 4
M[348] : 3 5 3 4 3 4 4 3 3 4 3 4 4 3 4 3 3 5 5 4 0 4 3 4 4 5
M[349] : 2 2 1 2 0 2 2 1 1 1 2 2 1 0 2 1 2 2 1 3 2 1 0 4 1 1
M[350] : 7 3 3 6 5 6 6 4 5 3 7 5 3 0 6 3 4 4 5 3 5 5 4 6 6 5
M[351] : 4 3 3 2 2 2 1 3 3 2 1 3 2 3 3 3 3 0 3 2 3 2 2 5 4 4
M[352] : 4 3 2 1 1 2 2 2 3 3 3 1 2 3 3 2 4 2 2 0 3 0 4 5 1 2
M[353] : 4 4 0 4 4 5 5 3 3 4 4 2 3 5 4 6 3 5 4 4 4 3 3 4 6 4
M[354] : 4 3 2 3 4 2 2 0 5 3 2 1 3 3 3 4 3 3 3 4 2 3 3 2 2 3
M[355] : 2 4 1 3 3 2 2 4 3 5 5 4 5 4 3 3 3 0 4 4 4 4 5 4 3 4
M[356] : 3 2 4 3 2 3 3 2 1 3 2 2 5 4 3 3 3 2 2 3 0 2 1 3 2 2
M[357] : 5 4 6 5 3 4 4 3 6 4 4 3 4 3 3 4 4 6 4 6 0 4 5 2 5 5
M[358] : 4 5 3 4 5 3 5 4 4 4 5 4 4 4 5 5 5 4 3 2 3 4 4 2 0 2
M[359] : 0 4 2 5 5 4 3 2 2 6 2 3 3 1 4 3 3 3 2 4 4 3 5 5 4 2
M[360] : 4 6 0 3 3 5 4 5 3 3 4 6 4 4 4 3 4 3 2 4 5 7 7 6 4 3
M[361] : 2 3 3 3 3 0 4 4 3 3 4 4 4 2 2 4 4 1 2 4 3 3 3 3 2 3
M[362] : 2 3 2 2 4 2 2 3 2 2 4 2 3 2 1 3 3 2 2 2 4 3 2 4 0 2
M[363] : 1 3 4 3 4 2 3 2 3 4 4 0 4 4 4 1 3 3 3 4 2 4 3 2 2 3
M[364] : 3 3 2 4 3 3 2 3 4 4 4 3 4 4 4 3 2 3 3 3 3 3 3 4 0 2
M[365] : 6 5 5 3 6 5 3 4 3 6 7 3 3 6 6 5 7 5 4 6 4 3 4 0 7 3
M[366] : 1 1 0 2 3 0 1 0 1 1 1 1 1 1 2 2 1 2 2 2 1 1 2 0 0 1
M[367] : 3 3 4 3 3 3 3 3 3 4 4 4 2 3 3 4 0 4 3 6 2 4 3 4 6 4
M[368] : 3 5 1 1 1 1 2 1 0 0 2 1 2 1 1 1 2 2 3 0 4 1 2 2 1 2
M[369] : 3 3 1 4 5 4 5 3 4 1 4 0 4 6 5 4 4 4 2 2 6 5 3 3 3 2
M[370] : 0 0 0 1 1 1 1 1 2 0 2 0 1 0 0 0 2 1 1 0 2 1 0 0 0 0
M[371] : 4 4 4 4 4 4 3 4 4 4 3 4 5 5 4 3 3 3 4 6 4 3 4 4 4 0
M[372] : 4 1 2 3 3 3 0 3 3 2 2 4 2 2 2 2 4 3 2 1 2 2 1 3 2 1
M[373] : 2 2 4 2 1 3 3 3 1 4 3 1 5 5 3 0 3 3 2 2 3 4 1 4 2 5
M[374] : 4 3 4 2 3 3 4 3 3 6 5 3 0 3 5 4 4 3 3 5 3 2 4 4 5 2
M[375] : 1 1 0 3 0 1 0 2 1 2 1 0 1 1 1 1 1 1 2 1 1 1 1 1 0 1
M[376] : 2 0 4 3 1 2 2 2 1 2 2 2 4 3 2 3 2 2 5 2 3 3 2 3 4 3
M[377] : 6 5 3 4 5 5 1 5 7 4 4 6 5 4 3 3 6 2 4 4 0 4 3 2 4 5
M[378] : 3 4 3 2 3 4 2 1 2 4 0 3 3 6 5 5 2 4 3 3 3 5 4 3 3 6
M[379] : 5 3 5 5 4 4 4 4 5 4 2 3 3 1 3 3 0 3 5 4 3 3 4 4 2 4
M[380] : 1 3 2 2 3 2 1 1 3 1 3 4 3 3 3 2 3 0 2 3 1 2 2 2 3 2
M[381] : 3 4 3 3 3 3 3 4 0 3 4 3 3 0 4 3 3 4 3 3 3 2 3 3 3 2
M[382] : 2 1 2 2 2 3 2 3 2 3 2 0 2 2 2 2 3 2 1 2 3 3 2 2 3 1
M[383] : 2 2 2 4 5 2 2 1 1 2 1 2 2 1 2 2 2 1 2 2 2 3 3 0 2 2
M[384] : 4 4 4 3 2 3 5 3 2 4 4 4 4 4 2 0 3 4 4 3 3 6 6 4 4 4
M[385] : 0 3 3 3 1 2 1 4 3 2 4 2 1 3 3 2 3 3 1 2 1 4 3 5 5 3
M[386] : 3 2 2 3 4 2 3 2 4 2 4 4 4 3 3 3 4 4 5 3 3 0 3 2 4 3
M[387] : 6 0 6 6 7 6 8 5 6 6 7 8 6 6 6 5 7 7 5 6 9 7 7 7 6 7
M[388] : 1 0 4 4 4 3 2 2 3 2 3 2 2 3 3 2 4 2 4 3 4 4 2 4 4 4
M[389] : 2 2 2 4 2 2 1 2 3 1 0 3 1 2 4 2 2 3 2 1 1 3 1 1 1 3
M[390] : 5 4 6 4 6 4 4 5 5 3 4 4 5 4 4 4 4 6 5 3 2 4 5 0 4 4
M[391] : 6 4 4 0 3 4 1 5 2 2 5 3 3 3 2 4 4 5 4 3 4 3 3 4 5 5
M[392] : 0 2 4 1 2 3 3 2 2 2 2 2 2 1 2 2 3 2 2 3 2 3 2 4 3 2
M[393] : 6 6 4 4 5 5 4 5 5 5 1 4 3 5 5 3 5 5 4 4 5 6 0 4 5 5
M[394] : 0 3 5 4 2 2 5 5 3 6 4 4 4 5 4 5 4 4 5 5 3 4 2 4 3 3
M[395] : 3 5 4 4 3 3 0 2 5 4 3 4 5 4 3 1 4 3 3 4 6 3 3 4 3 4
M[396] : 1 1 2 1 0 1 0 1 1 2 2 0 2 3 0 3 4 2 1 3 1 1 2 2 1 1
M[397] : 5 4 5 6 6 5 6 0 4 7 7 5 6 7 7 7 4 6 6 4 5 7 6 5 6 5
M[398] : 5 6 3 5 4 7 4 6 6 6 5 0 5 5 3 5 3 4 4 6 3 4 4 3 5 6
M[399] : 2 2 2 0 2 2 2 3 1 2 1 2 1 2 1 2 1 1 2 3 2 1 2 2 2 2
M[400] : 3 4 3 3 3 3 2 4 0 4 4 3 1 4 2 2 4 1 3 3 3 4 4 3 2 5
M[401] : 6 7 3 5 8 5 5 5 5 5 5 5 5 5 6 4 4 0 5 6 6 6 5 6 7 6
M[402] : 2 4 5 6 5 3 7 8 4 4 5 3 5 6 4 0 4 4 5 4 4 5 4 3 5 4
M[403] : 6 5 4 2 4 4 0 5 5 4 4 3 5 4 5 4 3 5 4 4 4 5 6 4 4 3
M[404] : 3 4 2 4 0 4 5 3 3 4 4 4 5 3 4 2 4 4 3 4 6 3 4 4 4 4
M[405] : 2 2 2 0 2 2 2 2 2 2 3 2 2 2 2 2 2 1 2 3 2 2 2 1 3 2
M[406] : 0 1 0 0 0 0 1 2 0 0 0 0 1 0 0 1 0 0 0 2 0 1 0 0 0 0
M[407] : 4 2 4 2 2 1 3 3 0 3 1 3 3 2 3 2 4 3 1 2 4 4 2 3 2 3
M[408] : 4 4 3 3 2 2 3 2 1 2 3 1 1 2 1 3 2 0 3 3 2 2 2 1 2 2
M[409] : 4 6 4 5 7 6 6 4 4 5 4 2 4 4 5 4 4 4 4 0 5 6 3 5 5 7
M[410] : 6 5 0 5 4 4 6 6 3 5 5 6 6 3 7 6 3 4 7 5 4 6 3 6 9 7
M[411] : 2 2 0 2 1 2 1 2 1 2 0 2 1 2 2 2 2 2 2 2 2 1 1 2 2 1
M[412] : 2 2 4 1 1 1 2 1 2 2 2 2 2 1 2 2 2 1 1 2 2 1 1 0 2 2
M[413] : 2 1 3 1 2 3 2 3 2 3 2 1 2 1 2 2 3 2 2 2 3 2 3 1 2 0
M[414] : 1 2 0 1 0 0 0 1 0 2 1 2 3 0 2 2 1 0 1 1 1 2 0 1 0 2
M[415] : 3 5 3 4 3 5 4 2 3 2 3 0 3 3 4 2 4 3 3 3 6 4 3 3 5 3
M[416] : 4 3 2 2 4 4 3 4 5 4 3 3 2 4 3 4 0 3 1 4 3 2 3 3 3 5
M[417] : 2 4 4 2 2 5 4 4 4 1 5 1 4 3 4 3 3 2 0 4 4 4 3 4 4 2
M[418] : 3 3 2 1 2 1 1 0 3 3 3 3 2 2 3 4 4 1 2 2 2 3 4 3 4 3
M[419] : 7 6 4 6 4 0 4 4 5 4 4 5 6 4 4 5 2 4 5 5 4 7 5 5 6 6
M[420] : 6 3 3 4 3 0 4 4 6 4 6 3 2 3 4 3 5 5 4 5 4 4 4 5 3 5
M[421] : 2 3 3 3 2 2 2 3 2 5 2 2 3 0 1 6 3 3 4 2 2 3 4 2 2 5
M[422] : 2 2 2 1 4 1 2 2 3 1 2 2 3 2 4 1 2 1 3 2 0 2 2 1 2 2
M[423] : 7 4 4 6 5 5 4 6 5 6 5 4 4 7 5 0 5 6 4 5 6 5 7 4 4 4
M[424] : 7 8 6 7 8 6 7 7 5 9 7 8 7 7 9 5 10 9 7 6 7 10 6 0 6 5
M[425] : 1 1 1 1 1 1 1 1 1 1 1 1 1 2 0 1 2 1 3 1 1 2 2 1 1 1
M[426] : 4 5 3 4 5 3 2 3 4 4 5 5 5 4 0 4 4 4 3 0 4 3 4 6 3 5
M[427] : 4 0 3 4 2 2 2 2 4 4 5 4 6 3 3 4 3 3 4 3 4 4 4 4 3 4
M[428] : 3 0 0 0 1 1 0 1 1 1 2 1 1 2 1 0 1 1 0 1 1 1 1 1 0 0
M[429] : 3 4 4 3 3 0 3 3 2 3 3 3 3 2 4 4 4 2 6 3 3 4 4 4 4 4
M[430] : 2 3 2 2 1 2 1 1 2 1 2 0 3 5 1 1 3 2 1 3 2 2 3 3 3 2
M[431] : 4 4 5 5 2 3 5 5 4 3 6 4 6 4 5 0 4 5 4 5 3 4 2 5 6 2
M[432] : 6 3 7 6 5 5 5 3 2 6 5 4 4 6 3 6 7 5 5 0 3 4 3 6 3 5
M[433] : 2 4 4 4 5 0 2 3 4 4 3 4 3 4 4 4 5 5 5 3 3 5 3 2 4 4
M[434] : 3 3 4 4 2 3 2 4 5 4 4 3 5 3 3 3 4 5 5 0 3 4 2 2 1 4
M[435] : 3 4 2 5 4 5 0 2 3 4 4 4 3 3 5 4 4 3 2 4 4 3 3 4 4 4
M[436] : 3 4 4 7 2 4 4 4 1 5 4 5 3 3 5 4 5 4 4 2 4 6 5 6 0 3
M[437] : 1 3 2 2 1 3 2 1 3 1 2 3 2 4 2 3 2 2 3 3 3 3 0 3 4 2
M[438] : 5 2 3 2 0 2 1 2 2 4 2 2 3 2 3 2 4 2 2 2 4 5 3 4 3 1
M[439] : 4 4 7 7 0 6 5 4 4 3 5 4 4 6 3 5 6 5 3 6 4 4 5 5 5 8
M[440] : 1 1 2 1 3 3 2 1 1 1 1 1 1 0 1 2 2 2 2 0 2 4 1 1 1 1
M[441] : 4 3 2 3 1 3 2 1 3 3 3 1 1 3 4 2 4 2 0 4 4 3 4 3 3 3
M[442] : 4 2 0 4 4 4 4 4 5 2 5 3 3 3 5 4 4 4 2 6 4 5 3 3 4 3
M[443] : 4 3 3 3 4 3 3 3 4 4 3 2 3 4 3 3 3 0 3 3 3 3 3 1 2 2
M[444] : 0 2 1 0 1 2 2 3 3 2 1 1 2 1 2 3 3 3 2 0 3 1 1 3 2 3
M[445] : 7 5 0 3 6 4 3 4 6 4 4 4 5 6 4 3 6 5 4 4 5 2 4 4 6 6
M[446] : 2 4 3 3 2 2 2 2 3 4 5 3 2 4 3 4 3 3 3 2 3 4 3 5 4 0
M[447] : 2 2 2 3 1 1 4 3 3 1 1 2 0 1 3 2 2 2 1 2 1 3 2 3 2 1
M[448] : 5 3 2 2 3 2 3 3 3 4 3 3 1 1 2 2 2 2 2 2 4 0 4 2 4 2
M[449] : 3 1 2 3 2 0 3 2 1 1 2 2 1 0 3 1 2 2 4 3 2 2 2 2 2 3

