 Execution de l'algoritme BITS sur le fichier le450_25c.col.txt
=====================================================================
 Partitions  : 
Vk[0] : 16 198 404 279 227 392 230 163 200 290 243 444 65 307 328 391 329 -->  17 éléments.
Vk[1] : 106 161 286 153 30 348 74 261 351 110 93 298 288 405 48 0 267 -->  17 éléments.
Vk[2] : 398 255 249 178 164 209 188 427 232 86 199 133 382 139 144 6 132 -->  17 éléments.
Vk[3] : 216 97 357 266 265 393 61 408 102 96 320 238 215 108 162 152 146 -->  17 éléments.
Vk[4] : 387 439 231 339 364 345 41 8 169 168 64 421 417 333 270 235 375 418 -->  18 éléments.
Vk[5] : 68 103 44 336 437 15 116 260 309 67 247 314 174 372 236 301 241 -->  17 éléments.
Vk[6] : 167 377 166 109 39 434 273 234 297 334 211 259 117 2 244 99 396 -->  17 éléments.
Vk[7] : 130 330 292 287 343 285 356 310 378 42 245 31 75 195 83 363 269 35 -->  18 éléments.
Vk[8] : 26 240 360 21 25 271 222 315 388 192 206 355 411 250 296 7 107 -->  17 éléments.
Vk[9] : 36 445 374 40 175 50 403 300 80 185 149 90 303 49 131 176 253 -->  17 éléments.
Vk[10] : 424 262 433 237 208 299 257 70 177 183 223 349 251 321 141 122 370 154 -->  18 éléments.
Vk[11] : 89 350 95 55 124 369 342 59 20 394 214 305 313 94 268 413 170 -->  17 éléments.
Vk[12] : 302 66 159 186 135 256 147 442 402 228 447 4 171 173 322 113 9 72 -->  18 éléments.
Vk[13] : 347 78 63 125 88 283 383 376 98 138 204 37 428 229 318 324 406 -->  17 éléments.
Vk[14] : 415 182 306 327 112 358 118 14 432 368 281 5 84 189 289 92 361 -->  17 éléments.
Vk[15] : 46 371 384 317 332 1 263 373 291 134 87 278 226 140 359 43 284 13 -->  18 éléments.
Vk[16] : 365 331 38 3 207 34 101 422 32 277 18 440 157 60 448 128 201 -->  17 éléments.
Vk[17] : 126 410 156 221 367 254 423 73 151 295 193 137 136 340 119 85 11 -->  17 éléments.
Vk[18] : 294 390 120 77 19 213 23 145 386 407 381 194 91 312 416 341 17 -->  17 éléments.
Vk[19] : 150 111 203 346 12 160 438 379 54 56 441 246 24 399 212 76 158 148 -->  18 éléments.
Vk[20] : 401 45 258 142 155 353 239 71 225 443 210 446 389 252 325 51 323 425 -->  18 éléments.
Vk[21] : 219 420 104 395 426 280 82 165 344 123 105 129 435 79 190 338 414 -->  17 éléments.
Vk[22] : 397 308 400 202 409 115 47 172 436 184 274 276 180 10 366 53 205 -->  17 éléments.
Vk[23] : 316 429 431 58 272 29 248 181 52 449 264 57 81 352 311 179 121 -->  17 éléments.
Vk[24] : 224 218 419 304 319 127 354 217 282 27 197 362 62 412 187 114 430 242 -->  18 éléments.
Vk[25] : 326 143 293 220 385 233 69 191 22 337 380 100 33 196 335 275 28 -->  17 éléments.
Matrice M
M[0] : 2 0 3 3 3 2 3 2 2 1 1 1 1 2 3 3 2 2 2 2 2 4 4 2 3 2
M[1] : 3 4 4 4 3 3 3 3 3 5 4 3 4 3 2 0 2 3 4 2 5 5 4 3 3 4
M[2] : 3 2 3 2 4 3 0 3 3 5 4 4 3 3 4 3 4 2 2 5 3 4 3 3 4 3
M[3] : 4 3 5 3 5 4 5 5 4 4 2 3 4 3 5 3 0 4 2 4 4 3 4 5 4 5
M[4] : 2 2 1 1 2 1 2 3 3 3 2 3 0 2 2 2 3 2 3 2 3 0 2 2 2 2
M[5] : 2 3 3 2 4 3 1 2 3 1 0 0 1 3 0 1 4 2 1 3 2 4 2 1 3 1
M[6] : 2 1 0 2 2 2 3 2 2 3 1 2 3 3 2 1 2 1 1 1 2 2 2 2 1 2
M[7] : 2 4 3 3 2 2 3 2 0 2 2 3 4 2 3 4 2 3 1 4 2 3 2 2 3 3
M[8] : 4 3 2 2 0 2 3 3 4 4 3 4 4 4 2 1 4 4 4 5 2 2 4 2 4 4
M[9] : 5 2 4 3 3 1 4 4 3 4 6 4 0 3 6 3 4 3 5 3 3 5 4 4 4 4
M[10] : 3 1 2 1 4 1 2 2 3 3 0 3 2 4 2 2 4 3 3 2 4 1 0 3 4 3
M[11] : 0 0 1 2 0 0 3 1 0 0 1 2 1 1 0 0 0 0 2 0 1 0 0 2 1 1
M[12] : 3 3 4 2 4 3 3 4 2 6 2 4 5 2 3 3 3 6 3 0 4 5 4 1 3 5
M[13] : 1 1 1 0 0 1 2 0 0 1 2 1 1 1 1 0 1 1 1 1 1 1 2 1 0 0
M[14] : 3 3 2 2 2 2 3 2 1 3 1 2 1 2 0 3 2 1 3 3 2 3 2 3 2 2
M[15] : 1 3 3 2 3 0 4 4 2 3 4 4 2 4 3 3 3 2 2 3 3 3 2 3 2 2
M[16] : 0 3 5 3 4 3 4 5 4 4 4 4 4 4 3 5 2 2 4 4 5 3 4 4 5 4
M[17] : 0 0 0 1 1 0 0 1 2 2 2 1 1 1 0 0 0 1 0 0 1 1 1 1 2 1
M[18] : 3 4 3 3 3 3 5 2 4 2 4 2 3 2 3 5 0 2 4 4 3 3 2 5 2 2
M[19] : 4 5 6 5 7 6 6 4 4 6 6 4 5 5 3 4 3 6 0 5 4 3 4 6 4 5
M[20] : 2 1 2 1 2 1 1 1 2 2 1 0 2 1 1 1 1 3 1 2 2 1 2 2 1 2
M[21] : 5 3 5 4 4 4 2 5 0 4 4 4 5 3 4 4 6 4 8 3 4 6 3 4 4 5
M[22] : 5 4 3 5 5 2 3 6 5 6 5 5 5 6 4 4 4 6 5 5 4 5 5 6 5 0
M[23] : 3 2 2 2 4 3 4 2 3 2 3 3 1 2 3 2 3 1 0 2 1 4 1 2 5 2
M[24] : 2 1 2 1 3 2 2 2 2 3 3 3 2 2 3 2 2 4 3 0 3 2 1 2 2 2
M[25] : 2 2 3 3 3 3 3 2 0 1 2 2 3 2 2 2 2 1 3 1 3 3 3 2 1 3
M[26] : 3 6 3 3 3 5 3 5 0 3 5 6 3 4 4 5 5 3 5 6 5 6 3 5 4 4
M[27] : 2 1 1 3 3 2 3 4 3 2 2 3 1 3 2 4 1 3 2 2 1 3 2 3 0 1
M[28] : 1 2 1 2 2 3 2 2 1 1 0 0 2 0 0 2 0 1 1 2 2 2 2 2 1 0
M[29] : 6 5 4 3 4 3 6 6 5 3 4 6 5 5 5 4 3 4 6 5 6 4 4 0 4 4
M[30] : 5 0 4 4 4 4 3 4 6 3 4 5 3 2 3 3 3 5 3 4 4 4 6 5 6 5
M[31] : 4 2 2 3 2 1 3 0 2 4 3 2 3 2 3 2 1 2 3 3 4 3 4 4 5 2
M[32] : 4 5 2 2 5 3 6 4 3 3 5 4 4 2 5 5 0 3 4 4 3 7 4 3 5 5
M[33] : 3 1 0 1 1 1 3 3 2 3 2 2 2 1 1 2 3 2 1 3 3 3 1 3 4 0
M[34] : 5 2 3 2 3 3 2 2 3 4 3 3 3 5 3 3 0 2 3 2 3 2 2 5 3 2
M[35] : 2 3 2 2 3 4 0 0 3 3 3 3 3 2 2 2 3 3 2 4 4 2 2 2 3 2
M[36] : 5 3 4 2 4 3 5 4 3 0 6 5 4 4 6 4 3 4 4 2 3 1 2 3 4 2
M[37] : 4 2 5 3 5 4 3 3 5 3 2 4 3 0 3 3 4 3 3 2 2 4 2 3 2 3
M[38] : 2 3 3 2 3 4 4 4 2 4 6 4 8 3 5 3 0 5 3 5 4 6 4 6 3 2
M[39] : 5 6 5 5 6 5 0 5 6 6 5 6 3 5 6 7 4 5 7 5 5 6 5 5 6 6
M[40] : 3 2 3 2 5 2 3 3 3 0 1 3 3 5 4 4 4 1 3 2 4 3 3 6 5 4
M[41] : 2 4 4 3 0 1 4 4 4 4 2 3 3 3 4 2 4 1 2 2 3 1 4 2 1 4
M[42] : 3 2 3 5 3 4 2 0 3 3 4 2 2 5 3 3 3 4 2 4 2 4 5 4 3 3
M[43] : 1 1 2 1 2 1 3 1 1 0 1 0 1 0 1 0 2 1 2 1 2 3 3 1 1 2
M[44] : 2 3 4 2 4 0 3 4 5 4 6 3 3 3 1 5 4 6 2 4 3 4 4 4 5 5
M[45] : 5 5 4 5 5 4 4 3 5 5 3 4 5 4 4 4 3 4 5 4 0 3 5 5 6 5
M[46] : 4 5 4 4 4 5 4 5 5 3 5 4 5 5 6 0 6 4 3 5 5 5 4 6 4 5
M[47] : 4 3 4 3 3 4 4 2 2 3 3 3 5 5 3 2 3 4 3 4 4 3 0 5 4 6
M[48] : 1 0 2 1 3 3 2 3 1 4 3 2 4 3 3 1 4 2 3 2 2 3 3 1 3 2
M[49] : 4 2 2 4 5 2 4 4 3 0 3 3 1 3 4 2 3 4 3 4 3 6 2 3 3 1
M[50] : 5 4 4 4 4 4 2 4 5 0 2 2 3 3 5 3 4 3 3 3 3 5 4 4 4 3
M[51] : 4 2 2 3 4 2 3 4 3 3 3 2 4 3 2 1 1 3 3 4 0 2 3 4 3 4
M[52] : 3 0 2 3 2 2 2 0 1 2 2 2 2 3 3 1 4 4 2 2 3 2 4 0 2 3
M[53] : 1 2 1 0 4 1 2 3 2 1 2 2 1 2 0 3 1 3 0 1 2 1 0 1 3 3
M[54] : 2 4 6 3 3 3 3 5 6 5 4 3 6 4 3 4 5 4 3 0 5 4 4 5 4 5
M[55] : 4 4 4 3 3 4 3 4 4 5 3 0 4 4 4 3 4 3 4 5 4 3 4 4 4 2
M[56] : 1 2 2 2 4 3 3 4 4 2 3 3 3 4 2 3 2 3 1 0 2 2 5 3 4 3
M[57] : 3 3 3 5 2 2 3 5 3 3 3 2 4 3 3 3 2 2 3 2 3 2 3 0 2 2
M[58] : 2 4 4 2 3 3 3 3 4 4 3 4 3 3 3 3 2 4 4 2 4 5 3 0 4 4
M[59] : 3 4 4 2 4 3 3 3 5 5 2 0 3 4 4 3 3 3 3 2 4 3 3 4 3 4
M[60] : 2 5 5 4 5 2 4 5 5 4 2 3 3 4 4 4 0 2 1 3 5 4 5 1 4 3
M[61] : 3 3 3 0 4 3 1 2 3 3 3 3 3 3 2 3 3 3 5 3 4 2 4 3 3 3
M[62] : 5 6 3 4 4 2 4 4 4 4 4 5 1 2 4 5 3 4 4 4 3 2 5 4 0 6
M[63] : 5 4 4 3 2 4 6 5 3 4 5 5 4 0 4 3 4 4 3 6 5 4 3 5 4 4
M[64] : 2 2 1 2 0 3 4 2 2 3 2 2 2 1 2 4 5 2 3 2 3 4 2 2 3 3
M[65] : 0 4 4 3 3 3 2 4 2 2 3 3 4 3 3 2 4 3 3 3 4 4 4 4 3 4
M[66] : 4 4 2 3 4 3 4 2 4 4 3 3 0 3 4 3 4 4 3 3 2 5 5 3 3 3
M[67] : 5 4 4 4 4 0 2 6 5 4 4 5 3 4 3 6 4 4 4 3 5 2 4 4 6 6
M[68] : 6 5 6 5 5 0 5 6 6 5 4 4 5 5 6 4 6 6 5 4 4 6 5 5 6 5
M[69] : 3 3 4 1 3 3 2 2 2 4 3 3 3 2 3 2 2 3 2 2 4 3 4 3 3 0
M[70] : 3 4 4 2 4 4 5 4 3 3 0 4 4 2 4 4 2 3 3 4 3 3 3 4 4 3
M[71] : 2 2 2 2 2 1 2 3 2 2 1 2 1 3 1 2 2 4 1 1 0 1 3 2 5 2
M[72] : 0 0 0 0 0 0 0 0 1 0 0 0 0 0 2 0 1 0 0 2 0 0 0 1 0 0
M[73] : 2 1 2 3 2 2 2 3 3 1 4 1 4 2 3 4 3 0 2 3 4 4 4 2 4 2
M[74] : 1 0 2 3 3 2 3 2 4 4 2 3 3 3 3 4 3 3 2 3 3 4 3 2 3 4
M[75] : 4 1 3 3 2 2 2 0 2 2 0 2 3 2 4 2 3 1 1 2 2 2 3 3 2 2
M[76] : 0 0 0 0 0 0 0 2 1 0 0 0 1 0 0 1 0 1 0 0 0 0 0 0 1 1
M[77] : 3 2 3 2 4 4 3 3 3 2 3 5 4 3 2 3 6 4 0 2 4 2 2 4 2 4
M[78] : 5 5 4 3 5 2 4 4 5 6 5 5 5 0 4 4 4 5 6 5 4 4 5 4 4 5
M[79] : 2 2 3 2 4 2 3 2 2 0 2 1 0 2 1 2 1 2 1 2 3 0 3 2 3 2
M[80] : 1 1 0 2 2 2 2 3 1 0 1 2 2 1 3 0 2 3 2 2 1 2 1 2 3 3
M[81] : 3 3 4 4 3 3 3 3 4 3 3 4 4 3 4 3 5 4 5 3 5 4 4 0 2 5
M[82] : 3 5 2 3 4 2 4 4 3 3 3 3 2 2 3 3 3 3 1 2 4 0 5 2 2 3
M[83] : 4 3 3 3 4 3 4 0 3 4 2 6 6 5 1 2 2 4 3 4 3 3 5 5 5 5
M[84] : 0 3 1 0 2 1 1 2 1 1 0 0 1 1 0 0 1 2 1 0 1 1 2 0 1 2
M[85] : 1 2 2 1 3 1 2 3 1 2 5 3 2 3 1 3 2 0 0 1 2 2 3 1 3 1
M[86] : 4 3 0 5 6 4 3 4 5 4 5 3 4 3 1 4 4 5 4 3 5 5 4 4 4 5
M[87] : 3 2 2 3 3 3 2 3 4 3 4 4 4 5 2 0 4 5 3 3 4 3 4 3 2 5
M[88] : 4 6 4 4 5 4 7 5 6 4 5 4 6 0 6 4 4 5 4 5 6 4 5 3 3 3
M[89] : 5 4 6 5 7 4 5 5 6 4 5 0 4 5 4 6 4 5 5 6 5 4 5 5 7 5
M[90] : 1 2 4 3 2 2 5 2 2 0 2 1 2 3 1 2 1 2 1 3 2 1 3 2 2 2
M[91] : 1 1 1 3 1 1 1 2 2 2 1 2 2 1 1 2 1 1 0 3 2 1 3 2 3 1
M[92] : 2 4 2 4 3 2 4 3 2 3 4 3 2 3 0 4 3 1 3 5 2 3 3 2 1 2
M[93] : 3 0 3 3 3 2 3 3 6 2 4 4 4 3 4 3 4 3 5 4 3 4 4 3 2 3
M[94] : 2 5 3 2 4 3 2 5 4 4 4 0 2 4 1 3 1 5 1 3 3 2 3 2 3 4
M[95] : 5 3 3 3 4 5 5 3 5 4 2 0 5 5 3 5 4 4 4 4 6 4 4 4 5 4
M[96] : 3 3 3 0 3 5 3 3 3 2 2 2 2 1 4 2 3 3 0 3 2 5 5 3 4 3
M[97] : 3 4 3 0 5 5 5 5 4 2 3 4 2 6 5 4 3 2 4 4 4 5 5 5 5 4
M[98] : 4 3 6 5 3 2 3 2 2 3 3 4 3 0 3 3 3 3 1 3 4 4 3 3 3 4
M[99] : 1 0 0 1 1 1 0 0 0 3 1 0 0 1 0 0 0 0 0 1 0 0 1 1 0 0
M[100] : 3 5 5 3 4 4 3 5 6 3 2 2 3 4 5 6 3 4 4 5 6 5 3 2 5 0
M[101] : 5 4 4 4 4 3 1 4 5 5 3 3 5 3 3 4 0 4 3 3 4 4 4 3 5 3
M[102] : 4 6 6 0 6 4 5 5 5 4 5 3 6 4 3 6 4 7 6 6 5 6 5 4 5 7
M[103] : 3 4 3 2 2 0 3 6 4 4 4 4 3 3 3 3 3 2 3 4 4 3 4 4 6 3
M[104] : 4 4 4 6 4 4 5 7 5 5 5 4 6 4 5 3 3 4 6 3 5 0 6 5 4 5
M[105] : 4 5 3 5 3 2 2 4 4 3 5 4 4 4 4 3 6 3 5 3 4 0 3 6 4 5
M[106] : 6 0 3 4 4 4 5 4 5 4 5 5 4 4 4 3 3 3 5 3 4 5 5 4 4 4
M[107] : 4 0 2 1 3 0 3 3 0 2 2 3 2 2 2 1 3 1 0 2 2 0 3 2 1 2
M[108] : 0 1 0 0 0 1 2 1 1 2 2 2 0 0 1 1 1 0 0 0 0 2 0 0 1 0
M[109] : 3 3 3 2 4 4 0 3 1 3 2 3 5 4 3 2 3 4 2 3 4 4 3 3 3 5
M[110] : 2 0 3 2 2 3 3 3 2 2 1 3 1 2 1 2 2 2 2 2 2 2 3 2 2 2
M[111] : 4 4 4 4 6 4 5 4 4 3 4 4 4 3 5 6 5 3 7 0 5 3 5 6 5 5
M[112] : 4 4 5 3 6 4 4 5 3 4 4 3 3 4 0 2 3 4 3 3 4 4 5 5 5 5
M[113] : 3 2 3 2 4 2 4 3 2 3 1 1 0 3 2 4 2 4 2 3 3 2 3 3 4 3
M[114] : 1 3 1 1 1 1 1 2 1 2 1 2 1 1 2 1 1 0 1 1 1 2 1 2 0 1
M[115] : 3 2 3 2 3 3 2 5 2 3 2 3 3 6 3 2 4 3 3 3 2 1 0 2 3 4
M[116] : 4 3 4 4 4 0 2 4 3 4 2 2 3 2 3 4 3 2 2 2 4 4 4 2 2 2
M[117] : 3 3 3 2 4 2 0 4 3 5 4 4 2 2 1 3 2 3 2 2 1 4 3 3 2 4
M[118] : 3 2 2 2 3 3 3 2 2 2 2 3 4 2 0 2 3 2 2 3 1 1 2 2 2 2
M[119] : 2 3 3 2 3 2 2 3 1 1 3 1 1 2 1 2 1 0 2 3 1 2 3 2 2 3
M[120] : 3 3 3 2 1 2 3 2 2 2 4 3 4 3 3 2 2 6 0 3 3 1 4 3 2 3
M[121] : 1 2 2 2 3 4 1 4 3 3 3 3 1 2 1 3 2 3 3 2 2 3 1 0 5 3
M[122] : 2 2 3 0 2 1 2 3 3 4 0 4 3 2 2 4 2 3 5 2 1 2 1 3 2 2
M[123] : 2 3 4 2 4 2 3 4 3 3 3 2 3 2 4 5 2 2 2 3 2 0 2 2 4 3
M[124] : 5 3 3 5 5 3 3 4 3 4 5 0 3 2 3 5 4 5 3 3 2 3 3 3 4 3
M[125] : 4 4 4 5 4 6 4 6 6 5 6 6 4 0 4 5 4 4 5 4 4 4 6 5 5 5
M[126] : 3 4 3 5 4 3 5 6 4 5 4 5 3 6 5 5 4 0 4 4 3 4 6 5 6 7
M[127] : 4 3 3 2 4 3 3 2 2 3 2 2 3 4 3 3 3 3 3 2 5 3 4 3 0 3
M[128] : 2 1 1 3 1 2 1 4 2 2 2 1 1 2 2 1 0 2 1 1 2 3 2 2 2 2
M[129] : 3 3 3 3 2 3 2 2 2 2 3 3 3 1 2 3 2 3 3 2 3 0 3 2 1 2
M[130] : 2 2 4 3 5 4 5 0 3 3 4 4 3 1 2 4 1 3 3 4 2 3 2 3 5 4
M[131] : 3 1 1 1 1 1 5 2 1 0 5 1 1 2 4 2 1 1 1 3 1 3 1 3 1 0
M[132] : 2 0 0 2 2 1 1 2 1 2 2 2 2 2 1 1 0 1 0 3 1 2 2 2 3 2
M[133] : 2 2 0 3 4 3 4 4 4 3 3 4 2 4 4 4 2 4 3 6 4 5 5 6 3 3
M[134] : 4 4 2 2 5 4 2 3 4 3 2 3 4 3 2 0 3 4 4 3 4 2 3 3 3 3
M[135] : 5 3 3 4 4 4 3 3 3 4 5 3 0 4 4 4 4 3 2 5 5 5 4 3 4 3
M[136] : 2 2 6 2 4 3 6 4 3 5 1 4 3 4 3 2 5 0 3 4 3 4 5 6 3 4
M[137] : 3 4 3 1 3 3 2 3 3 3 2 3 2 2 3 3 2 0 2 4 4 3 2 4 2 2
M[138] : 2 2 3 2 3 2 2 2 3 2 3 3 4 0 2 3 1 2 3 2 3 4 2 3 1 4
M[139] : 1 3 0 3 2 1 0 2 2 1 2 0 1 0 2 1 3 1 0 0 0 2 1 0 1 3
M[140] : 1 3 4 3 2 4 5 4 5 4 3 3 6 4 3 0 5 3 4 4 4 4 3 5 4 5
M[141] : 1 0 1 1 2 1 0 1 4 1 0 0 0 1 0 0 1 1 1 1 0 3 1 1 2 1
M[142] : 4 5 3 4 4 4 4 3 6 5 3 4 6 4 3 6 5 4 3 4 0 4 5 4 6 8
M[143] : 3 4 4 4 2 3 3 3 3 3 4 6 4 2 5 5 3 5 5 3 5 3 5 4 4 0
M[144] : 2 4 0 3 3 1 2 1 2 3 1 1 3 2 1 4 1 4 1 3 4 2 3 2 2 3
M[145] : 3 1 1 3 2 1 1 2 2 2 1 2 2 2 2 2 2 3 0 1 2 3 1 3 2 1
M[146] : 2 2 3 0 3 1 3 4 1 3 3 2 2 2 3 2 2 1 3 3 1 2 3 3 1 3
M[147] : 2 2 3 1 2 1 1 3 2 2 2 2 0 4 3 2 2 3 2 2 2 2 1 3 1 1
M[148] : 3 4 4 2 3 3 1 2 2 2 3 2 2 2 3 3 1 2 3 0 3 4 3 4 3 3
M[149] : 3 3 2 3 5 3 5 4 4 0 4 6 5 1 2 3 3 5 4 2 3 4 3 3 5 5
M[150] : 5 5 4 6 7 4 6 5 6 6 5 5 5 5 7 7 6 6 5 0 6 6 5 7 6 3
M[151] : 3 2 1 2 4 3 1 1 3 2 3 2 2 2 3 1 2 0 2 2 2 2 3 1 2 2
M[152] : 2 1 1 0 1 1 1 2 1 0 1 1 2 0 0 0 1 0 1 0 1 1 1 0 0 1
M[153] : 3 0 4 4 4 2 2 2 4 2 3 3 4 3 2 4 3 5 2 2 4 3 2 3 6 5
M[154] : 1 1 1 2 1 1 1 1 1 1 0 1 1 1 1 2 1 1 1 1 1 3 1 1 1 1
M[155] : 5 4 5 4 5 4 5 5 4 7 3 4 5 4 3 8 6 7 5 7 0 7 4 4 5 6
M[156] : 6 4 5 2 5 5 4 7 5 7 2 5 4 4 6 4 4 0 4 5 5 4 5 3 5 4
M[157] : 3 3 3 2 3 4 2 3 4 2 3 2 2 2 2 2 0 2 6 1 4 3 4 2 3 3
M[158] : 1 1 1 2 2 2 1 3 3 1 2 2 2 1 1 1 2 2 1 0 3 2 2 2 3 2
M[159] : 6 4 7 5 8 5 4 6 5 4 5 4 0 5 5 6 6 5 6 5 5 7 5 4 5 4
M[160] : 3 3 3 4 4 3 4 2 3 4 3 3 2 3 3 1 1 4 3 0 4 3 4 4 3 4
M[161] : 4 0 3 6 5 3 5 5 3 3 2 4 5 3 5 4 5 4 3 4 6 6 4 3 4 4
M[162] : 1 1 1 0 3 0 1 0 1 1 1 2 1 1 1 1 1 2 1 1 2 0 1 0 2 2
M[163] : 0 4 3 3 5 5 4 5 6 4 4 5 4 6 4 4 2 4 5 3 7 4 6 7 6 5
M[164] : 3 5 0 4 4 4 4 5 6 4 4 4 6 6 2 5 3 6 5 4 6 2 5 3 4 4
M[165] : 3 4 5 6 4 4 4 3 4 5 2 4 4 3 3 4 4 5 2 5 3 0 3 4 5 4
M[166] : 4 6 5 2 7 6 0 5 5 6 5 7 7 4 5 5 6 5 5 5 5 4 5 5 4 5
M[167] : 6 7 6 4 5 5 0 7 7 8 6 5 6 5 6 6 4 5 4 5 5 5 7 7 8 5
M[168] : 2 4 4 3 0 3 4 3 3 3 4 3 3 3 4 4 4 3 4 2 3 3 4 3 2 3
M[169] : 1 2 3 3 0 2 2 4 3 2 2 2 1 3 3 4 2 3 1 1 2 2 3 2 5 2
M[170] : 2 3 3 3 4 2 5 3 6 2 4 0 5 5 5 5 4 1 3 4 3 4 3 7 4 4
M[171] : 2 2 2 2 3 3 4 3 1 5 4 3 0 2 2 4 3 4 3 3 3 2 4 3 3 1
M[172] : 2 3 4 4 3 2 5 5 2 4 4 3 2 4 3 4 3 3 2 5 3 4 0 3 4 3
M[173] : 1 3 3 3 3 2 2 2 3 1 1 3 0 1 3 3 2 1 1 4 2 3 3 2 2 3
M[174] : 3 4 3 6 6 0 5 5 6 5 5 4 6 4 4 4 3 4 4 4 4 3 4 4 3 5
M[175] : 3 3 3 3 3 4 3 3 3 0 3 3 3 2 3 3 3 2 3 3 2 2 3 3 3 3
M[176] : 1 1 1 0 2 2 0 1 2 0 2 3 1 1 0 3 1 3 0 2 1 2 2 2 0 2
M[177] : 3 2 3 2 3 2 2 2 3 1 0 2 1 2 1 1 0 1 2 2 1 3 3 2 3 1
M[178] : 4 2 0 3 4 4 3 3 3 3 4 5 2 5 3 4 1 4 3 3 3 3 2 4 3 5
M[179] : 2 1 1 3 3 2 2 1 2 2 2 2 0 1 2 3 1 2 1 1 1 3 1 0 2 1
M[180] : 3 2 2 4 3 3 3 1 3 3 3 4 4 3 2 3 2 3 2 3 3 1 0 2 4 2
M[181] : 4 4 3 4 3 4 4 3 4 4 4 3 5 4 2 4 3 2 2 4 3 4 3 0 4 4
M[182] : 3 5 4 2 6 5 5 4 5 2 2 3 4 3 0 4 2 3 3 3 5 4 4 3 4 4
M[183] : 4 4 3 5 6 3 4 5 4 5 0 3 4 2 5 5 5 5 6 4 5 3 5 5 4 4
M[184] : 5 3 6 4 4 4 3 4 4 3 2 4 3 4 2 2 5 2 2 3 3 4 0 4 3 4
M[185] : 4 3 4 1 3 6 5 5 3 0 4 5 4 5 4 3 4 5 4 5 3 2 6 4 3 4
M[186] : 4 2 4 2 3 2 5 4 3 4 2 4 0 2 3 2 3 2 2 1 4 2 3 1 4 4
M[187] : 1 3 2 2 4 4 4 2 2 3 2 1 3 1 0 2 1 2 1 2 4 2 3 2 0 3
M[188] : 4 4 0 4 3 5 2 4 6 6 4 4 4 4 4 3 3 5 6 3 3 4 6 5 5 3
M[189] : 5 4 3 3 5 2 2 3 3 4 3 3 5 3 0 5 5 6 4 3 4 4 6 3 3 4
M[190] : 1 3 3 1 2 1 3 3 2 3 3 2 1 4 1 2 0 2 1 4 2 0 4 5 1 3
M[191] : 5 5 5 4 6 4 5 5 5 5 5 5 4 5 5 6 3 4 4 2 6 5 4 5 5 0
M[192] : 3 3 4 4 2 5 3 3 0 4 5 2 3 5 3 4 3 4 2 3 3 3 4 3 3 3
M[193] : 4 3 3 3 2 3 3 2 2 4 4 2 4 2 5 3 4 0 5 3 4 4 2 3 2 2
M[194] : 2 3 3 3 3 2 4 4 3 4 4 2 4 2 3 2 3 3 0 2 3 3 2 3 2 5
M[195] : 2 3 2 2 1 1 3 0 1 2 3 2 4 2 1 2 1 1 3 0 2 2 1 2 1 1
M[196] : 2 2 4 2 2 2 1 3 1 4 1 4 2 2 2 3 1 3 2 3 1 3 1 2 3 0
M[197] : 4 3 3 2 3 2 3 8 4 4 1 4 2 2 3 1 4 2 3 2 3 3 3 2 0 2
M[198] : 0 4 4 3 3 3 4 3 5 4 4 5 4 4 3 5 2 4 4 4 5 4 3 5 2 2
M[199] : 4 2 0 1 3 3 4 4 2 3 2 4 3 3 3 2 5 3 1 3 4 2 5 4 2 1
M[200] : 0 1 1 1 1 2 2 1 1 1 1 1 1 1 1 4 2 2 1 2 2 1 2 1 1 1
M[201] : 2 4 3 3 4 3 3 2 4 3 2 3 3 2 2 3 0 2 3 3 3 4 3 3 3 3
M[202] : 5 5 5 5 4 2 5 4 5 4 5 5 4 2 5 6 5 4 5 4 3 6 0 3 5 3
M[203] : 7 7 5 6 4 3 5 5 5 5 6 6 5 5 6 7 6 7 6 0 6 5 6 6 5 7
M[204] : 2 2 3 4 4 3 5 5 2 1 2 2 3 0 1 4 2 3 3 3 3 4 3 3 3 2
M[205] : 1 2 2 4 3 6 1 3 3 2 3 1 2 2 3 5 2 3 2 3 2 2 0 2 2 3
M[206] : 4 5 3 4 3 2 3 2 0 4 2 4 5 3 3 6 7 3 3 6 4 4 2 4 4 4
M[207] : 2 4 4 3 4 4 4 4 4 4 4 4 4 4 2 5 0 4 3 4 4 3 4 5 3 2
M[208] : 4 3 1 4 3 2 4 1 2 3 0 4 2 2 4 2 2 3 4 3 3 3 4 4 2 3
M[209] : 2 3 0 3 3 2 3 1 2 1 2 2 1 1 1 1 2 2 1 2 3 2 2 1 2 1
M[210] : 3 3 5 4 4 4 5 3 2 4 4 2 2 2 2 4 3 3 4 4 0 3 4 5 4 4
M[211] : 3 3 2 5 3 2 0 4 3 3 3 3 2 2 2 1 2 3 3 4 2 4 5 2 3 2
M[212] : 1 1 2 2 2 4 4 4 5 2 1 2 3 3 3 3 2 1 1 0 1 2 2 3 1 2
M[213] : 4 2 4 3 6 4 5 4 5 6 6 5 6 4 3 4 3 4 0 3 3 4 4 5 6 3
M[214] : 3 3 2 2 1 1 1 3 2 2 4 0 2 2 3 2 2 1 2 2 2 2 2 3 2 3
M[215] : 1 1 1 0 2 1 0 1 1 2 2 1 1 1 1 0 0 0 1 3 2 0 2 2 1 0
M[216] : 4 5 7 0 6 5 6 6 7 5 6 4 4 6 4 4 4 5 3 4 4 5 5 7 7 3
M[217] : 3 5 5 5 4 6 3 3 4 3 4 3 3 4 4 6 4 5 4 4 4 6 5 6 0 5
M[218] : 4 5 4 3 6 3 3 3 4 5 3 4 5 5 4 7 7 3 4 5 6 4 5 6 0 4
M[219] : 5 5 4 5 5 5 5 3 5 4 4 5 5 5 5 5 5 3 5 4 5 0 5 4 4 6
M[220] : 4 4 4 5 4 4 6 5 2 3 2 3 4 4 3 4 3 3 3 4 4 4 4 5 5 0
M[221] : 4 3 5 3 4 5 3 3 3 4 3 6 4 3 2 3 3 0 4 5 4 2 2 2 5 4
M[222] : 2 4 4 3 2 2 5 5 0 6 2 5 3 1 3 3 4 2 4 3 3 4 3 6 2 2
M[223] : 2 2 2 1 0 2 2 3 4 2 0 3 1 2 3 2 2 2 2 1 1 1 1 1 2 3
M[224] : 5 5 4 4 3 3 3 2 5 4 3 3 3 4 4 4 4 5 4 4 5 5 4 3 0 4
M[225] : 3 3 2 2 2 3 1 4 1 1 3 2 3 2 3 6 2 3 3 2 0 3 2 4 1 3
M[226] : 2 1 1 2 2 3 3 1 4 2 2 3 2 3 2 0 2 1 2 3 2 2 3 3 4 3
M[227] : 0 2 2 2 2 2 2 1 2 2 2 2 2 3 2 1 2 2 1 2 2 2 2 2 3 2
M[228] : 1 1 2 2 3 2 2 3 4 1 3 3 0 2 1 3 2 2 2 2 2 3 1 1 2 2
M[229] : 1 0 0 1 1 0 1 1 1 1 0 2 1 0 1 1 1 2 3 0 1 1 1 2 1 1
M[230] : 0 2 3 1 5 2 3 2 3 2 1 2 2 2 4 2 2 2 2 2 4 2 3 2 2 1
M[231] : 3 4 4 3 0 6 5 5 6 6 3 4 5 5 5 4 5 4 7 4 6 6 6 5 4 5
M[232] : 2 2 0 3 2 3 2 2 1 2 2 2 2 2 4 3 2 2 2 3 3 3 2 2 2 2
M[233] : 3 4 3 5 5 5 4 5 4 4 4 4 4 4 3 5 4 4 3 5 4 4 5 4 3 0
M[234] : 3 3 3 5 6 2 0 3 5 4 5 4 1 4 3 5 4 5 6 3 5 5 5 6 4 3
M[235] : 2 1 1 1 0 1 2 0 1 2 1 1 1 1 1 1 2 4 2 1 1 2 1 1 1 1
M[236] : 0 0 2 1 0 0 1 0 0 0 2 1 1 1 1 1 1 1 1 1 1 1 1 1 1 1
M[237] : 4 5 3 6 3 5 4 3 3 5 0 3 5 3 4 3 4 6 4 4 5 2 3 6 4 3
M[238] : 0 1 1 0 1 2 2 1 1 1 2 2 2 3 1 1 1 2 2 1 1 3 1 3 1 2
M[239] : 3 3 4 3 3 4 2 2 4 3 2 4 4 4 2 2 5 4 2 4 0 4 3 3 4 2
M[240] : 4 3 4 3 4 4 4 6 0 6 4 4 4 3 4 3 5 5 5 5 4 4 3 4 5 3
M[241] : 1 2 1 0 1 0 2 1 1 1 2 1 2 1 2 2 2 1 2 1 2 1 1 0 0 1
M[242] : 1 2 1 3 3 1 1 2 1 1 1 1 1 1 1 1 2 2 1 2 2 2 1 1 0 3
M[243] : 0 4 3 4 4 3 4 3 4 4 3 3 3 4 3 5 3 4 3 3 3 2 4 5 4 4
M[244] : 1 3 1 1 2 2 0 2 1 1 1 1 4 1 1 0 1 0 0 3 3 2 2 1 1 1
M[245] : 5 2 6 4 4 4 4 0 5 6 6 4 3 5 4 5 5 6 5 3 3 4 4 4 2 4
M[246] : 2 2 2 3 3 2 1 1 3 1 2 2 3 3 2 2 1 2 1 0 3 1 2 1 4 4
M[247] : 3 2 4 2 3 0 2 3 2 3 2 1 1 2 2 3 0 3 2 1 3 2 3 3 3 3
M[248] : 6 4 4 6 6 4 5 5 6 7 3 4 4 2 5 5 5 5 4 6 6 3 4 0 7 4
M[249] : 5 5 0 5 4 4 3 7 5 6 3 4 6 5 6 5 4 8 6 4 5 4 6 6 6 6
M[250] : 3 3 3 2 1 2 4 2 0 2 3 2 3 2 3 3 2 1 1 1 1 0 0 3 2 2
M[251] : 3 1 1 1 1 1 2 3 1 3 0 2 2 1 3 1 0 3 2 1 1 2 2 3 2 2
M[252] : 2 2 1 2 2 1 2 2 2 2 1 2 3 2 2 2 2 1 0 2 0 1 0 1 1 2
M[253] : 4 3 6 4 3 3 5 4 2 0 2 4 3 3 4 4 3 3 4 3 4 3 2 3 4 2
M[254] : 3 4 5 4 6 5 6 3 5 6 4 5 6 4 4 5 5 0 3 5 4 3 3 3 4 5
M[255] : 3 4 0 4 3 4 4 4 5 5 3 3 4 4 4 3 5 4 4 4 4 4 3 4 4 4
M[256] : 3 3 3 2 2 2 4 3 5 5 2 5 0 3 3 4 4 1 4 3 4 3 2 3 3 3
M[257] : 0 2 1 1 1 2 1 2 2 0 0 3 1 3 1 1 1 3 3 2 1 1 2 3 1 2
M[258] : 3 2 2 1 1 2 1 4 3 2 3 3 3 2 2 3 3 2 1 2 0 1 2 2 2 3
M[259] : 4 2 2 3 3 1 0 4 3 2 4 3 3 3 4 5 2 3 3 3 3 4 3 3 2 3
M[260] : 2 2 3 4 4 0 5 5 5 4 3 3 1 2 4 3 2 2 3 4 3 4 2 5 4 4
M[261] : 5 0 5 5 4 3 3 4 4 4 4 5 5 4 5 4 5 4 4 4 4 4 3 5 3 3
M[262] : 5 5 5 4 4 4 6 5 6 3 0 5 5 5 3 4 5 4 3 4 5 4 3 5 4 4
M[263] : 4 4 5 4 3 5 5 6 5 5 3 4 4 3 3 0 5 5 4 3 5 6 4 6 5 6
M[264] : 5 3 3 2 2 3 3 3 3 3 4 3 2 2 1 3 2 4 2 3 2 3 4 0 4 4
M[265] : 4 4 4 0 2 5 3 4 4 4 3 4 3 4 4 4 4 4 3 5 4 3 5 3 5 3
M[266] : 3 4 4 0 3 1 3 5 3 2 4 3 5 2 4 4 3 3 4 4 4 5 3 5 3 5
M[267] : 1 0 0 1 2 1 1 0 0 1 2 1 1 2 2 0 3 1 0 2 1 2 2 1 0 1
M[268] : 1 1 1 3 1 1 4 1 1 0 1 0 0 1 0 1 2 2 1 1 1 1 2 1 1 0
M[269] : 0 1 0 0 0 1 0 0 0 1 0 0 2 0 0 0 3 1 0 0 0 0 0 0 0 1
M[270] : 3 1 3 2 0 4 1 3 3 2 2 2 2 3 1 3 1 2 2 2 3 3 2 4 2 2
M[271] : 4 4 2 2 3 4 3 3 0 2 4 3 4 4 2 2 3 3 4 3 5 3 5 4 2 4
M[272] : 5 4 6 4 4 2 7 7 7 6 7 4 5 7 7 5 6 3 5 5 4 4 5 0 4 4
M[273] : 5 3 3 5 4 3 0 5 3 5 2 4 5 4 4 4 5 4 4 3 5 4 5 4 4 4
M[274] : 2 3 1 4 2 3 2 3 2 1 2 1 2 2 1 1 1 1 1 2 2 3 0 3 3 2
M[275] : 3 2 2 1 4 2 2 1 3 3 1 3 3 2 1 2 3 2 3 3 3 2 3 3 3 0
M[276] : 3 3 2 3 3 1 3 2 2 3 3 3 3 2 3 2 3 4 3 2 3 3 0 3 2 4
M[277] : 2 3 2 2 4 1 3 2 5 2 1 3 3 2 3 2 0 4 2 2 3 1 3 3 3 2
M[278] : 2 3 5 2 5 5 2 3 4 3 4 3 4 2 2 0 2 5 1 4 4 4 2 4 3 3
M[279] : 0 1 3 3 4 2 4 3 3 3 4 4 4 3 3 2 4 2 2 3 4 5 3 3 2 3
M[280] : 4 4 2 4 5 3 3 3 5 3 3 4 6 5 2 4 3 6 3 4 5 0 4 3 3 5
M[281] : 1 3 3 2 2 2 3 2 3 4 4 3 6 2 0 3 3 5 3 2 3 3 2 3 4 4
M[282] : 3 4 4 4 4 5 4 5 4 3 4 5 5 3 4 2 3 5 7 6 4 5 3 3 0 7
M[283] : 7 5 6 3 5 5 3 5 5 5 3 4 3 0 6 3 5 6 4 5 5 4 6 3 5 5
M[284] : 2 1 1 2 1 0 1 1 1 1 0 1 2 3 2 0 0 2 1 1 1 2 0 0 2 3
M[285] : 4 3 4 4 4 4 3 0 3 3 4 4 3 3 4 4 5 3 4 4 4 2 2 3 3 5
M[286] : 5 0 4 3 3 3 5 5 6 4 3 3 3 3 5 6 5 3 3 5 5 5 3 5 4 5
M[287] : 3 4 4 4 3 3 3 0 5 3 4 4 5 3 3 4 3 5 4 3 3 4 3 4 4 4
M[288] : 3 0 2 3 2 2 2 2 3 4 2 3 4 1 1 2 2 2 1 3 2 3 2 3 2 2
M[289] : 5 3 3 2 1 2 4 4 2 3 3 2 4 3 0 3 2 3 2 2 2 2 2 4 2 1
M[290] : 0 5 2 2 4 3 4 5 4 4 2 3 1 3 2 3 1 3 2 2 2 3 3 5 5 3
M[291] : 2 2 1 2 3 2 3 2 3 2 1 2 1 1 3 0 2 1 2 1 3 3 1 2 3 1
M[292] : 4 4 4 4 3 4 4 0 4 5 3 5 3 4 5 3 5 3 3 5 5 3 6 3 4 3
M[293] : 5 2 4 3 4 3 4 3 5 2 4 5 3 4 4 3 3 2 4 3 6 4 4 4 2 0
M[294] : 6 5 5 5 5 5 4 5 6 5 5 6 4 6 5 6 6 5 0 5 3 4 6 4 5 6
M[295] : 3 4 3 1 3 3 4 2 3 2 2 1 2 3 2 2 2 0 2 2 3 3 3 3 4 2
M[296] : 4 5 6 5 4 5 4 3 0 3 3 4 4 4 3 5 4 5 4 6 4 4 3 5 6 5
M[297] : 1 1 2 1 3 2 0 1 2 3 1 2 1 1 2 2 2 2 1 3 2 1 1 2 2 2
M[298] : 2 0 3 3 2 2 3 2 3 2 3 2 2 2 2 1 3 2 1 2 2 2 2 2 2 1
M[299] : 2 2 2 5 2 3 3 3 3 4 0 4 3 2 2 5 3 3 3 3 3 3 2 4 3 4
M[300] : 4 6 6 3 6 3 7 5 5 0 4 5 7 4 6 5 6 6 7 5 5 3 3 5 6 5
M[301] : 2 3 3 3 3 0 3 2 2 4 2 3 2 2 3 3 3 3 3 2 2 2 2 3 2 2
M[302] : 4 7 5 4 4 5 4 5 7 5 4 5 0 5 6 7 6 6 6 5 8 6 5 5 4 5
M[303] : 3 1 4 3 3 5 3 3 3 0 4 3 1 1 2 3 1 4 3 4 4 2 2 4 3 4
M[304] : 4 4 5 4 5 4 6 6 5 6 6 4 4 3 6 3 5 5 4 6 4 4 5 3 0 5
M[305] : 4 2 3 2 2 2 6 5 3 5 4 0 4 3 4 3 4 4 3 1 4 3 3 4 2 3
M[306] : 3 1 2 5 5 4 4 4 3 6 2 4 6 3 0 1 4 5 1 4 3 5 5 3 3 1
M[307] : 0 4 5 6 4 5 5 5 6 5 4 6 4 2 3 4 5 3 3 4 5 4 4 6 7 4
M[308] : 5 5 5 4 5 3 5 7 4 6 4 5 4 2 3 5 3 5 5 5 5 5 0 4 6 5
M[309] : 2 2 1 2 1 0 2 3 3 2 2 1 2 2 4 2 2 2 2 3 2 3 4 2 2 3
M[310] : 5 4 2 5 3 5 4 0 4 3 3 4 4 5 4 4 4 3 3 4 4 4 4 4 3 3
M[311] : 3 4 3 2 3 2 2 1 2 1 4 4 1 2 2 2 1 1 2 3 3 4 3 0 2 3
M[312] : 1 1 1 2 1 1 1 1 3 1 1 1 1 2 1 1 1 1 0 1 1 0 1 2 1 1
M[313] : 4 3 3 3 3 3 3 3 3 3 4 0 3 3 3 3 3 3 3 3 2 1 4 4 3 2
M[314] : 4 2 2 2 2 0 1 3 2 3 1 2 2 2 2 3 3 4 2 3 4 1 4 2 3 3
M[315] : 4 3 2 3 5 3 2 3 0 6 3 4 3 4 2 4 3 5 4 3 4 4 4 5 4 4
M[316] : 5 4 6 3 4 4 5 6 5 3 5 5 6 5 3 5 5 6 4 6 4 7 7 0 4 4
M[317] : 3 1 2 3 4 2 2 3 3 4 3 2 3 1 2 0 2 3 3 4 2 2 3 2 3 2
M[318] : 2 2 2 1 1 2 3 1 1 1 2 1 1 0 4 1 2 2 1 1 3 3 2 3 3 2
M[319] : 4 4 3 3 3 5 3 4 2 2 1 2 3 3 3 2 2 3 2 3 4 2 4 3 0 5
M[320] : 4 5 3 0 4 4 4 4 4 4 2 3 2 2 3 2 2 2 2 5 3 4 5 3 2 2
M[321] : 5 4 5 2 4 6 4 4 3 7 0 6 7 4 4 4 5 5 4 5 4 7 5 4 2 6
M[322] : 1 2 2 2 2 2 1 2 2 1 2 2 0 0 1 1 3 0 2 1 1 1 1 1 0 1
M[323] : 1 1 2 1 1 1 1 1 1 1 0 1 1 1 3 1 1 1 2 1 0 2 1 1 1 1
M[324] : 2 0 0 0 1 1 0 1 0 2 0 1 2 0 1 1 1 1 0 1 2 1 3 4 1 1
M[325] : 4 3 6 3 3 2 5 3 2 1 5 4 2 3 4 6 3 4 5 5 0 7 4 5 3 3
M[326] : 4 5 5 4 6 6 6 6 3 5 9 4 4 7 5 6 8 7 5 7 6 6 8 5 6 0
M[327] : 4 6 4 4 4 4 4 4 5 5 4 5 5 4 0 4 2 4 3 4 4 4 3 3 4 3
M[328] : 0 3 0 1 3 1 2 2 2 2 4 1 2 2 5 0 2 4 2 2 2 4 2 2 1 4
M[329] : 0 2 2 1 2 2 3 5 6 5 3 4 3 1 2 4 4 2 5 2 2 1 3 4 3 5
M[330] : 3 4 5 3 6 3 3 0 4 3 3 3 2 4 6 4 4 4 3 3 5 4 5 4 4 4
M[331] : 2 2 2 2 3 2 2 2 2 2 2 2 3 1 1 4 0 3 2 2 2 2 3 3 2 2
M[332] : 4 2 3 3 2 3 4 2 3 3 2 3 4 3 4 0 2 3 3 4 4 4 4 3 4 3
M[333] : 2 2 2 2 0 3 4 2 2 3 1 3 2 3 2 3 2 3 1 3 2 2 3 3 3 2
M[334] : 2 2 2 2 3 3 0 2 2 4 2 4 3 1 4 3 3 4 3 2 3 1 3 3 2 2
M[335] : 1 1 0 0 1 0 1 1 1 1 1 1 0 1 0 2 0 2 1 0 0 0 2 1 2 0
M[336] : 4 1 2 3 5 0 3 3 4 3 3 2 2 3 4 3 4 3 3 2 3 3 2 4 3 1
M[337] : 3 3 5 2 4 3 4 4 4 4 4 1 2 2 1 3 1 4 4 3 4 3 3 4 4 0
M[338] : 1 0 1 1 1 1 2 2 2 2 4 1 2 3 0 1 1 1 1 1 1 0 0 2 1 1
M[339] : 5 5 3 8 0 5 5 5 5 5 4 5 5 3 3 3 4 4 5 5 5 6 6 4 6 6
M[340] : 0 1 2 1 1 1 1 1 1 1 2 2 1 1 0 1 2 0 1 3 2 2 2 2 2 1
M[341] : 1 4 3 1 5 2 3 3 3 1 2 2 3 1 2 4 2 2 0 3 4 3 2 1 3 3
M[342] : 3 1 2 2 2 2 2 2 2 3 2 0 2 3 2 1 1 2 2 2 3 1 2 2 2 2
M[343] : 4 3 2 3 5 4 5 0 6 4 5 4 5 6 4 4 4 4 4 4 4 3 4 7 4 4
M[344] : 2 1 2 2 4 3 2 2 3 3 2 2 3 2 4 3 3 3 3 4 3 0 3 3 4 3
M[345] : 2 2 4 4 0 3 3 3 2 2 3 4 3 2 3 3 5 4 4 4 3 3 4 4 3 3
M[346] : 2 2 4 2 4 2 3 2 3 4 3 4 2 2 3 2 2 3 2 0 2 3 3 3 3 3
M[347] : 6 5 6 5 6 4 6 6 6 4 4 7 5 0 3 5 4 5 6 5 6 5 5 5 6 6
M[348] : 3 0 5 5 5 3 3 4 5 3 3 3 3 3 6 4 3 2 4 3 4 4 4 3 6 3
M[349] : 0 0 1 2 2 2 2 2 1 0 0 1 0 2 1 2 3 1 2 2 2 2 2 2 3 2
M[350] : 3 3 5 2 6 4 6 4 5 6 6 0 6 3 3 4 4 5 7 5 4 6 4 6 6 6
M[351] : 2 0 2 2 2 3 4 3 3 3 3 2 2 2 3 2 3 4 4 3 3 1 3 3 3 3
M[352] : 2 2 2 4 1 2 4 4 2 1 3 4 1 2 4 3 6 1 1 3 2 2 1 0 1 2
M[353] : 4 4 4 4 4 5 3 4 4 4 4 4 4 5 4 4 5 4 4 3 0 4 4 4 2 5
M[354] : 4 2 2 2 2 2 4 1 3 3 3 4 5 3 3 3 2 3 4 1 4 1 5 3 0 3
M[355] : 4 4 6 3 4 4 3 4 0 3 2 3 2 3 3 4 3 3 4 3 3 4 4 4 4 4
M[356] : 1 1 2 1 3 5 3 0 2 4 2 2 2 1 2 3 3 3 1 3 3 3 3 4 4 4
M[357] : 3 5 4 0 5 4 2 4 5 4 4 3 4 5 6 6 3 4 4 4 5 5 4 5 5 3
M[358] : 4 4 4 4 4 3 4 3 2 4 3 3 4 5 0 4 4 4 3 6 3 4 4 6 4 4
M[359] : 6 4 3 2 2 2 3 2 4 2 3 4 4 2 5 0 5 3 4 3 6 1 3 4 4 3
M[360] : 4 5 4 3 5 4 4 5 0 5 4 5 5 4 3 5 2 5 4 7 3 4 4 4 5 3
M[361] : 2 3 2 2 3 2 4 4 3 5 3 5 3 1 0 3 3 2 3 3 2 3 3 5 4 3
M[362] : 2 0 2 2 4 2 2 2 1 4 4 3 3 1 2 3 3 3 3 4 2 4 1 3 0 3
M[363] : 3 4 3 2 4 5 4 0 4 3 2 2 3 1 3 2 3 1 3 3 3 4 3 2 4 4
M[364] : 3 5 3 3 0 2 2 3 3 3 2 3 4 3 3 2 3 4 4 6 3 2 3 3 4 3
M[365] : 4 4 3 2 6 4 5 6 6 4 4 7 7 3 4 5 0 5 3 5 6 6 4 4 7 5
M[366] : 2 2 3 0 2 2 1 0 2 0 0 0 1 1 1 1 1 2 0 0 3 2 0 1 1 2
M[367] : 3 2 4 3 5 2 3 3 3 5 4 3 3 3 4 4 4 0 4 5 5 3 3 3 4 3
M[368] : 3 1 0 3 1 2 4 3 1 1 2 2 0 1 0 3 1 1 2 1 2 3 0 2 2 1
M[369] : 3 4 2 3 5 4 5 4 2 4 4 0 4 5 3 1 5 4 2 5 3 5 4 4 2 3
M[370] : 2 0 0 0 0 0 2 1 0 2 0 0 1 1 1 0 1 1 1 1 0 0 0 2 1 0
M[371] : 4 4 4 3 3 3 4 7 4 4 5 4 3 4 3 0 4 3 4 5 4 3 4 4 4 4
M[372] : 3 2 4 3 4 0 2 1 2 3 1 2 3 3 1 2 2 3 1 3 1 2 3 2 3 3
M[373] : 3 3 2 2 5 2 3 4 3 4 2 3 2 2 4 0 4 2 2 2 3 3 3 3 2 3
M[374] : 3 4 3 2 2 3 4 4 5 0 3 5 4 3 3 4 3 3 2 5 5 4 2 5 5 4
M[375] : 1 1 1 1 0 0 5 0 1 1 1 1 2 1 1 1 1 2 0 1 1 1 1 0 1 0
M[376] : 1 2 3 3 4 3 1 4 1 2 2 3 2 0 3 3 3 4 3 2 3 1 3 3 2 3
M[377] : 6 3 4 2 4 2 0 3 5 4 7 6 6 5 7 4 3 4 5 4 4 3 4 4 2 3
M[378] : 3 4 5 3 4 2 4 0 4 4 3 4 3 3 4 4 3 4 4 3 4 2 2 3 4 3
M[379] : 4 5 2 5 4 2 4 2 4 5 4 4 3 4 3 2 4 4 4 0 2 5 5 4 3 2
M[380] : 2 2 4 2 3 3 2 1 3 1 3 2 2 3 2 1 1 3 2 4 2 1 2 2 4 0
M[381] : 3 2 4 4 3 2 3 4 4 3 5 2 2 3 2 3 3 2 0 3 3 4 2 2 4 3
M[382] : 2 3 0 1 1 2 2 3 3 2 1 2 3 2 2 2 3 1 2 3 3 2 1 2 3 3
M[383] : 1 2 2 2 2 2 2 3 2 3 3 2 1 0 2 3 1 2 1 3 1 3 2 3 3 1
M[384] : 4 3 4 5 3 5 3 4 4 5 4 4 3 2 3 0 5 4 3 3 2 2 4 5 4 5
M[385] : 1 2 4 2 2 4 1 3 3 1 4 3 3 1 2 4 3 2 2 3 4 3 3 3 4 0
M[386] : 3 3 3 2 2 3 3 3 3 3 5 4 3 4 2 4 2 3 0 5 4 4 2 4 2 3
M[387] : 9 8 7 7 0 6 6 6 6 5 6 7 8 5 7 5 7 4 6 7 7 7 7 6 6 7
M[388] : 4 4 2 3 4 4 5 4 0 2 4 3 3 2 3 3 3 2 2 4 2 2 3 3 3 1
M[389] : 2 3 4 1 3 2 3 2 3 1 0 1 2 2 3 1 2 1 0 1 0 3 3 3 2 3
M[390] : 5 5 4 4 5 3 4 4 4 6 5 3 7 3 3 5 4 5 0 5 4 4 4 3 4 5
M[391] : 0 3 4 5 4 2 4 4 2 4 3 4 4 3 4 5 2 3 4 4 5 5 4 3 4 2
M[392] : 0 2 2 2 3 3 2 1 2 4 3 2 3 3 2 2 2 3 2 1 3 2 3 2 2 2
M[393] : 4 5 6 0 6 5 4 5 4 5 4 5 4 5 3 4 6 2 4 5 5 4 4 6 5 3
M[394] : 3 5 4 3 3 1 4 5 5 5 3 0 4 4 4 3 5 4 4 4 3 5 7 3 3 4
M[395] : 5 4 4 2 3 3 2 4 4 5 2 3 5 3 4 3 6 3 3 3 4 0 3 5 4 3
M[396] : 1 1 1 2 1 1 0 2 1 3 3 1 1 1 3 1 2 3 2 2 1 0 0 2 2 1
M[397] : 4 7 4 5 6 5 6 5 4 6 6 6 6 4 6 5 6 8 4 9 6 8 0 5 6 4
M[398] : 5 4 0 5 4 5 4 4 5 5 4 6 4 4 4 3 5 4 7 5 4 6 4 7 3 6
M[399] : 1 1 2 3 2 2 2 2 2 2 1 1 1 1 3 1 2 2 1 0 2 4 1 2 2 2
M[400] : 4 4 3 3 5 4 5 2 2 1 3 4 3 2 4 1 4 3 2 3 3 4 0 2 4 2
M[401] : 7 4 5 5 6 4 5 6 5 5 7 6 5 5 5 4 7 5 5 5 0 4 7 6 5 7
M[402] : 3 6 4 4 6 4 6 5 4 4 3 5 0 3 6 3 5 4 5 5 5 4 5 6 4 4
M[403] : 5 4 5 4 4 5 4 4 5 0 4 5 5 3 3 4 4 5 4 4 4 4 5 3 4 5
M[404] : 0 4 5 3 2 4 3 4 4 4 4 4 4 2 5 3 5 3 4 5 4 3 4 4 4 3
M[405] : 2 0 3 2 3 2 2 2 2 2 1 2 2 2 2 2 1 2 2 3 2 2 2 2 2 2
M[406] : 0 0 0 2 0 0 0 0 1 1 1 0 0 0 0 0 1 1 0 0 0 0 1 0 0 1
M[407] : 3 3 4 2 3 2 3 3 3 3 2 3 4 3 3 3 3 2 0 1 3 2 2 3 2 1
M[408] : 3 3 3 0 3 1 2 2 2 2 2 1 2 2 3 3 1 2 3 2 3 2 2 2 3 2
M[409] : 4 5 4 6 7 3 5 6 7 3 3 5 4 5 6 5 3 2 4 5 5 6 0 6 4 4
M[410] : 4 5 6 4 7 6 4 3 5 5 7 6 5 5 5 6 5 0 6 6 4 3 6 6 5 7
M[411] : 2 1 2 1 2 2 1 1 0 1 2 3 2 2 1 2 3 1 1 2 2 2 2 1 1 1
M[412] : 0 1 0 1 2 3 1 2 3 2 1 2 2 1 1 0 2 3 0 4 3 2 3 3 0 1
M[413] : 3 2 2 1 2 1 2 2 2 2 2 0 3 1 3 2 1 1 4 2 2 2 2 3 3 2
M[414] : 1 2 2 0 1 1 2 0 1 0 0 1 2 0 1 3 1 0 1 2 2 0 2 1 0 0
M[415] : 3 1 3 3 4 2 5 5 4 3 4 4 5 5 0 2 2 3 3 3 5 3 4 5 3 2
M[416] : 4 4 3 2 3 2 3 4 3 3 3 4 2 2 6 3 2 3 0 4 5 3 2 3 4 4
M[417] : 2 2 3 4 0 3 2 2 2 4 5 3 3 5 2 3 4 6 2 5 3 4 4 4 2 3
M[418] : 3 1 4 2 0 3 3 4 1 2 2 3 3 2 5 3 2 1 1 2 2 3 2 3 4 3
M[419] : 6 2 5 5 6 4 4 7 5 6 7 5 3 6 4 5 5 6 5 4 3 2 7 4 0 5
M[420] : 4 5 4 5 4 3 4 1 3 3 4 4 3 4 5 5 6 4 4 5 4 0 5 4 4 5
M[421] : 5 4 2 2 0 2 3 4 2 3 1 3 2 3 6 2 1 4 3 2 2 3 3 3 3 3
M[422] : 3 3 1 1 3 2 1 2 3 2 2 3 2 1 3 3 0 2 2 3 2 1 1 3 1 1
M[423] : 4 5 6 3 4 3 5 7 6 5 5 4 4 6 6 5 3 0 6 5 6 5 6 5 6 7
M[424] : 7 7 7 8 7 8 9 7 6 5 0 6 7 7 4 6 10 7 8 7 7 7 7 7 8 10
M[425] : 1 1 2 1 1 1 2 1 1 1 1 1 1 1 2 1 1 1 2 2 0 1 2 1 1 1
M[426] : 2 5 5 3 5 4 5 4 4 3 3 3 4 4 5 2 4 3 2 4 5 0 4 4 6 3
M[427] : 3 4 0 2 3 5 4 4 4 4 2 4 2 2 3 4 4 5 4 3 5 4 3 3 3 4
M[428] : 1 0 0 1 1 1 1 1 1 1 0 2 0 0 1 1 1 1 1 2 1 1 1 0 2 0
M[429] : 5 2 3 3 5 3 3 4 5 4 4 5 2 3 2 4 3 3 2 3 2 4 3 0 4 4
M[430] : 2 2 3 3 2 3 1 1 1 2 3 2 3 1 2 3 3 3 1 2 2 1 1 4 0 2
M[431] : 2 3 5 3 4 5 3 4 3 7 4 4 7 3 3 4 5 5 3 6 6 3 3 0 5 5
M[432] : 5 4 4 5 5 5 5 3 5 7 5 5 5 3 0 6 6 5 4 6 6 3 2 3 5 5
M[433] : 3 2 2 3 4 3 4 4 4 6 0 5 5 4 3 4 3 4 4 4 3 4 5 3 4 3
M[434] : 3 4 3 3 3 3 0 3 5 2 2 3 3 5 5 3 4 4 2 2 5 4 4 3 4 3
M[435] : 4 3 3 4 4 3 4 4 4 3 5 4 2 3 5 4 4 3 3 4 3 0 3 5 3 3
M[436] : 3 3 5 3 4 4 5 4 2 2 5 5 5 3 4 5 5 5 2 3 5 4 0 6 4 5
M[437] : 2 2 4 3 3 0 2 3 3 2 3 2 2 2 2 2 2 2 2 2 2 2 2 2 4 3
M[438] : 3 3 2 3 2 1 5 4 4 4 1 3 2 3 2 2 4 3 1 0 3 2 2 3 3 2
M[439] : 5 3 2 5 0 5 5 6 4 6 5 5 5 2 6 4 6 5 5 5 5 5 6 4 9 4
M[440] : 1 1 2 1 2 1 1 2 1 1 2 2 1 3 1 1 0 1 1 2 2 1 2 2 3 1
M[441] : 3 3 4 3 2 3 3 3 3 2 4 3 3 2 2 2 2 3 3 0 4 2 3 2 3 2
M[442] : 2 4 2 2 4 3 3 7 4 2 6 5 0 3 3 4 3 5 3 3 4 3 4 6 5 4
M[443] : 4 2 2 3 2 3 4 3 3 3 2 4 4 4 3 3 3 4 2 3 0 3 3 2 4 2
M[444] : 0 2 2 1 3 2 2 3 2 2 2 2 0 5 3 2 3 1 2 1 2 1 0 1 1 2
M[445] : 4 5 5 5 6 4 5 5 6 0 5 4 6 4 4 5 4 4 5 5 4 3 4 4 4 4
M[446] : 4 4 4 2 4 3 4 4 3 2 1 3 3 2 3 3 2 2 3 4 0 5 3 2 5 3
M[447] : 1 2 2 3 1 1 2 1 2 3 1 1 0 2 3 2 2 2 4 2 2 2 2 3 1 3
M[448] : 1 3 3 3 4 2 2 3 3 2 3 3 3 3 2 3 0 4 3 2 2 1 4 3 2 2
M[449] : 3 1 2 1 3 2 1 2 2 3 2 2 2 2 3 3 3 0 2 2 2 2 2 0 2 2

